1:ItNr	2:Metric	3a:Time	3b:StepSize	4:||Gradient||	Time[ms]
0	1002.987901	0.000000	0.000597	239.420127	243.9
1	1065.817989	0.000000	0.000597	121.634094	1.5
2	1092.063195	0.000000	0.000597	170.582996	1.4
3	1050.986501	0.000000	0.000597	179.287363	1.4
4	923.450233	0.084038	0.000595	113.808026	1.4
5	986.715092	0.068656	0.000595	157.582635	1.6
6	1006.123697	0.053278	0.000595	135.178450	1.5
7	960.149018	0.038029	0.000596	161.352331	1.5
8	1029.383519	0.024707	0.000596	113.042530	1.5
9	1014.338516	0.009324	0.000597	119.431453	1.6
10	915.051194	0.000000	0.000597	116.213994	1.5
11	955.940384	0.000000	0.000597	176.221417	1.6
12	980.308358	0.000000	0.000597	199.621227	1.7
13	955.198941	0.999000	0.000570	201.419713	1.7
14	982.977030	1.999000	0.000545	129.936764	1.7
15	905.514088	1.995112	0.000545	127.367625	1.7
16	989.666904	1.979730	0.000545	136.543339	1.7
17	920.208942	1.964368	0.000546	150.635084	1.9
18	891.688449	1.948986	0.000546	165.193171	1.9
19	924.224709	1.933685	0.000547	122.262278	1.9
20	928.609654	1.918308	0.000547	122.956277	1.9
21	952.953361	1.902926	0.000547	135.272287	2.0
22	933.434076	1.887543	0.000548	166.711931	2.1
23	903.714385	1.872161	0.000548	185.271721	2.4
24	927.376215	2.869285	0.000525	152.180210	2.5
25	833.612809	2.929425	0.000524	151.312360	2.5
26	843.953479	3.023512	0.000522	121.457064	2.5
27	876.352014	3.016687	0.000522	104.270534	2.8
28	880.469010	3.001307	0.000522	163.389625	2.8
29	823.317946	2.985925	0.000523	119.681488	2.7
30	855.385685	2.976662	0.000523	99.922138	2.7
31	839.939547	2.961280	0.000523	96.936256	2.8
32	852.598645	2.945898	0.000523	134.702509	2.9
33	839.871747	2.930517	0.000524	154.840406	2.8
34	846.811129	3.011734	0.000522	112.276058	2.8
35	807.959472	2.996352	0.000522	120.683559	2.9
36	828.790462	2.981011	0.000523	129.538112	2.9
37	818.667674	2.965628	0.000523	154.860493	2.9
38	813.555643	3.036109	0.000522	121.316195	2.8
39	816.705258	3.021266	0.000522	107.550084	2.8
40	870.014844	3.005885	0.000522	116.156436	2.8
41	805.562706	2.990503	0.000523	122.409629	3.5
42	752.451167	2.975161	0.000523	98.250306	4.6
43	816.324931	2.959788	0.000523	114.870525	5.0
44	785.316052	2.944415	0.000524	127.211356	5.1
45	808.193733	2.929227	0.000524	96.258486	4.7
46	778.606912	2.913846	0.000524	92.957089	4.3
47	844.659286	2.898465	0.000525	160.164658	4.3
48	783.693643	2.883083	0.000525	148.047864	2.8
49	749.941613	3.607879	0.000509	163.096512	2.8
50	786.486493	3.592496	0.000510	184.125348	2.9
51	730.154651	4.592483	0.000490	87.763994	2.8
52	779.954099	4.577724	0.000490	103.730938	2.8
53	756.191261	4.562361	0.000490	100.136706	2.9
54	766.603673	4.546989	0.000491	134.317565	3.0
55	717.880856	4.531609	0.000491	104.737638	4.6
56	724.665781	4.516398	0.000491	92.023752	4.7
57	709.317953	4.501049	0.000492	101.510103	5.1
58	701.410035	4.485668	0.000492	98.063891	4.8
59	743.619825	4.470320	0.000492	86.613818	4.1
60	731.926502	4.454954	0.000492	110.136438	4.0
61	701.303272	4.439603	0.000493	86.240414	4.0
62	689.316349	4.424263	0.000493	108.577663	3.9
63	708.881807	4.408916	0.000493	100.049674	3.8
64	733.374147	4.393534	0.000494	154.130202	3.4
65	715.429851	4.380208	0.000494	120.466032	3.4
66	687.697081	5.142140	0.000480	115.375837	3.4
67	644.028733	5.126759	0.000480	113.147038	3.1
68	717.089477	5.111376	0.000480	142.647342	3.2
69	698.398971	5.322893	0.000476	116.304928	3.1
70	670.140954	5.334956	0.000476	86.613639	3.0
71	708.614356	5.319653	0.000476	107.833178	3.0
72	709.705187	5.304303	0.000477	103.053571	3.1
73	685.838292	5.290472	0.000477	122.173993	3.1
74	682.414989	5.276429	0.000477	135.267013	3.1
75	655.976832	5.744294	0.000469	137.128692	3.1
76	685.650241	6.671509	0.000453	107.222736	3.2
77	664.732404	6.656127	0.000453	92.749821	3.2
78	668.622552	6.640754	0.000454	120.360986	3.2
79	660.445757	6.645999	0.000453	114.439443	3.2
80	648.663836	6.634991	0.000454	90.501170	3.2
81	651.473161	6.624476	0.000454	93.614704	3.3
82	670.727110	6.609099	0.000454	109.778948	4.1
83	660.731430	6.593719	0.000454	113.998200	4.8
84	673.758911	6.603765	0.000454	116.844598	4.7
85	616.287923	6.593224	0.000454	114.320580	3.7
86	631.490855	6.578138	0.000455	166.678456	3.8
87	646.846982	6.562767	0.000455	104.421147	3.6
88	685.065025	7.145886	0.000445	107.574635	3.6
89	676.507760	7.133147	0.000446	88.891959	3.6
90	678.887481	7.118248	0.000446	165.373541	3.3
91	671.609301	7.102866	0.000446	96.234650	3.4
92	624.090642	7.226535	0.000444	102.163493	4.4
93	620.135390	7.211164	0.000444	112.338875	3.4
94	611.266915	7.202962	0.000444	81.505364	4.1
95	623.144573	7.188490	0.000445	83.987080	3.4
96	642.447616	7.173117	0.000445	78.677842	4.7
97	651.819334	7.157752	0.000445	89.232139	3.5
98	631.566613	7.142435	0.000445	101.593125	4.1
99	638.804604	7.127882	0.000446	151.650085	4.2
100	582.532003	7.114152	0.000446	151.986331	3.8
101	626.253215	8.114081	0.000431	88.737450	3.6
102	612.166059	8.101179	0.000431	83.060092	3.5
103	630.232923	8.086179	0.000431	128.766972	3.1
104	613.218345	8.071702	0.000431	160.445612	3.1
105	604.122818	9.070483	0.000417	78.322530	3.3
106	613.924243	9.075732	0.000417	95.294284	2.9
107	605.927431	9.061108	0.000417	90.419045	3.1
108	569.078069	9.048988	0.000417	78.266327	4.9
109	595.376729	9.033638	0.000417	91.128330	5.2
110	590.339904	9.020778	0.000418	137.518953	4.9
111	593.052905	9.005580	0.000418	135.733884	3.9
112	615.722959	9.986148	0.000405	122.790350	3.9
113	575.167517	10.906810	0.000393	84.184793	4.2
114	596.341933	10.920025	0.000393	109.547169	5.1
115	578.255306	10.904646	0.000393	84.486580	5.6
116	579.085253	10.908584	0.000393	97.971664	3.8
117	588.813913	10.894417	0.000393	86.282008	3.8
118	607.391709	10.884789	0.000393	83.411696	3.5
119	611.955408	10.869419	0.000393	79.337397	3.6
120	591.208597	10.854718	0.000394	90.297889	3.6
121	574.993119	10.839349	0.000394	69.346656	5.6
122	569.285820	10.824006	0.000394	85.298961	5.1
123	578.933634	10.808745	0.000394	100.231790	5.2
124	599.142602	10.795981	0.000394	71.760463	5.7
125	569.268233	10.781232	0.000394	76.477950	5.1
126	627.780765	10.765971	0.000395	89.457888	4.9
127	580.730577	10.750727	0.000395	81.739964	5.0
128	575.984702	10.735674	0.000395	71.567289	5.1
129	557.517725	10.720421	0.000395	95.140673	4.9
130	570.262798	10.706175	0.000395	76.847453	4.6
131	556.051003	10.691222	0.000396	89.252275	4.1
132	563.623998	10.675876	0.000396	73.308260	4.1
133	553.717749	10.660607	0.000396	74.051367	4.0
134	531.341684	10.645882	0.000396	107.136766	3.9
135	567.641929	10.630561	0.000396	86.214533	3.7
136	554.308752	10.615288	0.000396	87.942675	3.5
137	583.183397	10.600477	0.000397	85.456178	3.5
138	535.104178	10.585248	0.000397	164.404297	3.5
139	584.619188	11.209409	0.000389	70.567193	3.4
140	529.097473	11.226252	0.000389	92.651628	3.2
141	584.846760	11.213046	0.000389	82.619742	3.3
142	554.464353	11.197675	0.000389	116.496430	3.5
143	546.718821	11.211855	0.000389	95.187304	4.6
144	542.248340	11.259235	0.000389	98.242320	4.8
145	526.344341	11.248473	0.000389	70.294944	3.7
146	574.127117	11.239676	0.000389	76.591441	2.6
147	540.314562	11.224385	0.000389	121.531505	2.5
148	552.930538	11.220769	0.000389	102.806800	4.1
149	514.263785	11.233166	0.000389	70.694843	2.6
150	546.362509	11.222184	0.000389	62.951767	2.9
151	545.177889	11.207685	0.000389	90.664886	2.9
152	522.991304	11.192655	0.000389	83.137687	4.4
153	539.989859	11.242805	0.000389	69.903247	3.4
154	520.065456	11.227479	0.000389	58.765441	5.0
155	518.508477	11.212428	0.000389	78.633001	4.6
156	553.133470	11.197328	0.000389	92.398759	2.4
157	518.627249	11.184843	0.000389	77.713485	2.4
158	548.504392	11.169592	0.000390	86.733166	2.7
159	526.930113	11.154794	0.000390	125.286287	3.2
160	523.620153	11.341379	0.000388	61.474813	3.2
161	536.494329	11.328213	0.000388	150.313200	3.3
162	543.713535	11.312960	0.000388	141.985051	2.7
163	509.993039	12.312723	0.000376	89.915913	4.1
164	507.285936	12.945667	0.000369	64.206816	2.4
165	493.637965	12.930332	0.000369	77.852261	2.7
166	525.463885	12.916069	0.000370	66.749941	4.8
167	524.435756	12.901036	0.000370	80.623437	4.7
168	526.426502	12.889536	0.000370	97.819001	4.4
169	508.003820	12.920951	0.000370	88.518191	3.9
170	508.147363	12.906063	0.000370	63.736051	3.4
171	540.627714	12.895638	0.000370	78.413055	4.6
172	507.142498	12.880518	0.000370	78.048270	4.5
173	501.255712	12.866850	0.000370	91.739087	2.9
174	529.242904	12.890304	0.000370	81.700203	2.9
175	484.477499	12.875057	0.000370	84.026697	3.5
176	518.585703	12.886841	0.000370	57.340070	3.5
177	516.173329	12.871642	0.000370	70.315719	3.4
178	480.145165	12.856521	0.000370	82.577863	3.2
179	485.458357	12.842668	0.000370	51.493125	3.2
180	506.071405	12.827572	0.000371	64.043648	3.2
181	486.081397	12.813295	0.000371	85.684353	3.1
182	458.551469	12.802598	0.000371	50.280351	3.1
183	494.473691	12.788919	0.000371	99.890048	3.1
184	503.338268	12.774023	0.000371	67.062139	3.0
185	492.077421	12.784414	0.000371	67.387470	3.0
186	501.348698	12.769174	0.000371	106.164967	2.9
187	503.613156	12.792029	0.000371	87.442485	2.9
188	492.228332	13.192824	0.000367	66.843613	3.0
189	517.076440	13.183307	0.000367	98.255939	3.0
190	529.223017	13.171852	0.000367	89.753866	3.0
191	461.450223	13.268141	0.000366	73.450530	3.0
192	509.065186	13.253706	0.000366	125.294321	3.0
193	493.314924	13.402284	0.000364	72.306498	3.0
194	485.327721	13.422415	0.000364	86.441337	2.9
195	480.505493	13.409588	0.000364	49.239812	2.9
196	506.605578	13.394685	0.000364	89.145140	2.9
197	495.299580	13.380944	0.000365	68.928369	2.9
198	496.246628	13.391927	0.000364	75.829419	3.2
199	508.079488	13.381082	0.000365	66.888419	3.1
200	479.958564	13.365866	0.000365	72.511621	5.1
201	473.984121	13.361763	0.000365	73.843224	5.6
202	481.299436	13.346528	0.000365	73.614325	5.1
203	448.210317	13.358636	0.000365	60.159422	4.7
204	483.474742	13.345319	0.000365	96.987160	3.9
205	478.974983	13.332548	0.000365	91.397761	4.5
206	464.913523	13.967473	0.000358	49.720651	4.5
207	492.345810	13.952525	0.000359	74.814377	3.5
208	462.360832	13.939469	0.000359	78.653080	3.4
209	488.440287	13.924484	0.000359	65.613315	3.5
210	466.178809	13.934766	0.000359	77.862808	3.7
211	457.208039	13.919652	0.000359	67.333463	3.2
212	439.344241	13.910738	0.000359	79.534605	3.2
213	463.474151	13.910847	0.000359	49.022491	4.5
214	443.248004	13.899988	0.000359	68.878068	3.1
215	485.632998	13.886282	0.000359	56.715126	3.1
216	455.140087	13.875529	0.000359	54.475530	4.4
217	487.587188	13.861835	0.000360	61.021791	3.2
218	491.904610	13.849915	0.000360	54.021883	3.5
219	471.013138	13.835188	0.000360	55.938630	3.7
220	475.086327	13.823018	0.000360	53.926062	5.5
221	446.947853	13.809548	0.000360	82.002430	4.6
222	496.547422	13.795710	0.000360	64.429355	4.7
223	485.095225	13.782563	0.000360	82.673471	4.1
224	459.765283	13.769851	0.000361	53.285446	4.0
225	475.499517	13.755351	0.000361	58.334681	3.4
226	438.716998	13.746945	0.000361	62.442116	3.3
227	475.934016	13.732812	0.000361	75.169198	3.3
228	479.396154	13.742344	0.000361	64.591595	3.1
229	490.854723	13.735270	0.000361	68.410424	3.1
230	455.537542	13.720014	0.000361	74.934159	3.0
231	438.388948	13.728628	0.000361	115.021910	3.0
232	472.442358	13.713248	0.000361	129.432788	3.0
233	445.503202	14.712788	0.000351	122.394245	2.9
234	461.322362	15.711909	0.000341	65.524583	2.9
235	456.396148	16.251931	0.000337	47.939543	2.8
236	468.297993	16.239402	0.000337	88.964488	2.8
237	476.289063	16.225048	0.000337	46.247917	2.8
238	439.099716	16.212172	0.000337	61.722794	3.0
239	457.319220	16.198500	0.000337	67.133019	3.0
240	431.757779	16.187936	0.000337	54.890793	3.0
241	471.822193	16.184239	0.000337	47.526811	2.9
242	442.946102	16.171297	0.000337	100.147941	3.2
243	446.900739	16.158908	0.000337	50.373041	3.1
244	458.075705	16.171440	0.000337	42.974216	3.1
245	466.347328	16.157915	0.000337	62.414995	3.3
246	456.994325	16.145947	0.000337	42.844392	3.4
247	484.992815	16.132354	0.000338	99.789834	3.3
248	482.544079	16.118469	0.000338	69.597465	3.4
249	443.948235	16.173041	0.000337	45.907718	3.5
250	465.090001	16.160542	0.000337	52.028165	3.4
251	424.544357	16.148059	0.000337	81.164502	2.9
252	456.940288	16.133034	0.000338	40.757424	2.9
253	488.267489	16.120942	0.000338	60.460922	2.9
254	423.288382	16.106932	0.000338	60.819540	3.1
255	426.871770	16.099694	0.000338	88.058971	3.1
256	454.471215	16.085880	0.000338	65.607536	3.4
257	461.747414	16.296928	0.000336	168.503686	3.4
258	433.726803	16.281545	0.000336	95.303494	3.2
259	480.636952	17.281448	0.000327	105.269423	3.2
260	435.274497	17.266079	0.000328	64.417284	2.5
261	484.030531	17.383150	0.000327	85.461985	2.4
262	441.676261	17.438739	0.000326	74.073846	2.4
263	464.326998	17.654549	0.000324	73.437578	2.4
264	463.791234	17.677811	0.000324	63.082870	3.2
265	445.525305	17.691221	0.000324	72.973796	2.4
266	439.534003	17.676747	0.000324	35.821697	2.7
267	443.380569	17.664201	0.000324	51.430775	5.0
268	431.397634	17.652390	0.000324	59.689439	4.5
269	425.927312	17.647803	0.000324	41.367722	4.5
270	441.132009	17.634450	0.000324	44.838669	3.4
271	458.159934	17.624101	0.000325	110.005706	4.0
272	423.905395	17.609247	0.000325	83.043070	3.8
273	411.873792	18.347469	0.000319	77.463529	2.8
274	426.372344	18.332369	0.000319	67.384594	2.9
275	450.584447	18.410052	0.000318	49.248204	2.9
276	429.148873	18.397266	0.000318	45.766083	4.8
277	409.634621	18.384264	0.000318	60.990815	5.0
278	434.350378	18.374782	0.000318	47.636328	5.0
279	452.741039	18.365896	0.000318	63.500138	5.3
280	440.985798	18.360789	0.000318	46.141082	4.0
281	427.412019	18.347133	0.000319	45.598340	4.2
282	429.193319	18.338744	0.000319	72.763388	4.1
283	419.038701	18.324109	0.000319	48.297978	4.2
284	423.257829	18.312408	0.000319	57.647008	4.2
285	410.764399	18.297818	0.000319	39.463321	3.5
286	446.816747	18.288573	0.000319	66.959113	3.3
287	480.044047	18.274812	0.000319	68.970117	3.3
288	429.326705	18.262118	0.000319	61.702330	3.2
289	428.929324	18.247200	0.000319	62.492105	3.1
290	440.194094	18.237481	0.000319	43.283112	3.2
291	426.292028	18.229688	0.000320	55.001640	3.5
292	437.453094	18.220057	0.000320	45.545483	3.4
293	449.087298	18.206326	0.000320	67.708467	3.4
294	421.761553	18.191700	0.000320	60.398200	3.5
295	428.242291	18.197999	0.000320	111.936160	4.6
296	408.408647	18.182731	0.000320	55.001016	4.7
297	447.780429	18.313778	0.000319	67.745429	4.9
298	436.433613	18.299293	0.000319	53.195358	4.1
299	418.907247	18.298230	0.000319	44.545046	4.2
300	432.578867	18.285047	0.000319	38.117523	4.1
301	425.394350	18.274398	0.000319	46.837858	3.6
302	424.108826	18.261537	0.000319	40.408891	3.6
303	438.368700	18.248172	0.000319	49.091381	3.4
304	419.720205	18.234961	0.000319	77.794667	3.5
305	410.440385	18.256431	0.000319	57.855037	3.4
306	417.228030	18.249471	0.000319	47.286194	3.2
307	414.336834	18.235453	0.000319	41.037684	3.2
308	450.126912	18.228238	0.000320	59.892473	3.2
309	454.586376	18.214395	0.000320	42.902740	3.3
310	412.857348	18.200548	0.000320	45.134156	3.4
311	406.733286	18.189269	0.000320	38.939664	6.2
312	441.885490	18.179420	0.000320	46.983513	3.4
313	406.727789	18.166492	0.000320	67.376484	3.7
314	411.809972	18.185767	0.000320	60.317063	2.6
315	414.117614	18.182715	0.000320	50.712774	2.5
316	426.148216	18.211266	0.000320	47.927256	2.4
317	432.749785	18.197384	0.000320	44.384734	2.4
318	430.609279	18.185773	0.000320	40.566421	2.8
319	426.240408	18.174674	0.000320	52.570154	3.2
320	408.612905	18.162987	0.000320	72.099334	3.2
321	412.033159	18.179612	0.000320	42.909056	5.4
322	439.108909	18.199185	0.000320	39.082825	2.4
323	422.700686	18.189165	0.000320	52.855258	2.5
324	415.363366	18.178606	0.000320	50.508525	2.4
325	448.860078	18.166403	0.000320	85.975389	2.6
326	424.293656	18.171948	0.000320	75.837382	2.5
327	424.608197	18.714066	0.000316	82.314317	2.4
328	449.580459	18.699606	0.000316	94.573069	2.5
329	433.975654	19.511845	0.000309	56.053002	2.7
330	394.656873	19.643313	0.000308	56.792218	4.7
331	417.142511	19.657697	0.000308	52.268646	4.6
332	411.305466	19.671222	0.000308	83.880040	4.6
333	424.155292	19.777295	0.000307	65.065806	4.8
334	408.333494	19.870073	0.000307	38.628364	4.9
335	393.346262	19.870125	0.000307	66.049992	3.5
336	416.976901	19.864347	0.000307	43.342256	5.0
337	387.307403	19.870799	0.000307	62.920948	4.8
338	400.980077	19.857683	0.000307	57.467903	3.3
339	406.269326	19.849739	0.000307	60.725102	4.0
340	392.534893	19.843215	0.000307	39.473883	5.0
341	418.383329	19.834399	0.000307	44.344247	4.9
342	423.363049	19.831285	0.000307	53.626503	4.1
343	409.843636	19.823645	0.000307	38.416667	4.8
344	414.075794	19.811635	0.000307	59.952806	4.7
345	412.940403	19.804469	0.000307	90.306185	3.7
346	404.457693	19.798085	0.000307	36.282748	3.7
347	404.732972	19.796404	0.000307	39.737890	3.6
348	395.258059	19.786827	0.000307	58.583088	3.4
349	431.904730	19.784906	0.000307	44.001948	3.5
350	430.078321	19.771856	0.000307	57.088562	3.5
351	383.501665	19.759167	0.000308	62.980706	3.4
352	422.615314	19.745299	0.000308	78.193734	3.4
353	410.634425	20.082024	0.000305	50.137144	3.1
354	402.519760	20.067263	0.000305	103.921483	3.1
355	411.669045	20.151828	0.000305	56.343901	3.1
356	388.770461	20.136973	0.000305	47.561935	3.3
357	409.423733	20.126793	0.000305	38.518851	3.1
358	391.348037	20.115334	0.000305	53.636399	3.2
359	387.138521	20.109671	0.000305	59.101599	3.1
360	430.151931	20.104359	0.000305	75.094501	3.2
361	394.417786	20.185852	0.000304	68.298248	3.1
362	402.299125	20.533827	0.000302	43.017933	3.1
363	418.419465	20.535510	0.000302	36.342960	3.0
364	412.733308	20.529712	0.000302	70.735844	3.0
365	425.093327	20.520614	0.000302	62.482162	3.0
366	377.659915	20.637527	0.000301	63.687877	3.3
367	411.402427	20.631895	0.000301	70.318992	3.3
368	404.071549	20.631199	0.000301	80.303021	3.2
369	423.694486	20.896001	0.000299	93.573872	3.1
370	416.287440	21.748875	0.000293	83.723444	3.1
371	400.059405	21.999913	0.000292	48.480885	3.0
372	416.859439	21.987878	0.000292	71.415075	2.9
373	397.451410	22.022683	0.000291	66.545742	2.9
374	399.414446	22.316274	0.000289	40.665739	2.8
375	427.585436	22.302936	0.000289	53.653908	2.9
376	421.173705	22.295755	0.000290	52.076421	3.0
377	391.674769	22.282689	0.000290	52.320521	2.8
378	404.909864	22.280490	0.000290	54.955788	2.8
379	372.272699	22.292811	0.000290	70.570270	2.9
380	376.096467	22.278560	0.000290	113.745510	3.7
381	392.757972	22.741535	0.000287	31.975213	4.2
382	388.194730	22.729000	0.000287	55.219735	3.3
383	415.433197	22.724667	0.000287	45.320417	2.6
384	391.782781	22.714347	0.000287	57.031977	2.6
385	408.444443	22.700466	0.000287	52.328777	2.5
386	393.041367	22.730547	0.000287	47.084794	4.6
387	395.145551	22.716968	0.000287	51.876327	5.0
388	383.775538	22.734994	0.000287	38.371135	3.1
389	391.077852	22.749859	0.000287	74.324906	3.1
390	400.439869	22.736410	0.000287	58.812279	2.4
391	419.119208	22.774537	0.000286	55.231907	2.5
392	381.895952	22.762869	0.000286	136.044061	2.5
393	417.781808	23.606128	0.000281	63.525319	2.4
394	415.158448	23.664165	0.000281	43.239677	2.3
395	403.242200	23.653639	0.000281	37.953270	2.8
396	378.434913	23.641727	0.000281	46.164776	2.6
397	402.649297	23.630977	0.000281	54.041436	2.5
398	387.820745	23.673903	0.000281	40.675852	2.7
399	399.586310	23.665084	0.000281	84.195163	2.7
400	388.572635	23.689905	0.000280	97.062613	2.7
401	373.541445	24.641699	0.000275	34.029832	2.7
402	378.741656	24.634692	0.000275	53.497149	2.7
403	405.430050	24.626259	0.000275	72.672300	2.8
404	402.548835	24.785292	0.000274	141.131229	4.8
405	412.004121	25.782330	0.000268	92.394015	4.8
406	408.298294	26.782085	0.000262	72.385646	4.6
407	405.463472	26.766726	0.000262	54.921518	4.5
408	387.174597	26.753689	0.000262	53.702180	3.6
409	402.265987	26.751915	0.000263	64.201293	3.5
410	406.411307	26.784414	0.000262	109.655450	3.5
411	393.864813	27.607913	0.000258	50.512926	3.3
412	407.651976	28.060411	0.000256	43.117469	3.3
413	406.217888	28.046960	0.000256	48.292654	4.3
414	412.808344	28.035371	0.000256	29.806598	4.9
415	407.083390	28.027110	0.000256	81.182990	4.6
416	429.080732	28.022570	0.000256	35.708532	4.2
417	357.439447	28.021891	0.000256	63.245099	4.1
418	409.732437	28.014295	0.000256	33.971474	3.4
419	375.645874	28.014703	0.000256	57.221110	3.4
420	390.576631	28.013294	0.000256	107.161748	3.5
421	376.911366	28.010961	0.000256	79.395236	3.2
422	374.704414	28.800381	0.000252	30.801884	3.3
423	414.322581	28.811768	0.000252	76.696356	3.1
424	382.087798	28.798781	0.000252	34.596459	3.1
425	398.471450	28.830472	0.000252	43.375447	3.1
426	401.934847	28.821501	0.000252	41.250312	3.1
427	382.693619	28.827704	0.000252	30.330039	3.3
428	405.365935	28.822253	0.000252	36.892783	6.4
429	403.356340	28.817844	0.000252	69.318137	5.0
430	389.597525	28.816710	0.000252	36.369982	4.7
431	383.126942	28.805596	0.000252	54.103986	4.4
432	388.522976	28.821975	0.000252	40.211415	4.9
433	385.255639	28.811897	0.000252	42.678188	4.4
434	373.850447	28.798897	0.000252	91.180120	3.7
435	377.453719	28.860396	0.000251	50.355227	3.9
436	411.766145	29.062078	0.000250	66.919352	3.5
437	384.866211	29.059226	0.000250	82.478149	3.6
438	385.019132	29.709964	0.000247	46.973839	3.5
439	378.604653	29.695197	0.000247	43.778392	5.0
440	396.207698	29.723698	0.000247	49.314314	3.4
441	400.819833	29.722873	0.000247	46.230500	3.2
442	389.297430	29.717734	0.000247	27.534547	3.2
443	379.300166	29.712533	0.000247	47.478422	3.2
444	375.614629	29.709770	0.000247	57.331508	3.2
445	413.150473	29.740340	0.000247	79.529912	3.4
446	395.022873	30.092894	0.000245	60.428862	4.9
447	380.072547	30.317530	0.000244	100.099020	3.4
448	390.258375	30.880189	0.000242	55.448464	3.4
449	412.828235	30.880573	0.000242	63.096104	3.5
450	390.755795	30.872647	0.000242	85.267624	3.3
451	378.706967	30.857504	0.000242	67.619820	3.3
452	383.445772	30.869583	0.000242	52.247863	3.3
453	368.381289	30.854676	0.000242	72.026698	3.6
454	387.438540	30.843836	0.000242	31.583232	3.6
455	374.377464	30.842963	0.000242	41.597833	3.6
456	370.803415	30.835570	0.000242	52.211950	2.9
457	380.544879	30.832397	0.000242	82.546218	2.9
458	367.325347	30.993376	0.000241	60.947106	2.9
459	407.887878	30.978361	0.000241	64.477982	2.8
460	410.482011	31.036189	0.000241	60.309990	2.9
461	390.557111	31.255485	0.000240	87.521824	2.8
462	365.031946	31.428963	0.000239	55.252706	2.8
463	374.301158	31.493959	0.000239	91.790269	2.8
464	374.712245	31.479325	0.000239	40.362548	2.8
465	415.741463	31.596230	0.000238	33.234342	2.8
466	377.084146	31.591613	0.000238	32.552522	2.9
467	400.601374	31.584029	0.000238	59.621092	2.9
468	369.618339	31.595200	0.000238	50.930496	2.9
469	405.848655	31.627516	0.000238	36.004274	2.9
470	425.071289	31.624308	0.000238	44.029299	2.9
471	363.577263	31.616821	0.000238	79.388478	2.9
472	357.994523	31.624091	0.000238	51.529285	2.9
473	375.841622	31.609398	0.000238	57.097343	3.0
474	390.724171	31.601354	0.000238	46.024081	3.0
475	412.135273	31.587576	0.000238	47.787818	3.0
476	394.791855	31.574394	0.000238	66.131523	3.2
477	378.789512	31.687610	0.000238	42.808689	3.2
478	384.040218	31.673817	0.000238	37.412858	3.4
479	402.523883	31.673726	0.000238	41.698768	3.6
480	411.408512	31.661857	0.000238	41.195618	3.6
481	391.011602	31.650323	0.000238	29.613809	3.6
482	363.221651	31.640032	0.000238	52.984188	2.9
483	389.371533	31.645021	0.000238	39.628913	2.9
484	391.747162	31.639310	0.000238	34.484872	2.9
485	352.126572	31.635626	0.000238	82.216758	2.9
486	387.281400	31.672215	0.000238	80.045634	3.0
487	411.710548	32.567720	0.000234	61.094426	2.9
488	390.294908	33.067433	0.000232	36.950324	3.7
489	390.560601	33.054540	0.000232	63.859577	5.0
490	401.329213	33.085356	0.000232	71.455727	4.8
491	362.569287	33.087499	0.000232	30.891042	4.6
492	377.794647	33.075966	0.000232	66.726659	4.6
493	395.475872	33.090316	0.000232	33.090746	4.5
494	365.084809	33.094966	0.000232	47.577951	4.6
495	391.224795	33.104736	0.000232	40.379478	4.6
496	405.001187	33.099429	0.000232	37.523447	4.7
497	346.339932	33.106062	0.000232	30.719487	4.2
498	383.189634	33.096667	0.000232	44.563817	4.4
499	410.159126	33.093771	0.000232	80.135076	4.6
500	397.776212	33.079250	0.000232	39.745533	4.6
501	403.160819	33.066605	0.000232	38.916646	4.2
502	385.151487	33.058560	0.000232	41.293304	5.0
503	410.249542	33.071384	0.000232	60.284546	4.3
504	378.159138	33.057894	0.000232	53.908888	4.5
505	390.225165	33.077608	0.000232	35.042216	4.6
506	368.866418	33.073959	0.000232	53.954441	4.0
507	394.280731	33.080335	0.000232	35.083894	4.1
508	405.824906	33.072051	0.000232	44.761271	3.9
509	394.206139	33.073889	0.000232	47.754147	3.8
510	387.619484	33.068929	0.000232	78.329178	3.9
511	392.331263	33.072187	0.000232	31.326966	3.6
512	414.456091	33.131912	0.000232	44.084239	3.8
513	380.542571	33.126642	0.000232	57.249295	3.4
514	399.172295	33.157952	0.000231	41.068318	3.2
515	367.985872	33.146200	0.000232	54.925833	3.1
516	372.307687	33.136398	0.000232	38.088186	3.4
517	386.835061	33.128845	0.000232	40.069765	3.6
518	383.287211	33.124227	0.000232	63.162616	3.4
519	381.215976	33.120480	0.000232	58.410893	3.5
520	381.167719	33.229829	0.000231	51.038776	3.7
521	400.640935	33.220983	0.000231	83.765955	3.7
522	390.339977	33.266260	0.000231	52.306229	3.5
523	366.244439	33.271760	0.000231	28.721263	3.4
524	380.039217	33.277513	0.000231	42.623611	3.5
525	391.278494	33.269204	0.000231	48.348552	4.8
526	385.858441	33.255707	0.000231	32.465436	4.8
527	391.005632	33.272898	0.000231	75.450987	3.9
528	383.874991	33.277142	0.000231	42.960146	3.7
529	374.490428	33.269952	0.000231	43.542406	3.7
530	385.479199	33.267175	0.000231	90.191496	3.4
531	393.630135	33.269006	0.000231	54.827622	3.4
532	371.780423	33.572176	0.000230	67.874135	3.3
533	374.679823	33.656494	0.000229	58.680656	3.5
534	381.343776	33.827820	0.000229	86.194851	3.4
535	389.419394	34.437900	0.000226	50.296732	3.5
536	377.135741	34.727795	0.000225	48.392124	2.9
537	380.721745	34.725501	0.000225	32.945312	2.9
538	368.464903	34.728901	0.000225	72.167928	2.9
539	387.645900	34.766923	0.000225	50.516499	2.9
540	392.940498	34.952096	0.000224	42.320061	2.9
541	367.501238	34.945457	0.000224	21.792652	2.9
542	378.761302	34.942434	0.000224	28.458734	2.8
543	382.993403	34.935204	0.000224	46.000197	7.2
544	370.472660	34.928762	0.000224	75.657086	4.9
545	379.690976	34.997344	0.000224	41.430512	4.6
546	383.018522	35.023797	0.000224	95.654684	4.6
547	393.499550	35.065244	0.000224	62.711170	4.6
548	374.738303	35.879577	0.000220	54.615778	4.4
549	369.934259	35.879050	0.000220	41.503628	4.3
550	398.860050	35.865276	0.000220	67.848026	4.2
551	397.398534	35.971721	0.000220	57.290886	4.2
552	370.636790	35.982703	0.000220	67.821322	3.0
553	373.607877	35.973097	0.000220	43.789347	2.9
554	383.254310	36.128489	0.000219	33.526043	2.9
555	370.418838	36.149266	0.000219	56.034885	3.0
556	374.536796	36.149475	0.000219	28.407986	4.8
557	393.430439	36.140438	0.000219	38.960937	3.5
558	383.988056	36.144237	0.000219	62.272985	3.6
559	398.319099	36.175384	0.000219	74.393132	3.3
560	358.251049	36.262860	0.000219	35.755553	2.8
561	388.781556	36.352267	0.000219	57.975099	3.3
562	362.296155	36.344227	0.000219	53.609448	2.9
563	388.599599	36.339471	0.000219	45.520840	2.8
564	376.466177	36.363652	0.000219	36.563816	2.8
565	391.856808	36.351243	0.000219	66.020021	3.0
566	393.574711	36.347077	0.000219	36.886162	2.8
567	385.960169	36.338155	0.000219	36.919315	2.9
568	368.818170	36.345003	0.000219	43.681855	2.8
569	390.546224	36.333317	0.000219	37.882145	2.9
570	368.348948	36.353427	0.000219	69.316166	3.5
571	373.243940	36.363601	0.000219	54.589047	3.1
572	403.222087	36.384151	0.000218	74.994364	3.6
573	369.958597	36.677847	0.000217	43.259837	3.3
574	366.748430	36.663140	0.000217	32.239778	3.3
575	369.996618	36.682536	0.000217	64.066249	3.4
576	370.111174	36.670251	0.000217	37.082173	3.0
577	371.812720	36.658211	0.000217	51.093980	3.1
578	376.963242	36.667142	0.000217	68.295667	3.1
579	377.599966	36.653736	0.000217	46.287214	3.2
580	388.722103	36.657641	0.000217	64.531380	3.1
581	415.354650	36.718411	0.000217	46.298431	3.1
582	358.278202	36.719517	0.000217	23.879200	3.2
583	369.560660	36.709973	0.000217	87.560591	3.2
584	374.695795	36.739633	0.000217	77.722282	3.1
585	405.795687	37.668767	0.000214	31.499940	3.1
586	393.447884	37.698993	0.000214	42.054921	3.1
587	362.063234	37.690238	0.000214	51.584815	3.2
588	393.308355	37.676609	0.000214	66.355049	3.2
589	381.891676	37.806680	0.000213	58.669578	3.3
590	385.087915	37.792744	0.000213	40.937451	3.3
591	362.896553	37.846083	0.000213	29.283116	3.3
592	379.447330	37.864192	0.000213	57.599806	3.2
593	382.994313	37.862874	0.000213	40.936147	3.1
594	381.563574	37.848723	0.000213	48.331367	3.1
595	371.165487	37.849319	0.000213	41.641301	3.1
596	381.941571	37.863182	0.000213	77.233029	3.2
597	378.852691	37.976256	0.000213	50.353601	3.2
598	357.113579	37.990485	0.000212	41.444108	3.1
599	379.189390	37.979318	0.000213	61.854022	3.2
600	371.787674	37.970549	0.000213	54.892027	3.0
601	369.224517	38.036331	0.000212	19.864070	3.0
602	370.848314	38.048633	0.000212	28.858769	3.2
603	381.626011	38.051320	0.000212	46.908268	5.0
604	393.866319	38.058653	0.000212	38.602743	5.0
605	360.695213	38.053061	0.000212	41.147576	4.9
606	372.692591	38.076200	0.000212	40.645519	4.9
607	361.862068	38.080916	0.000212	56.958765	4.7
608	371.929378	38.073076	0.000212	91.236239	3.9
609	371.791757	38.846383	0.000209	56.287486	4.1
610	384.208283	39.024917	0.000209	70.978867	5.2
611	379.876633	39.111541	0.000209	43.745044	5.0
612	370.627898	39.243189	0.000208	25.712775	4.8
613	374.621698	39.240967	0.000208	25.789344	3.5
614	386.883284	39.234747	0.000208	25.371359	3.3
615	382.011290	39.234006	0.000208	35.905849	2.8
616	384.046841	39.233582	0.000208	32.172679	2.8
617	359.522483	39.232440	0.000208	23.329718	2.6
618	378.960029	39.235912	0.000208	64.467224	2.8
619	375.865729	39.228924	0.000208	73.583953	3.7
620	365.393985	39.213753	0.000208	103.976407	3.0
621	381.578486	40.096398	0.000205	46.901811	2.9
622	353.527594	40.081105	0.000205	59.167566	3.2
623	377.142309	40.086799	0.000205	20.556263	2.9
624	353.387502	40.078436	0.000205	22.647895	2.8
625	396.681327	40.075535	0.000205	64.267998	2.7
626	381.650942	40.081959	0.000205	46.898154	2.7
627	391.040929	40.107153	0.000205	44.387587	2.7
628	377.030613	40.097014	0.000205	48.528363	2.8
629	403.990524	40.122685	0.000205	50.614990	2.8
630	343.582562	40.197464	0.000205	50.117076	2.8
631	388.795501	40.295165	0.000205	42.021912	2.9
632	377.710885	40.326909	0.000204	27.244128	2.8
633	380.077498	40.338459	0.000204	43.173716	2.8
634	380.068877	40.338876	0.000204	51.372888	2.9
635	373.359464	40.373638	0.000204	21.204920	2.8
636	379.978112	40.379694	0.000204	45.993651	3.0
637	365.060784	40.380282	0.000204	37.461091	2.9
638	359.209671	40.392730	0.000204	38.802715	3.0
639	377.723441	40.381599	0.000204	60.833164	2.9
640	361.329396	40.401163	0.000204	42.006797	2.9
641	374.079556	40.445494	0.000204	47.688791	2.9
642	382.184207	40.434436	0.000204	51.562943	2.9
643	383.539628	40.490110	0.000204	37.588012	2.9
644	391.614543	40.530381	0.000204	87.680460	2.9
645	366.071738	40.657913	0.000203	49.459257	2.9
646	367.877616	41.067499	0.000202	28.254820	2.8
647	370.676018	41.076264	0.000202	66.689734	2.8
648	377.988191	41.136072	0.000202	58.313513	2.8
649	363.139440	41.450482	0.000201	30.166540	2.8
650	386.637310	41.451369	0.000201	42.842031	2.8
651	366.568030	41.440393	0.000201	69.801481	2.8
652	380.115908	41.591794	0.000200	36.970062	2.9
653	364.019839	41.577339	0.000200	50.474696	2.9
654	359.156768	41.596382	0.000200	43.710619	3.0
655	365.934099	41.620707	0.000200	40.978401	3.0
656	382.857527	41.618729	0.000200	41.554321	3.0
657	370.910314	41.619244	0.000200	30.319274	3.0
658	387.666690	41.610218	0.000200	34.566022	3.0
659	357.714279	41.616927	0.000200	19.513381	3.1
660	394.118585	41.611811	0.000200	30.640545	3.0
661	399.875196	41.605796	0.000200	84.696076	3.4
662	373.318474	41.595127	0.000200	41.032843	3.0
663	357.619846	41.594611	0.000200	37.852324	3.0
664	367.397276	41.592510	0.000200	68.979041	2.9
665	371.571945	41.673099	0.000200	32.060325	3.2
666	346.667770	41.703852	0.000200	62.832577	3.1
667	375.721595	41.692976	0.000200	58.850248	3.1
668	368.856001	42.008029	0.000199	30.313451	3.1
669	375.005055	42.017679	0.000199	44.504245	4.3
670	387.319041	42.012485	0.000199	53.762938	3.7
671	361.675494	41.998233	0.000199	78.234765	5.0
672	382.337283	42.463550	0.000198	75.274776	5.0
673	378.742941	43.330901	0.000195	51.002346	5.0
674	378.895797	43.692862	0.000194	65.712903	5.0
675	391.021383	43.819632	0.000193	65.671164	5.0
676	387.394130	43.959277	0.000193	45.850543	5.3
677	393.053482	43.968593	0.000193	49.319068	5.3
678	378.838271	43.978892	0.000193	45.549099	5.6
679	392.766236	44.028822	0.000193	53.277369	5.4
680	360.627435	44.035004	0.000193	36.419646	5.3
681	384.744645	44.041445	0.000193	40.486439	4.5
682	353.628163	44.053973	0.000193	80.835319	5.0
683	348.974320	44.069583	0.000193	33.551937	5.3
684	372.470989	44.060866	0.000193	47.724369	4.9
685	360.868463	44.053902	0.000193	46.114507	4.2
686	366.410130	44.040701	0.000193	58.030056	4.1
687	377.400949	44.147241	0.000192	37.875784	4.0
688	358.215163	44.143365	0.000192	61.490600	3.3
689	386.727841	44.197500	0.000192	47.646151	3.3
690	360.848398	44.208405	0.000192	30.389594	5.2
691	361.915507	44.201181	0.000192	32.304096	3.9
692	375.278392	44.201090	0.000192	44.801370	3.6
693	371.770272	44.220636	0.000192	52.578663	3.8
694	376.804992	44.210159	0.000192	34.383412	3.7
695	383.056982	44.255794	0.000192	64.816937	3.9
696	361.979304	44.288057	0.000192	52.688748	3.4
697	386.225442	44.535623	0.000191	36.300561	3.5
698	382.441510	44.522957	0.000191	20.856674	3.4
699	387.674254	44.516916	0.000191	43.059141	3.3
700	363.647948	44.525814	0.000191	19.774746	3.4
701	370.276750	44.522832	0.000191	50.201786	3.6
702	378.335782	44.515568	0.000191	50.150751	3.5
703	364.702106	44.507251	0.000191	62.334180	3.4
704	369.885028	44.696226	0.000191	89.440752	3.3
705	364.296376	44.680906	0.000191	24.587188	3.3
706	380.109028	44.688228	0.000191	51.744621	3.2
707	377.222384	44.678084	0.000191	37.518622	3.6
708	363.760470	44.690563	0.000191	48.442855	3.6
709	373.685133	44.677836	0.000191	53.733577	3.6
710	386.508528	44.684847	0.000191	41.785317	3.4
711	370.116298	44.735907	0.000191	36.953658	3.4
712	354.630415	44.724809	0.000191	39.607666	3.5
713	354.084394	44.751536	0.000191	64.087099	3.2
714	381.529548	44.740045	0.000191	54.999305	5.0
715	394.465862	44.813517	0.000190	46.204650	4.7
716	368.930470	44.912695	0.000190	35.498087	4.8
717	382.494166	44.941615	0.000190	86.128990	5.0
718	369.427548	45.020776	0.000190	58.917863	4.9
719	360.451241	45.713537	0.000188	44.299278	4.2
720	390.056782	45.702267	0.000188	84.862476	3.9
721	368.596541	45.949692	0.000187	53.968818	4.0
722	360.589801	45.934509	0.000187	50.137765	5.2
723	387.609463	46.061504	0.000187	73.559153	4.7
724	360.439115	46.046651	0.000187	27.333081	3.8
725	367.358285	46.038212	0.000187	29.525006	5.0
726	372.858387	46.039924	0.000187	21.498952	4.9
727	383.489239	46.040499	0.000187	72.689687	4.9
728	379.865968	46.048606	0.000187	63.325229	4.1
729	384.954215	46.419604	0.000186	50.878097	3.8
730	369.714763	46.407176	0.000186	22.223349	3.9
731	380.090235	46.402197	0.000186	28.095902	4.6
732	366.005445	46.394875	0.000186	15.542634	3.9
733	373.277854	46.393796	0.000186	45.545012	4.4
734	381.113167	46.388155	0.000186	30.374831	4.5
735	360.436980	46.406849	0.000186	85.341372	4.0
736	346.472069	46.475488	0.000186	37.179666	3.6
737	402.889372	46.701674	0.000185	25.088218	3.5
738	360.147641	46.694030	0.000185	41.316971	3.4
739	360.981205	46.693501	0.000185	69.084026	3.3
740	355.529080	46.679999	0.000185	48.274042	3.2
741	390.103111	46.671535	0.000185	70.724691	3.2
742	371.758722	46.942014	0.000184	61.254729	3.1
743	380.777420	46.929716	0.000185	33.625299	3.1
744	369.470509	46.918142	0.000185	46.414868	5.1
745	378.003058	46.932319	0.000185	42.766121	3.5
746	368.790079	46.967533	0.000184	62.266714	3.3
747	363.338282	46.953522	0.000184	12.705842	3.7
748	372.789080	46.960300	0.000184	64.125973	3.8
749	379.621828	46.956900	0.000184	38.872204	3.7
750	361.952073	46.990151	0.000184	40.034786	3.7
751	392.880573	46.988686	0.000184	46.971634	5.1
752	366.715507	46.978583	0.000184	35.669277	5.1
753	369.383639	46.995351	0.000184	19.315742	5.1
754	358.544575	47.001071	0.000184	51.119842	4.1
755	360.628215	46.996921	0.000184	62.974565	4.0
756	364.475182	47.115499	0.000184	66.218189	4.1
757	365.113458	47.123640	0.000184	52.611843	5.1
758	386.463758	47.408298	0.000183	56.776869	4.9
759	383.027551	47.393842	0.000183	52.112201	5.2
760	376.718111	47.379576	0.000183	96.546882	4.5
761	391.274235	47.976643	0.000182	80.422637	5.1
762	376.253553	48.945267	0.000179	11.210480	5.3
763	367.030795	48.942857	0.000179	30.431804	5.3
764	356.607834	48.940025	0.000179	59.556919	5.6
765	380.932566	48.928859	0.000179	40.468830	4.9
766	363.506250	49.027872	0.000179	24.731319	4.0
767	354.062083	49.039868	0.000179	18.307129	4.3
768	369.332781	49.035409	0.000179	32.386325	4.8
769	376.226247	49.031661	0.000179	36.932924	5.4
770	378.317312	49.035164	0.000179	12.780518	4.6
771	382.953020	49.031233	0.000179	46.365722	3.4
772	384.206374	49.030244	0.000179	21.647140	2.9
773	372.278617	49.028818	0.000179	42.841366	4.9
774	374.295415	49.026858	0.000179	54.010627	4.6
775	381.819616	49.017585	0.000179	49.408147	4.8
776	387.683988	49.058534	0.000179	46.792693	5.0
777	363.514918	49.165173	0.000179	48.004301	4.4
778	365.042715	49.183668	0.000179	30.599017	4.1
779	393.676816	49.210737	0.000179	28.249942	3.4
780	380.152965	49.202414	0.000179	61.412781	4.0
781	368.880415	49.204485	0.000179	32.650775	3.9
782	369.267864	49.251854	0.000178	42.940761	3.7
783	370.132166	49.269320	0.000178	46.950680	3.3
784	372.629617	49.261128	0.000178	33.485285	3.3
785	395.998125	49.262392	0.000178	41.677323	3.3
786	367.973581	49.250852	0.000178	33.988850	3.4
787	361.942174	49.252492	0.000178	49.763326	3.4
788	358.428813	49.262848	0.000178	14.128686	3.4
789	371.681558	49.259417	0.000178	41.045944	4.8
790	385.240896	49.257610	0.000178	50.694070	4.6
791	388.941301	49.287265	0.000178	54.189764	4.0
792	344.682570	49.273399	0.000178	62.208192	4.0
793	386.056111	49.269464	0.000178	49.516954	3.8
794	362.823220	49.256464	0.000178	43.416380	3.7
795	371.216497	49.248538	0.000178	34.510466	3.7
796	372.859664	49.247858	0.000178	36.924693	3.4
797	363.333688	49.239601	0.000178	60.838497	5.1
798	382.180592	49.239126	0.000178	88.430332	4.9
799	373.891693	49.223791	0.000179	18.253954	4.9
800	362.784894	49.211931	0.000179	38.903394	4.6
801	396.920842	49.206518	0.000179	60.406773	4.9
802	378.000925	49.193306	0.000179	28.653568	5.0
803	362.639004	49.193448	0.000179	93.843066	5.0
804	383.437589	49.232727	0.000178	41.277982	4.5
805	383.790542	49.217908	0.000179	33.400929	4.1
806	395.379430	49.225896	0.000178	76.348523	4.2
807	372.409298	49.215166	0.000179	67.579620	3.7
808	359.091722	49.297540	0.000178	20.752307	3.6
809	363.286353	49.297909	0.000178	40.718054	3.5
810	365.814078	49.308951	0.000178	12.762585	3.4
811	383.211752	49.308432	0.000178	42.712784	3.3
812	371.585542	49.305134	0.000178	75.801538	3.2
813	355.165229	49.299979	0.000178	11.573448	3.2
814	366.570470	49.300929	0.000178	20.397463	3.0
815	371.680871	49.298445	0.000178	27.734984	3.2
816	382.204586	49.293404	0.000178	45.547447	4.9
817	381.773050	49.307714	0.000178	69.164656	3.6
818	380.576227	49.319113	0.000178	31.801233	3.8
819	372.772023	49.318064	0.000178	24.149781	4.0
820	380.093396	49.311730	0.000178	26.467806	3.5
821	370.812870	49.306938	0.000178	48.426229	3.4
822	374.592015	49.322369	0.000178	34.616557	6.0
823	374.433179	49.319374	0.000178	61.331696	5.1
824	379.361195	49.313689	0.000178	71.465816	5.1
825	356.745507	49.298636	0.000178	52.695435	4.8
826	364.723970	49.287135	0.000178	86.298466	4.1
827	376.199587	49.312696	0.000178	52.433410	4.7
828	367.778709	49.902500	0.000177	53.455790	4.9
829	367.125127	49.911875	0.000177	46.968492	4.1
830	377.792657	49.911455	0.000177	38.629988	3.8
831	356.719512	49.965887	0.000177	18.552457	3.7
832	358.288585	49.975547	0.000177	99.381445	3.2
833	358.275529	50.028884	0.000176	56.116762	3.1
834	360.724110	50.013873	0.000177	13.733715	3.1
835	386.714137	50.008429	0.000177	56.774188	3.3
836	372.422317	50.005141	0.000177	44.991106	3.0
837	369.888976	50.027325	0.000176	48.384531	3.0
838	353.145964	50.018807	0.000177	29.526680	3.1
839	362.118526	50.063704	0.000176	49.603713	3.1
840	362.613631	50.088308	0.000176	21.537862	3.1
841	349.067237	50.098947	0.000176	14.779021	3.0
842	352.762773	50.098240	0.000176	39.852815	2.9
843	371.704963	50.106292	0.000176	36.128599	2.9
844	378.928977	50.101341	0.000176	54.801408	3.1
845	378.463953	50.087773	0.000176	64.705992	4.9
846	371.261030	50.281429	0.000176	66.118083	4.9
847	382.033633	50.400709	0.000176	30.449702	4.8
848	380.871452	50.405684	0.000176	43.420295	4.9
849	359.907643	50.413334	0.000176	15.791793	4.6
850	362.834901	50.406542	0.000176	59.493924	4.6
851	363.958424	50.398162	0.000176	35.132876	4.1
852	376.522243	50.426758	0.000175	35.663256	4.1
853	363.603713	50.418628	0.000176	37.421498	4.1
854	389.602782	50.418369	0.000176	74.413972	3.5
855	359.606001	50.417287	0.000176	21.275152	4.8
856	357.119016	50.411357	0.000176	40.419490	4.9
857	359.756055	50.404326	0.000176	85.739560	3.9
858	374.819134	50.587130	0.000175	40.568508	4.4
859	375.942881	50.652140	0.000175	54.644972	4.5
860	371.294187	50.649270	0.000175	42.653869	4.0
861	358.812854	50.635836	0.000175	52.627719	3.4
862	367.152395	50.735460	0.000175	21.443186	3.5
863	362.614781	50.727110	0.000175	63.915266	3.5
864	376.693963	50.719687	0.000175	50.652632	3.4
865	388.150452	50.916704	0.000174	44.120587	3.3
866	356.559681	50.903006	0.000174	20.952609	3.2
867	359.914981	50.903755	0.000174	45.467940	4.4
868	383.816035	50.900940	0.000174	36.397294	3.2
869	360.640468	50.895647	0.000174	36.834568	3.5
870	390.181842	50.911970	0.000174	33.910263	3.8
871	392.992816	50.900786	0.000174	30.620425	5.1
872	377.640242	50.906345	0.000174	40.821440	5.1
873	342.831589	50.906028	0.000174	32.195312	4.9
874	371.674274	50.909443	0.000174	100.281161	2.9
875	345.896765	51.000275	0.000174	48.976322	2.6
876	390.358107	51.661232	0.000173	45.988901	2.6
877	379.807144	51.647679	0.000173	52.793804	2.5
878	401.819748	51.661303	0.000173	55.232498	2.5
879	371.597834	51.753895	0.000172	76.937650	2.5
880	374.506500	51.739174	0.000172	53.291321	2.9
881	367.721968	52.192258	0.000171	22.924827	2.5
882	374.816656	52.218723	0.000171	52.525314	2.6
883	367.908888	52.225039	0.000171	37.321873	2.4
884	366.530011	52.263038	0.000171	15.996352	3.0
885	391.218174	52.257040	0.000171	51.180495	2.4
886	372.225747	52.257502	0.000171	42.880195	2.4
887	359.021314	52.255823	0.000171	41.967970	2.4
888	359.145912	52.265220	0.000171	57.841411	2.7
889	338.915291	52.270472	0.000171	46.646765	3.6
890	367.820444	52.443960	0.000171	29.989211	2.8
891	356.745716	52.476704	0.000171	20.273410	4.9
892	377.697281	52.473605	0.000171	83.687639	4.9
893	368.962807	52.474228	0.000171	44.406040	4.7
894	362.966495	52.624733	0.000170	22.463040	4.7
895	367.108950	52.631634	0.000170	37.164285	4.6
896	365.262440	52.626097	0.000170	37.901294	3.7
897	370.279304	52.665437	0.000170	52.982060	3.9
898	366.157415	52.697884	0.000170	46.573770	4.9
899	399.708264	52.817259	0.000170	19.961047	5.1
900	393.990485	52.811713	0.000170	14.470023	4.7
901	391.784136	52.810766	0.000170	48.382513	5.1
902	356.589441	52.808057	0.000170	65.230609	5.0
903	365.314749	53.066127	0.000169	48.597013	5.0
904	362.469635	53.059565	0.000169	72.112096	4.8
905	375.483693	53.046414	0.000169	42.365789	4.9
906	378.893906	53.038685	0.000169	47.115638	4.7
907	373.389282	53.077074	0.000169	44.635021	4.7
908	358.037594	53.069462	0.000169	45.752326	4.3
909	368.524768	53.132141	0.000169	36.742441	3.8
910	397.875022	53.125073	0.000169	94.575533	3.7
911	372.054393	53.303658	0.000169	46.980781	3.6
912	359.836730	53.434092	0.000168	23.058860	5.3
913	368.731221	53.439230	0.000168	49.226232	5.3
914	388.846566	53.440326	0.000168	45.781172	4.9
915	374.268462	53.559622	0.000168	34.969647	3.8
916	371.674508	53.597929	0.000168	30.836897	3.9
917	364.766297	53.615761	0.000168	11.615395	3.9
918	379.473293	53.612065	0.000168	34.104814	4.4
919	371.405762	53.613765	0.000168	29.312032	3.3
920	374.718922	53.613087	0.000168	64.190658	3.3
921	358.151745	53.647822	0.000168	38.199096	3.6
922	358.704910	53.634959	0.000168	50.804965	3.7
923	379.251924	53.679131	0.000168	36.127923	3.6
924	355.478952	53.672931	0.000168	16.424578	3.6
925	358.259121	53.682331	0.000168	52.229864	4.1
926	361.655630	53.679291	0.000168	49.565943	6.1
927	369.072062	53.666358	0.000168	50.749391	5.1
928	360.601967	53.839992	0.000167	40.811694	4.3
929	358.095021	53.826675	0.000168	65.789208	4.3
930	365.963911	53.815228	0.000168	43.425536	3.5
931	347.173278	53.994869	0.000167	44.854722	6.1
932	351.759608	54.040125	0.000167	61.319316	3.5
933	363.746107	54.026933	0.000167	51.968248	3.5
934	361.402464	54.031884	0.000167	35.463983	4.2
935	351.059018	54.036031	0.000167	35.921892	4.7
936	380.314102	54.028744	0.000167	39.281666	4.6
937	371.522354	54.022135	0.000167	39.255725	4.4
938	367.965431	54.061788	0.000167	46.558174	3.2
939	367.225567	54.065170	0.000167	54.804989	3.2
940	351.028349	54.223433	0.000167	47.242955	3.5
941	370.523225	54.302750	0.000166	16.810664	3.5
942	351.784101	54.300245	0.000166	41.555950	3.2
943	376.563813	54.296316	0.000166	28.213612	2.9
944	382.249223	54.296369	0.000166	49.568684	2.7
945	354.723975	54.292078	0.000166	74.868513	2.8
946	370.322536	54.631118	0.000166	35.010164	5.7
947	357.761652	54.643193	0.000166	48.181112	2.7
948	354.409576	54.674884	0.000166	32.839024	4.3
949	372.625989	54.662604	0.000166	36.478597	3.1
950	348.273499	54.660413	0.000166	54.190123	3.7
951	370.416308	54.647251	0.000166	33.354114	6.2
952	348.768914	54.699063	0.000166	46.491863	3.7
953	357.102493	54.725551	0.000166	24.880099	3.7
954	360.009105	54.737131	0.000166	31.680823	4.0
955	369.586104	54.732009	0.000166	100.985059	3.8
956	378.967507	54.775307	0.000165	55.658337	3.4
957	374.535710	54.760025	0.000165	33.108347	3.3
958	342.876634	54.763670	0.000165	38.785831	3.3
959	353.058744	54.754786	0.000165	39.969632	3.2
960	359.593431	54.749825	0.000165	36.755458	6.6
961	355.001403	54.743776	0.000165	75.236809	4.0
962	362.055222	54.729367	0.000166	58.557629	4.0
963	363.067247	55.112025	0.000165	79.462050	3.8
964	358.201045	55.125419	0.000165	53.777309	3.9
965	387.044018	55.156371	0.000165	52.534949	4.5
966	359.359084	55.275314	0.000164	85.409208	2.9
967	384.796272	55.262214	0.000164	22.537302	5.1
968	376.657176	55.265740	0.000164	65.824008	3.2
969	377.948991	55.255419	0.000164	68.323620	3.4
970	373.102851	55.280394	0.000164	62.148333	4.3
971	364.006112	55.817468	0.000163	36.851926	4.9
972	360.475852	55.860865	0.000163	35.748241	4.1
973	390.430464	55.865504	0.000163	47.379999	6.4
974	361.069072	55.890214	0.000163	55.275398	7.2
975	366.650783	56.010226	0.000163	20.570438	5.1
976	358.091070	56.000320	0.000163	16.666699	3.8
977	372.404445	56.000283	0.000163	40.504699	5.4
978	359.283168	55.997813	0.000163	53.993578	5.1
979	348.174187	56.067163	0.000163	51.752330	4.7
980	363.908974	56.269316	0.000162	50.082562	3.5
981	372.175360	56.285894	0.000162	50.429178	3.6
982	360.432081	56.380929	0.000162	63.987611	3.7
983	354.225485	56.369103	0.000162	15.370465	4.1
984	349.691684	56.360736	0.000162	73.669957	4.3
985	366.928602	56.375702	0.000162	62.662247	3.7
986	352.990188	56.368967	0.000162	48.567748	2.8
987	375.903081	56.409868	0.000162	44.624204	2.5
988	362.786765	56.424933	0.000162	51.714646	2.3
989	363.758764	56.418095	0.000162	49.510349	3.3
990	367.038699	56.490670	0.000162	38.946347	2.3
991	382.971205	56.491411	0.000162	58.196238	2.5
992	377.160240	56.478645	0.000162	48.359371	8.8
993	368.476338	56.636278	0.000161	51.672038	2.6
994	364.556313	56.674374	0.000161	18.825876	2.7
995	356.095569	56.674423	0.000161	84.483016	4.8
996	353.636415	56.690163	0.000161	51.604098	3.9
997	358.024521	57.243725	0.000160	36.956120	4.0
998	363.122326	57.230392	0.000160	29.679573	4.0
999	367.927722	57.228638	0.000160	36.015070	3.5
1000	372.234674	57.236260	0.000160	95.882155	3.5
1001	367.332043	57.610435	0.000159	50.348422	3.7
1002	361.585651	57.662958	0.000159	31.355528	3.6
1003	373.300876	57.691412	0.000159	46.686912	3.1
1004	360.826599	57.684060	0.000159	18.269253	3.1
1005	388.775480	57.685666	0.000159	46.601567	3.4
1006	367.807891	57.696673	0.000159	51.145174	4.0
1007	373.845893	57.769999	0.000159	40.119590	2.9
1008	348.953525	57.759627	0.000159	18.270116	2.8
1009	355.789376	57.758312	0.000159	48.207238	6.1
1010	375.520069	57.751910	0.000159	37.633348	3.0
1011	381.270838	57.738701	0.000159	57.397695	3.3
1012	341.986811	57.729362	0.000159	27.098266	3.6
1013	358.130521	57.727900	0.000159	53.059871	3.5
1014	370.344570	57.734608	0.000159	47.356661	6.4
1015	400.328212	57.720854	0.000159	55.545032	2.9
1016	361.271637	57.709751	0.000159	36.826789	3.6
1017	358.373908	57.703087	0.000159	35.901612	4.0
1018	354.169959	57.697908	0.000159	56.411303	3.9
1019	366.938692	57.758305	0.000159	49.217763	5.5
1020	350.912588	57.764734	0.000159	65.807925	2.8
1021	363.688736	57.913504	0.000159	29.419201	3.3
1022	363.764702	57.905384	0.000159	38.678842	5.2
1023	360.440686	57.899386	0.000159	30.361318	3.6
1024	359.039349	57.904521	0.000159	56.713712	4.2
1025	381.776657	57.939734	0.000159	20.022729	4.2
1026	368.618643	57.930333	0.000159	60.056259	3.4
1027	352.979458	57.952412	0.000159	56.045049	3.5
1028	374.270556	57.940798	0.000159	16.349186	4.9
1029	358.013246	57.942921	0.000159	26.740965	5.0
1030	385.057243	57.948920	0.000159	40.054082	4.7
1031	383.488025	57.948245	0.000159	76.380955	2.7
1032	357.662378	57.946749	0.000159	38.254042	2.8
1033	380.299696	58.152256	0.000158	62.112772	2.9
1034	367.019849	58.270435	0.000158	19.200829	2.8
1035	362.719808	58.276883	0.000158	91.791094	5.8
1036	351.113533	58.274725	0.000158	30.130739	3.0
1037	358.329689	58.470389	0.000158	34.083992	4.7
1038	365.166433	58.483180	0.000158	18.073187	4.5
1039	376.184525	58.481400	0.000158	53.983368	3.6
1040	357.963590	58.483582	0.000158	29.471976	3.5
1041	360.066103	58.529475	0.000158	61.498566	6.3
1042	380.428598	58.518321	0.000158	21.406222	7.7
1043	359.611541	58.513037	0.000158	63.425704	4.7
1044	385.166649	58.516086	0.000158	25.199917	4.6
1045	371.933510	58.506438	0.000158	26.361988	4.4
1046	375.768065	58.514462	0.000158	45.858147	4.8
1047	380.989985	58.504716	0.000158	40.875954	4.8
1048	360.321931	58.513225	0.000158	35.222788	4.7
1049	365.823491	58.548942	0.000158	28.800977	3.6
1050	362.572986	58.548673	0.000158	10.131472	3.9
1051	374.735027	58.548591	0.000158	92.827213	4.1
1052	356.132781	58.567446	0.000158	47.293581	3.4
1053	349.778380	58.778596	0.000157	39.779423	4.8
1054	373.444651	58.835459	0.000157	86.249555	3.5
1055	366.030813	58.884577	0.000157	23.757686	3.5
1056	364.120788	58.881882	0.000157	61.615795	3.6
1057	371.231981	58.880141	0.000157	42.908498	3.4
1058	366.201903	59.052636	0.000157	18.174130	3.6
1059	364.453226	59.053141	0.000157	76.652354	6.2
1060	352.531374	59.062675	0.000157	45.716485	4.8
1061	348.675654	59.460681	0.000156	74.810909	4.2
1062	367.018061	59.664884	0.000155	21.883974	5.1
1063	355.701741	59.652805	0.000155	48.951885	4.9
1064	385.403428	59.670029	0.000155	72.915703	5.0
1065	358.644512	59.711179	0.000155	18.130476	5.3
1066	348.086832	59.707369	0.000155	65.542073	4.9
1067	368.362795	59.710212	0.000155	61.341710	5.1
1068	367.507435	59.876470	0.000155	51.211316	4.6
1069	375.906385	59.868106	0.000155	59.969005	4.1
1070	365.678923	59.914577	0.000155	69.420749	3.3
1071	371.599048	60.281112	0.000154	44.877071	3.2
1072	358.957182	60.412594	0.000154	59.948417	4.4
1073	378.949486	60.569240	0.000154	66.840447	3.1
1074	372.895019	61.012919	0.000153	22.831470	3.0
1075	366.054381	61.003179	0.000153	19.433217	6.3
1076	342.515519	61.001750	0.000153	52.963735	2.9
1077	372.352258	60.991609	0.000153	33.870058	3.2
1078	357.422078	60.986243	0.000153	24.479988	4.6
1079	373.646262	61.001982	0.000153	22.367108	5.0
1080	398.124498	61.006111	0.000153	84.055378	5.8
1081	354.817316	61.057720	0.000153	41.512739	4.9
1082	373.961290	61.373217	0.000152	75.318799	4.2
1083	364.345543	61.422002	0.000152	36.438028	4.2
1084	391.191749	61.410800	0.000152	49.035946	4.4
1085	354.406777	61.406142	0.000152	12.732848	6.0
1086	380.773535	61.409168	0.000152	39.783888	4.1
1087	343.155951	61.408984	0.000152	26.228623	4.1
1088	368.972670	61.403183	0.000152	51.154204	4.1
1089	362.293175	61.391712	0.000152	53.861893	3.8
1090	357.620560	61.377684	0.000152	54.163254	3.7
1091	353.943316	61.369434	0.000152	63.221448	3.5
1092	362.723176	61.578222	0.000152	25.531083	3.4
1093	383.101982	61.570777	0.000152	61.344809	4.3
1094	365.869037	61.575367	0.000152	27.909797	3.7
1095	365.305912	61.590573	0.000152	30.899475	7.6
1096	365.141670	61.587466	0.000152	10.897097	5.1
1097	362.609256	61.585295	0.000152	30.126626	4.7
1098	375.494254	61.583256	0.000152	36.202437	5.2
1099	364.851978	61.600467	0.000152	24.601302	4.9
1100	352.211590	61.599437	0.000152	24.137100	8.2
1101	359.067824	61.592290	0.000152	39.908040	5.3
1102	383.834858	61.585566	0.000152	32.085218	5.2
1103	352.426593	61.596232	0.000152	27.116112	7.1
1104	354.534447	61.589619	0.000152	65.909001	4.3
1105	386.458806	61.592531	0.000152	53.479580	4.6
1106	365.558863	61.578474	0.000152	39.052072	4.8
1107	360.616203	61.632004	0.000152	58.856993	3.6
1108	364.175895	61.715272	0.000152	11.026530	3.5
1109	371.614787	61.726475	0.000152	29.956798	3.4
1110	347.325563	61.724035	0.000152	49.852541	4.4
1111	362.228746	61.714609	0.000152	44.646578	4.6
1112	374.855091	61.704339	0.000152	53.247064	3.6
1113	387.162626	61.743948	0.000151	54.016977	3.5
1114	354.693313	61.729330	0.000152	31.475344	4.9
1115	356.516569	61.723005	0.000152	43.650860	3.8
1116	363.276128	61.728646	0.000152	70.200119	3.8
1117	369.431779	61.716324	0.000152	53.517833	3.3
1118	369.791333	61.701428	0.000152	39.144082	5.2
1119	360.400571	61.721357	0.000152	34.953849	5.2
1120	357.065023	61.710455	0.000152	41.399932	5.1
1121	361.581602	61.699353	0.000152	45.334663	4.5
1122	376.697725	61.689425	0.000152	61.985779	4.2
1123	369.452582	61.769873	0.000151	23.714330	4.3
1124	377.511884	61.762222	0.000151	49.811096	4.8
1125	347.158612	61.779578	0.000151	38.075898	4.6
1126	360.657630	61.844394	0.000151	37.704938	5.5
1127	362.107616	61.848611	0.000151	29.120865	5.1
1128	378.142520	61.838488	0.000151	46.506050	3.8
1129	363.753100	61.868558	0.000151	33.144207	3.5
1130	370.716219	61.928091	0.000151	13.339431	5.2
1131	353.048798	61.929480	0.000151	61.906869	3.3
1132	356.167305	61.923028	0.000151	18.842761	4.8
1133	384.714525	61.929736	0.000151	44.346417	4.7
1134	352.347242	61.921816	0.000151	17.021421	4.4
1135	374.253622	61.930158	0.000151	60.323816	2.9
1136	371.537709	61.934393	0.000151	78.724614	4.8
1137	363.285274	61.928587	0.000151	47.957212	4.6
1138	377.448865	62.036996	0.000151	14.513890	3.7
1139	356.636275	62.047220	0.000151	83.687972	3.9
1140	353.861336	62.060771	0.000151	28.499007	4.2
1141	354.958927	62.089824	0.000151	27.318976	6.0
1142	382.117333	62.095560	0.000151	29.878194	4.8
1143	350.323123	62.108794	0.000151	31.018346	4.8
1144	346.549032	62.112226	0.000151	57.193109	4.9
1145	372.307673	62.134508	0.000151	32.228720	4.8
1146	374.329595	62.132408	0.000151	16.334735	3.9
1147	377.871486	62.125963	0.000151	49.893431	4.2
1148	365.405606	62.123551	0.000151	72.807693	4.0
1149	354.821863	62.414534	0.000150	32.018911	3.4
1150	365.574392	62.448374	0.000150	49.171562	4.1
1151	373.655781	62.456788	0.000150	30.019020	4.0
1152	363.601078	62.446365	0.000150	77.396813	4.0
1153	352.980780	62.536826	0.000150	24.325801	5.5
1154	352.494856	62.617269	0.000150	37.488851	4.5
1155	359.768690	62.609433	0.000150	34.693492	5.2
1156	355.695113	62.625304	0.000150	52.036768	4.2
1157	356.740775	62.628900	0.000150	12.722855	4.4
1158	382.036967	62.639946	0.000150	21.107456	4.5
1159	351.769562	62.640167	0.000150	25.596322	4.4
1160	364.444606	62.641967	0.000150	28.680015	4.2
1161	373.919814	62.647395	0.000150	39.711122	4.2
1162	379.992763	62.647326	0.000150	69.458633	5.2
1163	369.911399	62.648698	0.000150	44.572987	5.6
1164	370.111664	62.685129	0.000150	31.856117	4.4
1165	354.501073	62.706821	0.000150	39.275531	5.6
1166	352.648268	62.695735	0.000150	42.830240	3.8
1167	350.307052	62.712772	0.000150	27.043501	4.5
1168	381.762606	62.736709	0.000150	71.649681	4.3
1169	340.920723	62.726740	0.000150	45.834077	3.9
1170	349.570405	62.738354	0.000150	48.191258	4.8
1171	361.957934	62.801342	0.000150	29.891572	4.1
1172	361.588798	62.790142	0.000150	25.049362	4.1
1173	357.667817	62.792540	0.000150	47.373465	4.6
1174	334.524815	62.811287	0.000150	18.543391	3.2
1175	368.103104	62.810741	0.000150	47.562486	3.4
1176	376.474789	62.822127	0.000150	58.489682	3.4
1177	349.764171	62.859762	0.000149	33.618253	5.7
1178	353.017526	62.851359	0.000149	28.376922	3.3
1179	356.287936	62.872041	0.000149	38.756814	3.6
1180	378.792793	62.866476	0.000149	38.230093	3.7
1181	378.612785	62.862960	0.000149	24.788445	6.6
1182	363.521632	62.854463	0.000149	59.326872	4.8
1183	366.433860	62.852908	0.000149	26.492082	4.0
1184	377.837785	62.840449	0.000150	60.352857	5.1
1185	382.353976	62.842550	0.000150	39.243985	4.4
1186	372.390849	62.901957	0.000149	69.181200	4.2
1187	356.794260	62.901864	0.000149	30.583537	4.0
1188	357.851195	62.987906	0.000149	43.406143	3.9
1189	355.606056	63.022513	0.000149	24.780970	3.1
1190	386.785549	63.028247	0.000149	59.912253	4.9
1191	357.952726	63.023730	0.000149	33.404415	4.1
1192	353.824590	63.086322	0.000149	26.466860	3.2
1193	354.383154	63.082606	0.000149	60.306710	5.0
1194	382.727763	63.144038	0.000149	34.513256	5.0
1195	374.405922	63.184465	0.000149	56.138503	5.5
1196	354.295188	63.201444	0.000149	72.175842	5.1
1197	375.117512	63.187369	0.000149	32.114996	5.0
1198	389.003206	63.234463	0.000149	46.564865	4.3
1199	373.096808	63.226952	0.000149	34.172548	4.3
1200	368.119086	63.253752	0.000149	29.845291	6.3
1201	350.411056	63.246136	0.000149	19.510890	3.9
1202	359.937009	63.250246	0.000149	18.561576	3.5
1203	364.472727	63.251743	0.000149	29.085255	3.6
1204	332.033171	63.252359	0.000149	83.977119	3.6
1205	394.278942	63.301907	0.000149	40.911311	6.8
1206	332.590670	63.413350	0.000148	38.888137	5.8
1207	373.464465	63.411596	0.000149	40.515204	5.1
1208	390.421035	63.409325	0.000149	39.193185	7.4
1209	354.936126	63.432164	0.000148	58.959316	3.8
1210	341.816198	63.434344	0.000148	48.399255	5.1
1211	383.552213	63.521204	0.000148	37.872010	4.8
1212	383.133712	63.508612	0.000148	36.095560	4.6
1213	372.672860	63.497808	0.000148	29.766729	4.8
1214	369.697479	63.494489	0.000148	32.578965	5.0
1215	359.081343	63.512989	0.000148	38.588322	5.3
1216	358.320213	63.503013	0.000148	22.718666	5.8
1217	371.234411	63.497620	0.000148	32.723927	5.7
1218	357.394975	63.500968	0.000148	43.296213	6.1
1219	357.376830	63.513827	0.000148	37.667738	4.9
1220	380.990746	63.556283	0.000148	64.062513	4.9
1221	374.290975	63.544392	0.000148	60.488035	4.2
1222	375.448552	63.626254	0.000148	27.625992	3.2
1223	371.985066	63.620433	0.000148	64.618126	3.2
1224	362.612286	63.649088	0.000148	60.135314	3.5
1225	378.193711	63.946069	0.000148	28.546211	4.1
1226	357.093530	63.935536	0.000148	46.432187	4.9
1227	357.044804	63.936797	0.000148	39.996238	4.6
1228	367.755603	63.931104	0.000148	66.396591	3.3
1229	366.610521	64.077728	0.000147	20.235326	6.5
1230	373.483341	64.099997	0.000147	16.352117	4.1
1231	363.216242	64.103937	0.000147	37.727746	2.9
1232	374.226901	64.114497	0.000147	64.175918	2.9
1233	370.361427	64.100307	0.000147	16.633302	3.5
1234	374.441762	64.099858	0.000147	29.954084	3.0
1235	364.232569	64.104509	0.000147	13.222257	2.8
1236	357.288154	64.105457	0.000147	32.196793	6.4
1237	352.674191	64.102891	0.000147	59.046766	4.4
1238	350.195322	64.154361	0.000147	60.167674	3.4
1239	368.282255	64.553741	0.000147	33.707388	3.4
1240	390.262907	64.541613	0.000147	50.624805	3.8
1241	354.805330	64.588588	0.000146	68.532519	3.9
1242	331.723431	64.962520	0.000146	34.042388	2.9
1243	371.964803	64.956558	0.000146	51.540516	7.8
1244	344.856500	64.979100	0.000146	76.199973	4.0
1245	373.183873	65.417180	0.000145	19.686732	3.1
1246	359.814740	65.408319	0.000145	37.309986	3.6
1247	354.067535	65.417735	0.000145	34.016274	2.9
1248	359.759709	65.413415	0.000145	56.690072	2.8
1249	365.709734	65.494394	0.000145	61.203136	2.7
1250	372.879408	65.741016	0.000145	49.568481	3.5
1251	373.475747	65.729582	0.000145	16.312919	6.1
1252	361.920971	65.736515	0.000145	25.807271	7.5
1253	364.582967	65.736024	0.000145	42.698710	4.8
1254	367.896753	65.744744	0.000145	23.095621	3.9
1255	355.920701	65.739316	0.000145	25.280524	3.5
1256	374.393169	65.735490	0.000145	49.192451	3.5
1257	359.547537	65.734868	0.000145	14.730606	4.2
1258	358.773303	65.740111	0.000145	24.587012	4.2
1259	373.119034	65.744804	0.000145	13.964959	5.7
1260	362.431739	65.747236	0.000145	24.780163	8.4
1261	347.959969	65.747411	0.000145	38.597119	5.0
1262	355.068995	65.748936	0.000145	45.708954	5.4
1263	360.654956	65.748420	0.000145	41.277877	4.9
1264	362.634316	65.830309	0.000144	84.622371	4.1
1265	364.175093	66.188398	0.000144	17.274979	3.8
1266	366.957819	66.180758	0.000144	61.353644	3.7
1267	356.930857	66.174149	0.000144	52.947666	3.6
1268	363.073853	66.221323	0.000144	41.099469	3.7
1269	370.285696	66.320750	0.000144	62.036279	5.2
1270	381.662815	66.308504	0.000144	25.306802	4.7
1271	363.274593	66.366301	0.000143	18.325678	5.3
1272	363.517214	66.363149	0.000143	47.221995	7.4
1273	351.452106	66.369451	0.000143	28.813898	4.9
1274	369.187538	66.381127	0.000143	37.676114	4.7
1275	348.488053	66.374980	0.000143	27.524964	4.1
1276	390.349481	66.379427	0.000143	39.503447	4.0
1277	370.445297	66.368845	0.000143	33.636911	4.4
1278	378.462847	66.410830	0.000143	72.879350	4.0
1279	370.899002	66.396970	0.000143	30.049284	4.0
1280	385.109739	66.397452	0.000143	15.459224	4.9
1281	378.431021	66.396645	0.000143	64.857035	5.3
1282	368.789092	66.404387	0.000143	55.945122	5.2
1283	370.793416	66.573816	0.000143	39.257309	3.5
1284	348.208800	66.561873	0.000143	18.602470	7.3
1285	384.024694	66.557453	0.000143	65.275482	4.3
1286	359.687199	66.563602	0.000143	45.796672	4.4
1287	365.549771	66.809496	0.000143	43.694018	4.3
1288	352.267490	66.836270	0.000143	46.389612	3.3
1289	350.092136	66.824415	0.000143	48.296510	3.4
1290	369.743735	66.867461	0.000143	60.095012	4.9
1291	374.811295	67.091200	0.000142	57.824803	4.7
1292	364.827083	67.462851	0.000142	52.387493	5.1
1293	360.572120	67.532653	0.000142	64.493439	4.5
1294	379.657608	67.705450	0.000141	45.171710	4.8
1295	343.426472	67.740834	0.000141	26.714471	4.3
1296	374.583239	67.735590	0.000141	62.313111	4.3
1297	368.559306	67.731973	0.000141	48.118385	4.8
1298	366.640449	67.915249	0.000141	42.485658	4.2
1299	364.403799	67.946176	0.000141	34.767529	3.5
1300	371.530578	67.938699	0.000141	41.039282	3.5
1301	363.661794	67.970342	0.000141	51.606934	3.4
1302	374.200109	67.958547	0.000141	54.905944	4.3
1303	380.967772	68.038716	0.000141	33.155972	3.1
1304	361.798569	68.099930	0.000141	28.061260	5.8
1305	354.832636	68.110911	0.000141	65.408048	3.3
1306	356.745313	68.169547	0.000141	45.263304	3.3
1307	357.788533	68.155074	0.000141	31.984564	4.7
1308	367.527952	68.175489	0.000141	69.948959	4.4
1309	327.075522	68.169292	0.000141	35.346277	3.5
1310	373.389575	68.222511	0.000140	38.677510	5.3
1311	380.371086	68.217029	0.000141	70.090894	2.8
1312	371.602828	68.218541	0.000141	25.319890	3.3
1313	385.710396	68.280224	0.000140	43.242703	5.2
1314	364.882898	68.307701	0.000140	43.350036	3.9
1315	358.512525	68.320272	0.000140	36.358217	3.7
1316	350.907139	68.311837	0.000140	16.899507	3.9
1317	373.410175	68.312120	0.000140	116.013345	3.0
1318	365.503298	68.367220	0.000140	80.654862	4.6
1319	362.179957	69.360648	0.000139	57.597870	3.4
1320	364.743771	69.705300	0.000138	32.421858	4.2
1321	372.507241	69.692240	0.000138	11.775286	4.2
1322	372.792528	69.695622	0.000138	16.347575	3.4
1323	365.175689	69.694476	0.000138	27.715977	3.4
1324	358.690788	69.689113	0.000138	28.204176	3.3
1325	355.143722	69.702724	0.000138	43.811983	4.0
1326	371.999446	69.694026	0.000138	72.446468	3.1
1327	341.737662	69.896972	0.000138	46.597920	3.0
1328	376.556217	69.884038	0.000138	30.145791	3.4
1329	384.116219	69.872376	0.000138	36.149890	3.5
1330	381.822456	69.863226	0.000138	39.494713	3.6
1331	365.796965	69.914564	0.000138	28.876632	4.9
1332	359.120456	69.910391	0.000138	61.273897	6.0
1333	351.441019	69.937864	0.000138	34.449734	4.9
1334	366.348349	69.953376	0.000138	31.013092	5.0
1335	362.037321	69.952639	0.000138	73.450399	5.4
1336	368.325568	69.946426	0.000138	20.619576	4.4
1337	361.315777	69.968247	0.000138	45.979929	4.8
1338	381.919744	69.961717	0.000138	51.569649	4.7
1339	340.333763	69.947521	0.000138	65.642030	5.0
1340	363.157633	70.311431	0.000137	80.672939	5.4
1341	377.040626	71.056793	0.000136	61.766311	5.0
1342	362.170499	71.042008	0.000136	53.733989	5.1
1343	362.480683	71.059041	0.000136	74.052010	4.7
1344	358.132430	71.047223	0.000136	10.020616	3.6
1345	350.047859	71.051817	0.000136	35.152867	4.5
1346	358.135511	71.051310	0.000136	38.790835	4.1
1347	360.020115	71.051764	0.000136	24.907731	3.6
1348	355.594000	71.046910	0.000136	63.127213	3.0
1349	363.462337	71.078098	0.000136	54.982440	3.1
1350	362.210425	71.252081	0.000136	36.337456	4.0
1351	369.548400	71.345816	0.000136	37.157327	3.1
1352	347.102009	71.384583	0.000136	22.833655	3.1
1353	343.798278	71.386514	0.000136	35.158500	7.0
1354	353.896809	71.386264	0.000136	44.115724	5.7
1355	368.750091	71.416128	0.000136	65.933247	4.3
1356	366.172312	71.670775	0.000135	19.674766	3.8
1357	363.926872	71.665137	0.000135	32.907294	4.4
1358	364.275708	71.670096	0.000135	15.865827	4.7
1359	364.739508	71.677285	0.000135	22.921980	3.6
1360	364.451229	71.674868	0.000135	47.432447	3.3
1361	382.374907	71.673548	0.000135	71.344731	3.4
1362	374.327465	71.782402	0.000135	24.919257	2.9
1363	350.869364	71.769956	0.000135	26.146100	5.7
1364	366.279216	71.779306	0.000135	6.907217	3.3
1365	343.967422	71.779066	0.000135	55.440017	3.4
1366	367.581562	71.777679	0.000135	23.593959	3.5
1367	376.633672	71.780159	0.000135	14.597081	3.2
1368	361.900397	71.782404	0.000135	90.246738	6.7
1369	378.317288	71.790915	0.000135	23.839987	3.8
1370	374.065601	71.849422	0.000135	40.103106	4.2
1371	371.298464	71.844343	0.000135	46.290565	4.1
1372	376.123719	71.835447	0.000135	12.729300	3.8
1373	364.626362	71.833553	0.000135	13.746993	4.2
1374	365.647954	71.833241	0.000135	36.922525	4.6
1375	351.272479	71.828835	0.000135	29.916393	3.3
1376	357.859182	71.830824	0.000135	9.348447	5.0
1377	366.390483	71.830639	0.000135	35.941353	3.7
1378	357.327651	71.828690	0.000135	18.641178	2.7
1379	348.131402	71.826844	0.000135	41.731719	4.5
1380	380.847723	71.838488	0.000135	38.085540	4.9
1381	362.055880	71.871109	0.000135	46.712937	4.8
1382	374.898468	71.920789	0.000135	51.839731	4.7
1383	371.671892	72.020193	0.000135	42.973274	5.5
1384	356.216020	72.007163	0.000135	31.571976	4.8
1385	382.006500	72.041681	0.000135	55.017324	4.7
1386	371.319422	72.046147	0.000135	26.676075	4.2
1387	361.552181	72.063260	0.000135	35.002099	4.2
1388	387.261602	72.054361	0.000135	37.135831	4.7
1389	378.602577	72.069662	0.000135	55.590551	3.8
1390	368.280308	72.058225	0.000135	46.562420	3.8
1391	379.828186	72.180753	0.000135	34.095692	4.0
1392	364.082459	72.185114	0.000135	32.510247	3.3
1393	371.041649	72.176483	0.000135	18.815700	3.1
1394	350.484323	72.175460	0.000135	48.318499	3.0
1395	355.124893	72.173792	0.000135	52.426019	3.9
1396	388.761522	72.337856	0.000134	36.359328	2.9
1397	351.853598	72.326161	0.000134	52.254582	2.9
1398	362.630347	72.327759	0.000134	52.957037	4.5
1399	357.493503	72.449470	0.000134	33.311013	3.8
1400	379.753778	72.493996	0.000134	52.906717	3.8
1401	353.725367	72.483263	0.000134	9.703968	5.1
1402	364.598601	72.488294	0.000134	23.444802	4.4
1403	389.815259	72.489945	0.000134	45.353010	4.5
1404	349.721152	72.484123	0.000134	65.462243	3.1
1405	344.425437	72.730142	0.000134	20.924632	2.9
1406	337.825501	72.718607	0.000134	80.912231	4.5
1407	356.769867	72.758915	0.000134	23.230298	4.7
1408	366.708699	72.787244	0.000134	39.822830	4.8
1409	364.762919	72.787661	0.000134	17.839271	4.4
1410	356.393760	72.803363	0.000134	21.452908	5.1
1411	357.446207	72.798618	0.000134	17.928403	3.9
1412	366.528888	72.795720	0.000134	53.306637	6.6
1413	373.029524	72.816943	0.000134	67.253590	4.0
1414	360.488653	72.808983	0.000134	68.745673	3.3
1415	349.711431	72.793707	0.000134	73.373321	3.3
1416	345.129261	73.472087	0.000133	83.770117	3.1
1417	366.552509	73.456772	0.000133	23.168407	2.9
1418	354.472796	73.472853	0.000133	39.550223	4.8
1419	390.999579	73.487123	0.000133	30.031860	4.6
1420	348.087779	73.495631	0.000133	31.772179	4.2
1421	356.306051	73.518875	0.000133	38.969055	3.8
1422	349.867665	73.545621	0.000133	90.609204	3.5
1423	354.396445	73.531470	0.000133	79.411068	3.2
1424	373.984013	73.516127	0.000133	43.786195	2.8
1425	366.345216	73.712778	0.000132	43.095263	3.9
1426	355.316256	73.702720	0.000132	24.412799	4.5
1427	376.875535	73.704186	0.000132	66.455967	2.5
1428	372.759333	73.693087	0.000132	42.180179	2.7
1429	373.503228	73.685440	0.000132	17.576669	2.8
1430	357.680350	73.686221	0.000132	45.923467	3.1
1431	382.835345	73.695097	0.000132	59.726702	3.1
1432	381.612537	73.681414	0.000132	62.898703	4.5
1433	349.718223	73.669559	0.000132	50.212539	3.9
1434	363.852567	73.995775	0.000132	33.547894	3.6
1435	338.011478	73.986023	0.000132	34.170732	4.8
1436	378.212001	74.001930	0.000132	28.185163	4.6
1437	363.352776	73.996024	0.000132	31.153431	4.3
1438	342.669174	73.991218	0.000132	71.869287	4.0
1439	386.988470	74.122692	0.000132	33.525882	4.0
1440	368.907559	74.142106	0.000132	66.363957	7.9
1441	375.043600	74.272209	0.000132	58.413696	4.6
1442	345.265618	74.312561	0.000132	58.764652	4.6
1443	348.213893	74.671248	0.000131	17.440161	4.1
1444	365.256635	74.670018	0.000131	54.847093	4.0
1445	373.848923	74.663656	0.000131	98.796023	4.9
1446	363.057444	75.107473	0.000130	39.567869	3.9
1447	364.840158	75.422710	0.000130	21.338422	4.7
1448	365.702988	75.418401	0.000130	77.544627	5.8
1449	364.437578	75.406840	0.000130	98.810968	4.1
1450	371.231136	75.929584	0.000129	62.025888	4.5
1451	358.040669	76.014185	0.000129	33.622010	4.3
1452	364.915964	76.118754	0.000129	28.694196	3.9
1453	362.464911	76.143478	0.000129	27.596039	3.7
1454	363.593342	76.142699	0.000129	63.703409	3.6
1455	362.073383	76.130711	0.000129	19.951307	5.9
1456	375.373362	76.142948	0.000129	34.848803	3.0
1457	385.460900	76.136543	0.000129	46.057512	3.1
1458	383.573802	76.125925	0.000129	19.870529	3.1
1459	369.334382	76.136381	0.000129	48.440482	7.4
1460	374.703380	76.127005	0.000129	21.479619	4.8
1461	350.228873	76.118144	0.000129	50.644432	5.0
1462	369.114449	76.108361	0.000129	75.669497	6.4
1463	372.195608	76.094428	0.000129	49.951571	4.0
1464	363.926019	76.231549	0.000129	33.923947	4.1
1465	351.605881	76.302075	0.000129	31.897464	4.2
1466	381.525266	76.303507	0.000129	35.615963	3.3
1467	369.063454	76.305439	0.000129	34.752736	3.3
1468	357.828732	76.315839	0.000129	19.212036	3.2
1469	353.066969	76.323051	0.000129	23.380008	3.3
1470	364.530406	76.324832	0.000129	32.179225	4.5
1471	361.490980	76.317252	0.000129	53.219018	3.8
1472	364.926844	76.304328	0.000129	28.346451	3.8
1473	373.541697	76.365173	0.000129	35.620278	3.8
1474	357.358661	76.384923	0.000129	58.327123	3.2
1475	376.019573	76.407693	0.000129	38.002822	5.2
1476	374.164575	76.491487	0.000129	70.532796	5.1
1477	366.237953	76.554934	0.000128	40.944167	9.2
1478	357.353441	76.711895	0.000128	38.318058	4.5
1479	366.987815	76.731796	0.000128	18.892014	5.2
1480	353.840511	76.729752	0.000128	22.339528	4.8
1481	380.228200	76.733172	0.000128	25.400643	4.6
1482	358.063050	76.742463	0.000128	44.121442	4.4
1483	364.532475	76.759856	0.000128	12.710957	3.9
1484	351.525700	76.760925	0.000128	18.433115	3.1
1485	394.930796	76.762431	0.000128	70.987691	3.2
1486	375.315780	76.780337	0.000128	59.477170	3.1
1487	371.650688	76.773821	0.000128	49.448026	2.5
1488	380.445625	76.762819	0.000128	86.381613	2.5
1489	350.861063	77.221920	0.000128	17.317329	3.5
1490	344.265697	77.269409	0.000128	66.857636	3.9
1491	354.293971	77.299366	0.000128	51.292167	3.2
1492	361.533983	77.658008	0.000127	34.815204	3.5
1493	367.531132	77.647555	0.000127	26.473816	4.8
1494	376.575454	77.662394	0.000127	44.145801	4.7
1495	353.626954	77.656243	0.000127	27.871188	7.7
1496	361.006182	77.655315	0.000127	74.445177	3.5
1497	365.772488	77.664362	0.000127	41.731379	4.1
1498	353.032582	77.891920	0.000127	25.521754	4.9
1499	369.166795	77.887335	0.000127	45.449514	4.8
1500	374.674074	77.895916	0.000127	51.269209	2.9
1501	371.102288	77.948444	0.000127	58.506080	2.4
1502	365.422765	77.946507	0.000127	25.073383	5.0
1503	362.168761	77.937232	0.000127	47.143635	4.4
1504	350.194855	77.968574	0.000127	14.044830	2.4
1505	356.165117	77.967017	0.000127	76.428486	6.2
1506	363.495158	77.960869	0.000127	19.874546	5.0
1507	356.083618	77.991780	0.000127	53.361018	4.9
1508	386.771054	77.987070	0.000127	29.844637	5.4
1509	354.451399	78.025311	0.000127	51.490264	4.6
1510	370.129933	78.020018	0.000127	37.488180	4.5
1511	349.385158	78.027168	0.000127	79.121651	4.0
1512	350.361261	78.017716	0.000127	42.577569	4.1
1513	365.438167	78.148650	0.000126	23.631722	4.7
1514	373.413479	78.155701	0.000126	77.157323	3.8
1515	347.783996	78.178174	0.000126	15.870657	3.8
1516	370.744627	78.168227	0.000126	42.377215	3.7
1517	384.716876	78.175625	0.000126	11.384392	3.8
1518	354.132498	78.170638	0.000126	51.598079	3.4
1519	368.565299	78.179670	0.000126	31.899312	4.5
1520	372.875166	78.199498	0.000126	48.810392	3.9
1521	364.040048	78.234831	0.000126	46.533906	3.3
1522	362.236061	78.235762	0.000126	13.211149	3.3
1523	353.167220	78.228525	0.000126	14.119631	3.3
1524	337.500563	78.227502	0.000126	23.328536	4.4
1525	365.154466	78.224922	0.000126	96.112527	3.0
1526	371.550205	78.289191	0.000126	52.089339	3.6
1527	354.697961	78.277800	0.000126	90.718530	3.7
1528	356.522072	78.417665	0.000126	79.327802	3.6
1529	366.588856	78.440439	0.000126	28.348835	3.0
1530	370.770506	78.427058	0.000126	52.517531	5.0
1531	349.331484	78.432553	0.000126	100.512551	4.7
1532	360.095359	79.210716	0.000125	41.115069	4.5
1533	358.234054	79.197264	0.000125	42.247427	4.4
1534	377.413588	79.247846	0.000125	39.055692	5.7
1535	361.836684	79.248343	0.000125	34.707938	4.1
1536	351.919148	79.277847	0.000125	68.544887	4.1
1537	349.699783	79.280202	0.000125	36.492870	5.1
1538	366.417012	79.380274	0.000125	68.977212	3.2
1539	360.453578	79.369071	0.000125	43.450990	3.5
1540	367.727166	79.357023	0.000125	24.137940	3.8
1541	351.423855	79.377385	0.000125	19.631583	2.5
1542	383.103542	79.372518	0.000125	29.387941	3.9
1543	364.403628	79.379468	0.000125	29.721677	3.4
1544	370.435621	79.372689	0.000125	55.474523	5.8
1545	365.619650	79.363513	0.000125	35.412057	2.5
1546	367.032223	79.396279	0.000125	28.237579	2.3
1547	389.075033	79.388710	0.000125	56.981456	5.1
1548	351.359066	79.378301	0.000125	29.571540	2.5
1549	382.763037	79.404935	0.000125	59.543544	3.0
1550	360.038411	79.396502	0.000125	54.443439	3.4
1551	378.565337	79.720861	0.000124	27.904634	3.0
1552	381.215503	79.722404	0.000124	16.329716	3.1
1553	363.824655	79.720843	0.000124	56.814379	3.3
1554	366.353628	79.714487	0.000124	59.573005	6.6
1555	369.713918	79.940368	0.000124	42.026559	3.2
1556	341.360113	79.945518	0.000124	32.262860	4.6
1557	385.136630	79.934227	0.000124	65.423006	3.5
1558	367.727305	80.047944	0.000124	44.385665	3.6
1559	370.874512	80.080076	0.000124	36.245622	3.7
1560	361.692312	80.144781	0.000124	56.596926	2.9
1561	351.815203	80.153062	0.000124	45.425135	2.9
1562	337.053758	80.140029	0.000124	59.359337	4.4
1563	371.363690	80.282421	0.000124	9.591189	4.2
1564	351.469657	80.276410	0.000124	74.744432	3.1
1565	346.942803	80.283540	0.000124	23.464648	3.1
1566	375.166012	80.297637	0.000124	65.872818	4.4
1567	377.844875	80.292390	0.000124	41.833311	3.9
1568	372.062743	80.425993	0.000124	50.085276	3.4
1569	351.501556	80.412348	0.000124	75.220878	3.4
1570	367.412524	80.398029	0.000124	19.042455	3.4
1571	373.757734	80.396785	0.000124	47.134171	3.3
1572	371.753144	80.393217	0.000124	105.106507	3.3
1573	402.190547	80.378019	0.000124	71.452369	5.5
1574	366.865368	80.362658	0.000124	41.299661	3.4
1575	360.932838	80.357689	0.000124	51.757541	5.0
1576	366.031348	80.358249	0.000124	36.077769	5.0
1577	375.922854	80.369327	0.000124	36.582731	4.8
1578	370.202066	80.362876	0.000124	30.847845	4.2
1579	353.589405	80.362875	0.000124	66.746907	4.3
1580	386.377235	80.356897	0.000124	56.689220	4.4
1581	367.431722	80.341764	0.000124	39.775715	5.1
1582	369.611465	80.375660	0.000124	22.384078	4.6
1583	354.963816	80.378605	0.000124	20.180634	5.1
1584	359.758559	80.375473	0.000124	32.212089	5.0
1585	363.488257	80.378652	0.000124	20.169226	4.7
1586	376.024240	80.374372	0.000124	49.637969	4.7
1587	335.316152	80.365945	0.000124	12.953874	4.6
1588	388.656621	80.363318	0.000124	38.413189	4.1
1589	354.379221	80.363464	0.000124	73.285534	3.7
1590	376.447117	80.528924	0.000123	74.298654	3.1
1591	354.907624	81.362281	0.000122	25.300352	5.0
1592	369.603522	81.452417	0.000122	42.693086	3.0
1593	364.078946	81.456696	0.000122	22.434075	4.5
1594	364.265001	81.472663	0.000122	66.363898	3.5
1595	370.181609	81.467754	0.000122	12.406260	3.3
1596	359.540169	81.470294	0.000122	60.215570	3.6
1597	366.607632	81.474341	0.000122	30.281855	5.1
1598	384.081482	81.492716	0.000122	31.239674	5.2
1599	361.815582	81.511821	0.000122	62.670529	4.7
1600	366.913907	81.498576	0.000122	41.511652	4.8
1601	365.071024	81.488011	0.000122	32.097695	3.7
1602	339.654914	81.488069	0.000122	32.631774	4.3
1603	367.630199	81.479253	0.000122	32.170687	4.1
1604	384.523418	81.470891	0.000122	28.444661	3.8
1605	379.848310	81.462631	0.000122	47.055364	4.0
1606	364.523582	81.462068	0.000122	11.912583	3.2
1607	370.740843	81.459718	0.000122	47.619252	4.6
1608	384.751738	81.459931	0.000122	28.055395	4.7
1609	358.146454	81.452339	0.000122	45.073444	5.1
1610	383.664875	81.441865	0.000122	28.400233	4.7
1611	363.289932	81.454906	0.000122	28.767612	4.7
1612	367.023597	81.447577	0.000122	32.344345	6.6
1613	375.725120	81.448769	0.000122	43.270249	4.8
1614	342.579721	81.440278	0.000122	17.272700	2.9
1615	351.983120	81.445067	0.000122	26.952379	3.3
1616	336.206547	81.443107	0.000122	21.000200	3.3
1617	357.269157	81.438602	0.000122	42.662787	3.3
1618	369.392565	81.430765	0.000122	48.842661	2.8
1619	346.221833	81.452899	0.000122	60.450164	4.5
1620	367.652491	81.637365	0.000122	30.859997	2.7
1621	356.730154	81.629549	0.000122	30.965700	3.1
1622	371.746551	81.623302	0.000122	16.077599	5.0
1623	362.985825	81.627945	0.000122	7.691217	3.9
1624	358.956926	81.627589	0.000122	26.259712	3.8
1625	358.478186	81.629671	0.000122	19.152637	3.5
1626	361.999560	81.634730	0.000122	85.104183	3.2
1627	359.651477	81.635562	0.000122	46.459461	5.2
1628	361.714179	81.970449	0.000122	32.514392	4.8
1629	344.098269	81.959768	0.000122	26.597733	4.5
1630	368.161969	81.953116	0.000122	13.305619	4.7
1631	374.071722	81.955878	0.000122	59.236597	4.5
1632	349.362658	81.952608	0.000122	41.572009	4.2
1633	347.018748	82.062767	0.000122	45.322968	3.6
1634	371.356464	82.050000	0.000122	39.652810	3.4
1635	365.147590	82.081826	0.000122	25.980355	3.6
1636	354.398557	82.074051	0.000122	49.359415	3.3
1637	373.433460	82.085965	0.000122	48.530997	3.5
1638	379.192918	82.125853	0.000122	88.724681	5.6
1639	382.914749	82.111698	0.000122	37.416897	4.4
1640	350.198644	82.263198	0.000121	26.766321	4.5
1641	345.993424	82.253588	0.000121	55.548872	4.2
1642	366.479570	82.248010	0.000121	16.065546	4.4
1643	340.420377	82.246985	0.000121	32.962154	4.2
1644	362.515082	82.240919	0.000121	62.575623	6.0
1645	366.323707	82.294916	0.000121	49.726270	5.3
1646	372.801862	82.286292	0.000121	38.514420	3.2
1647	355.130008	82.338652	0.000121	44.375268	5.6
1648	376.935797	82.415767	0.000121	52.665984	3.1
1649	349.288949	82.405538	0.000121	44.252072	3.6
1650	378.418635	82.394724	0.000121	55.961390	4.6
1651	375.169449	82.458011	0.000121	54.320422	4.5
1652	381.792853	82.447560	0.000121	36.480377	6.0
1653	356.580172	82.529751	0.000121	25.217956	5.3
1654	350.981377	82.552287	0.000121	51.408507	4.8
1655	366.116310	82.564909	0.000121	50.775523	3.1
1656	370.231362	82.637719	0.000121	37.726838	3.0
1657	367.915604	82.626147	0.000121	20.264975	4.0
1658	361.890710	82.630795	0.000121	71.506132	2.9
1659	363.673692	82.627584	0.000121	49.976943	8.3
1660	365.088233	82.612561	0.000121	28.008895	4.1
1661	356.367590	82.620662	0.000121	12.299687	4.2
1662	345.361127	82.618491	0.000121	16.606311	5.6
1663	370.833210	82.619558	0.000121	81.774810	3.8
1664	363.457734	82.664119	0.000121	37.057055	4.1
1665	378.490825	82.810554	0.000121	28.012369	4.2
1666	375.349059	82.829895	0.000121	14.783248	4.0
1667	347.643992	82.831477	0.000121	40.787975	3.7
1668	356.443219	82.831333	0.000121	59.540760	3.6
1669	361.204675	82.841154	0.000121	54.244257	3.7
1670	394.225118	82.976968	0.000121	21.983915	3.4
1671	359.584434	83.007200	0.000121	38.328896	6.0
1672	383.910740	83.020246	0.000121	73.572879	4.3
1673	353.969820	83.066922	0.000120	38.241753	4.4
1674	353.390822	83.063847	0.000120	14.749544	4.2
1675	363.515346	83.069786	0.000120	57.992916	4.3
1676	366.022037	83.064638	0.000120	30.165671	4.3
1677	361.283617	83.130846	0.000120	20.611045	4.8
1678	377.526769	83.129208	0.000120	10.867072	4.8
1679	358.301378	83.127254	0.000120	21.918839	4.8
1680	362.511568	83.125083	0.000120	36.368138	5.1
1681	370.879780	83.134714	0.000120	39.624371	6.6
1682	382.965146	83.123016	0.000120	45.344694	5.0
1683	364.459651	83.149864	0.000120	6.302550	5.1
1684	358.795352	83.147799	0.000120	29.231421	4.3
1685	368.712200	83.146882	0.000120	33.676230	4.0
1686	373.698485	83.153085	0.000120	37.042759	3.6
1687	357.454135	83.177780	0.000120	52.155291	3.3
1688	352.714959	83.165519	0.000120	71.887156	3.3
1689	367.992869	83.514613	0.000120	66.265684	3.3
1690	366.910191	83.972868	0.000119	63.067424	7.7
1691	382.436159	84.539314	0.000119	35.288321	4.3
1692	369.763380	84.580011	0.000119	30.559940	7.5
1693	376.912882	84.609949	0.000119	38.365462	3.8
1694	334.161587	84.619082	0.000119	30.380354	5.3
1695	367.317172	84.608091	0.000119	30.048152	6.7
1696	372.714280	84.599631	0.000119	34.370952	5.2
1697	369.685060	84.612816	0.000119	25.123741	5.6
1698	352.195478	84.617334	0.000119	15.306951	5.1
1699	348.883025	84.617876	0.000119	27.237467	4.0
1700	383.114708	84.618385	0.000119	13.274850	4.1
1701	354.483761	84.614393	0.000119	37.552897	5.1
1702	359.088918	84.610468	0.000119	26.800539	4.6
1703	342.806927	84.600659	0.000119	55.232282	5.1
1704	399.198622	84.650003	0.000119	75.085870	8.8
1705	356.954467	84.693158	0.000119	74.982040	4.7
1706	387.131522	84.681514	0.000119	32.914496	7.1
1707	393.111482	84.831515	0.000118	35.572588	5.0
1708	383.644353	84.833123	0.000118	16.681984	5.2
1709	361.439108	84.826749	0.000118	24.604398	5.1
1710	371.758159	84.827473	0.000118	67.507893	4.2
1711	355.295256	84.885930	0.000118	46.520607	4.1
1712	366.358769	84.871360	0.000118	98.886457	8.1
1713	357.312551	85.447252	0.000118	21.027176	5.4
1714	363.273771	85.474105	0.000118	14.736039	4.5
1715	336.386958	85.475952	0.000118	26.611507	4.5
1716	382.452110	85.476867	0.000118	21.076662	4.4
1717	356.174503	85.481020	0.000118	54.691200	4.3
1718	376.139080	85.481112	0.000118	28.190402	4.5
1719	348.573349	85.535216	0.000118	39.826954	5.0
1720	382.536509	85.568061	0.000118	56.692853	5.3
1721	365.839926	85.665874	0.000118	32.040161	5.4
1722	391.646274	85.654515	0.000118	34.452590	4.2
1723	348.445160	85.648235	0.000118	35.718363	4.3
1724	372.505891	85.654209	0.000118	44.996081	4.4
1725	366.009449	85.648546	0.000118	33.013702	3.7
1726	364.540309	85.657940	0.000118	16.935627	3.7
1727	360.333555	85.658726	0.000118	43.571515	2.9
1728	363.086495	85.674852	0.000118	43.931041	5.7
1729	343.972015	85.661778	0.000118	56.343900	3.5
1730	361.762932	85.815160	0.000117	48.649167	3.5
1731	355.088699	86.007507	0.000117	26.007786	3.5
1732	370.009914	86.038636	0.000117	18.074486	5.0
1733	369.878646	86.045162	0.000117	44.451975	3.5
1734	373.946093	86.058783	0.000117	20.223128	5.0
1735	364.791827	86.058507	0.000117	13.582216	4.5
1736	374.078660	86.056451	0.000117	8.407033	4.1
1737	361.688666	86.057242	0.000117	38.322538	4.2
1738	387.420059	86.053346	0.000117	18.714779	3.9
1739	377.057597	86.049993	0.000117	38.453473	3.5
1740	381.312360	86.056378	0.000117	43.672449	3.3
1741	351.823147	86.046931	0.000117	52.128889	3.3
1742	356.877532	86.195741	0.000117	30.427796	4.8
1743	363.839145	86.201233	0.000117	34.250776	4.8
1744	386.358695	86.198474	0.000117	71.018276	3.9
1745	355.353080	86.283677	0.000117	35.667537	4.0
1746	363.213235	86.273171	0.000117	33.048638	3.7
1747	365.166069	86.289760	0.000117	23.784260	3.7
1748	384.984195	86.283725	0.000117	56.142120	3.6
1749	379.376045	86.297831	0.000117	59.134344	3.0
1750	374.522875	86.282893	0.000117	40.399318	3.5
1751	372.435279	86.359521	0.000117	85.535509	4.6
1752	368.809017	86.350465	0.000117	57.626362	4.2
1753	355.570667	86.337514	0.000117	46.335142	2.8
1754	360.878580	86.497422	0.000117	43.702148	2.9
1755	372.048116	86.573291	0.000117	59.544192	2.6
1756	366.757993	86.569508	0.000117	29.452865	2.5
1757	359.370589	86.580675	0.000117	45.367070	4.4
1758	354.312315	86.574393	0.000117	26.749115	4.0
1759	358.844498	86.603946	0.000116	40.061265	3.8
1760	352.422914	86.600289	0.000116	20.966676	3.2
1761	360.975939	86.622122	0.000116	61.156282	2.9
1762	381.174396	86.619159	0.000116	32.408050	2.9
1763	361.161679	86.606894	0.000116	46.471752	2.8
1764	374.024594	86.600591	0.000116	38.551987	3.0
1765	358.240290	86.643245	0.000116	20.256260	5.2
1766	340.127113	86.651766	0.000116	33.388572	4.8
1767	377.086806	86.645578	0.000116	30.706029	5.0
1768	338.280405	86.639282	0.000116	64.203556	5.9
1769	353.803999	86.626835	0.000116	43.892512	4.8
1770	365.277840	86.779113	0.000116	12.999923	4.9
1771	390.985479	86.782586	0.000116	24.022255	4.1
1772	383.529562	86.778684	0.000116	77.384910	2.8
1773	350.019249	86.781855	0.000116	37.222064	3.3
1774	354.955468	86.767389	0.000116	40.038585	3.3
1775	367.488032	86.802096	0.000116	52.205279	3.3
1776	369.059707	86.810815	0.000116	24.585275	5.1
1777	370.915489	86.804270	0.000116	17.522613	3.5
1778	377.662990	86.811908	0.000116	84.751461	4.7
1779	359.397610	86.850498	0.000116	22.981228	3.7
1780	394.915200	86.838403	0.000116	32.492449	4.5
1781	379.402268	86.848135	0.000116	45.695537	4.2
1782	360.476602	86.842825	0.000116	19.300965	7.2
1783	368.154033	86.838331	0.000116	57.163605	3.7
1784	357.824054	86.838021	0.000116	8.026169	4.3
1785	379.264107	86.832788	0.000116	31.627943	4.5
1786	374.306385	86.832100	0.000116	42.688864	4.4
1787	358.800143	86.832888	0.000116	38.870532	4.6
1788	354.773123	86.880441	0.000116	23.592614	4.1
1789	371.265224	86.872063	0.000116	41.503376	3.5
1790	367.250344	86.869597	0.000116	65.357489	3.9
1791	373.794442	86.975354	0.000116	25.259048	4.5
1792	381.635738	86.998720	0.000116	38.513019	4.0
1793	355.185801	86.989619	0.000116	28.617048	5.7
1794	391.522110	86.995099	0.000116	42.171548	2.4
1795	361.234730	86.997332	0.000116	85.951028	2.9
1796	373.291095	86.982944	0.000116	18.935806	3.2
1797	359.463191	86.979444	0.000116	47.696874	2.8
1798	351.938713	86.983792	0.000116	33.002527	5.2
1799	354.304378	86.978421	0.000116	56.441317	3.3
1800	394.536167	87.039818	0.000116	113.184872	5.0
1801	344.872422	87.025063	0.000116	27.926989	3.3
1802	357.180556	87.043416	0.000116	44.449862	4.8
1803	368.869773	87.036194	0.000116	19.820325	5.3
1804	380.697948	87.047664	0.000116	65.565812	4.0
1805	372.719850	87.067430	0.000116	72.608119	3.6
1806	361.488196	87.052815	0.000116	50.868801	3.5
1807	344.075647	87.176698	0.000116	24.994343	3.1
1808	342.713468	87.209871	0.000116	41.438167	4.9
1809	369.724960	87.210962	0.000116	19.709455	5.0
1810	359.701860	87.227567	0.000116	31.855980	4.9
1811	376.509222	87.225558	0.000116	77.314311	4.4
1812	383.113903	87.320324	0.000116	52.046396	3.9
1813	375.470700	87.455044	0.000116	52.799762	3.9
1814	364.873970	87.673916	0.000115	51.133058	3.4
1815	360.025742	87.668226	0.000115	63.584713	4.8
1816	354.258796	87.712950	0.000115	34.644612	4.1
1817	381.019484	87.699734	0.000115	31.515841	4.8
1818	363.685515	87.729828	0.000115	29.895430	4.8
1819	371.829661	87.743590	0.000115	18.628856	5.4
1820	368.866402	87.744234	0.000115	31.033277	4.9
1821	363.291700	87.746823	0.000115	27.070456	5.0
1822	388.269129	87.758749	0.000115	103.628207	4.4
1823	371.961122	87.764394	0.000115	50.521218	4.1
1824	380.683159	87.756450	0.000115	53.420584	3.9
1825	381.797085	87.958311	0.000115	47.946919	3.2
1826	374.024725	87.948479	0.000115	24.278669	3.4
1827	398.752554	87.951579	0.000115	23.037849	4.9
1828	369.922878	87.945635	0.000115	26.817115	3.2
1829	362.568364	87.947971	0.000115	81.345996	3.1
1830	373.990268	87.950471	0.000115	43.934349	2.8
1831	339.331605	88.034805	0.000115	20.888671	2.8
1832	372.844208	88.032981	0.000115	8.716657	2.9
1833	386.267757	88.034025	0.000115	33.180895	4.0
1834	380.068444	88.031331	0.000115	44.549239	4.0
1835	370.149196	88.020239	0.000115	46.806743	3.1
1836	359.817458	88.006503	0.000115	11.236113	3.4
1837	362.636202	88.001733	0.000115	11.677005	5.4
1838	379.811249	88.002296	0.000115	50.381867	3.7
1839	372.592178	88.000367	0.000115	51.357122	3.5
1840	384.139628	88.157032	0.000115	55.392339	3.3
1841	348.723851	88.160161	0.000115	51.845884	3.4
1842	363.373007	88.305726	0.000115	44.620767	3.3
1843	366.153429	88.291964	0.000115	38.013742	6.5
1844	368.759090	88.306515	0.000115	24.010226	3.3
1845	368.374867	88.302784	0.000115	46.105702	3.3
1846	363.392128	88.309602	0.000115	16.430605	3.5
1847	357.934416	88.317572	0.000115	34.875696	4.0
1848	373.697126	88.311269	0.000115	36.975443	4.0
1849	360.019892	88.309158	0.000115	30.771240	4.4
1850	347.166807	88.298477	0.000115	39.565257	4.7
1851	365.250844	88.328134	0.000115	46.339518	4.3
1852	384.815875	88.327738	0.000115	51.674161	4.6
1853	361.240255	88.316303	0.000115	56.435025	4.6
1854	378.128157	88.532208	0.000114	64.108107	3.5
1855	380.468581	88.523470	0.000114	41.804460	4.9
1856	358.691700	88.726483	0.000114	27.752411	3.5
1857	364.342278	88.752419	0.000114	21.325670	3.5
1858	344.308434	88.761020	0.000114	61.042947	3.5
1859	350.420083	88.759905	0.000114	23.141514	3.4
1860	366.354853	88.792111	0.000114	44.370344	3.5
1861	375.936960	88.810433	0.000114	25.190072	4.8
1862	366.466274	88.839213	0.000114	47.678472	3.4
1863	363.524375	88.830169	0.000114	41.961704	3.5
1864	358.778849	88.838659	0.000114	35.665954	3.3
1865	360.185076	88.826877	0.000114	45.033823	5.5
1866	356.390289	88.836352	0.000114	38.115423	4.9
1867	333.541953	88.824246	0.000114	100.792485	4.2
1868	360.379781	88.809488	0.000114	50.538595	3.3
1869	351.867026	89.550544	0.000113	40.423605	5.1
1870	359.874724	89.539147	0.000113	36.602832	5.1
1871	344.485594	89.532629	0.000113	59.613756	3.5
1872	355.176971	89.547506	0.000113	73.393397	4.6
1873	382.644345	89.583977	0.000113	59.761105	5.1
1874	373.641391	89.568976	0.000113	17.588578	5.3
1875	376.745231	89.587577	0.000113	36.076616	5.3
1876	371.979622	89.583815	0.000113	71.707857	4.2
1877	355.310434	89.621070	0.000113	25.211409	5.0
1878	371.248732	89.633480	0.000113	50.169933	2.3
1879	357.594511	89.673214	0.000113	21.297010	8.4
1880	362.820290	89.676411	0.000113	24.556261	3.4
1881	357.626023	89.682423	0.000113	24.806561	3.6
1882	365.493509	89.690538	0.000113	36.273754	4.2
1883	372.061088	89.682899	0.000113	71.249402	2.8
1884	360.884222	89.678579	0.000113	33.300144	4.5
1885	350.267176	89.704812	0.000113	34.685227	2.5
1886	366.942312	89.723214	0.000113	9.910703	4.2
1887	369.036280	89.726891	0.000113	33.015129	7.1
1888	347.405925	89.731609	0.000113	23.946804	3.3
1889	351.223719	89.751150	0.000113	38.590562	3.2
1890	350.288020	89.774227	0.000113	34.448486	2.4
1891	363.477560	89.800345	0.000113	22.851286	2.4
1892	359.677192	89.815636	0.000113	44.166218	2.5
1893	380.567722	89.811349	0.000113	53.857901	2.6
1894	363.016483	89.935827	0.000113	16.129108	4.1
1895	369.099721	89.949574	0.000113	38.971332	4.1
1896	360.483374	89.950042	0.000113	47.603409	4.0
1897	364.444777	89.943530	0.000113	35.674981	3.0
1898	355.819141	89.948797	0.000113	50.379361	4.9
1899	348.233567	89.940479	0.000113	9.304480	2.9
1900	371.851865	89.941006	0.000113	33.852453	5.2
1901	372.504899	89.940728	0.000113	30.034387	4.7
1902	350.842810	89.946072	0.000113	57.930657	4.6
1903	363.384864	89.934502	0.000113	33.179185	4.0
1904	348.889807	89.931953	0.000113	44.967159	6.3
1905	378.873701	89.925399	0.000113	36.443165	3.7
1906	345.280520	89.913276	0.000113	25.818916	3.7
1907	361.445567	89.906412	0.000113	41.832280	3.6
1908	351.253850	89.904620	0.000113	58.463152	4.1
1909	369.185518	89.892172	0.000113	24.993775	3.7
1910	364.183198	89.915152	0.000113	46.339053	3.4
1911	340.506435	89.924120	0.000113	36.813677	3.4
1912	368.499012	89.972740	0.000113	26.070152	3.3
1913	387.924701	89.995871	0.000113	26.735068	3.2
1914	342.214798	89.989680	0.000113	34.328002	3.2
1915	355.591412	89.989435	0.000113	76.906418	3.3
1916	371.996079	89.978183	0.000113	32.990462	4.9
1917	346.494714	90.035436	0.000113	16.075608	4.9
1918	351.393392	90.029745	0.000113	36.214577	7.0
1919	373.582854	90.039834	0.000113	29.142042	3.6
1920	374.261574	90.050695	0.000113	14.390340	3.8
1921	364.464048	90.053343	0.000113	44.893498	3.8
1922	358.303263	90.046179	0.000113	20.506582	3.9
1923	363.014128	90.070512	0.000113	43.510655	4.4
1924	367.555680	90.078291	0.000113	27.202422	4.0
1925	366.297916	90.069868	0.000113	41.807649	4.5
1926	362.020995	90.064360	0.000113	30.253619	3.4
1927	365.976924	90.101755	0.000113	36.022596	4.2
1928	375.145746	90.094459	0.000113	19.228869	3.6
1929	356.493700	90.108007	0.000113	77.599526	4.7
1930	358.423613	90.137115	0.000113	42.510621	5.4
1931	343.772389	90.135720	0.000113	19.475088	4.4
1932	380.966688	90.128370	0.000113	37.812532	6.3
1933	353.308880	90.129379	0.000113	33.051224	5.2
1934	366.594297	90.136005	0.000113	21.361378	5.3
1935	354.680118	90.144392	0.000113	28.029667	4.4
1936	396.181309	90.143228	0.000113	58.665190	3.1
1937	361.189543	90.143335	0.000113	35.920893	3.2
1938	353.563700	90.258391	0.000113	43.048151	3.9
1939	363.807198	90.247503	0.000113	35.235694	6.4
1940	356.371691	90.235541	0.000113	44.461823	4.7
1941	365.962658	90.248390	0.000113	22.718658	4.3
1942	381.254383	90.257550	0.000113	36.696888	5.3
1943	349.796408	90.273067	0.000113	29.211090	4.8
1944	363.636124	90.286224	0.000113	46.128288	4.7
1945	367.176447	90.293040	0.000113	31.744708	5.4
1946	363.361452	90.284395	0.000113	18.137348	4.1
1947	360.248448	90.279847	0.000113	67.754507	2.9
1948	349.283305	90.292017	0.000113	52.559531	3.1
1949	345.721611	90.595044	0.000112	9.532507	4.8
1950	354.397666	90.595691	0.000112	28.344750	3.2
1951	379.777368	90.597136	0.000112	49.293858	3.2
1952	347.496265	90.603596	0.000112	40.422369	4.9
1953	386.773050	90.595677	0.000112	15.417938	3.2
1954	351.528340	90.599163	0.000112	27.601619	5.0
1955	349.291535	90.593766	0.000112	24.134818	3.1
1956	368.730833	90.590549	0.000112	82.869083	2.7
1957	370.107565	90.622911	0.000112	8.886114	2.9
1958	358.170567	90.626197	0.000112	25.941673	2.9
1959	371.814753	90.623999	0.000112	68.658797	2.9
1960	364.747221	90.628085	0.000112	33.233633	2.8
1961	357.093734	90.617533	0.000112	29.983930	4.7
1962	357.932856	90.632775	0.000112	24.683887	3.4
1963	362.566804	90.642544	0.000112	56.069822	3.6
1964	358.783966	90.664475	0.000112	46.522264	3.8
1965	362.436620	90.682845	0.000112	33.499036	3.8
1966	358.571529	90.679991	0.000112	41.901023	4.8
1967	378.002444	90.668047	0.000112	42.405125	3.2
1968	364.907494	90.696344	0.000112	31.771185	4.8
1969	355.656159	90.718929	0.000112	63.319848	6.3
1970	371.131858	90.735891	0.000112	27.714045	3.3
1971	369.284207	90.727164	0.000112	29.067213	5.8
1972	350.938092	90.721260	0.000112	75.778724	5.2
1973	357.708407	90.812536	0.000112	46.951539	5.4
1974	367.078374	90.797816	0.000112	22.493755	4.7
1975	375.243238	90.811115	0.000112	82.018889	4.4
1976	356.658253	90.837730	0.000112	12.578366	3.4
1977	354.093676	90.844070	0.000112	12.984659	3.8
1978	359.105752	90.846336	0.000112	43.079878	3.4
1979	360.404376	90.853669	0.000112	39.138443	6.1
1980	376.093890	90.898055	0.000112	63.190155	4.5
1981	370.326981	91.033819	0.000112	26.917753	4.8
1982	374.579350	91.026545	0.000112	24.675949	4.9
1983	344.398832	91.038872	0.000112	47.371114	5.1
1984	364.091286	91.037112	0.000112	77.056061	4.9
1985	356.330026	91.107716	0.000112	21.721942	4.8
1986	360.466884	91.103354	0.000112	51.414879	4.5
1987	390.357343	91.100764	0.000112	27.696420	4.5
1988	362.270373	91.127857	0.000112	58.805922	4.8
1989	359.533213	91.120499	0.000112	25.668281	4.5
1990	345.254167	91.132275	0.000112	35.938510	5.1
1991	380.257785	91.139980	0.000112	46.389709	5.0
1992	360.920066	91.127339	0.000112	54.774663	5.2
1993	375.351624	91.143197	0.000112	37.485840	4.3
1994	366.157235	91.175940	0.000112	27.026727	3.7
1995	366.531592	91.183085	0.000112	36.589595	3.7
1996	371.198433	91.177042	0.000112	26.217193	5.5
1997	377.800009	91.177274	0.000112	50.750610	7.1
1998	349.623998	91.180405	0.000112	36.819494	3.8
1999	353.374201	91.197764	0.000112	43.710065	3.8
