1:ItNr	2:Metric	3a:Time	3b:StepSize	4:||Gradient||	Time[ms]
0	883.755932	0.000000	0.000261	275.376692	182.7
1	854.917790	0.000000	0.000261	258.341926	2.3
2	819.500444	1.000000	0.000249	310.988011	2.3
3	834.914544	2.000000	0.000239	404.911421	2.3
4	809.971753	3.000000	0.000229	246.863071	2.3
5	791.609757	4.000000	0.000220	76.012806	2.4
6	840.609490	4.203542	0.000218	78.451024	2.5
7	720.685881	4.265732	0.000217	63.347529	2.6
8	762.907289	4.261003	0.000217	84.945355	2.7
9	826.376008	4.260383	0.000217	54.570951	5.0
10	826.422604	4.306146	0.000217	75.213118	4.9
11	804.559474	4.321851	0.000217	83.944515	4.9
12	823.903610	4.413345	0.000216	107.278251	3.2
13	834.564098	4.837729	0.000212	57.963451	4.2
14	808.708508	4.961406	0.000211	40.763009	3.8
15	814.016168	4.953436	0.000211	87.142969	3.8
16	773.342933	4.967931	0.000211	59.646942	3.0
17	811.501425	5.004813	0.000211	58.306453	3.1
18	849.131114	5.011008	0.000211	71.740583	3.1
19	889.616352	5.002693	0.000211	79.104586	3.1
20	856.627545	5.010649	0.000211	62.020000	5.2
21	804.503785	5.001158	0.000211	149.188942	5.2
22	804.125521	5.104809	0.000210	246.699773	5.3
23	794.443088	6.104809	0.000202	97.060920	4.8
24	874.272238	7.104720	0.000195	56.936046	4.5
25	816.875066	7.095305	0.000195	36.178733	4.3
26	872.965846	7.096630	0.000195	106.882222	4.4
27	872.561615	7.096670	0.000195	163.259087	4.6
28	800.151186	7.868589	0.000190	113.002106	5.2
29	766.606677	8.864500	0.000184	59.713234	4.7
30	827.240486	8.854203	0.000184	71.077215	4.7
31	845.436775	8.877254	0.000184	76.636405	4.5
32	836.801361	8.867768	0.000184	74.039474	3.7
33	771.105159	8.862522	0.000184	189.222355	3.5
34	775.091109	8.859262	0.000184	156.707235	3.7
35	844.507697	9.858757	0.000178	110.791703	3.5
36	843.157365	10.795260	0.000173	69.746694	3.4
37	832.082190	11.091936	0.000171	98.398423	3.4
38	771.067738	11.262084	0.000170	46.820293	3.3
39	800.783662	11.262487	0.000170	105.083969	3.2
40	805.854313	11.258772	0.000170	49.533121	3.3
41	912.396623	11.266109	0.000170	91.845601	3.7
42	810.254461	11.260914	0.000170	121.005742	3.6
43	806.413018	11.473361	0.000169	60.936352	3.6
44	893.369763	11.633398	0.000168	38.887720	3.5
45	833.835379	11.626144	0.000168	72.398329	3.7
46	824.556283	11.618731	0.000168	71.697677	4.8
47	817.411408	11.682204	0.000168	35.240438	4.9
48	809.498265	11.687691	0.000168	38.949202	4.0
49	809.790248	11.683649	0.000168	93.608040	4.0
50	881.076641	11.684274	0.000168	129.637332	4.0
51	817.957468	12.521640	0.000164	125.697065	3.5
52	805.259487	13.512654	0.000159	120.960195	3.5
53	793.620207	14.432012	0.000155	105.792625	3.5
54	850.849085	15.348808	0.000151	44.981059	3.4
55	916.401033	15.389462	0.000151	106.538348	3.4
56	866.079216	15.379859	0.000151	76.274741	3.4
57	808.284893	15.665944	0.000150	34.464787	3.7
58	765.703507	15.658227	0.000150	46.299200	3.8
59	849.733350	15.652980	0.000150	126.595551	3.5
60	763.943804	15.743026	0.000149	146.270784	3.1
61	803.990494	16.739376	0.000145	101.249028	3.2
62	820.750688	17.712313	0.000142	93.216085	5.0
63	791.293229	18.218535	0.000140	108.754500	5.1
64	851.151088	18.911945	0.000137	112.231319	4.4
65	758.634084	19.703800	0.000135	51.742280	4.0
66	855.075037	19.717419	0.000135	54.009312	3.6
67	807.117133	19.712550	0.000135	90.115802	4.2
68	862.327244	19.766154	0.000135	73.363883	5.1
69	819.283580	19.755850	0.000135	62.494972	5.2
70	792.394573	19.761549	0.000135	92.201074	5.1
71	828.598660	19.755700	0.000135	66.713382	5.3
72	837.957213	19.799874	0.000135	47.799704	5.2
73	821.558487	19.801794	0.000134	62.112220	4.1
74	818.646361	19.814314	0.000134	44.015083	4.6
75	823.690419	19.819292	0.000134	66.694451	5.0
76	822.265406	19.831279	0.000134	74.335800	5.1
77	784.696694	19.836978	0.000134	80.512453	4.0
78	787.823278	19.865125	0.000134	59.298640	4.0
79	845.784891	19.919918	0.000134	69.170670	3.9
80	854.809775	19.910300	0.000134	72.493871	3.8
81	776.005450	19.952440	0.000134	45.527333	3.8
82	784.612493	19.943407	0.000134	35.095300	3.6
83	803.850899	19.938004	0.000134	47.731247	3.9
84	824.079320	19.938571	0.000134	58.845919	5.2
85	822.733147	19.930877	0.000134	93.420640	4.9
86	857.239597	19.932215	0.000134	71.482554	4.2
87	853.764114	20.094315	0.000134	110.184784	5.1
88	876.369723	20.084221	0.000134	103.935682	5.0
89	777.548637	20.162113	0.000133	66.268966	3.9
90	849.272313	20.388040	0.000133	197.701974	3.9
91	860.789492	20.760843	0.000131	147.053279	3.6
92	837.669419	21.760839	0.000128	66.310136	3.5
93	834.477708	21.750398	0.000128	109.518041	3.5
94	848.564266	21.984256	0.000128	53.076739	3.7
95	813.696198	22.043415	0.000127	46.136525	3.6
96	768.006169	22.037550	0.000128	83.490577	3.7
97	781.765193	22.052496	0.000127	135.468915	3.4
98	820.719371	22.915183	0.000125	37.332483	3.5
99	827.554898	22.958525	0.000125	46.327661	3.3
100	839.627119	22.957815	0.000125	36.074084	3.1
101	851.225674	22.955195	0.000125	43.770009	3.1
102	814.288480	22.951904	0.000125	37.634491	3.1
103	846.548482	22.949083	0.000125	54.329080	3.0
104	833.901256	22.949981	0.000125	61.207390	2.9
105	830.469606	22.944707	0.000125	46.907841	3.0
106	853.360368	22.936173	0.000125	85.938915	3.5
107	828.806722	22.934826	0.000125	184.764598	3.5
108	795.112977	23.894358	0.000122	46.220857	3.5
109	809.077503	23.968274	0.000122	113.585614	4.7
110	808.842036	23.960010	0.000122	96.767284	4.8
111	848.108096	24.018255	0.000122	44.006709	3.8
112	766.625016	24.008759	0.000122	38.204277	3.9
113	811.914866	24.005469	0.000122	183.790956	3.9
114	829.165689	24.038392	0.000122	56.030594	3.5
115	840.767179	24.120133	0.000122	49.328861	3.4
116	788.895998	24.113468	0.000122	137.459462	3.4
117	811.025392	24.103315	0.000122	66.450385	7.1
118	818.763892	24.503216	0.000121	43.957564	5.2
119	789.980502	24.502230	0.000121	68.488243	4.6
120	807.470067	24.493495	0.000121	67.199070	4.2
121	796.799993	24.544475	0.000120	36.784380	4.5
122	780.856160	24.544839	0.000120	39.652932	4.5
123	835.685119	24.541628	0.000120	54.876541	4.5
124	832.839357	24.536402	0.000121	114.454907	4.5
125	832.624980	24.531189	0.000121	166.105009	4.4
126	801.583950	25.529342	0.000118	80.548353	5.3
127	860.793671	26.433337	0.000116	54.942887	5.1
128	796.797919	26.423864	0.000116	74.839690	5.1
129	815.540731	26.439208	0.000116	39.052497	5.5
130	840.587437	26.438120	0.000116	30.945343	5.4
131	773.026835	26.436422	0.000116	40.658521	5.1
132	813.629693	26.436761	0.000116	26.836259	5.0
133	858.498766	26.434398	0.000116	40.110606	5.1
134	780.069079	26.430688	0.000116	67.009081	4.7
135	810.922442	26.423658	0.000116	82.775782	4.9
136	763.400472	26.497996	0.000116	75.238562	4.8
137	783.419453	26.546514	0.000115	61.888359	4.8
138	823.643871	26.609007	0.000115	54.273569	4.8
139	836.724340	26.641275	0.000115	103.614930	4.0
140	842.899359	26.631654	0.000115	170.437535	3.8
141	785.123164	27.627037	0.000113	58.195729	3.8
142	863.686124	27.739455	0.000113	36.328884	3.6
143	745.026640	27.737965	0.000113	50.212701	3.6
144	822.595470	27.737888	0.000113	69.661721	3.4
145	896.248350	27.732672	0.000113	41.893074	3.4
146	794.689316	27.745685	0.000113	79.192260	3.4
147	817.451747	27.737722	0.000113	83.140758	3.1
148	844.434293	27.736437	0.000113	41.275980	3.0
149	838.917570	27.734255	0.000113	35.509094	3.1
150	803.382822	27.730669	0.000113	77.213174	3.0
151	854.917264	27.733332	0.000113	27.453482	2.9
152	754.380110	27.732450	0.000113	27.103941	3.0
153	836.195245	27.729117	0.000113	101.463328	3.0
154	825.621184	27.733024	0.000113	147.235966	3.1
155	810.264224	28.528117	0.000111	105.123465	3.2
156	738.248312	29.509706	0.000109	120.659434	3.2
157	747.762186	30.269601	0.000107	38.755533	3.2
158	829.720372	30.284414	0.000107	44.581642	3.2
159	807.600549	30.289717	0.000107	85.499812	3.2
160	884.024100	30.323627	0.000107	34.113052	3.4
161	804.004626	30.332559	0.000107	93.875731	3.4
162	811.599327	30.327794	0.000107	96.951118	3.5
163	817.694942	30.903946	0.000106	49.166331	3.7
164	793.310067	30.904477	0.000106	36.622979	3.6
165	831.228050	30.901320	0.000106	173.957063	3.7
166	802.919050	30.957819	0.000106	86.590343	3.5
167	814.903217	31.923305	0.000104	63.196839	3.6
168	806.676444	31.913348	0.000104	79.503360	4.2
169	804.084041	31.904262	0.000104	92.422497	5.2
170	838.121526	31.895997	0.000104	89.947069	9.5
171	850.084302	32.325132	0.000103	63.000020	4.5
172	808.126300	32.456132	0.000103	89.679455	3.6
173	774.669480	32.603292	0.000102	32.478473	3.7
174	771.367337	32.602066	0.000102	51.250208	3.4
175	821.003216	32.599949	0.000102	38.087651	3.4
176	779.866216	32.593420	0.000102	68.619912	3.5
177	863.469527	32.593356	0.000102	135.034555	3.4
178	881.531534	33.187342	0.000101	67.495708	3.3
179	791.204344	33.625821	0.000100	38.175682	3.3
180	783.363337	33.619203	0.000100	101.040238	3.1
181	811.386411	33.648763	0.000100	78.069578	4.7
182	804.856151	33.975771	0.000100	26.228864	4.6
183	884.752899	33.972647	0.000100	51.010494	5.0
184	802.071285	33.970582	0.000100	80.931728	5.2
185	805.131327	33.990794	0.000100	49.484157	5.2
186	773.300186	33.997343	0.000100	59.640931	4.6
187	890.562356	34.011142	0.000100	107.911575	5.2
188	791.176224	34.181064	0.000099	38.391626	5.3
189	839.679625	34.194795	0.000099	67.436551	5.1
190	890.228076	34.186747	0.000099	64.954862	5.0
191	866.666395	34.215188	0.000099	27.691085	5.0
192	824.492219	34.212420	0.000099	94.591577	4.4
193	767.243567	34.207549	0.000099	111.412331	4.1
194	832.486097	34.950222	0.000098	90.266075	3.9
195	754.135326	35.602714	0.000097	90.168231	3.5
196	800.897134	36.009324	0.000096	83.826899	3.5
197	804.527497	36.312717	0.000096	67.405778	3.5
198	815.007242	36.434929	0.000096	31.626490	3.3
199	799.441951	36.428362	0.000096	50.773060	3.2
200	829.829545	36.431556	0.000096	34.587842	3.2
201	813.482153	36.427768	0.000096	40.784239	3.5
202	771.221645	36.428795	0.000096	40.860320	3.7
203	782.686722	36.432190	0.000096	117.011539	3.6
204	808.128879	36.422473	0.000096	44.406280	3.3
205	779.348706	36.431840	0.000096	65.696561	3.3
206	806.257205	36.427877	0.000096	70.132016	3.5
207	792.325445	36.444900	0.000096	52.139650	5.1
208	796.399909	36.436881	0.000096	75.473941	5.3
209	785.430827	36.430998	0.000096	70.444415	4.2
210	797.509266	36.422183	0.000096	74.508278	4.1
211	833.999042	36.418034	0.000096	152.469689	4.2
212	835.172194	37.181887	0.000094	185.355495	4.7
213	781.156994	38.181881	0.000093	53.575756	4.0
214	855.976669	38.277104	0.000093	60.756308	7.0
215	800.493115	38.280078	0.000093	50.188418	4.4
216	822.827700	38.271288	0.000093	107.433454	4.3
217	769.820518	38.382247	0.000092	65.209950	5.1
218	797.177484	38.612398	0.000092	70.372175	5.1
219	767.924527	38.602502	0.000092	74.332841	5.3
220	826.858640	38.623485	0.000092	39.192225	5.1
221	836.050998	38.625350	0.000092	41.934696	5.0
222	805.639034	38.620566	0.000092	54.130136	5.1
223	766.766098	38.614705	0.000092	54.696779	5.1
224	815.467537	38.635850	0.000092	121.869227	5.1
225	824.162029	38.625794	0.000092	55.595329	4.1
226	794.973487	38.846579	0.000092	53.130420	4.2
227	771.942839	38.838196	0.000092	38.179538	4.8
228	773.978527	38.843509	0.000092	35.017146	4.2
229	793.333233	38.839661	0.000092	49.906664	5.3
230	852.384831	38.844305	0.000092	44.170285	5.2
231	814.073398	38.838927	0.000092	42.392190	4.1
232	747.620382	38.837552	0.000092	72.646959	4.7
233	797.030453	38.829734	0.000092	47.798255	4.6
234	812.013377	38.821007	0.000092	122.306364	3.7
235	861.577908	38.876772	0.000092	44.304280	3.6
236	797.799232	38.866976	0.000092	31.998431	3.5
237	804.773800	38.861311	0.000092	100.397817	3.4
238	794.973446	38.873093	0.000092	35.658030	3.4
239	791.517326	38.866271	0.000092	74.492558	4.6
240	853.405095	38.864155	0.000092	34.253991	3.3
241	762.122608	38.865160	0.000092	105.216411	3.2
242	781.115649	38.859844	0.000092	33.428728	3.8
243	858.112494	38.856108	0.000092	58.614693	3.7
244	834.370436	38.855214	0.000092	123.468590	3.6
245	846.299697	39.045202	0.000091	56.682890	3.0
246	819.502388	39.037249	0.000091	40.452102	3.0
247	815.000782	39.037844	0.000091	58.207956	3.0
248	835.586276	39.033233	0.000091	38.841508	3.0
249	853.581756	39.030946	0.000091	47.280807	3.0
250	798.111100	39.024972	0.000091	71.742277	3.0
251	826.412909	39.026008	0.000091	32.645069	3.1
252	778.908658	39.031595	0.000091	44.149944	3.3
253	744.552635	39.028205	0.000091	98.230198	3.3
254	779.938891	39.034615	0.000091	64.356958	3.4
255	770.774139	39.070600	0.000091	56.402749	3.6
256	811.055131	39.061445	0.000091	52.542198	3.6
257	779.518945	39.057522	0.000091	27.070696	3.3
258	800.310305	39.052662	0.000091	58.834768	3.3
259	761.978391	39.048821	0.000091	40.196241	3.8
260	800.581415	39.043374	0.000091	54.516647	6.5
261	790.261597	39.039452	0.000091	41.281754	3.5
262	783.764942	39.031661	0.000091	67.127026	4.0
263	812.109852	39.027287	0.000091	116.462435	4.2
264	793.751448	39.451571	0.000091	58.302591	3.8
265	799.032097	39.711986	0.000090	52.773148	4.1
266	790.180778	39.703286	0.000090	98.405289	4.0
267	798.778885	39.693272	0.000090	46.586301	3.2
268	798.666845	39.743803	0.000090	44.832993	3.3
269	825.066770	39.740854	0.000090	117.741810	3.4
270	783.173849	39.734313	0.000090	76.195785	4.9
271	828.828936	40.314366	0.000089	34.074691	4.6
272	824.439095	40.308169	0.000090	98.555029	3.4
273	807.448086	40.323404	0.000089	104.055525	5.0
274	814.289908	41.017684	0.000088	60.876055	6.1
275	801.733364	41.220005	0.000088	56.412094	5.7
276	793.839037	41.217373	0.000088	67.020122	5.2
277	871.279629	41.232823	0.000088	40.637383	5.2
278	795.474027	41.230191	0.000088	59.499616	5.4
279	825.161471	41.222761	0.000088	86.092985	5.5
280	831.504203	41.212859	0.000088	101.920890	4.2
281	730.501144	41.715650	0.000087	56.919926	4.0
282	814.734175	41.705607	0.000088	31.294657	3.9
283	748.397980	41.702176	0.000088	51.825287	3.5
284	810.991608	41.698211	0.000088	36.883450	3.4
285	766.290260	41.701323	0.000088	49.095430	3.6
286	833.503719	41.698495	0.000088	96.357544	3.7
287	770.507989	41.696004	0.000088	39.169769	3.6
288	845.106475	41.706083	0.000088	97.620515	3.7
289	790.216709	41.698151	0.000088	42.169145	5.0
290	792.734794	41.720630	0.000087	49.456307	5.2
291	831.744602	41.716243	0.000087	37.715524	5.2
292	821.245689	41.714695	0.000088	58.109625	4.1
293	812.008581	41.718738	0.000087	41.444614	4.3
294	761.141397	41.731471	0.000087	55.820529	4.9
295	772.235827	41.725998	0.000087	74.935533	5.0
296	809.982420	41.725574	0.000087	95.200023	4.6
297	733.183278	41.746083	0.000087	53.198460	4.3
298	904.236590	41.736171	0.000087	110.780518	4.4
299	795.927117	41.844708	0.000087	40.128454	5.0
300	832.968085	41.837884	0.000087	73.842118	5.1
301	814.278902	41.849097	0.000087	30.462437	5.2
302	829.741411	41.851444	0.000087	76.874028	5.0
303	743.851828	41.849649	0.000087	68.256739	4.0
304	872.212678	41.973014	0.000087	40.151146	4.0
305	789.362284	41.987476	0.000087	92.694744	3.7
306	736.932390	42.001125	0.000087	39.879471	3.7
307	791.756379	42.010371	0.000087	41.424307	3.7
308	805.414732	42.009237	0.000087	55.970416	5.9
309	796.951451	42.017577	0.000087	30.653516	5.2
310	750.523374	42.013881	0.000087	26.031439	4.2
311	805.585372	42.011847	0.000087	24.199548	4.2
312	822.102727	42.008882	0.000087	62.625867	5.1
313	744.637917	42.007380	0.000087	65.821338	4.2
314	773.172817	42.014859	0.000087	39.310684	4.3
315	819.575755	42.017505	0.000087	69.291153	4.5
316	749.365282	42.015083	0.000087	58.440543	4.5
317	784.376712	42.058102	0.000087	98.785933	4.3
318	802.141585	42.090103	0.000087	42.289323	4.9
319	778.934936	42.083903	0.000087	22.169943	4.8
320	797.802281	42.082246	0.000087	57.273460	4.9
321	800.411987	42.079125	0.000087	29.433364	4.1
322	816.017259	42.072999	0.000087	127.511563	4.1
323	810.412309	42.078696	0.000087	135.416698	3.7
324	806.926047	43.065120	0.000086	47.612576	3.6
325	802.032419	43.069237	0.000086	68.541276	3.5
326	792.173897	43.086741	0.000086	104.350687	2.9
327	818.626746	43.125675	0.000086	75.674988	2.9
328	775.135745	43.523966	0.000085	46.804649	2.9
329	805.453556	43.546413	0.000085	50.839244	3.0
330	792.541007	43.538868	0.000085	103.091985	2.8
331	799.286479	43.529521	0.000085	72.607091	2.8
332	799.133778	43.727601	0.000085	112.997234	2.9
333	851.760476	43.717232	0.000085	33.909511	3.0
334	788.233023	43.709926	0.000085	55.399287	3.0
335	799.705980	43.711059	0.000085	47.940283	3.0
336	890.510682	43.729003	0.000085	35.476576	3.3
337	805.413058	43.725609	0.000085	77.852895	3.3
338	828.526856	43.718087	0.000085	133.508079	3.3
339	764.882959	44.417151	0.000084	33.285021	3.2
340	828.264868	44.414790	0.000084	54.747098	3.2
341	831.253053	44.409605	0.000084	74.614123	3.3
342	831.292813	44.400723	0.000084	62.304989	3.7
343	822.467250	44.410444	0.000084	97.597055	3.7
344	791.989081	44.400550	0.000084	133.964631	4.0
345	841.628600	45.322622	0.000083	75.357703	5.2
346	703.009649	45.923329	0.000082	52.251010	5.1
347	811.910709	45.948944	0.000082	54.610714	5.2
348	785.240344	45.941064	0.000082	38.584761	4.8
349	830.731722	45.950277	0.000082	84.641902	5.0
350	828.298924	45.968138	0.000082	86.786511	4.9
351	752.892292	46.232702	0.000082	53.835264	5.2
352	809.819599	46.251030	0.000082	53.503882	4.9
353	752.576571	46.246282	0.000082	48.164240	5.0
354	851.917355	46.245223	0.000082	63.058823	4.9
355	786.338219	46.260855	0.000082	62.777331	3.8
356	795.843841	46.312833	0.000082	35.815660	3.8
357	822.711766	46.310246	0.000082	61.101103	3.9
358	808.447729	46.304991	0.000082	76.070525	5.3
359	805.030222	46.324028	0.000082	47.978407	6.4
360	852.906886	46.337948	0.000081	86.566764	4.7
361	744.101386	46.333239	0.000081	68.181678	4.9
362	764.740581	46.334544	0.000081	75.880948	4.9
363	834.602021	46.324727	0.000082	121.190534	3.9
364	812.639936	46.910966	0.000081	79.897723	3.8
365	784.817790	46.900703	0.000081	43.251713	4.0
366	766.817156	46.899066	0.000081	57.993607	3.4
367	762.118973	46.891416	0.000081	68.822444	3.4
368	801.026294	46.933819	0.000081	54.165821	3.4
369	802.215856	46.960988	0.000081	24.084240	3.4
370	759.384882	46.959860	0.000081	92.856532	3.3
371	783.597091	46.959753	0.000081	86.919353	3.5
372	769.207660	47.401819	0.000080	96.690452	3.6
373	786.663917	47.859470	0.000080	66.651438	3.6
374	813.566764	47.849356	0.000080	154.865387	3.1
375	818.923876	48.279968	0.000079	42.656042	3.0
376	819.816274	48.343684	0.000079	41.390281	3.0
377	842.430437	48.342800	0.000079	31.073043	3.0
378	816.100914	48.338671	0.000079	32.106939	2.9
379	806.804562	48.338765	0.000079	67.331842	2.9
380	762.732755	48.332015	0.000079	56.188641	2.9
381	799.465391	48.322938	0.000079	85.616858	3.1
382	772.052536	48.315895	0.000079	66.296418	3.0
383	815.820016	48.455623	0.000079	125.967484	3.0
384	824.937447	48.454686	0.000079	108.161426	3.1
385	779.317080	49.414610	0.000078	46.314996	3.3
386	803.387399	49.439469	0.000078	75.313086	3.3
387	748.491521	49.433962	0.000078	31.140377	3.5
388	804.492263	49.443444	0.000078	122.368756	3.4
389	770.868956	49.434750	0.000078	51.919636	3.3
390	832.285578	49.530755	0.000078	111.200043	3.5
391	918.199746	49.523517	0.000078	67.773654	3.7
392	777.465593	49.515655	0.000078	49.902216	3.8
393	780.611753	49.545422	0.000078	91.289031	3.3
394	779.208896	49.539464	0.000078	118.366191	3.0
395	820.760702	49.529011	0.000078	81.998506	3.0
396	766.581145	50.112582	0.000077	52.398086	3.0
397	826.107174	50.117946	0.000077	46.698150	3.0
398	835.193493	50.125178	0.000077	74.303115	2.9
399	794.540405	50.116933	0.000077	67.688804	2.9
400	807.796647	50.127542	0.000077	40.948331	2.9
401	848.939296	50.121258	0.000077	54.914531	3.0
402	778.488741	50.119610	0.000077	64.591716	3.0
403	819.885349	50.116550	0.000077	31.228024	3.2
404	769.002425	50.112723	0.000077	104.500987	3.2
405	791.216038	50.105448	0.000077	62.970229	3.2
406	836.716156	50.355976	0.000077	64.641661	3.5
407	786.239042	50.415088	0.000077	30.365327	3.7
408	822.752372	50.408674	0.000077	74.077966	3.8
409	794.199520	50.416175	0.000077	53.933816	3.0
410	891.311239	50.407346	0.000077	31.381842	3.0
411	831.161406	50.404782	0.000077	35.670267	3.0
412	848.152868	50.403353	0.000077	35.980856	3.2
413	793.049381	50.403163	0.000077	70.367220	5.0
414	763.462913	50.401860	0.000077	72.485410	5.1
415	764.559863	50.505149	0.000077	33.416450	5.5
416	825.550861	50.503436	0.000077	57.286011	4.4
417	804.815497	50.504807	0.000077	99.076678	4.2
418	745.992773	50.635229	0.000077	55.330244	4.0
419	840.769258	50.625281	0.000077	38.387736	3.8
420	711.792660	50.632133	0.000077	83.396429	3.8
421	782.002988	50.634983	0.000077	39.695258	3.7
422	800.862126	50.634190	0.000077	33.733419	3.6
423	820.291057	50.630735	0.000077	55.421261	3.6
424	840.347193	50.627300	0.000077	47.709889	3.4
425	778.828165	50.646452	0.000077	88.703551	3.5
426	837.653600	50.636758	0.000077	23.900923	5.2
427	816.179747	50.637902	0.000077	44.934088	5.1
428	790.419055	50.633812	0.000077	43.029108	5.2
429	780.157279	50.628387	0.000077	59.650033	5.5
430	779.670651	50.621808	0.000077	64.772913	4.6
431	764.082734	50.666881	0.000077	82.816639	4.0
432	766.317736	50.675951	0.000077	71.321800	4.4
433	821.166250	50.815525	0.000076	100.102177	3.8
434	861.457721	51.107414	0.000076	64.939900	3.6
435	785.874148	51.291871	0.000076	43.050632	3.8
436	853.395012	51.306909	0.000076	144.191949	3.7
437	769.801317	51.343142	0.000076	63.681627	3.7
438	765.520236	51.752009	0.000075	38.909660	3.6
439	812.953431	51.752095	0.000075	65.189829	3.6
440	748.176569	51.760322	0.000075	94.685254	3.5
441	733.488041	51.750879	0.000075	56.545367	3.0
442	816.629534	51.750267	0.000075	38.811151	3.0
443	746.567692	51.760297	0.000075	45.072772	2.9
444	794.734300	51.766592	0.000075	82.081992	2.9
445	823.126996	51.758266	0.000075	51.332219	2.9
446	808.582635	51.777034	0.000075	24.192947	3.0
447	818.224278	51.775331	0.000075	43.315372	2.9
448	803.951589	51.774023	0.000075	20.807684	3.0
449	815.653891	51.772164	0.000075	55.079693	3.0
450	809.564507	51.769080	0.000075	63.127398	3.1
451	769.408420	51.760032	0.000075	50.843021	3.4
452	783.627658	51.781580	0.000075	47.443693	3.3
453	827.078128	51.782852	0.000075	62.874227	3.3
454	846.561800	51.775003	0.000075	40.883564	3.2
455	777.662624	51.781320	0.000075	27.641760	3.2
456	801.973506	51.776557	0.000075	48.440720	3.2
457	796.817180	51.773290	0.000075	110.363538	3.3
458	794.373774	51.771206	0.000075	80.517435	3.3
459	837.796005	52.364542	0.000075	41.280751	3.4
460	788.431150	52.391093	0.000075	48.410168	5.1
461	752.597499	52.390462	0.000075	80.927419	5.2
462	777.398227	52.382251	0.000075	169.426563	4.5
463	836.822686	53.322952	0.000074	79.466941	3.9
464	766.294255	53.363593	0.000074	47.910287	4.2
465	767.833540	53.361553	0.000074	69.324199	4.5
466	826.165485	53.389464	0.000074	45.663814	4.4
467	818.682782	53.412191	0.000074	153.545573	3.6
468	815.202342	53.635734	0.000074	107.836172	3.8
469	773.876598	54.630790	0.000073	49.928093	5.2
470	736.313022	54.621101	0.000073	33.210808	3.3
471	800.850458	54.616920	0.000073	76.800224	3.4
472	806.202539	54.612160	0.000073	77.319997	3.7
473	823.655624	54.762136	0.000072	27.812190	5.1
474	798.951063	54.764516	0.000072	81.424862	3.9
475	799.393739	54.766044	0.000072	65.356644	4.1
476	778.002380	54.758415	0.000072	27.750567	4.0
477	737.807272	54.756584	0.000072	78.912359	4.9
478	766.904428	54.761065	0.000072	168.287892	5.2
479	812.480418	54.751405	0.000072	40.601201	5.1
480	825.390229	54.745159	0.000072	112.602204	5.3
481	831.355754	54.744234	0.000072	91.617417	4.1
482	752.677001	54.733797	0.000072	68.785607	4.3
483	846.233626	54.917616	0.000072	78.719224	5.3
484	798.475450	54.907572	0.000072	28.659029	4.9
485	746.025756	54.907860	0.000072	55.744091	3.9
486	812.714109	54.907034	0.000072	60.729987	3.8
487	757.517221	54.898863	0.000072	106.605782	3.7
488	792.815498	55.121073	0.000072	40.069323	3.7
489	779.612208	55.112015	0.000072	52.763940	3.6
490	759.341135	55.115553	0.000072	40.785635	3.6
491	826.399964	55.111968	0.000072	170.229849	3.6
492	791.424871	55.125608	0.000072	68.983469	3.5
493	785.892442	55.723627	0.000072	123.916284	3.3
494	757.814419	55.713298	0.000072	53.180415	3.3
495	828.265364	55.798678	0.000071	39.526474	3.2
496	827.441427	55.793455	0.000071	21.824824	3.1
497	796.072271	55.791214	0.000071	42.241582	3.2
498	745.606387	55.788231	0.000071	54.129718	3.1
499	776.865497	55.782466	0.000071	75.582639	3.1
500	808.264723	55.794796	0.000071	27.999785	3.0
501	867.397709	55.794708	0.000071	45.252430	3.2
502	750.162960	55.795086	0.000071	51.487781	3.1
503	824.581882	55.797762	0.000071	40.905001	3.0
504	794.528221	55.795010	0.000071	34.608752	2.9
505	819.095179	55.791977	0.000071	45.161365	3.0
506	781.207950	55.789246	0.000071	41.257999	2.9
507	790.234514	55.792248	0.000071	26.909423	2.9
508	756.722556	55.787693	0.000071	82.548597	2.9
509	802.698769	55.782535	0.000071	78.928029	3.1
510	824.893967	55.978380	0.000071	65.958644	3.1
511	808.217115	55.971966	0.000071	39.432477	3.0
512	795.845392	55.971592	0.000071	27.063758	3.1
513	793.691060	55.968897	0.000071	41.725711	3.1
514	788.380422	55.969203	0.000071	71.543466	3.1
515	765.415667	55.967693	0.000071	55.364466	5.0
516	795.011012	56.027826	0.000071	42.737611	5.2
517	829.671211	56.036015	0.000071	46.381063	4.9
518	848.218701	56.029951	0.000071	38.513891	2.7
519	779.357122	56.036725	0.000071	70.706486	5.0
520	805.466912	56.029682	0.000071	25.753484	4.9
521	796.744208	56.024084	0.000071	91.065734	4.9
522	812.183791	56.017901	0.000071	31.552082	3.6
523	781.119721	56.017177	0.000071	96.291691	3.4
524	784.590057	56.015294	0.000071	35.826559	3.4
525	765.465092	56.009028	0.000071	37.760178	3.4
526	765.778145	56.004532	0.000071	55.889583	4.1
527	819.310215	55.998168	0.000071	41.703450	4.8
528	793.237708	55.994774	0.000071	47.432267	4.9
529	831.478487	56.003776	0.000071	68.878147	3.9
530	817.921514	56.028337	0.000071	104.837422	3.4
531	809.963152	56.389552	0.000071	146.008056	3.6
532	774.262919	57.376122	0.000070	63.934461	3.4
533	819.834623	58.019925	0.000069	37.287520	3.4
534	881.148334	58.013212	0.000069	41.420005	3.3
535	818.088327	58.018868	0.000069	64.792601	3.0
536	841.308548	58.019447	0.000069	51.177118	3.0
537	826.445027	58.023460	0.000069	38.295162	3.0
538	793.164022	58.019081	0.000069	42.366031	3.4
539	803.076765	58.014314	0.000069	70.384568	3.7
540	788.319556	58.038866	0.000069	103.087373	3.5
541	786.076614	58.028696	0.000069	42.859303	3.2
542	759.409437	58.062652	0.000069	34.085890	2.4
543	803.932646	58.057168	0.000069	55.924420	2.4
544	776.218169	58.050942	0.000069	50.576143	2.8
545	826.898511	58.050468	0.000069	29.965284	2.3
546	823.968325	58.046277	0.000069	93.572885	2.3
547	812.338372	58.042966	0.000069	52.428025	2.3
548	849.761445	58.045310	0.000069	84.525466	2.4
549	820.356575	58.035548	0.000069	48.011405	2.4
550	796.109680	58.058793	0.000069	59.291181	2.5
551	837.747165	58.050091	0.000069	101.963970	2.6
552	797.223671	58.215011	0.000069	139.710418	2.6
553	795.909163	59.183700	0.000068	23.812686	2.6
554	809.391540	59.175503	0.000068	193.289813	2.9
555	877.249574	59.218096	0.000068	68.266942	2.9
556	781.007713	59.995147	0.000068	46.623302	2.9
557	789.832732	59.986448	0.000068	103.671885	2.4
558	769.567524	60.021647	0.000068	42.344234	2.4
559	807.556192	60.013119	0.000068	129.410155	2.3
560	773.096427	60.080754	0.000068	84.292233	2.4
561	776.631124	60.746527	0.000067	56.031289	2.5
562	808.689678	60.788301	0.000067	55.393949	2.6
563	849.171803	60.806712	0.000067	50.276374	2.5
564	811.881038	60.832226	0.000067	40.105173	2.6
565	765.690235	60.825793	0.000067	98.875677	2.7
566	764.799611	60.842100	0.000067	42.826165	2.8
567	757.260416	60.898383	0.000067	65.848993	2.7
568	785.118092	60.890200	0.000067	33.245733	2.7
569	775.340196	60.886466	0.000067	88.205847	2.7
570	780.225629	60.883591	0.000067	91.086762	2.7
571	755.642605	60.953129	0.000067	32.151630	2.7
572	807.720023	60.956059	0.000067	40.124827	2.8
573	734.384646	60.957843	0.000067	59.219194	2.8
574	787.478779	60.960622	0.000067	59.477380	2.9
575	804.090163	60.962382	0.000067	45.736797	2.7
576	749.184162	60.954488	0.000067	46.250763	2.8
577	807.011548	60.951795	0.000067	80.873882	2.8
578	840.158496	60.942377	0.000067	103.307099	2.8
579	799.013824	61.456125	0.000067	65.075009	2.8
580	776.891468	61.588319	0.000066	45.164789	2.8
581	776.938295	61.581105	0.000066	97.104785	2.9
582	873.970167	61.576822	0.000066	61.480137	2.8
583	784.568480	61.612862	0.000066	73.760713	3.1
584	768.589534	61.603942	0.000066	84.294594	3.3
585	768.681092	61.594200	0.000066	76.390077	5.0
586	844.281098	61.723068	0.000066	26.003053	4.6
587	818.320798	61.719685	0.000066	36.441983	5.0
588	789.019705	61.716395	0.000066	47.086584	5.0
589	803.105420	61.717935	0.000066	85.750768	4.2
590	778.036693	61.714654	0.000066	91.612612	4.8
591	751.578036	62.149412	0.000066	46.064762	4.9
592	778.570911	62.143543	0.000066	31.715366	5.0
593	830.991842	62.146610	0.000066	49.926051	4.9
594	834.010434	62.142788	0.000066	33.753175	4.3
595	822.719063	62.146779	0.000066	70.113761	4.5
596	732.300675	62.140163	0.000066	33.437551	3.9
597	835.832582	62.143272	0.000066	70.149333	3.7
598	781.121376	62.142990	0.000066	28.433777	4.5
599	799.474038	62.137248	0.000066	48.616208	3.4
600	814.036123	62.140242	0.000066	81.207647	3.3
601	863.242734	62.153458	0.000066	48.878839	3.5
602	832.484788	62.196987	0.000066	62.006474	3.2
603	775.450578	62.188305	0.000066	108.304800	3.1
604	813.526240	62.192903	0.000066	99.988669	3.2
605	768.280396	63.000792	0.000065	35.047181	3.1
606	743.102859	62.998277	0.000065	49.889518	3.0
607	782.828737	62.993998	0.000065	43.721915	3.0
608	830.708740	62.992720	0.000065	91.382613	3.0
609	815.843674	63.041102	0.000065	36.652058	3.0
610	812.048519	63.032563	0.000065	130.750024	3.1
611	829.459559	63.039737	0.000065	91.416369	3.0
612	767.476787	63.920101	0.000065	73.334453	3.1
613	801.540288	64.187223	0.000064	75.095639	3.0
614	780.926879	64.177267	0.000064	72.559185	3.1
615	814.253097	64.332887	0.000064	31.703355	3.1
616	809.017810	64.350919	0.000064	39.314465	3.1
617	796.563207	64.349414	0.000064	57.322606	3.1
618	812.364856	64.348602	0.000064	23.276637	3.2
619	772.020081	64.346251	0.000064	21.443256	3.2
620	840.980901	64.344593	0.000064	46.352369	3.2
621	774.436086	64.342475	0.000064	58.344398	3.2
622	817.083668	64.334422	0.000064	33.513292	3.4
623	832.665748	64.327662	0.000064	31.804899	3.9
624	790.449897	64.325789	0.000064	31.118950	3.3
625	794.896363	64.323295	0.000064	86.624310	3.3
626	749.145077	64.322362	0.000064	43.662536	3.3
627	742.899638	64.335430	0.000064	86.039283	3.7
628	790.639724	64.380496	0.000064	56.787891	3.6
629	763.079670	64.478924	0.000064	74.222401	3.5
630	807.077639	64.545933	0.000064	68.444369	3.9
631	848.756851	64.634221	0.000064	33.468746	4.0
632	763.305847	64.637835	0.000064	65.683179	3.8
633	803.752125	64.645417	0.000064	60.438629	3.8
634	776.183849	64.641071	0.000064	62.739671	4.1
635	792.769660	64.647909	0.000064	62.101003	3.8
636	818.808781	64.703499	0.000064	106.041563	3.4
637	762.341387	64.950651	0.000064	114.892967	3.4
638	746.849184	65.754874	0.000063	54.962285	3.4
639	775.503207	65.852644	0.000063	26.582749	5.1
640	803.414628	65.854742	0.000063	95.799059	5.2
641	783.996706	65.861874	0.000063	34.876048	4.9
642	828.153454	65.872041	0.000063	28.463054	4.8
643	774.985974	65.867435	0.000063	109.447332	5.1
644	812.824053	65.865432	0.000063	31.097993	4.3
645	763.002205	65.862047	0.000063	58.109524	4.0
646	781.886683	65.857455	0.000063	45.134169	3.7
647	751.001812	65.879028	0.000063	34.172137	3.5
648	763.904260	65.878647	0.000063	102.773562	3.9
649	781.443509	65.879212	0.000063	68.056969	5.1
650	825.128347	66.124635	0.000063	34.161552	5.2
651	794.685397	66.125168	0.000063	53.506982	4.2
652	807.447686	66.120599	0.000063	52.462321	3.7
653	779.016563	66.111998	0.000063	93.833083	4.0
654	821.268745	66.171782	0.000063	64.287183	5.2
655	811.031023	66.351896	0.000063	46.814514	5.6
656	878.822883	66.357197	0.000063	85.391900	4.2
657	869.746107	66.396966	0.000063	52.231656	4.1
658	814.489858	66.397362	0.000063	53.396241	5.6
659	747.789908	66.393951	0.000063	26.437605	5.2
660	764.485124	66.392753	0.000063	41.639041	4.1
661	754.503375	66.389157	0.000063	109.919661	5.0
662	768.163540	66.410992	0.000063	87.793238	5.1
663	807.502256	66.854938	0.000062	121.804735	5.1
664	852.193263	67.486462	0.000062	29.104340	4.1
665	764.746948	67.479718	0.000062	105.093606	4.1
666	773.332110	67.478599	0.000062	61.753283	3.8
667	781.658719	67.468342	0.000062	56.283631	3.8
668	760.691663	67.473994	0.000062	37.423956	3.7
669	763.340794	67.479456	0.000062	43.973941	3.3
670	815.837998	67.473341	0.000062	57.980062	3.3
671	812.940429	67.481292	0.000062	42.827325	3.3
672	773.593112	67.475647	0.000062	78.198440	3.5
673	859.563843	67.484112	0.000062	73.013678	3.5
674	814.599984	67.660613	0.000062	32.040915	3.5
675	767.699496	67.653687	0.000062	62.628591	3.2
676	838.955353	67.661459	0.000062	54.241881	3.2
677	793.264627	67.700015	0.000062	44.467502	3.2
678	798.924755	67.694604	0.000062	71.074521	3.3
679	753.716170	67.695740	0.000062	57.010608	3.3
680	858.658978	67.699278	0.000062	69.879955	3.3
681	806.654147	67.747934	0.000062	29.718003	3.4
682	819.418661	67.746995	0.000062	19.705573	3.5
683	761.578229	67.744957	0.000062	50.474377	3.4
684	834.700551	67.741635	0.000062	90.444307	3.8
685	783.471269	67.823166	0.000062	86.196847	3.0
686	783.961219	68.131968	0.000062	86.304179	2.9
687	785.137463	68.424964	0.000061	35.715080	2.7
688	793.153020	68.444679	0.000061	27.102927	2.7
689	801.529447	68.440546	0.000061	87.179702	4.6
690	786.410621	68.439679	0.000061	125.027345	5.2
691	794.574734	68.446091	0.000061	73.402606	5.0
692	800.430717	68.827542	0.000061	103.315243	2.5
693	837.299278	68.817159	0.000061	84.430214	2.4
694	748.540783	69.356870	0.000061	131.541992	2.6
695	737.271733	70.116306	0.000060	29.309142	2.5
696	790.479987	70.136492	0.000060	41.603965	2.6
697	788.364708	70.131339	0.000060	66.713357	2.5
698	844.073025	70.133583	0.000060	84.766237	2.6
699	850.361373	70.165049	0.000060	79.771251	2.5
700	775.089236	70.155112	0.000060	55.364449	3.1
701	760.207475	70.148399	0.000060	46.917255	2.8
702	818.032729	70.150080	0.000060	50.351693	2.7
703	815.378479	70.151613	0.000060	72.806217	2.7
704	785.761212	70.142975	0.000060	45.333648	3.9
705	735.916171	70.145958	0.000060	137.237767	5.0
706	757.464294	70.137930	0.000060	31.793875	5.1
707	836.257950	70.186492	0.000060	96.132576	2.4
708	838.257208	70.178730	0.000060	90.416478	2.4
709	719.396879	70.738737	0.000060	43.211910	2.5
710	784.810844	70.730796	0.000060	55.643794	3.4
711	840.361644	70.727394	0.000060	78.709331	2.6
712	787.351497	70.720262	0.000060	33.557348	2.7
713	785.103522	70.737677	0.000060	39.786597	2.7
714	710.551079	70.734895	0.000060	28.075227	3.5
715	783.568710	70.733952	0.000060	32.484310	2.8
716	832.417284	70.731045	0.000060	39.342761	3.1
717	770.970243	70.730431	0.000060	78.972022	3.1
718	766.620152	70.756025	0.000060	36.814199	3.1
719	815.461628	70.771170	0.000060	61.798126	2.6
720	831.332165	70.785164	0.000060	26.681371	2.5
721	804.589760	70.779321	0.000060	83.991631	2.5
722	757.833719	70.792381	0.000060	61.544574	2.6
723	791.788395	70.784391	0.000060	61.305184	2.6
724	787.154234	70.777437	0.000060	74.791020	2.6
725	868.332158	70.840493	0.000060	39.810409	2.6
726	763.412179	70.840364	0.000060	50.513276	2.6
727	795.687454	70.833446	0.000060	37.140035	2.7
728	811.943504	70.827477	0.000060	21.778804	2.7
729	816.231923	70.826133	0.000060	42.443000	2.7
730	825.253296	70.823386	0.000060	26.898959	2.9
731	844.219454	70.824685	0.000060	88.574700	2.9
732	799.052014	70.824195	0.000060	34.701445	2.9
733	816.274808	70.844534	0.000060	44.994195	2.9
734	823.904670	70.839285	0.000060	55.647009	2.9
735	788.906755	70.834546	0.000060	78.771641	2.9
736	716.051637	70.825763	0.000060	55.248539	2.9
737	797.932310	70.816441	0.000060	51.247795	3.0
738	774.271474	70.819081	0.000060	84.935046	3.1
739	773.153891	70.819889	0.000060	63.869908	3.1
740	818.022264	70.812676	0.000060	54.745448	3.2
741	845.901281	70.803356	0.000060	94.330965	3.3
742	763.202851	70.943460	0.000060	46.413875	3.4
743	761.771379	71.013580	0.000060	31.938367	3.6
744	795.230975	71.008058	0.000060	35.813716	3.8
745	772.764507	71.007723	0.000060	89.372358	3.8
746	781.758451	71.007618	0.000060	48.088607	3.0
747	739.634692	71.035251	0.000060	65.732113	3.0
748	752.691014	71.044798	0.000060	86.927213	3.0
749	830.604974	71.230418	0.000059	34.442603	3.0
750	719.659645	71.229683	0.000059	19.099248	2.9
751	760.515585	71.228180	0.000060	42.888635	2.8
752	745.144503	71.227479	0.000060	36.341560	2.9
753	768.906525	71.221096	0.000060	64.748629	3.1
754	793.031588	71.218572	0.000060	85.530459	3.0
755	727.885117	71.301552	0.000059	77.281369	3.1
756	767.870212	71.513696	0.000059	43.914799	3.1
757	783.935993	71.526686	0.000059	31.929278	3.3
758	807.472086	71.527848	0.000059	104.748952	3.3
759	782.118796	71.555095	0.000059	113.301582	3.6
760	817.072501	72.419288	0.000059	69.040439	3.8
761	850.026155	72.418289	0.000059	101.065118	5.1
762	841.091083	72.408009	0.000059	91.258982	4.9
763	758.315189	72.842252	0.000058	77.619303	4.5
764	861.199557	72.833062	0.000058	46.545609	3.5
765	742.894089	72.840763	0.000058	58.711633	3.5
766	789.016654	72.847306	0.000058	42.361964	3.4
767	763.907564	72.842035	0.000058	34.125224	3.3
768	789.580050	72.841937	0.000058	70.308635	3.3
769	754.201650	72.838692	0.000058	66.248162	3.4
770	811.154144	72.856077	0.000058	26.578987	3.2
771	795.374037	72.859111	0.000058	28.094394	3.3
772	775.842726	72.858205	0.000058	51.369177	3.6
773	779.076784	72.856754	0.000058	97.517671	3.7
774	744.467265	72.919779	0.000058	83.596958	3.7
775	786.172360	72.911216	0.000058	90.664805	3.7
776	816.724476	72.936617	0.000058	55.782308	4.3
777	792.266061	73.047646	0.000058	112.617186	4.2
778	794.402123	73.236851	0.000058	41.649327	3.5
779	741.850617	73.236954	0.000058	64.538621	2.8
780	785.754968	73.248164	0.000058	29.231128	2.9
781	806.273936	73.251247	0.000058	44.384741	2.8
782	839.469337	73.250479	0.000058	121.088473	2.6
783	801.479062	73.242073	0.000058	61.054541	2.7
784	783.803690	73.452152	0.000058	69.366221	2.9
785	779.675178	73.442763	0.000058	31.797155	2.6
786	786.587098	73.436039	0.000058	22.391092	2.7
787	780.476216	73.434603	0.000058	98.103700	2.7
788	777.294044	73.438503	0.000058	70.129840	2.9
789	768.293883	73.608531	0.000058	35.442499	2.9
790	811.137035	73.602060	0.000058	36.606936	2.9
791	792.344076	73.598079	0.000058	107.726880	3.0
792	813.130620	73.628612	0.000058	65.944177	3.2
793	852.202634	73.651309	0.000058	48.512148	3.1
794	767.423602	73.664697	0.000058	75.944982	3.2
795	788.520719	73.656903	0.000058	85.217636	5.0
796	780.699044	73.791606	0.000058	40.122326	5.0
797	799.606607	73.786728	0.000058	102.745520	4.4
798	734.428074	73.784017	0.000058	55.744985	4.8
799	802.236183	73.774247	0.000058	153.745357	4.9
800	722.572562	74.199212	0.000058	82.318680	4.9
801	760.830536	74.251173	0.000058	50.660837	3.7
802	784.717242	74.268745	0.000058	84.447681	3.8
803	811.964082	74.344742	0.000058	45.286916	3.7
804	775.373249	74.335486	0.000058	115.613051	3.6
805	803.850775	74.427827	0.000058	46.345582	3.5
806	811.723644	74.426882	0.000058	59.248664	3.5
807	757.919176	74.443303	0.000057	95.189987	3.3
808	759.348328	74.433472	0.000058	21.473223	3.5
809	834.440736	74.433085	0.000058	38.182939	3.6
810	801.858762	74.432848	0.000058	39.372995	3.6
811	831.591387	74.426790	0.000058	71.695356	3.6
812	797.652738	74.436927	0.000057	129.359266	3.0
813	772.338529	74.426488	0.000058	60.501198	3.0
814	776.917751	74.857618	0.000057	25.710987	3.0
815	834.638231	74.851926	0.000057	45.662464	3.0
816	828.036326	74.847234	0.000057	152.970628	5.3
817	795.405373	75.107097	0.000057	43.384045	3.1
818	821.980570	75.267764	0.000057	101.492758	3.3
819	802.056317	75.258091	0.000057	47.102559	5.2
820	778.939318	75.248541	0.000057	56.808496	3.3
821	791.419163	75.270170	0.000057	29.533026	4.7
822	784.329670	75.263582	0.000057	35.691060	5.2
823	785.206037	75.262647	0.000057	136.466540	5.1
824	771.163532	75.289347	0.000057	52.497023	5.5
825	796.837907	75.460696	0.000057	22.415194	5.0
826	820.800105	75.461357	0.000057	80.594444	4.7
827	807.067818	75.466706	0.000057	29.490264	4.8
828	751.642675	75.462707	0.000057	54.591384	5.4
829	726.264038	75.460351	0.000057	91.590700	5.0
830	786.755553	75.506796	0.000057	48.117427	5.3
831	791.899998	75.593722	0.000057	43.088922	4.7
832	845.590606	75.592896	0.000057	32.597992	2.9
833	829.814419	75.591996	0.000057	28.716094	3.3
834	744.274223	75.593235	0.000057	33.968059	3.3
835	821.422671	75.590759	0.000057	81.037527	3.6
836	846.136300	75.597376	0.000057	70.229284	3.2
837	752.385298	75.716610	0.000057	32.860528	3.1
838	815.005968	75.727495	0.000057	58.930009	3.1
839	773.053889	75.723837	0.000057	30.794969	3.1
840	822.955930	75.717240	0.000057	40.097534	5.5
841	842.485534	75.719360	0.000057	143.536696	6.8
842	789.816703	75.735604	0.000057	25.856054	4.9
843	797.629613	75.761776	0.000057	75.944621	5.4
844	762.078638	75.765001	0.000057	141.081473	5.1
845	788.211849	76.531114	0.000056	32.352255	3.5
846	777.207466	76.538782	0.000056	26.007975	3.5
847	814.049116	76.537393	0.000056	60.951244	3.3
848	843.391659	76.537266	0.000056	52.433903	3.2
849	765.361534	76.550634	0.000056	85.865504	3.1
850	772.460492	76.544444	0.000056	38.544171	3.2
851	780.277569	76.576772	0.000056	74.420508	3.1
852	816.496149	76.584797	0.000056	49.100958	6.5
853	749.037303	76.575841	0.000056	44.269692	3.6
854	751.360675	76.568293	0.000056	78.954160	3.5
855	751.583291	76.575109	0.000056	84.571357	3.6
856	746.388557	76.564915	0.000056	35.483901	4.0
857	774.669281	76.584191	0.000056	31.229874	4.0
858	761.403436	76.585777	0.000056	67.653183	4.8
859	801.096494	76.597154	0.000056	37.130421	5.9
860	790.050573	76.593076	0.000056	60.141818	4.3
861	743.647936	76.587734	0.000056	64.262052	3.7
862	824.415691	76.627714	0.000056	65.899534	3.8
863	768.352698	76.665669	0.000056	28.837997	4.6
864	744.007353	76.659385	0.000056	62.895610	3.9
865	758.788533	76.655505	0.000056	48.722147	3.6
866	736.761981	76.655350	0.000056	103.269744	4.0
867	763.484831	76.647786	0.000056	79.580115	4.4
868	815.426865	76.886932	0.000056	31.619381	4.8
869	782.514218	76.881553	0.000056	76.069537	4.8
870	836.738198	76.875515	0.000056	92.239534	3.2
871	756.339019	76.866072	0.000056	39.196103	3.3
872	780.402335	76.857018	0.000056	101.682002	3.1
873	793.405820	76.883416	0.000056	46.910980	2.8
874	767.870026	76.944446	0.000056	25.577689	5.0
875	808.942380	76.946044	0.000056	33.129217	5.9
876	832.971164	76.942427	0.000056	34.695988	2.5
877	774.216458	76.940866	0.000056	45.148961	2.5
878	856.308201	76.935210	0.000056	50.195756	2.6
879	811.446410	76.940927	0.000056	116.730245	4.1
880	830.019059	76.961159	0.000056	29.940786	5.0
881	729.662862	76.981431	0.000056	39.659125	5.2
882	802.308037	76.981739	0.000056	95.560646	5.0
883	792.450712	76.989724	0.000056	118.041402	5.0
884	726.640630	77.886742	0.000055	67.851008	4.7
885	756.783554	77.876348	0.000055	85.735367	5.3
886	739.926574	77.866144	0.000056	78.992935	2.7
887	782.682060	77.986269	0.000055	102.674450	3.1
888	739.493034	77.975983	0.000055	77.739485	2.5
889	751.314775	78.188898	0.000055	56.136276	2.9
890	754.104210	78.249308	0.000055	47.619326	3.7
891	845.422463	78.256331	0.000055	42.306299	3.7
892	772.679605	78.257890	0.000055	66.765319	3.3
893	815.727504	78.250072	0.000055	49.585039	3.8
894	777.493006	78.247486	0.000055	46.944765	4.7
895	803.375148	78.243428	0.000055	72.577179	2.6
896	715.408204	78.268975	0.000055	116.791576	5.7
897	780.259412	78.689786	0.000055	43.117189	5.2
898	757.777389	78.702608	0.000055	64.309192	5.1
899	836.016448	78.697075	0.000055	70.723896	5.1
900	805.577891	78.739917	0.000055	93.941874	5.1
901	779.089165	78.730162	0.000055	59.994333	6.2
902	779.478570	78.758109	0.000055	75.721915	4.1
903	769.292300	78.748769	0.000055	37.317236	4.8
904	860.868140	78.758337	0.000055	50.975163	4.9
905	771.336465	78.765317	0.000055	96.715238	5.2
906	775.682866	78.766085	0.000055	44.579317	4.1
907	761.452132	78.771589	0.000055	27.448674	3.9
908	788.156098	78.769752	0.000055	33.502040	3.9
909	768.805486	78.765621	0.000055	27.843874	3.9
910	775.114924	78.761381	0.000055	42.824722	4.2
911	815.170174	78.763624	0.000055	25.952719	5.9
912	816.046219	78.766027	0.000055	67.198901	4.9
913	805.791752	78.761506	0.000055	35.462519	5.0
914	763.670101	78.777404	0.000055	80.152448	7.2
915	748.223690	78.773686	0.000055	45.456076	5.2
916	788.577948	78.789622	0.000055	53.335609	3.1
917	754.158692	78.804615	0.000055	36.081265	4.0
918	794.677716	78.808261	0.000055	57.062642	5.0
919	791.763251	78.807921	0.000055	86.255189	5.5
920	799.449686	78.798025	0.000055	37.704446	4.9
921	786.872021	78.809961	0.000055	155.938124	2.6
922	753.476652	78.801327	0.000055	77.285767	2.7
923	779.173916	79.547722	0.000055	40.923553	8.1
924	805.312353	79.571193	0.000055	66.658911	2.8
925	806.383632	79.564252	0.000055	57.785125	5.2
926	730.615181	79.573056	0.000055	29.277922	2.8
927	732.965546	79.569981	0.000055	53.998225	2.7
928	681.616350	79.570479	0.000055	60.151551	6.4
929	819.981007	79.561465	0.000055	36.837604	3.1
930	758.248049	79.570473	0.000055	38.443137	3.3
931	810.422219	79.572551	0.000055	46.834636	3.6
932	787.597883	79.579308	0.000055	45.116195	4.2
933	810.900154	79.585329	0.000055	38.831666	3.4
934	817.070646	79.594348	0.000055	27.045008	3.4
935	761.780450	79.591648	0.000055	62.408698	3.5
936	774.533560	79.592056	0.000055	48.376632	4.7
937	785.463784	79.584427	0.000055	80.208061	5.0
938	763.147879	79.633880	0.000055	92.068332	4.4
939	808.117671	79.623893	0.000055	80.598784	3.8
940	802.635709	79.615849	0.000055	23.565321	3.4
941	832.382241	79.611300	0.000055	49.753624	4.0
942	810.885575	79.613961	0.000055	27.910827	4.2
943	793.398148	79.618328	0.000055	46.436822	5.6
944	785.041038	79.613260	0.000055	55.581217	3.8
945	779.288700	79.630180	0.000055	33.046031	3.2
946	784.392213	79.638059	0.000055	38.220905	3.5
947	736.933391	79.632865	0.000055	43.727264	3.3
948	863.946668	79.641054	0.000055	59.948675	3.1
949	766.381250	79.642221	0.000055	49.180412	3.3
950	759.742531	79.654120	0.000055	69.649732	3.1
951	749.019343	79.647916	0.000055	94.548523	2.9
952	753.782881	79.763676	0.000054	30.624099	4.9
953	775.906650	79.767294	0.000054	54.826039	4.5
954	772.347445	79.763747	0.000054	62.156167	5.0
955	837.047456	79.772176	0.000054	59.403813	4.6
956	774.287395	79.798318	0.000054	84.714470	3.4
957	779.162983	79.865982	0.000054	37.457090	3.4
958	845.670175	79.857757	0.000054	43.405155	5.6
959	773.388073	79.853654	0.000054	25.197066	3.5
960	778.536642	79.852584	0.000054	70.931085	3.8
961	772.970137	79.849301	0.000054	112.866213	5.2
962	735.210489	80.247615	0.000054	30.302941	5.4
963	805.822037	80.240047	0.000054	28.331358	4.0
964	753.807345	80.238815	0.000054	38.555921	7.8
965	765.585691	80.238629	0.000054	69.118246	4.0
966	734.820525	80.232798	0.000054	58.087912	6.3
967	720.662436	80.226348	0.000054	58.837034	3.9
968	801.574570	80.261891	0.000054	45.410604	3.9
969	734.245053	80.255233	0.000054	79.606155	6.0
970	787.699333	80.282257	0.000054	45.589708	7.5
971	848.286811	80.293934	0.000054	42.826347	4.1
972	821.743952	80.292258	0.000054	66.945844	4.2
973	741.329122	80.283722	0.000054	75.174275	6.8
974	775.359864	80.283540	0.000054	32.817076	4.4
975	810.520213	80.291378	0.000054	103.494195	4.5
976	803.008606	80.317841	0.000054	27.418123	5.2
977	766.945650	80.316614	0.000054	58.481474	4.3
978	795.787653	80.310565	0.000054	90.174410	7.3
979	772.336160	80.304703	0.000054	45.277617	4.3
980	745.200689	80.307900	0.000054	77.870784	4.8
981	779.160051	80.315538	0.000054	32.447348	5.0
982	784.553200	80.309149	0.000054	67.097452	4.9
983	832.220283	80.320055	0.000054	70.212386	3.1
984	795.750199	80.310192	0.000054	41.225149	3.3
985	780.028909	80.308191	0.000054	45.331637	3.2
986	801.738386	80.316538	0.000054	50.408053	4.1
987	765.800761	80.331117	0.000054	49.008213	3.4
988	745.846965	80.339716	0.000054	48.096492	3.3
989	775.604074	80.348979	0.000054	75.482495	3.2
990	794.954759	80.386574	0.000054	59.030002	3.2
991	814.298364	80.429121	0.000054	85.349431	4.8
992	773.552396	80.538539	0.000054	113.550970	4.8
993	799.234957	81.222484	0.000054	86.974714	6.4
994	761.285897	81.932302	0.000053	48.198570	3.2
995	780.722249	81.922805	0.000053	107.387448	3.5
996	799.688414	82.066062	0.000053	73.614817	4.6
997	839.806235	82.425349	0.000053	82.195046	3.6
998	840.338940	82.642018	0.000053	67.140222	4.0
999	827.447574	82.683247	0.000053	51.590539	5.7
1000	823.688952	82.719934	0.000053	52.981139	4.2
1001	834.777007	82.740279	0.000053	127.933974	5.2
1002	765.935931	82.730144	0.000053	71.571820	4.1
1003	740.700504	83.276402	0.000053	152.091493	2.6
1004	724.279669	83.265945	0.000053	22.367382	3.7
1005	749.112041	83.268692	0.000053	93.473478	2.6
1006	765.182670	83.264913	0.000053	46.508900	3.8
1007	814.000350	83.256723	0.000053	61.674465	4.4
1008	835.586611	83.276995	0.000053	48.076797	3.2
1009	762.538208	83.307583	0.000053	57.611436	3.1
1010	755.458117	83.299062	0.000053	63.697026	4.2
1011	790.784686	83.293538	0.000053	28.195110	3.2
1012	792.988401	83.291996	0.000053	20.691570	3.2
1013	780.192010	83.291133	0.000053	85.958543	7.8
1014	746.752313	83.288989	0.000053	39.170113	5.1
1015	759.764380	83.291545	0.000053	75.694803	5.3
1016	761.216587	83.301291	0.000053	103.814743	5.6
1017	811.653374	83.291099	0.000053	75.529511	5.7
1018	812.653550	83.618834	0.000052	92.666251	3.4
1019	767.894604	83.806183	0.000052	49.147208	2.9
1020	752.920328	83.796327	0.000052	33.950601	3.7
1021	769.873524	83.805230	0.000052	50.747023	3.0
1022	802.462840	83.810083	0.000052	74.779724	3.2
1023	783.959731	83.801641	0.000052	63.574867	6.0
1024	755.377885	83.884740	0.000052	81.150937	4.6
1025	811.826470	83.874803	0.000052	62.724298	2.8
1026	830.755161	83.866552	0.000052	50.637784	2.9
1027	804.021788	83.858085	0.000052	45.985065	3.2
1028	799.854989	83.864579	0.000052	36.591675	7.1
1029	855.444572	83.871124	0.000052	107.271687	3.7
1030	737.189784	83.876121	0.000052	40.751079	3.5
1031	742.194508	83.901530	0.000052	47.402617	3.8
1032	769.690348	83.897185	0.000052	52.888075	4.2
1033	809.672602	83.917458	0.000052	80.809529	4.2
1034	732.205063	84.001993	0.000052	28.779115	5.7
1035	773.905712	83.994436	0.000052	31.530212	5.3
1036	743.900900	83.996371	0.000052	37.524416	4.9
1037	765.857558	83.991272	0.000052	20.846446	5.3
1038	804.440988	83.987691	0.000052	73.049474	3.7
1039	808.654271	83.990454	0.000052	56.177391	3.9
1040	791.614347	83.983653	0.000052	52.114344	3.5
1041	813.899703	83.995373	0.000052	43.307676	3.4
1042	750.212316	83.987920	0.000052	51.311090	3.6
1043	786.990294	83.988553	0.000052	47.279104	3.7
1044	782.873873	83.982609	0.000052	33.133936	3.8
1045	768.372775	83.986446	0.000052	43.180322	2.9
1046	765.807617	83.980409	0.000052	38.893029	3.4
1047	795.447158	83.984417	0.000052	66.535106	6.1
1048	730.520645	84.004390	0.000052	25.741751	5.9
1049	790.236781	84.006310	0.000052	34.224609	5.3
1050	803.480140	84.004348	0.000052	57.672782	3.2
1051	794.600274	84.007182	0.000052	94.483259	4.8
1052	827.382625	84.033661	0.000052	103.152975	4.4
1053	820.348012	84.726407	0.000052	44.275621	6.1
1054	773.703951	84.765589	0.000052	52.500196	5.2
1055	738.419931	84.759441	0.000052	34.753222	4.7
1056	776.752865	84.752440	0.000052	134.456302	2.5
1057	787.042215	84.800520	0.000052	182.893282	3.0
1058	849.304489	85.800476	0.000051	66.172931	2.5
1059	782.151853	86.679155	0.000051	40.645678	3.9
1060	779.437701	86.671676	0.000051	48.892916	3.9
1061	739.248389	86.683145	0.000051	35.595935	4.0
1062	768.588131	86.693948	0.000051	67.897124	3.1
1063	833.844631	86.706896	0.000051	28.883895	4.9
1064	775.076686	86.704946	0.000051	67.349846	3.3
1065	798.146860	86.703423	0.000051	44.572396	5.4
1066	754.381581	86.723457	0.000051	43.208333	6.1
1067	810.694440	86.716291	0.000051	80.874577	5.2
1068	808.185451	86.759322	0.000051	76.923746	4.8
1069	769.474042	86.749234	0.000051	69.324309	4.8
1070	787.982085	86.798958	0.000051	58.971320	5.4
1071	748.967373	86.875016	0.000051	55.395446	5.1
1072	854.192663	86.910511	0.000051	42.143269	4.3
1073	774.255492	86.902479	0.000051	92.115316	4.5
1074	763.583149	86.933073	0.000051	39.118319	4.6
1075	764.190909	86.924736	0.000051	57.756430	4.7
1076	745.004440	86.923630	0.000051	78.758580	4.6
1077	767.994946	86.914689	0.000051	40.633513	4.8
1078	813.935548	86.908225	0.000051	44.369424	5.0
1079	746.737298	86.905071	0.000051	50.781339	5.2
1080	843.937540	86.908415	0.000051	21.943354	5.1
1081	774.213466	86.909402	0.000051	109.220062	5.1
1082	756.955058	86.910846	0.000051	72.300119	5.0
1083	809.130632	87.375673	0.000051	55.312116	4.5
1084	808.861770	87.394515	0.000051	60.697436	4.6
1085	835.696715	87.420823	0.000051	69.670842	4.3
1086	801.284800	87.443116	0.000051	89.978562	4.2
1087	837.475013	87.432900	0.000051	73.905550	4.3
1088	732.639941	87.425471	0.000051	75.736932	5.6
1089	855.627504	87.415382	0.000051	31.652723	3.8
1090	822.613902	87.411896	0.000051	148.418380	3.8
1091	791.744493	87.413132	0.000051	22.924969	5.8
1092	802.362893	87.429340	0.000051	52.311767	4.6
1093	778.177987	87.428023	0.000051	75.210461	4.8
1094	775.754621	87.453959	0.000051	34.265430	6.0
1095	803.004513	87.449802	0.000051	22.950174	5.0
1096	793.564539	87.446483	0.000051	82.736276	5.1
1097	808.936463	87.447758	0.000051	70.043150	3.7
1098	810.101548	87.440253	0.000051	70.287137	5.9
1099	795.587359	87.443763	0.000051	45.619232	3.5
1100	848.334993	87.444763	0.000051	96.705390	4.7
1101	796.733278	87.533792	0.000051	77.709995	4.2
1102	828.944571	87.950273	0.000050	39.254726	4.7
1103	824.180335	87.945630	0.000050	25.887876	3.6
1104	803.938829	87.942313	0.000050	90.096015	3.9
1105	778.517241	87.953604	0.000050	88.728332	3.9
1106	776.319448	87.943198	0.000050	50.221778	3.7
1107	795.499452	87.933443	0.000050	39.493653	3.6
1108	752.374579	87.929747	0.000050	26.406907	5.0
1109	842.973088	87.927154	0.000050	69.364546	5.3
1110	759.448415	87.922390	0.000050	31.740455	5.1
1111	827.041839	87.915120	0.000050	40.745850	4.5
1112	771.708599	87.909515	0.000050	37.282147	3.5
1113	777.662058	87.913954	0.000050	49.943035	2.9
1114	824.721568	87.920202	0.000050	64.167828	7.1
1115	837.735480	87.961926	0.000050	29.338891	5.0
1116	813.292700	87.959413	0.000050	73.095605	2.7
1117	769.968888	87.957638	0.000050	114.351856	2.6
1118	788.044474	88.535117	0.000050	61.125960	5.2
1119	817.604805	88.844107	0.000050	79.725431	4.6
1120	802.150244	88.834269	0.000050	72.480774	4.9
1121	807.633112	89.012171	0.000050	89.753126	3.5
1122	717.283448	89.292376	0.000050	63.611930	7.4
1123	790.265885	89.422390	0.000050	33.337573	4.9
1124	804.132452	89.420274	0.000050	28.498831	6.1
1125	806.512223	89.416224	0.000050	47.497915	2.9
1126	761.993061	89.417849	0.000050	78.431114	3.0
1127	755.468500	89.410967	0.000050	75.290896	3.0
1128	777.572845	89.599266	0.000050	110.471207	3.6
1129	809.492182	89.588856	0.000050	54.112996	4.4
1130	740.759187	89.640062	0.000050	45.724177	3.1
1131	710.858454	89.634704	0.000050	89.434898	4.1
1132	716.742259	89.673997	0.000050	60.614668	3.7
1133	751.163021	89.663889	0.000050	51.420466	3.9
1134	779.354174	89.699906	0.000050	90.940039	3.8
1135	745.730687	89.690293	0.000050	71.763033	5.2
1136	745.242715	89.680078	0.000050	84.477615	5.1
1137	801.697592	89.924347	0.000049	45.889873	4.6
1138	772.538575	89.914946	0.000049	114.143830	5.0
1139	808.000000	89.905560	0.000049	25.041402	5.6
1140	775.634969	89.900639	0.000049	22.294013	5.1
1141	819.025912	89.897628	0.000049	131.383281	5.0
1142	791.198436	89.897136	0.000049	36.251461	5.0
1143	764.049658	89.926702	0.000049	35.320916	4.7
1144	816.996110	89.921997	0.000049	41.638792	4.2
1145	754.452492	89.916936	0.000049	27.551765	4.2
1146	765.566382	89.912110	0.000049	60.330750	4.4
1147	796.700735	89.907707	0.000049	72.958920	4.9
1148	800.372192	89.993795	0.000049	49.860506	4.4
1149	807.066794	90.037042	0.000049	24.861367	4.4
1150	814.906602	90.037186	0.000049	33.416990	5.5
1151	798.136128	90.035449	0.000049	122.138017	5.6
1152	738.398864	90.027637	0.000049	68.678318	4.3
1153	774.077342	90.586544	0.000049	61.025588	7.3
1154	843.512346	90.579114	0.000049	82.920626	5.0
1155	764.556383	90.572285	0.000049	83.738070	5.0
1156	742.272132	90.628476	0.000049	55.227993	5.4
1157	717.793784	90.641770	0.000049	17.651020	5.2
1158	813.914528	90.639034	0.000049	42.945959	5.0
1159	770.916525	90.637856	0.000049	58.584566	5.0
1160	809.083840	90.640396	0.000049	137.240403	5.1
1161	826.187497	91.148039	0.000049	43.921443	4.9
1162	778.941641	91.138360	0.000049	31.019997	4.6
1163	744.071100	91.132877	0.000049	45.373963	5.6
1164	782.672944	91.137042	0.000049	71.859973	3.8
1165	766.366798	91.130691	0.000049	44.930851	3.8
1166	787.323591	91.126735	0.000049	44.844944	4.3
1167	781.288609	91.133544	0.000049	29.795915	4.4
1168	838.207192	91.127914	0.000049	29.278734	3.6
1169	785.161561	91.124177	0.000049	46.316681	4.2
1170	835.558292	91.127644	0.000049	87.003077	6.6
1171	795.084007	91.118184	0.000049	43.171795	3.5
1172	782.012095	91.166422	0.000049	67.812621	3.5
1173	735.948523	91.198065	0.000049	126.249216	3.8
1174	758.440822	91.405440	0.000049	59.518206	5.3
1175	741.096312	91.401916	0.000049	51.752694	5.5
1176	752.902068	91.405836	0.000049	19.397675	4.2
1177	766.306243	91.401971	0.000049	76.296166	4.2
1178	793.469820	91.404135	0.000049	68.040537	4.2
1179	766.816540	91.394747	0.000049	53.185321	4.0
1180	776.296284	91.386200	0.000049	110.452586	3.8
1181	815.526109	91.413346	0.000049	59.201126	4.0
1182	825.282625	91.638033	0.000049	121.833028	6.0
1183	763.404019	91.799508	0.000049	40.597717	4.8
1184	725.966753	91.789942	0.000049	51.253141	4.7
1185	774.906330	91.787210	0.000049	34.414692	4.7
1186	806.808555	91.795279	0.000049	46.730377	4.6
1187	772.816224	91.791249	0.000049	51.651895	2.5
1188	795.116497	91.798003	0.000049	61.159134	2.3
1189	766.639977	91.817561	0.000049	52.436303	3.6
1190	812.206376	91.813556	0.000049	27.630088	3.8
1191	755.237047	91.807984	0.000049	129.261038	5.9
1192	756.715762	91.799993	0.000049	43.926934	3.0
1193	846.122323	91.963383	0.000049	19.526293	2.9
1194	779.749113	91.961990	0.000049	20.600765	3.9
1195	801.426996	91.960485	0.000049	59.560928	5.2
1196	753.695966	91.961578	0.000049	55.766261	5.2
1197	821.013581	91.964889	0.000049	63.168475	5.8
1198	763.582849	91.958871	0.000049	24.915776	4.0
1199	743.287604	91.959398	0.000049	103.642055	3.6
1200	720.887292	91.954152	0.000049	99.942507	4.1
1201	820.937298	92.694711	0.000048	22.499241	3.5
1202	778.457960	92.701320	0.000048	44.089194	3.5
1203	793.174209	92.701973	0.000048	90.086537	5.3
1204	773.284226	92.722150	0.000048	26.430166	3.3
1205	834.268113	92.716305	0.000048	18.443678	4.6
1206	769.041701	92.714766	0.000048	55.427074	3.2
1207	770.927023	92.712927	0.000048	31.962431	3.2
1208	800.973876	92.719509	0.000048	120.978807	3.2
1209	806.854561	92.732954	0.000048	109.738390	6.2
1210	768.379990	93.689287	0.000048	75.417379	3.2
1211	777.118071	93.678881	0.000048	56.300122	4.8
1212	772.611476	93.704997	0.000048	62.685392	3.6
1213	748.479145	93.702133	0.000048	28.856587	3.6
1214	752.457463	93.702613	0.000048	47.208613	3.5
1215	776.597545	93.697861	0.000048	37.958232	5.2
1216	803.416940	93.692554	0.000048	57.875879	4.5
1217	740.802604	93.684765	0.000048	42.232179	4.4
1218	761.287011	93.692872	0.000048	21.417855	4.6
1219	707.204135	93.692973	0.000048	50.220309	4.7
1220	780.896178	93.694504	0.000048	54.683429	4.4
1221	808.783500	93.693640	0.000048	91.094337	4.7
1222	775.096761	93.819566	0.000048	34.617517	4.1
1223	714.959172	93.812609	0.000048	30.895996	3.3
1224	814.994136	93.815580	0.000048	31.047708	3.5
1225	755.982007	93.817017	0.000048	34.349853	3.5
1226	770.579242	93.814552	0.000048	17.437874	6.7
1227	759.917509	93.812504	0.000048	79.380951	5.2
1228	785.570203	93.813830	0.000048	29.313663	3.9
1229	774.580121	93.820013	0.000048	51.689102	4.1
1230	727.558381	93.815030	0.000048	61.887723	4.6
1231	757.757117	93.846324	0.000048	98.234225	4.1
1232	772.916653	93.836722	0.000048	51.706228	5.0
1233	742.627870	93.957831	0.000048	75.713672	5.1
1234	707.989149	93.948777	0.000048	58.000308	5.2
1235	838.571615	94.021424	0.000048	58.729932	4.3
1236	790.870752	94.025590	0.000048	76.703583	4.0
1237	734.579078	94.089807	0.000048	113.105360	5.0
1238	769.520033	94.603128	0.000047	35.421210	4.0
1239	739.186303	94.593837	0.000047	130.063630	3.9
1240	804.938915	94.640575	0.000047	40.922615	3.9
1241	791.138042	94.630763	0.000047	31.450751	3.8
1242	838.432758	94.636361	0.000047	41.592159	3.7
1243	735.586863	94.636327	0.000047	52.711830	3.6
1244	809.094138	94.644785	0.000047	43.571571	3.7
1245	743.786427	94.649676	0.000047	38.050633	3.4
1246	832.467746	94.652805	0.000047	37.421843	5.4
1247	841.108133	94.650948	0.000047	24.034987	4.7
1248	853.504516	94.647966	0.000047	65.795504	3.9
1249	742.161752	94.646909	0.000047	40.284902	3.8
1250	768.267498	94.664766	0.000047	48.606559	3.7
1251	838.814995	94.658530	0.000047	81.320654	4.6
1252	758.098307	94.652795	0.000047	42.484199	3.6
1253	780.714084	94.651453	0.000047	64.520820	3.6
1254	748.649269	94.645560	0.000047	109.587538	3.5
1255	828.387525	94.635807	0.000047	36.694029	3.4
1256	785.046505	94.639104	0.000047	95.622924	3.2
1257	791.541073	94.632443	0.000047	105.646337	8.5
1258	724.377783	94.622014	0.000047	25.974978	3.7
1259	792.927995	94.636486	0.000047	104.887840	3.8
1260	792.452926	94.628575	0.000047	129.086707	3.8
1261	786.836139	95.558972	0.000047	140.830540	3.3
1262	789.812924	96.535351	0.000047	64.968412	4.9
1263	722.591324	96.524929	0.000047	117.716842	5.5
1264	718.473826	96.835753	0.000047	51.445802	4.4
1265	786.943310	97.059463	0.000046	71.926123	5.2
1266	838.864865	97.111297	0.000046	26.607424	5.1
1267	810.937726	97.110253	0.000046	82.385627	3.8
1268	779.017979	97.104257	0.000046	80.971264	4.0
1269	842.492123	97.388346	0.000046	16.274784	4.1
1270	798.409161	97.386706	0.000046	53.992312	4.0
1271	745.340103	97.384891	0.000046	78.612564	4.2
1272	827.867047	97.434582	0.000046	79.770341	3.0
1273	761.192676	97.424677	0.000046	39.384678	4.0
1274	773.230661	97.466339	0.000046	73.742039	3.3
1275	743.487152	97.458655	0.000046	43.675821	3.9
1276	761.115662	97.454061	0.000046	56.061181	4.9
1277	756.722923	97.451395	0.000046	59.160099	3.9
1278	760.626235	97.443932	0.000046	24.373317	2.8
1279	805.975170	97.438616	0.000046	89.080812	4.6
1280	803.891938	97.441071	0.000046	31.931960	3.2
1281	796.594101	97.433662	0.000046	53.561932	3.2
1282	733.422714	97.431131	0.000046	60.111065	4.2
1283	752.156650	97.422324	0.000046	61.518851	5.2
1284	770.049421	97.451684	0.000046	32.688731	5.1
1285	762.114830	97.444560	0.000046	83.316628	5.4
1286	803.468892	97.461684	0.000046	77.243800	6.6
1287	786.010698	97.607895	0.000046	71.426159	5.4
1288	766.510001	97.628211	0.000046	102.879234	4.9
1289	851.323768	97.629156	0.000046	50.755060	4.0
1290	790.003913	97.764617	0.000046	51.315690	4.5
1291	781.035247	97.756164	0.000046	40.616714	4.5
1292	868.224009	97.749685	0.000046	46.338814	4.2
1293	771.849695	97.749639	0.000046	45.370214	4.5
1294	826.772642	97.742564	0.000046	33.795693	3.4
1295	744.636948	97.736723	0.000046	57.792275	5.1
1296	829.240846	97.740396	0.000046	90.955551	2.5
1297	785.657358	97.734705	0.000046	27.022291	2.7
1298	736.465106	97.737631	0.000046	29.368014	4.9
1299	798.078242	97.734974	0.000046	54.549051	4.9
1300	808.192087	97.728430	0.000046	110.213312	3.9
1301	770.859525	97.718529	0.000046	67.147559	3.9
1302	727.714128	98.018470	0.000046	90.228690	3.4
1303	793.238028	98.008823	0.000046	36.258469	4.9
1304	763.083458	98.047738	0.000046	55.280968	3.9
1305	765.829690	98.060458	0.000046	48.357992	4.4
1306	779.026523	98.087780	0.000046	132.435889	4.4
1307	800.969206	98.317826	0.000046	32.217904	3.4
1308	761.788463	98.313591	0.000046	44.022876	2.3
1309	735.748256	98.311162	0.000046	70.372467	2.6
1310	731.146572	98.302804	0.000046	31.545209	4.0
1311	856.027507	98.297232	0.000046	153.705072	3.9
1312	736.919222	98.288793	0.000046	51.728870	2.5
1313	763.414703	98.567230	0.000046	24.213319	5.5
1314	829.907047	98.563689	0.000046	108.599337	3.8
1315	786.391621	98.562247	0.000046	72.556160	3.1
1316	796.416867	98.652918	0.000046	41.314737	3.7
1317	826.377299	98.663781	0.000046	55.481342	5.0
1318	728.484645	98.656458	0.000046	76.356840	5.2
1319	782.046419	98.697289	0.000046	118.310727	3.3
1320	804.960707	98.686867	0.000046	65.788329	4.5
1321	818.810088	99.139124	0.000046	83.246133	7.1
1322	799.945272	99.144704	0.000046	65.235826	4.9
1323	748.268690	99.135026	0.000046	32.353708	5.1
1324	791.073538	99.133713	0.000046	67.916712	4.9
1325	760.767648	99.127414	0.000046	81.281196	5.1
1326	792.294667	99.117311	0.000046	70.075232	4.9
1327	830.575190	99.183643	0.000046	32.491527	4.4
1328	687.862578	99.192113	0.000046	48.592341	3.1
1329	784.699036	99.191383	0.000046	48.745236	3.3
1330	777.166362	99.190949	0.000046	57.061475	3.4
1331	748.062094	99.215717	0.000046	86.904460	3.3
1332	765.771886	99.324817	0.000046	27.851998	2.4
1333	800.678065	99.331722	0.000046	27.045126	2.6
1334	783.987458	99.330381	0.000046	28.373184	4.5
1335	750.754927	99.327147	0.000046	31.500356	3.5
1336	715.320017	99.325823	0.000046	52.700213	2.2
1337	763.629551	99.321230	0.000046	39.683644	5.2
1338	798.475965	99.313823	0.000046	50.598382	2.8
1339	727.316002	99.325129	0.000046	29.982010	2.6
1340	818.648335	99.320985	0.000046	53.656760	2.6
1341	816.028294	99.326799	0.000046	29.694400	7.3
1342	771.195009	99.322802	0.000046	45.233443	3.4
1343	740.343915	99.319706	0.000046	30.785723	3.8
1344	780.394230	99.326759	0.000046	30.833816	5.2
1345	785.661250	99.325310	0.000046	40.064834	4.8
1346	822.594173	99.322085	0.000046	24.465351	5.6
1347	756.688363	99.324284	0.000046	62.491977	4.8
1348	715.998902	99.318764	0.000046	42.211393	4.9
1349	837.504419	99.337612	0.000046	38.413256	4.5
1350	780.601231	99.344780	0.000046	47.284881	4.5
1351	739.627137	99.338509	0.000046	36.575964	4.2
1352	770.607496	99.346010	0.000046	39.468940	4.0
1353	793.245473	99.342941	0.000046	75.080345	4.0
1354	788.413829	99.376293	0.000046	81.648883	4.3
1355	794.918369	99.366069	0.000046	55.928099	4.2
1356	811.295929	99.462914	0.000046	53.710491	3.4
1357	801.973061	99.454770	0.000046	88.699152	3.4
1358	803.536293	99.562900	0.000046	29.263927	3.4
1359	807.018099	99.556139	0.000046	31.036857	3.6
1360	781.435649	99.555115	0.000046	36.197323	4.5
1361	696.593467	99.549981	0.000046	42.895495	5.0
1362	759.930675	99.546932	0.000046	50.204655	3.9
1363	763.077942	99.545984	0.000046	68.444418	4.0
1364	763.801958	99.548400	0.000046	51.787999	4.7
1365	809.148562	99.604974	0.000046	76.119333	5.1
1366	815.160627	99.595507	0.000046	81.567555	4.7
1367	741.727821	99.756604	0.000045	46.526780	5.1
1368	709.288096	99.747155	0.000045	51.426302	2.5
1369	781.691556	99.739695	0.000045	52.482556	2.5
1370	764.983536	99.731220	0.000045	58.723850	5.1
1371	841.196849	99.732436	0.000045	36.937654	2.5
1372	782.884931	99.724819	0.000045	101.098871	4.9
1373	797.414646	99.715481	0.000045	83.631852	4.9
1374	769.651082	100.232221	0.000045	41.213894	6.5
1375	807.093628	100.223858	0.000045	19.204415	5.1
1376	817.730866	100.220824	0.000045	38.782224	3.5
1377	820.354491	100.219151	0.000045	64.051312	3.9
1378	831.892376	100.222905	0.000045	99.495989	4.6
1379	783.353118	100.224207	0.000045	37.234621	4.3
1380	744.508092	100.225243	0.000045	59.510618	8.7
1381	808.027759	100.218284	0.000045	47.996521	3.0
1382	799.090648	100.216879	0.000045	84.324336	3.1
1383	733.468328	100.218028	0.000045	55.695056	5.9
1384	776.317456	100.332469	0.000045	96.443781	3.2
1385	837.960907	100.324650	0.000045	22.691017	4.3
1386	703.683272	100.322174	0.000045	71.482045	3.9
1387	818.987696	100.321982	0.000045	45.762578	3.8
1388	764.446824	100.353997	0.000045	51.905216	4.4
1389	815.196113	100.371369	0.000045	52.974882	3.7
1390	791.094301	100.385120	0.000045	63.848953	3.4
1391	804.998422	100.423763	0.000045	72.250718	3.7
1392	784.440762	100.488672	0.000045	69.479000	3.9
1393	690.004423	100.592963	0.000045	48.311359	3.7
1394	783.550793	100.595857	0.000045	36.763153	5.5
1395	802.161372	100.591941	0.000045	55.316051	5.0
1396	737.756834	100.585743	0.000045	29.020160	4.8
1397	819.255574	100.587889	0.000045	46.134678	4.7
1398	752.771515	100.583208	0.000045	38.071312	3.0
1399	749.742335	100.583253	0.000045	78.289442	2.8
1400	788.630533	100.617898	0.000045	61.324615	3.6
1401	740.608727	100.627891	0.000045	37.706521	3.9
1402	788.900863	100.620272	0.000045	74.929698	3.0
1403	741.307522	100.651042	0.000045	48.328768	9.1
1404	715.824530	100.667721	0.000045	54.675674	3.8
1405	818.045215	100.659444	0.000045	24.417446	2.5
1406	807.688461	100.655432	0.000045	120.978856	2.6
1407	727.996102	100.647442	0.000045	69.626418	3.0
1408	771.045143	101.160214	0.000045	55.906765	4.0
1409	764.478216	101.150785	0.000045	27.545786	3.9
1410	766.112508	101.144863	0.000045	22.400304	2.7
1411	818.358231	101.144942	0.000045	38.782211	3.8
1412	724.880027	101.145059	0.000045	19.825250	3.7
1413	815.879004	101.141611	0.000045	55.812334	3.1
1414	802.745260	101.141986	0.000045	30.196642	3.8
1415	778.020788	101.135866	0.000045	32.825192	4.7
1416	770.356606	101.134928	0.000045	48.320976	3.1
1417	735.203385	101.143539	0.000045	95.906817	3.5
1418	763.430857	101.144968	0.000045	50.481393	3.7
1419	789.076437	101.177122	0.000045	50.099691	5.6
1420	737.949535	101.175655	0.000045	52.430050	4.5
1421	710.720569	101.168318	0.000045	56.580351	4.7
1422	814.139231	101.164022	0.000045	32.237632	4.7
1423	797.500437	101.172969	0.000045	55.784182	3.8
1424	800.246286	101.179798	0.000045	49.480268	2.9
1425	754.121500	101.174593	0.000045	69.449796	2.5
1426	784.095899	101.170235	0.000045	63.718885	4.4
1427	776.735116	101.251086	0.000045	74.277867	2.8
1428	833.760079	101.345318	0.000045	56.620375	2.6
1429	724.558644	101.342271	0.000045	106.874124	2.7
1430	736.374032	101.332145	0.000045	83.408273	2.7
1431	735.621623	101.321757	0.000045	35.313752	2.6
1432	777.209927	101.322812	0.000045	50.446231	5.3
1433	810.356375	101.330643	0.000045	66.836926	3.2
1434	759.793057	101.338600	0.000045	41.226563	5.3
1435	777.711874	101.363542	0.000045	53.060766	3.4
1436	777.390639	101.374566	0.000045	35.870378	6.3
1437	786.781763	101.367368	0.000045	42.500967	4.8
1438	797.709510	101.366635	0.000045	34.204189	4.4
1439	753.602419	101.373007	0.000045	68.103405	4.9
1440	787.089809	101.380240	0.000045	33.035824	4.3
1441	823.077284	101.390466	0.000045	138.623578	4.6
1442	710.889254	101.457232	0.000045	84.140006	2.6
1443	814.147752	102.176115	0.000045	21.373178	2.6
1444	710.635539	102.170241	0.000045	79.643929	2.8
1445	815.105826	102.167934	0.000045	74.639223	3.1
1446	743.931945	102.234658	0.000045	103.191490	5.4
1447	786.998183	102.348361	0.000044	60.852788	3.4
1448	818.093419	102.537279	0.000044	71.682697	3.8
1449	766.784267	102.532226	0.000044	27.825678	5.9
1450	772.819829	102.535331	0.000044	113.443730	3.8
1451	849.813867	102.530832	0.000044	100.629324	3.6
1452	756.661662	102.898876	0.000044	25.556809	3.7
1453	802.691557	102.897818	0.000044	64.256667	3.8
1454	781.346110	102.903719	0.000044	37.439835	3.6
1455	783.583769	102.923610	0.000044	73.275167	3.6
1456	792.334258	102.915173	0.000044	66.907426	5.0
1457	799.404494	102.910082	0.000044	89.911867	4.8
1458	794.868575	102.919268	0.000044	48.433785	4.6
1459	849.114450	102.919379	0.000044	88.670188	7.4
1460	788.101508	102.999050	0.000044	49.889261	4.4
1461	764.096800	103.035067	0.000044	77.465034	4.1
1462	736.160858	103.090772	0.000044	26.092832	4.1
1463	799.570183	103.086006	0.000044	20.982363	7.4
1464	775.968984	103.083110	0.000044	131.291413	5.2
1465	752.649610	103.084828	0.000044	52.499446	5.4
1466	690.978525	103.306015	0.000044	51.090584	5.6
1467	797.778892	103.306957	0.000044	53.067413	6.5
1468	752.471589	103.331131	0.000044	63.280596	5.3
1469	788.042453	103.340359	0.000044	44.160001	6.2
1470	749.133405	103.348318	0.000044	43.248064	5.4
1471	796.871511	103.346592	0.000044	43.857614	5.3
1472	794.946572	103.340750	0.000044	35.716499	5.1
1473	797.216787	103.341101	0.000044	78.806121	4.9
1474	757.890346	103.365528	0.000044	22.207767	4.4
1475	732.498465	103.373465	0.000044	52.853411	7.3
1476	719.267053	103.368595	0.000044	27.931117	4.3
1477	780.078120	103.363223	0.000044	90.594207	4.6
1478	824.972321	103.369353	0.000044	98.060652	4.4
1479	732.986877	103.358980	0.000044	58.538267	2.7
1480	798.336337	103.517391	0.000044	99.119320	3.9
1481	788.990471	103.508554	0.000044	34.675083	2.7
1482	825.169872	103.534061	0.000044	53.790676	3.7
1483	769.399473	103.543221	0.000044	30.512610	5.6
1484	755.991665	103.544107	0.000044	69.859006	3.3
1485	798.331577	103.536608	0.000044	59.017269	4.9
1486	789.316164	103.567965	0.000044	110.582567	2.4
1487	852.201138	103.560386	0.000044	52.030078	5.1
1488	776.002738	103.550452	0.000044	49.255459	2.6
1489	758.426631	103.570784	0.000044	56.790592	5.2
1490	783.599750	103.562864	0.000044	79.090494	3.6
1491	816.450913	103.553587	0.000044	31.908442	5.0
1492	795.937386	103.558651	0.000044	26.885691	3.3
1493	756.749134	103.555501	0.000044	19.699333	3.1
1494	790.236464	103.552782	0.000044	62.376700	3.2
1495	773.520012	103.555368	0.000044	50.317903	3.2
1496	843.063226	103.560425	0.000044	53.637147	3.3
1497	717.785606	103.553821	0.000044	108.502599	3.8
1498	811.730155	103.544666	0.000044	83.101816	3.5
1499	753.669625	103.753371	0.000044	55.522040	5.9
1500	745.678975	103.744990	0.000044	28.644987	4.8
1501	808.232269	103.752147	0.000044	31.917257	4.6
1502	766.434268	103.752999	0.000044	60.857848	4.0
1503	754.680098	103.746253	0.000044	43.240057	4.2
1504	793.305905	103.738135	0.000044	67.324791	4.0
1505	774.707680	103.766010	0.000044	54.287759	4.1
1506	756.909396	103.756705	0.000044	53.519022	3.9
1507	774.351511	103.748527	0.000044	55.805792	3.2
1508	850.897760	103.752893	0.000044	74.431511	3.2
1509	805.480383	103.749929	0.000044	129.980747	3.0
1510	764.610665	104.458227	0.000044	70.208457	3.1
1511	814.427625	104.447795	0.000044	35.861887	3.0
1512	768.604440	104.467689	0.000044	60.226126	2.5
1513	784.614728	104.471347	0.000044	57.397642	6.3
1514	738.600298	104.474489	0.000044	142.454683	4.6
1515	779.834378	104.858517	0.000044	75.293823	4.7
1516	773.108183	105.637388	0.000043	79.912339	5.0
1517	747.158853	105.879315	0.000043	22.193735	4.9
1518	784.041453	105.875857	0.000043	56.722238	4.9
1519	750.129725	105.875329	0.000043	41.675724	4.7
1520	737.825057	105.884971	0.000043	60.222913	6.9
1521	772.791473	105.877288	0.000043	96.414312	3.6
1522	714.031383	105.885699	0.000043	38.932298	2.6
1523	705.236931	105.880019	0.000043	26.965725	2.9
1524	790.689221	105.882909	0.000043	56.005143	6.9
1525	739.192410	105.881789	0.000043	62.225530	3.9
1526	790.120837	105.874880	0.000043	33.979321	5.5
1527	761.342204	105.885090	0.000043	64.070144	5.1
1528	794.272384	105.878513	0.000043	48.662484	5.8
1529	804.272001	105.869931	0.000043	22.557180	7.2
1530	778.755693	105.867060	0.000043	147.403665	4.2
1531	781.353377	105.867486	0.000043	75.263283	4.9
1532	767.003304	106.400446	0.000043	39.140626	3.5
1533	753.212492	106.392957	0.000043	42.639199	3.9
1534	787.710133	106.395242	0.000043	57.753837	3.9
1535	767.953995	106.412573	0.000043	49.822720	3.4
1536	786.772634	106.404565	0.000043	30.256079	2.8
1537	763.825931	106.404221	0.000043	60.435111	2.8
1538	761.835464	106.402036	0.000043	32.895052	3.4
1539	745.127717	106.400577	0.000043	82.157591	3.1
1540	735.531825	106.393465	0.000043	58.773443	3.2
1541	807.278828	106.387675	0.000043	58.346748	3.3
1542	786.267114	106.379215	0.000043	36.547272	3.3
1543	744.982389	106.377029	0.000043	21.314790	3.4
1544	786.756276	106.378832	0.000043	67.116584	3.1
1545	751.786837	106.381419	0.000043	44.121827	3.0
1546	733.766535	106.373556	0.000043	28.656046	3.0
1547	804.357612	106.376856	0.000043	82.850915	3.0
1548	757.980556	106.369288	0.000043	129.403520	3.1
1549	744.555758	106.358833	0.000043	36.704726	3.1
1550	882.214428	106.351257	0.000043	79.695827	3.1
1551	788.097415	106.348904	0.000043	19.970018	3.1
1552	789.455215	106.349635	0.000043	35.704913	3.1
1553	817.218147	106.348256	0.000043	26.509245	3.2
1554	838.592322	106.344251	0.000043	23.325858	3.0
1555	776.982337	106.341171	0.000043	37.395141	2.5
1556	755.803159	106.339976	0.000043	30.015115	2.5
1557	788.676857	106.343432	0.000043	36.331322	7.4
1558	762.575081	106.345590	0.000043	75.125267	3.3
1559	766.451998	106.349103	0.000043	71.195997	4.7
1560	778.152093	106.341941	0.000043	37.319831	3.7
1561	846.421521	106.360832	0.000043	62.421239	3.8
1562	812.846530	106.356754	0.000043	95.337747	3.8
1563	744.713269	106.351567	0.000043	59.371890	2.8
1564	778.682432	106.422277	0.000043	29.259870	2.9
1565	751.932916	106.421316	0.000043	44.154070	2.9
1566	754.987563	106.421795	0.000043	61.979636	4.0
1567	773.255455	106.424509	0.000043	97.822922	5.8
1568	805.801289	106.543976	0.000043	116.008878	3.0
1569	788.324155	107.356031	0.000043	71.638858	3.0
1570	832.701582	107.345624	0.000043	38.979807	5.2
1571	757.753878	107.338959	0.000043	35.038141	4.0
1572	792.709375	107.345346	0.000043	52.431800	5.1
1573	859.559242	107.338457	0.000043	55.428252	3.3
1574	781.327357	107.366219	0.000043	51.037120	3.2
1575	761.722938	107.390504	0.000043	55.897169	3.4
1576	745.783803	107.382175	0.000043	22.037131	3.6
1577	827.056183	107.378559	0.000043	22.273992	3.4
1578	734.786494	107.375859	0.000043	48.726537	6.8
1579	795.717278	107.372113	0.000043	35.157193	5.5
1580	789.588764	107.368519	0.000043	25.839160	5.3
1581	796.124374	107.369989	0.000043	62.990917	4.9
1582	777.772959	107.367102	0.000043	61.506041	5.9
1583	781.499366	107.423874	0.000043	31.591091	3.4
1584	767.249311	107.419023	0.000043	36.683807	4.0
1585	813.224843	107.418707	0.000043	21.762899	4.1
1586	766.962642	107.415286	0.000043	40.522538	3.3
1587	812.271002	107.411550	0.000043	50.713093	5.9
1588	786.343182	107.413318	0.000043	34.184937	2.7
1589	781.774512	107.406725	0.000043	47.701027	4.4
1590	753.158469	107.403923	0.000043	34.500835	3.8
1591	802.976077	107.400441	0.000043	36.287850	3.5
1592	780.762508	107.396120	0.000043	87.993768	3.3
1593	807.720102	107.427199	0.000043	54.197997	2.9
1594	782.108878	107.417354	0.000043	29.023631	5.5
1595	797.574029	107.424978	0.000043	104.129777	2.7
1596	784.564374	107.416430	0.000043	70.822755	5.5
1597	770.275282	107.436447	0.000043	37.605106	3.1
1598	698.809743	107.458667	0.000043	47.286472	8.3
1599	799.976707	107.460564	0.000043	45.409747	7.8
1600	771.707774	107.469773	0.000043	39.241710	5.2
1601	772.235646	107.472431	0.000043	17.773901	5.2
1602	772.257882	107.469716	0.000043	114.105111	4.2
1603	803.137973	107.469910	0.000043	47.432833	4.2
1604	757.487302	107.489160	0.000043	52.995901	3.5
1605	811.107262	107.507090	0.000043	72.622550	5.0
1606	766.078819	107.563245	0.000043	84.199114	5.9
1607	739.571475	107.553656	0.000043	69.896288	4.8
1608	749.294453	107.559957	0.000043	49.640391	4.4
1609	758.215945	107.551887	0.000043	77.309572	4.7
1610	757.257897	107.542507	0.000043	26.236556	3.7
1611	746.358189	107.555998	0.000043	36.959266	3.7
1612	784.342874	107.559372	0.000043	22.784668	6.4
1613	773.380103	107.556400	0.000043	72.413497	4.7
1614	801.114326	107.562620	0.000043	30.551567	3.3
1615	721.339451	107.557875	0.000043	28.863077	7.5
1616	811.150252	107.553512	0.000043	34.081142	4.5
1617	768.707630	107.556132	0.000043	95.903359	4.3
1618	781.553931	107.553360	0.000043	34.975402	7.2
1619	762.110095	107.578995	0.000043	123.593607	4.5
1620	765.703294	107.572069	0.000043	62.942411	5.2
1621	779.117140	107.951403	0.000043	101.777628	7.8
1622	762.797753	107.942601	0.000043	48.584867	4.0
1623	770.806428	107.935621	0.000043	42.905138	4.6
1624	837.601127	107.949581	0.000043	88.431991	4.0
1625	782.542060	107.998238	0.000043	101.009707	5.8
1626	767.012741	108.643171	0.000042	43.271712	4.8
1627	805.335749	108.720113	0.000042	48.661722	2.6
1628	781.884076	108.712699	0.000042	25.425611	2.8
1629	752.147626	108.710906	0.000042	83.226166	8.7
1630	796.707724	108.707289	0.000042	50.640818	5.2
1631	768.163299	108.697716	0.000042	23.652024	4.8
1632	791.787223	108.698463	0.000042	54.354602	4.8
1633	812.056437	108.696978	0.000042	105.107318	4.0
1634	725.783259	108.747809	0.000042	64.784655	3.5
1635	803.831952	109.039742	0.000042	22.525147	5.5
1636	769.560532	109.037152	0.000042	66.801184	5.1
1637	735.822410	109.039471	0.000042	36.777970	3.5
1638	777.855132	109.041546	0.000042	100.228700	4.2
1639	782.487946	109.032897	0.000042	66.592112	5.1
1640	772.576489	109.162724	0.000042	103.107931	5.0
1641	750.607444	109.154762	0.000042	42.773418	4.6
1642	750.583345	109.145088	0.000042	59.852905	4.7
1643	750.046768	109.136885	0.000042	87.782544	4.9
1644	778.424638	109.289099	0.000042	111.816386	4.9
1645	803.037439	109.278718	0.000042	86.836729	4.4
1646	893.997432	109.297247	0.000042	58.714207	4.4
1647	781.788856	109.291168	0.000042	68.765019	4.1
1648	803.791229	109.326403	0.000042	47.733868	3.9
1649	771.731331	109.339362	0.000042	31.983544	5.7
1650	750.031979	109.335215	0.000042	46.137271	3.5
1651	759.780477	109.335751	0.000042	47.076228	4.9
1652	754.987771	109.328429	0.000042	66.438613	3.8
1653	764.298057	109.361018	0.000042	47.265293	3.7
1654	789.534231	109.352062	0.000042	101.098666	3.7
1655	764.446987	109.436524	0.000042	115.780087	3.7
1656	799.984876	109.426058	0.000042	90.897486	3.8
1657	761.056586	110.183930	0.000042	24.015633	3.8
1658	806.282183	110.179213	0.000042	23.417648	3.7
1659	760.258832	110.178263	0.000042	90.221803	3.8
1660	792.619952	110.171964	0.000042	22.146550	3.4
1661	796.542614	110.169162	0.000042	43.134210	6.0
1662	777.043879	110.165544	0.000042	60.329114	4.0
1663	811.069039	110.172547	0.000042	54.370086	3.7
1664	864.809462	110.213672	0.000042	100.402152	5.0
1665	760.084840	110.225887	0.000042	23.722630	5.9
1666	692.496920	110.233323	0.000042	47.236709	4.9
1667	826.720329	110.229002	0.000042	59.976807	4.4
1668	806.384249	110.258720	0.000042	84.319316	5.0
1669	801.999255	110.251222	0.000042	45.346444	5.1
1670	782.438238	110.242584	0.000042	93.950144	5.7
1671	802.319679	110.233105	0.000042	142.385482	5.1
1672	838.346013	110.222686	0.000042	94.381691	4.9
1673	751.254952	110.376800	0.000042	54.040916	4.5
1674	741.114707	110.462554	0.000042	74.635206	3.8
1675	817.835548	110.453037	0.000042	52.676869	4.7
1676	796.605195	110.478447	0.000042	44.475948	3.4
1677	781.627350	110.479116	0.000042	57.215452	4.7
1678	777.785403	110.474491	0.000042	48.752755	4.7
1679	804.528142	110.475621	0.000042	57.124839	3.6
1680	777.647826	110.468227	0.000042	22.942366	2.4
1681	826.901620	110.466999	0.000042	105.080218	5.2
1682	794.652896	110.464442	0.000042	68.241601	3.2
1683	728.730301	110.710919	0.000042	68.432171	4.5
1684	803.933990	110.701138	0.000042	38.905696	4.4
1685	729.786722	110.721618	0.000042	23.817605	3.5
1686	758.587236	110.718555	0.000042	22.623001	5.1
1687	793.867110	110.718424	0.000042	66.439621	3.1
1688	785.500306	110.718122	0.000042	38.500783	4.1
1689	821.312971	110.738757	0.000042	41.639819	3.5
1690	756.581337	110.733611	0.000042	40.952099	3.6
1691	783.613353	110.738110	0.000042	40.616765	3.5
1692	750.575793	110.733700	0.000042	68.088545	3.0
1693	781.196762	110.725181	0.000042	26.938590	7.6
1694	774.461258	110.731548	0.000042	51.372067	3.4
1695	794.729983	110.726038	0.000042	65.423717	4.7
1696	791.450127	110.767050	0.000042	16.867757	7.9
1697	815.813930	110.763800	0.000042	30.399611	2.5
1698	777.123146	110.762435	0.000042	82.405103	3.7
1699	775.240338	110.771852	0.000042	33.714196	6.2
1700	797.833110	110.783856	0.000042	47.349664	5.1
1701	782.521537	110.778361	0.000042	31.999932	2.9
1702	765.927709	110.772255	0.000042	40.228385	2.7
1703	673.236978	110.766944	0.000042	19.554000	4.4
1704	725.163262	110.763463	0.000042	41.638092	2.9
1705	753.187122	110.764082	0.000042	30.814089	4.2
1706	755.647671	110.760754	0.000042	59.937269	2.5
1707	767.060070	110.755943	0.000042	41.336765	2.4
1708	762.865229	110.747778	0.000042	67.372133	3.0
1709	849.332871	110.777154	0.000042	39.382057	2.5
1710	808.303290	110.792093	0.000042	63.149689	2.7
1711	775.958731	110.816073	0.000042	62.369928	2.6
1712	697.045870	110.807083	0.000042	92.694968	4.3
1713	798.216700	110.883197	0.000042	58.017251	3.9
1714	734.968576	110.873545	0.000042	57.522243	2.9
1715	772.323168	110.864938	0.000042	34.428483	5.0
1716	801.000700	110.862831	0.000042	39.884764	3.2
1717	715.535045	110.857156	0.000042	121.242858	3.4
1718	813.285458	110.857724	0.000042	58.272100	3.8
1719	799.784208	111.221324	0.000042	88.397263	3.9
1720	770.063963	111.303590	0.000041	33.397862	3.8
1721	771.116701	111.305046	0.000041	86.520881	5.3
1722	698.197118	111.299367	0.000041	79.417881	3.0
1723	835.287693	111.289038	0.000041	57.747335	3.0
1724	746.744851	111.279625	0.000041	149.294530	3.0
1725	763.685632	111.637110	0.000041	96.443819	3.1
1726	770.270087	111.626640	0.000041	53.041868	3.0
1727	745.641556	111.765435	0.000041	59.755023	2.6
1728	785.953836	111.808817	0.000041	56.024134	3.1
1729	769.095398	111.852578	0.000041	19.964641	3.5
1730	773.345384	111.849199	0.000041	66.002080	5.2
1731	751.083053	111.844453	0.000041	31.791447	3.1
1732	748.818425	111.837501	0.000041	67.945390	3.1
1733	783.524803	111.847205	0.000041	35.329868	3.2
1734	777.646786	111.853541	0.000041	58.301085	3.2
1735	734.274191	111.865375	0.000041	56.552397	4.0
1736	811.432715	111.857455	0.000041	58.383010	2.8
1737	765.398670	111.903436	0.000041	21.298202	4.4
1738	716.027520	111.904945	0.000041	30.163778	3.1
1739	791.093322	111.903820	0.000041	52.548365	3.6
1740	828.690886	111.897424	0.000041	113.484192	3.1
1741	774.927314	111.927178	0.000041	99.388558	3.2
1742	760.720234	111.916728	0.000041	84.158753	3.9
1743	771.639628	112.025620	0.000041	36.503987	3.4
1744	791.802286	112.019571	0.000041	23.849967	6.3
1745	756.947521	112.016640	0.000041	25.382208	4.2
1746	802.468343	112.013478	0.000041	46.636126	3.6
1747	795.086473	112.013097	0.000041	57.337515	4.6
1748	725.556715	112.034359	0.000041	71.354761	5.1
1749	732.170792	112.044637	0.000041	99.505914	4.8
1750	788.128918	112.039455	0.000041	60.632561	4.9
1751	744.460227	112.269480	0.000041	21.166193	4.8
1752	813.265431	112.264468	0.000041	66.841244	3.9
1753	749.757592	112.263419	0.000041	64.084343	3.5
1754	810.711605	112.273869	0.000041	61.878260	4.8
1755	810.293156	112.342597	0.000041	36.138148	4.8
1756	734.467802	112.356893	0.000041	106.296834	6.3
1757	802.272800	112.368950	0.000041	99.241852	3.3
1758	787.698812	113.212444	0.000041	40.389089	3.4
1759	801.446513	113.214356	0.000041	125.884590	3.6
1760	803.545606	113.210819	0.000041	41.469105	5.8
1761	786.171844	113.332734	0.000041	39.340652	3.8
1762	786.092622	113.330829	0.000041	69.537453	4.0
1763	769.282892	113.322863	0.000041	56.756004	5.7
1764	766.686464	113.316680	0.000041	45.437049	3.2
1765	758.976032	113.322945	0.000041	56.842515	5.7
1766	746.360357	113.321917	0.000041	61.838679	3.6
1767	744.129980	113.314810	0.000041	15.944825	4.2
1768	766.004445	113.314018	0.000041	48.283663	5.1
1769	705.306224	113.312546	0.000041	40.152116	5.2
1770	762.499377	113.316690	0.000041	52.255943	4.6
1771	753.734707	113.309974	0.000041	35.218597	2.7
1772	772.901112	113.304832	0.000041	20.786332	3.2
1773	825.687751	113.303354	0.000041	97.863376	3.5
1774	742.212611	113.312180	0.000041	47.946330	3.3
1775	799.586823	113.402978	0.000041	29.938762	5.7
1776	756.785993	113.397537	0.000041	31.690874	2.3
1777	771.049448	113.393374	0.000041	48.237245	5.0
1778	796.274140	113.398700	0.000041	60.845756	2.6
1779	773.518199	113.435051	0.000041	89.774099	2.8
1780	755.569537	113.425390	0.000041	33.121197	2.8
1781	804.916100	113.459174	0.000041	20.684914	8.4
1782	755.195671	113.456884	0.000041	52.623807	5.2
1783	809.383336	113.455347	0.000041	38.252231	2.7
1784	784.497047	113.472425	0.000041	58.314824	2.7
1785	827.185888	113.464907	0.000041	55.110089	5.2
1786	789.949024	113.461797	0.000041	39.929706	4.1
1787	747.837612	113.455450	0.000041	73.730074	3.2
1788	804.690174	113.465114	0.000041	66.089759	4.7
1789	749.458098	113.455696	0.000041	106.893620	7.9
1790	786.904565	113.492868	0.000041	58.426600	4.8
1791	809.590600	113.482962	0.000041	60.972134	3.2
1792	802.387685	113.522370	0.000041	55.475171	7.7
1793	783.492503	113.514587	0.000041	34.922357	4.3
1794	789.868864	113.524188	0.000041	31.991014	4.7
1795	810.539481	113.524991	0.000041	55.423998	4.6
1796	740.290221	113.523864	0.000041	57.998780	3.6
1797	734.993004	113.516722	0.000041	66.423928	4.5
1798	751.084204	113.550391	0.000041	97.503883	4.1
1799	753.622940	113.739916	0.000041	24.167930	3.9
1800	811.541370	113.732400	0.000041	24.066650	6.3
1801	800.792925	113.733561	0.000041	95.506610	3.0
1802	692.333553	113.742064	0.000041	66.317561	5.0
1803	826.366926	113.733720	0.000041	32.916595	3.9
1804	804.889625	113.731595	0.000041	92.074162	3.3
1805	764.673670	113.761809	0.000041	36.493448	3.8
1806	785.208631	113.802378	0.000041	22.225918	3.7
1807	714.022828	113.800690	0.000041	60.188918	3.2
1808	744.540302	113.802169	0.000041	37.723168	5.5
1809	845.523343	113.803547	0.000041	82.434403	3.5
1810	785.069837	113.814508	0.000041	28.717990	4.8
1811	758.351096	113.807481	0.000041	42.801712	4.2
1812	771.825554	113.803016	0.000041	16.869094	5.2
1813	768.543141	113.801836	0.000041	41.172957	6.0
1814	756.907193	113.798963	0.000041	66.005658	5.0
1815	831.479041	113.796000	0.000041	37.494834	4.7
1816	755.958424	113.788714	0.000041	24.590221	4.6
1817	783.875857	113.784645	0.000041	88.303776	4.9
1818	820.388663	113.789612	0.000041	48.924779	4.4
1819	734.128666	113.849812	0.000041	83.930215	3.8
1820	759.117171	113.840558	0.000041	38.839736	3.5
1821	789.530507	113.838461	0.000041	30.848500	4.7
1822	738.767003	113.834193	0.000041	21.137573	4.6
1823	727.861654	113.835097	0.000041	45.745322	5.9
1824	789.619068	113.838592	0.000041	82.658216	3.6
1825	758.950225	113.829992	0.000041	27.139001	3.7
1826	801.915185	113.842506	0.000041	56.956999	5.1
1827	801.066311	113.847565	0.000041	27.759152	4.4
1828	777.307093	113.847405	0.000041	51.650007	3.5
1829	763.741240	113.847235	0.000041	58.872012	3.8
1830	794.448727	113.838754	0.000041	63.198520	5.8
1831	764.493768	113.829968	0.000041	49.955462	3.9
1832	742.339606	113.823051	0.000041	120.590453	4.0
1833	784.911708	113.813167	0.000041	114.494505	3.9
1834	768.031996	114.780437	0.000040	56.240569	3.9
1835	790.251233	114.896955	0.000040	93.828708	9.7
1836	737.604159	114.886991	0.000040	103.947544	2.6
1837	815.799482	115.082838	0.000040	28.486669	3.0
1838	782.490493	115.076698	0.000040	69.589196	2.6
1839	785.281543	115.073197	0.000040	81.429411	2.7
1840	811.146091	115.064318	0.000040	57.991801	3.4
1841	736.104492	115.067813	0.000040	36.803920	4.0
1842	754.266767	115.075140	0.000040	40.270467	3.9
1843	822.167191	115.078312	0.000040	79.522758	3.1
1844	703.795331	115.095793	0.000040	50.288855	3.9
1845	775.964278	115.097149	0.000040	37.002254	3.4
1846	760.817038	115.110453	0.000040	54.879762	3.6
1847	782.486559	115.107804	0.000040	61.081387	3.5
1848	767.002062	115.155827	0.000040	42.248204	6.4
1849	776.640386	115.180065	0.000040	69.154965	3.6
1850	732.076644	115.173211	0.000040	60.831538	4.0
1851	726.526219	115.201828	0.000040	38.985264	4.1
1852	775.614443	115.195773	0.000040	35.218996	3.9
1853	798.711920	115.190738	0.000040	52.547119	3.8
1854	820.216649	115.203867	0.000040	66.442588	3.9
1855	819.204548	115.195524	0.000040	31.654355	3.6
1856	798.052653	115.188073	0.000040	130.142494	6.0
1857	768.162816	115.179886	0.000040	85.179609	5.4
1858	765.919107	115.840217	0.000040	103.475644	4.3
1859	782.312306	115.829785	0.000040	39.695078	4.6
1860	786.603663	115.841655	0.000040	59.942922	6.0
1861	736.295854	115.864423	0.000040	47.655354	5.1
1862	773.186577	115.855905	0.000040	57.450750	4.9
1863	728.535154	115.882586	0.000040	26.614491	4.8
1864	734.650960	115.883564	0.000040	99.993439	5.4
1865	782.673375	115.884175	0.000040	51.555687	4.1
1866	798.549982	116.022112	0.000040	78.027444	4.3
1867	757.096650	116.045603	0.000040	82.659084	4.5
1868	763.578384	116.226183	0.000040	21.187559	8.8
1869	750.718941	116.221697	0.000040	49.773376	4.5
1870	813.700934	116.218099	0.000040	100.153573	4.8
1871	818.763857	116.325734	0.000040	123.020075	5.5
1872	756.318781	117.232673	0.000040	64.119175	4.4
1873	800.795274	117.222358	0.000040	38.830198	3.4
1874	782.716244	117.236690	0.000040	63.743896	3.3
1875	773.162090	117.231011	0.000040	98.562984	3.4
1876	722.780132	117.221194	0.000040	103.914821	3.0
1877	823.648060	118.053094	0.000039	34.552363	3.3
1878	798.824674	118.053958	0.000039	56.810312	3.5
1879	773.319882	118.055783	0.000039	27.210104	3.8
1880	748.326245	118.050140	0.000039	31.864674	4.3
1881	766.888210	118.047613	0.000039	27.058856	3.5
1882	780.721357	118.050225	0.000039	22.950593	4.0
1883	790.545711	118.048656	0.000039	48.018873	3.4
1884	822.613925	118.044357	0.000039	69.103856	4.1
1885	756.963556	118.046485	0.000039	38.070208	3.4
1886	773.394330	118.041485	0.000039	53.870682	3.8
1887	744.672951	118.038003	0.000039	31.441369	3.1
1888	819.597559	118.035258	0.000039	59.917851	5.6
1889	750.619838	118.032918	0.000039	28.205555	3.5
1890	792.491689	118.027083	0.000039	46.052268	3.6
1891	817.348750	118.027412	0.000039	86.111816	3.5
1892	817.812489	118.017968	0.000039	51.813318	4.9
1893	752.014248	118.010133	0.000039	19.827896	3.4
1894	800.902147	118.007875	0.000039	96.251263	3.4
1895	823.059457	118.001288	0.000039	84.387098	4.0
1896	754.933052	117.996088	0.000039	36.490348	6.0
1897	757.054965	118.015065	0.000039	35.001540	3.4
1898	829.309465	118.011845	0.000039	91.947197	3.2
1899	772.165477	118.003148	0.000039	78.860220	3.3
1900	778.862356	117.992797	0.000039	52.910671	5.0
1901	791.590286	118.026174	0.000039	35.644907	7.8
1902	792.938598	118.031017	0.000039	24.503829	6.6
1903	792.705746	118.030293	0.000039	39.565777	4.3
1904	796.810640	118.032648	0.000039	50.954612	7.0
1905	786.105474	118.026154	0.000039	42.894127	4.4
1906	805.181404	118.021324	0.000039	33.258737	4.5
1907	790.353231	118.015830	0.000039	72.619849	5.2
1908	803.897798	118.011452	0.000039	71.494289	4.5
1909	762.439873	118.001836	0.000039	45.172985	3.3
1910	787.028727	118.048335	0.000039	57.291253	3.4
1911	764.016580	118.073889	0.000039	26.864626	3.3
1912	796.708902	118.067962	0.000039	51.449984	5.2
1913	749.258522	118.070617	0.000039	34.346988	5.9
1914	763.893858	118.078383	0.000039	40.261175	5.3
1915	764.902951	118.074644	0.000039	37.176349	4.3
1916	755.235507	118.083275	0.000039	80.771757	4.7
1917	749.983503	118.075475	0.000039	43.756729	5.0
1918	772.946555	118.080156	0.000039	67.702069	4.4
1919	794.261510	118.112299	0.000039	29.832840	4.8
1920	759.241436	118.112580	0.000039	27.703091	4.0
1921	745.864174	118.111731	0.000039	35.687868	3.6
1922	784.817169	118.112839	0.000039	51.474904	3.7
1923	746.082271	118.117075	0.000039	64.506081	4.8
1924	775.295929	118.131662	0.000039	35.424283	4.0
1925	753.391395	118.144697	0.000039	78.805032	4.2
1926	744.274788	118.139132	0.000039	24.561601	4.8
1927	782.045224	118.146215	0.000039	46.299886	4.2
1928	770.970712	118.143127	0.000039	23.407252	3.3
1929	744.953153	118.141343	0.000039	18.974973	3.8
1930	828.744580	118.139673	0.000039	36.792373	4.8
1931	768.281000	118.139456	0.000039	71.686990	4.8
1932	754.543628	118.132453	0.000039	50.090361	5.2
1933	784.347749	118.125487	0.000039	100.553658	4.1
1934	766.621064	118.153760	0.000039	53.743575	5.4
1935	833.023841	118.180013	0.000039	21.472341	5.7
1936	779.376018	118.176053	0.000039	56.034050	5.3
1937	706.524189	118.171067	0.000039	49.767232	4.8
1938	838.444898	118.180594	0.000039	50.547309	4.1
1939	785.953611	118.173321	0.000039	45.916461	4.1
1940	719.801111	118.178629	0.000039	30.071075	3.7
1941	769.941320	118.180876	0.000039	21.728620	4.6
1942	775.258448	118.180716	0.000039	35.997561	3.5
1943	751.917680	118.182205	0.000039	36.372853	4.6
1944	762.111806	118.179059	0.000039	66.574284	4.9
1945	827.217882	118.185088	0.000039	66.630338	3.3
1946	715.177618	118.234261	0.000039	91.145111	5.3
1947	765.635262	118.497545	0.000039	61.886190	3.4
1948	773.687423	118.487559	0.000039	78.461343	4.3
1949	763.533449	118.555363	0.000039	62.743365	3.4
1950	835.450346	118.625804	0.000039	101.095875	4.4
1951	751.797904	118.817165	0.000039	69.067282	3.9
1952	771.575430	119.138517	0.000039	57.653496	4.1
1953	729.097736	119.188318	0.000039	60.623898	4.6
1954	772.150589	119.221135	0.000039	48.486059	5.0
1955	779.728467	119.213000	0.000039	29.903942	6.2
1956	766.292025	119.216742	0.000039	55.388514	5.1
1957	781.282090	119.210461	0.000039	23.569749	5.9
1958	805.718775	119.209168	0.000039	67.640375	5.2
1959	798.889834	119.212532	0.000039	45.825831	5.4
1960	745.999705	119.221040	0.000039	44.043718	4.7
1961	788.084624	119.220615	0.000039	58.649569	4.7
1962	770.735637	119.247555	0.000039	22.013032	4.0
1963	747.948382	119.243766	0.000039	79.114388	4.7
1964	741.217595	119.242109	0.000039	20.997180	5.0
1965	768.819197	119.239272	0.000039	51.693694	3.2
1966	738.074936	119.238764	0.000039	115.115996	4.9
1967	773.010416	119.268072	0.000039	49.701738	3.8
1968	782.584744	119.475347	0.000039	50.997089	3.2
1969	736.388036	119.469331	0.000039	60.593974	3.6
1970	714.071305	119.460591	0.000039	41.934552	5.6
1971	733.260718	119.483877	0.000039	28.972037	3.0
1972	826.878714	119.480022	0.000039	63.406610	3.4
1973	823.480075	119.477161	0.000039	33.426341	3.4
1974	817.345340	119.491812	0.000039	128.272493	4.7
1975	741.199469	119.483586	0.000039	64.971068	4.1
1976	805.409316	119.676619	0.000039	34.189502	3.9
1977	803.742200	119.681196	0.000039	56.129656	4.1
1978	779.490671	119.688751	0.000039	75.080496	4.0
1979	735.679943	119.737337	0.000039	43.558853	3.8
1980	761.318766	119.736407	0.000039	77.979059	2.9
1981	756.498618	119.730829	0.000039	105.977800	5.2
1982	738.785338	119.720426	0.000039	87.291053	5.1
1983	731.329411	119.880303	0.000039	57.763075	2.9
1984	769.707516	119.870541	0.000039	29.821465	3.5
1985	731.885093	119.864229	0.000039	49.537723	3.4
1986	740.013360	119.859289	0.000039	43.198708	3.4
1987	772.127353	119.867291	0.000039	104.843562	3.4
1988	778.735881	119.858840	0.000039	103.042979	3.5
1989	804.304981	120.330489	0.000039	75.717710	4.5
1990	726.348917	120.320375	0.000039	63.075597	3.5
1991	798.379011	120.381028	0.000039	22.885753	5.5
1992	759.719877	120.382863	0.000039	73.152993	3.9
1993	742.886415	120.378067	0.000039	38.045703	3.2
1994	747.834339	120.378728	0.000039	109.712404	5.5
1995	751.653906	120.405099	0.000039	25.136526	6.2
1996	787.716393	120.400356	0.000039	85.257874	5.9
1997	807.142946	120.395660	0.000039	59.064358	5.8
1998	802.245514	120.436748	0.000039	28.442228	5.5
1999	814.788580	120.437351	0.000039	49.379907	4.3
