1:ItNr	2:Metric	3a:Time	3b:StepSize	4:||Gradient||	Time[ms]
0	108919.425918	0.000000	0.000098	17533.630953	212.3
1	81151.096826	0.000000	0.000098	13872.911343	1.5
2	66956.389953	0.000000	0.000098	11556.865392	1.4
3	55213.236578	0.000000	0.000098	9979.329322	1.4
4	45242.024086	0.000000	0.000098	8355.017361	1.4
5	37695.209369	0.000000	0.000098	7355.300966	1.4
6	32703.226659	0.000000	0.000098	7025.102281	1.4
7	28692.863016	0.000000	0.000098	6536.755433	1.4
8	23645.223148	0.000000	0.000098	5789.986018	3.2
9	22016.454146	0.000000	0.000098	5777.824389	1.5
10	17892.058127	0.000000	0.000098	4984.397509	1.5
11	16047.369896	0.000000	0.000098	4654.483312	1.5
12	14628.591557	0.000000	0.000098	4235.494706	1.5
13	11669.379737	0.000000	0.000098	3777.131299	1.5
14	10846.649428	0.000000	0.000098	3568.011689	1.6
15	9969.443439	0.000000	0.000098	3177.367646	2.0
16	8596.477987	0.000000	0.000098	2690.781500	1.7
17	7861.110399	0.000000	0.000098	2320.721718	1.6
18	7441.032455	0.000000	0.000098	2186.059732	1.7
19	7110.717137	0.000000	0.000098	1976.085980	1.7
20	6461.288299	0.000000	0.000098	1631.499821	1.8
21	6421.690521	0.000000	0.000098	1543.989088	1.8
22	6321.240409	0.000000	0.000098	1355.045863	1.8
23	6236.065695	0.000000	0.000098	1314.232952	1.9
24	5876.675238	0.000000	0.000098	1165.528220	1.8
25	5859.856325	0.000000	0.000098	1069.118435	3.7
26	5379.784485	0.000000	0.000098	894.214539	3.8
27	5664.416436	0.000000	0.000098	849.404683	3.8
28	5430.102095	0.000000	0.000098	776.637537	3.3
29	5296.945418	0.000000	0.000098	741.442941	6.4
30	5516.016680	0.000000	0.000098	741.203038	4.4
31	5425.153894	0.000000	0.000098	678.814313	4.4
32	5696.178401	0.000000	0.000098	669.348118	3.2
33	5424.206712	0.000000	0.000098	577.313854	4.7
34	5523.657333	0.000000	0.000098	538.161175	4.9
35	5050.507971	0.000000	0.000098	586.088476	4.3
36	4974.418821	0.000000	0.000098	500.967171	4.8
37	5462.420339	0.000000	0.000098	555.202000	4.6
38	5063.667653	0.000000	0.000098	434.752083	4.6
39	4992.768074	0.000000	0.000098	455.641365	3.6
40	5055.646940	0.000000	0.000098	485.988330	3.5
41	5254.603005	0.000000	0.000098	424.766145	3.5
42	5119.688429	0.000000	0.000098	405.234169	3.0
43	4866.817791	0.000000	0.000098	420.894330	2.9
44	4891.160360	0.000000	0.000098	398.855893	2.9
45	5116.011996	0.000000	0.000098	405.029544	2.8
46	5075.437106	0.000000	0.000098	396.858510	2.6
47	4936.427679	0.000000	0.000098	356.068879	2.7
48	5082.956086	0.000000	0.000098	351.495034	2.6
49	4910.680651	0.000000	0.000098	329.245447	2.4
50	5166.665886	0.000000	0.000098	368.692558	2.5
51	4600.877435	0.000000	0.000098	300.087543	2.4
52	5084.938508	0.000000	0.000098	328.775714	2.4
53	4774.981094	0.000000	0.000098	335.604071	2.3
54	4780.770103	0.000000	0.000098	329.394281	2.3
55	4716.203308	0.000000	0.000098	251.591493	2.3
56	5163.251119	0.000000	0.000098	314.899054	2.3
57	4976.633069	0.000000	0.000098	364.189328	2.3
58	4708.726613	0.000000	0.000098	311.171226	2.1
59	4867.301488	0.000000	0.000098	252.783128	2.1
60	5031.233470	0.000000	0.000098	318.300994	2.2
61	4615.148826	0.000000	0.000098	241.822857	2.2
62	4746.706852	0.000000	0.000098	277.935524	2.1
63	4629.018158	0.000000	0.000098	242.926890	2.0
64	4745.632327	0.000000	0.000098	281.651540	2.1
65	4573.323524	0.000000	0.000098	275.819084	2.1
66	4864.900838	0.000000	0.000098	310.541569	2.1
67	5064.696009	0.000000	0.000098	213.947293	2.0
68	4591.824502	0.000000	0.000098	255.090134	2.1
69	4642.083111	0.000000	0.000098	269.828256	2.1
70	4580.398072	0.000000	0.000098	269.193981	2.1
71	4779.358103	0.000000	0.000098	220.707551	2.1
72	4876.340220	0.000000	0.000098	241.935002	2.1
73	4890.356573	0.000000	0.000098	241.264303	2.2
74	4574.739273	0.000000	0.000098	227.669173	2.3
75	4814.970384	0.000000	0.000098	206.555770	2.2
76	4711.677108	0.000000	0.000098	184.241214	2.2
77	5008.262107	0.000000	0.000098	238.772772	2.3
78	4651.576538	0.000000	0.000098	232.926551	2.2
79	4697.229293	0.000000	0.000098	230.687216	2.2
80	4776.110677	0.000000	0.000098	211.533125	2.4
81	4669.727852	0.000000	0.000098	220.794203	2.8
82	5114.466996	0.000000	0.000098	164.174840	2.4
83	5019.852947	0.000000	0.000098	214.356761	2.5
84	4563.607452	0.000000	0.000098	170.748198	2.4
85	4863.581611	0.000000	0.000098	179.432786	2.5
86	4428.553515	0.000000	0.000098	167.504128	4.5
87	4722.385947	0.000000	0.000098	206.402863	4.4
88	4685.660936	0.000000	0.000098	180.158137	4.1
89	4522.167271	0.000000	0.000098	180.101890	3.9
90	4876.658660	0.000000	0.000098	199.937248	3.2
91	4437.092640	0.000000	0.000098	142.601745	3.2
92	4634.958281	0.000000	0.000098	169.792027	3.1
93	4556.314130	0.000000	0.000098	178.912764	2.8
94	4602.152674	0.000000	0.000098	193.996050	2.8
95	4987.470940	0.000000	0.000098	214.175427	2.8
96	4943.355802	0.000000	0.000098	165.165499	2.8
97	4604.113306	0.000000	0.000098	151.225302	2.5
98	4630.508829	0.000000	0.000098	144.691768	2.6
99	5032.825252	0.000000	0.000098	206.546999	2.5
100	4701.315220	0.000000	0.000098	136.757007	2.9
101	4851.029181	0.000000	0.000098	146.220020	3.2
102	4379.815091	0.000000	0.000098	132.921539	2.9
103	4770.014436	0.000000	0.000098	164.979325	2.7
104	4630.513811	0.000000	0.000098	137.722787	2.3
105	4595.021744	0.000000	0.000098	105.765135	2.3
106	4599.535549	0.000000	0.000098	165.873126	2.2
107	4485.160097	0.000000	0.000098	179.075809	2.3
108	4745.249550	0.000000	0.000098	99.472589	4.3
109	4732.956196	0.000000	0.000098	95.126247	4.8
110	4938.662835	0.000000	0.000098	117.007853	4.8
111	4515.278570	0.000000	0.000098	154.194107	4.7
112	4783.962725	0.000000	0.000098	195.988817	4.4
113	4786.430789	0.000000	0.000098	111.172314	3.6
114	4774.781114	0.000000	0.000098	155.973087	3.6
115	4828.093210	0.000000	0.000098	142.646530	4.5
116	4836.905587	0.000000	0.000098	147.638143	4.5
117	4746.299156	0.000000	0.000098	125.486788	4.2
118	4722.391498	0.000000	0.000098	127.424675	3.7
119	4455.021233	0.000000	0.000098	158.761836	3.9
120	4688.618018	0.000000	0.000098	120.318357	4.9
121	4404.472809	0.000000	0.000098	156.079876	3.7
122	4666.333800	0.000000	0.000098	156.433184	4.1
123	4763.844035	0.000252	0.000098	93.992569	4.5
124	4544.783170	0.000000	0.000098	125.908292	4.3
125	4526.844456	0.000000	0.000098	179.646345	3.4
126	4601.474186	0.000000	0.000098	171.271648	3.3
127	4683.950821	0.000000	0.000098	128.454005	3.1
128	4603.552925	0.000000	0.000098	151.057879	2.9
129	4968.975316	0.000000	0.000098	163.097984	2.9
130	4756.850931	0.000000	0.000098	120.641905	2.9
131	4783.700010	0.000000	0.000098	109.777603	2.5
132	4409.391635	0.000182	0.000098	101.956998	2.6
133	4662.327540	0.000000	0.000098	174.722826	2.6
134	4616.278027	0.000000	0.000098	95.538386	2.6
135	4533.566136	0.000000	0.000098	104.721470	2.9
136	4746.894795	0.000000	0.000098	144.024998	4.6
137	4529.224525	0.000000	0.000098	148.897937	4.6
138	4653.937043	0.000000	0.000098	102.511567	4.9
139	4515.660740	0.000000	0.000098	122.541459	4.9
140	4522.263675	0.000000	0.000098	109.245079	4.4
141	4629.416681	0.000000	0.000098	163.936397	4.4
142	4387.760227	0.000000	0.000098	95.926882	4.6
143	4850.656894	0.000000	0.000098	132.307615	4.6
144	4991.417463	0.000000	0.000098	132.768760	3.9
145	4568.054712	0.000000	0.000098	121.689456	4.1
146	4621.594918	0.000000	0.000098	132.259733	5.1
147	4502.654576	0.000000	0.000098	120.731456	5.3
148	4724.258120	0.000000	0.000098	131.176999	4.6
149	4596.056980	0.000000	0.000098	118.459720	4.5
150	4666.331421	0.000000	0.000098	95.487929	5.5
151	4740.180173	0.000000	0.000098	105.296215	4.1
152	4686.861094	0.000000	0.000098	112.264337	4.4
153	4452.254174	0.000000	0.000098	107.390768	5.0
154	4814.800480	0.000000	0.000098	105.799546	5.1
155	4834.137637	0.000000	0.000098	116.369051	4.6
156	4727.303767	0.000000	0.000098	100.878165	4.7
157	4781.039840	0.000000	0.000098	105.848431	4.2
158	4566.994768	0.000000	0.000098	153.205548	4.0
159	4570.869026	0.000000	0.000098	104.979351	3.1
160	4509.680164	0.000000	0.000098	77.971355	3.1
161	4182.093691	0.000000	0.000098	73.605387	3.1
162	4928.824088	0.000000	0.000098	126.229782	3.2
163	4667.248243	0.000000	0.000098	169.090063	3.2
164	4538.054210	0.000000	0.000098	113.139969	3.2
165	4904.883822	0.002123	0.000098	157.424847	4.9
166	4197.394798	0.000000	0.000098	88.661461	4.7
167	4833.145419	0.001149	0.000098	156.587062	4.8
168	4941.104868	0.002024	0.000098	93.192640	4.9
169	4401.163071	0.000000	0.000098	91.137848	4.2
170	4491.959359	0.000000	0.000098	147.289451	3.7
171	4504.696644	0.000000	0.000098	68.356603	3.7
172	4259.610282	0.000000	0.000098	66.697991	3.2
173	4843.748885	0.000000	0.000098	180.117740	3.1
174	4695.406522	0.000000	0.000098	97.145164	3.1
175	4604.270016	0.000000	0.000098	122.449711	2.9
176	4513.286168	0.000000	0.000098	155.854804	2.8
177	4690.295200	0.002044	0.000098	79.480978	2.9
178	4168.653411	0.000235	0.000098	101.725206	2.8
179	4574.612229	0.000000	0.000098	79.283246	2.5
180	4655.193587	0.000000	0.000098	98.914717	2.5
181	5025.493159	0.000000	0.000098	200.320898	2.6
182	4437.756031	0.000000	0.000098	119.106461	2.5
183	4783.172086	0.001691	0.000098	99.440248	2.4
184	4615.608750	0.000000	0.000098	83.604645	2.4
185	4491.858725	0.000000	0.000098	97.068361	2.4
186	4531.075695	0.000000	0.000098	160.199611	2.3
187	4788.518211	0.001852	0.000098	193.323845	2.2
188	4771.569206	0.000000	0.000098	83.716248	2.2
189	4648.071303	0.000000	0.000098	105.119504	2.2
190	4558.734997	0.000000	0.000098	93.990795	3.3
191	4609.320888	0.000000	0.000098	76.224408	2.5
192	4601.741947	0.000000	0.000098	76.992292	2.5
193	4392.037621	0.000000	0.000098	65.641694	2.5
194	4657.346891	0.000000	0.000098	115.955496	2.6
195	4682.558714	0.000000	0.000098	99.768537	4.7
196	4605.993274	0.000000	0.000098	99.490206	4.7
197	4734.476009	0.000000	0.000098	143.122388	3.8
198	4629.642932	0.000000	0.000098	103.049689	3.7
199	4769.445383	0.000000	0.000098	98.096233	3.7
200	4555.631269	0.000000	0.000098	114.878467	3.1
201	4955.334824	0.000000	0.000098	92.578077	3.1
202	4435.862954	0.000000	0.000098	79.079915	3.7
203	4493.928512	0.000000	0.000098	169.235691	2.8
204	4457.108267	0.000000	0.000098	133.455907	2.7
205	5143.255023	0.000000	0.000098	125.066975	2.8
206	4557.305445	0.000289	0.000098	99.732102	4.7
207	4704.545003	0.000000	0.000098	93.575686	2.5
208	4539.680607	0.000000	0.000098	115.530280	2.8
209	4442.031335	0.000000	0.000098	72.765227	4.9
210	4500.136758	0.000000	0.000098	141.586391	3.5
211	4646.453918	0.000000	0.000098	89.083217	2.9
212	4416.277353	0.000000	0.000098	124.368859	3.4
213	4486.676994	0.000000	0.000098	135.099251	3.7
214	4328.801168	0.002619	0.000098	116.409836	3.3
215	4750.472767	0.003693	0.000098	143.776511	2.7
216	4478.132953	0.000953	0.000098	72.024977	2.6
217	4602.663443	0.000000	0.000098	150.983156	2.6
218	4563.212061	0.000000	0.000098	103.896417	4.2
219	4532.478036	0.000000	0.000098	123.909035	4.7
220	4720.605378	0.000334	0.000098	83.714458	4.8
221	4681.599175	0.000000	0.000098	74.508588	4.6
222	4489.507959	0.000000	0.000098	111.778515	4.6
223	4768.555052	0.000000	0.000098	196.258553	4.7
224	4335.928592	0.000000	0.000098	87.078980	4.6
225	4496.362854	0.000159	0.000098	108.858521	3.6
226	4758.667556	0.000000	0.000098	129.886859	3.6
227	4326.005017	0.000000	0.000098	81.860168	3.3
228	4710.112764	0.000000	0.000098	128.645224	3.1
229	4700.516933	0.000000	0.000098	103.214286	3.2
230	4527.633966	0.000000	0.000098	95.734847	4.8
231	4328.692618	0.000000	0.000098	128.727614	4.7
232	4302.682871	0.000000	0.000098	101.870995	4.6
233	4689.516191	0.000269	0.000098	104.660270	4.5
234	4431.754849	0.000000	0.000098	97.150992	4.2
235	4528.720391	0.000000	0.000098	111.723049	3.5
236	4305.312829	0.000000	0.000098	74.107050	3.5
237	4604.482445	0.000000	0.000098	78.989469	3.3
238	4551.103759	0.000000	0.000098	160.456155	3.1
239	4579.822717	0.000000	0.000098	70.893335	3.1
240	4470.636626	0.000000	0.000098	98.004193	4.9
241	4336.397562	0.000000	0.000098	95.560380	5.0
242	4291.168299	0.000000	0.000098	103.728906	4.8
243	4626.391163	0.000000	0.000098	78.966673	4.2
244	4258.766910	0.000000	0.000098	73.632468	5.1
245	4416.315946	0.000000	0.000098	83.223150	5.2
246	4468.398966	0.000000	0.000098	87.769680	5.0
247	4289.371197	0.000000	0.000098	72.587292	5.2
248	4767.012186	0.000000	0.000098	99.612126	5.1
249	4499.396147	0.000000	0.000098	70.954577	7.1
250	4526.770373	0.000000	0.000098	106.062890	4.9
251	4795.748859	0.000000	0.000098	135.946731	5.1
252	4519.325902	0.002007	0.000098	79.111867	5.0
253	4290.619769	0.001760	0.000098	129.590495	4.1
254	4857.066498	0.000000	0.000098	112.723565	3.8
255	4500.161928	0.000000	0.000098	88.339379	3.3
256	4513.619445	0.000000	0.000098	131.436452	3.5
257	4494.257713	0.000000	0.000098	130.801650	3.9
258	4587.957204	0.000000	0.000098	85.976005	3.1
259	4695.591185	0.000000	0.000098	106.033546	3.0
260	4678.355471	0.000000	0.000098	171.147989	2.9
261	4562.561893	0.002925	0.000098	106.446263	2.9
262	4340.133783	0.000000	0.000098	166.516632	2.9
263	4380.673634	0.002044	0.000098	102.745270	2.9
264	4319.769416	0.000000	0.000098	118.225674	2.4
265	4467.491277	0.000595	0.000098	90.540387	2.4
266	4852.306851	0.000000	0.000098	90.444604	2.4
267	4502.735616	0.000000	0.000098	90.741886	2.5
268	4563.918820	0.000000	0.000098	100.446395	4.8
269	4678.830324	0.000000	0.000098	85.230752	3.0
270	4628.331651	0.000000	0.000098	85.430709	2.4
271	4701.073032	0.000000	0.000098	152.992313	2.7
272	4639.120082	0.000000	0.000098	96.995910	2.8
273	4602.395945	0.000000	0.000098	123.736341	2.8
274	4484.889778	0.000972	0.000098	88.485834	2.5
275	4439.987277	0.001461	0.000098	137.737793	2.2
276	4908.415103	0.000000	0.000098	148.613788	2.3
277	4597.818638	0.000000	0.000098	81.275237	2.2
278	4576.800569	0.000000	0.000098	83.148509	2.2
279	4465.168198	0.000000	0.000098	83.551021	2.5
280	4237.682958	0.000000	0.000098	126.415462	4.7
281	4258.898879	0.000000	0.000098	121.392029	4.6
282	4637.029303	0.000000	0.000098	91.137169	4.6
283	4686.699063	0.000000	0.000098	75.226491	4.5
284	4763.538250	0.000000	0.000098	81.200582	3.4
285	4364.025135	0.000000	0.000098	74.339514	3.5
286	4481.273932	0.000000	0.000098	84.214333	3.3
287	4602.276151	0.000000	0.000098	119.629950	3.0
288	4359.087392	0.000000	0.000098	100.034990	3.0
289	4485.620738	0.000187	0.000098	65.778996	2.9
290	4450.328421	0.000000	0.000098	69.916579	2.6
291	4738.075814	0.000000	0.000098	84.005651	2.7
292	4563.310946	0.000000	0.000098	96.488787	2.7
293	4492.477582	0.000000	0.000098	120.919932	2.7
294	4577.658838	0.000678	0.000098	78.944377	2.9
295	4321.113267	0.000258	0.000098	71.588599	2.8
296	4548.010204	0.000000	0.000098	84.551155	2.8
297	4556.703646	0.000000	0.000098	88.894602	2.3
298	4447.807156	0.000000	0.000098	70.302782	2.3
299	4644.927253	0.000000	0.000098	81.397402	2.2
300	4658.274264	0.000000	0.000098	72.447128	2.3
301	4705.338699	0.000000	0.000098	84.265436	2.4
302	4734.474964	0.000000	0.000098	102.682325	2.5
303	4368.472733	0.000000	0.000098	95.843787	2.4
304	4661.802499	0.000000	0.000098	81.079884	3.9
305	4594.877554	0.000000	0.000098	95.564276	2.6
306	4721.651423	0.000000	0.000098	80.198253	3.2
307	4766.263302	0.000000	0.000098	71.998115	4.9
308	4504.838648	0.000000	0.000098	100.203782	4.9
309	4558.250220	0.000000	0.000098	114.238642	4.8
310	4451.598794	0.000851	0.000098	83.786953	5.2
311	4812.200695	0.000571	0.000098	208.027734	4.6
312	4587.622995	0.002635	0.000098	122.074112	4.7
313	4558.427830	0.003298	0.000098	91.893539	4.9
314	4581.715544	0.003135	0.000098	75.464791	5.2
315	4499.699325	0.001271	0.000098	79.468454	5.0
316	4569.607395	0.000000	0.000098	87.614021	5.2
317	4514.206597	0.000000	0.000098	171.878380	5.0
318	4223.583633	0.000811	0.000098	88.199287	3.8
319	4420.942702	0.000000	0.000098	95.703609	3.8
320	4431.676614	0.000000	0.000098	82.012935	3.8
321	4550.453698	0.000000	0.000098	127.795722	3.3
322	4531.145092	0.000135	0.000098	89.811327	3.4
323	4423.474146	0.000000	0.000098	95.366589	3.3
324	4482.473603	0.000000	0.000098	69.676969	3.3
325	4371.561003	0.000000	0.000098	96.368707	3.2
326	4571.735959	0.000000	0.000098	117.230484	3.2
327	4696.983836	0.000155	0.000098	96.059393	4.8
328	4842.624016	0.000000	0.000098	102.610653	4.7
329	4323.102913	0.000000	0.000098	76.453380	4.7
330	4487.903866	0.000000	0.000098	117.036985	4.6
331	4507.153881	0.000000	0.000098	79.088452	3.5
332	4475.026926	0.000000	0.000098	144.474198	3.5
333	4549.516283	0.000000	0.000098	115.600698	3.6
334	4432.774988	0.002256	0.000098	129.151431	3.0
335	4551.316600	0.001773	0.000098	101.478249	3.1
336	4509.006538	0.000000	0.000098	106.697228	2.9
337	4514.228188	0.000000	0.000098	103.092622	2.7
338	4772.293582	0.000000	0.000098	128.541228	2.8
339	4537.176047	0.000000	0.000098	184.368865	4.8
340	4785.044772	0.000000	0.000098	136.818319	4.7
341	4610.078946	0.006024	0.000098	145.397972	3.1
342	4237.902704	0.002225	0.000098	72.159885	3.1
343	4567.689802	0.001147	0.000098	119.557724	3.5
344	4453.677377	0.000000	0.000098	72.806877	3.4
345	4361.038959	0.000000	0.000098	117.623312	3.3
346	4468.093756	0.000000	0.000098	106.925285	2.8
347	4391.024765	0.001507	0.000098	91.936451	2.8
348	4538.480286	0.001463	0.000098	98.581786	2.8
349	4417.266248	0.000391	0.000098	84.031387	2.8
350	4391.149933	0.000000	0.000098	85.557256	2.9
351	4596.490003	0.000000	0.000098	86.031560	4.8
352	4381.198082	0.000000	0.000098	82.909314	4.2
353	4298.827841	0.000000	0.000098	82.475157	3.2
354	4457.311743	0.000000	0.000098	130.595418	3.2
355	4556.735279	0.000000	0.000098	92.861770	3.3
356	4417.805477	0.000000	0.000098	87.938798	3.4
357	4479.053918	0.000000	0.000098	146.865656	3.3
358	4428.540366	0.000000	0.000098	85.556525	2.7
359	4217.920233	0.000000	0.000098	74.981825	2.9
360	4636.063809	0.000000	0.000098	99.007993	4.9
361	4640.385268	0.000000	0.000098	79.764250	5.0
362	4426.467524	0.000000	0.000098	93.969555	4.9
363	4722.818463	0.000000	0.000098	101.797580	5.0
364	4749.322043	0.000000	0.000098	107.939151	5.0
365	4721.905416	0.000000	0.000098	88.011975	4.9
366	4545.703886	0.000000	0.000098	77.023446	4.5
367	4736.821064	0.000000	0.000098	71.478459	4.9
368	4465.565544	0.000000	0.000098	128.558391	4.7
369	4442.367499	0.000000	0.000098	75.552094	3.7
370	4496.351573	0.000000	0.000098	95.324695	4.4
371	4259.336722	0.000000	0.000098	83.253720	4.1
372	4706.969002	0.000000	0.000098	71.489745	3.9
373	4415.502887	0.000000	0.000098	124.636385	3.9
374	4785.514772	0.000000	0.000098	136.034634	3.0
375	4388.909540	0.002528	0.000098	116.919703	3.0
376	4533.482862	0.000000	0.000098	107.391662	3.0
377	4473.026597	0.001453	0.000098	84.095601	4.5
378	4680.008257	0.001102	0.000098	127.739771	4.6
379	4846.182718	0.000000	0.000098	80.165385	4.6
380	4450.554053	0.000000	0.000098	97.768154	4.7
381	4358.800684	0.000000	0.000098	269.197909	4.2
382	4574.278694	0.000000	0.000098	83.136219	3.6
383	4635.447199	0.000000	0.000098	109.539772	3.5
384	4285.284270	0.000000	0.000098	96.674876	3.6
385	4379.816409	0.000000	0.000098	151.225595	3.5
386	4445.149900	0.001987	0.000098	68.708251	3.5
387	4654.151934	0.001532	0.000098	134.763368	2.8
388	4486.858754	0.000000	0.000098	99.863138	2.8
389	4552.823133	0.000431	0.000098	103.439357	2.8
390	4550.546407	0.000000	0.000098	67.520302	2.7
391	4448.307267	0.000000	0.000098	118.138392	2.5
392	4442.296591	0.000000	0.000098	77.765969	2.6
393	4570.203174	0.000000	0.000098	97.172890	2.5
394	4525.137790	0.000000	0.000098	176.334518	2.6
395	4712.177513	0.002448	0.000098	146.181610	2.9
396	4292.652070	0.001361	0.000098	74.359999	2.6
397	4304.009819	0.000000	0.000098	116.136806	2.7
398	4478.469423	0.000000	0.000098	77.324913	2.6
399	4607.340952	0.000000	0.000098	105.999341	2.6
400	4593.943995	0.000000	0.000098	90.534897	2.7
401	4580.352811	0.000000	0.000098	70.717639	2.6
402	4387.536780	0.000000	0.000098	79.587696	2.4
403	4658.941242	0.000000	0.000098	124.289850	2.6
404	4532.478967	0.000000	0.000098	115.199917	2.6
405	4567.003843	0.000951	0.000098	90.824677	2.3
406	4515.951190	0.000000	0.000098	61.631418	2.3
407	4792.506806	0.000000	0.000098	90.014252	2.3
408	4442.158982	0.000000	0.000098	93.936774	2.4
409	4689.554534	0.000000	0.000098	120.393914	2.4
410	4380.741920	0.000000	0.000098	108.255681	2.3
411	4588.495460	0.000465	0.000098	132.007555	2.3
412	4330.049689	0.000000	0.000098	161.547023	2.4
413	4569.701064	0.000000	0.000098	90.198124	2.2
414	4465.995393	0.000000	0.000098	98.911539	2.3
415	4484.586568	0.000000	0.000098	100.082432	2.4
416	4486.576018	0.000000	0.000098	128.013469	2.4
417	4377.652778	0.000603	0.000098	74.776999	2.4
418	4710.991407	0.000000	0.000098	81.236373	3.4
419	4501.324677	0.000000	0.000098	114.087011	4.8
420	4288.963146	0.000000	0.000098	74.277560	4.8
421	4223.071215	0.000000	0.000098	133.608578	3.9
422	4379.092251	0.000000	0.000098	90.468054	3.5
423	4555.971418	0.000606	0.000098	102.825427	3.2
424	4441.226668	0.000000	0.000098	69.648086	4.6
425	4477.322151	0.000000	0.000098	66.762536	3.6
426	4329.064121	0.000000	0.000098	95.516956	4.4
427	4572.816468	0.000000	0.000098	102.363296	4.3
428	4360.115429	0.000000	0.000098	101.339313	4.7
429	4581.170121	0.000000	0.000098	109.926331	4.8
430	4466.963406	0.000000	0.000098	88.010723	4.0
431	4494.978441	0.000000	0.000098	111.052544	3.6
432	4473.720631	0.000000	0.000098	190.734566	3.6
433	4666.983122	0.000000	0.000098	115.109625	3.2
434	4429.178944	0.000000	0.000098	88.942444	3.2
435	4527.417665	0.000000	0.000098	86.909866	3.0
436	4272.611595	0.000000	0.000098	66.269092	2.9
437	4608.781009	0.000000	0.000098	87.131147	2.8
438	4462.686721	0.000000	0.000098	124.115602	3.1
439	4514.832037	0.000000	0.000098	100.656509	2.7
440	4295.834017	0.000000	0.000098	176.515736	2.5
441	4523.399730	0.003288	0.000098	112.103694	2.6
442	4518.429922	0.000000	0.000098	107.001236	2.5
443	4725.940397	0.000675	0.000098	129.125192	2.4
444	4518.586555	0.000000	0.000098	72.883245	2.2
445	4672.144185	0.000000	0.000098	79.920588	3.0
446	4374.533962	0.000000	0.000098	78.961698	2.2
447	4380.318134	0.000000	0.000098	81.018558	2.2
448	4477.338388	0.000000	0.000098	111.427990	2.2
449	4425.601879	0.000000	0.000098	68.340622	3.7
450	4624.973656	0.000000	0.000098	96.216412	2.1
451	4529.286208	0.000000	0.000098	66.518513	2.1
452	4693.071136	0.000000	0.000098	72.564197	2.4
453	4626.937684	0.000000	0.000098	64.225680	2.3
454	4489.358794	0.000000	0.000098	87.919770	2.4
455	4451.864291	0.000000	0.000098	74.111826	2.4
456	4544.752629	0.000000	0.000098	103.929577	2.4
457	4662.437068	0.000000	0.000098	73.329787	3.7
458	4516.475716	0.000000	0.000098	68.041037	2.4
459	4563.946305	0.000000	0.000098	86.101285	2.4
460	4387.860037	0.000000	0.000098	71.797145	2.5
461	4319.805417	0.000000	0.000098	87.342317	2.5
462	4505.207633	0.000000	0.000098	71.913171	2.5
463	4634.033231	0.000000	0.000098	75.765748	2.5
464	4230.944067	0.000000	0.000098	102.644230	2.6
465	4391.412211	0.000000	0.000098	75.926894	2.6
466	4368.871567	0.000000	0.000098	128.015869	2.8
467	4754.685344	0.000000	0.000098	158.883444	4.7
468	4272.292541	0.004026	0.000098	103.668067	4.8
469	4697.257395	0.005816	0.000098	87.409902	4.2
470	4786.697521	0.006537	0.000098	98.339690	3.5
471	4219.364249	0.005877	0.000098	85.496569	3.1
472	4359.124532	0.005269	0.000098	82.087700	3.4
473	4373.856303	0.003875	0.000098	73.185464	3.8
474	4287.504880	0.002862	0.000098	76.004376	3.7
475	4695.064959	0.001724	0.000098	77.554689	2.9
476	4587.323817	0.000884	0.000098	116.700439	2.9
477	4451.568921	0.000000	0.000098	138.420472	2.9
478	4734.133389	0.001166	0.000098	76.113230	2.8
479	4645.651286	0.000000	0.000098	86.425864	2.7
480	4478.176270	0.000000	0.000098	74.861420	2.6
481	4375.711960	0.000000	0.000098	86.305241	2.6
482	4495.789693	0.000000	0.000098	90.584487	2.5
483	4223.174838	0.000000	0.000098	74.207412	2.7
484	4322.977656	0.000000	0.000098	76.204951	5.7
485	4493.195894	0.000000	0.000098	72.256997	5.9
486	4295.837269	0.000000	0.000098	84.678800	4.9
487	4806.930989	0.000000	0.000098	91.520412	3.5
488	4427.336757	0.000000	0.000098	111.100431	3.6
489	4569.439334	0.000000	0.000098	75.026021	3.6
490	4683.052661	0.000000	0.000098	80.380146	4.1
491	4352.044777	0.000000	0.000098	100.906961	3.3
492	4513.561004	0.000000	0.000098	75.255870	4.7
493	4524.124253	0.000000	0.000098	85.072145	4.6
494	4166.486368	0.000000	0.000098	67.241804	4.3
495	4297.104928	0.000000	0.000098	90.000933	4.7
496	4426.587425	0.000000	0.000098	78.764285	4.8
497	4204.070970	0.000000	0.000098	164.863969	4.8
498	4429.956626	0.000000	0.000098	120.066718	4.5
499	4373.887827	0.005394	0.000098	91.363706	3.7
500	4229.626223	0.002764	0.000098	135.070485	3.9
501	4450.917549	0.000650	0.000098	62.273054	3.4
502	4495.303087	0.000000	0.000098	77.137670	3.4
503	4670.166778	0.000000	0.000098	82.119687	3.3
504	4520.455120	0.000000	0.000098	107.446737	2.9
505	4273.026939	0.000382	0.000098	64.836757	2.9
506	4398.358148	0.000000	0.000098	71.586398	3.0
507	4540.981258	0.000000	0.000098	97.766890	2.9
508	4397.649253	0.000000	0.000098	92.658667	2.7
509	4434.514152	0.000000	0.000098	233.063943	2.5
510	4278.890776	0.000000	0.000098	96.477853	2.5
511	4517.344511	0.000000	0.000098	98.410822	2.5
512	4570.006804	0.000000	0.000098	79.501280	2.4
513	4219.055804	0.000000	0.000098	116.622558	2.4
514	4461.448156	0.000000	0.000098	78.231983	2.4
515	4558.150855	0.000000	0.000098	172.569378	2.5
516	4615.622608	0.000261	0.000098	134.886103	2.5
517	4374.367580	0.000000	0.000098	62.235331	2.5
518	4264.247446	0.000000	0.000098	129.514250	2.5
519	4476.829766	0.000368	0.000098	98.963149	2.4
520	4341.359629	0.000000	0.000098	176.348911	2.3
521	4502.557779	0.000000	0.000098	91.488573	2.3
522	4442.858809	0.000000	0.000098	62.623638	2.3
523	4304.243666	0.000000	0.000098	92.481212	2.3
524	4714.363835	0.000000	0.000098	90.451251	2.4
525	4312.720420	0.000000	0.000098	111.307415	2.6
526	4259.673483	0.000036	0.000098	81.459542	2.5
527	4539.634686	0.000000	0.000098	67.209733	2.5
528	4456.532990	0.000000	0.000098	87.951218	2.2
529	4443.711996	0.000000	0.000098	69.587197	2.2
530	4384.860920	0.000000	0.000098	80.421132	2.2
531	4624.282857	0.000000	0.000098	82.212288	2.2
532	4516.268363	0.000000	0.000098	101.027074	2.2
533	4239.363647	0.000000	0.000098	100.909370	2.2
534	4380.044719	0.000000	0.000098	116.951958	2.3
535	4235.807716	0.001968	0.000098	82.311007	2.3
536	4349.383373	0.000000	0.000098	68.383576	2.2
537	4496.215289	0.000000	0.000098	90.908014	2.4
538	4328.779068	0.000000	0.000098	126.311847	2.4
539	4569.715841	0.000000	0.000098	74.315356	2.3
540	4606.670542	0.000000	0.000098	76.775517	2.3
541	4401.625242	0.000000	0.000098	71.318457	2.3
542	4741.740706	0.000000	0.000098	61.039395	2.3
543	4217.466167	0.000000	0.000098	133.818980	2.2
544	4692.312048	0.000000	0.000098	114.590305	2.4
545	4189.038434	0.000000	0.000098	117.131181	2.4
546	4128.559055	0.000000	0.000098	92.164408	2.5
547	4365.084073	0.000000	0.000098	70.064842	2.6
548	4352.953865	0.000000	0.000098	109.352648	2.5
549	4243.998104	0.000000	0.000098	80.244343	2.6
550	4537.829303	0.000000	0.000098	85.441261	2.9
551	4337.058532	0.000000	0.000098	138.817687	2.9
552	4461.871744	0.000000	0.000098	111.127887	2.9
553	4289.771441	0.000000	0.000098	77.692842	2.3
554	4810.184312	0.000000	0.000098	227.341497	2.4
555	4222.040852	0.000000	0.000098	106.698019	2.4
556	4373.556258	0.005427	0.000098	84.983527	2.6
557	4478.317054	0.002942	0.000098	72.976128	2.5
558	4506.202739	0.002283	0.000098	74.344256	2.6
559	4547.266525	0.001409	0.000098	99.799867	2.3
560	4163.790630	0.000857	0.000098	71.886176	2.6
561	4012.209374	0.000000	0.000098	84.204815	2.6
562	4714.948741	0.000000	0.000098	73.155083	2.5
563	4658.935727	0.000000	0.000098	93.801804	3.9
564	4331.869403	0.000000	0.000098	100.041092	3.0
565	4174.861669	0.000000	0.000098	80.530063	2.8
566	4552.846740	0.000000	0.000098	74.895737	3.9
567	4352.201598	0.000000	0.000098	79.395433	2.8
568	4441.367660	0.000000	0.000098	149.371064	3.0
569	4402.034048	0.000000	0.000098	83.719316	2.9
570	4400.219975	0.001372	0.000098	89.644601	3.0
571	4561.188459	0.000766	0.000098	106.334058	2.6
572	4308.057801	0.001338	0.000098	90.246801	4.6
573	4493.645276	0.000000	0.000098	78.973594	2.5
574	4522.738966	0.000000	0.000098	100.577231	4.8
575	4734.049927	0.000000	0.000098	108.148859	4.7
576	4192.875910	0.000000	0.000098	172.044410	3.7
577	4576.049834	0.003963	0.000098	70.321834	4.2
578	4497.098629	0.003716	0.000098	127.975127	2.5
579	4385.919413	0.002233	0.000098	67.660337	3.2
580	4495.466438	0.001833	0.000098	142.700423	4.6
581	4317.747617	0.001741	0.000098	73.443748	4.5
582	4335.718362	0.000445	0.000098	84.936957	4.3
583	4728.168340	0.000000	0.000098	81.276197	4.4
584	4416.204808	0.000000	0.000098	65.551291	4.9
585	4542.879261	0.000000	0.000098	137.628947	4.9
586	4599.377990	0.000000	0.000098	92.643416	4.8
587	4203.837327	0.000000	0.000098	99.166959	4.6
588	4310.905683	0.000570	0.000098	91.852442	3.4
589	4125.688778	0.000000	0.000098	75.012852	3.5
590	4517.405467	0.000000	0.000098	70.854218	3.7
591	4847.394719	0.000000	0.000098	112.979730	3.5
592	4224.198412	0.000000	0.000098	61.601539	3.1
593	4439.770837	0.000000	0.000098	66.669239	3.0
594	3999.348991	0.000000	0.000098	112.181902	2.9
595	4631.149235	0.000000	0.000098	89.155195	2.9
596	4239.525053	0.000000	0.000098	51.309158	2.9
597	4434.206252	0.000000	0.000098	90.552964	2.4
598	4578.241804	0.000000	0.000098	105.404984	2.3
599	4167.508735	0.000450	0.000098	68.283339	2.4
600	4423.868339	0.000203	0.000098	69.133867	2.3
601	4205.215880	0.000000	0.000098	101.971183	2.4
602	4481.239544	0.000000	0.000098	110.385241	2.5
603	4601.960034	0.000000	0.000098	120.522089	2.4
604	4399.975809	0.000000	0.000098	74.379690	5.1
605	4731.608975	0.000000	0.000098	100.823584	6.9
606	4503.548023	0.000000	0.000098	77.561024	2.8
607	4474.450368	0.000000	0.000098	86.651004	4.7
608	4451.944103	0.000000	0.000098	78.258823	4.8
609	4154.915712	0.000000	0.000098	105.700586	4.9
610	4535.687083	0.000000	0.000098	70.257483	4.9
611	4748.709702	0.000000	0.000098	115.660144	4.4
612	4592.851123	0.000000	0.000098	82.658122	4.5
613	4611.114058	0.000000	0.000098	130.971259	4.5
614	4543.586350	0.000000	0.000098	82.629172	3.8
615	4593.296049	0.000000	0.000098	61.385097	3.8
616	4351.953273	0.000000	0.000098	151.384984	3.8
617	4469.302358	0.000000	0.000098	75.908539	3.8
618	4379.234508	0.000000	0.000098	70.205881	2.8
619	4581.250544	0.000000	0.000098	88.181004	2.9
620	4392.547899	0.000000	0.000098	83.873363	2.9
621	4531.134260	0.000000	0.000098	108.741752	2.9
622	4381.929104	0.000264	0.000098	85.378444	2.9
623	4619.907914	0.000000	0.000098	186.844914	3.1
624	4629.164310	0.000000	0.000098	107.824687	4.5
625	4282.513417	0.000000	0.000098	58.933777	4.5
626	4374.135949	0.000000	0.000098	71.888110	4.3
627	4437.604405	0.000000	0.000098	176.182492	3.4
628	4449.317528	0.000827	0.000098	143.240442	3.3
629	4435.779825	0.006269	0.000098	70.881880	3.3
630	4555.027753	0.004884	0.000098	88.547362	2.7
631	4339.626519	0.004287	0.000098	74.646130	3.0
632	4391.459814	0.003992	0.000098	110.041759	3.3
633	4510.756742	0.004421	0.000098	62.173982	3.0
634	4595.817468	0.003247	0.000098	57.627559	2.8
635	4188.652107	0.002234	0.000098	90.839749	2.7
636	4511.006474	0.001445	0.000098	93.668910	2.7
637	4304.156864	0.000625	0.000098	196.778758	2.2
638	4319.320596	0.000000	0.000098	79.564530	2.5
639	4347.111489	0.000000	0.000098	61.026248	2.2
640	4173.825830	0.000000	0.000098	63.788010	2.2
641	4292.436233	0.000000	0.000098	87.062450	2.2
642	4444.077209	0.000000	0.000098	157.712725	2.4
643	4148.328314	0.000000	0.000098	75.821761	2.0
644	4306.000161	0.000000	0.000098	94.459848	5.1
645	4412.985245	0.000000	0.000098	77.048783	2.1
646	4097.542805	0.000000	0.000098	112.134850	2.1
647	4190.002364	0.000000	0.000098	64.333650	2.0
648	4282.914729	0.000000	0.000098	113.675831	2.0
649	4482.508341	0.000000	0.000098	81.727845	2.3
650	4076.144077	0.000481	0.000098	80.405209	2.4
651	4764.630706	0.000000	0.000098	63.880037	2.5
652	4234.544181	0.000000	0.000098	77.996913	2.4
653	4437.434584	0.000000	0.000098	92.594960	2.3
654	4701.385178	0.000000	0.000098	113.129260	2.0
655	4500.031775	0.000000	0.000098	111.638644	2.4
656	4082.598970	0.000204	0.000098	86.803470	2.5
657	4264.081909	0.000000	0.000098	72.660174	2.8
658	4579.079943	0.000203	0.000098	99.161468	4.3
659	4635.211719	0.000000	0.000098	108.663870	4.2
660	4148.178358	0.000000	0.000098	99.942705	4.1
661	4434.885419	0.000000	0.000098	100.927205	4.2
662	4512.029618	0.000000	0.000098	63.652968	3.8
663	4355.122052	0.000000	0.000098	102.997804	3.2
664	4275.080760	0.000000	0.000098	121.868862	3.2
665	4299.999681	0.000000	0.000098	131.944539	3.2
666	4382.464374	0.000000	0.000098	122.349267	4.8
667	4247.799360	0.003848	0.000098	86.667390	4.8
668	4557.295579	0.001847	0.000098	80.620567	4.7
669	4401.720946	0.000816	0.000098	77.379433	4.7
670	4388.820188	0.000000	0.000098	84.396340	4.7
671	4046.736687	0.000000	0.000098	57.997205	4.6
672	4528.657460	0.000000	0.000098	101.009158	3.4
673	4195.979378	0.000000	0.000098	65.201811	4.1
674	4609.457708	0.000000	0.000098	87.818185	4.0
675	4544.059903	0.000000	0.000098	77.458954	3.3
676	4455.014078	0.000000	0.000098	89.398545	3.2
677	4438.684686	0.000000	0.000098	75.025550	3.2
678	4362.613535	0.000000	0.000098	109.734880	3.5
679	4312.014682	0.000000	0.000098	87.489765	3.2
680	4595.405445	0.000140	0.000098	74.687905	3.0
681	4443.061331	0.000000	0.000098	79.304028	4.0
682	4766.732314	0.000000	0.000098	74.474686	2.6
683	4147.072193	0.000000	0.000098	55.052026	2.8
684	4320.990158	0.000000	0.000098	73.437629	2.6
685	4397.475445	0.000000	0.000098	86.743071	2.7
686	4420.885483	0.000000	0.000098	126.974536	2.9
687	4364.192997	0.000541	0.000098	75.045578	3.0
688	4425.507588	0.000439	0.000098	134.274772	2.2
689	4537.012551	0.000613	0.000098	58.663941	5.1
690	4713.087279	0.000000	0.000098	96.008983	2.4
691	4550.755806	0.000000	0.000098	119.890111	2.6
692	4364.371434	0.000000	0.000098	65.963462	2.6
693	4338.113060	0.000000	0.000098	85.374121	2.6
694	4222.902441	0.000000	0.000098	112.966725	3.9
695	4179.966902	0.000000	0.000098	67.187088	2.7
696	4309.154550	0.000000	0.000098	87.169860	2.4
697	4399.299172	0.000000	0.000098	120.106663	2.6
698	4197.542346	0.000000	0.000098	97.768040	2.6
699	4219.688784	0.001676	0.000098	108.175356	2.5
700	4522.356718	0.000000	0.000098	118.604888	2.5
701	4549.940840	0.001930	0.000098	76.029066	2.8
702	4509.471247	0.000000	0.000098	79.544170	4.9
703	4419.244090	0.000000	0.000098	84.217837	6.1
704	4268.738497	0.000000	0.000098	129.652363	4.9
705	4136.897412	0.000000	0.000098	162.010987	5.0
706	4385.656165	0.004161	0.000098	70.930139	4.9
707	4535.957442	0.001454	0.000098	69.885114	4.3
708	4251.315238	0.000000	0.000098	72.226449	4.8
709	4548.812070	0.000000	0.000098	64.457148	4.6
710	4283.533944	0.000000	0.000098	103.252199	3.6
711	4265.468594	0.000000	0.000098	67.230620	3.7
712	4212.358848	0.000000	0.000098	110.150386	3.6
713	4387.887639	0.000000	0.000098	108.277321	3.6
714	4790.819957	0.000000	0.000098	108.767139	3.5
715	4497.816713	0.000303	0.000098	114.237530	3.1
716	4259.278346	0.001542	0.000098	68.621084	2.8
717	4453.690417	0.001238	0.000098	86.212812	2.8
718	4379.996516	0.000000	0.000098	105.137068	2.8
719	4280.524612	0.000305	0.000098	69.098372	2.5
720	4136.203966	0.000000	0.000098	78.958720	2.5
721	4189.493705	0.000000	0.000098	77.571654	2.6
722	4313.465116	0.000000	0.000098	73.875344	2.4
723	4628.821934	0.000000	0.000098	88.016555	2.3
724	4426.702962	0.000000	0.000098	119.853623	2.4
725	4549.952026	0.000000	0.000098	64.054956	2.3
726	4637.730385	0.000000	0.000098	88.133375	2.3
727	4291.524631	0.000000	0.000098	78.982836	2.5
728	4383.301675	0.000000	0.000098	117.027922	2.4
729	4497.335424	0.000000	0.000098	102.515945	2.8
730	4431.037182	0.000000	0.000098	87.102434	2.5
731	4470.508139	0.001040	0.000098	100.974397	2.9
732	4358.410686	0.002141	0.000098	100.292878	2.8
733	4676.470131	0.002579	0.000098	76.912550	2.7
734	4452.288387	0.002396	0.000098	86.228738	2.8
735	4313.897528	0.000251	0.000098	97.118945	2.8
736	4172.287567	0.000356	0.000098	112.830447	2.8
737	4374.779223	0.000000	0.000098	94.211121	2.8
738	4692.714848	0.000000	0.000098	108.662471	2.4
739	4238.926648	0.000000	0.000098	76.317942	2.4
740	4268.004835	0.000093	0.000098	100.835248	2.4
741	4366.929854	0.000000	0.000098	120.290176	2.5
742	4260.684431	0.001195	0.000098	70.239447	4.5
743	4305.838771	0.000000	0.000098	100.837886	4.4
744	4714.662946	0.000000	0.000098	78.947941	3.9
745	4449.037231	0.000000	0.000098	63.314911	3.5
746	4422.019165	0.000000	0.000098	142.553925	3.5
747	4506.935480	0.000000	0.000098	80.376867	3.3
748	4462.381748	0.000000	0.000098	76.472450	3.2
749	4462.411616	0.000000	0.000098	101.975177	4.8
750	4373.768420	0.000000	0.000098	94.450533	5.0
751	4355.365316	0.000547	0.000098	78.529103	5.0
752	4326.833434	0.000000	0.000098	95.756905	5.0
753	4450.278172	0.000000	0.000098	84.393354	4.8
754	4502.660395	0.000291	0.000098	97.379475	3.9
755	4106.382146	0.000002	0.000098	101.814778	4.0
756	4166.962445	0.000000	0.000098	64.035556	3.4
757	4298.812374	0.000000	0.000098	60.575735	3.0
758	4177.515849	0.000000	0.000098	88.107870	3.2
759	4369.379677	0.000000	0.000098	68.426431	3.2
760	4116.386524	0.000000	0.000098	99.756141	2.7
761	4503.894940	0.000000	0.000098	128.931592	2.7
762	3987.647249	0.000000	0.000098	82.478110	2.6
763	4426.320463	0.001233	0.000098	69.822588	2.8
764	4184.623479	0.000000	0.000098	77.983246	4.7
765	4159.826629	0.000000	0.000098	91.854198	4.6
766	4702.806964	0.000411	0.000098	75.175898	4.2
767	4398.706179	0.000000	0.000098	172.683695	4.2
768	4653.784413	0.002093	0.000098	96.596548	3.3
769	4470.070977	0.002675	0.000098	89.671202	3.2
770	4051.565131	0.002982	0.000098	64.026710	3.2
771	4373.967049	0.001330	0.000098	137.375941	2.9
772	4332.892135	0.001626	0.000098	98.323342	2.9
773	4289.397160	0.001504	0.000098	59.361207	2.9
774	4225.874870	0.000718	0.000098	94.187102	2.8
775	4415.708777	0.000277	0.000098	67.445935	2.7
776	4182.626911	0.000271	0.000098	57.268386	2.5
777	4558.682509	0.000000	0.000098	74.375862	2.6
778	4390.807698	0.000000	0.000098	126.338675	2.5
779	4130.292096	0.000000	0.000098	56.606191	2.4
780	4538.355920	0.000000	0.000098	113.997546	2.4
781	4150.022175	0.000000	0.000098	156.599710	4.5
782	4123.027655	0.005102	0.000098	158.712001	2.4
783	4522.996110	0.000000	0.000098	61.644576	2.5
784	4147.905859	0.000000	0.000098	93.358403	4.7
785	4099.705799	0.000000	0.000098	98.762849	4.9
786	4131.794069	0.001032	0.000098	167.433654	4.8
787	4426.093826	0.000000	0.000098	63.668579	3.6
788	4523.051418	0.000000	0.000098	70.781542	3.5
789	4340.497948	0.000000	0.000098	166.690417	4.8
790	4190.616909	0.000000	0.000098	59.337350	4.9
791	4494.399539	0.000834	0.000098	81.678936	4.5
792	4492.708073	0.000000	0.000098	68.235248	3.7
793	4355.759216	0.000000	0.000098	86.885867	3.7
794	4239.107941	0.000000	0.000098	118.038546	3.4
795	4190.835180	0.001329	0.000098	103.054676	4.5
796	4325.410489	0.003681	0.000098	160.090149	3.3
797	4201.730320	0.001377	0.000098	76.775264	4.5
798	4406.550486	0.000000	0.000098	89.092288	4.6
799	4156.435825	0.000687	0.000098	73.150074	4.0
800	4430.700183	0.000000	0.000098	146.324745	3.8
801	4218.622081	0.000000	0.000098	142.717868	4.0
802	4287.860805	0.000000	0.000098	90.674170	3.7
803	4130.047774	0.000000	0.000098	73.524299	3.1
804	4548.255652	0.000652	0.000098	164.275042	4.8
805	4327.944354	0.000000	0.000098	81.876347	5.0
806	4118.451292	0.000000	0.000098	88.346649	4.6
807	4376.081116	0.000000	0.000098	109.767475	4.2
808	4118.149172	0.000000	0.000098	65.589612	4.7
809	4490.234121	0.000000	0.000098	89.175895	4.7
810	4722.292585	0.000000	0.000098	112.901951	4.7
811	4462.246538	0.000000	0.000098	75.238686	3.7
812	4460.590172	0.000000	0.000098	106.736458	4.1
813	4417.772297	0.000000	0.000098	77.702643	3.7
814	4197.688519	0.000000	0.000098	77.505508	3.4
815	4266.199097	0.000000	0.000098	82.196856	3.4
816	4401.125459	0.000000	0.000098	101.136377	3.2
817	4412.242926	0.000000	0.000098	64.816855	3.4
818	4166.068901	0.000000	0.000098	83.617499	3.1
819	4479.871447	0.000000	0.000098	94.419773	4.9
820	4489.838241	0.000000	0.000098	122.507825	4.7
821	4335.422407	0.001744	0.000098	94.067982	4.7
822	4273.884468	0.002979	0.000098	121.331930	4.7
823	4258.005455	0.003685	0.000098	104.493732	4.4
824	4334.498122	0.000000	0.000098	67.772385	3.5
825	4299.834311	0.000000	0.000098	94.317904	3.5
826	4499.261192	0.000000	0.000098	76.175117	3.4
827	4293.776321	0.000000	0.000098	79.447837	3.0
828	4208.005463	0.000000	0.000098	76.176868	3.0
829	4176.140815	0.000000	0.000098	106.247687	3.0
830	4222.751260	0.000000	0.000098	125.778186	2.8
831	4580.653655	0.002126	0.000098	63.678165	2.8
832	4241.254071	0.002042	0.000098	84.188531	2.8
833	3946.669845	0.002031	0.000098	78.952638	2.7
834	4390.651547	0.000000	0.000098	104.904386	2.6
835	4220.355905	0.000590	0.000098	146.409991	2.7
836	4221.905774	0.000000	0.000098	78.057511	2.6
837	4384.663588	0.001240	0.000098	79.984408	2.6
838	4395.620658	0.000000	0.000098	56.531975	4.0
839	4230.297997	0.000000	0.000098	67.239752	2.4
840	4293.761409	0.000000	0.000098	68.726006	2.8
841	4339.819669	0.000000	0.000098	64.214829	2.8
842	4321.888278	0.000000	0.000098	108.247491	2.9
843	4473.200475	0.000000	0.000098	89.452114	2.8
844	4207.442937	0.000000	0.000098	62.058625	2.3
845	4332.628596	0.000000	0.000098	75.370451	2.3
846	4509.119387	0.000000	0.000098	108.608668	2.3
847	4512.059045	0.000000	0.000098	79.008632	2.2
848	4418.515003	0.000916	0.000098	77.548477	2.4
849	4042.461547	0.000000	0.000098	78.555886	2.3
850	4414.509487	0.000000	0.000098	95.663533	2.3
851	4466.399178	0.000000	0.000098	64.359776	2.3
852	4034.875571	0.000000	0.000098	74.312494	2.4
853	4287.337286	0.000000	0.000098	116.739604	2.4
854	3942.405192	0.000000	0.000098	61.830900	2.4
855	4195.602011	0.000000	0.000098	88.280775	2.4
856	4065.741017	0.000000	0.000098	110.944032	4.9
857	4455.873166	0.000000	0.000098	62.788047	6.0
858	4598.165857	0.000000	0.000098	66.294058	4.7
859	4088.952584	0.000000	0.000098	50.760498	4.6
860	4435.851485	0.000000	0.000098	51.343187	4.2
861	4174.518153	0.000000	0.000098	122.184729	5.0
862	4347.220201	0.000023	0.000098	110.366840	4.8
863	4113.254126	0.000000	0.000098	92.057173	4.3
864	4541.455103	0.001090	0.000098	85.586755	4.2
865	4108.020458	0.000103	0.000098	90.007884	4.1
866	4417.870991	0.000314	0.000098	85.614212	5.1
867	4098.444030	0.000000	0.000098	67.898993	3.2
868	4286.817408	0.000000	0.000098	162.097744	3.3
869	4350.611356	0.000000	0.000098	70.774641	4.8
870	4618.486899	0.001813	0.000098	117.494215	4.7
871	4251.479894	0.002755	0.000098	113.534602	2.9
872	4345.148687	0.000000	0.000098	67.715571	4.9
873	4412.785041	0.000000	0.000098	121.429259	3.4
874	4313.561734	0.000000	0.000098	106.968477	3.4
875	4129.036768	0.000000	0.000098	79.459507	5.5
876	4530.383652	0.000000	0.000098	70.954288	4.8
877	4469.125491	0.000000	0.000098	62.602767	4.6
878	4267.877495	0.000000	0.000098	68.518646	4.3
879	4260.069682	0.000000	0.000098	74.133046	3.5
880	4302.218812	0.000000	0.000098	65.209032	3.5
881	4296.185792	0.000000	0.000098	103.949703	3.2
882	4035.388536	0.000000	0.000098	99.563872	3.6
883	4511.564624	0.001928	0.000098	63.009094	3.0
884	4142.077946	0.000828	0.000098	96.672687	3.5
885	4064.757088	0.000213	0.000098	113.756468	3.5
886	4097.185256	0.000000	0.000098	110.595531	2.9
887	4130.717656	0.002964	0.000098	84.523110	7.1
888	4312.889818	0.000749	0.000098	64.074272	3.5
889	4223.769177	0.000000	0.000098	55.738113	3.8
890	4435.645671	0.000000	0.000098	77.569830	4.0
891	4127.668949	0.000000	0.000098	57.549480	3.9
892	4417.311364	0.000000	0.000098	78.415978	3.1
893	4479.365520	0.000000	0.000098	69.122123	3.1
894	4330.619301	0.000000	0.000098	71.618024	3.4
895	4230.426873	0.000000	0.000098	134.946443	3.2
896	4440.296955	0.000000	0.000098	64.210371	4.9
897	4189.219751	0.000000	0.000098	62.101870	3.8
898	4249.332059	0.000000	0.000098	57.897082	4.6
899	4357.309655	0.000000	0.000098	64.262629	3.9
900	4254.151269	0.000000	0.000098	69.977412	3.8
901	4590.986420	0.000000	0.000098	132.872192	3.7
902	4340.705815	0.000000	0.000098	73.421220	3.6
903	4269.087696	0.000000	0.000098	123.256413	3.1
904	4377.247371	0.000000	0.000098	82.587621	2.9
905	4185.405018	0.000000	0.000098	67.470211	3.8
906	4303.667402	0.000000	0.000098	93.592698	2.7
907	4179.845097	0.000000	0.000098	79.878707	6.2
908	4149.575565	0.000417	0.000098	101.327815	2.9
909	4311.978771	0.001071	0.000098	77.341712	3.4
910	4283.033723	0.000948	0.000098	66.194417	3.0
911	4082.828649	0.000190	0.000098	112.095259	3.3
912	4136.924631	0.000000	0.000098	76.357760	5.1
913	4516.212333	0.000075	0.000098	89.280290	3.8
914	4500.716560	0.000387	0.000098	92.121389	3.5
915	4324.570151	0.000000	0.000098	68.705664	6.6
916	4086.360820	0.000000	0.000098	155.088595	4.6
917	4390.296161	0.000000	0.000098	133.572391	4.6
918	4376.787082	0.006125	0.000098	111.394053	4.6
919	4291.777920	0.002030	0.000098	105.172053	4.6
920	4164.035350	0.000000	0.000098	97.224192	3.4
921	4289.770190	0.000000	0.000098	137.945421	4.0
922	4332.810260	0.001994	0.000098	62.936440	3.3
923	4046.149398	0.002623	0.000098	84.898410	3.1
924	4251.219497	0.002512	0.000098	95.725901	3.2
925	4239.555174	0.002976	0.000098	70.019968	3.1
926	4370.348577	0.001166	0.000098	102.147042	3.3
927	4006.572570	0.000000	0.000098	58.808908	4.3
928	4483.819456	0.000000	0.000098	83.914855	3.6
929	4137.001833	0.000000	0.000098	73.752163	3.3
930	3993.228636	0.000000	0.000098	99.076670	3.0
931	4370.896761	0.000000	0.000098	85.158006	4.6
932	4256.699613	0.000000	0.000098	91.089895	2.8
933	4368.299925	0.000000	0.000098	61.177440	3.9
934	4188.839086	0.000000	0.000098	100.647083	3.1
935	4231.523243	0.000456	0.000098	143.878088	3.2
936	4398.454526	0.000000	0.000098	73.389272	5.8
937	4347.955898	0.000000	0.000098	107.925511	4.8
938	4307.423917	0.000653	0.000098	73.367056	4.9
939	4486.929704	0.000000	0.000098	55.787597	14.0
940	4480.736475	0.000000	0.000098	86.888052	7.5
941	4196.033981	0.000000	0.000098	69.976543	4.9
942	4456.649860	0.000000	0.000098	158.351379	4.7
943	4423.990824	0.000000	0.000098	56.357725	5.4
944	4282.346291	0.000000	0.000098	77.683320	5.4
945	4144.771812	0.000000	0.000098	107.722533	3.8
946	4397.291603	0.000000	0.000098	59.745731	3.5
947	4333.410870	0.000000	0.000098	77.575189	3.2
948	4201.307399	0.000000	0.000098	64.538085	3.2
949	4413.167745	0.000000	0.000098	104.422056	3.1
950	4216.392518	0.000000	0.000098	58.697100	5.2
951	4119.774206	0.000000	0.000098	99.343344	5.1
952	4433.747044	0.000000	0.000098	74.497151	4.9
953	4287.656466	0.000062	0.000098	82.862044	4.9
954	4234.226660	0.000000	0.000098	60.874636	3.6
955	4197.406739	0.000000	0.000098	117.358937	3.8
956	4272.125081	0.000635	0.000098	92.546301	3.7
957	4268.699066	0.000000	0.000098	66.361082	3.6
958	4046.276245	0.000354	0.000098	80.499264	3.5
959	4103.045632	0.000349	0.000098	100.976058	3.9
960	4162.252515	0.000749	0.000098	76.565513	4.9
961	4244.552600	0.000000	0.000098	68.148253	4.8
962	4242.842318	0.000000	0.000098	62.581150	3.8
963	4331.437871	0.000000	0.000098	95.454233	3.7
964	4301.166565	0.000000	0.000098	105.019951	3.6
965	4634.705923	0.000610	0.000098	101.714914	5.1
966	4410.955910	0.000000	0.000098	64.778219	4.0
967	4434.763617	0.000000	0.000098	79.799994	4.6
968	4244.777600	0.000000	0.000098	53.174221	3.0
969	4394.007382	0.000000	0.000098	91.962964	2.8
970	4196.445629	0.000000	0.000098	126.067104	3.9
971	4412.560758	0.000000	0.000098	109.736555	5.1
972	4211.677899	0.000444	0.000098	96.191796	4.8
973	4027.628848	0.002022	0.000098	60.476807	4.5
974	4373.771985	0.001510	0.000098	86.140071	4.6
975	4223.103353	0.000874	0.000098	78.690486	4.5
976	4347.983250	0.000000	0.000098	122.968594	3.6
977	4584.163345	0.000000	0.000098	91.781064	3.5
978	4540.267744	0.000213	0.000098	86.015740	3.4
979	4188.937299	0.000000	0.000098	69.296477	2.9
980	4218.183924	0.000367	0.000098	133.717828	3.0
981	4595.835113	0.000000	0.000098	81.083856	3.2
982	4120.539210	0.001893	0.000098	84.838065	3.7
983	4182.386439	0.000849	0.000098	53.166657	3.5
984	4364.754132	0.000795	0.000098	118.038338	3.2
985	4115.792626	0.000443	0.000098	74.188498	4.1
986	4198.681586	0.000000	0.000098	120.796638	3.2
987	4242.504025	0.000726	0.000098	71.576546	2.8
988	4124.831665	0.000000	0.000098	62.180225	3.8
989	4270.911296	0.000000	0.000098	85.352274	2.8
990	4502.601192	0.000000	0.000098	62.391530	7.0
991	4408.805684	0.000000	0.000098	84.208694	3.3
992	4416.419735	0.000000	0.000098	112.507215	3.4
993	4141.999478	0.000000	0.000098	56.946981	3.5
994	4243.520379	0.000000	0.000098	86.675940	7.7
995	4222.194972	0.000000	0.000098	120.496288	4.4
996	3967.901433	0.000000	0.000098	66.864344	3.2
997	4449.135000	0.000000	0.000098	116.010688	7.7
998	4229.613685	0.000026	0.000098	65.221221	4.6
999	4504.546778	0.000000	0.000098	168.389277	4.5
1000	4132.849865	0.000000	0.000098	87.415211	4.3
1001	4544.837855	0.003352	0.000098	76.716791	3.5
1002	4320.581057	0.003202	0.000098	90.750056	3.6
1003	4582.997170	0.003371	0.000098	66.916678	5.0
1004	4353.663043	0.002781	0.000098	51.852824	4.9
1005	4200.246503	0.001963	0.000098	92.135350	5.0
1006	4540.736872	0.000950	0.000098	75.236500	3.6
1007	4592.353191	0.001407	0.000098	52.744101	3.5
1008	4294.335488	0.000274	0.000098	97.882337	3.8
1009	4211.360037	0.000000	0.000098	68.952936	3.9
1010	4306.139455	0.000000	0.000098	90.489333	5.9
1011	4168.235920	0.000000	0.000098	50.232097	7.1
1012	4473.014846	0.000000	0.000098	70.253305	5.2
1013	4429.050516	0.000000	0.000098	88.160045	4.8
1014	4118.683168	0.000000	0.000098	130.072132	4.0
1015	4362.908717	0.000000	0.000098	56.049561	4.3
1016	4033.579193	0.000000	0.000098	88.860610	4.9
1017	4211.760911	0.000000	0.000098	62.643008	3.2
1018	4370.094804	0.000000	0.000098	83.063723	3.9
1019	4215.029905	0.000000	0.000098	76.469223	4.6
1020	4361.103068	0.000000	0.000098	81.295861	5.5
1021	4518.545082	0.000448	0.000098	136.893678	5.1
1022	4183.274977	0.001883	0.000098	79.730114	4.9
1023	4218.425734	0.000465	0.000098	62.041286	4.7
1024	4508.136285	0.000000	0.000098	83.612339	4.6
1025	4454.204291	0.000000	0.000098	69.240264	3.9
1026	4227.047351	0.000000	0.000098	128.666858	3.9
1027	3979.209869	0.000000	0.000098	54.924220	3.5
1028	4292.526160	0.000000	0.000098	64.513131	3.4
1029	4080.281556	0.000000	0.000098	106.138929	4.1
1030	4121.436651	0.000977	0.000098	74.809392	3.0
1031	4280.788007	0.000000	0.000098	54.782917	3.0
1032	4188.195859	0.000000	0.000098	65.845957	3.0
1033	4374.907619	0.000000	0.000098	68.729876	3.0
1034	4318.887604	0.000000	0.000098	53.831424	3.0
1035	4130.378667	0.000000	0.000098	94.864826	3.0
1036	4115.345984	0.000000	0.000098	75.167825	2.8
1037	4264.403763	0.000000	0.000098	164.157316	4.9
1038	4337.612388	0.002383	0.000098	56.770977	4.7
1039	4324.842843	0.002300	0.000098	87.692368	4.2
1040	4430.219074	0.000939	0.000098	67.851453	3.4
1041	4196.550603	0.000305	0.000098	120.703534	3.4
1042	4191.255889	0.000236	0.000098	52.037706	3.3
1043	4341.192637	0.000000	0.000098	65.302578	3.3
1044	4462.018616	0.000000	0.000098	53.923705	3.3
1045	4449.192231	0.000000	0.000098	88.079456	2.9
1046	4557.726432	0.000000	0.000098	70.606761	5.0
1047	4404.990167	0.000000	0.000098	178.362506	5.5
1048	4380.005874	0.001141	0.000098	93.582438	4.7
1049	4498.203006	0.002651	0.000098	76.059789	5.9
1050	4335.783339	0.002561	0.000098	52.991535	3.8
1051	4319.733283	0.001907	0.000098	75.531516	3.9
1052	4322.201794	0.000910	0.000098	58.826019	4.8
1053	4226.495030	0.000455	0.000098	70.113698	3.8
1054	4207.598319	0.000000	0.000098	65.835563	4.1
1055	4091.444009	0.000000	0.000098	51.300985	4.0
1056	4261.616520	0.000000	0.000098	84.925064	5.1
1057	4340.739495	0.000000	0.000098	59.687919	3.7
1058	4094.742830	0.000000	0.000098	66.356633	3.1
1059	4078.713582	0.000000	0.000098	52.147823	3.2
1060	4396.719920	0.000000	0.000098	109.557917	3.2
1061	4064.707198	0.000000	0.000098	85.021294	4.5
1062	4323.992140	0.000000	0.000098	68.674494	2.8
1063	4130.993849	0.000000	0.000098	94.555692	3.1
1064	4523.665131	0.000000	0.000098	129.658030	3.9
1065	4374.300444	0.002549	0.000098	96.153864	3.3
1066	4165.719919	0.000000	0.000098	99.206403	3.4
1067	4121.163309	0.000318	0.000098	76.032405	3.2
1068	4395.983797	0.000000	0.000098	145.611116	3.2
1069	4064.617317	0.001666	0.000098	85.033398	3.1
1070	4146.373510	0.004098	0.000098	111.523490	3.0
1071	4507.853356	0.001331	0.000098	145.965584	2.9
1072	4234.147561	0.005191	0.000098	52.468792	2.8
1073	4219.159438	0.004179	0.000098	66.152384	2.8
1074	4280.300444	0.003324	0.000098	91.183462	2.9
1075	4058.072451	0.003513	0.000098	45.760712	3.1
1076	4166.125908	0.003137	0.000098	51.859595	5.4
1077	4250.479951	0.002354	0.000098	56.346578	2.3
1078	4547.858100	0.001716	0.000098	110.960734	3.3
1079	4047.823155	0.000386	0.000098	51.353942	3.7
1080	4383.846245	0.000000	0.000098	98.884951	3.1
1081	4236.078491	0.000000	0.000098	95.522824	4.2
1082	4243.290039	0.000499	0.000098	134.401125	3.1
1083	4097.722403	0.000000	0.000098	102.369005	4.7
1084	4416.949232	0.003407	0.000098	55.873704	3.7
1085	4212.234286	0.002387	0.000098	79.240765	3.2
1086	4287.456470	0.001635	0.000098	70.296596	3.2
1087	4395.165662	0.001788	0.000098	62.306429	3.3
1088	4314.368380	0.000677	0.000098	95.716616	4.2
1089	4301.785370	0.000818	0.000098	61.423977	5.8
1090	4428.170879	0.000000	0.000098	110.716473	5.0
1091	4176.773547	0.000467	0.000098	54.378383	5.0
1092	4208.161693	0.000000	0.000098	53.120345	3.0
1093	4202.788085	0.000000	0.000098	55.434246	6.2
1094	4217.705969	0.000000	0.000098	66.100030	3.3
1095	4260.386260	0.000000	0.000098	57.832568	3.5
1096	4498.872561	0.000000	0.000098	79.558602	5.0
1097	4414.040523	0.000000	0.000098	73.306396	2.7
1098	4144.393582	0.000000	0.000098	74.949630	2.9
1099	4342.093893	0.000000	0.000098	86.844440	4.8
1100	4281.631687	0.000000	0.000098	71.507180	4.8
1101	4281.483529	0.000000	0.000098	79.075987	4.9
1102	4142.963061	0.000000	0.000098	102.964623	3.8
1103	4078.792212	0.000987	0.000098	83.402954	3.8
1104	4723.876213	0.000541	0.000098	89.202773	5.4
1105	4640.980226	0.000000	0.000098	114.416460	4.8
1106	4123.265594	0.001345	0.000098	105.870002	4.6
1107	4075.376546	0.002941	0.000098	57.781429	4.7
1108	4435.082959	0.001438	0.000098	53.938571	4.3
1109	4199.416285	0.000951	0.000098	113.263182	5.4
1110	4326.879951	0.000206	0.000098	60.997165	5.3
1111	4144.272569	0.000000	0.000098	77.892833	5.4
1112	4266.182577	0.000000	0.000098	129.791845	4.9
1113	4209.249551	0.000408	0.000098	104.438270	5.6
1114	4495.769874	0.001646	0.000098	62.219206	4.1
1115	4160.588596	0.000429	0.000098	88.944872	5.5
1116	4137.036644	0.000000	0.000098	74.549431	4.8
1117	4092.079164	0.000000	0.000098	59.485980	3.8
1118	4159.302659	0.000000	0.000098	61.815516	3.8
1119	4479.105490	0.000000	0.000098	56.216747	3.4
1120	4362.838340	0.000000	0.000098	118.544759	3.6
1121	4357.579894	0.000029	0.000098	79.109130	5.9
1122	4234.687499	0.001307	0.000098	85.450697	4.6
1123	4437.355449	0.000000	0.000098	65.825311	4.6
1124	4264.483851	0.000000	0.000098	124.319450	4.4
1125	3939.339855	0.000320	0.000098	65.879690	3.6
1126	4518.712050	0.000341	0.000098	77.340012	3.8
1127	4170.652231	0.000297	0.000098	100.473349	4.0
1128	4203.976665	0.001203	0.000098	80.934887	3.0
1129	4264.512032	0.002234	0.000098	92.713892	2.9
1130	4306.215254	0.003077	0.000098	73.951749	3.0
1131	4572.902262	0.001473	0.000098	88.516655	5.5
1132	4235.089361	0.001437	0.000098	90.034783	5.7
1133	4513.571305	0.001058	0.000098	59.168072	5.8
1134	4301.057466	0.000000	0.000098	82.286998	3.3
1135	4535.897653	0.000000	0.000098	97.827951	5.0
1136	4491.413346	0.000000	0.000098	133.347883	4.7
1137	4403.752769	0.000000	0.000098	52.543680	6.4
1138	4417.436742	0.000000	0.000098	121.710769	2.6
1139	4302.271151	0.000064	0.000098	147.351813	2.5
1140	4333.015668	0.005358	0.000098	52.184767	2.4
1141	4045.168696	0.003653	0.000098	58.208022	4.8
1142	4250.792358	0.003020	0.000098	62.545311	4.2
1143	4373.429783	0.002396	0.000098	136.722391	3.6
1144	4047.552761	0.002001	0.000098	71.224128	3.7
1145	4654.706025	0.003930	0.000098	113.744368	3.5
1146	4313.372328	0.001989	0.000098	57.962961	5.1
1147	4154.472698	0.000367	0.000098	104.966332	5.1
1148	4143.913438	0.000024	0.000098	107.051114	4.9
1149	4187.771991	0.000000	0.000098	62.184875	4.9
1150	4204.821147	0.000000	0.000098	88.425747	6.0
1151	4258.033073	0.000000	0.000098	68.731043	4.6
1152	4350.501493	0.000000	0.000098	87.467882	4.5
1153	4090.911856	0.000000	0.000098	74.540687	4.7
1154	4070.066879	0.000193	0.000098	112.151359	4.9
1155	4258.929651	0.000000	0.000098	91.563268	4.7
1156	4278.940266	0.000000	0.000098	46.936058	4.4
1157	4487.102737	0.000000	0.000098	95.953026	2.7
1158	4371.182741	0.000000	0.000098	122.697661	3.0
1159	3999.945637	0.000000	0.000098	42.926030	5.3
1160	3993.770214	0.000000	0.000098	89.776131	3.3
1161	4079.594890	0.000000	0.000098	131.263597	3.3
1162	4497.932719	0.003027	0.000098	90.557979	3.3
1163	4367.775029	0.002721	0.000098	136.907333	3.2
1164	4126.317771	0.003765	0.000098	115.933646	3.0
1165	4532.130598	0.007012	0.000098	107.444826	2.9
1166	4264.618626	0.009975	0.000098	60.326022	3.0
1167	4053.581457	0.010456	0.000098	85.526628	4.0
1168	4311.630150	0.010807	0.000098	53.749780	3.2
1169	4086.069802	0.010023	0.000098	109.727913	6.1
1170	4362.645611	0.008838	0.000098	64.976226	5.2
1171	4079.711561	0.009266	0.000098	48.421542	3.8
1172	4181.512824	0.008467	0.000098	87.814460	4.0
1173	4398.351758	0.007661	0.000098	114.413469	4.1
1174	4683.161355	0.008901	0.000098	71.706366	3.9
1175	4267.589825	0.007390	0.000098	75.242761	5.1
1176	4438.356516	0.007256	0.000098	131.603476	5.3
1177	4323.253263	0.006027	0.000098	65.635976	5.6
1178	4151.323534	0.006890	0.000098	158.776382	5.0
1179	4216.354549	0.008074	0.000098	78.651069	5.1
1180	4060.402860	0.004654	0.000098	154.560813	5.2
1181	4111.926024	0.005920	0.000098	101.223758	5.2
1182	4073.922809	0.002456	0.000098	58.933078	5.2
1183	4165.039232	0.001171	0.000098	153.843453	5.3
1184	4363.459045	0.000000	0.000098	97.212927	5.3
1185	4296.782305	0.000000	0.000098	54.777899	5.1
1186	3850.238680	0.000010	0.000098	84.352181	5.4
1187	4319.911444	0.000000	0.000098	61.517070	4.7
1188	4257.432712	0.000000	0.000098	68.305010	6.3
1189	4212.735398	0.000000	0.000098	85.466044	3.8
1190	4150.631150	0.000000	0.000098	71.902842	6.2
1191	4101.573187	0.000000	0.000098	104.372464	4.5
1192	4135.470025	0.000000	0.000098	92.604534	4.1
1193	4335.605471	0.000000	0.000098	103.293639	4.1
1194	4248.785674	0.001241	0.000098	54.119763	3.6
1195	4511.860174	0.000413	0.000098	109.433710	3.6
1196	4433.756471	0.000449	0.000098	86.790144	3.8
1197	4375.608182	0.000000	0.000098	68.082058	6.0
1198	4488.782666	0.000000	0.000098	79.840304	3.1
1199	4381.339391	0.000000	0.000098	87.828600	3.2
1200	4228.822569	0.000000	0.000098	57.351462	3.0
1201	4301.548009	0.000000	0.000098	60.939526	4.5
1202	4497.314226	0.000000	0.000098	118.539176	4.1
1203	4493.672986	0.000578	0.000098	63.065041	3.2
1204	4313.695731	0.000848	0.000098	60.854633	3.1
1205	4690.429462	0.000687	0.000098	78.794076	3.1
1206	4326.557204	0.000000	0.000098	77.389814	3.1
1207	4059.795800	0.000000	0.000098	86.222250	3.1
1208	3910.083544	0.000000	0.000098	134.280831	4.1
1209	4293.279908	0.000000	0.000098	61.854166	5.5
1210	3963.064529	0.000000	0.000098	105.647169	4.6
1211	4215.379777	0.000000	0.000098	151.825773	3.1
1212	4180.404883	0.000000	0.000098	42.676431	5.0
1213	4145.193419	0.000000	0.000098	68.252245	5.0
1214	4489.767880	0.000000	0.000098	103.710254	5.1
1215	4113.261411	0.000000	0.000098	55.859372	5.2
1216	4057.563860	0.000000	0.000098	76.416881	5.4
1217	4212.521368	0.000000	0.000098	74.115538	5.1
1218	3852.161412	0.000184	0.000098	61.493538	4.8
1219	4285.504912	0.000000	0.000098	101.135946	7.1
1220	4495.952001	0.000082	0.000098	242.007427	4.8
1221	4309.001188	0.000000	0.000098	68.713733	4.6
1222	4218.329470	0.000000	0.000098	71.287211	3.6
1223	4427.283212	0.000000	0.000098	109.042426	4.1
1224	4374.491398	0.000065	0.000098	64.122427	3.9
1225	4282.039758	0.000000	0.000098	145.271133	4.6
1226	4441.176194	0.000000	0.000098	136.297023	3.2
1227	4167.427061	0.003560	0.000098	61.463603	4.0
1228	4421.879677	0.001979	0.000098	108.613391	4.7
1229	4297.130123	0.001600	0.000098	83.963687	5.1
1230	4190.772651	0.000619	0.000098	70.829397	2.8
1231	4183.515750	0.000000	0.000098	84.065507	3.8
1232	4440.700098	0.000000	0.000098	106.033227	4.9
1233	4242.509814	0.001103	0.000098	48.721767	4.7
1234	4393.514668	0.000435	0.000098	90.970454	3.7
1235	4312.280470	0.000000	0.000098	70.975051	4.6
1236	4107.326077	0.000000	0.000098	72.214284	4.2
1237	3952.740935	0.000000	0.000098	78.150068	4.2
1238	4360.761432	0.000000	0.000098	83.343410	4.1
1239	4298.184014	0.000000	0.000098	70.639839	3.9
1240	4372.126743	0.000000	0.000098	73.254042	5.5
1241	4358.049549	0.000000	0.000098	123.000256	5.0
1242	4156.688701	0.000000	0.000098	91.354193	5.1
1243	4604.979106	0.000000	0.000098	72.430322	5.1
1244	4057.520454	0.000000	0.000098	54.701293	3.7
1245	4302.861770	0.000000	0.000098	60.890086	3.0
1246	4105.294123	0.000000	0.000098	76.544149	3.2
1247	4243.097610	0.000000	0.000098	119.676191	6.3
1248	4433.881790	0.000000	0.000098	99.817933	4.7
1249	4087.828307	0.000000	0.000098	102.207881	4.7
1250	4165.056524	0.000000	0.000098	98.518675	4.8
1251	3965.135374	0.001879	0.000098	80.489535	4.7
1252	4152.130548	0.002226	0.000098	73.676051	5.1
1253	4335.696898	0.003098	0.000098	150.450126	6.2
1254	4293.471942	0.000197	0.000098	93.587452	4.1
1255	4206.444287	0.002301	0.000098	76.787650	4.8
1256	4276.222611	0.000031	0.000098	91.189526	7.0
1257	4254.300292	0.000718	0.000098	61.806432	4.9
1258	4245.962527	0.001206	0.000098	60.091614	4.8
1259	4275.511957	0.000038	0.000098	94.002819	6.6
1260	4460.243557	0.000000	0.000098	85.987228	5.4
1261	4166.627007	0.000864	0.000098	89.723763	5.5
1262	4178.133674	0.002198	0.000098	64.462308	4.7
1263	4390.251169	0.002417	0.000098	58.464820	5.2
1264	4529.185522	0.001478	0.000098	127.239923	5.0
1265	4003.999812	0.000000	0.000098	62.528046	4.1
1266	4591.188384	0.000000	0.000098	64.015079	5.2
1267	4177.990757	0.000003	0.000098	80.094325	5.1
1268	4105.313413	0.000000	0.000098	78.499521	6.0
1269	4091.244540	0.000345	0.000098	68.250427	4.1
1270	4357.422944	0.000909	0.000098	88.043816	4.5
1271	4222.523873	0.000000	0.000098	79.581345	4.7
1272	4188.843275	0.000000	0.000098	56.934947	4.7
1273	4265.769969	0.000067	0.000098	63.990666	3.7
1274	3998.430072	0.000000	0.000098	93.907399	3.6
1275	4403.788885	0.000000	0.000098	134.320527	4.5
1276	4480.757096	0.000000	0.000098	59.049632	3.5
1277	4524.037000	0.000000	0.000098	148.453259	3.5
1278	4100.373772	0.000000	0.000098	75.103961	4.4
1279	4304.162496	0.000000	0.000098	72.426650	5.0
1280	4207.167243	0.000000	0.000098	95.745305	4.9
1281	4481.702873	0.000000	0.000098	84.829175	4.8
1282	4025.580200	0.000000	0.000098	159.293935	4.7
1283	4265.528385	0.000000	0.000098	101.716076	4.8
1284	4300.080808	0.002278	0.000098	80.085392	4.6
1285	4575.279340	0.000110	0.000098	92.765913	3.6
1286	4160.200098	0.000000	0.000098	54.338994	5.0
1287	4201.872377	0.000000	0.000098	93.071117	5.0
1288	4319.166844	0.000000	0.000098	83.976706	5.2
1289	4248.876937	0.000000	0.000098	49.633874	6.0
1290	4403.957055	0.000000	0.000098	97.346905	4.9
1291	4085.398615	0.000000	0.000098	95.696395	4.9
1292	3985.545184	0.000652	0.000098	104.694528	4.6
1293	4222.950474	0.000000	0.000098	83.312296	3.6
1294	4012.674034	0.000972	0.000098	67.222739	3.7
1295	4209.677789	0.001157	0.000098	90.558419	3.3
1296	4188.672999	0.000134	0.000098	59.886625	5.4
1297	4179.006878	0.000000	0.000098	97.230376	3.3
1298	3965.690736	0.000089	0.000098	98.175726	4.9
1299	4235.245060	0.002217	0.000098	45.284145	3.0
1300	4270.655301	0.002259	0.000098	91.562796	4.5
1301	4062.414215	0.001266	0.000098	105.546921	3.7
1302	4328.383647	0.000603	0.000098	64.676611	3.7
1303	4331.439810	0.000000	0.000098	77.810680	3.4
1304	4484.295324	0.000000	0.000098	85.905770	4.7
1305	4204.085564	0.000000	0.000098	46.260583	3.4
1306	4143.705626	0.000000	0.000098	78.560579	3.2
1307	4128.175900	0.000000	0.000098	71.436311	4.3
1308	4019.179207	0.000000	0.000098	51.165055	3.0
1309	4143.453957	0.000000	0.000098	57.310181	3.1
1310	4155.954588	0.000000	0.000098	55.954145	3.1
1311	4323.627647	0.000000	0.000098	55.202355	3.8
1312	4313.459350	0.000000	0.000098	121.689216	4.7
1313	3874.011824	0.000000	0.000098	94.533765	4.1
1314	4272.190625	0.001943	0.000098	83.565522	4.6
1315	4202.328091	0.002981	0.000098	81.364687	4.9
1316	4286.309692	0.003851	0.000098	159.804252	3.7
1317	4096.917238	0.006815	0.000098	47.170181	3.8
1318	4378.620458	0.007333	0.000098	90.159919	5.0
1319	4381.391787	0.007207	0.000098	72.708803	2.9
1320	4313.632004	0.007098	0.000098	69.508119	2.9
1321	4123.484506	0.006128	0.000098	79.125913	3.2
1322	4083.775375	0.004641	0.000098	93.606750	3.9
1323	4436.322936	0.002564	0.000098	123.828597	3.9
1324	4421.878862	0.002286	0.000098	106.392814	4.4
1325	4171.056109	0.000000	0.000098	48.884973	3.7
1326	4189.802273	0.000000	0.000098	57.217507	3.6
1327	4127.561910	0.000000	0.000098	71.015713	3.3
1328	4444.995843	0.000143	0.000098	122.509714	3.6
1329	4000.163395	0.000000	0.000098	73.301242	3.2
1330	3963.971460	0.001859	0.000098	74.114910	2.6
1331	4015.182853	0.002172	0.000098	53.048062	2.6
1332	4317.438671	0.002164	0.000098	124.196989	3.9
1333	4524.906571	0.001832	0.000098	73.398916	2.4
1334	4228.351104	0.001323	0.000098	73.895658	4.9
1335	4336.840692	0.001775	0.000098	71.461806	2.7
1336	4007.967661	0.001017	0.000098	61.804621	4.9
1337	4106.180263	0.000000	0.000098	53.004904	5.1
1338	4444.589106	0.000000	0.000098	108.675126	5.1
1339	4401.711819	0.000054	0.000098	127.722215	4.2
1340	4148.590809	0.000000	0.000098	47.697229	4.3
1341	4381.735107	0.000000	0.000098	70.113531	5.1
1342	4143.994410	0.000000	0.000098	51.702715	5.1
1343	4309.857951	0.000000	0.000098	47.701161	5.0
1344	4123.577035	0.000000	0.000098	84.416230	4.7
1345	4184.800507	0.000000	0.000098	128.526343	6.2
1346	4483.230889	0.000000	0.000098	75.506847	4.9
1347	4193.579823	0.001645	0.000098	91.129917	5.3
1348	4316.223721	0.002640	0.000098	62.410085	4.4
1349	4177.815235	0.002421	0.000098	81.433761	4.9
1350	4140.317634	0.001135	0.000098	49.818915	5.0
1351	4256.602177	0.000094	0.000098	74.621676	5.2
1352	4539.098863	0.000000	0.000098	72.747715	4.7
1353	4364.373137	0.000333	0.000098	82.537887	4.7
1354	4369.486118	0.000240	0.000098	52.258819	3.7
1355	4062.450304	0.000000	0.000098	130.486912	4.4
1356	4218.780372	0.000000	0.000098	113.824977	5.0
1357	4113.599317	0.000000	0.000098	135.221409	4.9
1358	4029.919645	0.000000	0.000098	64.715631	5.1
1359	4142.644377	0.000172	0.000098	44.379018	4.7
1360	4169.862164	0.000000	0.000098	68.066216	4.7
1361	4229.127744	0.000000	0.000098	140.949303	4.3
1362	4332.032670	0.000000	0.000098	131.955718	2.3
1363	4433.283309	0.000000	0.000098	76.547635	3.0
1364	4264.394931	0.000000	0.000098	63.958239	2.7
1365	4015.427868	0.000000	0.000098	109.346580	5.0
1366	4352.288205	0.000000	0.000098	76.264499	4.3
1367	4547.799302	0.001868	0.000098	57.504286	2.9
1368	4226.389057	0.000624	0.000098	75.446417	2.9
1369	4142.464489	0.000000	0.000098	91.176175	4.7
1370	4105.620601	0.000000	0.000098	45.809886	2.7
1371	4263.241704	0.000000	0.000098	62.511459	4.7
1372	4113.610827	0.000000	0.000098	90.435289	4.2
1373	4104.028401	0.000000	0.000098	65.556106	3.2
1374	4127.956412	0.000000	0.000098	62.791610	3.7
1375	4297.566020	0.000000	0.000098	97.284910	3.8
1376	4157.999292	0.000000	0.000098	60.477947	3.7
1377	4093.727139	0.000000	0.000098	86.489056	2.9
1378	4138.916658	0.000417	0.000098	56.692593	2.9
1379	4137.595296	0.000228	0.000098	161.789135	4.4
1380	4331.149948	0.000616	0.000098	75.301420	3.8
1381	4352.648709	0.000000	0.000098	71.940708	5.3
1382	4128.650828	0.000000	0.000098	67.688667	3.6
1383	4594.833707	0.000000	0.000098	98.928510	4.9
1384	4510.768654	0.000516	0.000098	85.768292	5.2
1385	4120.818739	0.000000	0.000098	73.652757	5.5
1386	4352.435414	0.000000	0.000098	59.346380	4.7
1387	4334.526333	0.000000	0.000098	95.487238	4.8
1388	4228.184099	0.000606	0.000098	81.244299	4.6
1389	3987.279567	0.000000	0.000098	50.227274	4.9
1390	4307.777569	0.000357	0.000098	64.856650	3.8
1391	4446.528595	0.000336	0.000098	56.939727	3.6
1392	4366.454452	0.000000	0.000098	116.520320	4.5
1393	4127.482657	0.000488	0.000098	57.152339	4.6
1394	4491.188705	0.000133	0.000098	61.510887	5.5
1395	4236.366410	0.000000	0.000098	91.657476	3.0
1396	4046.518816	0.000228	0.000098	63.955356	3.3
1397	4038.299254	0.000000	0.000098	111.004206	7.6
1398	4092.965054	0.000951	0.000098	72.230720	5.3
1399	4320.230261	0.002248	0.000098	64.305913	4.0
1400	4041.724502	0.001128	0.000098	117.311104	3.9
1401	4384.703206	0.000047	0.000098	115.274894	3.7
1402	3973.970671	0.000044	0.000098	86.357039	4.9
1403	4203.144066	0.002252	0.000098	62.652361	3.1
1404	4216.995348	0.002500	0.000098	122.427078	3.0
1405	4199.441478	0.002754	0.000098	55.928075	3.0
1406	4101.527319	0.003568	0.000098	59.962198	2.9
1407	4235.205257	0.003425	0.000098	94.643571	4.8
1408	4253.945063	0.004227	0.000098	139.830478	3.4
1409	4124.796468	0.000492	0.000098	47.838103	3.2
1410	4203.360145	0.000000	0.000098	111.140000	3.3
1411	4355.915016	0.000000	0.000098	55.262440	6.9
1412	4338.172626	0.000000	0.000098	123.964086	5.0
1413	4371.273685	0.000000	0.000098	102.931729	5.7
1414	3992.948068	0.001642	0.000098	89.205122	4.3
1415	4327.265145	0.000110	0.000098	97.425200	3.8
1416	4093.319414	0.000228	0.000098	64.426096	3.3
1417	4381.991293	0.001073	0.000098	104.584283	2.9
1418	4437.982892	0.001977	0.000098	67.116549	6.0
1419	4156.673014	0.001804	0.000098	70.606492	2.8
1420	4286.240381	0.001267	0.000098	44.352629	3.3
1421	4284.837275	0.000927	0.000098	56.757628	2.8
1422	4246.698765	0.000195	0.000098	62.211565	3.7
1423	4221.782608	0.000000	0.000098	69.121135	2.9
1424	4341.139655	0.000000	0.000098	81.886259	5.1
1425	4253.018800	0.000000	0.000098	121.479554	7.9
1426	4236.774332	0.000000	0.000098	62.530219	4.6
1427	4231.716042	0.000380	0.000098	62.315206	3.2
1428	4133.150139	0.000000	0.000098	64.901403	3.1
1429	4008.485830	0.000204	0.000098	73.234475	3.4
1430	4117.447716	0.000000	0.000098	90.443492	3.6
1431	4318.031752	0.001079	0.000098	47.514226	3.4
1432	4205.514191	0.000615	0.000098	78.886061	4.5
1433	4099.119518	0.000176	0.000098	98.348418	3.4
1434	4196.186796	0.001283	0.000098	71.620620	4.6
1435	4350.412553	0.000000	0.000098	66.775270	4.7
1436	4425.537690	0.000000	0.000098	49.332005	3.0
1437	4156.314652	0.000000	0.000098	63.635455	4.3
1438	3990.022107	0.000000	0.000098	120.023393	6.1
1439	4372.920511	0.000506	0.000098	86.811250	6.0
1440	4223.797930	0.000000	0.000098	91.936370	5.4
1441	4264.593636	0.000000	0.000098	91.978313	4.6
1442	4282.932644	0.000000	0.000098	73.880760	4.8
1443	4441.667017	0.000000	0.000098	86.804997	4.8
1444	4036.599046	0.000000	0.000098	105.080566	3.9
1445	4276.547822	0.001731	0.000098	94.020675	4.7
1446	4193.473532	0.001413	0.000098	94.992973	4.6
1447	4225.255408	0.002605	0.000098	59.191873	5.2
1448	4128.581632	0.002621	0.000098	81.124658	4.3
1449	4235.998311	0.002447	0.000098	148.932635	2.7
1450	4382.640050	0.004563	0.000098	75.498204	2.9
1451	4364.339603	0.005576	0.000098	134.178162	4.9
1452	4327.964842	0.006863	0.000098	67.609204	5.9
1453	4166.936016	0.005274	0.000098	47.582600	4.9
1454	4186.133856	0.005247	0.000098	73.355746	3.1
1455	4208.298429	0.004477	0.000098	169.313318	4.7
1456	4138.628967	0.004825	0.000098	104.833445	5.1
1457	4448.518761	0.005510	0.000098	69.367047	3.0
1458	4078.620696	0.005336	0.000098	90.401775	3.5
1459	4198.645232	0.006415	0.000098	40.017870	2.9
1460	4332.937876	0.005782	0.000098	69.937826	3.0
1461	4199.386411	0.005439	0.000098	65.973202	4.7
1462	4071.015061	0.004540	0.000098	48.662826	5.1
1463	3975.998965	0.003821	0.000098	56.350733	4.7
1464	4104.966394	0.003475	0.000098	45.023972	4.7
1465	4215.556286	0.002849	0.000098	149.026840	2.2
1466	4482.736302	0.001143	0.000098	64.860033	2.6
1467	4147.110525	0.000943	0.000098	60.084955	4.7
1468	3941.035702	0.000000	0.000098	67.759432	4.1
1469	4082.711222	0.000000	0.000098	77.630583	4.1
1470	4262.256355	0.000000	0.000098	49.519226	5.7
1471	4178.055539	0.000000	0.000098	63.262754	4.8
1472	4251.101923	0.000000	0.000098	68.047132	3.0
1473	4314.775916	0.000113	0.000098	187.925824	3.2
1474	4311.120112	0.000000	0.000098	58.961888	3.9
1475	4195.814970	0.000000	0.000098	95.129023	3.4
1476	4215.758871	0.000000	0.000098	64.857416	3.5
1477	4416.551630	0.000000	0.000098	89.450813	3.5
1478	4216.413694	0.000166	0.000098	104.356116	3.4
1479	4294.614301	0.000000	0.000098	81.711025	3.5
1480	4118.858125	0.000000	0.000098	73.757887	3.7
1481	4205.429182	0.001011	0.000098	110.208202	7.5
1482	4298.769229	0.000000	0.000098	58.430060	3.6
1483	4119.233218	0.000964	0.000098	39.647594	4.2
1484	4266.737610	0.000563	0.000098	83.857720	4.2
1485	4570.095595	0.000106	0.000098	69.596156	3.1
1486	4109.413664	0.000000	0.000098	55.967169	4.9
1487	4240.891978	0.000000	0.000098	72.720308	2.4
1488	4212.765871	0.000000	0.000098	94.280597	4.5
1489	4172.439912	0.000000	0.000098	160.901776	5.4
1490	4215.957326	0.000000	0.000098	117.227290	7.9
1491	3936.629912	0.000000	0.000098	56.053026	4.8
1492	3962.174846	0.000000	0.000098	96.870876	4.6
1493	3827.890235	0.000000	0.000098	57.881637	5.3
1494	4202.827270	0.000000	0.000098	63.087344	5.3
1495	3996.982070	0.000000	0.000098	55.122765	4.8
1496	4336.849497	0.000000	0.000098	90.406989	4.3
1497	4079.431109	0.000000	0.000098	85.339590	4.6
1498	4007.599825	0.000000	0.000098	117.886287	4.7
1499	4436.367624	0.002392	0.000098	44.696605	3.7
1500	3953.795624	0.001998	0.000098	51.876203	4.0
1501	4614.827915	0.001541	0.000098	126.846385	3.5
1502	4346.056504	0.002164	0.000098	111.258030	6.6
1503	4476.955723	0.005730	0.000098	92.686444	3.4
1504	4026.471627	0.007542	0.000098	112.910705	4.0
1505	4395.004395	0.005172	0.000098	74.771892	4.6
1506	4305.290684	0.002562	0.000098	91.440040	5.2
1507	4320.063254	0.003675	0.000098	58.576166	7.1
1508	4083.121897	0.003876	0.000098	111.649525	5.1
1509	4223.338946	0.004356	0.000098	129.835846	4.0
1510	4168.075509	0.007278	0.000098	82.715266	4.5
1511	4159.149806	0.008713	0.000098	48.621871	4.2
1512	4385.002646	0.007707	0.000098	55.167383	3.6
1513	4301.047200	0.006947	0.000098	70.687623	4.5
1514	4286.243460	0.006196	0.000098	46.294144	3.7
1515	4236.893836	0.005515	0.000098	70.045506	4.1
1516	4292.150284	0.005019	0.000098	89.068101	3.6
1517	4187.804074	0.005630	0.000098	147.915334	3.6
1518	4160.730521	0.003469	0.000098	51.771869	3.5
1519	4241.934146	0.003833	0.000098	106.685220	3.2
1520	4188.305550	0.004205	0.000098	71.253607	3.2
1521	4168.374405	0.002849	0.000098	80.857177	3.2
1522	4215.727764	0.002997	0.000098	82.927544	4.1
1523	4343.993345	0.004137	0.000098	79.353227	5.1
1524	4337.461938	0.004697	0.000098	51.379609	3.4
1525	4174.146752	0.003642	0.000098	65.925522	4.1
1526	3887.264745	0.002931	0.000098	85.032239	4.0
1527	4057.854944	0.002959	0.000098	58.680451	3.7
1528	4345.617969	0.002426	0.000098	122.056288	3.8
1529	4314.262685	0.000613	0.000098	77.072301	3.8
1530	4296.366367	0.001171	0.000098	100.950016	3.4
1531	4176.943587	0.001597	0.000098	74.573031	4.7
1532	4053.261816	0.000563	0.000098	64.439394	3.3
1533	4361.274452	0.000000	0.000098	74.340473	2.5
1534	4016.397363	0.000000	0.000098	85.967186	2.3
1535	4160.892352	0.000000	0.000098	66.332113	4.0
1536	4561.099188	0.000424	0.000098	75.513829	5.1
1537	4248.904953	0.000000	0.000098	43.568723	2.3
1538	4433.258407	0.000000	0.000098	152.224837	2.3
1539	4209.492535	0.000106	0.000098	69.687326	3.8
1540	4015.584367	0.001751	0.000098	57.666919	6.8
1541	4124.803921	0.000798	0.000098	89.082068	3.5
1542	4178.639001	0.000000	0.000098	71.973758	4.8
1543	4379.446988	0.000000	0.000098	118.241112	4.6
1544	4159.549870	0.001435	0.000098	103.703805	4.9
1545	4144.599481	0.003420	0.000098	49.152307	4.3
1546	4116.098958	0.003866	0.000098	75.698963	4.7
1547	4303.299462	0.003424	0.000098	90.609104	4.1
1548	4080.439636	0.004228	0.000098	42.826424	8.4
1549	4416.842511	0.003931	0.000098	106.433061	5.1
1550	4232.849525	0.002884	0.000098	128.216763	3.4
1551	4039.460166	0.004826	0.000098	64.136313	3.8
1552	4347.779583	0.003427	0.000098	77.568106	6.3
1553	4029.210319	0.002977	0.000098	41.471118	5.0
1554	4286.216497	0.002842	0.000098	67.539296	4.1
1555	4037.145131	0.002163	0.000098	70.140772	4.3
1556	4281.705475	0.002067	0.000098	43.999749	4.9
1557	4488.685429	0.001765	0.000098	56.174601	4.8
1558	4169.970081	0.001244	0.000098	90.566858	5.0
1559	4220.089651	0.000000	0.000098	64.638639	3.3
1560	4305.904566	0.000000	0.000098	113.434384	3.4
1561	4169.094039	0.001356	0.000098	84.265060	3.5
1562	4263.321825	0.002202	0.000098	88.782012	3.9
1563	4349.652618	0.003113	0.000098	83.950645	3.1
1564	3892.192449	0.002200	0.000098	53.003850	4.9
1565	4313.014871	0.002533	0.000098	81.326081	4.7
1566	4145.205359	0.001906	0.000098	115.699893	4.9
1567	4277.574321	0.000000	0.000098	113.407848	3.3
1568	4096.684798	0.003329	0.000098	79.042192	5.1
1569	4260.399680	0.005531	0.000098	65.389255	3.3
1570	4170.774363	0.006289	0.000098	87.860275	3.1
1571	4157.203796	0.004906	0.000098	50.290557	3.0
1572	3916.629839	0.004813	0.000098	75.390315	6.9
1573	4390.665796	0.005055	0.000098	66.704494	2.9
1574	4221.720076	0.004056	0.000098	74.281999	3.3
1575	3985.152914	0.003028	0.000098	65.254823	3.7
1576	4191.862678	0.001588	0.000098	111.436657	4.1
1577	4145.953178	0.000000	0.000098	94.520816	3.5
1578	4315.917978	0.000517	0.000098	115.247791	3.1
1579	4228.527210	0.002282	0.000098	71.933764	4.9
1580	4203.741171	0.002059	0.000098	65.186725	4.9
1581	4076.349707	0.001746	0.000098	115.813231	4.7
1582	4131.096865	0.003160	0.000098	37.821845	4.8
1583	3993.716921	0.002381	0.000098	55.221198	4.9
1584	4084.767467	0.002129	0.000098	91.617825	4.7
1585	4355.540212	0.001722	0.000098	89.050501	4.3
1586	4036.402608	0.000000	0.000098	57.648125	4.6
1587	4405.448833	0.000874	0.000098	108.958927	4.9
1588	4293.138151	0.000130	0.000098	87.251387	4.1
1589	4131.660334	0.001300	0.000098	79.807918	3.5
1590	4081.476795	0.000931	0.000098	158.101716	3.7
1591	4303.764485	0.000000	0.000098	59.518580	3.4
1592	4141.924261	0.000000	0.000098	45.156549	3.7
1593	4091.612974	0.000000	0.000098	85.739143	3.8
1594	4154.901286	0.000000	0.000098	82.685378	2.6
1595	4137.126153	0.001545	0.000098	91.092150	2.4
1596	4096.519881	0.000000	0.000098	64.415831	4.5
1597	4414.244196	0.000000	0.000098	150.252016	5.1
1598	4158.517971	0.001910	0.000098	79.004706	2.7
1599	4317.523607	0.000000	0.000098	69.534017	2.6
1600	4311.045372	0.000000	0.000098	113.615242	5.4
1601	3941.464275	0.000000	0.000098	62.820644	2.6
1602	4279.709334	0.000038	0.000098	158.216320	3.0
1603	4334.846886	0.001976	0.000098	75.184296	5.0
1604	4183.973915	0.002666	0.000098	55.774333	2.8
1605	4203.160001	0.002161	0.000098	123.507768	2.9
1606	4152.313361	0.002985	0.000098	116.918011	3.7
1607	4259.732344	0.000000	0.000098	88.455965	3.3
1608	4150.474336	0.001663	0.000098	55.749394	4.0
1609	4015.902369	0.000325	0.000098	38.926557	3.0
1610	3921.171827	0.000160	0.000098	84.339950	3.0
1611	4119.560225	0.000000	0.000098	81.187749	2.9
1612	4162.224484	0.000271	0.000098	47.320843	4.2
1613	3970.977709	0.000000	0.000098	59.806492	4.9
1614	4307.038191	0.000000	0.000098	101.182474	4.6
1615	4000.707888	0.000000	0.000098	95.197051	4.9
1616	4149.407748	0.002643	0.000098	88.036163	4.3
1617	4175.250034	0.004112	0.000098	135.662495	4.3
1618	4288.194635	0.000908	0.000098	46.689754	3.8
1619	4146.636376	0.000181	0.000098	144.429969	3.2
1620	4047.251767	0.000000	0.000098	88.814156	4.2
1621	4326.715983	0.000000	0.000098	92.609032	3.8
1622	4146.734266	0.000000	0.000098	78.899915	5.0
1623	4042.919483	0.000000	0.000098	57.466331	3.2
1624	4355.691823	0.000000	0.000098	90.319723	5.2
1625	3992.460823	0.000445	0.000098	37.085051	3.4
1626	4088.250084	0.000000	0.000098	87.549035	3.2
1627	4150.551219	0.000071	0.000098	81.703269	4.9
1628	3990.216777	0.001809	0.000098	52.604671	3.5
1629	4167.198050	0.002220	0.000098	89.395054	3.8
1630	4164.170436	0.002986	0.000098	87.530593	3.8
1631	4170.990573	0.001539	0.000098	34.206385	5.3
1632	4100.882652	0.001276	0.000098	49.989876	5.1
1633	4185.623660	0.000881	0.000098	113.479910	3.6
1634	4108.795045	0.000655	0.000098	80.847086	5.3
1635	4133.592815	0.000442	0.000098	54.878198	6.0
1636	4240.372212	0.000469	0.000098	74.482520	4.8
1637	4201.047849	0.000354	0.000098	66.212324	4.3
1638	4155.791906	0.000914	0.000098	100.938748	4.4
1639	4155.020918	0.001516	0.000098	64.661233	4.3
1640	4377.664043	0.000153	0.000098	41.512824	3.2
1641	4184.574765	0.000000	0.000098	95.512637	3.4
1642	4164.895647	0.000000	0.000098	75.798124	5.2
1643	4002.538510	0.000000	0.000098	102.430529	4.7
1644	3909.616564	0.001591	0.000098	74.452161	3.6
1645	4289.977841	0.003433	0.000098	40.384037	6.0
1646	4037.503781	0.003353	0.000098	46.175465	4.6
1647	4294.718673	0.002730	0.000098	63.643367	4.7
1648	4142.446887	0.002189	0.000098	159.546546	4.8
1649	3988.197670	0.000000	0.000098	52.014589	4.5
1650	4280.913856	0.000000	0.000098	54.974208	4.5
1651	3925.952072	0.000000	0.000098	49.601787	2.8
1652	4342.094810	0.000000	0.000098	116.835577	4.0
1653	3909.374472	0.000000	0.000098	55.066400	3.8
1654	4406.823587	0.001121	0.000098	214.755613	2.7
1655	4177.494211	0.000664	0.000098	104.377576	4.3
1656	4187.974149	0.000000	0.000098	59.187549	4.3
1657	4478.247463	0.000000	0.000098	50.227851	4.3
1658	4235.685429	0.000000	0.000098	136.077804	4.0
1659	4128.033451	0.000000	0.000098	56.854751	3.3
1660	3972.624065	0.000000	0.000098	105.149256	4.0
1661	4140.243074	0.000000	0.000098	76.152410	3.4
1662	4132.931284	0.000000	0.000098	82.630398	3.4
1663	4276.393662	0.000418	0.000098	69.821871	3.2
1664	4216.992935	0.000000	0.000098	53.980818	2.6
1665	4042.540933	0.000015	0.000098	96.353469	2.5
1666	4088.658397	0.000000	0.000098	68.567773	2.7
1667	4286.831129	0.000723	0.000098	96.609853	4.5
1668	4065.436332	0.000445	0.000098	128.576813	1.9
1669	4413.328507	0.000000	0.000098	49.600516	1.9
1670	3944.015135	0.000000	0.000098	46.857811	1.9
1671	4039.224952	0.000000	0.000098	68.751542	1.9
1672	4425.461502	0.000000	0.000098	71.495166	2.1
1673	3975.248776	0.000000	0.000098	83.995213	6.0
1674	4100.465756	0.000453	0.000098	127.325144	2.4
1675	4151.322660	0.000000	0.000098	43.758785	2.5
1676	3900.369733	0.000000	0.000098	77.200706	2.5
1677	4061.349137	0.000000	0.000098	66.772825	7.5
1678	4334.407112	0.000000	0.000098	101.289234	3.0
1679	4222.111564	0.000961	0.000098	59.109794	4.3
1680	4334.192709	0.000000	0.000098	54.334781	4.2
1681	4129.774393	0.000000	0.000098	47.763014	2.7
1682	4134.159943	0.000000	0.000098	66.191307	2.6
1683	4343.229531	0.000000	0.000098	108.524084	3.1
1684	4375.919904	0.000000	0.000098	58.468645	3.1
1685	4211.393069	0.000542	0.000098	61.351957	3.1
1686	4391.868666	0.000000	0.000098	137.793934	2.6
1687	3998.521870	0.000000	0.000098	81.154003	2.5
1688	4500.997170	0.003441	0.000098	49.533340	2.3
1689	4317.880607	0.002857	0.000098	87.262235	2.4
1690	4202.546767	0.002268	0.000098	84.006142	3.7
1691	4248.598512	0.001558	0.000098	70.968816	4.0
1692	4241.004143	0.002347	0.000098	58.767164	2.1
1693	4247.907942	0.001779	0.000098	153.027074	2.2
1694	4285.058058	0.001930	0.000098	44.352370	2.4
1695	3908.258991	0.002088	0.000098	105.394718	2.4
1696	4211.705301	0.001920	0.000098	59.264877	2.3
1697	3997.748317	0.003140	0.000098	121.474455	2.4
1698	4454.760275	0.004672	0.000098	125.929607	2.7
1699	4076.738959	0.007556	0.000098	73.859676	2.3
1700	4105.380642	0.009672	0.000098	82.676391	3.3
1701	4219.697559	0.008507	0.000098	57.767113	1.9
1702	4147.520308	0.008485	0.000098	79.313002	2.0
1703	4215.671826	0.007666	0.000098	68.370998	2.0
1704	4038.419802	0.008205	0.000098	60.755550	2.0
1705	4298.629330	0.007428	0.000098	76.652598	2.0
1706	4245.721484	0.006448	0.000098	58.476300	1.9
1707	4045.140947	0.006030	0.000098	65.554264	2.1
1708	3940.386377	0.005176	0.000098	51.507246	6.6
1709	4285.201873	0.004823	0.000098	56.041193	4.5
1710	4158.061693	0.004410	0.000098	85.135825	2.5
1711	4059.022864	0.003058	0.000098	77.414073	2.5
1712	4067.928708	0.002020	0.000098	82.038476	2.4
1713	4084.338372	0.000636	0.000098	46.822357	2.4
1714	4228.592946	0.000932	0.000098	53.446993	2.4
1715	4102.633728	0.000507	0.000098	88.815759	2.5
1716	4326.538264	0.000000	0.000098	126.927571	2.4
1717	3927.487179	0.000000	0.000098	114.678518	2.2
1718	4158.409023	0.003086	0.000098	92.362734	2.2
1719	4068.045391	0.004378	0.000098	162.355154	2.2
1720	4077.966012	0.002940	0.000098	60.878052	2.8
1721	4186.874056	0.003592	0.000098	130.394016	2.3
1722	4191.438729	0.002542	0.000098	108.849278	2.4
1723	4208.169899	0.004765	0.000098	120.507154	4.0
1724	4041.680077	0.001066	0.000098	58.709737	4.4
1725	4351.661685	0.002770	0.000098	79.197900	2.9
1726	4130.683936	0.002104	0.000098	66.433858	2.9
1727	3963.668141	0.002094	0.000098	71.842290	2.2
1728	4072.896132	0.001392	0.000098	50.114530	4.6
1729	4331.808442	0.000810	0.000098	91.918866	3.6
1730	4121.540473	0.001121	0.000098	79.240693	4.7
1731	4117.222480	0.000133	0.000098	91.557076	2.7
1732	4095.894695	0.000000	0.000098	85.783631	3.8
1733	4368.600463	0.001981	0.000098	39.155114	4.8
1734	4018.075334	0.001058	0.000098	64.047827	3.2
1735	4373.720572	0.000799	0.000098	81.590017	3.5
1736	3821.603183	0.000888	0.000098	71.269604	5.5
1737	4173.722071	0.000357	0.000098	60.196318	3.1
1738	4201.300227	0.000286	0.000098	57.485485	4.5
1739	4150.415321	0.000275	0.000098	71.270319	2.3
1740	4039.076646	0.000373	0.000098	64.114720	2.2
1741	4252.389932	0.000437	0.000098	94.149516	4.1
1742	4368.191440	0.001537	0.000098	67.705150	4.5
1743	4338.620018	0.002116	0.000098	94.788248	3.8
1744	4107.825739	0.001856	0.000098	91.826378	4.0
1745	4267.448969	0.000000	0.000098	75.645448	3.9
1746	4189.068030	0.000000	0.000098	90.563291	2.3
1747	4021.545798	0.000000	0.000098	53.606337	3.1
1748	4043.399825	0.000272	0.000098	91.682440	2.1
1749	4126.143805	0.000559	0.000098	60.374180	2.0
1750	4119.449459	0.001007	0.000098	74.565809	4.5
1751	4294.660359	0.000000	0.000098	48.815096	2.8
1752	4454.743941	0.000000	0.000098	91.559418	2.3
1753	4625.024960	0.000000	0.000098	133.293827	4.4
1754	4318.376443	0.000000	0.000098	89.727919	2.8
1755	4050.230824	0.003410	0.000098	60.169786	4.7
1756	4324.344545	0.002223	0.000098	98.590520	3.1
1757	4308.089567	0.002706	0.000098	120.527668	3.6
1758	3931.271517	0.005850	0.000098	133.279645	3.3
1759	4211.930621	0.002008	0.000098	43.200439	3.3
1760	4282.906058	0.000877	0.000098	68.714566	4.0
1761	4247.929069	0.000409	0.000098	75.830473	4.7
1762	4391.484957	0.000000	0.000098	122.028877	4.3
1763	4098.660472	0.001089	0.000098	110.130027	4.7
1764	4211.974947	0.004467	0.000098	123.460963	4.5
1765	4341.465446	0.003279	0.000098	88.515525	4.2
1766	4377.936104	0.003067	0.000098	69.240812	3.5
1767	4277.140191	0.003594	0.000098	55.157429	3.4
1768	4362.842469	0.003217	0.000098	73.849512	3.2
1769	4336.850075	0.003498	0.000098	56.327830	3.1
1770	4314.233854	0.002448	0.000098	85.822515	3.4
1771	4634.577784	0.002490	0.000098	45.410855	5.9
1772	4195.882393	0.001783	0.000098	58.822522	3.2
1773	4324.933786	0.001264	0.000098	94.245347	4.3
1774	4244.336100	0.000046	0.000098	69.855699	3.3
1775	4159.038344	0.000000	0.000098	98.499197	2.1
1776	4596.620161	0.001263	0.000098	64.062392	4.6
1777	4239.583677	0.002521	0.000098	78.100631	2.5
1778	4206.221322	0.003335	0.000098	77.234015	2.4
1779	3635.255354	0.004707	0.000098	93.273173	2.8
1780	3983.091286	0.006038	0.000098	47.928201	4.9
1781	4204.396084	0.005269	0.000098	70.312383	4.7
1782	4261.300107	0.004718	0.000098	129.628051	6.2
1783	4281.348980	0.004418	0.000098	68.759279	4.7
1784	4268.395343	0.005047	0.000098	74.694577	6.0
1785	4196.970694	0.004186	0.000098	66.441722	4.7
1786	4263.675538	0.004366	0.000098	49.657343	5.0
1787	4041.038984	0.004334	0.000098	105.091464	5.2
1788	4068.053340	0.004820	0.000098	30.689207	3.8
1789	4280.974027	0.004622	0.000098	112.769033	4.0
1790	4226.243042	0.004401	0.000098	97.871664	4.1
1791	4071.025185	0.006936	0.000098	123.070394	4.3
1792	4156.141878	0.004595	0.000098	55.538878	4.3
1793	4242.827064	0.003933	0.000098	164.307719	3.3
1794	3862.200706	0.006197	0.000098	44.133375	6.0
1795	3820.066621	0.005552	0.000098	39.777199	3.4
1796	4164.072754	0.005181	0.000098	93.735663	4.5
1797	4224.706474	0.005418	0.000098	77.517100	3.3
1798	4487.871908	0.004054	0.000098	190.460233	3.4
1799	4376.864377	0.002677	0.000098	54.963459	3.2
1800	4231.912037	0.004841	0.000098	70.217218	3.5
1801	4194.132070	0.005059	0.000098	87.437298	3.3
1802	3762.803558	0.004145	0.000098	49.775389	4.8
1803	4125.282496	0.004020	0.000098	82.539925	4.7
1804	3882.767209	0.003851	0.000098	50.444783	5.7
1805	4079.358621	0.002537	0.000098	49.585096	4.0
1806	4016.256540	0.001931	0.000098	70.232209	4.0
1807	4346.987825	0.001970	0.000098	78.113553	3.6
1808	4223.979617	0.001099	0.000098	85.011234	3.7
1809	4118.287309	0.000814	0.000098	42.414146	3.6
1810	4149.054104	0.000000	0.000098	62.990323	5.1
1811	4192.668610	0.000000	0.000098	57.396830	3.4
1812	4178.318958	0.000259	0.000098	119.179933	3.2
1813	4306.765041	0.000000	0.000098	54.781043	2.9
1814	4154.164289	0.000000	0.000098	67.043253	3.1
1815	4199.116252	0.000000	0.000098	63.616121	3.5
1816	4363.926056	0.000592	0.000098	62.546896	3.1
1817	4397.021993	0.000169	0.000098	49.239339	4.8
1818	4120.948988	0.000000	0.000098	95.892309	3.2
1819	4126.814402	0.000000	0.000098	74.061468	4.4
1820	4167.802910	0.001647	0.000098	53.782647	2.6
1821	4310.356904	0.000979	0.000098	104.842143	4.5
1822	4155.597288	0.000883	0.000098	85.643915	2.4
1823	4274.256186	0.001356	0.000098	184.425107	2.9
1824	4309.691389	0.000000	0.000098	122.988480	4.7
1825	4009.379818	0.001851	0.000098	52.509271	3.1
1826	4306.657819	0.001917	0.000098	43.468621	3.2
1827	4205.805708	0.001681	0.000098	113.880428	3.5
1828	4205.490766	0.001397	0.000098	41.881534	2.6
1829	4116.570684	0.001336	0.000098	126.629450	3.1
1830	3978.590464	0.002082	0.000098	80.130748	4.9
1831	3960.145442	0.004648	0.000098	75.306230	6.7
1832	3957.980159	0.003203	0.000098	80.974633	4.5
1833	4294.892802	0.004000	0.000098	100.641259	4.6
1834	4232.464753	0.003975	0.000098	58.589265	3.9
1835	4135.646418	0.005039	0.000098	70.191567	3.8
1836	4184.301318	0.004204	0.000098	46.711262	3.9
1837	4144.056005	0.003415	0.000098	86.100251	3.7
1838	4099.615071	0.003001	0.000098	54.995065	5.8
1839	4175.392682	0.002350	0.000098	70.288806	4.8
1840	4314.056615	0.001854	0.000098	51.898754	4.7
1841	4365.005131	0.002247	0.000098	85.511009	5.0
1842	4468.537021	0.001233	0.000098	45.002102	5.8
1843	4074.804123	0.000480	0.000098	67.836255	4.0
1844	3984.754017	0.000000	0.000098	50.443740	3.5
1845	4220.754374	0.000000	0.000098	81.190382	3.2
1846	4532.830631	0.000412	0.000098	86.790299	6.1
1847	4154.636300	0.000000	0.000098	86.448195	4.1
1848	4071.387699	0.000000	0.000098	85.499127	3.7
1849	4258.190031	0.000000	0.000098	48.894916	3.3
1850	4076.756694	0.000000	0.000098	50.674169	3.3
1851	4260.807479	0.000000	0.000098	79.059970	3.4
1852	4294.595904	0.000387	0.000098	42.934429	3.7
1853	4187.315066	0.000438	0.000098	36.918725	3.3
1854	4400.178928	0.000000	0.000098	67.516046	4.7
1855	4089.411786	0.000000	0.000098	49.890264	3.9
1856	4237.470100	0.000000	0.000098	154.818335	5.1
1857	4143.397983	0.000201	0.000098	73.805089	4.4
1858	4225.824483	0.000000	0.000098	97.911043	4.6
1859	4152.804220	0.001196	0.000098	104.979041	4.9
1860	4019.373214	0.002097	0.000098	43.124451	3.8
1861	4267.448800	0.001837	0.000098	61.729983	2.6
1862	4242.526235	0.001346	0.000098	72.239267	4.0
1863	4213.339531	0.000484	0.000098	91.563713	4.6
1864	3983.372628	0.000000	0.000098	53.039606	6.1
1865	4126.916283	0.000000	0.000098	103.135877	3.3
1866	4190.301748	0.000000	0.000098	114.757353	3.4
1867	3984.898404	0.000000	0.000098	47.720143	3.5
1868	4199.436036	0.000169	0.000098	102.309099	4.5
1869	4218.596947	0.000000	0.000098	35.883427	3.7
1870	4072.207744	0.000000	0.000098	77.550421	3.4
1871	3934.277311	0.000009	0.000098	89.367562	7.2
1872	4045.255421	0.001843	0.000098	110.814427	6.7
1873	4236.353758	0.003393	0.000098	89.642444	5.3
1874	4194.880195	0.004112	0.000098	68.897585	5.0
1875	4028.090744	0.004005	0.000098	125.936746	4.6
1876	4127.486247	0.006274	0.000098	48.022242	4.4
1877	4231.598527	0.006566	0.000098	132.679783	4.5
1878	3993.326975	0.006989	0.000098	52.610648	3.4
1879	4127.404027	0.006221	0.000098	42.970311	3.6
1880	4224.304808	0.006151	0.000098	115.049354	3.4
1881	4126.445101	0.004958	0.000098	58.805484	4.9
1882	4246.797470	0.003762	0.000098	103.984541	3.4
1883	4238.194679	0.002476	0.000098	55.929604	3.4
1884	4145.675888	0.001354	0.000098	93.366224	5.0
1885	4024.223080	0.000706	0.000098	87.838380	5.1
1886	4069.213091	0.000173	0.000098	54.865346	4.3
1887	4025.773879	0.000000	0.000098	72.961989	4.1
1888	4023.019125	0.000000	0.000098	77.461730	4.1
1889	3971.978585	0.000000	0.000098	165.072412	4.0
1890	4142.365377	0.002252	0.000098	44.464789	5.0
1891	4321.932582	0.001058	0.000098	97.053967	4.0
1892	4313.766044	0.000000	0.000098	62.412379	3.7
1893	4224.852019	0.000201	0.000098	98.986155	4.2
1894	4278.037883	0.000118	0.000098	50.184660	3.8
1895	4082.279882	0.000000	0.000098	69.861243	4.1
1896	4423.739853	0.000000	0.000098	87.476675	5.0
1897	4386.642411	0.000000	0.000098	76.393093	5.4
1898	3944.259313	0.000118	0.000098	86.553066	5.6
1899	3998.022752	0.001403	0.000098	150.676179	5.0
1900	4186.120825	0.000000	0.000098	76.110318	4.8
1901	4013.027312	0.000729	0.000098	128.010242	4.1
1902	4099.024449	0.000000	0.000098	85.163811	5.6
1903	4329.718437	0.000000	0.000098	59.438808	3.5
1904	4015.551369	0.000326	0.000098	70.554605	2.6
1905	4041.975641	0.000530	0.000098	81.801494	3.8
1906	4096.327521	0.001523	0.000098	122.611320	2.3
1907	4269.942180	0.002024	0.000098	51.116232	4.0
1908	4276.332056	0.001062	0.000098	62.803136	4.0
1909	4018.836718	0.000966	0.000098	46.236422	2.8
1910	4010.794855	0.000807	0.000098	68.740848	5.0
1911	4128.231391	0.000000	0.000098	60.586058	4.1
1912	4274.419675	0.000000	0.000098	134.722640	4.0
1913	4542.156591	0.000000	0.000098	84.475001	4.0
1914	4345.995028	0.000000	0.000098	128.872123	3.4
1915	4466.673030	0.000000	0.000098	105.077967	4.6
1916	3988.858233	0.000000	0.000098	46.167317	3.2
1917	3939.649930	0.000000	0.000098	92.579863	4.5
1918	4045.209700	0.000656	0.000098	100.195084	3.7
1919	4100.976629	0.003590	0.000098	84.149601	6.8
1920	4442.541874	0.002847	0.000098	73.929439	4.9
1921	4264.382885	0.002093	0.000098	70.772427	4.7
1922	4208.556189	0.000677	0.000098	135.575750	4.8
1923	4589.704688	0.000609	0.000098	49.031058	4.9
1924	4311.300023	0.000000	0.000098	50.970086	3.4
1925	4498.061006	0.000000	0.000098	111.727748	4.1
1926	4204.364409	0.000000	0.000098	37.288899	4.3
1927	4357.653257	0.000000	0.000098	59.868356	3.8
1928	4205.868051	0.000000	0.000098	43.529444	3.2
1929	4191.326883	0.000000	0.000098	50.627048	3.2
1930	4052.089778	0.000000	0.000098	53.283169	3.1
1931	4101.780930	0.000000	0.000098	77.725114	4.0
1932	4155.340096	0.000000	0.000098	83.215550	2.8
1933	4136.100511	0.000000	0.000098	51.232935	2.9
1934	4174.019454	0.000000	0.000098	34.549422	2.6
1935	4320.980444	0.000000	0.000098	132.659957	2.8
1936	4226.623823	0.000000	0.000098	82.869226	4.8
1937	4191.524177	0.003024	0.000098	89.625945	5.0
1938	4187.428852	0.002926	0.000098	102.607784	2.9
1939	4075.658383	0.000943	0.000098	66.455917	2.9
1940	4113.027413	0.002131	0.000098	56.872559	2.8
1941	4104.448699	0.002049	0.000098	110.747260	4.9
1942	4300.253695	0.003196	0.000098	75.889652	5.4
1943	4014.830652	0.004757	0.000098	42.604804	4.7
1944	4082.516722	0.004289	0.000098	45.502189	4.9
1945	4382.126210	0.004038	0.000098	79.481455	4.8
1946	4222.636358	0.003759	0.000098	98.378163	3.7
1947	4312.410964	0.003046	0.000098	52.800359	3.6
1948	4041.045112	0.001441	0.000098	104.030255	3.7
1949	4152.233151	0.002347	0.000098	96.243323	3.1
1950	4411.159748	0.001818	0.000098	70.541729	7.9
1951	4180.876108	0.000119	0.000098	74.269815	3.4
1952	4097.361469	0.000064	0.000098	67.768735	3.2
1953	4230.658232	0.000000	0.000098	79.602044	3.3
1954	4211.772874	0.000000	0.000098	56.091114	3.7
1955	4382.970593	0.000090	0.000098	96.724735	3.5
1956	4215.725437	0.000000	0.000098	41.834120	4.4
1957	4002.513515	0.000000	0.000098	33.816623	6.0
1958	3973.314503	0.000000	0.000098	61.884166	3.4
1959	4365.549097	0.000000	0.000098	39.512647	4.8
1960	4467.918058	0.000000	0.000098	108.238397	3.4
1961	3931.933783	0.000000	0.000098	58.527782	4.3
1962	4227.175896	0.000000	0.000098	101.601717	4.4
1963	3941.183552	0.000637	0.000098	129.082040	4.7
1964	3911.287640	0.000000	0.000098	89.658119	4.8
1965	4063.451981	0.004014	0.000098	82.931193	5.2
1966	4261.895815	0.001983	0.000098	56.800686	4.5
1967	3854.648528	0.001207	0.000098	74.244447	4.2
1968	4221.555233	0.000992	0.000098	54.914609	5.0
1969	4320.895554	0.001783	0.000098	50.183470	4.8
1970	4162.126161	0.001214	0.000098	96.669174	2.8
1971	3953.808562	0.001227	0.000098	77.557075	2.9
1972	4366.599025	0.001212	0.000098	65.462912	3.2
1973	4185.715854	0.000416	0.000098	69.061915	5.4
1974	3967.568068	0.000000	0.000098	92.443980	4.8
1975	4114.067905	0.000557	0.000098	76.744027	4.6
1976	4254.996552	0.000000	0.000098	72.972010	4.2
1977	4023.371268	0.000000	0.000098	41.340036	3.7
1978	3946.093858	0.000000	0.000098	55.112959	3.7
1979	4273.406905	0.000000	0.000098	87.814211	3.2
1980	4127.032892	0.000700	0.000098	48.414164	3.2
1981	4133.310647	0.001131	0.000098	125.917497	4.1
1982	4286.060876	0.002001	0.000098	99.740897	3.1
1983	4203.398540	0.003139	0.000098	90.578686	4.7
1984	4245.898129	0.003340	0.000098	101.584529	2.9
1985	4352.698273	0.001394	0.000098	60.726721	5.1
1986	4103.804899	0.001962	0.000098	40.537552	3.4
1987	4202.277801	0.001825	0.000098	68.572840	3.8
1988	3738.803199	0.001301	0.000098	77.684469	4.3
1989	3978.409655	0.000000	0.000098	109.027462	4.1
1990	4116.896527	0.000000	0.000098	74.242533	3.6
1991	4303.163946	0.000207	0.000098	95.832221	3.2
1992	4031.979774	0.001978	0.000098	51.382493	3.2
1993	4222.117691	0.000470	0.000098	88.360741	5.4
1994	4205.736642	0.001309	0.000098	86.475219	4.6
1995	4239.605306	0.000000	0.000098	49.952084	2.7
1996	4151.886881	0.000000	0.000098	82.648297	2.9
1997	4092.340817	0.000000	0.000098	36.123100	6.4
1998	3976.618952	0.000000	0.000098	52.640575	2.9
1999	4054.294186	0.000000	0.000098	71.567261	3.1
