1:ItNr	2:Metric	3a:Time	3b:StepSize	4:||Gradient||	Time[ms]
0	8786.156965	0.000000	0.000759	2617.274144	253.0
1	4116.565164	0.000000	0.000759	1981.766133	1.5
2	1603.358464	0.000000	0.000759	1221.821558	1.5
3	667.605136	0.000000	0.000759	729.420827	1.5
4	356.912011	0.000000	0.000759	441.569449	1.5
5	243.065487	0.000000	0.000759	290.761334	1.6
6	194.881091	0.000000	0.000759	204.143444	1.6
7	162.884160	0.000000	0.000759	149.989449	1.6
8	146.064851	0.000000	0.000759	122.456952	1.7
9	148.212846	0.000000	0.000759	100.998193	5.6
10	132.028281	0.000000	0.000759	64.537625	2.5
11	143.278630	0.000000	0.000759	65.601126	2.7
12	125.474205	0.000000	0.000759	48.793701	2.7
13	134.132281	0.000000	0.000759	38.377926	3.4
14	125.851255	0.000000	0.000759	37.976105	3.3
15	126.111345	0.000000	0.000759	27.190035	3.5
16	132.203816	0.000000	0.000759	28.633813	2.8
17	128.405323	0.000000	0.000759	16.669582	2.6
18	124.737906	0.000000	0.000759	20.623270	2.6
19	126.649398	0.000000	0.000759	20.143684	2.8
20	123.067300	0.000000	0.000759	18.394059	2.5
21	125.138501	0.000000	0.000759	20.531139	2.5
22	125.405623	0.000000	0.000759	20.751556	2.5
23	128.254447	0.000000	0.000759	18.155181	2.7
24	126.178400	0.000000	0.000759	18.392900	2.7
25	123.526202	0.000000	0.000759	19.563712	2.8
26	119.968095	0.000000	0.000759	19.996426	2.7
27	127.028822	0.000000	0.000759	17.059951	2.8
28	123.063342	0.000000	0.000759	19.586742	2.9
29	137.591115	0.000000	0.000759	19.255683	2.9
30	135.401890	0.000000	0.000759	18.845288	3.0
31	125.158426	0.000000	0.000759	19.770515	3.1
32	123.429985	0.000000	0.000759	24.209660	3.2
33	129.820343	0.000000	0.000759	20.440251	3.2
34	118.825227	0.000812	0.000759	23.148234	3.1
35	124.658518	0.001989	0.000759	16.726551	3.1
36	117.262159	0.000000	0.000759	17.692459	3.1
37	119.874675	0.000000	0.000759	18.959329	3.2
38	124.936511	0.000000	0.000759	16.768064	3.2
39	122.599875	0.000000	0.000759	17.993518	3.2
40	120.784404	0.000000	0.000759	16.038768	3.2
41	127.240351	0.000000	0.000759	15.922898	3.2
42	121.654183	0.000000	0.000759	15.873567	3.1
43	119.058394	0.000000	0.000759	17.098900	3.2
44	128.157316	0.000000	0.000759	23.740536	3.0
45	124.365075	0.000000	0.000759	15.411302	3.0
46	116.297863	0.000000	0.000759	26.831715	3.1
47	122.540358	0.000000	0.000759	22.839042	3.1
48	122.678576	0.004494	0.000759	23.852488	3.1
49	122.378438	0.004539	0.000759	16.664107	3.1
50	118.588615	0.003061	0.000759	17.116330	3.4
51	114.792595	0.000000	0.000759	18.177109	3.4
52	118.361621	0.000000	0.000759	16.167060	4.1
53	113.968101	0.000000	0.000759	18.634204	3.4
54	120.025348	0.000000	0.000759	17.035740	3.5
55	119.833381	0.000000	0.000759	19.310121	3.3
56	116.620955	0.000000	0.000759	19.207449	3.0
57	128.235924	0.000001	0.000759	17.834426	3.0
58	116.841269	0.000000	0.000759	15.006689	3.1
59	123.245848	0.000000	0.000759	19.209942	3.0
60	120.333284	0.000000	0.000759	18.129222	4.3
61	123.884835	0.000000	0.000759	14.581305	4.3
62	114.816794	0.000000	0.000759	19.429674	3.8
63	111.723325	0.000000	0.000759	15.397092	3.6
64	116.694117	0.000000	0.000759	15.755229	3.4
65	117.728577	0.000000	0.000759	16.447984	3.4
66	118.644933	0.000000	0.000759	14.977668	3.5
67	124.966684	0.000000	0.000759	17.863340	4.8
68	117.918475	0.000000	0.000759	17.642700	5.4
69	106.645395	0.000000	0.000759	21.125577	5.3
70	109.443697	0.000000	0.000759	25.789182	5.4
71	116.036676	0.000000	0.000759	20.143388	5.2
72	122.187314	0.000000	0.000759	14.602924	5.2
73	121.251976	0.000000	0.000759	15.548971	4.5
74	114.986686	0.000000	0.000759	15.765372	3.9
75	115.392721	0.000000	0.000759	15.800981	3.9
76	113.312797	0.000000	0.000759	21.359597	3.8
77	118.256685	0.000000	0.000759	16.903882	3.9
78	113.090846	0.000000	0.000759	15.911481	3.2
79	114.244482	0.000000	0.000759	18.895252	3.1
80	111.051332	0.000000	0.000759	18.391460	3.1
81	115.951944	0.000000	0.000759	14.966935	3.2
82	113.106595	0.000000	0.000759	14.136916	3.3
83	115.056903	0.000000	0.000759	15.394203	3.4
84	120.818818	0.000000	0.000759	24.131415	3.1
85	123.062599	0.000000	0.000759	23.422269	3.1
86	113.326172	0.006337	0.000759	13.553436	3.1
87	114.377495	0.002939	0.000759	14.734912	3.1
88	118.908283	0.000000	0.000759	14.025208	3.1
89	112.396544	0.000000	0.000759	13.675302	3.0
90	110.903389	0.000000	0.000759	15.222043	3.0
91	116.894325	0.000000	0.000759	13.359282	3.0
92	117.456469	0.000000	0.000759	15.666710	2.9
93	116.734786	0.000000	0.000759	14.722541	3.0
94	119.721265	0.000000	0.000759	27.637660	3.0
95	114.214954	0.000000	0.000759	17.080388	5.0
96	118.124616	0.003927	0.000759	14.450384	4.9
97	118.406441	0.001630	0.000759	15.421579	4.9
98	117.514458	0.000000	0.000759	16.528338	5.1
99	116.360681	0.000000	0.000759	12.252413	4.9
100	108.869067	0.000000	0.000759	13.194587	5.1
101	114.742003	0.000000	0.000759	17.163580	5.4
102	110.476868	0.000000	0.000759	15.698121	5.2
103	114.659420	0.000000	0.000759	14.440196	5.3
104	110.181133	0.000000	0.000759	14.944870	5.3
105	115.093308	0.000000	0.000759	14.651025	5.1
106	112.553570	0.000000	0.000759	15.884541	5.2
107	110.133214	0.000000	0.000759	19.880920	5.0
108	116.653413	0.000000	0.000759	14.229975	4.0
109	120.731214	0.000000	0.000759	15.607219	4.3
110	110.498920	0.000000	0.000759	16.702150	4.1
111	113.555463	0.000000	0.000759	12.442812	7.3
112	115.618189	0.000000	0.000759	23.852702	3.0
113	120.445457	0.000000	0.000759	12.684328	3.1
114	110.916971	0.000000	0.000759	20.402301	3.1
115	106.463156	0.000000	0.000759	24.372647	3.1
116	112.889137	0.005839	0.000759	21.304264	2.9
117	116.589791	0.008234	0.000759	14.333154	3.1
118	108.548226	0.006957	0.000759	13.333654	2.9
119	110.907891	0.002829	0.000759	15.399334	2.8
120	106.631688	0.000000	0.000759	15.220982	2.8
121	109.193119	0.000000	0.000759	23.133627	2.7
122	111.651024	0.000000	0.000759	16.061258	3.5
123	111.004002	0.002173	0.000759	13.969707	2.8
124	111.998088	0.000000	0.000759	18.549064	2.8
125	109.384659	0.000000	0.000759	12.233385	3.1
126	104.484654	0.000000	0.000759	21.863626	3.0
127	117.241656	0.000000	0.000759	14.550227	3.0
128	107.200738	0.000000	0.000759	14.014893	3.4
129	109.381904	0.000000	0.000759	17.136711	3.9
130	113.586145	0.000000	0.000759	15.164215	3.6
131	106.829344	0.000000	0.000759	13.783830	3.2
132	118.109570	0.000000	0.000759	16.279690	3.2
133	105.479592	0.000000	0.000759	13.286693	3.1
134	111.815158	0.000000	0.000759	13.402640	3.3
135	106.870031	0.000000	0.000759	13.431186	3.5
136	101.884449	0.000000	0.000759	12.824900	3.4
137	111.876944	0.000000	0.000759	19.265264	3.3
138	113.860269	0.000000	0.000759	16.593299	3.3
139	118.147942	0.000000	0.000759	18.027973	3.3
140	112.194513	0.000558	0.000759	14.917041	2.9
141	107.228070	0.000000	0.000759	12.706976	2.8
142	111.804155	0.000000	0.000759	17.253277	2.8
143	110.348531	0.000000	0.000759	14.817783	2.7
144	108.370410	0.000233	0.000759	18.921075	2.7
145	109.649088	0.000000	0.000759	21.635560	2.8
146	110.715345	0.003605	0.000759	13.522853	2.8
147	115.073406	0.001737	0.000759	15.839862	2.8
148	105.855439	0.000000	0.000759	10.611051	2.9
149	116.152643	0.000000	0.000759	11.778446	2.9
150	107.847250	0.000000	0.000759	11.466130	2.9
151	111.298534	0.000000	0.000759	15.043929	2.9
152	110.156941	0.000000	0.000759	13.846305	3.0
153	108.654178	0.000000	0.000759	13.524081	2.9
154	110.047681	0.000000	0.000759	12.592611	2.9
155	110.301261	0.000000	0.000759	13.407324	3.0
156	104.755503	0.000000	0.000759	11.941276	3.0
157	106.097378	0.000000	0.000759	15.983761	3.0
158	105.666467	0.000000	0.000759	13.158901	3.1
159	110.590127	0.000000	0.000759	13.152210	3.1
160	108.203096	0.000000	0.000759	17.351426	3.1
161	102.574629	0.000000	0.000759	12.922577	2.8
162	112.910314	0.000000	0.000759	16.120475	2.8
163	110.730714	0.000000	0.000759	11.315690	2.8
164	105.864728	0.000000	0.000759	10.721022	2.8
165	106.580108	0.000000	0.000759	12.003627	3.6
166	107.361191	0.000000	0.000759	10.441724	5.0
167	104.352338	0.000000	0.000759	12.732530	4.6
168	104.552081	0.000000	0.000759	16.773957	3.4
169	113.270450	0.000000	0.000759	17.158889	3.4
170	107.421003	0.001123	0.000759	13.256790	3.9
171	110.179873	0.000177	0.000759	16.561260	4.2
172	101.702946	0.000000	0.000759	11.401433	3.7
173	101.238070	0.000000	0.000759	14.061575	3.2
174	107.076205	0.000000	0.000759	12.332597	4.2
175	115.891919	0.000000	0.000759	13.907580	3.0
176	105.795052	0.000000	0.000759	16.789845	3.2
177	104.143517	0.000000	0.000759	11.509729	3.6
178	106.297450	0.000015	0.000759	18.477605	3.0
179	108.341745	0.000950	0.000759	10.293770	2.9
180	108.191983	0.000000	0.000759	21.252746	2.9
181	103.812031	0.000000	0.000759	11.155278	4.7
182	102.540893	0.000000	0.000759	11.936144	5.4
183	114.520754	0.000000	0.000759	19.948500	5.1
184	101.492083	0.000445	0.000759	17.913233	2.5
185	103.050055	0.000000	0.000759	19.827321	2.5
186	111.170256	0.004210	0.000759	15.293373	2.5
187	104.299990	0.004110	0.000759	11.342165	2.6
188	104.397736	0.001985	0.000759	13.946003	3.4
189	109.760885	0.001134	0.000759	11.237813	3.2
190	98.843481	0.000000	0.000759	13.525645	3.2
191	104.648061	0.000000	0.000759	13.135297	4.9
192	107.078840	0.000000	0.000759	14.657953	4.8
193	99.660517	0.000081	0.000759	15.081631	4.6
194	105.741497	0.000000	0.000759	11.164437	2.4
195	106.583421	0.000000	0.000759	10.999922	3.2
196	108.419576	0.000000	0.000759	16.292363	2.9
197	105.101770	0.000000	0.000759	11.109410	2.8
198	108.958421	0.000000	0.000759	16.140451	2.9
199	105.321347	0.000000	0.000759	9.660459	3.0
200	110.328401	0.000000	0.000759	9.404048	3.1
201	104.973057	0.000000	0.000759	15.738271	3.2
202	105.402562	0.000000	0.000759	17.362665	3.5
203	105.837342	0.000294	0.000759	10.480861	3.5
204	110.108491	0.000000	0.000759	13.816440	3.1
205	100.509137	0.000000	0.000759	14.227679	3.1
206	106.062014	0.000006	0.000759	20.723067	2.8
207	104.863494	0.001973	0.000759	13.660223	2.7
208	115.294024	0.004615	0.000759	15.609348	2.7
209	104.397843	0.005716	0.000759	13.938841	4.5
210	107.927048	0.006745	0.000759	12.998681	4.4
211	109.980600	0.006483	0.000759	14.527612	4.0
212	99.589247	0.003410	0.000759	11.876044	4.1
213	108.038060	0.002622	0.000759	13.873674	3.4
214	102.556366	0.001776	0.000759	13.611392	3.5
215	104.201781	0.000000	0.000759	13.729767	3.4
216	103.077830	0.000000	0.000759	14.493643	3.2
217	107.699228	0.000000	0.000759	10.289861	3.2
218	98.078322	0.000000	0.000759	13.797558	3.2
219	102.683509	0.000000	0.000759	15.539478	3.4
220	102.066789	0.001064	0.000759	13.800651	3.4
221	102.900998	0.000000	0.000759	15.289025	3.5
222	100.193080	0.001084	0.000759	14.967181	3.3
223	109.918874	0.000000	0.000759	13.750511	3.3
224	101.805049	0.001120	0.000759	15.256191	3.3
225	97.375044	0.000000	0.000759	12.164365	3.7
226	97.865938	0.000000	0.000759	13.015344	3.7
227	99.049375	0.000000	0.000759	9.842509	3.4
228	101.517340	0.000000	0.000759	17.337394	2.8
229	108.333185	0.000000	0.000759	20.195913	3.2
230	103.274388	0.002609	0.000759	11.528918	3.5
231	107.650428	0.000296	0.000759	13.208896	5.1
232	103.442393	0.000000	0.000759	13.485122	4.7
233	105.102945	0.000000	0.000759	17.526695	3.4
234	101.457902	0.001673	0.000759	11.537324	3.4
235	102.034092	0.000000	0.000759	9.552365	3.4
236	104.521694	0.000000	0.000759	14.706567	3.5
237	105.613755	0.000000	0.000759	19.480211	2.9
238	102.639197	0.003012	0.000759	19.490099	3.0
239	102.012537	0.000827	0.000759	13.268846	4.3
240	94.137049	0.003245	0.000759	13.802377	3.5
241	97.483908	0.004425	0.000759	18.344373	4.9
242	109.951381	0.006264	0.000759	25.756363	4.9
243	102.208061	0.016004	0.000758	12.514707	3.0
244	108.167239	0.019589	0.000758	11.894517	3.0
245	100.244059	0.018066	0.000758	14.373184	3.0
246	103.303989	0.015380	0.000758	12.438732	3.0
247	105.743465	0.015379	0.000758	11.214846	2.5
248	104.472950	0.013144	0.000758	9.341228	3.4
249	105.260048	0.010688	0.000759	13.651225	5.0
250	106.380665	0.009809	0.000759	13.985841	5.2
251	99.979158	0.008622	0.000759	13.567937	4.8
252	105.808255	0.010206	0.000759	9.853118	4.4
253	107.831701	0.007470	0.000759	14.966623	4.5
254	97.625985	0.007450	0.000759	11.466067	4.7
255	101.483610	0.008216	0.000759	16.220476	4.8
256	96.475838	0.005620	0.000759	14.962984	5.0
257	98.794923	0.001646	0.000759	10.680327	4.9
258	98.810069	0.000000	0.000759	18.616968	4.0
259	97.486109	0.000000	0.000759	8.822057	5.0
260	100.422456	0.000000	0.000759	13.079376	4.4
261	98.413417	0.000000	0.000759	8.533314	4.9
262	96.940134	0.000000	0.000759	12.128055	4.5
263	100.389916	0.000000	0.000759	12.243624	5.1
264	101.784179	0.000000	0.000759	10.559400	5.2
265	99.737657	0.000000	0.000759	10.035043	5.2
266	95.004270	0.000000	0.000759	10.678327	4.9
267	97.039799	0.000000	0.000759	12.253777	4.9
268	106.522600	0.000000	0.000759	21.000464	5.0
269	100.491252	0.001315	0.000759	22.754888	5.0
270	107.426712	0.016227	0.000758	11.406351	4.5
271	103.267497	0.019344	0.000758	10.687549	5.3
272	93.107651	0.019091	0.000758	12.339935	5.2
273	99.770713	0.016919	0.000758	13.173337	4.7
274	103.278748	0.013765	0.000758	22.054520	4.7
275	105.765125	0.018374	0.000758	11.845011	4.9
276	100.716123	0.017473	0.000758	10.744710	4.6
277	100.328103	0.017208	0.000758	11.565967	4.0
278	99.081078	0.016889	0.000758	17.315178	4.0
279	107.045437	0.018678	0.000758	15.375108	3.2
280	102.126547	0.020096	0.000758	16.118374	3.2
281	100.578203	0.021687	0.000758	13.446959	3.2
282	103.776057	0.023670	0.000758	9.204147	3.0
283	107.619362	0.021743	0.000758	14.478170	2.9
284	98.983240	0.021216	0.000758	13.244784	2.9
285	103.003254	0.020471	0.000758	12.910923	3.7
286	99.181724	0.018847	0.000758	7.679955	5.1
287	97.050405	0.016858	0.000758	8.147775	5.2
288	96.519608	0.015589	0.000758	10.461044	5.0
289	105.268089	0.014348	0.000758	12.016949	3.4
290	94.972670	0.013448	0.000758	10.442682	3.9
291	102.853766	0.011906	0.000758	8.852907	3.8
292	100.058360	0.009785	0.000759	9.107417	3.8
293	100.334566	0.007888	0.000759	17.686281	4.3
294	94.274813	0.008033	0.000759	8.459411	3.6
295	103.497705	0.008346	0.000759	12.945062	3.5
296	106.634664	0.007617	0.000759	12.179879	3.4
297	98.952958	0.004587	0.000759	10.497570	3.6
298	105.771964	0.004631	0.000759	8.620335	3.8
299	93.835750	0.003012	0.000759	15.268081	3.7
300	104.562560	0.002405	0.000759	8.652382	3.8
301	101.179348	0.001274	0.000759	9.117175	3.6
302	104.226233	0.000418	0.000759	10.967802	3.6
303	103.416648	0.000000	0.000759	9.734008	3.4
304	96.119269	0.000000	0.000759	9.732677	3.5
305	98.304585	0.000000	0.000759	11.871965	3.4
306	104.808455	0.000000	0.000759	16.273681	3.6
307	102.105114	0.000000	0.000759	25.164086	3.6
308	92.098503	0.011633	0.000758	12.450178	3.6
309	98.600233	0.007523	0.000759	9.242502	5.1
310	95.197301	0.007469	0.000759	9.694338	5.1
311	95.881332	0.005404	0.000759	9.437441	4.8
312	97.670964	0.004736	0.000759	10.313069	4.8
313	100.667359	0.003904	0.000759	11.300430	4.3
314	104.619122	0.001345	0.000759	12.378716	4.3
315	96.811235	0.000000	0.000759	8.385446	4.1
316	94.829909	0.000000	0.000759	6.671371	3.9
317	93.158943	0.000000	0.000759	7.875222	3.9
318	97.620673	0.000000	0.000759	12.569700	3.5
319	91.318469	0.000000	0.000759	7.241433	3.6
320	97.281327	0.000000	0.000759	13.254816	5.1
321	93.634713	0.000000	0.000759	16.987722	5.2
322	91.884514	0.004241	0.000759	15.935687	3.7
323	99.103118	0.002588	0.000759	18.955714	4.2
324	97.620289	0.007904	0.000759	16.454548	4.2
325	98.804176	0.004091	0.000759	13.399799	4.9
326	101.596811	0.000388	0.000759	18.976151	4.8
327	98.847916	0.005343	0.000759	14.360738	4.0
328	102.674698	0.009801	0.000759	16.923158	3.9
329	97.371746	0.013499	0.000758	9.809025	5.2
330	102.180921	0.010372	0.000759	13.732701	5.3
331	99.308680	0.011076	0.000759	11.573193	5.3
332	92.314086	0.012546	0.000758	5.672433	5.4
333	101.102820	0.011214	0.000759	9.473606	5.0
334	99.018925	0.010025	0.000759	14.196293	5.1
335	91.649011	0.009354	0.000759	20.758842	5.1
336	99.442764	0.014394	0.000758	18.410802	5.6
337	96.985392	0.016282	0.000758	15.003429	4.3
338	94.731056	0.017970	0.000758	10.901615	5.4
339	94.613213	0.015952	0.000758	12.880451	5.4
340	96.156574	0.017075	0.000758	7.059593	5.4
341	100.808486	0.016879	0.000758	9.805984	5.3
342	95.794366	0.016329	0.000758	13.354536	5.2
343	103.747852	0.016481	0.000758	6.903456	5.1
344	103.623787	0.014948	0.000758	15.012774	4.9
345	100.966612	0.013602	0.000758	12.430629	4.1
346	94.275034	0.015331	0.000758	14.538017	4.0
347	97.294762	0.012172	0.000758	9.192831	3.9
348	95.966055	0.010904	0.000759	18.991093	4.8
349	100.523434	0.012463	0.000758	24.259550	3.7
350	96.096690	0.014073	0.000758	10.511628	4.3
351	93.631359	0.016740	0.000758	12.241002	4.3
352	95.749288	0.015403	0.000758	9.108002	3.4
353	94.813547	0.016107	0.000758	9.982979	3.4
354	95.712795	0.016248	0.000758	7.669354	3.4
355	92.939696	0.015002	0.000758	7.887115	3.1
356	90.997331	0.014033	0.000758	10.821950	3.2
357	103.653227	0.013576	0.000758	12.014139	3.5
358	103.913234	0.012842	0.000758	14.546384	3.1
359	93.830315	0.010101	0.000759	15.679370	4.4
360	96.909942	0.012801	0.000758	9.426568	5.2
361	103.100906	0.012746	0.000758	10.121083	5.0
362	101.196480	0.011263	0.000759	9.276732	4.8
363	98.273398	0.011654	0.000758	12.481862	4.9
364	100.349601	0.010998	0.000759	7.221993	4.5
365	100.558262	0.009679	0.000759	17.554341	4.1
366	96.159177	0.009685	0.000759	9.793621	4.8
367	100.627405	0.006217	0.000759	26.806919	3.4
368	99.822259	0.010216	0.000759	10.357950	3.4
369	104.105842	0.007790	0.000759	7.271146	3.5
370	102.260610	0.006541	0.000759	12.795661	3.4
371	96.848541	0.005569	0.000759	17.796844	3.5
372	107.854435	0.001801	0.000759	16.109068	5.3
373	100.410846	0.007603	0.000759	10.804021	5.3
374	96.104216	0.005963	0.000759	8.202041	4.8
375	102.290838	0.003857	0.000759	11.935012	4.7
376	89.188333	0.003305	0.000759	17.977127	4.2
377	101.189612	0.005663	0.000759	16.470672	4.8
378	101.852196	0.013043	0.000758	9.570092	4.7
379	100.822215	0.011948	0.000758	15.621847	4.8
380	96.839493	0.013707	0.000758	13.689657	4.7
381	94.565264	0.009409	0.000759	16.957729	4.8
382	93.787039	0.009680	0.000759	11.846851	5.1
383	92.203585	0.011821	0.000758	15.374847	3.9
384	103.902005	0.010892	0.000759	14.241011	3.9
385	108.609430	0.015292	0.000758	17.048594	3.7
386	93.538953	0.015463	0.000758	8.715253	3.3
387	93.703651	0.014050	0.000758	9.762430	3.3
388	98.137831	0.014468	0.000758	8.781532	3.5
389	102.726134	0.014975	0.000758	9.622964	3.2
390	95.127655	0.014880	0.000758	12.850326	3.5
391	97.758560	0.016350	0.000758	14.683550	3.1
392	101.088733	0.014894	0.000758	14.407432	3.2
393	96.698199	0.012761	0.000758	12.677522	3.1
394	96.840246	0.013101	0.000758	12.368925	3.2
395	91.829238	0.013464	0.000758	10.077068	4.7
396	100.021180	0.015277	0.000758	6.679086	4.5
397	95.373628	0.014247	0.000758	15.096920	4.4
398	93.650261	0.012747	0.000758	16.990394	4.3
399	92.972819	0.009958	0.000759	7.703379	4.4
400	92.724271	0.007486	0.000759	8.540104	4.5
401	91.748009	0.007070	0.000759	12.573704	4.1
402	97.183573	0.004945	0.000759	11.484658	4.1
403	98.761295	0.002222	0.000759	10.470003	3.9
404	100.166580	0.001242	0.000759	17.362125	3.8
405	98.943734	0.000963	0.000759	8.747411	3.8
406	100.268962	0.003303	0.000759	13.459459	3.5
407	95.315582	0.001714	0.000759	10.328462	3.5
408	95.303612	0.000045	0.000759	7.132046	3.3
409	97.626905	0.000000	0.000759	10.993276	3.2
410	99.061091	0.000000	0.000759	9.693861	3.2
411	97.275671	0.000000	0.000759	8.636069	3.1
412	91.475981	0.000000	0.000759	17.034244	3.5
413	103.145283	0.000000	0.000759	20.422712	3.5
414	102.308316	0.003663	0.000759	9.542622	3.4
415	96.792513	0.003577	0.000759	16.892339	3.4
416	96.609032	0.002575	0.000759	13.844681	3.5
417	95.638255	0.006826	0.000759	11.456941	3.6
418	93.699777	0.008010	0.000759	15.688450	3.6
419	99.367608	0.008442	0.000759	7.623408	3.7
420	93.029917	0.006407	0.000759	9.601936	3.7
421	89.580964	0.005498	0.000759	10.344894	5.2
422	94.337380	0.004774	0.000759	22.349295	5.1
423	99.397768	0.000542	0.000759	6.810975	5.0
424	101.095650	0.002657	0.000759	11.554104	3.3
425	102.716899	0.000809	0.000759	8.950779	4.9
426	104.859720	0.000000	0.000759	10.414554	4.9
427	95.007122	0.000000	0.000759	13.218789	3.6
428	93.951294	0.002459	0.000759	7.764318	3.1
429	95.971328	0.003787	0.000759	8.093319	3.8
430	92.522675	0.002239	0.000759	10.729005	3.7
431	92.037270	0.002863	0.000759	10.755651	3.7
432	88.469273	0.003433	0.000759	7.110528	2.6
433	101.137057	0.001874	0.000759	10.921854	2.5
434	99.868647	0.000974	0.000759	10.763050	3.3
435	97.297162	0.001055	0.000759	7.596364	3.5
436	88.203085	0.000470	0.000759	16.856085	3.6
437	94.278794	0.001180	0.000759	11.387652	4.8
438	94.343860	0.005520	0.000759	10.234741	4.4
439	92.409482	0.003768	0.000759	6.491854	4.2
440	95.022340	0.004101	0.000759	10.063150	4.2
441	95.674935	0.002799	0.000759	13.760330	3.4
442	90.390640	0.000423	0.000759	10.713021	3.4
443	95.297454	0.000000	0.000759	17.574533	3.3
444	106.211466	0.004080	0.000759	13.662383	3.2
445	96.497638	0.001926	0.000759	13.058405	3.2
446	96.411221	0.000000	0.000759	10.860753	3.3
447	100.174190	0.000000	0.000759	10.097515	3.5
448	98.051774	0.000776	0.000759	12.942661	3.6
449	101.598567	0.000000	0.000759	6.352281	3.7
450	102.356483	0.000201	0.000759	9.665370	3.7
451	102.086942	0.000000	0.000759	9.752986	3.7
452	90.089710	0.000000	0.000759	8.102661	3.6
453	96.374690	0.000761	0.000759	8.475679	3.5
454	92.964711	0.000963	0.000759	8.970136	3.5
455	97.529661	0.001184	0.000759	9.363711	3.6
456	103.907611	0.001529	0.000759	11.162909	3.5
457	100.127041	0.000000	0.000759	8.091008	3.7
458	97.065156	0.000000	0.000759	11.134342	4.0
459	90.740037	0.000631	0.000759	20.064054	4.0
460	94.299088	0.000000	0.000759	6.786099	3.9
461	96.828518	0.000000	0.000759	6.545522	3.9
462	94.496076	0.000000	0.000759	13.111560	3.8
463	95.093895	0.000000	0.000759	7.734910	3.6
464	93.241388	0.000525	0.000759	7.242608	3.5
465	92.876345	0.000000	0.000759	13.767269	3.4
466	92.859075	0.000115	0.000759	11.673943	3.3
467	101.883313	0.000000	0.000759	21.292407	3.3
468	93.716267	0.006798	0.000759	12.421906	5.0
469	89.050631	0.005694	0.000759	5.883368	5.0
470	90.820330	0.004198	0.000759	11.387386	4.5
471	101.524342	0.003076	0.000759	7.464264	4.2
472	94.331063	0.003971	0.000759	5.106439	4.1
473	99.529535	0.003604	0.000759	9.046059	4.7
474	88.230466	0.003368	0.000759	8.920567	5.5
475	98.496596	0.002271	0.000759	8.999288	5.1
476	88.709794	0.002911	0.000759	6.902291	5.1
477	93.072996	0.003203	0.000759	6.943729	4.4
478	91.151347	0.003305	0.000759	7.532687	4.5
479	90.157422	0.002662	0.000759	5.263993	3.5
480	94.614118	0.002459	0.000759	8.149480	3.5
481	91.679014	0.002410	0.000759	17.252754	4.1
482	90.576042	0.004821	0.000759	9.226920	3.5
483	94.302855	0.007522	0.000759	7.031527	3.4
484	90.994328	0.007536	0.000759	11.116917	3.8
485	96.606977	0.006903	0.000759	8.959881	4.7
486	93.979770	0.007242	0.000759	6.150513	3.5
487	91.591189	0.006549	0.000759	9.156944	4.2
488	102.403968	0.006574	0.000759	16.144747	4.2
489	95.972260	0.009581	0.000759	5.366511	3.7
490	92.894615	0.008403	0.000759	13.961486	3.8
491	86.802072	0.008066	0.000759	11.201990	5.0
492	89.469838	0.006146	0.000759	8.808363	4.9
493	95.932019	0.006225	0.000759	10.918757	4.9
494	98.611901	0.006962	0.000759	11.650016	4.3
495	89.421600	0.005114	0.000759	12.418195	4.3
496	91.007469	0.008034	0.000759	7.512925	4.1
497	101.305242	0.006372	0.000759	6.430939	4.0
498	94.106489	0.006027	0.000759	9.582256	4.1
499	95.853483	0.005594	0.000759	7.970743	4.0
500	88.146574	0.005704	0.000759	10.101605	4.0
501	91.069824	0.005240	0.000759	9.362259	3.7
502	91.175122	0.003667	0.000759	14.488524	3.7
503	94.235544	0.006695	0.000759	9.932673	3.6
504	95.486259	0.008385	0.000759	14.468813	3.4
505	96.663004	0.007940	0.000759	11.268483	3.5
506	91.942813	0.011386	0.000759	9.511781	5.1
507	97.037536	0.008929	0.000759	13.903003	5.2
508	92.751779	0.011848	0.000758	8.160164	4.3
509	92.775226	0.012688	0.000758	13.671790	3.9
510	90.666549	0.011672	0.000758	8.467739	4.0
511	94.963785	0.014423	0.000758	12.871541	3.7
512	92.364806	0.016665	0.000758	9.220810	3.6
513	88.394514	0.016975	0.000758	7.635268	3.8
514	97.815683	0.015610	0.000758	8.936232	3.5
515	93.105950	0.015215	0.000758	9.422855	3.5
516	92.899450	0.014759	0.000758	7.957317	3.3
517	97.318974	0.015326	0.000758	24.998208	3.3
518	95.121832	0.018017	0.000758	14.251619	3.2
519	95.206250	0.024940	0.000758	5.568765	3.4
520	90.199806	0.025142	0.000758	16.143684	3.6
521	98.439431	0.024677	0.000758	10.358707	3.6
522	90.963269	0.027799	0.000758	15.968608	3.6
523	93.237303	0.026876	0.000758	19.143475	3.7
524	94.118829	0.033869	0.000758	9.884670	3.7
525	92.109162	0.038826	0.000758	10.638868	4.8
526	92.752347	0.038098	0.000758	13.227516	4.8
527	95.617146	0.040121	0.000757	10.534800	3.9
528	86.831561	0.040958	0.000757	12.665070	5.1
529	91.997161	0.040820	0.000757	8.545462	4.9
530	94.955300	0.039542	0.000757	7.470114	3.1
531	107.966178	0.040395	0.000757	9.366713	3.1
532	91.225339	0.039260	0.000758	12.580313	2.9
533	100.115461	0.037224	0.000758	11.966794	2.9
534	88.999842	0.038305	0.000758	6.043731	2.8
535	95.471741	0.037104	0.000758	9.294042	2.8
536	97.268783	0.037241	0.000758	12.531216	2.8
537	101.050616	0.039134	0.000758	11.097504	2.8
538	93.313395	0.039723	0.000757	17.994277	2.8
539	95.025849	0.044615	0.000757	16.957222	2.6
540	93.456927	0.049014	0.000757	13.600253	2.6
541	89.841605	0.053666	0.000757	11.840562	2.7
542	97.168213	0.051028	0.000757	5.227542	2.9
543	95.253508	0.051006	0.000757	9.142648	4.9
544	96.392080	0.050722	0.000757	7.896402	5.0
545	91.363221	0.050268	0.000757	4.959150	4.0
546	93.297908	0.049879	0.000757	22.112575	5.0
547	99.528293	0.049753	0.000757	9.577928	4.6
548	94.157848	0.046216	0.000757	17.783200	3.6
549	93.329037	0.050193	0.000757	6.484904	4.0
550	97.795625	0.051882	0.000757	11.544615	5.1
551	94.382474	0.051104	0.000757	5.603399	4.5
552	96.815801	0.050722	0.000757	4.773430	5.2
553	92.930331	0.050093	0.000757	8.622004	4.9
554	84.691966	0.049688	0.000757	13.748319	3.8
555	97.260326	0.047335	0.000757	14.656211	3.7
556	97.981560	0.052154	0.000757	7.782217	3.6
557	90.193380	0.050318	0.000757	12.776624	3.6
558	94.628268	0.050826	0.000757	6.913013	3.6
559	92.928582	0.048977	0.000757	20.043814	3.1
560	98.060995	0.048419	0.000757	15.700213	3.0
561	94.401835	0.058352	0.000757	14.106158	3.0
562	95.316630	0.053863	0.000757	10.246012	2.9
563	92.835840	0.056738	0.000757	7.592437	3.1
564	85.538720	0.056145	0.000757	5.906908	3.1
565	89.278545	0.056830	0.000757	19.093486	3.0
566	95.687454	0.055559	0.000757	19.292140	2.6
567	98.794615	0.064365	0.000757	9.069891	2.5
568	89.586441	0.062482	0.000757	12.551307	2.6
569	87.745857	0.063751	0.000757	7.929548	2.5
570	94.638227	0.064778	0.000757	9.490268	2.6
571	93.916532	0.065581	0.000757	7.517959	2.6
572	91.873117	0.064531	0.000757	6.904214	2.6
573	95.798716	0.064799	0.000757	9.038443	2.7
574	94.725708	0.063941	0.000757	8.069027	2.7
575	97.127608	0.064356	0.000757	15.144841	2.8
576	96.071813	0.064778	0.000757	8.652659	2.7
577	94.252041	0.066290	0.000757	12.552710	2.8
578	97.875877	0.068399	0.000756	11.956294	5.4
579	84.854141	0.069908	0.000756	6.341400	3.0
580	92.058882	0.070021	0.000756	6.275337	5.0
581	92.892844	0.069337	0.000756	10.128123	5.1
582	89.582123	0.069239	0.000756	11.077961	4.9
583	92.220587	0.070936	0.000756	10.335706	4.4
584	97.241003	0.070482	0.000756	8.739126	2.7
585	94.300095	0.071252	0.000756	8.560918	2.6
586	93.019435	0.072549	0.000756	9.396938	2.5
587	94.651452	0.072747	0.000756	10.659946	2.6
588	90.908311	0.072305	0.000756	8.379109	4.5
589	93.568534	0.071759	0.000756	4.545657	5.2
590	97.273018	0.072068	0.000756	9.910456	4.8
591	92.695975	0.072077	0.000756	6.304604	4.8
592	92.999267	0.072066	0.000756	11.886796	2.4
593	91.348661	0.072060	0.000756	12.796676	2.6
594	95.233953	0.069265	0.000756	5.652761	4.7
595	100.291683	0.070057	0.000756	7.560586	4.8
596	97.153977	0.069531	0.000756	8.353937	5.0
597	92.857792	0.069819	0.000756	10.089218	3.9
598	92.476787	0.069019	0.000756	7.536508	3.8
599	101.005726	0.067990	0.000756	19.825107	4.0
600	91.813276	0.070365	0.000756	11.861832	4.0
601	88.836600	0.066166	0.000757	12.972812	3.8
602	94.472016	0.070603	0.000756	7.850106	3.8
603	97.908249	0.072744	0.000756	12.447329	4.2
604	100.420807	0.070541	0.000756	11.570984	5.1
605	90.013895	0.072745	0.000756	15.653619	4.7
606	95.320619	0.070628	0.000756	7.470257	4.8
607	91.128864	0.070949	0.000756	10.467242	4.6
608	92.380275	0.070117	0.000756	7.456865	4.4
609	105.220877	0.068449	0.000756	12.117259	3.7
610	98.301002	0.069261	0.000756	10.152055	3.8
611	91.245977	0.066789	0.000757	11.194249	3.5
612	97.851831	0.066528	0.000757	7.215661	3.5
613	92.942584	0.067760	0.000756	3.840500	3.6
614	98.820600	0.067497	0.000756	9.065559	3.2
615	94.544882	0.067450	0.000756	9.543393	3.2
616	96.134626	0.068695	0.000756	6.430305	3.3
617	101.172701	0.068664	0.000756	7.751103	3.6
618	93.108824	0.069056	0.000756	13.062459	3.4
619	96.178305	0.067061	0.000757	3.583372	3.3
620	100.110086	0.067147	0.000756	8.094322	3.1
621	98.732771	0.067345	0.000756	14.044707	3.2
622	92.950143	0.066883	0.000757	9.888477	3.2
623	90.642868	0.068774	0.000756	6.474694	3.5
624	98.164860	0.067915	0.000756	12.744839	3.4
625	93.975755	0.068508	0.000756	9.759337	3.6
626	88.352038	0.068305	0.000756	6.363812	5.0
627	96.853449	0.068931	0.000756	7.304574	5.1
628	87.875935	0.069494	0.000756	4.348242	5.1
629	104.481674	0.069280	0.000756	6.901576	5.1
630	96.191217	0.069170	0.000756	8.931074	4.6
631	94.221170	0.068556	0.000756	15.513179	4.8
632	88.571416	0.070984	0.000756	11.114220	5.2
633	88.613183	0.075473	0.000756	13.921801	4.9
634	91.682889	0.077153	0.000756	8.524474	5.2
635	86.738146	0.075555	0.000756	3.825619	5.1
636	98.753484	0.075903	0.000756	14.157203	4.0
637	98.734345	0.075202	0.000756	9.966340	4.1
638	89.229517	0.075126	0.000756	16.165313	3.9
639	92.757996	0.074992	0.000756	13.549111	3.4
640	91.150013	0.071435	0.000756	17.598615	3.9
641	98.889189	0.078597	0.000756	5.106244	3.5
642	92.918307	0.079056	0.000756	13.475038	3.3
643	91.318911	0.078416	0.000756	18.018305	5.6
644	98.743167	0.079757	0.000756	8.185944	4.9
645	100.752577	0.082294	0.000756	9.636833	4.8
646	94.156665	0.080895	0.000756	6.922847	4.2
647	86.383593	0.080023	0.000756	20.343086	4.1
648	93.977181	0.083008	0.000756	11.543278	3.4
649	91.980851	0.087181	0.000756	9.838646	3.5
650	90.142565	0.087956	0.000756	3.962863	3.3
651	90.070658	0.087630	0.000756	8.934353	3.1
652	88.820619	0.087620	0.000756	11.196345	3.6
653	87.844374	0.089192	0.000756	11.918988	3.6
654	95.113815	0.086957	0.000756	6.759243	3.6
655	92.078107	0.088797	0.000756	5.574322	3.4
656	97.573239	0.088961	0.000756	8.475742	3.4
657	86.889231	0.088870	0.000756	5.784979	3.2
658	97.361249	0.088728	0.000756	14.527561	3.1
659	88.901696	0.087607	0.000756	13.866886	3.2
660	96.007376	0.093176	0.000756	10.099380	3.5
661	90.700869	0.096862	0.000755	7.283741	3.4
662	91.586680	0.096759	0.000755	10.084087	3.5
663	94.366816	0.097716	0.000755	10.412893	3.5
664	93.547965	0.099885	0.000755	4.150962	3.9
665	95.470637	0.099979	0.000755	14.010577	3.9
666	90.219316	0.098874	0.000755	14.588930	4.5
667	93.860246	0.104242	0.000755	20.294786	4.6
668	88.118829	0.105170	0.000755	14.490593	3.6
669	91.570203	0.113737	0.000755	19.292906	3.6
670	90.765621	0.123645	0.000754	15.443437	3.5
671	99.360827	0.118894	0.000755	11.622740	3.4
672	94.531234	0.122157	0.000755	13.129721	3.3
673	92.506449	0.119131	0.000755	5.497371	3.4
674	92.669256	0.117624	0.000755	7.493078	3.4
675	94.765193	0.117407	0.000755	13.773178	3.3
676	96.558839	0.118255	0.000755	6.139416	3.3
677	90.462679	0.116361	0.000755	16.386082	3.2
678	92.688962	0.117473	0.000755	4.567283	3.2
679	91.564518	0.118325	0.000755	12.777705	3.2
680	87.867280	0.118133	0.000755	14.124959	3.4
681	92.790309	0.120134	0.000755	9.710526	4.7
682	102.590896	0.121939	0.000755	12.580871	3.3
683	85.389626	0.119364	0.000755	12.233862	2.8
684	88.616940	0.122106	0.000755	12.709360	2.7
685	91.066572	0.122175	0.000755	21.752945	2.9
686	85.950737	0.120145	0.000755	7.961565	3.4
687	98.649543	0.121703	0.000755	11.111852	3.8
688	94.050793	0.121771	0.000755	5.927531	3.6
689	92.575639	0.120942	0.000755	9.121007	3.2
690	94.829810	0.119876	0.000755	4.364702	2.4
691	94.489781	0.120272	0.000755	6.357676	2.4
692	97.444857	0.119807	0.000755	15.739523	2.5
693	89.138924	0.121655	0.000755	4.607998	4.2
694	90.864073	0.122065	0.000755	9.066847	2.5
695	97.660420	0.121668	0.000755	10.709750	2.6
696	91.524408	0.123607	0.000754	9.366395	2.8
697	87.602103	0.122689	0.000755	6.986266	3.0
698	89.998956	0.122241	0.000755	11.969812	4.8
699	91.566879	0.121029	0.000755	8.721410	4.6
700	91.032536	0.120313	0.000755	12.504223	4.4
701	88.327045	0.120586	0.000755	15.150439	3.5
702	94.388366	0.121560	0.000755	6.587549	3.7
703	99.503827	0.119750	0.000755	21.111662	4.1
704	92.069110	0.120962	0.000755	20.394055	5.1
705	92.597762	0.133200	0.000754	16.850320	4.9
706	94.296086	0.139788	0.000754	3.868368	4.7
707	99.239328	0.140410	0.000754	6.491672	4.5
708	89.462815	0.140033	0.000754	5.607791	3.7
709	93.809510	0.139722	0.000754	6.859562	3.2
710	95.672158	0.138957	0.000754	8.788212	3.2
711	91.175711	0.138932	0.000754	7.097581	4.9
712	101.543615	0.139893	0.000754	5.130026	5.1
713	91.013472	0.139746	0.000754	8.498171	5.0
714	90.649924	0.140154	0.000754	9.390589	4.9
715	96.784994	0.138596	0.000754	21.333689	4.9
716	98.195915	0.145025	0.000754	7.561644	4.8
717	85.172648	0.147111	0.000754	7.947875	4.4
718	95.436664	0.147426	0.000754	15.154242	4.4
719	96.927741	0.148912	0.000754	11.769841	3.5
720	88.740369	0.154223	0.000753	6.046000	3.5
721	93.224483	0.153462	0.000753	13.456934	3.5
722	92.369610	0.153735	0.000753	11.415893	3.3
723	90.900974	0.155707	0.000753	8.488715	3.3
724	97.753178	0.153544	0.000753	5.471716	3.3
725	90.282107	0.154431	0.000753	4.945628	3.3
726	91.917541	0.154412	0.000753	10.667097	3.3
727	95.500675	0.154012	0.000753	3.820655	3.3
728	97.007824	0.154344	0.000753	12.510636	3.5
729	96.959391	0.154041	0.000753	8.659053	3.6
730	95.456691	0.154926	0.000753	7.653489	3.4
731	90.828364	0.155034	0.000753	7.751179	3.4
732	86.009785	0.155310	0.000753	14.681223	3.6
733	93.292953	0.154118	0.000753	9.894317	3.3
734	90.788232	0.158372	0.000753	14.245972	3.3
735	90.491147	0.159039	0.000753	6.101745	3.3
736	87.078501	0.160994	0.000753	5.361532	3.5
737	92.997163	0.161533	0.000753	5.995122	3.6
738	101.466790	0.162153	0.000753	10.802945	4.1
739	93.909468	0.161534	0.000753	9.380504	3.6
740	94.754312	0.160517	0.000753	11.743018	3.5
741	97.179073	0.161264	0.000753	6.154110	3.5
742	88.541399	0.162240	0.000753	13.408504	3.3
743	86.041789	0.163357	0.000753	8.446092	3.5
744	94.737776	0.163491	0.000753	5.151518	3.4
745	97.067684	0.164074	0.000753	11.337343	3.5
746	98.471646	0.163009	0.000753	16.419064	3.6
747	97.413540	0.167836	0.000753	14.242233	3.4
748	98.646311	0.168315	0.000753	8.369634	3.6
749	98.192361	0.167289	0.000753	9.736068	3.9
750	90.714081	0.168195	0.000753	11.820802	3.6
751	92.954895	0.167989	0.000753	8.174339	3.4
752	89.375775	0.167753	0.000753	7.250315	3.5
753	85.703528	0.167262	0.000753	16.181378	3.7
754	91.617890	0.164920	0.000753	5.060693	3.8
755	93.037511	0.166860	0.000753	6.996078	3.7
756	86.941186	0.166396	0.000753	7.616071	2.9
757	93.707506	0.165970	0.000753	10.409173	2.9
758	92.124448	0.167641	0.000753	13.570997	2.8
759	101.882232	0.169761	0.000753	22.328347	3.7
760	87.277335	0.175682	0.000753	9.778608	4.9
761	93.104644	0.182408	0.000752	5.290936	4.7
762	88.866195	0.182973	0.000752	12.203914	4.5
763	96.821518	0.183583	0.000752	12.110952	2.5
764	87.645160	0.187925	0.000752	15.549197	2.4
765	91.142298	0.184090	0.000752	9.065777	2.5
766	87.996171	0.182976	0.000752	21.936645	2.5
767	96.060478	0.187629	0.000752	5.736413	2.4
768	97.947084	0.191136	0.000752	4.286042	2.5
769	91.257101	0.191035	0.000752	9.151627	2.5
770	97.431373	0.191451	0.000752	7.857142	2.5
771	98.304505	0.191997	0.000752	19.143984	2.5
772	91.909803	0.195875	0.000752	19.291217	2.5
773	95.773158	0.196899	0.000752	5.610658	2.5
774	94.515236	0.196182	0.000752	21.770371	2.5
775	89.842560	0.195381	0.000752	9.981950	2.5
776	91.798486	0.201788	0.000752	13.964947	2.6
777	84.164565	0.205370	0.000752	15.387279	2.7
778	90.169465	0.211006	0.000751	7.606208	2.8
779	92.826103	0.211587	0.000751	15.007620	2.8
780	88.786087	0.210123	0.000751	11.070304	2.8
781	98.640896	0.213216	0.000751	13.707347	2.7
782	91.922680	0.217655	0.000751	8.244050	2.8
783	92.755856	0.216845	0.000751	14.091548	2.8
784	89.550958	0.215459	0.000751	8.328373	2.8
785	95.383299	0.214584	0.000751	10.398046	2.9
786	89.043103	0.212833	0.000751	8.808545	2.9
787	93.874659	0.213863	0.000751	4.725867	3.0
788	89.465799	0.214292	0.000751	4.299064	2.9
789	96.599039	0.213839	0.000751	11.481178	3.0
790	90.676601	0.213947	0.000751	9.774563	3.2
791	93.645526	0.216848	0.000751	14.314467	3.3
792	95.671730	0.215574	0.000751	4.729686	3.3
793	91.888047	0.215975	0.000751	4.138512	3.5
794	88.561347	0.215476	0.000751	8.256641	3.6
795	94.267992	0.214691	0.000751	9.899322	3.6
796	94.779251	0.216158	0.000751	8.273876	3.6
797	92.818369	0.214873	0.000751	7.993248	3.6
798	94.420428	0.216592	0.000751	4.190120	3.7
799	86.381872	0.216506	0.000751	8.968860	3.1
800	96.269279	0.216649	0.000751	9.476124	3.0
801	92.912373	0.218105	0.000751	3.593444	2.9
802	89.804322	0.218454	0.000751	9.199469	3.1
803	95.212622	0.218218	0.000751	11.581194	3.1
804	90.036760	0.218481	0.000751	7.167957	3.1
805	97.801766	0.218937	0.000751	7.120117	3.0
806	94.681324	0.217860	0.000751	13.039325	4.2
807	91.091017	0.218751	0.000751	13.067569	5.0
808	90.524013	0.216552	0.000751	12.029873	5.2
809	96.402784	0.220337	0.000751	19.560896	5.1
810	94.464297	0.224892	0.000751	7.189891	4.4
811	97.412453	0.227247	0.000751	9.601978	4.8
812	90.030087	0.225819	0.000751	8.762730	5.2
813	92.078784	0.224887	0.000751	8.011815	4.9
814	95.662581	0.223606	0.000751	8.047135	3.4
815	89.670703	0.222894	0.000751	13.778142	3.4
816	93.606033	0.225638	0.000751	6.628761	3.5
817	86.808699	0.227503	0.000751	7.276216	4.4
818	95.547145	0.228323	0.000751	12.857101	4.4
819	87.269655	0.229859	0.000751	14.875344	3.7
820	89.501597	0.234173	0.000751	6.306538	3.8
821	89.476076	0.234033	0.000751	22.434711	3.8
822	89.101459	0.231436	0.000751	15.183347	3.8
823	93.101564	0.234176	0.000751	4.640930	4.0
824	94.797819	0.234842	0.000751	14.553645	4.7
825	95.900630	0.233832	0.000751	15.497705	3.7
826	94.212754	0.229343	0.000751	12.923809	3.8
827	89.167628	0.235480	0.000751	5.648461	3.9
828	89.609548	0.234089	0.000751	10.626317	3.9
829	99.284542	0.234521	0.000751	17.953605	3.6
830	89.772915	0.239745	0.000750	5.328872	5.1
831	95.893133	0.241991	0.000750	11.154952	5.0
832	97.263365	0.240857	0.000750	8.574550	5.1
833	98.638266	0.242892	0.000750	18.044677	5.2
834	97.952002	0.240889	0.000750	4.816280	4.6
835	95.988458	0.238846	0.000750	10.862468	4.8
836	88.677392	0.239949	0.000750	4.643030	4.9
837	93.608848	0.239366	0.000750	6.999643	4.6
838	89.071187	0.239211	0.000750	9.296238	3.8
839	94.394025	0.239576	0.000750	12.360363	3.8
840	88.674250	0.242798	0.000750	5.341646	3.2
841	94.394038	0.241353	0.000750	8.192369	3.2
842	91.755824	0.241155	0.000750	2.703655	3.1
843	89.468286	0.240890	0.000750	7.048219	3.0
844	90.564217	0.241029	0.000750	3.679292	2.9
845	84.505329	0.241496	0.000750	7.106531	3.0
846	83.195697	0.241844	0.000750	7.507676	3.0
847	94.935434	0.242770	0.000750	7.527513	2.9
848	96.231915	0.241910	0.000750	7.656952	2.9
849	91.625149	0.241774	0.000750	7.199707	2.9
850	90.808699	0.242290	0.000750	12.310201	3.1
851	91.189181	0.243093	0.000750	5.443525	6.5
852	95.360538	0.242724	0.000750	8.761398	5.1
853	88.469099	0.243015	0.000750	8.076060	4.5
854	90.552102	0.242437	0.000750	6.440015	2.8
855	91.556303	0.241225	0.000750	4.140592	2.7
856	92.218065	0.241413	0.000750	9.536032	4.7
857	92.742567	0.240881	0.000750	7.929417	5.0
858	93.519573	0.241751	0.000750	10.762315	5.1
859	91.172052	0.241782	0.000750	8.417415	4.2
860	84.956523	0.240279	0.000750	12.548528	4.0
861	87.852006	0.238076	0.000750	12.782460	3.7
862	88.652867	0.242113	0.000750	8.156230	2.8
863	95.341191	0.241395	0.000750	10.065305	2.7
864	92.369247	0.243550	0.000750	11.389769	2.7
865	95.143522	0.242991	0.000750	11.078537	2.7
866	91.017930	0.242161	0.000750	2.752299	2.9
867	93.808579	0.242534	0.000750	8.819467	4.9
868	89.036617	0.242756	0.000750	11.834160	5.7
869	87.848404	0.245489	0.000750	12.259940	5.8
870	100.758867	0.249874	0.000750	18.834611	4.3
871	93.725706	0.247275	0.000750	4.203582	3.9
872	94.434755	0.246502	0.000750	9.024880	3.2
873	93.128774	0.246388	0.000750	9.827413	3.6
874	85.328532	0.244834	0.000750	9.180447	5.1
875	94.720338	0.242757	0.000750	15.846178	5.1
876	96.532547	0.244135	0.000750	7.227159	4.8
877	92.419949	0.244154	0.000750	13.023803	2.7
878	90.737480	0.244224	0.000750	4.899658	2.6
879	94.390828	0.245773	0.000750	9.717839	2.5
880	88.665256	0.245700	0.000750	8.183104	2.7
881	92.018103	0.247874	0.000750	6.761232	2.7
882	88.505992	0.248382	0.000750	6.574099	2.6
883	95.164094	0.249440	0.000750	10.655261	4.1
884	94.007519	0.250725	0.000750	4.224953	4.8
885	91.264509	0.250109	0.000750	7.569183	4.7
886	88.663519	0.250800	0.000750	7.283305	4.9
887	93.323535	0.250395	0.000750	12.361577	4.9
888	94.311278	0.249376	0.000750	15.924120	4.8
889	100.710927	0.253689	0.000750	5.721781	5.1
890	90.785302	0.255359	0.000750	6.481092	5.2
891	93.794655	0.256057	0.000750	10.430076	4.9
892	90.689748	0.255691	0.000750	11.166143	5.0
893	97.490459	0.255264	0.000750	12.407938	5.0
894	94.971032	0.257230	0.000750	11.352318	5.3
895	90.892923	0.261350	0.000750	9.940857	5.0
896	91.050314	0.262322	0.000750	5.179322	5.0
897	87.660519	0.262317	0.000750	12.146679	5.0
898	89.560006	0.263866	0.000750	7.618525	4.1
899	99.684045	0.263765	0.000750	15.308174	5.3
900	91.590785	0.266401	0.000749	15.532849	5.0
901	93.903045	0.265721	0.000749	10.670361	5.3
902	93.775764	0.266227	0.000749	14.092202	5.4
903	90.631203	0.269472	0.000749	9.523555	5.2
904	94.046310	0.271382	0.000749	11.301221	5.1
905	97.024102	0.273847	0.000749	6.462962	5.8
906	91.269930	0.274367	0.000749	8.623207	5.5
907	91.877913	0.274265	0.000749	5.208510	5.1
908	89.226074	0.275356	0.000749	3.909533	5.1
909	90.350766	0.275420	0.000749	4.903865	5.5
910	96.063375	0.275644	0.000749	4.347825	4.8
911	94.845260	0.275683	0.000749	2.515343	6.7
912	100.542234	0.275532	0.000749	10.095764	5.3
913	92.600032	0.275763	0.000749	14.337058	5.3
914	94.685359	0.279379	0.000749	12.659006	4.9
915	95.231068	0.280675	0.000749	5.526532	5.0
916	98.834585	0.280862	0.000749	5.236463	4.9
917	86.613645	0.280780	0.000749	16.772906	4.0
918	97.459078	0.283167	0.000749	9.064703	4.0
919	97.809749	0.286906	0.000749	4.865888	3.3
920	88.883739	0.286928	0.000749	13.426969	4.5
921	97.981879	0.288007	0.000749	8.984924	3.2
922	88.294211	0.289918	0.000749	11.010324	3.5
923	95.048403	0.290214	0.000749	11.149601	3.5
924	94.328573	0.290643	0.000749	6.611075	3.4
925	101.224637	0.291730	0.000749	6.451400	3.0
926	90.177410	0.292640	0.000748	12.881274	3.0
927	91.115357	0.294189	0.000748	6.385356	2.9
928	89.304211	0.296557	0.000748	14.084627	2.9
929	92.204425	0.299045	0.000748	15.042282	3.1
930	100.719039	0.306144	0.000748	10.811368	2.9
931	88.118985	0.307394	0.000748	6.593075	3.0
932	90.657805	0.309303	0.000748	5.722347	3.0
933	95.160190	0.309833	0.000748	6.499975	3.0
934	98.367227	0.309313	0.000748	1.975900	3.1
935	91.010262	0.309248	0.000748	7.885504	3.2
936	94.487343	0.309384	0.000748	5.768940	3.2
937	89.713767	0.309410	0.000748	9.110987	3.1
938	90.608143	0.310142	0.000748	5.390217	3.1
939	94.129865	0.310808	0.000748	9.726764	3.0
940	95.836991	0.309923	0.000748	19.599382	3.1
941	89.309758	0.315386	0.000748	16.317377	3.0
942	94.827212	0.320768	0.000747	5.585506	3.0
943	92.590148	0.320758	0.000748	8.212863	3.0
944	87.683758	0.321034	0.000747	10.299402	3.0
945	94.215081	0.322156	0.000747	10.785150	3.1
946	92.261366	0.325343	0.000747	7.858871	3.1
947	89.052550	0.326004	0.000747	6.120783	3.1
948	98.531409	0.325477	0.000747	15.728328	3.1
949	84.900350	0.325979	0.000747	9.288132	3.7
950	90.687029	0.324906	0.000747	3.505700	3.1
951	96.106928	0.325491	0.000747	4.838540	3.0
952	92.955370	0.325674	0.000747	12.368596	3.2
953	90.603621	0.324546	0.000747	7.634826	3.6
954	87.851651	0.327198	0.000747	6.369320	3.4
955	89.550271	0.327264	0.000747	10.623052	3.3
956	88.479323	0.326736	0.000747	10.588918	3.4
957	92.710561	0.327207	0.000747	3.240929	3.6
958	94.452144	0.326908	0.000747	2.789359	3.6
959	93.735844	0.326963	0.000747	4.730288	3.5
960	92.352987	0.326641	0.000747	9.848943	3.1
961	92.591935	0.325848	0.000747	6.683242	3.0
962	88.644531	0.325565	0.000747	15.192294	3.4
963	94.449863	0.326437	0.000747	2.559901	3.5
964	84.492189	0.325840	0.000747	6.935094	4.3
965	87.982039	0.326205	0.000747	17.532693	4.4
966	91.217369	0.327754	0.000747	4.667844	4.3
967	89.522269	0.327815	0.000747	10.800942	4.3
968	88.735890	0.328913	0.000747	10.407310	5.0
969	84.273811	0.331420	0.000747	2.263749	5.2
970	100.140264	0.331573	0.000747	8.635148	5.4
971	92.543499	0.331683	0.000747	12.984649	5.1
972	93.710279	0.334993	0.000747	18.866235	5.0
973	87.927684	0.339755	0.000747	16.315373	5.3
974	90.018793	0.350173	0.000746	5.596997	5.2
975	95.009375	0.352305	0.000746	10.902937	5.1
976	91.071815	0.352707	0.000746	11.045184	5.1
977	91.137748	0.354984	0.000746	5.804651	4.6
978	91.804874	0.355642	0.000746	8.847951	4.5
979	91.874894	0.356756	0.000746	11.516258	4.1
980	89.853520	0.358657	0.000746	13.218181	3.5
981	96.747954	0.361653	0.000746	6.498829	3.6
982	92.185984	0.361966	0.000746	5.763002	5.2
983	92.524490	0.361032	0.000746	6.790838	5.4
984	90.943216	0.361158	0.000746	15.282092	5.3
985	95.099777	0.359536	0.000746	8.373850	5.1
986	86.809229	0.363175	0.000746	4.941010	4.7
987	84.354823	0.362649	0.000746	11.953678	4.8
988	97.160941	0.363822	0.000746	5.757646	4.4
989	85.877698	0.362485	0.000746	8.658191	4.4
990	93.174451	0.361805	0.000746	15.073950	4.1
991	92.479507	0.364411	0.000746	3.661128	5.2
992	87.572309	0.365095	0.000746	6.060777	5.3
993	99.518099	0.365584	0.000746	6.702722	4.4
994	91.729280	0.365185	0.000746	12.509775	4.2
995	94.419284	0.364068	0.000746	7.977517	4.2
996	93.957228	0.363958	0.000746	11.636714	4.4
997	92.952525	0.365409	0.000746	6.758246	3.6
998	88.137366	0.363743	0.000746	5.754357	3.4
999	94.024547	0.364308	0.000746	4.461450	3.4
1000	96.386681	0.363685	0.000746	24.817733	3.5
1001	94.918526	0.364196	0.000746	5.003485	3.6
1002	95.120410	0.365345	0.000746	12.079005	3.4
1003	91.742735	0.364054	0.000746	6.761200	4.0
1004	90.962073	0.363726	0.000746	5.082577	3.3
1005	90.806692	0.363093	0.000746	6.536315	5.1
1006	97.922589	0.362855	0.000746	15.410705	5.2
1007	97.471829	0.365068	0.000746	11.549949	4.3
1008	95.243449	0.361725	0.000746	16.596405	4.3
1009	90.275321	0.367007	0.000746	12.450317	4.3
1010	95.478111	0.369209	0.000746	9.808182	3.5
1011	101.869394	0.372580	0.000746	15.230350	3.5
1012	94.871428	0.369650	0.000746	9.783952	3.3
1013	87.788282	0.373309	0.000746	6.014870	3.3
1014	88.596804	0.372422	0.000746	17.426025	5.1
1015	94.714500	0.375118	0.000746	12.333199	5.2
1016	93.891941	0.376055	0.000746	4.294310	5.0
1017	98.092021	0.375694	0.000746	8.084681	4.2
1018	91.268325	0.376065	0.000746	7.520090	4.2
1019	96.652436	0.377226	0.000746	13.694459	3.5
1020	85.852173	0.378141	0.000745	14.210823	3.3
1021	87.513574	0.384401	0.000745	6.092321	3.4
1022	96.427405	0.383977	0.000745	9.831768	3.2
1023	89.445887	0.385274	0.000745	9.266678	3.2
1024	90.797296	0.385158	0.000745	5.310069	3.1
1025	95.195336	0.385681	0.000745	11.725169	3.2
1026	94.363893	0.386279	0.000745	9.158310	3.2
1027	98.552284	0.387492	0.000745	8.366907	3.3
1028	92.497548	0.387042	0.000745	13.213566	3.3
1029	94.046059	0.388895	0.000745	13.170206	3.5
1030	90.323592	0.386099	0.000745	10.793029	3.5
1031	93.739320	0.385383	0.000745	10.863258	3.4
1032	92.640170	0.386056	0.000745	8.629479	3.6
1033	89.097211	0.383962	0.000745	5.896606	3.6
1034	95.280932	0.383890	0.000745	7.293892	3.0
1035	91.824424	0.383728	0.000745	12.388902	3.0
1036	98.315345	0.385967	0.000745	6.998289	2.9
1037	92.877246	0.387727	0.000745	9.068041	3.0
1038	96.028260	0.388242	0.000745	10.156173	3.0
1039	91.446956	0.389610	0.000745	4.969255	3.0
1040	91.843206	0.390769	0.000745	7.395622	2.9
1041	96.288341	0.390331	0.000745	12.608881	3.0
1042	91.282492	0.388429	0.000745	11.491632	3.0
1043	86.394832	0.391438	0.000745	12.026594	3.0
1044	88.745836	0.394869	0.000745	7.131399	3.1
1045	89.351723	0.395997	0.000745	13.131351	3.2
1046	86.729235	0.393748	0.000745	5.529753	3.1
1047	88.927729	0.393795	0.000745	10.467761	3.1
1048	92.145559	0.394523	0.000745	10.548260	3.1
1049	92.261499	0.396926	0.000745	11.374603	3.1
1050	88.046690	0.399473	0.000745	4.014273	3.1
1051	92.101988	0.400404	0.000745	10.098004	3.2
1052	87.583601	0.400048	0.000745	7.802658	3.1
1053	90.735984	0.401875	0.000745	3.106576	3.3
1054	92.228664	0.401832	0.000745	4.744315	3.6
1055	91.244442	0.401950	0.000745	8.583848	4.9
1056	89.119226	0.401035	0.000745	18.104344	4.9
1057	98.216114	0.405711	0.000745	10.963568	3.5
1058	87.954544	0.409258	0.000744	14.697400	3.5
1059	89.885662	0.412431	0.000744	12.571455	3.0
1060	96.179616	0.410095	0.000744	9.016954	5.1
1061	94.979621	0.408994	0.000744	15.751517	3.2
1062	93.110285	0.412560	0.000744	11.089650	3.3
1063	92.150510	0.412275	0.000744	4.000497	3.4
1064	93.526425	0.411490	0.000744	9.344072	3.3
1065	90.687952	0.412243	0.000744	4.476388	3.3
1066	92.819659	0.411777	0.000744	6.237074	3.2
1067	92.921207	0.411778	0.000744	16.269872	3.2
1068	92.969204	0.412577	0.000744	9.164674	3.0
1069	94.111253	0.416710	0.000744	17.022203	3.0
1070	91.904911	0.421238	0.000744	23.795857	3.2
1071	91.698281	0.438876	0.000743	8.868188	3.2
1072	94.231606	0.439023	0.000743	8.837254	3.2
1073	92.163468	0.439423	0.000743	6.653722	3.2
1074	98.439517	0.439421	0.000743	5.434083	3.2
1075	103.942636	0.438715	0.000743	10.284116	2.9
1076	87.716785	0.437361	0.000743	21.077200	3.1
1077	87.796101	0.444395	0.000743	6.559962	4.3
1078	87.307608	0.442833	0.000743	10.644407	4.8
1079	95.463760	0.441168	0.000743	13.949489	5.1
1080	90.563690	0.442641	0.000743	12.233229	5.5
1081	86.769663	0.447913	0.000743	8.717992	5.8
1082	93.673544	0.449237	0.000743	7.017721	5.3
1083	89.327760	0.450455	0.000743	4.284881	4.1
1084	94.307542	0.450502	0.000743	10.867750	4.2
1085	92.021037	0.450855	0.000743	11.952965	4.9
1086	90.919607	0.452339	0.000743	11.730830	4.9
1087	87.230621	0.456664	0.000743	6.634473	4.4
1088	92.485693	0.456881	0.000743	13.814809	4.3
1089	95.119748	0.457937	0.000743	6.380968	3.8
1090	94.681465	0.459829	0.000743	6.389347	3.5
1091	92.235084	0.459155	0.000743	18.151241	3.4
1092	86.573829	0.461158	0.000743	14.740594	3.3
1093	87.254431	0.456028	0.000743	17.984133	3.3
1094	87.812167	0.464323	0.000743	6.194823	3.2
1095	91.799594	0.462692	0.000743	7.373586	3.3
1096	91.082906	0.463278	0.000743	14.508224	3.2
1097	94.649305	0.463281	0.000743	17.895669	3.1
1098	93.385066	0.470830	0.000742	14.334983	3.3
1099	90.117366	0.479568	0.000742	8.858974	3.4
1100	88.279806	0.483048	0.000742	9.806813	3.3
1101	89.924423	0.481893	0.000742	12.348392	3.3
1102	99.103465	0.482630	0.000742	16.698998	3.6
1103	99.038870	0.489161	0.000742	5.050172	3.6
1104	88.146799	0.491313	0.000742	9.403331	3.4
1105	92.374589	0.491326	0.000742	6.253787	3.1
1106	95.037335	0.490519	0.000742	17.874765	3.0
1107	92.728262	0.491528	0.000742	3.367353	2.9
1108	90.794562	0.492387	0.000742	8.048943	3.2
1109	92.697336	0.492938	0.000742	15.413788	3.1
1110	96.989832	0.495253	0.000741	12.861424	3.1
1111	93.745526	0.500725	0.000741	10.604208	3.0
1112	91.637815	0.504538	0.000741	14.492606	2.9
1113	90.225191	0.509224	0.000741	5.607884	4.6
1114	89.444794	0.509223	0.000741	11.581723	5.2
1115	91.041100	0.509009	0.000741	12.729258	5.2
1116	94.128808	0.506292	0.000741	10.486466	5.1
1117	88.387032	0.510163	0.000741	5.489886	4.7
1118	90.537761	0.509307	0.000741	6.484211	4.5
1119	89.996549	0.508942	0.000741	10.319763	5.2
1120	93.308554	0.509568	0.000741	9.977474	5.0
1121	95.495502	0.511992	0.000741	3.933473	5.1
1122	86.624391	0.511132	0.000741	11.376179	3.9
1123	90.974053	0.512196	0.000741	19.594391	4.9
1124	100.608491	0.508826	0.000741	21.550174	5.0
1125	90.276940	0.521973	0.000741	7.529156	4.9
1126	93.857307	0.526449	0.000740	10.128983	5.0
1127	90.873346	0.525811	0.000740	10.485973	5.0
1128	84.087601	0.528158	0.000740	14.970331	3.7
1129	89.923119	0.531222	0.000740	5.391808	3.9
1130	88.101479	0.532568	0.000740	6.971255	3.8
1131	91.369731	0.532271	0.000740	12.810025	3.6
1132	86.930247	0.532564	0.000740	11.799577	3.6
1133	93.878537	0.534815	0.000740	3.428616	3.7
1134	94.916074	0.535239	0.000740	13.232767	3.6
1135	91.193990	0.536228	0.000740	12.149997	3.4
1136	88.766835	0.537204	0.000740	8.773846	3.4
1137	93.542759	0.538450	0.000740	13.604372	3.3
1138	89.977315	0.536211	0.000740	8.777928	3.4
1139	93.376898	0.536385	0.000740	9.008663	3.1
1140	93.600955	0.536720	0.000740	8.365068	3.1
1141	95.382405	0.537669	0.000740	11.177443	3.1
1142	92.823003	0.536530	0.000740	7.742943	3.3
1143	92.108052	0.538620	0.000740	7.608564	3.5
1144	91.221703	0.539059	0.000740	5.254936	3.4
1145	95.279602	0.538357	0.000740	3.505926	5.0
1146	91.818672	0.538325	0.000740	3.645981	5.1
1147	97.820533	0.538451	0.000740	16.761969	4.0
1148	88.402703	0.539795	0.000740	8.368043	4.1
1149	89.129620	0.536864	0.000740	7.467474	4.2
1150	91.329896	0.537943	0.000740	9.425372	4.3
1151	89.660715	0.537101	0.000740	10.364013	4.3
1152	95.740535	0.538138	0.000740	4.103885	3.5
1153	90.358778	0.538148	0.000740	10.585982	3.5
1154	89.978048	0.537923	0.000740	3.866370	3.5
1155	97.006423	0.538281	0.000740	15.179135	3.3
1156	84.227457	0.539288	0.000740	3.816965	3.1
1157	89.036436	0.538065	0.000740	10.648249	3.3
1158	95.620396	0.538689	0.000740	14.300867	5.1
1159	92.504843	0.538478	0.000740	10.516737	5.2
1160	95.930402	0.541789	0.000740	10.787705	5.2
1161	88.091720	0.544960	0.000740	7.582267	5.1
1162	93.083756	0.546604	0.000740	9.855639	4.1
1163	89.171889	0.546666	0.000740	3.973738	4.4
1164	98.615667	0.546344	0.000740	10.253067	5.1
1165	88.768668	0.546111	0.000740	4.808973	5.3
1166	96.216663	0.544960	0.000740	14.676300	5.6
1167	89.642173	0.545880	0.000740	6.627794	6.1
1168	92.053219	0.546158	0.000740	7.301487	5.6
1169	93.874048	0.544956	0.000740	10.049071	5.4
1170	90.224992	0.545010	0.000740	5.201269	5.2
1171	95.698651	0.546466	0.000740	3.630265	5.4
1172	93.869602	0.546060	0.000740	9.869211	4.8
1173	91.189312	0.545413	0.000740	11.533093	4.8
1174	86.274863	0.546541	0.000740	6.929265	4.7
1175	88.676201	0.545075	0.000740	10.215146	5.4
1176	94.246502	0.545140	0.000740	28.248187	5.2
1177	92.581103	0.541296	0.000740	10.423077	5.2
1178	91.501099	0.548489	0.000740	23.781810	5.2
1179	93.546039	0.543827	0.000740	7.000830	4.3
1180	91.568703	0.548331	0.000740	5.718500	4.2
1181	91.001514	0.549188	0.000740	7.602029	3.9
1182	92.306776	0.550232	0.000740	11.512811	3.3
1183	96.118561	0.550364	0.000740	11.192291	3.4
1184	87.121205	0.547890	0.000740	16.231936	5.1
1185	86.071847	0.549715	0.000740	4.441096	5.2
1186	88.487941	0.550375	0.000740	4.083761	4.6
1187	94.929813	0.550393	0.000740	12.951658	4.4
1188	94.684130	0.549638	0.000740	5.191407	4.9
1189	91.681207	0.549889	0.000740	16.707378	4.9
1190	94.067059	0.548248	0.000740	8.670127	4.7
1191	88.602659	0.548614	0.000740	3.573272	4.0
1192	84.510336	0.548534	0.000740	12.326016	4.0
1193	85.202667	0.549372	0.000740	8.186961	3.9
1194	94.929712	0.551954	0.000739	8.452290	3.9
1195	93.457298	0.551093	0.000740	4.701406	3.8
1196	88.279070	0.551020	0.000740	10.176039	3.5
1197	95.694450	0.550232	0.000740	8.742770	3.5
1198	88.275482	0.548096	0.000740	12.379798	3.4
1199	88.861525	0.547566	0.000740	10.618788	3.3
1200	86.655982	0.550567	0.000740	7.289701	3.3
1201	89.540639	0.551096	0.000740	10.120868	3.4
1202	90.537415	0.552794	0.000739	5.179706	3.5
1203	98.003280	0.553364	0.000739	14.494037	3.5
1204	86.462252	0.551817	0.000739	7.128809	3.4
1205	92.485232	0.553937	0.000739	13.131102	3.4
1206	93.651108	0.552536	0.000739	3.232252	3.4
1207	92.314237	0.553220	0.000739	10.481026	3.2
1208	90.658763	0.552920	0.000739	7.027981	3.8
1209	94.977278	0.552005	0.000739	15.395354	5.0
1210	89.768724	0.550814	0.000740	15.074166	3.8
1211	91.758543	0.555523	0.000739	10.119156	4.0
1212	92.505052	0.558643	0.000739	10.040513	3.5
1213	95.201483	0.557706	0.000739	19.464699	3.5
1214	94.222013	0.560259	0.000739	7.730196	3.8
1215	86.012632	0.562693	0.000739	9.166378	3.0
1216	93.125873	0.563690	0.000739	6.193897	3.0
1217	90.687195	0.564275	0.000739	11.571026	3.0
1218	95.601773	0.563127	0.000739	6.013806	2.9
1219	102.180350	0.563481	0.000739	7.885456	2.9
1220	88.108461	0.562415	0.000739	11.642739	2.9
1221	94.225719	0.564268	0.000739	12.453500	3.3
1222	95.233906	0.568448	0.000739	4.968629	2.7
1223	89.339374	0.569068	0.000739	18.356818	2.8
1224	89.975980	0.569286	0.000739	7.644503	2.8
1225	98.054950	0.567479	0.000739	10.703934	6.7
1226	90.413068	0.568307	0.000739	11.484255	5.0
1227	86.484392	0.572048	0.000739	9.572247	4.8
1228	92.597047	0.574951	0.000739	14.310709	4.8
1229	87.540281	0.575679	0.000739	7.045202	5.1
1230	95.337821	0.576005	0.000739	6.949326	5.7
1231	96.730949	0.576766	0.000739	15.390538	5.0
1232	93.934008	0.575377	0.000739	5.740587	4.9
1233	86.872809	0.577743	0.000739	13.037783	5.0
1234	93.310880	0.576082	0.000739	7.779499	4.8
1235	93.751848	0.578579	0.000739	6.889451	5.2
1236	95.593509	0.578674	0.000739	6.977340	5.1
1237	90.197351	0.577810	0.000739	12.242950	4.6
1238	96.312572	0.580024	0.000739	8.562316	4.5
1239	87.942769	0.581967	0.000738	4.809293	3.7
1240	93.664061	0.582198	0.000738	9.124105	5.2
1241	104.495529	0.581809	0.000738	13.456062	4.8
1242	92.885351	0.583755	0.000738	19.526345	4.9
1243	87.313145	0.589800	0.000738	9.676489	3.9
1244	88.308032	0.586603	0.000738	2.813429	3.9
1245	96.204630	0.587001	0.000738	10.983651	3.9
1246	93.040403	0.586786	0.000738	6.539356	3.4
1247	89.132468	0.587931	0.000738	13.841369	3.6
1248	91.843768	0.589146	0.000738	7.893994	3.9
1249	94.402840	0.592385	0.000738	10.205082	3.6
1250	89.269155	0.590733	0.000738	9.508216	3.5
1251	91.442172	0.590832	0.000738	4.994794	3.4
1252	93.422633	0.589858	0.000738	5.318552	3.3
1253	87.850752	0.589724	0.000738	5.220601	3.3
1254	92.593860	0.589500	0.000738	4.536841	3.5
1255	90.457039	0.589475	0.000738	11.753285	3.5
1256	90.449474	0.589897	0.000738	19.440685	3.5
1257	97.497491	0.597176	0.000738	7.569768	2.8
1258	90.225531	0.595600	0.000738	3.825649	2.9
1259	89.598333	0.595510	0.000738	12.151699	2.8
1260	97.996959	0.594432	0.000738	4.211990	2.8
1261	92.779024	0.595349	0.000738	12.633392	2.9
1262	84.330613	0.594178	0.000738	5.519177	3.0
1263	87.568057	0.594544	0.000738	17.599990	2.8
1264	90.822896	0.595843	0.000738	9.571638	2.8
1265	95.132599	0.593239	0.000738	8.940179	2.9
1266	85.466841	0.593392	0.000738	8.990151	3.5
1267	93.147088	0.593649	0.000738	6.561005	3.2
1268	92.219571	0.594414	0.000738	2.355741	3.1
1269	97.471431	0.594120	0.000738	8.119604	4.7
1270	92.492879	0.593947	0.000738	10.336570	3.8
1271	94.792540	0.595790	0.000738	11.450875	3.8
1272	92.364397	0.598924	0.000738	9.137338	5.0
1273	95.997464	0.598382	0.000738	16.753682	3.8
1274	96.807840	0.601498	0.000738	9.292394	4.2
1275	91.937105	0.606271	0.000738	6.050565	3.6
1276	89.211909	0.604960	0.000738	10.867049	4.8
1277	85.854755	0.603395	0.000738	11.969234	4.4
1278	93.719103	0.602988	0.000738	7.352578	4.2
1279	93.635398	0.604894	0.000738	5.224460	4.2
1280	90.615972	0.604409	0.000738	16.154911	3.7
1281	96.847151	0.602577	0.000738	5.369041	3.7
1282	99.519924	0.604326	0.000738	8.246938	4.8
1283	94.040812	0.605062	0.000738	5.949130	3.3
1284	98.611481	0.606245	0.000738	4.719941	3.3
1285	88.231595	0.606124	0.000738	11.424440	3.9
1286	95.125554	0.606518	0.000738	8.447630	3.9
1287	90.577707	0.607189	0.000738	7.954117	3.7
1288	97.745552	0.607488	0.000738	8.332262	3.1
1289	95.775662	0.606328	0.000738	10.812347	3.2
1290	92.215436	0.608918	0.000738	12.285178	3.1
1291	88.975888	0.609212	0.000738	4.912408	3.1
1292	93.598064	0.609039	0.000738	7.519422	3.0
1293	90.428782	0.609446	0.000738	9.689176	3.2
1294	94.990210	0.610773	0.000737	16.667975	3.3
1295	92.652016	0.610412	0.000737	12.548538	3.3
1296	89.596818	0.614438	0.000737	16.824280	3.3
1297	91.473464	0.614181	0.000737	10.902352	3.3
1298	94.911676	0.617265	0.000737	16.225812	3.3
1299	87.395061	0.616711	0.000737	8.004068	3.2
1300	88.698002	0.615696	0.000737	2.972415	3.3
1301	94.162710	0.615202	0.000737	6.598411	3.3
1302	92.645718	0.614974	0.000737	5.232830	3.3
1303	90.074732	0.615118	0.000737	17.331608	3.2
1304	86.109838	0.616687	0.000737	15.180241	3.2
1305	96.392270	0.626257	0.000737	7.155912	3.2
1306	86.418618	0.627571	0.000737	7.860158	3.3
1307	95.748190	0.626476	0.000737	10.424322	3.2
1308	92.569589	0.627584	0.000737	6.928654	3.2
1309	93.391334	0.628544	0.000737	1.416956	3.4
1310	90.468528	0.628637	0.000737	10.609995	3.4
1311	86.940103	0.628613	0.000737	7.472936	3.5
1312	89.147119	0.630017	0.000737	16.371117	3.6
1313	90.848364	0.628186	0.000737	5.841049	3.5
1314	94.326625	0.629352	0.000737	7.292364	3.5
1315	86.271071	0.628392	0.000737	1.721729	3.5
1316	92.116072	0.628166	0.000737	5.983904	5.1
1317	93.992873	0.628411	0.000737	6.877228	5.0
1318	93.485871	0.628861	0.000737	4.554089	4.9
1319	99.870398	0.629476	0.000737	8.440050	4.7
1320	88.988268	0.629484	0.000737	20.922889	4.8
1321	101.044554	0.633787	0.000737	18.148767	3.7
1322	91.618065	0.649828	0.000736	6.016379	3.7
1323	91.559662	0.652477	0.000736	5.105816	3.7
1324	88.747613	0.652842	0.000736	4.729052	3.1
1325	99.774354	0.652816	0.000736	7.911417	3.0
1326	89.937130	0.652744	0.000736	9.150836	3.1
1327	93.149899	0.654079	0.000736	7.148613	2.9
1328	90.602879	0.653681	0.000736	8.741326	2.8
1329	103.909271	0.654628	0.000736	3.210958	2.9
1330	95.361775	0.654196	0.000736	5.941863	2.7
1331	94.908055	0.654084	0.000736	6.805474	3.0
1332	97.910733	0.653414	0.000736	8.717511	2.9
1333	90.404815	0.654991	0.000736	6.845066	3.0
1334	92.936216	0.656232	0.000736	6.448717	2.5
1335	94.462858	0.656773	0.000736	8.176837	2.7
1336	95.532469	0.656541	0.000736	11.020462	2.4
1337	96.813514	0.658412	0.000736	12.799106	2.5
1338	93.242560	0.655337	0.000736	7.378913	2.4
1339	88.681613	0.657752	0.000736	11.754454	2.7
1340	91.830225	0.657414	0.000736	7.745004	4.3
1341	87.563788	0.658520	0.000736	7.512567	4.2
1342	94.614819	0.658310	0.000736	13.427216	4.2
1343	95.719942	0.659981	0.000736	13.680035	3.8
1344	93.527019	0.658590	0.000736	8.827174	3.3
1345	91.123911	0.656651	0.000736	19.614888	3.2
1346	90.597119	0.657780	0.000736	10.949610	3.4
1347	95.435575	0.656514	0.000736	6.749861	3.3
1348	92.126725	0.655279	0.000736	7.516976	3.4
1349	89.606539	0.655899	0.000736	13.501651	3.5
1350	92.004248	0.657810	0.000736	14.864997	3.3
1351	92.889356	0.664604	0.000736	12.870041	3.3
1352	95.676723	0.668350	0.000736	11.877293	3.3
1353	98.845524	0.668223	0.000736	10.164112	3.3
1354	95.985949	0.671163	0.000735	4.036177	3.3
1355	93.942622	0.671552	0.000735	7.778573	3.4
1356	93.424360	0.672259	0.000735	11.333071	3.2
1357	95.071424	0.671793	0.000735	8.692804	3.2
1358	96.345410	0.672787	0.000735	4.087411	3.3
1359	94.258510	0.673270	0.000735	7.633228	3.3
1360	85.599704	0.672597	0.000735	9.879969	3.3
1361	86.750316	0.671521	0.000735	3.360594	3.3
1362	90.095316	0.670723	0.000735	10.319550	3.2
1363	92.317512	0.671256	0.000735	6.282738	3.1
1364	91.373773	0.672487	0.000735	8.366506	3.1
1365	89.002423	0.673864	0.000735	7.186176	3.2
1366	86.936781	0.675180	0.000735	3.579900	3.1
1367	87.639091	0.675567	0.000735	2.548122	3.1
1368	91.155932	0.675482	0.000735	7.181160	3.0
1369	87.761588	0.675759	0.000735	11.209001	3.0
1370	91.568713	0.677150	0.000735	7.664414	3.0
1371	96.079120	0.676421	0.000735	15.781265	3.2
1372	85.934800	0.678914	0.000735	7.700441	4.1
1373	98.522195	0.676339	0.000735	11.707381	3.1
1374	90.709461	0.677770	0.000735	13.089492	3.1
1375	88.188922	0.681529	0.000735	8.024775	3.2
1376	96.505617	0.684236	0.000735	8.203872	3.2
1377	86.818848	0.685735	0.000735	11.088780	3.4
1378	98.015381	0.687007	0.000735	3.283443	3.4
1379	92.830609	0.686842	0.000735	13.939126	3.4
1380	90.323064	0.686013	0.000735	12.905166	2.9
1381	89.460944	0.690914	0.000735	17.719343	4.8
1382	101.982363	0.698645	0.000734	15.160103	3.1
1383	91.059486	0.708090	0.000734	6.114158	4.7
1384	89.080305	0.709983	0.000734	16.370297	4.6
1385	90.658206	0.708650	0.000734	14.241821	3.7
1386	89.516589	0.711062	0.000734	14.166101	3.7
1387	90.958654	0.716899	0.000734	11.619564	3.6
1388	95.566418	0.713855	0.000734	0.907963	3.6
1389	90.136253	0.713759	0.000734	6.444182	3.5
1390	94.460704	0.713763	0.000734	9.868302	3.4
1391	88.183754	0.715210	0.000734	3.826974	3.3
1392	97.861819	0.714817	0.000734	8.485945	4.1
1393	95.042993	0.715685	0.000734	7.403450	3.5
1394	93.093627	0.717366	0.000734	9.538019	5.2
1395	90.500162	0.717669	0.000734	15.791234	3.7
1396	92.728368	0.717588	0.000734	12.716355	4.5
1397	97.247862	0.721208	0.000734	5.724265	3.5
1398	91.677019	0.721823	0.000734	8.285133	2.8
1399	94.117290	0.722380	0.000734	9.774598	4.5
1400	91.666275	0.723954	0.000734	7.226708	2.6
1401	90.376505	0.723401	0.000734	9.110206	2.7
1402	97.308812	0.723514	0.000734	8.745861	3.3
1403	85.013757	0.724892	0.000734	13.715077	5.0
1404	93.884578	0.727338	0.000734	6.616586	5.1
1405	97.243281	0.725182	0.000734	6.635226	4.9
1406	93.113891	0.725367	0.000734	12.877509	4.3
1407	92.777491	0.726570	0.000734	9.197614	3.9
1408	98.628991	0.727450	0.000734	19.702646	3.9
1409	97.078802	0.733208	0.000733	4.217840	4.0
1410	92.572617	0.733895	0.000733	3.807301	4.0
1411	90.160975	0.733607	0.000733	11.955004	3.3
1412	93.864243	0.733649	0.000733	14.884613	3.3
1413	91.296133	0.737330	0.000733	6.784505	3.3
1414	89.525575	0.739462	0.000733	9.156664	3.3
1415	87.408169	0.740557	0.000733	6.079948	3.3
1416	98.451352	0.740463	0.000733	6.879305	3.2
1417	98.831411	0.741388	0.000733	8.153693	3.2
1418	90.557715	0.741578	0.000733	12.018822	3.1
1419	92.065333	0.743104	0.000733	5.194703	3.1
1420	87.240813	0.743381	0.000733	8.056023	3.4
1421	101.914372	0.744110	0.000733	9.087837	3.4
1422	96.173736	0.744509	0.000733	3.197467	3.4
1423	89.018561	0.744115	0.000733	12.417403	3.4
1424	90.854743	0.745068	0.000733	0.926289	3.4
1425	92.929107	0.745158	0.000733	7.320080	3.3
1426	95.311764	0.745110	0.000733	4.894655	3.8
1427	95.365708	0.746015	0.000733	7.635190	3.8
1428	91.265042	0.746414	0.000733	10.129763	3.5
1429	90.614444	0.745931	0.000733	13.287088	3.2
1430	86.358516	0.748719	0.000733	9.906888	4.2
1431	87.624627	0.751564	0.000733	11.879325	5.2
1432	89.274339	0.755141	0.000733	10.683901	5.1
1433	93.919463	0.758815	0.000732	8.055931	4.8
1434	94.276319	0.760363	0.000732	15.018887	4.8
1435	91.627360	0.758038	0.000732	12.909221	4.1
1436	98.342677	0.754772	0.000733	15.040413	3.7
1437	90.526702	0.760862	0.000732	12.582117	3.7
1438	87.946814	0.756991	0.000733	10.595734	5.9
1439	103.116395	0.760599	0.000732	8.274782	5.1
1440	85.547961	0.762960	0.000732	12.863100	5.2
1441	93.183034	0.765610	0.000732	9.993213	4.4
1442	91.902137	0.765869	0.000732	8.530683	3.8
1443	95.467793	0.764897	0.000732	15.737357	3.8
1444	92.994418	0.766883	0.000732	17.368246	3.7
1445	94.311680	0.776801	0.000732	8.569259	3.5
1446	93.443115	0.779516	0.000732	5.822784	3.6
1447	99.760870	0.778769	0.000732	4.185782	3.5
1448	90.151734	0.779033	0.000732	14.813021	3.4
1449	91.796424	0.778240	0.000732	6.683468	3.4
1450	85.170114	0.779144	0.000732	8.800928	2.8
1451	89.188675	0.780333	0.000732	4.900561	2.7
1452	90.661821	0.781258	0.000732	4.759392	2.7
1453	93.350489	0.781853	0.000732	7.068889	2.7
1454	95.685199	0.782302	0.000732	10.268852	2.7
1455	93.133483	0.782776	0.000732	10.913613	2.8
1456	97.745004	0.784745	0.000732	6.664895	2.6
1457	88.837849	0.786148	0.000732	13.552371	2.7
1458	93.551315	0.785837	0.000732	11.833217	2.7
1459	93.257081	0.787659	0.000731	9.026373	2.7
1460	109.969747	0.786730	0.000732	25.058616	2.8
1461	100.866852	0.786686	0.000732	8.177026	2.8
1462	87.204234	0.784466	0.000732	11.235587	2.8
1463	92.358193	0.785112	0.000732	12.635345	2.8
1464	89.284905	0.786718	0.000732	6.441978	2.8
1465	89.350754	0.788523	0.000731	10.199520	3.0
1466	88.487992	0.789025	0.000731	13.584363	3.0
1467	95.424626	0.786893	0.000732	10.461950	3.0
1468	93.366938	0.790420	0.000731	8.059813	3.1
1469	92.147487	0.789579	0.000731	10.421190	3.0
1470	87.759997	0.790353	0.000731	9.310592	3.0
1471	85.716126	0.790893	0.000731	14.159899	3.3
1472	88.185886	0.792017	0.000731	4.821178	3.3
1473	93.047389	0.792166	0.000731	12.616030	3.3
1474	86.803811	0.793001	0.000731	4.393412	3.3
1475	89.102679	0.793649	0.000731	10.803474	3.2
1476	98.461127	0.792827	0.000731	7.134439	3.3
1477	91.231513	0.794047	0.000731	9.044838	3.7
1478	86.970029	0.793834	0.000731	17.397537	3.7
1479	89.763782	0.794922	0.000731	10.119940	3.6
1480	92.583366	0.799375	0.000731	3.775440	3.0
1481	91.782267	0.798984	0.000731	6.209336	3.0
1482	91.566262	0.799530	0.000731	12.437154	3.0
1483	90.489665	0.798181	0.000731	7.521380	3.1
1484	96.594017	0.800034	0.000731	3.133654	3.2
1485	92.312179	0.800664	0.000731	8.455558	3.3
1486	89.083376	0.800107	0.000731	9.095828	3.3
1487	90.158057	0.798838	0.000731	10.113974	3.3
1488	98.450117	0.800143	0.000731	5.418066	4.5
1489	100.451291	0.801507	0.000731	10.413075	3.7
1490	84.590053	0.800165	0.000731	12.284324	3.6
1491	94.376830	0.803761	0.000731	9.825584	3.8
1492	90.832082	0.801245	0.000731	8.631359	4.8
1493	89.296003	0.800128	0.000731	6.060809	4.7
1494	93.488730	0.800502	0.000731	9.521957	3.9
1495	90.193847	0.799802	0.000731	15.607169	3.9
1496	91.305167	0.801601	0.000731	13.674435	3.6
1497	88.315916	0.805595	0.000731	11.610108	4.2
1498	88.539643	0.807523	0.000731	13.747306	4.3
1499	92.400707	0.808137	0.000731	7.394630	3.4
1500	95.626706	0.808842	0.000731	7.734884	3.5
1501	91.760302	0.810129	0.000731	4.048772	5.1
1502	89.371059	0.810246	0.000731	14.850634	5.3
1503	91.966450	0.809672	0.000731	14.102466	6.0
1504	92.917152	0.813864	0.000731	11.034353	5.2
1505	95.393331	0.810600	0.000731	9.213865	5.2
1506	91.751003	0.812944	0.000731	5.215358	4.3
1507	95.094514	0.813621	0.000731	12.930530	4.0
1508	91.383862	0.815555	0.000731	9.110523	3.7
1509	94.979406	0.818481	0.000730	9.005948	3.7
1510	85.162539	0.818283	0.000730	9.972503	3.6
1511	92.265669	0.818063	0.000730	9.190758	4.9
1512	90.223833	0.820100	0.000730	7.022157	4.9
1513	98.695636	0.820823	0.000730	15.561999	4.8
1514	90.128426	0.821401	0.000730	13.555045	4.7
1515	86.710071	0.827885	0.000730	23.691550	7.0
1516	91.115966	0.821908	0.000730	8.814369	5.2
1517	91.743823	0.827672	0.000730	10.636029	4.9
1518	90.360501	0.825741	0.000730	4.435707	5.0
1519	86.519209	0.826650	0.000730	10.875337	4.9
1520	89.700080	0.827376	0.000730	6.167712	3.9
1521	93.578841	0.827522	0.000730	9.089760	3.9
1522	91.818444	0.826194	0.000730	12.337488	5.2
1523	91.728748	0.828492	0.000730	13.205156	5.1
1524	94.046707	0.827725	0.000730	10.131119	4.6
1525	91.416795	0.827902	0.000730	10.434724	4.4
1526	97.594981	0.826179	0.000730	9.843179	4.4
1527	89.398089	0.826941	0.000730	10.983181	4.3
1528	96.899101	0.824419	0.000730	13.422826	4.6
1529	86.752411	0.827418	0.000730	10.737639	3.5
1530	91.477646	0.831458	0.000730	6.693378	3.7
1531	95.822245	0.831391	0.000730	15.303581	3.7
1532	97.879899	0.829906	0.000730	11.827977	5.4
1533	87.748208	0.833943	0.000730	14.496472	4.9
1534	99.304111	0.831932	0.000730	19.782231	5.9
1535	93.368110	0.842405	0.000730	3.881870	4.4
1536	87.775809	0.843190	0.000730	12.929621	4.9
1537	89.192898	0.842842	0.000730	10.776468	4.7
1538	88.016956	0.840084	0.000730	2.938504	4.6
1539	89.750771	0.840886	0.000730	10.205218	4.5
1540	88.008021	0.840249	0.000730	6.720778	5.2
1541	95.142086	0.841389	0.000730	20.230904	3.9
1542	88.287204	0.843088	0.000730	4.587854	2.9
1543	88.357338	0.843736	0.000730	4.950580	2.8
1544	93.356218	0.843253	0.000730	16.267814	4.4
1545	93.685148	0.842610	0.000730	15.303476	4.8
1546	90.400014	0.850553	0.000729	18.981141	5.7
1547	94.426810	0.860962	0.000729	13.766966	3.1
1548	91.578139	0.856867	0.000729	18.456063	3.0
1549	95.249436	0.861221	0.000729	2.075165	3.1
1550	91.654387	0.860418	0.000729	3.078815	4.1
1551	91.027177	0.860257	0.000729	7.283122	3.1
1552	89.800582	0.860639	0.000729	8.487385	3.2
1553	92.703790	0.859600	0.000729	11.197841	7.8
1554	87.844645	0.861186	0.000729	4.621243	3.8
1555	91.939875	0.861354	0.000729	5.237739	2.8
1556	85.740761	0.861136	0.000729	5.359938	3.2
1557	88.414321	0.861565	0.000729	18.047960	4.9
1558	88.087743	0.863857	0.000729	7.749891	4.2
1559	89.334644	0.868143	0.000729	16.498404	4.0
1560	96.462688	0.866172	0.000729	11.315332	2.7
1561	94.966229	0.871799	0.000729	13.819028	3.8
1562	93.870678	0.872501	0.000729	5.432389	3.5
1563	92.383888	0.873896	0.000729	5.083446	4.0
1564	91.329361	0.873870	0.000729	7.724998	4.7
1565	101.343152	0.874326	0.000729	9.574802	5.1
1566	98.036867	0.876240	0.000729	7.236272	5.1
1567	86.118841	0.876594	0.000729	4.421393	4.8
1568	92.849428	0.876274	0.000729	5.542443	4.9
1569	94.246562	0.876053	0.000729	12.572501	3.9
1570	95.732967	0.876216	0.000729	15.297481	3.8
1571	90.322564	0.872731	0.000729	17.972282	3.9
1572	93.658979	0.882846	0.000728	8.672130	3.5
1573	97.824326	0.883249	0.000728	12.081498	3.5
1574	92.993576	0.884996	0.000728	13.271222	3.4
1575	93.490623	0.885527	0.000728	18.730186	5.8
1576	88.556129	0.888586	0.000728	26.343434	4.4
1577	90.739877	0.912327	0.000727	5.115223	4.8
1578	98.327708	0.915317	0.000727	8.094251	5.0
1579	95.075297	0.916366	0.000727	15.398174	6.9
1580	94.107603	0.920110	0.000727	9.674386	4.4
1581	92.999452	0.918030	0.000727	5.576446	3.2
1582	94.449302	0.916961	0.000727	8.098768	5.5
1583	91.132789	0.917730	0.000727	16.840086	5.2
1584	87.389065	0.916865	0.000727	9.708785	3.8
1585	90.608880	0.917880	0.000727	12.791172	4.2
1586	88.959059	0.917361	0.000727	9.757819	5.2
1587	98.115817	0.915038	0.000727	12.725376	4.6
1588	93.113437	0.917846	0.000727	10.411904	3.7
1589	87.510132	0.917274	0.000727	3.978875	2.8
1590	90.619655	0.916275	0.000727	16.611786	8.3
1591	94.032878	0.915781	0.000727	7.825534	3.5
1592	93.248807	0.916341	0.000727	9.001841	3.4
1593	96.090214	0.915273	0.000727	17.949109	4.0
1594	95.255464	0.913168	0.000727	8.851350	3.9
1595	89.292037	0.917424	0.000727	10.302718	4.0
1596	87.773611	0.917237	0.000727	9.493046	4.0
1597	93.154128	0.915835	0.000727	4.953238	4.0
1598	91.909225	0.916766	0.000727	9.172456	3.6
1599	87.922987	0.916621	0.000727	11.167102	4.8
1600	88.965609	0.917414	0.000727	7.974148	4.6
1601	87.013601	0.917338	0.000727	8.423621	3.5
1602	89.250554	0.918348	0.000727	13.961079	3.5
1603	88.460392	0.920684	0.000727	4.951198	3.5
1604	99.064105	0.920656	0.000727	12.453283	3.0
1605	92.678977	0.919986	0.000727	3.880378	2.8
1606	89.134879	0.921248	0.000727	2.993534	2.9
1607	91.751322	0.921311	0.000727	4.166881	2.7
1608	90.545711	0.921449	0.000727	8.421441	4.5
1609	92.001930	0.922401	0.000727	6.927530	3.1
1610	87.112700	0.923969	0.000727	4.372986	3.7
1611	96.954921	0.924223	0.000727	4.977050	3.8
1612	88.909106	0.924580	0.000727	9.312184	3.7
1613	84.701046	0.923598	0.000727	16.751895	3.3
1614	85.841392	0.926734	0.000727	4.283943	4.3
1615	89.526424	0.928527	0.000727	9.716139	4.5
1616	92.781368	0.928577	0.000727	4.912570	4.4
1617	93.469343	0.929188	0.000727	6.037504	3.8
1618	90.335607	0.929689	0.000727	5.010212	3.3
1619	92.998963	0.929210	0.000727	16.303808	3.1
1620	93.026255	0.928996	0.000727	12.012255	3.1
1621	87.469065	0.931774	0.000727	4.219108	3.7
1622	91.087276	0.933010	0.000727	5.133560	2.7
1623	91.535279	0.932909	0.000727	6.122391	5.5
1624	94.344161	0.933434	0.000727	4.646780	7.7
1625	94.027481	0.932912	0.000727	6.021378	2.9
1626	95.126013	0.933540	0.000727	7.236867	2.9
1627	91.878319	0.933089	0.000727	9.537419	3.0
1628	95.142823	0.933237	0.000727	4.494692	6.7
1629	93.280080	0.932439	0.000727	14.635863	3.2
1630	94.822913	0.932682	0.000727	8.856125	3.8
1631	91.604376	0.936077	0.000727	5.679420	3.7
1632	87.343436	0.936780	0.000727	6.062538	4.1
1633	95.576099	0.936085	0.000727	6.275153	4.5
1634	91.915405	0.935973	0.000727	6.939725	4.7
1635	93.839899	0.936424	0.000727	6.745808	4.4
1636	97.822936	0.935519	0.000727	16.318965	4.7
1637	88.542062	0.936483	0.000727	18.448553	7.2
1638	91.906377	0.940526	0.000726	5.202085	4.9
1639	92.189809	0.941365	0.000726	4.953123	5.0
1640	85.343272	0.942072	0.000726	7.624450	4.7
1641	94.274615	0.941807	0.000726	11.172964	4.4
1642	105.184978	0.944027	0.000726	21.516280	4.2
1643	90.417935	0.939715	0.000726	15.965912	4.5
1644	88.550372	0.953592	0.000726	6.981849	3.9
1645	89.508370	0.951167	0.000726	7.886518	4.1
1646	94.415201	0.950771	0.000726	10.523249	3.7
1647	90.173015	0.951360	0.000726	12.034148	5.3
1648	90.042918	0.954865	0.000726	8.319748	3.4
1649	94.979114	0.956576	0.000726	3.629458	4.7
1650	91.104527	0.956047	0.000726	4.925817	4.9
1651	91.513791	0.956093	0.000726	4.028592	4.8
1652	91.932133	0.956509	0.000726	4.982676	2.8
1653	89.211033	0.956893	0.000726	6.229396	7.1
1654	90.276746	0.956987	0.000726	5.342533	4.2
1655	92.601602	0.956674	0.000726	12.763032	3.8
1656	91.628669	0.957917	0.000726	13.359465	3.7
1657	93.450546	0.954238	0.000726	8.476506	5.1
1658	93.024559	0.954974	0.000726	11.021384	3.0
1659	94.261505	0.953514	0.000726	9.806851	3.0
1660	93.259881	0.951673	0.000726	17.695835	3.1
1661	94.350771	0.953257	0.000726	3.402189	5.2
1662	86.041778	0.954373	0.000726	16.398418	4.8
1663	93.968159	0.955484	0.000726	9.599179	4.7
1664	94.296202	0.960064	0.000726	4.923647	3.7
1665	93.163608	0.959968	0.000726	8.797132	3.8
1666	89.284867	0.958903	0.000726	6.564606	3.9
1667	88.182987	0.960004	0.000726	6.074272	4.5
1668	95.307714	0.961111	0.000726	3.499687	4.4
1669	89.717417	0.961084	0.000726	6.632674	4.1
1670	91.427349	0.960641	0.000726	6.714794	3.9
1671	94.405648	0.960440	0.000726	6.596057	4.0
1672	91.131664	0.961601	0.000726	2.943202	3.8
1673	88.718623	0.961533	0.000726	12.935463	3.8
1674	97.451255	0.961047	0.000726	9.751366	3.3
1675	89.324432	0.961148	0.000726	8.475094	3.5
1676	94.440262	0.959937	0.000726	12.100847	3.5
1677	94.107737	0.961644	0.000726	4.825979	5.0
1678	94.753867	0.960716	0.000726	7.562305	3.9
1679	91.901253	0.959825	0.000726	10.428294	4.0
1680	93.431031	0.959395	0.000726	14.923521	6.3
1681	96.160504	0.958932	0.000726	10.012001	3.6
1682	88.147007	0.959074	0.000726	8.767837	3.6
1683	89.709535	0.961254	0.000726	12.060260	2.9
1684	85.728283	0.964038	0.000726	22.903641	2.8
1685	95.578115	0.974624	0.000725	10.375468	2.8
1686	98.370696	0.975784	0.000725	6.114706	3.0
1687	96.511285	0.976721	0.000725	14.510498	3.9
1688	90.453261	0.975204	0.000725	11.838027	3.4
1689	99.572443	0.979562	0.000725	10.891007	4.4
1690	97.301110	0.981310	0.000725	4.517876	3.7
1691	99.110037	0.980691	0.000725	3.410025	2.7
1692	93.145708	0.980650	0.000725	14.568698	4.4
1693	87.637835	0.981231	0.000725	6.793039	6.5
1694	94.606148	0.979390	0.000725	12.490673	3.0
1695	92.564887	0.978163	0.000725	7.487093	5.3
1696	87.843124	0.980208	0.000725	7.810347	9.1
1697	91.173552	0.980140	0.000725	1.780426	2.5
1698	88.334800	0.980145	0.000725	6.655813	3.4
1699	89.639480	0.980331	0.000725	4.749082	4.7
1700	91.791223	0.980533	0.000725	9.713157	2.9
1701	95.184696	0.981717	0.000725	10.058605	4.8
1702	104.154092	0.979536	0.000725	12.031913	2.2
1703	99.246878	0.977013	0.000725	13.905894	5.8
1704	89.647039	0.981883	0.000725	5.809948	2.2
1705	97.528437	0.982681	0.000725	8.126646	2.2
1706	91.261366	0.982592	0.000725	9.286662	3.6
1707	92.776193	0.984745	0.000725	14.291174	4.0
1708	91.376660	0.984220	0.000725	5.184709	2.6
1709	97.565118	0.985140	0.000725	11.517715	2.5
1710	97.694358	0.983655	0.000725	6.968005	2.5
1711	89.641502	0.985453	0.000725	4.000344	8.1
1712	89.967610	0.984898	0.000725	16.025709	3.6
1713	96.336642	0.983360	0.000725	7.917893	3.8
1714	93.153670	0.986332	0.000725	11.057125	3.8
1715	93.671538	0.984836	0.000725	11.574840	4.1
1716	88.474369	0.985030	0.000725	8.207196	3.1
1717	86.971614	0.986671	0.000725	2.632640	2.9
1718	91.341288	0.986290	0.000725	6.532727	4.4
1719	92.664378	0.986494	0.000725	10.195775	3.3
1720	91.887389	0.987525	0.000725	10.839714	5.2
1721	98.080987	0.987196	0.000725	11.101973	5.9
1722	91.296955	0.990486	0.000725	7.063937	4.5
1723	96.918221	0.992772	0.000725	6.571036	4.2
1724	91.090087	0.994044	0.000725	5.778536	3.9
1725	96.224532	0.994162	0.000725	9.471593	5.2
1726	87.767872	0.993753	0.000725	7.037728	4.8
1727	90.890008	0.993716	0.000725	7.170921	4.7
1728	90.837072	0.993984	0.000725	4.996776	4.1
1729	95.163671	0.994836	0.000725	11.660136	3.8
1730	95.937500	0.995090	0.000725	11.125485	3.9
1731	92.484535	0.995178	0.000725	6.836483	4.2
1732	90.757148	0.996848	0.000725	27.643725	7.7
1733	92.751429	0.994699	0.000725	14.417542	5.1
1734	94.555662	1.010099	0.000724	6.990196	4.9
1735	100.751725	1.011664	0.000724	13.870202	4.6
1736	93.875353	1.011499	0.000724	5.289697	4.5
1737	93.845415	1.011878	0.000724	9.240092	4.2
1738	92.268937	1.011907	0.000724	5.509205	5.0
1739	88.445303	1.012693	0.000724	12.682886	4.7
1740	88.575277	1.013115	0.000724	4.738110	5.7
1741	94.484551	1.014120	0.000724	12.220484	3.4
1742	87.557943	1.015332	0.000724	9.867113	2.9
1743	89.264975	1.016804	0.000724	8.916065	3.1
1744	94.451474	1.018769	0.000724	2.900753	2.9
1745	92.321611	1.018311	0.000724	9.548145	5.0
1746	90.983964	1.018374	0.000724	7.745556	6.3
1747	93.576465	1.019836	0.000724	13.092207	5.4
1748	101.818474	1.022561	0.000724	10.063480	3.3
1749	87.295893	1.026263	0.000724	13.806125	3.6
1750	88.554547	1.023257	0.000724	5.847932	3.8
1751	92.062988	1.023521	0.000724	9.176351	3.3
1752	91.623870	1.024217	0.000724	15.449779	3.3
1753	86.900205	1.023437	0.000724	8.645548	4.4
1754	92.436709	1.026138	0.000724	8.665976	3.2
1755	92.043258	1.028242	0.000723	5.696469	3.7
1756	95.288914	1.029394	0.000723	10.562270	3.4
1757	92.330684	1.028320	0.000723	14.512694	2.9
1758	89.651537	1.026004	0.000724	4.689582	3.2
1759	95.539051	1.026657	0.000724	7.841331	2.9
1760	94.510104	1.026833	0.000724	5.555787	5.0
1761	99.308468	1.027709	0.000724	18.521944	3.1
1762	91.368424	1.028054	0.000723	6.331385	4.9
1763	87.219392	1.031273	0.000723	7.194516	5.0
1764	98.511412	1.030237	0.000723	16.105978	6.3
1765	95.938822	1.032162	0.000723	9.720468	3.6
1766	93.708881	1.031871	0.000723	11.163961	3.6
1767	92.145707	1.030645	0.000723	14.274618	3.6
1768	90.643179	1.030048	0.000723	2.652557	3.9
1769	92.591541	1.029327	0.000723	10.929481	4.0
1770	93.857284	1.029657	0.000723	10.501120	4.5
1771	96.823875	1.032984	0.000723	10.637765	4.3
1772	90.447209	1.032866	0.000723	7.757839	4.3
1773	92.104465	1.034918	0.000723	6.931983	6.7
1774	83.883415	1.035747	0.000723	11.070088	4.7
1775	90.662506	1.034676	0.000723	9.189351	4.7
1776	95.841458	1.036192	0.000723	9.325556	4.6
1777	89.019781	1.037809	0.000723	5.298149	5.0
1778	93.647194	1.038248	0.000723	13.830766	4.8
1779	90.131546	1.038548	0.000723	9.240504	5.2
1780	93.534148	1.042325	0.000723	3.792760	4.6
1781	90.719852	1.041869	0.000723	7.947171	4.9
1782	90.598174	1.041941	0.000723	5.723585	2.6
1783	83.036460	1.043219	0.000723	15.743642	7.0
1784	85.180967	1.041078	0.000723	7.606778	3.0
1785	93.973699	1.041165	0.000723	4.261194	3.7
1786	91.698763	1.041609	0.000723	6.811334	4.2
1787	93.697516	1.042391	0.000723	7.252858	4.9
1788	87.154743	1.042838	0.000723	2.306064	3.9
1789	84.432281	1.043161	0.000723	3.163793	5.2
1790	91.687387	1.043037	0.000723	11.097403	5.1
1791	93.357475	1.043619	0.000723	10.130866	3.8
1792	91.395022	1.043822	0.000723	11.506767	4.0
1793	89.595947	1.045258	0.000723	12.073054	3.8
1794	86.630556	1.046086	0.000723	8.675441	4.4
1795	95.321896	1.049123	0.000723	8.669018	3.9
1796	94.108446	1.047370	0.000723	14.272895	4.1
1797	91.723257	1.047565	0.000723	8.581621	3.5
1798	95.983183	1.048530	0.000723	6.198368	3.8
1799	91.522782	1.047608	0.000723	14.409724	4.1
1800	85.924469	1.049520	0.000723	16.221597	3.7
1801	90.222518	1.045529	0.000723	16.742113	3.4
1802	94.099614	1.055059	0.000723	12.535686	4.0
1803	90.075446	1.060160	0.000722	5.226264	3.6
1804	99.605336	1.061570	0.000722	6.479763	3.5
1805	87.920716	1.062512	0.000722	7.403619	3.4
1806	95.042645	1.062156	0.000722	6.323567	3.3
1807	90.909224	1.062986	0.000722	11.037672	3.3
1808	90.038787	1.062841	0.000722	10.799928	3.4
1809	94.811428	1.060957	0.000722	9.771171	4.8
1810	94.672885	1.058906	0.000722	5.162627	3.6
1811	92.435267	1.058948	0.000722	18.395475	3.7
1812	90.801060	1.057250	0.000723	12.489749	3.8
1813	94.986676	1.064313	0.000722	4.813346	3.9
1814	93.762939	1.063489	0.000722	13.472328	3.9
1815	97.814008	1.062797	0.000722	12.903009	3.5
1816	93.583204	1.067112	0.000722	5.123941	3.4
1817	94.678255	1.065960	0.000722	7.387331	3.5
1818	90.320334	1.065883	0.000722	9.455557	5.1
1819	88.791185	1.067887	0.000722	5.758207	3.4
1820	98.816190	1.067639	0.000722	6.825004	5.4
1821	88.711048	1.066668	0.000722	8.298711	3.0
1822	92.375670	1.067514	0.000722	9.351332	5.0
1823	91.503636	1.067602	0.000722	11.440285	5.1
1824	98.505821	1.069965	0.000722	9.880731	6.5
1825	94.022085	1.069789	0.000722	6.908618	5.4
1826	91.531218	1.070847	0.000722	9.762765	5.1
1827	93.430107	1.072148	0.000722	8.862476	5.0
1828	92.210156	1.074349	0.000722	5.384822	4.8
1829	92.316264	1.073858	0.000722	3.588030	4.5
1830	90.625776	1.074341	0.000722	7.079588	3.8
1831	88.779138	1.074111	0.000722	7.627007	3.9
1832	88.786686	1.073687	0.000722	6.428733	3.5
1833	93.501294	1.073839	0.000722	2.520862	5.0
1834	96.119855	1.073815	0.000722	11.776429	3.2
1835	88.592497	1.073523	0.000722	8.243107	3.5
1836	98.199186	1.075940	0.000722	3.057721	3.9
1837	86.058866	1.076405	0.000722	9.276172	5.2
1838	88.210100	1.077060	0.000722	4.790480	5.0
1839	93.555096	1.077729	0.000722	9.220678	4.5
1840	94.940570	1.078103	0.000722	8.244046	2.8
1841	87.368969	1.077938	0.000722	2.275558	3.9
1842	98.717230	1.077862	0.000722	7.515549	7.3
1843	94.811411	1.077519	0.000722	8.669113	5.8
1844	88.993033	1.076440	0.000722	14.803660	4.5
1845	93.179709	1.078091	0.000722	15.437798	5.0
1846	90.287785	1.084335	0.000722	8.512229	4.1
1847	93.858210	1.082066	0.000722	8.373800	4.0
1848	88.637622	1.081563	0.000722	9.246235	3.7
1849	95.197784	1.080595	0.000722	7.973398	3.6
1850	93.309636	1.078805	0.000722	11.155065	3.3
1851	98.571860	1.080565	0.000722	13.096326	3.1
1852	90.522671	1.079750	0.000722	6.161190	3.0
1853	91.535810	1.081721	0.000722	4.482330	4.0
1854	92.978175	1.081359	0.000722	12.353374	4.7
1855	89.493035	1.080460	0.000722	6.438295	4.6
1856	96.571997	1.079293	0.000722	3.558615	5.3
1857	90.145420	1.079348	0.000722	9.817739	3.4
1858	91.814906	1.078986	0.000722	5.362419	3.3
1859	96.247368	1.079329	0.000722	6.562861	4.0
1860	100.710623	1.079311	0.000722	12.357935	4.0
1861	92.153043	1.081072	0.000722	9.422744	3.3
1862	94.649745	1.084448	0.000722	16.275697	3.0
1863	100.472660	1.088207	0.000722	14.628214	3.2
1864	92.798022	1.083988	0.000722	31.244878	3.2
1865	99.097576	1.103235	0.000721	5.367812	5.6
1866	93.181660	1.102457	0.000721	6.265191	3.5
1867	90.133213	1.102411	0.000721	14.363892	4.4
1868	89.840687	1.104936	0.000721	13.651054	4.0
1869	84.803800	1.106507	0.000721	7.334364	3.2
1870	87.466103	1.105706	0.000721	11.275206	4.8
1871	95.775053	1.106334	0.000721	10.954204	4.6
1872	91.551575	1.104603	0.000721	12.080997	3.7
1873	94.929235	1.108119	0.000721	12.187664	3.8
1874	91.784620	1.111102	0.000721	4.951406	3.8
1875	93.489171	1.111304	0.000721	16.756382	3.3
1876	94.135589	1.110885	0.000721	15.211536	3.2
1877	94.188347	1.119358	0.000721	13.794329	4.1
1878	94.425822	1.125515	0.000720	8.189873	5.4
1879	91.558714	1.128928	0.000720	10.625817	3.4
1880	89.748487	1.130389	0.000720	17.249885	3.4
1881	87.895399	1.136287	0.000720	11.298010	4.5
1882	98.565575	1.137192	0.000720	19.469735	2.9
1883	93.826741	1.140039	0.000720	14.947689	4.1
1884	91.466790	1.150312	0.000720	3.256632	2.8
1885	86.573930	1.149387	0.000720	8.974386	5.1
1886	93.354277	1.149032	0.000720	10.246136	5.1
1887	95.942600	1.148273	0.000720	11.409186	4.5
1888	90.638362	1.151343	0.000719	1.845730	5.3
1889	91.732557	1.151172	0.000719	9.857304	4.8
1890	90.164576	1.151298	0.000719	6.417955	5.2
1891	94.362624	1.152052	0.000719	7.031383	4.5
1892	92.125575	1.152973	0.000719	10.563211	4.3
1893	91.639879	1.154367	0.000719	5.971546	5.2
1894	96.538776	1.153251	0.000719	5.759803	5.2
1895	95.144933	1.153857	0.000719	5.215655	4.8
1896	94.425718	1.153869	0.000719	17.456728	4.8
1897	87.718355	1.154210	0.000719	11.170872	4.5
1898	88.899774	1.159219	0.000719	10.230504	3.3
1899	93.791707	1.157036	0.000719	11.997266	5.0
1900	90.652409	1.157490	0.000719	14.815870	5.1
1901	93.042343	1.160473	0.000719	5.499179	4.5
1902	90.502922	1.158875	0.000719	7.248398	4.2
1903	91.220084	1.158110	0.000719	5.194574	5.3
1904	88.057465	1.158848	0.000719	13.978841	5.4
1905	96.200351	1.157456	0.000719	5.053085	5.0
1906	84.290134	1.158415	0.000719	8.506221	4.9
1907	92.618504	1.158511	0.000719	3.508468	4.5
1908	93.533435	1.157930	0.000719	8.957737	3.9
1909	94.868845	1.158548	0.000719	1.764788	3.8
1910	87.698473	1.158580	0.000719	6.686102	4.1
1911	90.769609	1.158848	0.000719	4.550690	4.8
1912	86.170641	1.159431	0.000719	2.647583	3.9
1913	91.479124	1.159423	0.000719	4.859716	4.2
1914	93.748244	1.159457	0.000719	10.715827	4.1
1915	95.563561	1.160617	0.000719	12.303817	3.7
1916	96.051058	1.164230	0.000719	14.978597	3.6
1917	88.908312	1.169896	0.000719	10.994953	3.5
1918	90.620260	1.174576	0.000719	7.155444	5.8
1919	91.671413	1.174543	0.000719	10.570075	3.7
1920	88.859221	1.176627	0.000719	8.856036	3.9
1921	91.290809	1.178978	0.000719	8.907281	5.0
1922	89.418500	1.180267	0.000719	3.527953	5.2
1923	96.264899	1.181096	0.000719	7.676326	5.3
1924	99.644587	1.180925	0.000719	10.101875	5.9
1925	92.951426	1.179768	0.000719	8.071920	3.5
1926	93.284559	1.182110	0.000718	13.177227	3.7
1927	89.879577	1.179590	0.000719	13.810681	3.6
1928	93.287135	1.178733	0.000719	6.211774	3.5
1929	92.351019	1.177027	0.000719	10.200383	5.4
1930	94.728630	1.178018	0.000719	12.514369	5.6
1931	93.510459	1.179096	0.000719	13.854964	4.9
1932	96.511474	1.178441	0.000719	7.478766	4.7
1933	101.333814	1.178356	0.000719	16.014378	4.7
1934	90.211588	1.181403	0.000718	9.401831	4.3
1935	88.757289	1.185260	0.000718	9.689695	3.8
1936	97.098604	1.183127	0.000718	8.574665	3.5
1937	91.048026	1.184731	0.000718	12.520711	3.6
1938	88.883044	1.186101	0.000718	13.686073	3.4
1939	92.265235	1.191248	0.000718	6.484089	3.5
1940	89.405823	1.193693	0.000718	4.502084	3.4
1941	90.289597	1.193961	0.000718	9.510580	6.4
1942	95.202823	1.194524	0.000718	16.432913	3.6
1943	96.825372	1.194787	0.000718	5.156861	3.7
1944	89.944776	1.194368	0.000718	13.226967	3.5
1945	89.387586	1.193883	0.000718	13.187260	3.3
1946	97.726508	1.192793	0.000718	10.743793	3.0
1947	91.258560	1.191736	0.000718	8.230466	3.0
1948	89.582405	1.194334	0.000718	1.358232	3.0
1949	96.853986	1.194432	0.000718	7.261187	4.9
1950	102.612321	1.194332	0.000718	13.880099	4.0
1951	88.749203	1.193876	0.000718	12.074145	4.0
1952	92.115580	1.199094	0.000718	14.594340	3.9
1953	88.780260	1.197769	0.000718	15.040681	3.7
1954	92.948573	1.196439	0.000718	15.348814	3.7
1955	93.088091	1.201991	0.000718	5.263271	2.9
1956	93.390745	1.204031	0.000718	16.197056	5.2
1957	90.717741	1.205897	0.000718	7.113890	3.0
1958	91.430221	1.207947	0.000718	15.207075	3.0
1959	88.174714	1.206955	0.000718	9.676114	3.5
1960	94.366639	1.211237	0.000718	8.446437	3.6
1961	89.838019	1.210637	0.000718	6.147808	5.0
1962	92.792574	1.210382	0.000718	14.880242	2.9
1963	89.447937	1.212644	0.000717	1.971629	2.8
1964	87.450588	1.212202	0.000718	10.090932	5.4
1965	87.516754	1.212641	0.000717	3.358199	3.3
1966	94.384348	1.213086	0.000717	3.691467	3.4
1967	101.464852	1.213349	0.000717	7.980441	5.1
1968	94.339488	1.213487	0.000717	5.811427	5.3
1969	94.134756	1.213979	0.000717	9.934616	5.1
1970	96.916424	1.215076	0.000717	8.596806	4.4
1971	90.227668	1.216743	0.000717	2.284163	3.7
1972	92.421430	1.217085	0.000717	7.707480	5.1
1973	95.124377	1.217114	0.000717	13.881664	5.1
1974	96.143004	1.214687	0.000717	17.408634	5.2
1975	89.752135	1.222701	0.000717	7.851156	4.7
1976	96.795291	1.223348	0.000717	12.863885	5.3
1977	96.634152	1.221838	0.000717	8.669999	5.0
1978	92.141509	1.224535	0.000717	7.506165	5.1
1979	87.938308	1.225504	0.000717	10.911715	4.6
1980	95.794634	1.225024	0.000717	7.000977	4.3
1981	100.135107	1.226755	0.000717	7.109309	4.7
1982	90.736269	1.227907	0.000717	6.217057	4.6
1983	95.557392	1.229066	0.000717	10.121010	4.4
1984	94.939276	1.227773	0.000717	15.682905	3.5
1985	95.100824	1.232059	0.000717	5.229381	3.5
1986	88.154260	1.232571	0.000717	14.453839	5.9
1987	90.303963	1.234795	0.000717	11.330858	3.0
1988	85.511872	1.236798	0.000717	10.434041	3.2
1989	92.925007	1.239476	0.000717	13.507440	3.3
1990	96.733543	1.242969	0.000717	8.142729	4.9
1991	93.348473	1.246188	0.000716	8.782332	4.9
1992	89.924379	1.246490	0.000716	4.525948	4.9
1993	86.957024	1.247218	0.000716	2.513457	3.3
1994	91.031959	1.247220	0.000716	6.218950	3.8
1995	89.203130	1.247201	0.000716	6.109525	4.7
1996	87.904887	1.246280	0.000716	10.504503	3.7
1997	95.343158	1.246780	0.000716	7.861161	2.9
1998	94.146374	1.247417	0.000716	12.677860	2.9
1999	96.900868	1.248453	0.000716	4.894235	3.2
