1:ItNr	2:Metric	3a:Time	3b:StepSize	4:||Gradient||	Time[ms]
0	1527.347606	0.000000	0.000206	2831.336612	220.1
1	1094.085807	0.000000	0.000206	1391.360753	3.9
2	969.521027	1.000000	0.000197	588.367364	4.4
3	920.937687	2.000000	0.000188	249.222814	5.0
4	985.292408	3.000000	0.000180	157.633521	5.4
5	920.858875	3.999999	0.000173	137.586458	5.8
6	962.606288	4.900980	0.000167	36.090986	7.0
7	896.634618	4.918035	0.000167	38.667259	2.8
8	896.996736	4.921563	0.000167	120.216122	3.3
9	962.753094	4.975613	0.000167	49.679178	5.9
10	992.880330	5.101362	0.000166	68.226377	4.0
11	941.489179	5.092680	0.000166	94.603443	3.9
12	916.628914	5.232435	0.000165	49.875032	3.9
13	990.068613	5.239365	0.000165	52.862382	3.9
14	956.828468	5.239734	0.000165	160.177884	3.3
15	915.715345	5.573907	0.000163	74.142506	4.8
16	903.971778	5.607508	0.000163	141.286136	3.1
17	954.514723	5.601481	0.000163	171.436358	3.4
18	968.044951	6.601235	0.000157	81.535183	3.9
19	976.808219	6.591191	0.000157	111.925903	4.9
20	971.355235	6.613672	0.000157	125.443057	3.4
21	950.627368	6.603356	0.000157	104.668595	3.6
22	922.461767	6.767468	0.000156	147.920344	3.5
23	924.605808	7.736967	0.000151	125.761008	6.2
24	973.998524	8.727882	0.000146	59.818071	7.7
25	984.961486	8.718267	0.000146	120.174896	5.0
26	950.890602	8.875267	0.000145	45.713529	5.1
27	1010.678660	8.865528	0.000145	162.071990	5.2
28	992.633021	9.021907	0.000144	34.877451	4.0
29	944.284854	9.012287	0.000144	95.901515	4.2
30	962.695370	9.035806	0.000144	66.542244	4.2
31	948.307304	9.048967	0.000144	41.808406	4.9
32	1000.951788	9.048921	0.000144	44.318858	5.1
33	909.648766	9.045844	0.000144	152.925531	5.1
34	932.044920	9.274805	0.000143	98.266704	4.8
35	991.692419	9.830134	0.000140	124.427179	4.3
36	940.761778	9.820732	0.000140	165.533346	4.2
37	996.879888	10.818219	0.000136	58.026801	2.9
38	930.386100	11.227008	0.000134	52.499702	3.4
39	987.160773	11.234119	0.000134	74.180185	2.9
40	938.106584	11.227280	0.000134	59.390553	6.2
41	1008.521224	11.293259	0.000134	118.655765	3.4
42	959.097058	11.283485	0.000134	155.133321	4.3
43	953.147335	12.275202	0.000130	54.350741	3.0
44	983.225820	12.592785	0.000129	69.996408	3.0
45	984.204188	12.635600	0.000129	43.014556	4.3
46	948.292876	12.636655	0.000129	152.116234	3.6
47	958.056126	12.633600	0.000129	96.239407	3.4
48	953.761115	13.348041	0.000126	50.040140	5.0
49	924.343851	13.361816	0.000126	96.385788	5.0
50	976.911189	13.352502	0.000126	177.227645	4.1
51	946.059278	14.328333	0.000122	93.890661	3.9
52	948.697024	15.250572	0.000119	67.712233	4.1
53	944.196987	15.267929	0.000119	92.575592	3.6
54	917.225499	15.320385	0.000119	31.580070	3.7
55	1064.965084	15.337723	0.000119	157.606100	5.2
56	1021.819944	15.337199	0.000119	65.652710	5.1
57	950.019308	16.017470	0.000117	80.893624	3.8
58	940.231105	16.007973	0.000117	69.046454	4.1
59	956.173340	16.089575	0.000117	56.121319	2.4
60	893.790823	16.081341	0.000117	33.701983	4.1
61	929.501976	16.086024	0.000117	59.308642	2.5
62	958.860038	16.096626	0.000117	145.635329	5.5
63	929.700197	16.092347	0.000117	107.219240	3.3
64	953.838007	17.032657	0.000114	72.463820	2.8
65	906.476361	17.204980	0.000113	54.543583	5.7
66	977.509026	17.216193	0.000113	41.024782	2.4
67	982.661189	17.214623	0.000113	23.426998	2.3
68	987.934366	17.213173	0.000113	67.039387	5.7
69	922.475598	17.218169	0.000113	83.637957	2.6
70	889.480922	17.208422	0.000113	211.633169	2.5
71	939.645492	17.234031	0.000113	97.867537	3.2
72	946.364004	18.231978	0.000110	79.532456	3.3
73	985.689508	18.221800	0.000110	112.442452	3.2
74	946.510541	18.211625	0.000110	49.203051	3.4
75	960.636748	18.279978	0.000110	134.522590	7.2
76	952.294641	18.270536	0.000110	79.617265	4.6
77	946.859015	18.715174	0.000109	81.172851	4.4
78	948.137990	18.705502	0.000109	50.413800	7.0
79	996.021417	18.712251	0.000109	156.217355	4.9
80	1016.155336	18.702391	0.000109	124.720286	5.0
81	905.421183	19.693493	0.000106	63.693219	5.0
82	940.067916	19.684071	0.000106	55.123809	3.3
83	965.067937	19.676272	0.000106	57.885809	2.9
84	960.651757	19.693143	0.000106	24.154990	2.9
85	935.001961	19.689776	0.000106	127.569410	2.9
86	972.683385	19.683827	0.000106	87.444313	6.2
87	995.459891	20.411059	0.000104	61.624338	5.1
88	1019.342131	20.401396	0.000105	78.359226	4.5
89	912.188720	20.392037	0.000105	114.677871	4.0
90	951.949079	20.769417	0.000104	148.574542	4.2
91	1008.154581	21.554276	0.000102	45.832350	4.0
92	933.458845	21.743301	0.000101	17.924129	3.3
93	939.162415	21.743483	0.000101	19.747594	3.4
94	986.246272	21.741984	0.000101	41.002562	5.9
95	947.500655	21.738530	0.000101	93.977670	5.0
96	936.594529	21.753623	0.000101	28.470711	4.5
97	954.390128	21.747219	0.000101	33.144241	3.3
98	971.388220	21.743543	0.000101	34.543054	5.1
99	979.672839	21.747549	0.000101	55.174602	4.4
100	986.483985	21.742429	0.000101	22.590679	4.4
101	968.918014	21.738906	0.000101	65.631724	5.3
102	928.800761	21.739138	0.000101	32.174006	4.8
103	986.320558	21.737293	0.000101	54.005738	3.3
104	952.641930	21.740414	0.000101	134.481133	3.2
105	947.589316	21.883694	0.000101	63.651081	3.1
106	988.716241	22.121246	0.000100	101.457541	3.9
107	980.360983	22.187646	0.000100	139.657805	6.0
108	905.626799	23.091903	0.000098	118.738064	5.9
109	932.205781	23.081634	0.000098	103.710422	2.7
110	953.004523	23.799897	0.000097	50.832174	6.2
111	979.176434	23.909033	0.000096	89.054308	2.4
112	925.153930	23.899579	0.000096	91.284078	5.5
113	961.274457	24.299838	0.000096	51.153846	4.1
114	1021.331340	24.292585	0.000096	43.350697	3.8
115	976.349075	24.286366	0.000096	91.490296	3.1
116	949.359769	24.313203	0.000095	126.243858	3.0
117	949.657622	24.330781	0.000095	90.663849	3.1
118	949.816550	24.713448	0.000095	30.702686	3.0
119	918.242457	24.723429	0.000095	56.254931	3.0
120	960.525084	24.720345	0.000095	19.460685	3.0
121	934.674670	24.720572	0.000095	89.549363	6.8
122	928.878939	24.721384	0.000095	26.232986	3.4
123	983.831337	24.735555	0.000095	87.612161	4.0
124	969.571317	24.730981	0.000095	138.600188	5.0
125	984.652566	25.068440	0.000094	130.745238	5.1
126	925.493172	26.061570	0.000092	77.382882	4.9
127	992.813406	26.620098	0.000091	49.461618	5.4
128	942.951853	26.620163	0.000091	77.311111	4.5
129	930.795373	26.649548	0.000091	61.716080	2.6
130	986.505529	26.645519	0.000091	46.333099	7.2
131	906.722154	26.638736	0.000091	58.900840	5.0
132	894.237342	26.654289	0.000091	72.127244	4.8
133	940.052391	26.646768	0.000091	67.376403	4.3
134	967.656973	26.638507	0.000091	61.483868	5.2
135	929.039506	26.687137	0.000091	47.125154	4.2
136	937.632922	26.693033	0.000091	38.826857	3.1
137	924.120699	26.690212	0.000091	52.849572	5.0
138	924.181003	26.684261	0.000091	60.907064	4.9
139	958.895167	26.702976	0.000091	83.031612	3.5
140	1009.824169	26.759522	0.000091	57.569625	3.7
141	963.441686	26.750515	0.000091	80.366155	4.0
142	991.948118	26.741602	0.000091	44.230330	3.9
143	896.411692	26.781695	0.000091	99.744449	2.9
144	1001.991377	26.778607	0.000091	97.001600	2.2
145	974.016430	26.846734	0.000090	46.082505	3.2
146	968.503153	26.925953	0.000090	45.366166	3.8
147	936.720300	26.932116	0.000090	119.265727	4.0
148	965.249110	26.928150	0.000090	36.485674	2.6
149	979.334764	26.923997	0.000090	51.893049	4.2
150	941.253795	26.921831	0.000090	97.622469	5.5
151	990.267575	26.912195	0.000090	79.486038	3.6
152	949.934312	27.270373	0.000090	108.549871	4.2
153	951.285996	27.707856	0.000089	122.784858	2.7
154	968.403365	28.627416	0.000087	87.835477	2.8
155	948.913919	28.626407	0.000087	48.000374	6.7
156	917.956494	28.624078	0.000087	62.493048	3.5
157	894.096395	28.619531	0.000087	70.530446	3.2
158	983.166856	28.647017	0.000087	62.706732	3.1
159	941.335376	28.720547	0.000087	95.378931	3.2
160	986.147511	28.793922	0.000087	82.387590	2.2
161	952.600347	28.868686	0.000087	39.189616	4.3
162	930.502810	28.863564	0.000087	60.154177	2.6
163	936.497358	28.858316	0.000087	178.489534	5.6
164	946.761386	29.606914	0.000085	77.221604	5.5
165	920.601162	30.542177	0.000084	60.630684	4.0
166	992.451278	30.532846	0.000084	64.565366	4.8
167	947.296615	30.564677	0.000084	50.526443	5.8
168	939.999292	30.559411	0.000084	125.160749	4.8
169	993.931437	30.549610	0.000084	125.259210	4.1
170	970.574931	31.188711	0.000083	53.465578	4.1
171	984.377231	31.179355	0.000083	106.907796	3.7
172	958.783118	31.204593	0.000083	75.132522	3.6
173	910.090473	31.196418	0.000083	34.079204	3.5
174	903.615801	31.188834	0.000083	44.737354	3.3
175	962.989821	31.184037	0.000083	21.141293	4.2
176	1012.677671	31.181233	0.000083	48.324002	4.8
177	979.765671	31.185261	0.000083	197.941705	4.7
178	980.558080	31.193025	0.000083	80.039750	4.5
179	957.686667	32.079960	0.000082	25.440225	3.5
180	918.892460	32.075301	0.000082	50.351878	3.8
181	969.925276	32.079313	0.000082	81.265405	5.1
182	924.840609	32.133113	0.000081	37.134332	4.5
183	1001.313719	32.162724	0.000081	72.562295	3.5
184	944.689070	32.161623	0.000081	106.101471	3.8
185	914.182759	32.162795	0.000081	64.654962	4.0
186	920.778403	32.167633	0.000081	64.773382	3.6
187	1037.409582	32.186925	0.000081	50.611641	3.7
188	933.001848	32.187730	0.000081	112.532116	3.5
189	940.757090	32.216691	0.000081	53.099140	3.2
190	995.553101	32.207049	0.000081	113.771788	3.1
191	1017.750739	32.198049	0.000081	40.899441	3.1
192	979.156728	32.188990	0.000081	91.217698	3.0
193	934.013531	32.182076	0.000081	89.168300	6.5
194	981.087501	32.271717	0.000081	53.980771	3.4
195	920.926291	32.265790	0.000081	59.692071	3.7
196	959.876140	32.294519	0.000081	33.365586	3.7
197	935.789776	32.288334	0.000081	67.277921	3.1
198	924.281428	32.285837	0.000081	110.499529	5.0
199	930.212560	32.279975	0.000081	42.296880	4.7
200	956.258441	32.270721	0.000081	108.627879	3.8
201	916.053205	32.341600	0.000081	41.756207	4.9
202	911.736131	32.336408	0.000081	80.251780	6.1
203	895.150628	32.352319	0.000081	56.140295	3.6
204	993.089205	32.343717	0.000081	74.922758	2.8
205	930.932340	32.334797	0.000081	98.715556	2.8
206	922.023157	32.406641	0.000081	74.976561	4.1
207	950.708513	32.418034	0.000081	67.634629	5.0
208	947.415943	32.410860	0.000081	66.292069	7.1
209	952.492804	32.402033	0.000081	82.472884	4.6
210	924.195412	32.504361	0.000081	44.999322	4.5
211	928.067352	32.527344	0.000081	68.601834	4.1
212	1020.647515	32.525778	0.000081	60.353211	2.5
213	961.015386	32.545388	0.000081	97.127400	2.4
214	964.349143	32.554037	0.000081	109.429866	2.6
215	953.180257	32.549331	0.000081	33.646206	2.6
216	932.989535	32.574945	0.000081	47.947135	4.5
217	928.523210	32.575774	0.000081	76.234123	4.8
218	977.479948	32.568444	0.000081	110.165298	4.8
219	922.364580	32.641640	0.000081	85.848222	5.0
220	896.372775	32.848683	0.000080	45.210356	3.8
221	971.491056	32.851672	0.000080	59.634605	3.9
222	975.743934	32.862057	0.000080	65.291920	4.6
223	927.364439	32.855675	0.000080	117.525192	3.9
224	961.019480	33.163952	0.000080	106.466972	3.7
225	932.748821	33.154497	0.000080	32.412582	3.7
226	926.503233	33.178251	0.000080	63.541718	3.6
227	938.339171	33.186782	0.000080	85.657126	3.3
228	940.207992	33.253787	0.000080	25.845915	3.3
229	958.293094	33.261209	0.000080	71.451273	3.3
230	980.373053	33.258837	0.000080	33.706531	3.5
231	954.643299	33.268535	0.000080	44.257010	4.0
232	893.846174	33.269058	0.000080	107.743147	3.7
233	971.628523	33.275928	0.000080	82.443990	3.7
234	970.856537	33.282578	0.000080	134.408605	3.9
235	975.457344	33.469603	0.000079	48.271971	4.1
236	926.336878	33.470800	0.000079	40.388700	4.0
237	990.486327	33.464787	0.000079	40.806390	3.5
238	958.841934	33.461570	0.000079	162.095023	3.7
239	1005.127871	33.451819	0.000079	186.150109	4.5
240	1013.480944	34.451771	0.000078	22.400055	5.2
241	932.682608	34.456066	0.000078	36.675064	4.9
242	935.475486	34.457176	0.000078	40.532713	4.3
243	984.559469	34.454089	0.000078	25.764269	4.7
244	973.580579	34.450270	0.000078	115.533602	3.2
245	982.186918	34.469602	0.000078	61.780046	3.2
246	961.702001	34.645441	0.000078	54.904769	3.2
247	946.109621	34.637616	0.000078	35.526399	3.1
248	958.609593	34.650134	0.000078	29.734515	6.5
249	971.684197	34.645948	0.000078	62.582811	3.6
250	990.869105	34.640123	0.000078	63.071347	3.4
251	959.860139	34.684628	0.000078	26.072092	3.5
252	960.845126	34.691066	0.000078	96.243983	4.1
253	914.772596	34.709330	0.000078	52.977881	4.3
254	911.717535	34.700862	0.000078	49.284053	5.5
255	937.366335	34.694920	0.000078	34.336734	3.1
256	944.762412	34.689104	0.000078	110.310236	3.2
257	899.741960	34.707496	0.000078	57.304124	5.4
258	955.733615	34.900248	0.000077	80.811367	4.8
259	914.606503	34.966145	0.000077	43.454353	5.1
260	949.948265	34.967353	0.000077	154.019836	5.1
261	926.844784	35.154536	0.000077	75.368425	5.1
262	926.492271	35.892622	0.000076	63.913650	6.0
263	1011.825329	35.883531	0.000076	165.927412	4.8
264	986.940130	36.305549	0.000076	22.105925	4.4
265	954.388183	36.297466	0.000076	126.953118	3.6
266	949.567167	36.311018	0.000075	41.829851	3.4
267	963.420632	36.302754	0.000076	38.159393	2.8
268	949.183731	36.306185	0.000076	71.401260	3.0
269	962.220474	36.322528	0.000075	78.150835	3.1
270	936.230110	36.354342	0.000075	80.927136	5.1
271	930.741654	36.404965	0.000075	123.497246	4.7
272	978.179344	36.394771	0.000075	162.830512	3.8
273	936.396573	37.392736	0.000074	44.610574	3.5
274	975.719450	37.414951	0.000074	46.991643	3.5
275	948.562477	37.428318	0.000074	40.831287	3.7
276	900.354188	37.421950	0.000074	82.442598	3.7
277	987.325888	37.417303	0.000074	29.102028	3.6
278	960.386723	37.411019	0.000074	51.985718	5.8
279	948.259709	37.417754	0.000074	62.744301	3.5
280	978.313218	37.409783	0.000074	20.759140	3.8
281	913.300487	37.413023	0.000074	51.019286	4.8
282	954.975634	37.409545	0.000074	59.256229	4.0
283	922.120613	37.422531	0.000074	55.532758	3.5
284	944.816096	37.452444	0.000074	54.967751	3.6
285	917.722104	37.450444	0.000074	96.782450	4.1
286	945.562548	37.442003	0.000074	29.669600	4.0
287	926.807330	37.469048	0.000074	66.352228	3.4
288	953.351737	37.477943	0.000074	102.928337	3.1
289	900.065186	37.513226	0.000074	107.289068	3.0
290	921.906831	38.194057	0.000073	45.949444	8.2
291	1001.357451	38.184911	0.000073	64.271465	6.7
292	946.120280	38.177170	0.000073	42.857897	5.1
293	924.196778	38.196401	0.000073	59.648201	5.9
294	918.975667	38.199651	0.000073	139.370934	5.2
295	950.004538	38.189542	0.000073	84.207155	5.0
296	918.475253	38.180234	0.000073	122.072853	4.3
297	903.279640	38.230860	0.000073	68.075186	4.5
298	1013.087599	38.552985	0.000073	62.362503	4.7
299	955.808596	38.579833	0.000073	37.399875	5.1
300	934.787052	38.573321	0.000073	40.800981	6.0
301	967.144919	38.569306	0.000073	35.464077	5.2
302	976.612591	38.565487	0.000073	68.751638	3.7
303	893.770467	38.564206	0.000073	64.499438	3.8
304	1011.878830	38.583974	0.000073	171.367082	4.8
305	903.502077	38.616352	0.000073	167.295566	3.8
306	935.814684	39.616331	0.000071	29.596938	5.6
307	930.595420	39.606870	0.000071	37.790780	3.5
308	908.631403	39.604274	0.000071	30.829751	3.0
309	946.440243	39.600891	0.000071	55.814143	3.9
310	868.637767	39.601725	0.000071	32.359269	3.6
311	910.169969	39.599104	0.000071	26.869274	4.1
312	991.587414	39.598550	0.000071	85.389594	5.3
313	873.752586	39.608153	0.000071	123.118612	3.5
314	907.579096	40.096626	0.000071	58.939694	3.9
315	901.247457	40.086528	0.000071	160.687873	4.3
316	926.576671	40.112009	0.000071	38.868753	5.2
317	986.206651	40.114889	0.000071	75.006728	4.9
318	946.968576	40.133537	0.000071	67.150543	5.2
319	977.576842	40.126018	0.000071	130.474227	5.1
320	964.029748	40.115783	0.000071	125.306557	4.0
321	943.405889	40.623243	0.000070	22.488609	3.9
322	981.290002	40.621968	0.000070	30.007128	3.9
323	958.895000	40.622950	0.000070	42.028859	3.5
324	976.837759	40.624985	0.000070	65.105978	5.7
325	938.945382	40.623894	0.000070	63.519611	3.9
326	903.037605	40.635352	0.000070	57.867680	3.9
327	950.420611	40.628866	0.000070	64.134108	4.0
328	929.837049	40.635744	0.000070	92.462999	3.8
329	949.787535	40.626698	0.000070	96.816367	3.8
330	968.731969	40.799911	0.000070	102.051954	3.6
331	934.763151	40.878695	0.000070	56.996752	5.8
332	919.990018	40.872748	0.000070	154.690401	4.1
333	961.922247	40.910645	0.000070	92.349513	5.3
334	964.742303	40.900311	0.000070	104.737158	5.2
335	948.316322	41.507935	0.000069	89.854447	5.3
336	1010.663525	42.024649	0.000069	55.817383	4.9
337	952.721792	42.015907	0.000069	74.553894	4.9
338	956.853409	42.011401	0.000069	50.446381	4.8
339	946.119314	42.026560	0.000069	66.738240	3.8
340	991.553163	42.018350	0.000069	83.118096	5.9
341	968.974332	42.012680	0.000069	58.150700	4.3
342	954.472213	42.003075	0.000069	26.180433	4.1
343	977.250277	42.004934	0.000069	82.713095	3.6
344	932.029069	41.999303	0.000069	117.623982	3.4
345	969.548012	42.397336	0.000068	14.684930	3.4
346	886.755049	42.399893	0.000068	137.364556	3.4
347	919.180263	42.407605	0.000068	46.648232	5.6
348	924.926761	42.495505	0.000068	93.495785	4.8
349	966.856455	42.489126	0.000068	67.497759	4.2
350	977.698655	42.677859	0.000068	46.117856	3.3
351	911.419317	42.693189	0.000068	55.632664	3.2
352	933.220351	42.698743	0.000068	26.939656	6.5
353	902.158052	42.699765	0.000068	46.131217	3.5
354	986.263960	42.696160	0.000068	59.294756	5.9
355	924.911001	42.714204	0.000068	35.976082	5.2
356	890.591119	42.727645	0.000068	69.748361	3.6
357	996.907878	42.721366	0.000068	77.072398	4.2
358	910.442359	42.829781	0.000068	154.251443	5.7
359	916.109027	43.351462	0.000067	68.062420	5.4
360	987.529233	43.974065	0.000067	63.108799	4.9
361	940.388674	43.966338	0.000067	103.452465	5.0
362	919.640872	43.959120	0.000067	27.110725	2.8
363	1021.242593	43.978402	0.000067	89.810009	3.3
364	929.973986	43.973172	0.000067	77.455834	4.0
365	943.531446	43.969508	0.000067	65.612066	3.0
366	953.495090	43.959927	0.000067	71.229814	3.8
367	963.409094	43.952095	0.000067	124.416611	3.8
368	967.531926	44.171350	0.000066	77.634767	4.1
369	940.376390	44.756970	0.000066	16.034318	3.2
370	932.472578	44.754024	0.000066	62.017619	3.4
371	927.471501	44.752471	0.000066	29.679465	4.8
372	926.659342	44.759765	0.000066	117.252857	2.6
373	948.140459	44.754291	0.000066	50.043426	2.9
374	948.860934	44.747388	0.000066	133.719537	4.0
375	928.005671	44.750001	0.000066	46.363559	3.1
376	930.875259	44.797775	0.000066	55.818534	3.2
377	974.917528	44.790052	0.000066	45.610312	3.5
378	985.065180	44.814947	0.000066	40.183685	3.7
379	923.496436	44.809353	0.000066	115.684475	2.7
380	973.536108	44.799960	0.000066	17.472403	4.1
381	911.354151	44.802551	0.000066	31.414359	3.6
382	911.670410	44.802866	0.000066	77.010573	3.9
383	973.928201	44.808422	0.000066	99.384933	4.0
384	951.758511	45.155877	0.000065	47.419874	4.1
385	972.351818	45.147325	0.000065	51.193430	5.2
386	954.867025	45.139975	0.000065	55.173698	4.7
387	914.233294	45.149729	0.000065	60.809021	4.7
388	973.733033	45.181112	0.000065	118.276038	5.2
389	934.379082	45.171824	0.000065	36.538424	7.1
390	934.218645	45.233946	0.000065	147.435302	5.0
391	999.801647	45.224582	0.000065	103.393373	5.3
392	944.106846	45.918390	0.000065	37.886966	5.4
393	908.352762	45.959171	0.000065	82.482732	5.3
394	992.177134	45.961736	0.000065	107.364178	4.6
395	939.497794	45.951568	0.000065	117.776868	5.8
396	956.674857	46.434064	0.000064	80.017324	5.7
397	956.892931	46.997494	0.000064	46.201329	5.3
398	954.696217	47.002757	0.000064	30.910755	5.1
399	940.809953	47.001852	0.000064	68.409841	5.3
400	945.541684	46.998826	0.000064	65.174267	5.8
401	988.681555	47.018357	0.000064	87.153011	4.1
402	929.521468	47.074441	0.000064	74.922536	4.1
403	993.003423	47.114676	0.000064	24.730094	4.2
404	974.508200	47.109427	0.000064	73.095032	3.8
405	926.069991	47.121528	0.000064	84.047991	3.7
406	935.528765	47.112465	0.000064	72.683264	3.2
407	954.177295	47.103050	0.000064	106.422684	5.1
408	990.980256	47.251885	0.000063	54.207674	5.3
409	932.057686	47.261607	0.000063	34.055425	6.0
410	985.625235	47.258472	0.000063	89.482945	6.2
411	1005.181598	47.268748	0.000063	69.251004	4.1
412	968.727234	47.436520	0.000063	37.863311	4.1
413	956.384045	47.433459	0.000063	38.549468	3.9
414	986.409154	47.428957	0.000063	66.525739	3.5
415	937.809403	47.433008	0.000063	66.424296	5.2
416	973.969933	47.492040	0.000063	96.825853	5.4
417	971.120134	47.693758	0.000063	57.839645	6.2
418	897.267951	47.725553	0.000063	70.789286	5.1
419	978.229749	47.716424	0.000063	81.372922	4.6
420	889.356599	47.874648	0.000063	43.330112	3.8
421	954.284503	47.906865	0.000063	28.628459	5.1
422	944.203905	47.908065	0.000063	61.052066	5.2
423	975.454759	47.913915	0.000063	38.971794	5.6
424	962.082710	47.917497	0.000063	67.539991	5.2
425	958.690456	47.918267	0.000063	111.405848	5.5
426	969.299340	48.227168	0.000062	59.715730	5.4
427	919.768202	48.220596	0.000063	76.415752	5.1
428	939.336866	48.260813	0.000062	41.104776	5.9
429	905.243425	48.262808	0.000062	48.792663	5.3
430	952.290208	48.262707	0.000062	49.675968	5.9
431	896.079020	48.262450	0.000062	95.197536	6.1
432	931.289430	48.254359	0.000062	23.743298	5.6
433	916.096025	48.252678	0.000062	100.602016	5.0
434	983.199326	48.246711	0.000062	72.743728	4.9
435	960.098076	48.237283	0.000062	77.841149	4.6
436	977.351286	48.280708	0.000062	43.290408	4.4
437	908.527372	48.279951	0.000062	73.118978	3.5
438	913.094696	48.273357	0.000062	33.100507	4.1
439	971.854840	48.283815	0.000062	159.943391	3.0
440	948.045419	48.383190	0.000062	152.775641	6.1
441	887.017273	49.380939	0.000061	78.495938	4.8
442	918.738364	50.065176	0.000061	50.851219	5.2
443	919.442110	50.126247	0.000061	42.759727	3.8
444	916.346208	50.120254	0.000061	143.252618	5.6
445	925.606129	50.111384	0.000061	60.847326	5.3
446	949.440262	50.102132	0.000061	81.035999	5.1
447	938.490485	50.163692	0.000061	94.526802	7.2
448	944.269473	50.466434	0.000061	87.219242	4.5
449	956.778956	50.692058	0.000060	32.317059	5.1
450	937.482013	50.684346	0.000060	100.335467	7.2
451	949.883040	50.679377	0.000060	40.735877	5.0
452	971.414895	50.685997	0.000060	48.056536	4.8
453	956.000207	50.680426	0.000060	26.571942	5.6
454	959.766154	50.675682	0.000060	39.079809	4.8
455	915.117487	50.672361	0.000060	67.979741	4.2
456	954.593738	50.695724	0.000060	53.427102	4.2
457	923.325720	50.737131	0.000060	49.477069	3.6
458	939.173377	50.730730	0.000060	63.327642	3.7
459	993.664431	50.725815	0.000060	79.935705	5.7
460	934.327002	50.812489	0.000060	41.623112	5.0
461	904.159675	50.829887	0.000060	115.023557	4.1
462	980.715217	50.831957	0.000060	180.827903	5.9
463	950.283115	51.830420	0.000059	39.079420	5.1
464	887.359982	52.033990	0.000059	91.448207	5.1
465	930.852449	52.026336	0.000059	42.516299	5.0
466	944.673974	52.018047	0.000059	60.508994	3.3
467	976.344246	52.035451	0.000059	77.169355	3.9
468	965.714982	52.025955	0.000059	77.509602	4.5
469	896.458669	52.016004	0.000059	88.801787	5.3
470	930.364435	52.273695	0.000059	60.446125	3.4
471	971.704857	52.311068	0.000059	87.764145	3.3
472	935.616252	52.428696	0.000059	32.711850	4.9
473	975.261630	52.421671	0.000059	26.267794	7.2
474	951.589074	52.421043	0.000059	20.280102	5.2
475	943.278060	52.419775	0.000059	41.737566	4.7
476	940.476782	52.420908	0.000059	65.638488	3.6
477	923.460602	52.422818	0.000059	45.175739	3.7
478	868.674120	52.415269	0.000059	136.330574	4.3
479	964.660610	52.424613	0.000059	161.967122	3.6
480	958.631292	53.423886	0.000058	44.047964	5.3
481	947.219108	53.435891	0.000058	29.068267	5.0
482	903.606754	53.438433	0.000058	44.274441	4.9
483	986.705992	53.433449	0.000058	80.317634	4.9
484	950.847626	53.425670	0.000058	55.710894	6.8
485	879.074958	53.427938	0.000058	46.817619	4.8
486	961.286307	53.442146	0.000058	74.209323	4.9
487	918.023510	53.437578	0.000058	35.473155	4.7
488	944.646099	53.456022	0.000058	30.110611	3.3
489	926.743869	53.452323	0.000058	66.383795	3.6
490	941.315460	53.446679	0.000058	40.429100	5.8
491	956.583397	53.439829	0.000058	143.602100	5.2
492	953.766567	53.523778	0.000058	49.611584	5.1
493	963.333989	53.793477	0.000058	55.301166	5.2
494	869.627693	53.786656	0.000058	56.698885	4.5
495	948.976294	53.811977	0.000058	20.480827	4.3
496	984.100401	53.815395	0.000058	35.061454	4.1
497	919.447314	53.815275	0.000058	35.278123	4.7
498	946.637579	53.813993	0.000058	38.694687	5.1
499	928.667415	53.809912	0.000058	75.495451	5.4
500	936.315980	53.803903	0.000058	73.554560	5.4
501	990.678529	53.857671	0.000058	42.513066	5.1
502	866.894381	53.849277	0.000058	44.481185	5.5
503	940.936202	53.846390	0.000058	57.416615	4.7
504	946.374792	53.838775	0.000058	91.135743	4.9
505	932.537208	53.949683	0.000058	55.165065	5.7
506	921.305262	54.058404	0.000058	34.383786	4.5
507	972.716003	54.058332	0.000058	136.622841	3.1
508	921.947201	54.060550	0.000058	74.530664	3.5
509	942.507080	54.341616	0.000057	80.152055	3.5
510	1004.296497	54.379441	0.000057	49.255094	4.1
511	984.413598	54.435586	0.000057	42.242796	4.0
512	951.817986	54.433004	0.000057	52.095757	4.4
513	940.267806	54.427227	0.000057	63.283531	4.5
514	943.757795	54.419101	0.000057	114.981987	5.3
515	933.404761	54.466876	0.000057	31.599090	5.3
516	948.513393	54.495976	0.000057	80.601705	4.3
517	961.220777	54.489093	0.000057	70.262216	2.8
518	1022.418669	54.485409	0.000057	104.379619	5.8
519	952.337616	54.616578	0.000057	122.793797	4.8
520	950.149276	54.606344	0.000057	73.275051	4.9
521	951.925850	54.596082	0.000057	42.498259	5.0
522	980.807124	54.588083	0.000057	32.701419	5.0
523	920.859530	54.584946	0.000057	153.756306	4.1
524	959.137719	54.673281	0.000057	56.790755	4.3
525	932.126867	54.663176	0.000057	39.947836	5.0
526	913.838261	54.659332	0.000057	37.528054	3.6
527	949.478391	54.660337	0.000057	47.856152	3.5
528	932.931083	54.653970	0.000057	58.920512	4.7
529	965.139650	54.684248	0.000057	92.317301	3.8
530	955.284640	54.764865	0.000057	98.272519	4.2
531	953.349923	55.321089	0.000057	149.986757	5.0
532	919.764880	56.278453	0.000056	127.376821	6.2
533	1011.855941	57.021009	0.000055	58.813227	5.6
534	995.870040	57.193011	0.000055	27.018608	3.9
535	945.824039	57.188660	0.000055	60.484251	3.8
536	951.567893	57.189810	0.000055	113.589395	4.6
537	986.120392	57.444616	0.000055	58.035651	4.6
538	918.087339	57.652052	0.000055	86.448867	3.1
539	941.388181	57.723238	0.000055	117.911619	3.6
540	929.398597	57.937376	0.000055	41.068691	3.6
541	908.160065	57.928463	0.000055	32.977470	3.7
542	864.400749	57.923553	0.000055	44.997321	5.1
543	914.135233	57.923601	0.000055	66.214829	5.2
544	960.665142	57.947796	0.000055	65.932279	5.1
545	969.968851	57.976388	0.000055	42.912718	4.6
546	996.429386	57.969290	0.000055	86.719635	5.0
547	959.123402	58.009212	0.000055	91.295481	5.8
548	987.649235	57.999189	0.000055	31.988495	4.0
549	977.039915	58.018515	0.000055	48.714089	4.8
550	951.553431	58.013668	0.000055	25.515006	5.2
551	952.218125	58.009853	0.000055	70.330561	5.2
552	971.630328	58.006204	0.000055	73.971451	4.8
553	959.795810	58.083196	0.000055	51.504891	4.8
554	986.244599	58.074593	0.000055	121.760776	3.8
555	1010.879390	58.066763	0.000055	65.590376	4.3
556	939.653797	58.058407	0.000055	98.812675	5.7
557	917.910257	58.247439	0.000055	54.360291	5.6
558	922.144607	58.237659	0.000055	25.888147	3.8
559	955.323408	58.243016	0.000055	33.520498	4.1
560	943.403578	58.242874	0.000055	164.423370	4.0
561	909.771431	58.233533	0.000055	37.195797	4.1
562	951.489776	58.244963	0.000055	21.421151	6.5
563	986.411742	58.246342	0.000055	114.338387	5.3
564	928.612407	58.255264	0.000055	51.435643	5.2
565	906.742967	58.245650	0.000055	119.596515	5.5
566	928.465961	58.392980	0.000054	114.984784	4.3
567	906.601970	59.002241	0.000054	65.608335	6.8
568	940.480917	58.992133	0.000054	92.128592	6.0
569	964.170867	59.097955	0.000054	15.246514	3.1
570	934.758235	59.094810	0.000054	20.135348	4.3
571	908.180592	59.093642	0.000054	41.650149	5.0
572	962.257993	59.092918	0.000054	72.160745	5.0
573	886.534924	59.094407	0.000054	100.254078	5.1
574	945.031183	59.131210	0.000054	53.211600	3.8
575	971.710429	59.208625	0.000054	68.248480	4.6
576	946.643439	59.200251	0.000054	69.253803	3.7
577	929.280277	59.255113	0.000054	97.232639	5.3
578	1006.011984	59.321360	0.000054	61.705880	6.7
579	974.043983	59.314802	0.000054	32.688450	4.9
580	965.057403	59.318791	0.000054	92.155230	5.3
581	932.256664	59.334462	0.000054	72.329011	5.5
582	1000.546913	59.324423	0.000054	23.979894	5.6
583	946.787111	59.323482	0.000054	106.408951	5.1
584	933.390529	59.337303	0.000054	105.790585	4.8
585	891.045406	59.327312	0.000054	38.102466	5.2
586	1008.469127	59.356636	0.000054	30.442799	5.7
587	972.210472	59.357458	0.000054	77.954697	5.2
588	905.956497	59.351130	0.000054	185.931832	4.3
589	982.256955	59.854680	0.000054	96.064838	4.8
590	924.288961	60.845570	0.000053	59.809153	4.4
591	932.574464	60.862267	0.000053	45.351355	3.5
592	945.344479	60.861898	0.000053	29.027838	4.4
593	994.105163	60.863645	0.000053	77.969428	5.1
594	955.510349	60.877775	0.000053	66.446223	4.4
595	915.769838	60.868768	0.000053	92.421066	3.3
596	866.711352	61.048543	0.000053	79.655774	4.9
597	999.456724	61.038641	0.000053	130.978899	3.5
598	966.979636	61.028395	0.000053	37.491377	5.2
599	944.247274	61.083887	0.000053	69.721953	4.0
600	965.466111	61.079492	0.000053	101.193775	4.1
601	972.824715	61.070892	0.000053	73.599978	4.1
602	990.587386	61.336714	0.000053	59.871895	4.7
603	975.866067	61.327613	0.000053	147.575481	4.8
604	1012.353940	61.398789	0.000053	90.354141	4.8
605	927.645182	62.149851	0.000052	194.409643	6.3
606	892.322259	63.141814	0.000051	68.941061	6.1
607	961.472397	63.133924	0.000051	75.341376	3.9
608	964.497383	63.136742	0.000051	80.711192	3.9
609	953.363683	63.127038	0.000051	63.916331	4.3
610	919.819639	63.202178	0.000051	54.844777	3.7
611	986.077155	63.208554	0.000051	51.892972	5.7
612	944.070195	63.207607	0.000051	64.886778	3.6
613	917.645850	63.227358	0.000051	83.657068	3.6
614	918.912938	63.297862	0.000051	18.172508	4.7
615	972.111609	63.304400	0.000051	123.901525	4.9
616	988.623926	63.297928	0.000051	18.261210	4.9
617	932.797985	63.309161	0.000051	55.855508	4.5
618	957.471160	63.308847	0.000051	30.055645	3.7
619	914.982079	63.317224	0.000051	60.794264	3.9
620	1003.474980	63.329525	0.000051	124.464021	4.3
621	904.133609	63.342342	0.000051	27.415434	4.2
622	974.411119	63.351584	0.000051	14.389352	4.3
623	940.263663	63.351059	0.000051	34.540492	3.2
624	929.402316	63.349053	0.000051	51.222925	6.0
625	938.563686	63.346900	0.000051	78.382434	3.4
626	919.720113	63.401520	0.000051	41.390894	4.5
627	901.881958	63.393147	0.000051	13.961950	3.8
628	953.001400	63.391354	0.000051	31.607924	3.8
629	908.595607	63.392248	0.000051	90.211595	6.2
630	921.214331	63.400120	0.000051	81.859387	3.7
631	1002.598195	63.679480	0.000051	132.092209	4.4
632	971.369874	63.669170	0.000051	40.949640	4.4
633	960.020394	63.660850	0.000051	25.699843	4.1
634	976.241740	63.657786	0.000051	76.308520	3.5
635	924.114811	63.656890	0.000051	43.427275	5.5
636	975.431648	63.648774	0.000051	52.856516	5.5
637	957.388396	63.665566	0.000051	168.891662	4.9
638	899.228784	63.655320	0.000051	144.695731	5.5
639	922.586638	64.654811	0.000051	39.545348	3.6
640	962.023548	64.667404	0.000051	96.479544	4.1
641	935.176288	64.659854	0.000051	25.117990	4.9
642	965.752808	64.661631	0.000051	115.111474	4.9
643	909.508070	64.678695	0.000050	93.315835	3.5
644	904.908910	65.005489	0.000050	47.631063	3.2
645	925.375332	65.016953	0.000050	82.163776	5.2
646	945.075714	65.013860	0.000050	64.482742	3.6
647	911.357763	65.014960	0.000050	90.235615	4.3
648	935.632642	65.058633	0.000050	53.834066	5.5
649	942.328455	65.115595	0.000050	64.699319	5.9
650	945.420837	65.128510	0.000050	109.864755	5.3
651	965.275607	65.387270	0.000050	102.047752	5.6
652	979.016852	65.643197	0.000050	108.396718	6.4
653	939.539529	65.632915	0.000050	50.030924	3.9
654	927.879984	65.623662	0.000050	96.107178	5.0
655	968.565711	65.628541	0.000050	111.513687	4.5
656	995.962721	65.622812	0.000050	22.430905	5.1
657	976.619204	65.626905	0.000050	67.292198	5.2
658	980.729297	65.622736	0.000050	123.932935	3.7
659	894.763629	65.612705	0.000050	51.341946	3.6
660	975.648293	65.819021	0.000050	50.738648	4.2
661	904.523971	65.830918	0.000050	102.747675	3.8
662	965.466719	65.893424	0.000050	36.717768	3.6
663	966.964585	65.937975	0.000050	95.234074	3.5
664	969.505772	65.930966	0.000050	111.160217	3.2
665	929.070647	65.921548	0.000050	95.164598	5.2
666	938.423434	66.603240	0.000049	72.824894	5.4
667	959.553169	66.598445	0.000049	98.817768	4.8
668	927.460066	66.589653	0.000049	106.923339	4.9
669	952.033095	67.222875	0.000049	136.916755	4.7
670	980.470523	67.212540	0.000049	77.324506	5.2
671	970.164372	67.202353	0.000049	43.843425	5.1
672	945.902627	67.228297	0.000049	51.805441	4.2
673	951.969533	67.246478	0.000049	110.799880	5.0
674	915.542049	67.237163	0.000049	58.231817	5.0
675	946.491176	67.351420	0.000049	86.142680	5.5
676	921.533352	67.343560	0.000049	106.550899	5.0
677	922.509160	67.885440	0.000049	34.799755	5.0
678	982.345325	67.909134	0.000049	39.450842	3.8
679	953.905279	67.916810	0.000049	34.050787	4.2
680	988.538256	67.912877	0.000049	44.819313	4.1
681	985.204439	67.918386	0.000049	85.416763	4.7
682	969.966344	67.909680	0.000049	27.742717	4.6
683	917.205965	67.916448	0.000049	25.681547	3.6
684	969.695248	67.918910	0.000049	133.501028	4.2
685	966.611837	67.913798	0.000049	162.732723	3.6
686	957.591100	68.913113	0.000048	184.575437	4.8
687	972.617951	69.913099	0.000048	100.831947	3.5
688	966.874011	70.905335	0.000047	88.711169	3.6
689	954.280553	71.111383	0.000047	94.766207	3.6
690	939.088581	71.119505	0.000047	16.195227	4.0
691	928.751578	71.118319	0.000047	70.239884	2.9
692	922.243629	71.121507	0.000047	83.474852	3.0
693	974.413093	71.112792	0.000047	54.060829	4.5
694	853.579022	71.116396	0.000047	204.932336	5.1
695	942.870104	71.842681	0.000047	116.116445	4.2
696	953.843780	71.832343	0.000047	47.547752	4.0
697	940.903060	71.943293	0.000047	27.316249	3.9
698	928.910824	71.946368	0.000047	55.871540	4.7
699	1007.736433	71.955131	0.000047	95.857597	4.4
700	955.728202	71.945348	0.000047	114.990194	4.1
701	943.948370	72.498336	0.000046	84.445132	4.0
702	958.623729	73.150814	0.000046	39.302918	4.2
703	954.678154	73.143834	0.000046	59.107841	4.3
704	979.564901	73.143497	0.000046	93.286683	4.3
705	923.281046	73.134248	0.000046	55.190157	4.3
706	936.256187	73.124540	0.000046	41.910565	3.1
707	954.247256	73.125099	0.000046	19.678914	4.4
708	996.251378	73.123299	0.000046	35.215372	4.3
709	865.433358	73.123267	0.000046	64.654897	3.2
710	936.812604	73.117369	0.000046	53.047170	3.1
711	960.512482	73.135086	0.000046	73.129030	4.8
712	928.820341	73.126175	0.000046	163.524639	3.6
713	937.456241	73.987033	0.000046	66.451455	3.7
714	888.042885	73.977815	0.000046	33.591255	4.5
715	934.780223	73.980004	0.000046	62.600276	5.0
716	979.183363	73.991986	0.000046	50.194135	5.0
717	941.716290	73.985130	0.000046	17.025167	4.8
718	943.051888	73.981792	0.000046	52.648588	4.0
719	965.820970	73.983239	0.000046	27.521581	3.9
720	976.923728	73.980774	0.000046	57.269718	3.7
721	955.431624	73.975414	0.000046	70.338419	5.4
722	872.845790	74.014082	0.000046	108.832226	3.9
723	907.170461	74.150316	0.000045	60.015495	4.0
724	968.984479	74.140567	0.000045	124.244316	3.9
725	1018.626940	74.181496	0.000045	37.952449	3.5
726	958.503366	74.213371	0.000045	99.156045	4.0
727	933.258551	74.205837	0.000045	38.665503	3.5
728	929.620709	74.244765	0.000045	92.245536	3.6
729	961.164295	74.238484	0.000045	55.907712	5.5
730	964.007126	74.301563	0.000045	48.331950	4.0
731	958.656186	74.321293	0.000045	44.662479	4.2
732	935.009710	74.315249	0.000045	127.741369	3.9
733	968.598342	74.387812	0.000045	29.028606	3.9
734	929.746984	74.382166	0.000045	32.212816	3.8
735	950.000757	74.384517	0.000045	141.314920	4.0
736	856.980339	74.422746	0.000045	60.545675	3.5
737	952.838716	74.412701	0.000045	106.355313	6.5
738	967.448739	74.618984	0.000045	116.929714	3.2
739	918.635804	74.609404	0.000045	47.774421	3.9
740	1001.481653	74.600036	0.000045	31.754820	3.7
741	998.565079	74.600152	0.000045	36.639397	3.7
742	875.865209	74.595338	0.000045	47.085948	3.9
743	905.155182	74.602921	0.000045	36.935547	3.9
744	952.278516	74.599227	0.000045	43.467968	4.9
745	960.844314	74.601312	0.000045	38.203108	3.4
746	949.420429	74.608928	0.000045	41.097977	3.4
747	869.155403	74.606368	0.000045	28.624984	11.5
748	934.943719	74.602573	0.000045	78.119779	4.7
749	953.608862	74.596691	0.000045	64.391296	4.7
750	895.460321	74.622594	0.000045	49.491075	4.4
751	897.424665	74.649821	0.000045	52.183340	4.5
752	912.313894	74.642273	0.000045	88.931913	4.0
753	970.086360	74.674716	0.000045	22.790579	3.7
754	956.551315	74.670546	0.000045	84.415934	3.7
755	910.744515	74.673086	0.000045	59.220802	3.5
756	957.600266	74.663566	0.000045	88.583877	4.3
757	927.193414	74.663332	0.000045	71.485710	4.0
758	937.427123	74.716154	0.000045	15.270332	3.9
759	943.954379	74.715281	0.000045	54.092231	3.2
760	976.283397	74.712297	0.000045	109.478935	3.2
761	1009.655523	74.703843	0.000045	123.817048	3.7
762	976.395367	74.693518	0.000045	83.267211	4.0
763	962.698239	75.339941	0.000045	64.342932	3.1
764	997.656158	75.373092	0.000045	53.915182	3.8
765	881.875231	75.364423	0.000045	53.465215	4.1
766	908.743301	75.383634	0.000045	72.273475	4.1
767	898.619896	75.375308	0.000045	65.261533	3.3
768	973.982872	75.383713	0.000045	52.160520	4.0
769	931.517320	75.422847	0.000045	22.539239	3.5
770	930.513940	75.424546	0.000045	99.881851	4.9
771	925.873482	75.419288	0.000045	49.779001	5.0
772	932.080519	75.472382	0.000045	72.538090	5.6
773	952.045638	75.477808	0.000045	64.154328	6.0
774	871.752067	75.468365	0.000045	120.979266	6.2
775	939.495053	75.697241	0.000045	89.902394	5.0
776	970.942612	75.767415	0.000045	83.604512	5.3
777	948.405301	76.058797	0.000045	86.624616	5.5
778	941.068980	76.170546	0.000045	59.347122	5.1
779	900.274896	76.160883	0.000045	145.454051	5.4
780	928.879635	76.616337	0.000044	45.521828	5.2
781	1003.232451	76.795301	0.000044	52.234048	4.5
782	1000.730572	76.787988	0.000044	66.129080	5.6
783	939.774860	76.780773	0.000044	30.497652	5.4
784	937.167857	76.785671	0.000044	53.308201	4.7
785	949.131481	76.784579	0.000044	41.070344	5.0
786	959.817935	76.791238	0.000044	47.722340	5.2
787	928.116790	76.789315	0.000044	83.010709	4.9
788	931.316937	76.781397	0.000044	65.965278	5.1
789	924.558749	76.841704	0.000044	56.059538	4.1
790	962.554033	76.833427	0.000044	98.654202	4.3
791	942.034477	76.823657	0.000044	173.557456	4.4
792	969.097156	77.793988	0.000044	42.638121	4.4
793	967.271938	77.832961	0.000044	51.529292	3.8
794	933.141716	77.826055	0.000044	40.054050	4.7
795	1010.721333	77.819551	0.000044	86.089390	5.1
796	939.974381	77.814872	0.000044	35.939778	4.6
797	962.444377	77.823560	0.000044	62.457099	5.4
798	890.798864	77.830637	0.000044	27.166977	5.3
799	949.695890	77.836773	0.000044	59.476570	4.5
800	887.005365	77.833636	0.000044	94.873786	4.1
801	920.495543	77.824148	0.000044	59.591730	5.3
802	953.419997	77.828355	0.000044	65.870476	5.3
803	952.481608	77.888718	0.000044	57.142509	5.7
804	959.049501	77.883309	0.000044	128.076729	5.4
805	928.861967	77.912599	0.000044	66.061982	5.2
806	968.003045	77.908184	0.000044	61.498565	4.0
807	928.084514	77.905383	0.000044	79.733282	3.5
808	928.140148	77.899320	0.000044	30.113897	4.3
809	949.673821	77.892320	0.000044	30.133446	4.9
810	924.247299	77.891182	0.000044	45.954500	4.8
811	984.154774	77.891815	0.000044	20.865653	5.2
812	934.513952	77.891575	0.000044	57.098829	6.1
813	963.999054	77.887001	0.000044	35.365278	4.8
814	910.846505	77.902910	0.000044	106.439213	4.0
815	1023.442908	77.946860	0.000044	64.536409	4.7
816	981.129759	78.221257	0.000044	66.849311	4.5
817	938.217009	78.285759	0.000044	34.143718	3.9
818	975.251000	78.305365	0.000044	118.250770	5.3
819	1010.762871	78.296914	0.000044	30.131752	6.5
820	925.940236	78.295348	0.000044	22.352125	5.4
821	969.521246	78.294539	0.000044	55.893077	5.6
822	912.436011	78.299675	0.000044	41.185989	5.4
823	952.319168	78.297998	0.000044	106.822136	4.3
824	972.386197	78.357990	0.000044	26.619508	5.4
825	969.187945	78.352112	0.000044	136.435809	5.2
826	945.417565	78.352544	0.000044	71.166320	5.3
827	950.509685	78.480879	0.000043	50.203831	5.1
828	933.692863	78.472064	0.000043	150.353755	4.4
829	938.591874	78.461936	0.000044	84.907031	4.1
830	959.314185	78.515213	0.000043	66.146703	5.2
831	959.045908	78.582711	0.000043	53.295572	4.2
832	1002.590621	78.573915	0.000043	147.483671	5.6
833	952.259166	78.960435	0.000043	35.215488	4.1
834	884.563861	78.952570	0.000043	63.689871	4.7
835	915.344255	78.945872	0.000043	116.516930	4.8
836	962.793965	78.945241	0.000043	30.427562	4.0
837	899.278143	78.954873	0.000043	81.870504	4.9
838	965.661911	78.964530	0.000043	54.791519	3.7
839	941.176536	79.044407	0.000043	38.291507	3.9
840	955.831127	79.038467	0.000043	30.244405	3.7
841	1005.798932	79.045495	0.000043	157.136967	5.3
842	922.445328	79.139180	0.000043	90.314844	5.5
843	979.189232	79.128850	0.000043	72.524796	4.7
844	931.634142	79.310772	0.000043	19.669061	4.0
845	970.431212	79.310303	0.000043	58.282837	4.7
846	956.996788	79.308925	0.000043	54.616303	4.4
847	972.352755	79.337673	0.000043	115.808982	5.1
848	990.457049	79.327918	0.000043	69.851559	4.9
849	898.018991	79.318719	0.000043	86.697854	7.3
850	921.205760	79.425198	0.000043	74.552289	5.3
851	938.485632	79.415506	0.000043	118.341344	4.2
852	962.909054	79.405746	0.000043	52.891394	3.7
853	939.470989	79.498067	0.000043	50.449764	4.1
854	893.615180	79.493764	0.000043	105.580223	4.1
855	918.418179	79.540580	0.000043	94.882956	4.0
856	878.207738	79.530868	0.000043	107.679752	4.1
857	937.365506	79.520660	0.000043	117.274907	3.4
858	959.811840	80.334152	0.000043	68.873350	3.6
859	987.614625	80.324358	0.000043	32.813310	4.7
860	987.354082	80.321726	0.000043	72.428794	4.1
861	870.333836	80.320856	0.000043	40.053474	4.0
862	981.468918	80.344579	0.000043	71.360403	4.0
863	940.695254	80.371962	0.000043	61.025297	4.0
864	917.616483	80.363483	0.000043	50.457844	4.9
865	884.870304	80.355558	0.000043	41.997279	4.2
866	887.950579	80.362741	0.000043	107.636015	3.3
867	959.681556	80.416622	0.000043	49.516896	4.9
868	961.602336	80.408694	0.000043	32.146744	5.3
869	931.041485	80.410418	0.000043	66.488202	3.8
870	966.268406	80.404722	0.000043	148.350069	5.4
871	956.804613	80.405921	0.000043	42.058285	5.5
872	937.273092	80.508971	0.000043	81.584370	6.0
873	940.418288	80.502033	0.000043	153.227154	4.5
874	916.450369	81.396679	0.000042	29.713380	4.7
875	928.888282	81.427946	0.000042	79.167800	5.4
876	976.779661	81.423081	0.000042	31.094213	4.2
877	965.801127	81.427248	0.000042	166.597043	3.6
878	961.522811	81.419363	0.000042	75.759978	4.0
879	970.370629	82.090449	0.000042	79.606083	5.1
880	1007.803746	82.080598	0.000042	64.787834	4.1
881	911.521557	82.091689	0.000042	49.469785	4.4
882	931.608984	82.088211	0.000042	61.527236	6.1
883	984.183028	82.081865	0.000042	51.067082	6.1
884	902.088419	82.080565	0.000042	76.163749	5.5
885	948.048080	82.081738	0.000042	39.673794	5.3
886	875.454994	82.073538	0.000042	47.153524	5.2
887	965.549082	82.067862	0.000042	44.681789	4.9
888	912.872358	82.065347	0.000042	103.041232	3.9
889	901.238462	82.056065	0.000042	70.561417	3.9
890	925.105408	82.357250	0.000042	103.187731	5.0
891	1005.911111	82.347546	0.000042	73.344977	5.3
892	944.314775	82.337411	0.000042	51.227855	4.7
893	940.148731	82.328856	0.000042	59.920608	5.7
894	916.488453	82.329993	0.000042	30.299453	6.1
895	954.542332	82.334518	0.000042	55.317501	5.3
896	919.487371	82.342374	0.000042	123.638932	5.0
897	925.975534	82.439869	0.000042	18.157939	5.0
898	911.327481	82.453659	0.000042	162.975639	4.9
899	1002.841709	82.446204	0.000042	45.651032	5.3
900	976.931419	82.436409	0.000042	49.929308	5.8
901	943.455415	82.438675	0.000042	75.180775	5.7
902	969.417488	82.430297	0.000042	77.304984	5.8
903	927.547260	82.525385	0.000042	27.959463	4.8
904	929.865938	82.522908	0.000042	40.118913	3.6
905	942.354530	82.526672	0.000042	65.116895	3.2
906	956.560419	82.519830	0.000042	37.291039	3.1
907	916.446699	82.538093	0.000042	42.243811	4.1
908	943.113039	82.532476	0.000042	44.820091	3.4
909	969.717842	82.536360	0.000042	104.188426	5.8
910	932.815878	82.527277	0.000042	53.513015	3.5
911	972.497095	82.563257	0.000042	64.952521	6.2
912	960.516188	82.554557	0.000042	113.862707	2.7
913	948.380995	82.761229	0.000042	46.795668	4.0
914	912.706989	82.808334	0.000042	109.346332	4.1
915	940.424207	82.894934	0.000042	37.829395	2.7
916	956.659531	82.945950	0.000042	58.444129	4.4
917	885.792215	82.943167	0.000042	73.219838	5.8
918	987.357447	82.945491	0.000042	52.158751	4.3
919	995.988473	82.936813	0.000042	74.302635	6.3
920	917.187685	82.942088	0.000042	78.792756	5.2
921	934.502581	83.024383	0.000042	40.512269	5.2
922	928.506194	83.017144	0.000042	89.866714	5.3
923	959.130932	83.010103	0.000042	49.233852	5.1
924	960.591413	83.003236	0.000042	35.834529	4.8
925	1002.951330	83.005133	0.000042	55.251119	4.7
926	894.462506	83.004983	0.000042	29.770120	3.9
927	910.070457	83.007103	0.000042	40.953722	4.0
928	853.939198	83.007109	0.000042	33.755951	4.2
929	939.964712	83.002582	0.000042	21.797806	4.4
930	945.331898	83.004984	0.000042	98.661774	5.1
931	973.692752	83.000554	0.000042	64.943267	3.3
932	953.862428	83.166904	0.000042	117.056243	3.4
933	958.383676	83.156746	0.000042	67.167720	3.5
934	959.305925	83.567701	0.000041	84.365896	3.6
935	960.553325	83.559204	0.000041	26.532233	4.4
936	928.011808	83.554601	0.000041	26.261632	4.9
937	983.140284	83.552675	0.000041	22.314329	3.5
938	914.669042	83.550613	0.000041	100.364432	3.8
939	960.133847	83.546478	0.000041	46.589095	3.7
940	952.724235	83.598812	0.000041	95.001005	4.1
941	975.844176	83.624721	0.000041	51.617337	4.8
942	975.341930	83.617303	0.000041	38.855419	5.2
943	972.922809	83.611269	0.000041	28.889818	4.7
944	973.204015	83.613548	0.000041	93.574727	4.8
945	926.275500	83.638138	0.000041	77.618721	4.3
946	932.393555	83.794968	0.000041	64.775104	4.4
947	944.943385	83.789584	0.000041	61.863041	4.6
948	987.498534	83.854268	0.000041	43.710450	4.6
949	877.540996	83.882066	0.000041	103.754307	3.8
950	882.156158	83.878994	0.000041	143.424473	5.3
951	922.417328	83.868659	0.000041	65.175739	12.4
952	934.833119	83.859001	0.000041	59.259394	6.5
953	928.665793	83.856273	0.000041	86.385770	4.1
954	937.123914	83.846881	0.000041	68.543042	3.5
955	990.660886	83.838614	0.000041	52.293063	4.1
956	894.433491	83.882362	0.000041	93.404202	5.5
957	955.103332	83.878920	0.000041	60.747784	3.8
958	973.650872	83.985652	0.000041	81.369144	4.1
959	964.624852	83.976328	0.000041	76.823899	4.6
960	923.889239	84.143643	0.000041	79.228791	5.9
961	929.420464	84.133797	0.000041	31.691384	5.1
962	897.264114	84.129543	0.000041	27.691557	5.1
963	973.661546	84.125850	0.000041	47.937210	5.2
964	918.847174	84.125943	0.000041	36.159199	3.0
965	934.368181	84.120715	0.000041	127.979216	5.2
966	893.377599	84.112040	0.000041	37.562004	3.1
967	864.844454	84.123428	0.000041	119.236764	5.0
968	937.839944	84.116781	0.000041	40.020805	5.0
969	928.882279	84.108390	0.000041	108.312876	4.4
970	977.750039	84.131536	0.000041	118.214984	3.6
971	981.191176	84.122689	0.000041	55.366702	3.6
972	953.386511	84.280085	0.000041	47.109440	5.0
973	899.641257	84.274830	0.000041	78.421964	5.2
974	886.750640	84.267386	0.000041	102.023480	5.2
975	983.644279	84.449465	0.000041	81.205836	4.5
976	948.010862	84.440725	0.000041	16.573671	4.8
977	944.321172	84.439162	0.000041	56.906059	5.3
978	926.409603	84.436869	0.000041	47.179299	6.2
979	960.168228	84.451643	0.000041	48.706759	5.1
980	880.636809	84.447540	0.000041	107.938631	4.9
981	917.769422	84.518970	0.000041	70.582332	4.3
982	975.415313	84.879537	0.000041	92.755915	6.7
983	1008.147965	84.869874	0.000041	92.391837	3.1
984	942.732235	84.859675	0.000041	29.563359	5.3
985	891.326017	84.871522	0.000041	89.009880	5.2
986	942.154113	84.869773	0.000041	80.639999	4.0
987	888.047441	84.859676	0.000041	60.448029	3.9
988	889.727409	84.908627	0.000041	25.204525	3.5
989	958.568555	84.906915	0.000041	40.866287	3.3
990	971.209900	84.910080	0.000041	57.995495	3.2
991	949.099197	84.908746	0.000041	39.227240	4.0
992	946.130518	84.910539	0.000041	63.645465	3.1
993	930.107154	84.905036	0.000041	55.643079	4.9
994	931.469595	84.950640	0.000041	63.439449	3.0
995	1027.852569	84.942174	0.000041	46.077573	3.2
996	971.301280	84.948625	0.000041	29.185422	7.1
997	991.449167	84.944891	0.000041	72.171910	4.7
998	979.748964	84.943224	0.000041	85.518766	5.1
999	963.546366	85.088902	0.000041	79.564770	6.6
1000	977.679638	85.148223	0.000041	97.495184	3.2
1001	992.017393	85.312020	0.000041	169.907324	3.3
1002	927.604304	85.301684	0.000041	181.005643	6.7
1003	896.342480	86.301676	0.000040	119.707011	3.4
1004	881.141165	86.291338	0.000040	56.292460	3.3
1005	924.891123	86.281437	0.000040	80.996462	5.8
1006	960.565887	86.364114	0.000040	75.874456	5.2
1007	958.251080	86.356571	0.000040	54.581176	5.3
1008	972.744588	86.362904	0.000040	61.851150	5.1
1009	916.717319	86.381541	0.000040	25.640672	5.7
1010	903.750813	86.385732	0.000040	54.605925	3.7
1011	946.899779	86.389765	0.000040	42.567399	3.6
1012	961.558092	86.395375	0.000040	84.478117	3.8
1013	938.984718	86.387741	0.000040	91.992261	3.4
1014	919.764518	86.383676	0.000040	80.090476	5.5
1015	974.843333	86.397802	0.000040	59.053307	3.5
1016	936.575934	86.402063	0.000040	196.051535	3.7
1017	950.641605	86.400337	0.000040	58.791541	3.7
1018	949.973954	86.397582	0.000040	45.702544	4.6
1019	912.806425	86.392514	0.000040	34.115306	4.6
1020	910.599188	86.393054	0.000040	43.866881	5.6
1021	945.387271	86.399204	0.000040	29.296509	4.5
1022	967.775927	86.406017	0.000040	98.940375	4.2
1023	979.908475	86.397968	0.000040	75.881179	4.2
1024	925.012415	86.422064	0.000040	49.714712	4.5
1025	940.200278	86.413262	0.000040	52.743569	4.9
1026	966.256718	86.409817	0.000040	87.059512	4.7
1027	927.914439	86.412968	0.000040	29.529546	5.2
1028	959.657092	86.419055	0.000040	51.350272	5.0
1029	984.453334	86.418378	0.000040	135.536895	5.0
1030	915.314381	86.409449	0.000040	44.100653	4.6
1031	907.895155	86.491406	0.000040	38.694934	3.9
1032	927.908574	86.490483	0.000040	80.807762	4.6
1033	929.965614	86.486103	0.000040	156.301232	3.7
1034	977.238522	87.351124	0.000040	47.139638	6.1
1035	933.893703	87.496879	0.000040	46.927366	6.0
1036	884.824103	87.508085	0.000040	23.725898	5.4
1037	929.084461	87.509161	0.000040	104.887575	5.1
1038	1001.787228	87.530319	0.000040	118.106336	4.7
1039	994.826316	87.836764	0.000040	54.943383	5.4
1040	921.704668	87.827325	0.000040	107.203997	5.5
1041	946.432730	87.918725	0.000040	64.094999	6.7
1042	944.243874	87.909446	0.000040	47.615547	5.2
1043	934.922226	87.902458	0.000040	38.682754	5.6
1044	906.970192	87.902371	0.000040	56.478876	4.6
1045	906.900577	87.902587	0.000040	36.909373	4.5
1046	918.515184	87.907129	0.000040	76.382979	4.7
1047	923.920307	87.902106	0.000040	93.336598	4.8
1048	936.806984	87.929579	0.000040	49.053964	3.5
1049	973.156528	87.930775	0.000040	48.449292	3.4
1050	928.288608	87.945045	0.000040	85.128108	3.4
1051	971.583798	87.947881	0.000040	56.939489	3.4
1052	973.084944	88.021002	0.000040	63.461732	3.6
1053	981.613061	88.012764	0.000040	48.531427	4.2
1054	954.338182	88.007423	0.000040	30.383733	6.3
1055	908.024386	88.004451	0.000040	33.513990	4.9
1056	935.323578	88.002839	0.000040	58.967152	4.8
1057	963.162178	88.011548	0.000040	86.324600	6.1
1058	958.876618	88.034555	0.000040	64.151574	4.9
1059	933.205341	88.151972	0.000040	19.910737	5.3
1060	958.615029	88.159279	0.000040	25.720931	5.9
1061	892.376158	88.160408	0.000040	102.763013	5.2
1062	933.524895	88.156543	0.000040	53.110372	5.1
1063	986.046394	88.164892	0.000040	49.995801	3.2
1064	949.536398	88.179031	0.000040	89.105715	2.7
1065	955.829916	88.247160	0.000040	78.673285	5.9
1066	919.638384	88.520985	0.000040	115.545722	2.9
1067	978.036620	88.904941	0.000039	47.122705	2.9
1068	961.616798	88.973489	0.000039	28.937213	3.0
1069	938.263617	88.971678	0.000039	110.327275	4.6
1070	948.514221	88.985244	0.000039	84.655636	3.4
1071	888.314898	89.432198	0.000039	37.307448	7.4
1072	1008.635932	89.425144	0.000039	48.423316	5.3
1073	949.998308	89.422852	0.000039	32.494144	5.3
1074	945.032098	89.417436	0.000039	35.375670	4.9
1075	925.643310	89.415146	0.000039	56.012853	4.9
1076	932.614835	89.429486	0.000039	128.445840	5.3
1077	889.992496	89.419514	0.000039	38.430897	5.8
1078	998.420680	89.480932	0.000039	103.091235	4.2
1079	929.334211	89.476196	0.000039	36.868739	4.9
1080	938.004140	89.503666	0.000039	43.964511	4.8
1081	943.274972	89.500823	0.000039	47.567348	4.4
1082	920.977993	89.506446	0.000039	98.045146	4.5
1083	930.455993	89.580863	0.000039	122.162653	3.7
1084	962.604803	89.869185	0.000039	90.885610	4.1
1085	1005.106721	90.594677	0.000039	101.702590	6.2
1086	926.157961	91.085597	0.000039	96.371845	3.2
1087	1002.207706	91.122081	0.000039	45.350207	3.5
1088	957.510370	91.196736	0.000039	129.592324	5.1
1089	962.683293	91.187165	0.000039	14.279584	4.3
1090	959.705807	91.191147	0.000039	93.138784	5.5
1091	954.853727	91.187161	0.000039	37.607809	4.2
1092	975.116121	91.203283	0.000039	42.453227	7.8
1093	920.061680	91.198188	0.000039	176.364383	4.8
1094	944.311721	91.512865	0.000038	39.689833	3.9
1095	938.899034	91.503104	0.000038	19.755427	4.9
1096	959.938776	91.501394	0.000038	164.030906	7.2
1097	975.431889	91.503598	0.000038	37.446465	5.5
1098	995.119375	91.497251	0.000038	72.028631	3.7
1099	944.116110	91.490323	0.000038	62.986190	3.2
1100	994.594582	91.545844	0.000038	106.210383	6.7
1101	944.731701	91.612499	0.000038	97.291526	5.9
1102	1041.319951	92.318583	0.000038	66.953299	3.0
1103	975.190616	92.326332	0.000038	80.119395	6.9
1104	994.450748	92.362026	0.000038	89.496616	5.4
1105	921.725546	92.355440	0.000038	114.435655	4.3
1106	934.223425	92.346305	0.000038	35.942052	4.2
1107	967.441794	92.404189	0.000038	70.007528	4.2
1108	938.158244	92.417593	0.000038	42.755717	8.0
1109	981.441074	92.432752	0.000038	78.986586	5.1
1110	950.164986	92.425002	0.000038	24.300308	5.0
1111	998.361675	92.419145	0.000038	70.585622	3.5
1112	930.161539	92.415951	0.000038	108.232823	3.4
1113	945.729834	92.552459	0.000038	32.326271	3.5
1114	983.761850	92.548148	0.000038	26.805587	2.9
1115	990.419389	92.546234	0.000038	56.287649	2.8
1116	938.238087	92.552246	0.000038	53.865539	4.9
1117	957.250206	92.573451	0.000038	43.992610	4.2
1118	958.851560	92.576310	0.000038	73.688760	3.2
1119	952.357632	92.616046	0.000038	42.654450	3.3
1120	974.887020	92.610817	0.000038	28.332582	5.7
1121	953.236867	92.609129	0.000038	41.303471	3.7
1122	910.428752	92.614230	0.000038	108.896659	4.2
1123	928.481953	92.697129	0.000038	56.745122	5.9
1124	919.483194	92.836672	0.000038	103.214425	3.7
1125	975.356642	92.829627	0.000038	17.221907	5.6
1126	919.436148	92.824423	0.000038	31.929196	4.8
1127	943.347495	92.822967	0.000038	144.077138	4.6
1128	957.475827	92.822555	0.000038	71.504825	4.8
1129	989.999397	92.812254	0.000038	17.420448	5.6
1130	893.035354	92.808820	0.000038	156.698519	5.0
1131	871.530836	92.820545	0.000038	139.771906	3.7
1132	855.830509	92.810207	0.000038	71.232570	4.2
1133	937.844472	92.799922	0.000038	83.741131	4.7
1134	950.253730	92.964372	0.000038	111.441569	3.5
1135	938.115089	92.954096	0.000038	109.386350	3.8
1136	931.103314	92.943772	0.000038	109.614903	3.8
1137	966.733034	93.784790	0.000038	151.186427	4.0
1138	913.492127	93.774459	0.000038	101.945750	3.6
1139	946.871633	93.764126	0.000038	35.712666	7.5
1140	901.296533	93.762419	0.000038	22.026903	3.5
1141	993.959634	93.763136	0.000038	197.564703	3.5
1142	970.460927	93.756869	0.000038	106.070207	4.2
1143	905.156716	93.746534	0.000038	89.154333	4.3
1144	972.739743	93.937748	0.000038	65.304986	4.4
1145	905.614104	93.955964	0.000038	135.746084	3.4
1146	978.084440	93.950845	0.000038	76.593460	3.4
1147	959.076623	94.645725	0.000037	52.093496	5.0
1148	944.966505	94.654798	0.000037	30.820920	3.4
1149	916.980426	94.651066	0.000037	34.571449	3.4
1150	960.080138	94.656589	0.000037	63.519415	3.4
1151	986.576738	94.666071	0.000037	207.170410	3.4
1152	915.491593	94.964849	0.000037	82.416376	5.6
1153	933.962896	95.942541	0.000037	65.768480	3.3
1154	966.075329	95.952649	0.000037	44.504531	3.4
1155	912.552271	95.944573	0.000037	64.580124	3.9
1156	921.212325	95.947909	0.000037	21.960708	4.0
1157	901.520469	95.956119	0.000037	67.625119	5.9
1158	968.433848	95.953050	0.000037	27.084708	3.3
1159	976.901696	95.946941	0.000037	45.180908	5.5
1160	933.778965	95.951334	0.000037	55.131788	5.4
1161	970.412060	95.968033	0.000037	109.338853	6.6
1162	965.328158	95.960668	0.000037	125.259306	6.1
1163	891.797906	95.950379	0.000037	33.216985	3.1
1164	946.383277	95.962625	0.000037	135.691341	3.0
1165	949.011591	95.953396	0.000037	102.632587	3.5
1166	955.523832	95.943063	0.000037	43.075008	4.1
1167	969.699091	95.945875	0.000037	38.025769	3.6
1168	985.912625	95.951723	0.000037	92.216308	4.6
1169	930.327788	95.948082	0.000037	99.101772	4.0
1170	1022.327486	95.937824	0.000037	164.565310	3.5
1171	983.145839	96.921197	0.000037	60.214322	4.2
1172	968.437912	96.954301	0.000037	52.666169	3.2
1173	878.417923	96.947582	0.000037	123.840964	6.0
1174	942.537169	96.954977	0.000037	120.671128	2.5
1175	908.678235	97.436659	0.000037	56.704280	3.7
1176	930.046465	97.440746	0.000037	20.158269	3.1
1177	896.313810	97.437952	0.000037	51.994418	4.6
1178	949.378345	97.440234	0.000037	88.065231	3.4
1179	918.606722	97.451620	0.000037	24.032281	3.8
1180	927.708597	97.445054	0.000037	41.320077	3.3
1181	961.870808	97.449655	0.000037	28.556874	5.0
1182	987.730211	97.448293	0.000037	59.803917	3.4
1183	935.705030	97.444919	0.000037	14.852891	3.5
1184	868.640002	97.445123	0.000037	58.008257	3.6
1185	933.762517	97.442239	0.000037	40.953794	6.0
1186	935.790457	97.463365	0.000037	60.945656	5.2
1187	906.972084	97.484722	0.000037	65.885658	5.1
1188	955.117439	97.488198	0.000037	79.995308	4.9
1189	908.421997	97.535446	0.000037	144.493072	5.2
1190	944.264487	97.534251	0.000037	40.175794	5.6
1191	920.056958	97.542466	0.000036	46.633556	5.1
1192	923.503430	97.539263	0.000036	29.023634	5.2
1193	1007.135799	97.548502	0.000036	55.477656	5.1
1194	964.920382	97.559206	0.000036	90.280940	6.5
1195	975.446547	97.658226	0.000036	38.247057	4.5
1196	898.416887	97.649664	0.000036	37.892494	4.1
1197	972.493792	97.657717	0.000036	193.909477	4.7
1198	926.669957	97.994009	0.000036	61.217400	5.4
1199	909.875056	97.999829	0.000036	148.857191	5.2
1200	951.026778	97.990096	0.000036	115.078258	4.9
1201	936.525548	98.979585	0.000036	69.711128	4.7
1202	934.082383	98.989966	0.000036	68.154018	4.4
1203	943.467271	98.988394	0.000036	55.061586	4.4
1204	877.376176	99.003128	0.000036	39.937557	4.7
1205	976.828501	99.011096	0.000036	37.376040	3.9
1206	943.011185	99.016386	0.000036	72.718735	3.9
1207	941.454461	99.037332	0.000036	94.567449	3.9
1208	913.389589	99.027251	0.000036	43.216284	4.8
1209	939.078162	99.094778	0.000036	59.028122	3.6
1210	917.558029	99.088214	0.000036	90.527373	3.5
1211	945.140765	99.085611	0.000036	27.534967	5.1
1212	918.214972	99.087044	0.000036	79.313104	5.4
1213	920.405830	99.080512	0.000036	69.005540	5.2
1214	920.893070	99.150549	0.000036	191.431604	5.4
1215	940.081235	99.140219	0.000036	57.599676	4.3
1216	965.529267	99.156484	0.000036	38.067983	4.4
1217	949.684005	99.151293	0.000036	108.915761	3.5
1218	933.994047	99.157950	0.000036	123.598235	5.1
1219	920.377390	99.933720	0.000036	83.857387	4.0
1220	940.065466	100.236562	0.000036	46.894383	3.7
1221	962.922727	100.227495	0.000036	92.710083	4.2
1222	909.496319	100.269999	0.000036	10.340322	3.5
1223	914.252707	100.271089	0.000036	62.724200	3.3
1224	965.682526	100.272411	0.000036	30.170631	3.8
1225	910.494575	100.266804	0.000036	42.899154	3.6
1226	925.577206	100.272324	0.000036	26.469984	6.7
1227	918.715912	100.276850	0.000036	56.323558	3.7
1228	908.660811	100.274713	0.000036	24.347016	4.8
1229	929.646858	100.269352	0.000036	62.801365	5.1
1230	903.104181	100.276994	0.000036	81.704281	5.0
1231	935.375239	100.371579	0.000036	114.735784	4.4
1232	927.457969	100.361893	0.000036	27.440580	4.2
1233	928.228713	100.381793	0.000036	77.733322	3.4
1234	924.633745	100.375113	0.000036	67.633539	2.6
1235	976.096215	100.393619	0.000036	123.970759	3.7
1236	921.150893	100.815615	0.000036	149.836676	3.8
1237	939.659311	101.806234	0.000035	106.243230	3.1
1238	915.612609	102.582725	0.000035	43.352160	4.9
1239	910.935479	102.577102	0.000035	47.959223	3.4
1240	944.952814	102.572803	0.000035	12.872762	3.5
1241	945.872760	102.573323	0.000035	22.774076	4.0
1242	979.672406	102.573789	0.000035	71.839378	5.4
1243	900.598035	102.578906	0.000035	85.308121	4.5
1244	941.053053	102.633871	0.000035	52.215296	4.6
1245	918.884045	102.643152	0.000035	54.153358	5.3
1246	997.214670	102.661842	0.000035	71.011559	3.2
1247	1002.166819	102.723861	0.000035	73.085187	3.2
1248	951.119762	102.767240	0.000035	82.472706	3.2
1249	945.410034	102.797996	0.000035	43.454866	3.6
1250	939.976749	102.842579	0.000035	88.331077	5.1
1251	969.838232	102.838218	0.000035	70.258841	3.6
1252	934.477836	102.865503	0.000035	63.515683	3.9
1253	937.119751	102.857833	0.000035	96.473942	3.9
1254	903.384023	102.865248	0.000035	84.114881	3.9
1255	981.311975	102.855869	0.000035	69.226907	4.3
1256	940.480977	102.848922	0.000035	101.916404	3.3
1257	953.426550	102.839657	0.000035	50.315851	3.8
1258	901.272052	102.830208	0.000035	25.762790	3.3
1259	997.571705	102.836361	0.000035	158.711874	3.4
1260	995.067969	102.831122	0.000035	72.391137	5.0
1261	982.891274	102.823922	0.000035	108.018056	3.5
1262	930.494131	102.813782	0.000035	85.815919	3.6
1263	893.277718	102.803638	0.000035	43.713092	3.9
1264	913.742828	102.841211	0.000035	80.724001	5.2
1265	939.849300	102.883127	0.000035	58.227884	5.2
1266	970.332500	102.917243	0.000035	60.608827	3.8
1267	946.536642	102.908727	0.000035	133.744192	2.7
1268	911.269622	102.898897	0.000035	67.345314	8.0
1269	1000.475099	103.180946	0.000035	17.568161	4.7
1270	982.459131	103.177887	0.000035	78.579444	5.9
1271	899.992942	103.176442	0.000035	60.785921	4.3
1272	980.728559	103.233098	0.000035	64.427178	4.3
1273	937.709451	103.224217	0.000035	80.503059	4.1
1274	952.267676	103.257085	0.000035	129.944006	3.9
1275	903.344611	103.246941	0.000035	72.128621	7.9
1276	917.073026	103.236716	0.000035	129.423899	5.7
1277	946.555990	103.849086	0.000035	61.999883	5.2
1278	932.431600	103.858679	0.000035	50.628757	5.5
1279	969.017922	103.852297	0.000035	55.675736	3.6
1280	962.668507	103.881698	0.000035	102.561254	3.6
1281	933.322310	103.872198	0.000035	106.984921	5.1
1282	917.473157	104.181006	0.000035	43.774853	5.7
1283	995.510135	104.236839	0.000035	151.270629	5.3
1284	962.662955	104.227852	0.000035	58.299436	5.1
1285	921.143729	104.744956	0.000034	92.587430	4.8
1286	947.834914	104.735622	0.000034	45.174018	4.6
1287	931.526236	104.735133	0.000034	56.198826	4.6
1288	942.308289	104.728743	0.000034	115.352676	4.6
1289	972.746442	104.760635	0.000034	23.231862	4.6
1290	965.919661	104.757880	0.000034	56.585539	7.2
1291	897.311204	104.757327	0.000034	29.068233	6.3
1292	980.427868	104.754449	0.000034	48.755165	4.7
1293	929.927268	104.754987	0.000034	56.921882	4.8
1294	953.573104	104.747486	0.000034	13.017318	3.8
1295	924.001865	104.744937	0.000034	64.989101	4.9
1296	969.714546	104.742713	0.000034	49.805227	3.8
1297	966.335495	104.780110	0.000034	67.544757	3.6
1298	925.588021	104.806128	0.000034	54.602278	3.6
1299	999.380857	104.801392	0.000034	55.003059	3.5
1300	970.295017	104.829170	0.000034	18.777377	5.6
1301	928.597052	104.830576	0.000034	33.101384	5.1
1302	923.984251	104.828698	0.000034	41.160738	5.0
1303	940.693335	104.828113	0.000034	33.354879	4.7
1304	907.002077	104.831233	0.000034	39.293179	4.8
1305	944.253547	104.826890	0.000034	23.727894	4.0
1306	908.485087	104.827175	0.000034	131.057908	3.6
1307	958.864750	104.830108	0.000034	116.069401	3.6
1308	937.885800	104.820175	0.000034	51.095214	2.9
1309	909.332395	104.894794	0.000034	49.377590	5.9
1310	926.012362	104.887428	0.000034	36.973606	3.1
1311	968.035086	104.881631	0.000034	43.171632	3.3
1312	913.724581	104.889371	0.000034	111.403209	3.1
1313	938.518154	104.935043	0.000034	44.913829	3.2
1314	957.167825	104.927259	0.000034	127.067290	4.9
1315	912.808183	104.923666	0.000034	58.974559	4.0
1316	926.905770	104.915486	0.000034	69.737439	3.9
1317	970.998102	104.961522	0.000034	34.834462	5.5
1318	912.801646	104.958783	0.000034	42.852788	4.0
1319	955.091455	104.960949	0.000034	123.448591	4.0
1320	992.635616	104.951862	0.000034	50.764296	4.6
1321	941.255197	105.140982	0.000034	76.997909	4.3
1322	985.231322	105.184889	0.000034	48.285018	3.7
1323	887.293280	105.243998	0.000034	105.509311	3.4
1324	962.314306	105.296078	0.000034	54.099123	4.7
1325	963.568114	105.286338	0.000034	91.471629	3.6
1326	976.143365	105.289626	0.000034	31.993567	3.6
1327	1011.408071	105.281745	0.000034	37.011459	4.7
1328	869.219778	105.289127	0.000034	88.006516	3.7
1329	936.288068	105.281420	0.000034	28.949055	8.1
1330	975.502399	105.307632	0.000034	64.825215	4.9
1331	888.733891	105.308962	0.000034	43.995352	5.2
1332	949.578511	105.301805	0.000034	53.573631	3.6
1333	951.564640	105.299008	0.000034	22.888801	4.4
1334	945.004137	105.294740	0.000034	71.858236	5.7
1335	939.654101	105.292486	0.000034	71.638328	4.8
1336	883.409125	105.304531	0.000034	28.548705	5.1
1337	901.623268	105.321528	0.000034	55.260519	3.4
1338	945.844408	105.327322	0.000034	43.268826	5.1
1339	888.716573	105.345894	0.000034	56.111576	5.6
1340	1005.978372	105.340186	0.000034	82.415772	5.7
1341	933.855742	105.337718	0.000034	53.749828	4.6
1342	934.522654	105.395184	0.000034	64.817503	4.4
1343	920.440887	105.386439	0.000034	69.735786	4.3
1344	987.593381	105.409825	0.000034	37.347537	4.2
1345	944.106263	105.403100	0.000034	25.486551	4.0
1346	993.800559	105.398925	0.000034	46.219028	3.9
1347	907.242683	105.394376	0.000034	152.126725	4.9
1348	909.567087	105.651096	0.000034	42.798448	4.8
1349	921.090111	105.641236	0.000034	73.838168	3.5
1350	900.755321	105.668008	0.000034	59.683173	5.6
1351	891.974635	105.679229	0.000034	59.280944	5.8
1352	960.173633	105.675412	0.000034	25.184358	3.8
1353	905.211184	105.670822	0.000034	77.131033	4.3
1354	947.013993	105.664577	0.000034	55.940199	4.6
1355	941.617746	105.655385	0.000034	69.207269	4.2
1356	933.998431	105.646537	0.000034	68.954840	4.6
1357	947.848155	105.752278	0.000034	73.949145	3.9
1358	973.839471	105.746629	0.000034	68.403941	5.5
1359	952.302237	105.738431	0.000034	100.453259	4.7
1360	975.354719	105.782086	0.000034	84.575456	3.7
1361	846.518532	105.774703	0.000034	38.791476	4.1
1362	903.558443	105.816032	0.000034	54.927604	4.3
1363	916.140049	105.811400	0.000034	127.295799	5.8
1364	929.092061	105.801579	0.000034	71.365057	7.6
1365	959.218281	105.901817	0.000034	52.487001	5.6
1366	942.913339	105.893018	0.000034	78.121083	5.0
1367	915.520495	105.883802	0.000034	47.580921	4.7
1368	898.184331	105.942429	0.000034	99.837825	5.9
1369	901.958299	106.045052	0.000034	167.311388	4.5
1370	951.429448	106.034717	0.000034	176.563213	5.5
1371	992.548603	107.034700	0.000034	63.998648	5.8
1372	968.266590	107.684154	0.000034	96.454816	5.3
1373	951.335193	107.813801	0.000034	109.069901	7.4
1374	908.305479	108.514642	0.000033	36.525722	5.9
1375	964.615162	108.539730	0.000033	71.065815	6.3
1376	954.055866	108.536005	0.000033	47.318912	5.6
1377	997.273490	108.574627	0.000033	105.500635	5.2
1378	998.359971	108.681865	0.000033	78.949190	6.2
1379	966.191989	108.750670	0.000033	92.613465	5.1
1380	932.347249	108.742133	0.000033	51.373708	5.0
1381	972.479496	108.823124	0.000033	54.192119	4.2
1382	1027.250367	108.815293	0.000033	88.646946	6.5
1383	902.119296	108.828977	0.000033	61.575691	3.7
1384	908.728203	108.957319	0.000033	87.720238	3.6
1385	1012.726647	108.956393	0.000033	60.688989	3.7
1386	886.318641	109.096635	0.000033	161.391298	5.3
1387	999.164803	109.179816	0.000033	69.543062	3.8
1388	955.544542	109.868631	0.000033	135.904455	3.4
1389	954.037770	109.859122	0.000033	22.972262	3.8
1390	948.128430	109.886745	0.000033	25.563300	3.9
1391	947.058267	109.885389	0.000033	152.495353	5.3
1392	924.380482	109.881618	0.000033	69.375820	5.9
1393	878.438246	110.343433	0.000033	100.399285	4.9
1394	938.470908	110.333857	0.000033	112.724129	4.1
1395	943.546945	110.323547	0.000033	87.932750	6.1
1396	919.063159	110.961883	0.000033	25.934204	3.9
1397	981.851946	110.984148	0.000033	31.444232	3.9
1398	938.030213	110.988462	0.000033	55.717648	4.0
1399	918.702924	110.984081	0.000033	50.139323	4.9
1400	943.335678	111.006563	0.000033	41.077844	4.0
1401	882.043769	111.001664	0.000033	73.168661	5.8
1402	930.150984	111.030814	0.000033	111.742106	5.8
1403	891.477084	111.020759	0.000033	37.630771	4.9
1404	896.570614	111.031143	0.000033	95.049653	6.1
1405	987.825955	111.036643	0.000033	98.147045	5.4
1406	950.713287	111.471129	0.000033	158.454172	6.0
1407	906.448824	111.460804	0.000033	31.279373	4.6
1408	956.619427	111.493377	0.000033	64.990478	4.6
1409	948.472679	111.488937	0.000033	13.378350	4.6
1410	931.217884	111.486833	0.000033	41.309602	5.4
1411	991.948547	111.487450	0.000033	65.291641	5.5
1412	866.635011	111.479821	0.000033	49.898777	6.1
1413	957.545662	111.507453	0.000033	36.014034	4.1
1414	980.048120	111.507588	0.000033	64.532459	4.2
1415	929.170936	111.515399	0.000033	59.972891	4.4
1416	930.796081	111.549471	0.000033	81.584013	3.9
1417	885.692225	111.540020	0.000033	107.546700	3.8
1418	906.079705	111.578830	0.000033	46.829832	3.6
1419	928.207756	111.669764	0.000033	62.124464	5.4
1420	874.083709	111.663058	0.000033	109.894568	5.8
1421	905.162016	111.884135	0.000033	62.957681	3.8
1422	938.004085	111.899499	0.000033	77.766328	4.9
1423	938.092321	111.956599	0.000033	49.402834	4.6
1424	963.652714	111.949016	0.000033	21.283391	5.2
1425	974.315413	111.953214	0.000033	166.971407	5.9
1426	973.060269	111.981294	0.000033	70.245206	5.4
1427	935.187222	112.133775	0.000032	63.319924	5.3
1428	972.082295	112.214150	0.000032	69.524983	4.1
1429	946.319192	112.207789	0.000032	21.751207	4.1
1430	875.124586	112.205311	0.000032	104.214145	4.8
1431	882.389186	112.205063	0.000032	92.493875	5.1
1432	938.825261	112.194903	0.000032	148.020323	3.3
1433	965.307526	112.219683	0.000032	31.596113	3.1
1434	899.650159	112.250204	0.000032	24.985204	5.2
1435	927.541527	112.253948	0.000032	134.441628	4.7
1436	998.320632	112.271856	0.000032	30.067323	4.6
1437	956.501488	112.274125	0.000032	98.661649	4.7
1438	910.915501	112.283736	0.000032	90.982613	5.1
1439	902.787909	112.758389	0.000032	66.546439	6.4
1440	961.008555	112.769001	0.000032	61.920939	5.7
1441	981.603790	112.802740	0.000032	67.256823	5.4
1442	840.265156	112.850819	0.000032	63.971832	4.6
1443	983.778112	112.923122	0.000032	67.389020	7.2
1444	874.548442	112.922667	0.000032	76.348619	7.2
1445	982.107213	112.914592	0.000032	27.365638	5.1
1446	894.952386	112.920112	0.000032	98.696627	4.5
1447	1026.805671	112.924085	0.000032	173.875776	5.6
1448	961.691662	113.478367	0.000032	83.818049	5.1
1449	948.149943	113.751603	0.000032	30.531769	6.6
1450	942.243712	113.765449	0.000032	82.602572	4.2
1451	991.989381	113.757872	0.000032	91.716315	4.3
1452	911.441173	113.753020	0.000032	15.412287	5.0
1453	980.348671	113.748790	0.000032	44.298305	5.9
1454	962.924689	113.751621	0.000032	36.313511	4.2
1455	967.576146	113.753177	0.000032	103.671270	4.1
1456	959.342596	113.767889	0.000032	85.843651	5.9
1457	971.510338	113.757686	0.000032	75.441390	4.3
1458	927.310232	113.889850	0.000032	56.454768	5.1
1459	1020.844188	113.890138	0.000032	100.872165	4.3
1460	916.430469	113.880284	0.000032	43.226943	3.9
1461	937.038768	113.966310	0.000032	78.811501	3.9
1462	921.930223	114.009841	0.000032	84.678523	4.5
1463	943.789344	114.245160	0.000032	33.945018	4.7
1464	936.631641	114.237274	0.000032	73.579227	5.7
1465	973.668442	114.232177	0.000032	21.479018	5.1
1466	903.024800	114.235981	0.000032	78.742239	5.0
1467	947.683557	114.241970	0.000032	77.926183	4.5
1468	951.667430	114.448093	0.000032	83.746216	4.3
1469	960.989755	114.527205	0.000032	76.894752	4.4
1470	943.214361	114.720064	0.000032	46.171444	4.3
1471	938.849736	114.712575	0.000032	43.871675	5.2
1472	910.418121	114.709909	0.000032	16.002649	6.1
1473	943.195762	114.709886	0.000032	66.419678	5.6
1474	918.550061	114.708022	0.000032	62.713226	4.9
1475	916.032175	114.732703	0.000032	93.332485	4.6
1476	869.913169	114.727390	0.000032	41.953340	3.3
1477	986.552256	114.766651	0.000032	128.291974	4.7
1478	950.113577	114.829651	0.000032	100.590555	5.1
1479	901.968559	114.820977	0.000032	60.188536	5.0
1480	913.144600	114.904170	0.000032	98.249205	5.8
1481	910.259517	114.898782	0.000032	59.382750	6.7
1482	933.605649	114.910321	0.000032	90.675749	3.6
1483	921.218801	115.002851	0.000032	86.394993	4.3
1484	877.785637	115.129041	0.000032	116.755037	5.3
1485	925.779449	115.118747	0.000032	124.256754	4.0
1486	938.732555	116.085136	0.000032	95.664767	3.8
1487	940.704065	116.074819	0.000032	70.016093	5.0
1488	911.987639	116.067301	0.000032	38.698503	5.7
1489	943.505067	116.065710	0.000032	87.390694	4.5
1490	934.822826	116.065804	0.000032	27.962929	3.5
1491	981.145222	116.061333	0.000032	31.656762	4.6
1492	978.764404	116.060709	0.000032	47.486951	5.6
1493	940.522661	116.056543	0.000032	22.658285	3.8
1494	962.974399	116.056116	0.000032	76.816768	4.0
1495	944.216637	116.052051	0.000032	44.056497	6.2
1496	1008.931533	116.047073	0.000032	79.437991	4.1
1497	899.540226	116.041746	0.000032	22.654035	4.2
1498	915.674882	116.043193	0.000032	102.176301	5.0
1499	952.862968	116.047143	0.000032	63.850002	6.4
1500	953.589835	116.049084	0.000032	93.206026	3.6
1501	999.383564	116.041692	0.000032	65.052886	4.7
1502	948.849422	116.215133	0.000032	131.629877	3.7
1503	935.406441	116.205216	0.000032	22.795494	3.8
1504	943.587496	116.206290	0.000032	46.825981	3.7
1505	955.893380	116.211305	0.000032	122.377216	5.9
1506	935.932271	116.234289	0.000032	34.054189	3.6
1507	933.021922	116.290477	0.000032	73.139110	3.8
1508	1011.596411	116.283039	0.000032	98.638937	3.9
1509	939.304206	116.273218	0.000032	26.876154	3.6
1510	894.079351	116.266404	0.000032	110.047962	3.5
1511	987.901158	116.286340	0.000032	160.292253	3.4
1512	930.112804	117.270592	0.000031	89.856553	3.4
1513	905.072387	118.228971	0.000031	51.774784	6.0
1514	915.590381	118.219891	0.000031	47.283905	3.5
1515	940.866759	118.213442	0.000031	47.391029	4.1
1516	980.630636	118.218654	0.000031	118.832480	3.7
1517	918.885431	118.208786	0.000031	49.859632	3.4
1518	991.491905	118.262672	0.000031	86.650891	3.5
1519	921.571297	118.253402	0.000031	25.884646	4.0
1520	901.090719	118.267412	0.000031	97.039390	5.1
1521	918.481813	118.263934	0.000031	59.164433	3.0
1522	884.904325	118.254345	0.000031	55.420551	3.1
1523	897.417967	118.247728	0.000031	122.477945	7.3
1524	930.819345	118.253239	0.000031	79.217190	3.8
1525	920.358393	118.833886	0.000031	50.826473	6.8
1526	934.876102	118.828998	0.000031	58.763184	4.5
1527	960.833360	118.836598	0.000031	50.227843	5.7
1528	983.780158	118.828526	0.000031	168.202398	4.8
1529	953.246249	119.106034	0.000031	137.343919	4.3
1530	943.701593	119.095696	0.000031	166.125382	3.6
1531	980.549547	120.094936	0.000031	86.257250	6.3
1532	949.685739	120.086659	0.000031	18.961553	4.3
1533	900.603124	120.086993	0.000031	41.346117	4.0
1534	897.099394	120.089455	0.000031	115.671619	5.7
1535	916.626483	120.189818	0.000031	116.562342	3.2
1536	946.192390	120.179489	0.000031	62.869034	3.3
1537	955.356160	120.218698	0.000031	41.496335	6.9
1538	912.240444	120.224990	0.000031	26.549054	4.0
1539	933.940520	120.223403	0.000031	130.655339	4.9
1540	942.724631	120.218012	0.000031	99.013607	4.7
1541	946.071752	120.207695	0.000031	56.880376	4.2
1542	967.874420	120.210649	0.000031	50.887763	4.1
1543	913.450981	120.214643	0.000031	83.238057	3.2
1544	933.277131	120.244752	0.000031	98.525623	4.3
1545	964.800798	120.582696	0.000031	79.598987	4.6
1546	909.631121	120.572509	0.000031	75.079307	4.1
1547	965.759151	120.723607	0.000031	24.601574	3.9
1548	913.894272	120.724446	0.000031	216.900315	3.9
1549	929.458410	120.733689	0.000031	115.042309	4.1
1550	1017.731100	121.733538	0.000030	84.843700	4.1
1551	942.986854	122.209407	0.000030	25.683936	3.4
1552	934.954379	122.220786	0.000030	78.837646	3.4
1553	986.811089	122.219412	0.000030	47.606464	3.4
1554	976.157109	122.270322	0.000030	57.040358	4.6
1555	982.003316	122.294673	0.000030	31.008750	4.1
1556	918.712236	122.291173	0.000030	29.523357	5.4
1557	922.057788	122.295980	0.000030	85.505358	3.9
1558	914.990713	122.320393	0.000030	132.291768	4.3
1559	925.937018	122.310076	0.000030	49.367674	4.5
1560	953.776739	122.524182	0.000030	29.479882	4.4
1561	1018.551417	122.519512	0.000030	105.757651	5.4
1562	997.771540	122.512154	0.000030	94.412251	8.0
1563	952.036600	122.501873	0.000030	17.024600	4.9
1564	931.787166	122.512413	0.000030	62.974323	5.5
1565	954.827096	122.516349	0.000030	49.436484	5.4
1566	916.533086	122.555018	0.000030	78.915301	4.4
1567	968.242585	122.618481	0.000030	57.965543	4.3
1568	955.983573	122.698082	0.000030	74.064533	3.6
1569	932.593769	122.690856	0.000030	79.990871	3.8
1570	1024.816703	122.742619	0.000030	64.707242	3.8
1571	961.223414	122.754934	0.000030	14.984376	6.2
1572	936.441217	122.753714	0.000030	41.492851	3.4
1573	953.748152	122.756057	0.000030	59.870264	4.0
1574	938.433593	122.750965	0.000030	28.985698	3.8
1575	899.495616	122.752619	0.000030	104.512563	3.8
1576	940.465524	122.753328	0.000030	64.224496	3.6
1577	962.787095	122.804161	0.000030	60.750968	3.5
1578	888.407343	122.795396	0.000030	22.920030	3.5
1579	920.898904	122.803371	0.000030	34.649174	3.8
1580	936.848141	122.800338	0.000030	57.959161	5.7
1581	940.607262	122.816825	0.000030	50.581090	4.2
1582	945.824323	122.811852	0.000030	68.351611	2.7
1583	939.314832	122.812999	0.000030	69.350887	2.6
1584	900.423387	122.804149	0.000030	65.657537	2.7
1585	970.376130	122.796331	0.000030	96.432327	4.2
1586	901.631338	122.787608	0.000030	35.984662	4.2
1587	991.025597	122.834279	0.000030	91.566649	3.8
1588	953.688372	122.828379	0.000030	27.898171	3.2
1589	955.154123	122.847400	0.000030	34.528289	4.8
1590	949.716956	122.846369	0.000030	40.690655	3.6
1591	935.951752	122.846017	0.000030	46.725713	3.9
1592	920.912964	122.844281	0.000030	152.344344	3.7
1593	948.979749	122.852553	0.000030	20.827394	3.6
1594	907.664925	122.892519	0.000030	56.702254	3.8
1595	972.339608	122.888159	0.000030	72.096655	3.9
1596	944.781748	122.903833	0.000030	110.852251	3.2
1597	957.691932	123.257449	0.000030	70.974359	3.7
1598	914.473422	123.355321	0.000030	130.549292	4.2
1599	1002.537401	123.639677	0.000030	99.071154	3.0
1600	953.107278	123.673068	0.000030	73.837476	3.3
1601	929.818227	123.885672	0.000030	67.320056	3.7
1602	946.155231	123.893705	0.000030	72.344753	5.5
1603	980.022413	123.954210	0.000030	94.219649	3.0
1604	905.583467	123.944212	0.000030	68.357482	3.6
1605	1001.664497	124.186864	0.000030	37.080184	3.7
1606	893.986579	124.183030	0.000030	154.909605	3.4
1607	880.749918	124.174153	0.000030	59.857624	3.1
1608	959.355260	124.281747	0.000030	41.067541	4.6
1609	939.662867	124.297852	0.000030	200.896599	4.1
1610	958.453029	124.709532	0.000030	77.874113	3.0
1611	913.014125	125.636366	0.000030	89.592391	5.7
1612	911.031411	125.631737	0.000030	30.644788	3.2
1613	922.544251	125.635018	0.000030	109.386252	4.8
1614	950.766969	125.674802	0.000029	12.290604	5.1
1615	922.518652	125.672573	0.000029	99.043450	5.0
1616	959.689555	125.670583	0.000029	36.739987	5.9
1617	951.673128	125.710336	0.000029	47.142228	5.6
1618	899.085293	125.722743	0.000029	112.343534	6.2
1619	955.014582	125.791665	0.000029	133.780824	6.0
1620	922.244519	125.781333	0.000029	52.124290	4.8
1621	965.610233	125.771552	0.000029	130.992432	4.5
1622	952.837197	126.029905	0.000029	60.392159	4.1
1623	913.513014	126.024690	0.000029	33.396169	4.0
1624	975.779684	126.018343	0.000029	83.251697	5.6
1625	968.916424	126.010343	0.000029	89.232426	3.6
1626	927.018093	126.190275	0.000029	30.187020	3.8
1627	926.197971	126.190856	0.000029	108.946682	3.2
1628	931.745629	126.185520	0.000029	70.269467	3.6
1629	908.935652	126.469053	0.000029	122.162467	3.9
1630	957.527550	126.458818	0.000029	77.465256	3.0
1631	942.694053	126.449735	0.000029	79.095648	5.4
1632	920.992915	126.485814	0.000029	41.939732	2.9
1633	972.072573	126.514553	0.000029	70.209695	5.2
1634	893.900337	126.523746	0.000029	103.123153	4.2
1635	933.943135	126.584570	0.000029	37.791510	4.8
1636	934.663441	126.608564	0.000029	44.062430	6.3
1637	960.491574	126.614242	0.000029	34.515122	5.1
1638	931.563864	126.622103	0.000029	73.146708	5.1
1639	963.567825	126.635817	0.000029	107.965360	5.0
1640	945.842334	126.633074	0.000029	94.495777	5.1
1641	908.209635	126.756681	0.000029	80.915312	4.8
1642	897.336123	126.746587	0.000029	88.596744	4.8
1643	931.492957	126.736466	0.000029	43.751446	4.6
1644	925.597214	126.789025	0.000029	31.088780	5.6
1645	1014.100161	126.792298	0.000029	52.257898	5.1
1646	1035.594368	126.786550	0.000029	105.838290	4.8
1647	951.814333	126.783647	0.000029	82.955553	4.8
1648	973.187704	126.774373	0.000029	33.497285	4.5
1649	961.264294	126.792743	0.000029	77.202561	3.6
1650	909.961117	126.785055	0.000029	121.707991	3.7
1651	953.246540	127.241228	0.000029	49.326581	3.4
1652	898.401601	127.239149	0.000029	82.665329	3.5
1653	905.277857	127.305581	0.000029	24.206146	3.4
1654	922.068649	127.303054	0.000029	72.101562	3.7
1655	915.921475	127.313162	0.000029	148.879981	3.8
1656	966.328618	127.302874	0.000029	39.082898	3.6
1657	927.215434	127.476007	0.000029	33.928680	2.9
1658	975.712683	127.471453	0.000029	48.041634	3.1
1659	952.953282	127.470545	0.000029	78.270097	5.6
1660	915.379622	127.474468	0.000029	98.005296	4.3
1661	921.682893	127.468049	0.000029	38.422839	5.4
1662	963.544754	127.459408	0.000029	112.818709	4.8
1663	959.785753	127.530022	0.000029	81.985074	4.7
1664	1018.408853	128.109162	0.000029	51.282486	4.5
1665	919.607162	128.150101	0.000029	27.927219	5.3
1666	856.519286	128.145769	0.000029	87.927453	5.6
1667	960.537234	128.163071	0.000029	53.833660	5.1
1668	946.846617	128.154691	0.000029	80.664383	5.0
1669	928.217621	128.172336	0.000029	39.715269	4.8
1670	933.365018	128.168082	0.000029	109.004087	3.9
1671	971.022103	128.158916	0.000029	71.945091	4.6
1672	1029.334866	128.148778	0.000029	132.363479	3.9
1673	928.578265	128.139229	0.000029	14.325375	8.9
1674	921.585303	128.135314	0.000029	103.930642	4.7
1675	994.496765	128.140714	0.000029	125.564394	7.7
1676	937.441762	129.063674	0.000029	85.785539	6.2
1677	932.927186	129.654925	0.000029	32.762077	5.3
1678	926.512986	129.658617	0.000029	94.095357	4.9
1679	973.646692	129.660414	0.000029	95.397644	5.4
1680	939.857511	129.866936	0.000029	74.829937	5.2
1681	991.074035	129.863890	0.000029	29.397927	5.4
1682	922.875351	129.859904	0.000029	28.161501	4.8
1683	891.473288	129.864874	0.000029	53.596905	4.9
1684	943.235274	129.859380	0.000029	64.412242	4.2
1685	871.037574	129.850768	0.000029	61.138077	4.1
1686	947.979663	129.910562	0.000029	24.471328	4.2
1687	929.580870	129.908822	0.000029	72.425297	4.8
1688	918.908859	129.905246	0.000029	44.983466	5.3
1689	998.801100	129.924901	0.000029	61.553000	5.3
1690	922.358937	129.920298	0.000029	60.530434	5.1
1691	944.107388	129.966894	0.000029	34.101546	5.1
1692	941.911755	129.961459	0.000029	33.222361	3.1
1693	939.486831	129.966757	0.000029	32.306990	3.6
1694	961.501027	129.967933	0.000029	122.675531	5.5
1695	954.602479	129.965758	0.000029	86.238254	4.3
1696	955.197900	130.681302	0.000029	47.313136	4.9
1697	947.123411	130.674084	0.000029	157.891315	5.3
1698	930.377187	130.664100	0.000029	54.189420	5.2
1699	934.786277	131.022874	0.000028	22.427764	6.0
1700	996.832020	131.019049	0.000028	74.924190	5.4
1701	912.937774	131.020184	0.000028	90.212893	5.3
1702	956.405405	131.010161	0.000028	73.927610	4.8
1703	853.285971	131.010113	0.000028	50.413844	7.4
1704	943.874507	131.012706	0.000028	25.883289	5.2
1705	925.308308	131.008996	0.000028	36.213614	3.7
1706	960.859855	131.009457	0.000028	115.274632	5.1
1707	896.673124	131.003420	0.000028	49.533676	3.9
1708	865.133000	131.133977	0.000028	90.299288	8.0
1709	988.093445	131.124883	0.000028	18.209669	3.3
1710	980.705024	131.122955	0.000028	67.592870	5.5
1711	937.554704	131.120265	0.000028	41.112799	6.3
1712	877.144930	131.146383	0.000028	36.547707	5.5
1713	944.448774	131.143530	0.000028	33.394153	4.6
1714	932.211901	131.142698	0.000028	24.577214	6.2
1715	943.045381	131.146602	0.000028	25.304289	6.2
1716	934.963274	131.147170	0.000028	92.839967	5.5
1717	907.358644	131.141531	0.000028	42.488384	6.6
1718	937.927230	131.205556	0.000028	48.404226	4.1
1719	923.244521	131.214888	0.000028	102.726478	4.2
1720	906.040661	131.316811	0.000028	46.632628	4.0
1721	978.559489	131.307407	0.000028	157.223920	4.0
1722	902.945274	131.489917	0.000028	84.964364	3.8
1723	973.405225	131.479587	0.000028	117.746952	4.3
1724	933.726651	131.469304	0.000028	96.755228	4.3
1725	946.945585	132.001014	0.000028	45.854212	5.1
1726	959.318332	131.992113	0.000028	27.063093	4.9
1727	919.642564	131.988647	0.000028	50.334194	5.3
1728	919.845753	131.983907	0.000028	40.349266	5.6
1729	922.661603	131.978756	0.000028	62.653480	4.6
1730	905.615950	131.986141	0.000028	126.530480	4.8
1731	894.603711	131.975947	0.000028	84.730847	5.1
1732	945.432454	131.965643	0.000028	64.872313	4.9
1733	984.270781	132.106940	0.000028	52.919420	5.1
1734	943.059037	132.105031	0.000028	50.638161	4.8
1735	899.768921	132.115272	0.000028	100.454458	4.2
1736	975.638603	132.105623	0.000028	118.142135	4.2
1737	951.165578	132.961168	0.000028	96.249304	3.5
1738	900.272716	132.951244	0.000028	61.753417	5.0
1739	968.005274	132.941735	0.000028	54.265059	5.2
1740	1001.699704	132.933085	0.000028	33.772995	4.1
1741	977.287683	132.948159	0.000028	113.940778	4.0
1742	925.171128	132.940615	0.000028	67.872904	3.6
1743	926.642660	133.165582	0.000028	188.989980	3.6
1744	970.925711	133.155269	0.000028	49.995113	3.6
1745	928.784444	133.145000	0.000028	61.469732	3.5
1746	977.479438	133.138992	0.000028	67.204435	5.4
1747	911.999815	133.132499	0.000028	19.897363	3.5
1748	879.221415	133.130700	0.000028	181.723990	5.4
1749	916.640964	133.129881	0.000028	46.141122	4.0
1750	984.091078	133.152427	0.000028	40.058896	4.0
1751	916.153111	133.155514	0.000028	70.704232	6.4
1752	962.795237	133.175187	0.000028	65.950434	4.3
1753	933.913373	133.165900	0.000028	55.249908	5.3
1754	952.723394	133.163199	0.000028	103.168729	4.7
1755	960.818019	133.157096	0.000028	106.722188	4.5
1756	934.246410	133.147000	0.000028	178.982983	5.0
1757	932.930843	133.898838	0.000028	12.769235	4.0
1758	949.859730	133.893466	0.000028	30.313041	4.1
1759	983.091008	133.892094	0.000028	74.392027	4.0
1760	993.702242	133.909483	0.000028	63.407395	3.6
1761	941.264685	133.901107	0.000028	18.668023	5.8
1762	945.899604	133.903514	0.000028	24.933612	5.1
1763	892.356593	133.904524	0.000028	31.826152	5.6
1764	923.473172	133.907795	0.000028	37.459640	4.6
1765	935.696871	133.903094	0.000028	65.228987	4.4
1766	940.935133	133.923872	0.000028	38.398203	5.5
1767	919.313744	133.941525	0.000028	20.866764	4.8
1768	982.868262	133.943042	0.000028	139.275317	5.5
1769	900.936253	133.942350	0.000028	47.304902	4.5
1770	939.838290	133.933974	0.000028	27.989800	6.0
1771	946.755173	133.939183	0.000028	106.154668	3.0
1772	941.343556	133.932242	0.000028	19.597774	3.4
1773	958.530293	133.927718	0.000028	59.339912	3.4
1774	884.493444	133.923537	0.000028	82.737706	3.2
1775	957.437175	133.957521	0.000028	56.332861	3.9
1776	945.990889	133.998594	0.000028	104.744544	4.7
1777	950.278584	133.993775	0.000028	44.380995	3.0
1778	938.284149	134.022158	0.000028	79.190398	3.0
1779	929.666162	134.065405	0.000028	26.531450	3.1
1780	916.020736	134.068282	0.000028	74.208247	3.1
1781	928.192417	134.062192	0.000028	78.780149	4.9
1782	940.185555	134.068796	0.000028	49.778796	2.9
1783	984.164307	134.127853	0.000028	139.594362	4.5
1784	912.898767	134.117752	0.000028	23.128585	9.3
1785	990.181232	134.109953	0.000028	100.489033	3.7
1786	958.767046	134.120192	0.000028	51.566334	6.2
1787	887.114741	134.229808	0.000028	54.336314	3.7
1788	941.072893	134.224587	0.000028	45.722383	4.0
1789	932.005732	134.230323	0.000028	203.387646	6.7
1790	981.757133	134.252032	0.000028	135.014841	3.7
1791	985.844172	134.241693	0.000028	34.256736	6.0
1792	979.146945	134.318476	0.000028	43.277350	5.5
1793	958.160210	134.326633	0.000028	91.835303	7.0
1794	916.703561	134.317833	0.000028	74.294523	5.6
1795	898.861011	134.567777	0.000028	42.802372	5.6
1796	924.519589	134.559983	0.000028	85.499860	4.0
1797	920.861039	134.575893	0.000028	57.688514	4.1
1798	915.451271	134.572010	0.000028	27.611474	4.8
1799	964.348406	134.578598	0.000028	134.378474	5.8
1800	947.655415	134.570349	0.000028	36.194871	6.2
1801	953.971188	134.603275	0.000028	36.078617	5.8
1802	899.674215	134.606082	0.000028	72.225174	3.9
1803	965.700223	134.599740	0.000028	17.833312	5.2
1804	956.068876	134.595019	0.000028	34.620831	5.4
1805	927.196707	134.593351	0.000028	76.433215	4.0
1806	957.842530	134.585771	0.000028	93.523008	5.2
1807	911.690240	134.575815	0.000028	48.259843	4.2
1808	942.877267	134.569157	0.000028	84.493986	4.7
1809	1003.396856	134.565561	0.000028	52.065833	4.7
1810	935.980778	134.565393	0.000028	66.318038	5.7
1811	917.819911	134.584659	0.000028	74.343958	4.2
1812	947.677173	134.594738	0.000028	130.801039	4.6
1813	951.971750	135.248550	0.000028	109.603180	4.2
1814	921.705787	135.238224	0.000028	43.260963	5.4
1815	950.587765	135.294390	0.000028	53.705361	5.5
1816	970.191020	135.298054	0.000028	27.302390	5.4
1817	940.501788	135.296505	0.000028	53.505869	6.6
1818	1007.605967	135.291581	0.000028	67.178777	5.4
1819	903.332796	135.285870	0.000028	91.654361	5.5
1820	956.394777	135.300432	0.000028	33.045209	5.7
1821	954.483483	135.325621	0.000028	39.858029	4.7
1822	921.498872	135.321206	0.000028	139.661057	3.9
1823	902.807571	135.412315	0.000028	27.900405	5.2
1824	994.020164	135.426776	0.000028	65.832030	5.0
1825	942.098706	135.420849	0.000028	26.744133	5.0
1826	964.915757	135.418188	0.000028	32.606187	3.9
1827	984.451387	135.414475	0.000028	71.299834	4.1
1828	915.791180	135.435603	0.000028	33.003040	7.4
1829	939.911081	135.449628	0.000028	48.584606	5.0
1830	973.176037	135.444232	0.000028	15.556654	6.7
1831	976.122377	135.448062	0.000028	24.904559	5.0
1832	931.799452	135.446617	0.000028	71.702912	10.9
1833	942.360135	135.440518	0.000028	47.241142	4.6
1834	929.991131	135.475746	0.000028	109.384560	4.8
1835	927.296449	135.486133	0.000028	101.942487	5.2
1836	944.183173	135.475818	0.000028	137.478194	4.5
1837	970.460027	135.798491	0.000028	102.466695	4.1
1838	942.082541	136.664457	0.000027	15.515678	4.1
1839	915.838199	136.672227	0.000027	153.421550	3.5
1840	980.993960	136.675833	0.000027	42.660634	3.7
1841	921.690695	136.881609	0.000027	78.732232	4.1
1842	897.785224	136.883537	0.000027	18.564778	5.3
1843	991.865477	136.887684	0.000027	92.405588	4.0
1844	887.119127	136.883898	0.000027	131.518255	6.1
1845	933.776275	137.768563	0.000027	74.341887	4.1
1846	959.826383	137.758499	0.000027	60.078168	4.0
1847	931.549317	137.758195	0.000027	70.416837	4.6
1848	969.012531	137.804847	0.000027	101.221847	4.2
1849	924.789634	137.806837	0.000027	66.244684	3.8
1850	913.262704	137.801153	0.000027	44.206491	4.6
1851	886.667487	137.831849	0.000027	71.240761	4.0
1852	929.298005	137.827937	0.000027	46.768203	3.8
1853	964.421290	137.819587	0.000027	40.313237	4.4
1854	943.905803	137.830485	0.000027	31.990050	4.9
1855	965.421493	137.833535	0.000027	39.502721	6.8
1856	967.298362	137.838337	0.000027	112.542940	2.6
1857	942.382829	137.828940	0.000027	14.895053	2.7
1858	899.633015	137.828116	0.000027	108.951310	2.6
1859	947.158849	137.828343	0.000027	52.385710	4.2
1860	928.741102	137.880734	0.000027	50.611001	2.7
1861	907.189810	137.890284	0.000027	59.569527	5.2
1862	975.512541	137.891406	0.000027	69.211672	4.0
1863	880.266040	137.949044	0.000027	101.269392	3.8
1864	938.075172	137.939520	0.000027	78.321905	3.8
1865	915.098812	138.336808	0.000027	70.181533	3.9
1866	945.669523	138.328990	0.000027	39.549171	4.7
1867	878.758784	138.322225	0.000027	73.816352	5.3
1868	952.252693	138.325275	0.000027	63.859732	5.0
1869	905.571219	138.330496	0.000027	45.679461	5.3
1870	954.723952	138.324944	0.000027	132.891899	4.8
1871	943.717585	138.414246	0.000027	77.958222	4.3
1872	927.375741	139.121655	0.000027	47.453454	3.7
1873	951.744070	139.112751	0.000027	19.248114	7.3
1874	937.242612	139.117082	0.000027	78.626893	3.7
1875	904.412692	139.111457	0.000027	133.831096	2.8
1876	909.943740	139.101157	0.000027	95.092922	5.2
1877	976.371793	139.902908	0.000027	58.207374	5.4
1878	945.340295	139.894094	0.000027	69.206629	4.9
1879	951.782443	139.887008	0.000027	29.180664	3.9
1880	889.864357	139.889229	0.000027	48.001042	5.1
1881	929.618831	139.884997	0.000027	42.251610	3.9
1882	976.220696	139.891036	0.000027	53.383554	4.1
1883	975.776730	139.904304	0.000027	24.287152	4.0
1884	983.061312	139.906436	0.000027	11.927128	4.4
1885	922.597303	139.905034	0.000027	35.478825	5.0
1886	946.343379	139.903947	0.000027	91.972852	3.5
1887	923.665163	139.897569	0.000027	81.442774	2.4
1888	955.698130	139.887401	0.000027	89.473795	11.4
1889	931.525527	139.877539	0.000027	81.312561	5.2
1890	932.913916	140.204971	0.000027	22.050935	2.8
1891	994.810473	140.213614	0.000027	14.392118	2.5
1892	991.774654	140.214356	0.000027	84.281453	2.4
1893	909.420999	140.209828	0.000027	36.525353	4.6
1894	994.173487	140.215767	0.000027	70.132575	2.6
1895	953.718679	140.233219	0.000027	73.111503	5.5
1896	894.820279	140.223741	0.000027	19.601994	2.6
1897	917.604409	140.219280	0.000027	59.759809	3.2
1898	1020.251974	140.215008	0.000027	53.711496	2.9
1899	923.479488	140.208945	0.000027	88.912469	3.1
1900	896.017797	140.200215	0.000027	140.060494	4.0
1901	948.097694	141.046557	0.000027	40.742241	4.0
1902	934.151539	141.109809	0.000027	67.034319	4.1
1903	971.535711	141.101875	0.000027	98.406558	2.9
1904	923.533109	141.302364	0.000027	27.972816	5.1
1905	904.779649	141.332020	0.000027	39.722848	3.4
1906	956.479536	141.337204	0.000027	44.727343	3.4
1907	920.672623	141.348017	0.000027	54.001759	3.4
1908	967.332865	141.342832	0.000027	52.147522	3.1
1909	964.756783	141.342206	0.000027	66.175892	3.2
1910	958.514518	141.352429	0.000027	65.990034	3.4
1911	943.451325	141.343051	0.000027	76.057003	4.0
1912	935.562562	141.359717	0.000027	95.499714	4.0
1913	898.463081	141.359287	0.000027	44.494580	3.9
1914	925.639599	141.352811	0.000027	56.880607	3.8
1915	928.873950	141.359459	0.000027	27.477151	3.2
1916	936.236458	141.354626	0.000027	130.831663	3.5
1917	927.039588	141.347284	0.000027	72.364299	5.7
1918	931.524238	141.605486	0.000027	25.764626	5.0
1919	933.980677	141.607631	0.000027	34.784242	4.8
1920	948.864901	141.608926	0.000027	84.816519	5.9
1921	951.164980	141.617609	0.000027	41.703858	4.9
1922	966.908100	141.661214	0.000027	23.511249	4.5
1923	928.110569	141.666421	0.000027	26.930989	4.9
1924	925.706968	141.669082	0.000027	46.249398	4.2
1925	940.616423	141.667889	0.000027	86.717554	3.7
1926	922.565523	141.689776	0.000027	113.057394	3.7
1927	932.381272	142.156945	0.000027	82.197271	3.6
1928	921.967639	142.353702	0.000026	18.665995	3.4
1929	913.352755	142.361969	0.000026	55.020072	5.1
1930	977.347648	142.362942	0.000026	125.415478	4.4
1931	956.460625	142.360200	0.000026	24.079254	4.1
1932	924.734896	142.352891	0.000026	79.800392	3.4
1933	930.351875	142.353637	0.000026	63.553174	3.1
1934	888.744455	142.344051	0.000026	84.685114	6.9
1935	981.170599	142.343106	0.000026	30.028560	5.1
1936	936.274165	142.338726	0.000026	99.799808	5.0
1937	885.356931	142.330776	0.000026	36.186165	3.8
1938	967.902912	142.324056	0.000026	47.274716	3.3
1939	964.904001	142.318745	0.000026	71.915348	3.6
1940	882.867183	142.311683	0.000026	66.944130	5.2
1941	939.131576	142.308408	0.000026	70.417089	5.1
1942	952.372628	142.388192	0.000026	65.774425	4.0
1943	930.154481	142.482676	0.000026	105.624757	6.7
1944	898.576301	142.472573	0.000026	78.038291	4.8
1945	992.354550	142.847866	0.000026	58.801565	4.7
1946	912.475768	142.917389	0.000026	116.076874	5.0
1947	943.866875	143.189228	0.000026	46.338404	3.1
1948	900.874298	143.263228	0.000026	58.466059	3.1
1949	975.643005	143.255322	0.000026	67.333919	3.0
1950	933.006412	143.262411	0.000026	47.326798	2.9
1951	959.747962	143.280627	0.000026	101.014616	3.1
1952	974.169416	143.334798	0.000026	121.156882	3.1
1953	917.893084	144.040667	0.000026	87.087285	3.1
1954	942.141986	144.796067	0.000026	106.466282	3.1
1955	977.533379	144.785797	0.000026	41.542569	3.1
1956	967.251878	144.868616	0.000026	108.028916	3.2
1957	924.173043	144.859966	0.000026	34.689376	3.2
1958	940.059468	144.904983	0.000026	25.280032	3.0
1959	962.183301	144.908332	0.000026	36.562015	3.2
1960	889.610869	144.908338	0.000026	68.931956	3.0
1961	966.852029	144.925144	0.000026	61.357883	3.1
1962	913.185209	144.916670	0.000026	43.768929	3.1
1963	925.018092	144.931783	0.000026	156.230933	3.1
1964	936.953425	144.921701	0.000026	62.077232	3.1
1965	867.325887	145.477859	0.000026	65.846855	3.1
1966	937.210268	145.536467	0.000026	87.960620	3.2
1967	916.641187	145.570521	0.000026	64.882432	2.9
1968	963.747459	145.702015	0.000026	96.842926	3.1
1969	883.992151	145.698306	0.000026	126.041146	3.1
1970	897.216202	145.806934	0.000026	35.809436	3.0
1971	888.707863	145.850769	0.000026	61.062734	2.8
1972	964.126942	145.855304	0.000026	92.171609	5.7
1973	954.565922	145.885082	0.000026	19.458900	5.0
1974	952.374608	145.888827	0.000026	52.334094	3.5
1975	963.751632	145.889061	0.000026	88.200533	5.3
1976	952.458264	145.943983	0.000026	56.235877	5.1
1977	923.315801	145.962642	0.000026	102.953233	5.3
1978	955.228278	145.953060	0.000026	34.850442	5.0
1979	924.293087	145.953241	0.000026	47.347540	4.8
1980	903.518267	145.964521	0.000026	154.232100	3.3
1981	920.610454	145.990421	0.000026	54.248600	3.4
1982	938.579670	145.980940	0.000026	111.247410	7.0
1983	919.592102	145.973186	0.000026	34.069387	6.2
1984	935.484390	145.964239	0.000026	19.813491	2.9
1985	906.286213	145.963618	0.000026	79.256505	4.4
1986	923.577280	145.964009	0.000026	65.891472	4.9
1987	890.027744	145.961269	0.000026	39.295998	4.7
1988	948.287221	145.989523	0.000026	211.365096	4.7
1989	971.434524	146.175387	0.000026	102.466293	4.3
1990	896.563543	146.165049	0.000026	53.405155	5.0
1991	988.879998	146.276570	0.000026	41.869039	5.1
1992	960.057093	146.278143	0.000026	65.845993	4.2
1993	925.101847	146.273094	0.000026	38.419963	5.0
1994	887.900281	146.286407	0.000026	141.054474	5.2
1995	927.978892	146.277161	0.000026	113.184534	5.0
1996	990.783193	146.711069	0.000026	85.195657	4.2
1997	954.131189	146.700828	0.000026	82.111821	4.0
1998	975.441381	146.723832	0.000026	59.644718	3.2
1999	970.889919	146.716911	0.000026	38.634509	3.2
