1:ItNr	2:Metric	3a:Time	3b:StepSize	4:||Gradient||	Time[ms]
0	560.298047	0.000000	0.000103	563.974472	268.1
1	514.888802	0.000000	0.000103	273.838624	4.0
2	523.988554	0.000000	0.000103	81.187964	2.2
3	554.183334	0.000000	0.000103	152.508445	5.6
4	548.736498	0.000000	0.000103	183.754225	2.9
5	541.438685	0.012155	0.000103	428.457920	2.8
6	568.733369	0.632459	0.000100	414.826841	2.9
7	584.936151	1.632204	0.000096	180.793554	3.9
8	546.189765	2.071980	0.000094	91.651969	7.0
9	499.001321	2.073161	0.000094	224.492760	5.3
10	530.593911	2.080971	0.000094	172.179607	5.9
11	524.392915	2.075747	0.000094	149.176372	4.6
12	533.229056	2.067509	0.000094	290.541073	4.4
13	521.907982	2.217154	0.000093	309.419163	4.0
14	571.962848	3.100112	0.000090	380.117263	4.3
15	527.139142	4.061434	0.000086	415.602092	5.8
16	535.049857	5.059197	0.000083	128.884557	5.5
17	515.959924	5.054416	0.000083	153.960870	5.2
18	533.688579	5.061695	0.000083	204.092691	5.9
19	530.369139	5.113816	0.000083	96.504433	4.0
20	564.947245	5.111075	0.000083	259.930037	3.4
21	532.960191	5.125590	0.000083	138.011219	3.0
22	519.839020	5.161167	0.000083	89.532397	3.1
23	546.704780	5.162367	0.000083	152.612526	5.6
24	550.614010	5.156449	0.000083	169.099317	5.2
25	511.153048	5.180950	0.000083	114.746878	5.6
26	512.695886	5.183310	0.000083	154.849946	5.3
27	507.596000	5.193262	0.000083	98.542421	3.9
28	499.403806	5.200158	0.000083	90.372046	4.7
29	505.372279	5.195301	0.000083	176.436467	5.3
30	509.461858	5.204265	0.000083	166.693383	5.5
31	499.725487	5.192914	0.000083	212.075458	4.9
32	509.978217	5.236366	0.000082	162.813918	4.8
33	546.917357	5.242706	0.000082	75.841745	5.2
34	540.336501	5.240307	0.000082	207.768892	3.7
35	518.907335	5.240479	0.000082	71.235353	3.6
36	517.418653	5.232382	0.000082	133.935473	2.6
37	527.649997	5.235145	0.000082	310.668349	3.1
38	498.934944	5.225972	0.000082	224.036386	3.5
39	566.038225	5.880395	0.000080	83.149039	5.0
40	509.168004	5.882963	0.000080	123.644784	4.9
41	513.438892	5.884622	0.000080	76.713119	5.0
42	523.559581	5.878984	0.000080	67.708521	3.9
43	487.229740	5.875987	0.000080	165.730877	4.1
44	501.321064	5.877611	0.000080	103.291800	4.5
45	552.206486	5.874964	0.000080	310.353542	5.2
46	518.946277	5.913721	0.000080	131.198920	5.8
47	473.919385	5.902178	0.000080	220.192119	5.3
48	495.004181	5.947099	0.000080	66.399777	4.0
49	543.577831	5.939179	0.000080	226.902982	3.6
50	500.685954	5.948388	0.000080	84.261844	3.7
51	496.306384	5.962874	0.000080	81.054318	3.4
52	517.955633	5.963003	0.000080	195.746937	3.3
53	537.615169	5.973961	0.000080	110.154436	3.6
54	531.251376	5.997701	0.000080	61.266766	5.0
55	528.375214	5.994365	0.000080	95.140604	5.1
56	499.384986	5.993388	0.000080	99.356542	4.4
57	524.877790	5.992235	0.000080	209.602434	3.5
58	504.723058	5.987793	0.000080	165.737845	4.2
59	534.452958	6.072988	0.000080	102.485925	4.2
60	493.425518	6.081441	0.000080	191.932172	4.1
61	526.769474	6.101746	0.000080	122.720580	4.1
62	531.555624	6.135810	0.000080	234.763768	4.8
63	554.071603	6.145705	0.000080	211.018177	4.5
64	515.942997	6.341540	0.000079	80.068500	4.4
65	471.751761	6.339889	0.000079	55.449623	3.1
66	522.126310	6.336311	0.000079	212.854621	3.2
67	511.958313	6.339762	0.000079	138.795341	3.2
68	487.754238	6.370542	0.000079	74.212659	6.6
69	517.757739	6.365426	0.000079	86.728363	3.0
70	497.534625	6.365198	0.000079	170.690099	3.6
71	524.994575	6.358425	0.000079	80.039863	3.4
72	514.484389	6.371343	0.000079	208.267942	3.4
73	479.162316	6.368970	0.000079	281.510160	4.2
74	523.152738	6.808137	0.000078	292.817594	2.8
75	519.113720	7.508172	0.000076	275.155974	2.9
76	555.277517	8.302712	0.000074	235.283278	3.3
77	511.763009	8.361009	0.000074	214.019405	5.3
78	511.655694	8.454848	0.000073	326.538778	5.5
79	520.519812	8.805585	0.000073	83.914946	4.2
80	499.096893	8.832195	0.000072	95.643331	3.9
81	539.977214	8.828726	0.000073	134.407853	4.9
82	506.291517	8.840217	0.000072	83.598619	4.5
83	552.288892	8.849915	0.000072	103.891895	3.8
84	495.911407	8.850026	0.000072	76.646199	3.7
85	540.502627	8.848017	0.000072	103.168190	3.7
86	471.750022	8.850553	0.000072	73.324537	3.9
87	512.441091	8.851128	0.000072	46.392866	3.9
88	542.427498	8.849393	0.000072	128.641158	3.1
89	511.225477	8.846526	0.000072	233.394970	3.1
90	488.874596	8.859419	0.000072	55.640061	3.2
91	494.485594	8.858763	0.000072	89.901721	3.1
92	514.488925	8.856619	0.000072	107.655574	3.2
93	517.822120	8.860376	0.000072	213.271551	3.2
94	489.199578	8.901838	0.000072	146.697949	3.2
95	512.843373	8.972240	0.000072	191.611206	3.3
96	512.053936	9.005677	0.000072	48.839353	3.2
97	520.230306	9.005907	0.000072	72.381381	3.4
98	497.845408	9.004559	0.000072	212.088577	3.6
99	523.307559	9.009447	0.000072	140.773270	3.5
100	509.265601	9.004192	0.000072	117.437117	3.1
101	499.538837	9.019171	0.000072	67.146404	2.9
102	504.038339	9.014813	0.000072	57.510800	2.8
103	512.010101	9.013380	0.000072	164.571209	3.1
104	484.121281	9.012830	0.000072	159.759987	3.4
105	508.331844	9.074566	0.000072	124.258641	5.5
106	548.614260	9.067039	0.000072	162.502044	5.5
107	506.976381	9.057800	0.000072	252.412981	5.3
108	484.439292	9.204282	0.000072	170.151479	5.0
109	485.705419	9.193135	0.000072	89.645576	6.0
110	532.510675	9.195435	0.000072	240.544953	4.4
111	497.367960	9.194992	0.000072	107.379539	4.1
112	522.545221	9.245137	0.000072	98.864987	3.2
113	509.431562	9.252598	0.000071	57.425247	5.7
114	469.626939	9.249497	0.000071	107.332288	3.4
115	520.903829	9.248255	0.000071	145.947901	3.4
116	469.320990	9.248461	0.000071	113.342184	3.8
117	517.997427	9.246966	0.000072	172.018788	3.7
118	529.844116	9.247369	0.000072	170.252013	3.6
119	493.955166	9.244067	0.000072	311.231564	7.4
120	498.445670	9.544940	0.000071	95.616241	5.9
121	522.718157	9.569253	0.000071	242.428363	4.0
122	528.964729	9.584093	0.000071	163.569904	5.3
123	512.284000	9.750071	0.000070	77.223208	4.5
124	490.149130	9.743407	0.000070	83.324289	4.8
125	517.640685	9.745754	0.000070	99.134477	6.2
126	498.554576	9.741133	0.000070	203.604237	4.0
127	497.136949	9.747796	0.000070	161.424480	5.6
128	504.284973	9.845752	0.000070	250.168698	7.1
129	541.230417	10.002010	0.000070	106.905853	4.4
130	493.725313	10.052685	0.000070	158.516193	3.1
131	484.457793	10.043604	0.000070	65.878368	3.6
132	537.419455	10.044394	0.000070	167.566864	3.6
133	516.301383	10.048249	0.000070	56.079289	3.5
134	532.700533	10.043266	0.000070	102.463975	5.8
135	497.863135	10.042164	0.000070	219.924229	3.5
136	504.972848	10.041336	0.000070	171.616574	4.6
137	492.381575	10.071278	0.000070	257.573835	4.0
138	506.919648	10.070487	0.000070	152.648465	3.9
139	483.636912	10.111499	0.000070	111.442560	4.3
140	507.491994	10.135083	0.000069	202.738129	3.9
141	517.133607	10.159154	0.000069	122.373467	3.7
142	520.332631	10.185536	0.000069	154.836005	3.6
143	529.749137	10.181469	0.000069	237.603177	3.6
144	527.819726	10.305389	0.000069	125.269215	3.6
145	514.393507	10.357773	0.000069	226.569873	3.6
146	478.229447	10.347804	0.000069	212.594947	3.5
147	517.284421	10.484125	0.000069	45.044175	3.4
148	504.336610	10.485097	0.000069	92.561366	3.4
149	456.840577	10.484205	0.000069	220.896290	3.2
150	493.725097	10.506953	0.000069	144.078964	3.1
151	542.615250	10.579927	0.000068	194.872334	3.2
152	496.531002	10.569465	0.000069	247.534556	3.3
153	493.430809	10.574081	0.000068	106.656903	3.3
154	467.515416	10.583125	0.000068	166.701261	3.3
155	510.611689	10.573731	0.000068	162.413833	3.4
156	485.814245	10.567455	0.000069	42.204223	3.4
157	513.020107	10.568194	0.000069	111.054148	3.6
158	488.417047	10.567530	0.000069	165.295039	3.5
159	519.513675	10.583058	0.000068	46.288147	3.3
160	500.135455	10.584279	0.000068	197.239401	3.3
161	497.976684	10.580182	0.000068	180.874992	3.2
162	501.379983	10.611026	0.000068	142.741680	3.1
163	513.327822	10.654551	0.000068	196.024531	3.1
164	508.257957	10.673326	0.000068	170.847807	3.6
165	501.249808	10.665730	0.000068	137.531719	4.1
166	507.418645	10.701865	0.000068	169.326649	4.1
167	477.931089	10.692313	0.000068	76.952994	3.3
168	541.631250	10.703161	0.000068	71.349816	2.8
169	498.546644	10.701501	0.000068	90.296088	2.6
170	510.635419	10.703186	0.000068	123.258505	2.6
171	543.579443	10.713372	0.000068	237.893001	3.5
172	500.630705	10.788259	0.000068	108.324273	3.0
173	497.833281	10.815888	0.000068	63.596099	3.1
174	502.837485	10.819119	0.000068	68.515852	3.1
175	517.028516	10.816200	0.000068	110.752895	3.2
176	496.208797	10.810684	0.000068	144.893247	2.5
177	522.292492	10.829429	0.000068	190.975519	2.6
178	492.694109	10.819037	0.000068	97.438511	2.4
179	483.785931	10.827789	0.000068	110.039936	2.5
180	494.474464	10.822664	0.000068	270.692136	2.4
181	546.143063	10.883248	0.000068	260.056402	2.5
182	515.715640	11.575866	0.000066	218.837855	2.9
183	497.199551	12.015671	0.000066	92.811736	3.2
184	494.455992	12.007659	0.000066	138.858104	2.8
185	516.530307	12.008406	0.000066	74.830378	2.7
186	514.164112	12.016687	0.000066	132.314043	2.7
187	506.640297	12.012307	0.000066	46.386731	3.3
188	497.685172	12.009255	0.000066	151.954853	2.6
189	499.765644	12.007016	0.000066	304.325657	2.9
190	499.118003	12.133605	0.000065	99.614201	5.3
191	522.331160	12.122412	0.000065	156.376252	3.1
192	475.800411	12.138579	0.000065	165.295008	3.1
193	525.113420	12.135532	0.000065	181.100781	3.1
194	502.728331	12.195135	0.000065	126.309818	3.5
195	479.814765	12.220903	0.000065	200.507980	3.4
196	511.781180	12.270831	0.000065	110.103838	3.2
197	487.004698	12.293434	0.000065	107.130256	3.4
198	490.323761	12.302919	0.000065	85.401774	3.4
199	521.521605	12.296700	0.000065	97.875163	3.4
200	535.874489	12.293560	0.000065	100.813243	3.6
201	490.963386	12.301544	0.000065	241.712775	3.6
202	494.248171	12.294293	0.000065	87.312942	3.6
203	497.805531	12.285431	0.000065	273.449131	3.6
204	466.403634	12.309944	0.000065	97.125009	3.6
205	527.219528	12.363110	0.000065	76.919099	3.8
206	520.884430	12.364899	0.000065	77.064603	4.9
207	528.717034	12.363460	0.000065	126.405231	3.7
208	472.770348	12.357647	0.000065	193.854128	4.2
209	491.161258	12.404020	0.000065	82.953499	4.2
210	476.584080	12.407101	0.000065	67.096499	3.4
211	485.940402	12.410257	0.000065	108.779011	3.4
212	517.354158	12.411420	0.000065	118.272871	3.4
213	517.661750	12.422658	0.000065	140.311707	3.3
214	502.198934	12.432490	0.000065	82.067635	3.3
215	507.980921	12.439383	0.000065	135.110881	3.3
216	494.085995	12.433190	0.000065	153.888026	3.2
217	499.903808	12.456702	0.000065	112.685843	3.3
218	535.007651	12.456513	0.000065	279.577953	3.3
219	508.792517	12.539499	0.000064	382.255836	3.4
220	478.690226	13.515346	0.000063	69.733513	3.4
221	505.223098	13.561722	0.000063	96.494701	3.4
222	511.758399	13.565969	0.000063	281.078921	3.8
223	474.999577	13.617021	0.000062	171.682300	3.6
224	488.639480	13.606427	0.000062	108.537387	3.5
225	509.145769	13.606957	0.000062	172.810649	3.4
226	520.066819	13.627918	0.000062	184.642452	3.5
227	491.155499	13.616246	0.000062	220.379912	3.4
228	514.000824	13.604119	0.000062	338.929207	5.6
229	542.800603	14.364388	0.000061	407.645824	3.4
230	482.670366	15.362223	0.000059	329.811400	4.9
231	525.347072	16.358266	0.000058	123.171581	5.0
232	504.909340	16.346183	0.000058	113.544435	3.9
233	502.325455	16.355746	0.000058	77.054992	3.9
234	484.991204	16.354090	0.000058	109.853349	3.9
235	487.329679	16.353784	0.000058	117.500439	5.3
236	515.102821	16.359701	0.000058	84.728975	5.0
237	505.344088	16.354996	0.000058	238.013211	4.4
238	495.395156	16.379244	0.000058	172.847986	4.6
239	521.836431	16.496976	0.000058	154.448831	3.8
240	524.848477	16.486180	0.000058	131.920394	4.1
241	487.479450	16.500895	0.000058	102.961683	3.7
242	479.640947	16.514016	0.000058	91.774259	3.5
243	463.245461	16.518745	0.000058	92.466507	3.4
244	501.675520	16.516102	0.000058	50.150611	3.2
245	513.975419	16.514506	0.000058	131.335090	3.2
246	514.780252	16.510070	0.000058	73.326384	3.2
247	471.724302	16.509066	0.000058	255.640003	3.5
248	533.165809	16.510355	0.000058	224.609103	3.4
249	465.889751	16.968311	0.000057	214.501926	3.4
250	502.935316	17.252159	0.000057	227.314939	3.4
251	537.430411	17.288794	0.000056	146.823620	3.4
252	507.319750	17.390105	0.000056	120.468466	5.2
253	539.311748	17.392586	0.000056	147.262344	5.3
254	506.546746	17.384508	0.000056	198.490009	5.8
255	526.104969	17.430681	0.000056	285.862776	5.6
256	487.238523	17.418059	0.000056	92.640675	4.9
257	487.198277	17.417272	0.000056	121.255343	5.2
258	494.858816	17.418256	0.000056	45.208781	5.4
259	485.377975	17.418645	0.000056	108.339824	5.4
260	478.731248	17.416016	0.000056	119.152409	5.7
261	508.901005	17.411323	0.000056	225.095455	5.9
262	494.338680	17.476130	0.000056	134.312876	5.6
263	487.392012	17.548526	0.000056	64.634927	5.6
264	508.375789	17.542610	0.000056	91.212635	5.7
265	526.515719	17.539241	0.000056	69.797748	5.5
266	485.728248	17.541589	0.000056	188.879665	6.0
267	525.110844	17.547777	0.000056	107.719433	5.9
268	462.644350	17.580897	0.000056	102.345357	5.9
269	497.466233	17.584004	0.000056	137.345353	5.8
270	472.305831	17.583495	0.000056	98.346658	5.5
271	475.587935	17.575542	0.000056	135.059269	5.3
272	541.249835	17.574577	0.000056	103.901636	4.8
273	507.825056	17.577500	0.000056	90.162921	4.3
274	556.288172	17.580086	0.000056	215.656511	5.6
275	484.122431	17.602971	0.000056	204.571901	5.5
276	496.616172	17.806138	0.000056	158.482052	3.3
277	512.216282	17.796182	0.000056	127.502258	2.9
278	500.637974	17.798673	0.000056	138.200235	5.0
279	485.329525	17.794905	0.000056	331.388565	3.2
280	504.317781	17.852064	0.000056	70.132122	3.2
281	487.122814	17.863061	0.000056	242.218407	3.5
282	498.367868	17.854487	0.000056	108.048437	5.6
283	486.973952	17.881342	0.000056	116.146835	5.2
284	515.987075	17.878070	0.000056	143.085654	5.6
285	488.937033	17.871640	0.000056	74.439847	3.6
286	496.614248	17.873074	0.000056	114.931495	4.2
287	493.555444	17.872766	0.000056	54.931006	4.3
288	512.120009	17.872600	0.000056	117.857790	4.2
289	507.897237	17.870168	0.000056	73.865065	3.3
290	507.607954	17.877202	0.000056	159.600161	3.3
291	501.000428	17.880249	0.000056	105.572162	3.4
292	488.857650	17.893421	0.000056	58.004861	3.3
293	499.656439	17.891309	0.000056	130.581845	3.3
294	529.604983	17.897461	0.000056	128.190613	3.4
295	490.210034	17.889922	0.000056	217.466341	3.8
296	508.047391	17.961468	0.000056	137.012913	3.6
297	514.515487	17.950089	0.000056	46.177331	3.7
298	528.820113	17.951942	0.000056	82.269852	3.6
299	484.845266	17.951150	0.000056	56.764339	3.6
300	503.037679	17.953551	0.000056	127.446029	2.9
301	487.320176	17.953471	0.000056	139.262519	3.0
302	506.421617	17.970739	0.000055	88.679682	3.2
303	489.380178	17.963086	0.000056	104.843208	3.2
304	540.117538	17.971038	0.000055	122.518505	3.1
305	473.001748	17.971940	0.000055	95.860547	3.1
306	514.684777	17.970553	0.000055	60.758577	3.2
307	504.195631	17.972763	0.000055	124.880422	3.5
308	495.938971	17.975565	0.000055	123.215863	5.3
309	473.759231	17.980110	0.000055	63.390940	5.0
310	522.439510	17.984512	0.000055	116.212023	5.0
311	507.996849	17.979611	0.000055	103.924939	4.3
312	467.663701	17.984504	0.000055	156.899567	4.4
313	475.075889	17.976149	0.000055	69.239018	4.3
314	504.912202	17.971386	0.000055	110.829252	4.2
315	507.359371	17.973173	0.000055	140.348189	4.1
316	464.567540	17.967202	0.000056	155.571505	3.8
317	522.761397	18.003865	0.000055	90.679566	3.9
318	517.632129	18.012207	0.000055	84.825354	3.7
319	499.409878	18.007656	0.000055	90.061300	3.8
320	535.716123	18.011104	0.000055	146.863032	3.7
321	518.970633	18.017413	0.000055	119.188947	3.5
322	497.563324	18.036159	0.000055	114.843127	3.5
323	532.185928	18.029052	0.000055	131.789056	3.5
324	487.559412	18.036416	0.000055	76.471206	3.7
325	485.764465	18.035119	0.000055	137.047870	3.7
326	478.929303	18.040020	0.000055	102.732565	3.5
327	469.938478	18.059716	0.000055	77.734938	3.5
328	499.841823	18.054006	0.000055	178.708400	3.6
329	485.121998	18.046364	0.000055	89.846859	5.1
330	487.370343	18.049371	0.000055	200.714363	5.0
331	493.952453	18.044290	0.000055	110.527259	5.5
332	485.160717	18.036548	0.000055	157.797159	5.3
333	505.175933	18.060530	0.000055	87.256382	5.5
334	489.184082	18.064032	0.000055	192.708078	5.3
335	474.864249	18.074382	0.000055	203.512468	4.9
336	483.125962	18.160480	0.000055	142.864733	5.7
337	500.707877	18.158805	0.000055	181.448518	5.8
338	479.913512	18.209162	0.000055	107.271772	5.0
339	487.484771	18.207977	0.000055	281.852842	4.5
340	494.962312	18.273958	0.000055	114.077994	4.2
341	473.154260	18.287184	0.000055	85.066951	3.7
342	506.802583	18.289958	0.000055	218.296762	5.6
343	485.219443	18.305928	0.000055	150.106084	5.5
344	501.691351	18.314946	0.000055	138.619753	5.5
345	481.112639	18.320473	0.000055	181.807304	4.8
346	477.000119	18.312556	0.000055	44.026751	5.0
347	448.086126	18.312427	0.000055	112.713416	5.5
348	462.703534	18.313196	0.000055	56.884589	5.8
349	498.214664	18.312947	0.000055	152.442710	5.7
350	447.209147	18.310723	0.000055	100.979642	6.0
351	520.770978	18.302607	0.000055	87.358578	6.1
352	502.684620	18.301637	0.000055	75.137634	5.9
353	491.918260	18.299241	0.000055	159.043225	5.7
354	510.577989	18.308778	0.000055	232.249967	5.9
355	492.436722	18.302135	0.000055	174.253430	5.0
356	521.057010	18.477823	0.000055	54.767415	4.6
357	500.477216	18.471910	0.000055	243.219136	4.6
358	475.427443	18.465048	0.000055	195.619096	4.6
359	473.950652	18.636889	0.000055	115.395971	4.5
360	481.879209	18.647082	0.000055	105.989616	5.8
361	520.917230	18.649775	0.000055	66.125557	4.6
362	531.694313	18.650951	0.000055	137.990361	4.1
363	495.088554	18.655363	0.000055	265.315283	3.4
364	522.115540	18.644972	0.000055	315.212349	2.9
365	456.967026	19.447901	0.000053	176.124618	2.8
366	514.941971	19.435308	0.000053	101.799989	5.9
367	478.347788	19.462571	0.000053	153.837030	3.7
368	496.502492	19.454237	0.000053	114.547855	3.8
369	451.840212	19.466536	0.000053	125.366232	5.2
370	514.261801	19.459580	0.000053	226.585087	2.8
371	517.567125	19.520856	0.000053	217.052273	4.5
372	460.110901	19.804664	0.000053	162.960847	4.3
373	512.814668	19.793558	0.000053	215.708474	6.0
374	501.334736	19.882779	0.000053	75.769324	5.3
375	487.722729	19.903687	0.000053	128.540426	5.3
376	475.749222	19.903295	0.000053	194.852970	3.1
377	514.754936	19.939596	0.000053	164.503860	3.0
378	513.072151	20.006880	0.000053	163.370887	3.2
379	470.875164	20.070043	0.000053	129.696593	3.5
380	486.461693	20.106010	0.000053	48.730783	3.4
381	508.257292	20.111453	0.000053	66.936408	3.4
382	482.734283	20.110603	0.000053	64.728313	3.4
383	473.655237	20.109579	0.000053	239.991006	3.4
384	500.791291	20.101366	0.000053	176.137238	3.7
385	518.156333	20.281609	0.000052	74.364876	3.8
386	484.514248	20.278904	0.000052	86.143921	3.9
387	477.375074	20.280756	0.000052	170.531416	5.6
388	498.104249	20.274956	0.000052	141.676182	5.6
389	477.422513	20.304470	0.000052	89.627852	5.5
390	499.012369	20.311863	0.000052	99.973525	5.4
391	485.482040	20.310317	0.000052	177.846911	4.4
392	521.648027	20.329212	0.000052	106.522094	4.5
393	489.115275	20.336726	0.000052	97.560711	4.5
394	493.413349	20.336200	0.000052	71.650324	4.5
395	490.969590	20.340320	0.000052	74.297115	4.2
396	490.317477	20.343270	0.000052	220.154233	4.3
397	502.298730	20.342427	0.000052	69.258330	5.8
398	503.819573	20.359885	0.000052	86.787838	5.6
399	467.693345	20.363821	0.000052	117.979934	5.7
400	486.203084	20.368990	0.000052	105.720266	6.1
401	490.143540	20.366926	0.000052	72.046556	5.8
402	500.634646	20.364265	0.000052	90.136750	5.7
403	491.730929	20.369496	0.000052	218.877378	5.5
404	474.840570	20.359631	0.000052	118.652890	4.5
405	471.994854	20.418562	0.000052	160.458123	4.2
406	470.589785	20.408864	0.000052	163.255097	4.2
407	489.267620	20.446848	0.000052	151.281830	4.1
408	480.507062	20.486383	0.000052	142.932884	4.7
409	485.644782	20.519114	0.000052	91.970860	6.0
410	499.379259	20.514036	0.000052	41.364323	4.9
411	478.242854	20.512860	0.000052	298.017827	2.9
412	455.888942	20.507306	0.000052	148.511577	3.1
413	508.392231	20.554836	0.000052	104.079808	3.6
414	469.300108	20.569803	0.000052	47.604347	3.6
415	464.648929	20.567159	0.000052	147.301281	5.1
416	498.810830	20.571682	0.000052	159.112197	2.8
417	490.056222	20.593122	0.000052	84.229387	2.9
418	516.717842	20.603368	0.000052	167.671705	3.8
419	491.624119	20.619313	0.000052	87.902771	3.1
420	508.304399	20.631929	0.000052	166.234795	3.1
421	457.975075	20.632229	0.000052	182.701928	3.1
422	516.776126	20.714576	0.000052	47.621303	3.3
423	492.051094	20.709962	0.000052	117.183358	3.8
424	499.225897	20.706345	0.000052	165.859677	3.4
425	491.951335	20.730574	0.000052	114.580752	2.8
426	501.510425	20.735363	0.000052	55.261162	2.7
427	478.489355	20.731233	0.000052	48.218064	2.9
428	502.885608	20.732612	0.000052	149.086327	2.8
429	478.810034	20.737677	0.000052	145.048757	2.7
430	484.567368	20.779230	0.000052	153.034221	2.6
431	515.387226	20.770471	0.000052	120.964366	2.7
432	470.386453	20.781299	0.000052	86.044349	2.8
433	527.207577	20.792307	0.000052	148.669701	2.7
434	479.149575	20.804533	0.000052	114.924541	3.0
435	496.922615	20.796337	0.000052	85.751124	2.8
436	507.669613	20.802799	0.000052	136.550950	2.9
437	505.879906	20.795652	0.000052	71.243455	3.0
438	433.364085	20.801295	0.000052	72.706313	2.9
439	493.398425	20.798219	0.000052	164.915504	3.1
440	466.723932	20.799613	0.000052	143.197248	3.2
441	486.390730	20.850792	0.000052	29.808759	3.3
442	489.731953	20.850322	0.000052	123.126333	3.5
443	486.621920	20.850308	0.000052	160.115984	3.5
444	490.860439	20.886770	0.000052	144.790354	3.5
445	498.550370	20.924438	0.000052	139.972955	3.5
446	505.159537	20.942570	0.000052	65.968216	3.6
447	475.789768	20.941883	0.000052	100.423751	3.6
448	501.387824	20.939165	0.000052	102.930763	4.0
449	479.655264	20.942907	0.000052	381.200605	4.0
450	502.040092	20.931746	0.000052	86.561417	3.9
451	484.050479	21.039476	0.000051	120.584981	3.8
452	506.379691	21.032739	0.000051	121.900413	5.6
453	462.088778	21.026995	0.000051	111.541243	5.5
454	492.437520	21.028702	0.000051	187.857278	6.8
455	508.136401	21.046254	0.000051	67.591830	5.5
456	476.567688	21.046852	0.000051	212.941405	4.4
457	495.263271	21.044538	0.000051	77.639188	5.4
458	510.952672	21.045247	0.000051	74.840947	5.9
459	492.262695	21.041330	0.000051	246.947394	6.0
460	474.191674	21.071155	0.000051	75.827691	6.0
461	479.304614	21.094048	0.000051	68.906459	4.2
462	474.426442	21.095671	0.000051	127.008066	3.6
463	486.441092	21.105686	0.000051	56.296607	3.9
464	465.685013	21.108751	0.000051	89.802253	3.5
465	483.337151	21.110804	0.000051	143.860749	3.4
466	486.584733	21.118599	0.000051	98.873485	3.8
467	479.309705	21.117866	0.000051	111.287357	3.4
468	539.021803	21.118151	0.000051	153.009589	3.3
469	476.296134	21.129470	0.000051	98.725326	3.4
470	503.646740	21.148034	0.000051	144.594797	3.5
471	508.479333	21.169056	0.000051	140.293912	3.3
472	466.827806	21.209237	0.000051	109.626520	4.5
473	479.992647	21.216727	0.000051	60.190998	4.3
474	519.411135	21.221223	0.000051	107.265202	4.3
475	505.239602	21.221780	0.000051	157.935761	3.4
476	507.803874	21.218616	0.000051	82.660373	5.4
477	484.999490	21.211618	0.000051	167.904782	5.2
478	502.100008	21.227096	0.000051	115.725362	3.3
479	512.040034	21.223418	0.000051	257.904186	3.3
480	446.815796	21.216324	0.000051	395.568223	3.6
481	502.814691	22.175017	0.000050	252.699307	3.6
482	511.971795	22.960407	0.000049	62.015217	3.6
483	494.598861	22.970023	0.000049	302.658111	3.9
484	510.684282	22.961710	0.000049	89.533823	3.8
485	487.276848	22.964727	0.000049	168.521071	4.0
486	525.928914	22.956757	0.000049	145.478332	4.0
487	487.745234	22.947085	0.000049	138.262898	4.0
488	499.448950	22.985627	0.000049	229.254274	3.2
489	511.618590	22.992120	0.000049	119.111784	3.3
490	491.362544	23.063452	0.000049	86.720700	3.3
491	467.207835	23.057673	0.000049	49.438253	3.3
492	513.642935	23.055961	0.000049	191.909306	3.2
493	493.834741	23.051748	0.000049	49.494850	3.3
494	484.113963	23.046174	0.000049	86.666277	3.6
495	488.883504	23.047036	0.000049	86.881850	3.7
496	474.220303	23.044891	0.000049	63.696655	3.7
497	480.102248	23.043120	0.000049	47.376697	3.8
498	480.455409	23.043288	0.000049	205.006047	3.9
499	479.743577	23.040433	0.000049	255.485463	3.9
500	435.252124	23.373580	0.000049	79.805099	3.8
501	477.586244	23.364667	0.000049	90.755983	3.8
502	499.409346	23.372401	0.000049	291.962631	3.7
503	532.241772	23.361542	0.000049	97.411162	3.7
504	472.577446	23.423898	0.000049	85.700235	3.7
505	481.891762	23.423314	0.000049	58.183659	3.6
506	506.304864	23.421527	0.000049	124.451323	4.0
507	484.967102	23.425720	0.000049	160.124458	4.2
508	478.336916	23.437073	0.000049	58.600801	5.0
509	492.000386	23.445601	0.000049	93.138477	4.2
510	502.603230	23.448731	0.000049	46.334769	2.6
511	512.295244	23.449439	0.000049	34.726002	3.0
512	505.770405	23.448311	0.000049	55.567209	2.8
513	517.839719	23.447223	0.000049	142.394321	2.8
514	466.214749	23.451485	0.000049	123.173475	2.8
515	523.731836	23.480398	0.000049	105.214650	3.0
516	510.493669	23.477240	0.000049	72.214502	2.9
517	475.494222	23.476100	0.000049	172.495850	2.8
518	493.600927	23.488697	0.000049	127.187952	2.8
519	477.540336	23.513488	0.000049	95.895541	2.8
520	502.648036	23.513834	0.000049	106.010973	2.8
521	480.552593	23.507685	0.000049	258.551115	2.9
522	460.141066	23.496524	0.000049	99.222521	2.8
523	483.369018	23.501447	0.000049	181.643844	4.8
524	481.385434	23.492646	0.000049	177.610220	5.5
525	489.253316	23.506617	0.000049	72.965629	5.3
526	488.860004	23.503436	0.000049	116.018104	4.9
527	479.894284	23.499347	0.000049	283.211245	3.7
528	474.173442	23.514246	0.000049	126.267786	4.0
529	469.690613	23.596597	0.000048	72.403019	4.0
530	480.081264	23.591772	0.000049	104.274661	3.6
531	466.590665	23.588310	0.000049	49.743558	3.5
532	453.873186	23.590133	0.000049	28.909769	2.6
533	511.118844	23.589971	0.000049	124.139805	2.4
534	460.191933	23.590026	0.000049	240.919057	2.6
535	509.235177	23.671936	0.000048	114.530354	2.4
536	480.654678	23.668746	0.000048	95.473637	2.4
537	488.584961	23.662554	0.000048	171.734673	2.6
538	502.650920	23.660829	0.000048	169.086537	2.4
539	477.936835	23.649775	0.000048	236.067038	2.6
540	486.486878	23.815773	0.000048	125.221592	2.7
541	485.354306	23.805538	0.000048	123.357537	2.6
542	483.739292	23.828482	0.000048	27.678797	2.6
543	484.004439	23.827742	0.000048	68.680763	2.6
544	502.580863	23.828049	0.000048	185.286837	2.7
545	500.041639	23.825081	0.000048	132.052317	2.7
546	489.450813	23.849027	0.000048	67.825334	2.7
547	462.794920	23.846349	0.000048	238.111614	2.7
548	485.807486	23.837433	0.000048	294.484785	2.9
549	454.494340	24.038314	0.000048	35.341911	2.9
550	478.859653	24.041618	0.000048	95.321888	2.9
551	490.723571	24.040771	0.000048	176.995333	2.9
552	482.966105	24.033545	0.000048	186.863846	3.2
553	523.708951	24.125563	0.000048	67.678280	3.2
554	473.167315	24.125285	0.000048	142.641566	3.2
555	477.666632	24.122005	0.000048	49.280190	3.4
556	491.931855	24.121973	0.000048	125.077036	3.3
557	439.427451	24.119904	0.000048	198.140015	3.5
558	489.673728	24.154009	0.000048	148.976487	4.0
559	475.344222	24.244123	0.000048	177.927017	5.4
560	488.869042	24.280300	0.000048	59.150570	5.3
561	485.525511	24.274548	0.000048	155.018937	5.4
562	497.655505	24.277011	0.000048	256.412431	5.6
563	498.903979	24.424738	0.000048	143.453715	5.3
564	527.081110	24.511553	0.000048	83.474009	5.6
565	487.837681	24.504249	0.000048	129.223382	5.5
566	485.065614	24.500196	0.000048	96.660210	5.3
567	498.909578	24.493061	0.000048	181.439361	5.3
568	496.554420	24.520531	0.000048	186.991844	5.3
569	456.349271	24.519637	0.000048	63.180553	5.8
570	505.182815	24.514719	0.000048	103.587884	5.3
571	494.548213	24.512867	0.000048	69.878659	5.8
572	477.696344	24.511133	0.000048	235.556611	6.2
573	478.279097	24.532730	0.000047	132.122995	4.4
574	499.616713	24.521162	0.000048	101.126829	4.7
575	492.695901	24.529363	0.000048	101.532878	4.6
576	474.077747	24.526252	0.000048	209.729668	5.1
577	466.367971	24.520275	0.000048	151.039174	6.1
578	465.582062	24.620266	0.000047	74.776187	5.5
579	455.067218	24.617526	0.000047	139.913407	4.5
580	451.198341	24.628391	0.000047	130.736422	3.2
581	472.412287	24.623367	0.000047	134.220445	3.7
582	448.087907	24.627984	0.000047	161.960909	3.9
583	487.638962	24.618022	0.000047	208.900461	3.7
584	509.953997	24.623865	0.000047	90.858422	3.2
585	474.862176	24.635703	0.000047	188.111767	3.2
586	475.447515	24.627144	0.000047	73.438614	3.2
587	484.330301	24.638221	0.000047	229.464731	3.3
588	465.227475	24.631011	0.000047	106.247968	3.3
589	494.969740	24.684574	0.000047	139.247664	3.3
590	487.594963	24.692063	0.000047	173.086478	3.6
591	467.790298	24.738593	0.000047	90.590152	3.7
592	487.627818	24.760467	0.000047	75.787224	3.7
593	486.030324	24.756536	0.000047	83.082027	3.6
594	485.239800	24.756809	0.000047	118.940524	3.6
595	475.707449	24.758622	0.000047	95.204146	3.6
596	459.860758	24.772326	0.000047	75.603599	3.5
597	478.603634	24.774842	0.000047	111.359392	3.6
598	487.664709	24.779440	0.000047	40.830066	3.6
599	456.200457	24.780213	0.000047	110.239498	3.7
600	504.707638	24.781608	0.000047	66.864701	3.7
601	470.608809	24.785602	0.000047	151.713194	4.0
602	479.216955	24.787582	0.000047	129.082852	4.0
603	482.403311	24.807386	0.000047	39.432885	3.4
604	504.652627	24.810749	0.000047	49.125606	3.3
605	490.997774	24.809473	0.000047	51.324174	3.3
606	494.097894	24.810162	0.000047	136.383510	3.3
607	452.338172	24.816037	0.000047	121.327182	3.2
608	508.459567	24.824026	0.000047	67.115447	3.2
609	488.539648	24.822398	0.000047	200.854595	3.4
610	519.011437	24.840082	0.000047	91.156419	3.5
611	500.580985	24.839863	0.000047	173.714735	3.5
612	459.132556	24.835246	0.000047	49.527797	3.6
613	499.734819	24.840081	0.000047	133.020099	3.6
614	478.145496	24.839345	0.000047	162.523602	3.8
615	465.844358	24.857764	0.000047	183.606297	5.6
616	493.628016	24.928808	0.000047	137.283357	5.8
617	477.429931	24.944556	0.000047	173.520319	5.8
618	494.060151	24.942731	0.000047	143.185625	5.9
619	506.025109	24.932172	0.000047	104.616436	5.6
620	496.291677	24.928797	0.000047	150.055953	4.8
621	480.283988	24.944157	0.000047	80.655016	5.0
622	478.162849	24.944640	0.000047	268.834818	4.6
623	515.374876	24.941430	0.000047	420.559263	4.9
624	476.358019	25.909985	0.000046	40.357864	5.5
625	482.179162	25.917192	0.000046	200.939770	5.4
626	462.028901	25.913833	0.000046	74.939382	5.2
627	489.267968	25.926809	0.000046	149.878819	5.5
628	485.348506	25.919735	0.000046	154.728184	4.5
629	502.152665	25.956835	0.000046	135.813978	4.6
630	518.894478	25.962074	0.000046	60.325894	5.7
631	479.764953	25.959321	0.000046	80.285353	5.1
632	505.553195	25.957662	0.000046	169.849059	5.3
633	462.069969	25.968912	0.000046	104.275081	5.1
634	456.842067	25.960066	0.000046	194.940954	4.0
635	496.168776	25.997172	0.000046	120.470713	4.0
636	487.505917	25.992429	0.000046	76.113891	3.9
637	498.474269	26.001514	0.000046	139.342217	3.8
638	472.775706	25.998173	0.000046	132.834205	3.8
639	497.307509	25.990249	0.000046	154.163792	5.7
640	468.705388	26.017153	0.000046	159.114898	5.5
641	534.257901	26.011612	0.000046	93.647535	5.5
642	474.506475	26.022016	0.000046	134.858391	5.2
643	505.928903	26.033943	0.000046	83.919286	4.4
644	501.306579	26.041958	0.000046	100.190079	4.2
645	511.218832	26.036160	0.000046	125.961923	3.8
646	477.005302	26.045072	0.000046	190.615941	3.9
647	492.195451	26.041567	0.000046	182.609594	3.9
648	522.829745	26.131533	0.000046	123.581653	3.7
649	515.003783	26.133799	0.000046	38.884454	3.7
650	478.100134	26.132408	0.000046	115.665638	3.6
651	487.172489	26.130631	0.000046	135.598399	3.6
652	483.223907	26.126911	0.000046	120.880342	3.6
653	471.157425	26.126894	0.000046	50.300004	3.3
654	468.748636	26.130098	0.000046	131.422952	3.4
655	495.411237	26.125471	0.000046	57.068452	3.3
656	459.657044	26.122196	0.000046	189.138075	3.5
657	515.192421	26.130182	0.000046	291.621470	3.6
658	515.501982	26.178185	0.000046	176.229964	3.9
659	512.711730	26.535567	0.000045	66.742777	3.7
660	493.006252	26.529142	0.000046	117.671793	3.7
661	470.719697	26.524399	0.000046	103.858273	3.9
662	508.760958	26.530848	0.000046	67.085193	5.4
663	479.731983	26.527322	0.000046	71.248992	5.4
664	475.086187	26.531086	0.000046	68.657883	5.4
665	518.280614	26.529942	0.000046	317.425320	4.3
666	514.760546	26.531247	0.000046	152.445856	5.9
667	493.561830	26.690584	0.000045	140.153640	3.7
668	506.457608	26.686425	0.000045	283.197222	5.8
669	471.280119	26.723397	0.000045	301.855695	7.1
670	475.091408	27.587178	0.000045	130.396802	5.6
671	471.408938	27.649729	0.000044	72.198485	5.6
672	473.296793	27.645011	0.000044	122.905563	5.5
673	490.113301	27.642480	0.000044	69.865892	5.5
674	490.988204	27.646511	0.000044	133.575852	5.1
675	462.716957	27.644169	0.000044	168.265374	5.1
676	494.339441	27.637860	0.000044	198.894192	4.6
677	470.124766	27.720769	0.000044	133.400557	4.9
678	492.538133	27.715236	0.000044	67.741326	3.9
679	441.630175	27.723834	0.000044	109.669799	3.9
680	454.000144	27.718332	0.000044	96.324336	4.0
681	459.242378	27.728538	0.000044	202.998574	3.3
682	519.019788	27.719304	0.000044	194.647577	3.4
683	497.701645	27.908785	0.000044	56.884231	3.3
684	501.050461	27.903638	0.000044	38.088118	3.5
685	503.798163	27.901978	0.000044	101.479107	3.5
686	518.894285	27.902684	0.000044	46.753352	3.5
687	467.043803	27.901299	0.000044	127.907218	3.4
688	496.477916	27.902636	0.000044	219.357168	3.3
689	469.778753	27.979066	0.000044	163.364928	3.4
690	484.234858	27.973827	0.000044	57.249003	3.3
691	485.721889	27.977836	0.000044	60.533358	3.3
692	477.307132	27.978532	0.000044	101.837190	3.4
693	455.181268	27.974541	0.000044	159.667595	3.3
694	480.872965	27.968882	0.000044	81.662278	3.3
695	485.147267	27.974999	0.000044	85.764063	3.3
696	468.330012	27.976452	0.000044	70.980900	3.4
697	472.467662	27.981493	0.000044	54.870195	3.4
698	461.413553	27.979564	0.000044	53.588370	3.4
699	452.743138	27.979443	0.000044	64.272753	3.5
700	476.863720	27.976633	0.000044	60.283943	5.6
701	494.470048	27.975920	0.000044	32.679157	5.5
702	469.039559	27.976786	0.000044	200.288225	4.0
703	450.925308	27.979635	0.000044	140.418352	5.3
704	451.812960	28.039501	0.000044	188.921226	5.7
705	477.319828	28.029138	0.000044	92.638710	6.0
706	466.162234	28.024008	0.000044	57.704769	5.9
707	461.826139	28.028680	0.000044	143.953035	5.8
708	486.136932	28.026896	0.000044	93.529001	4.9
709	471.999957	28.036186	0.000044	69.854292	3.8
710	501.282330	28.032652	0.000044	62.919977	5.5
711	503.025990	28.030143	0.000044	352.193331	5.4
712	478.886844	28.023362	0.000044	186.343927	4.9
713	502.893569	28.105466	0.000044	90.728391	4.5
714	479.815306	28.109634	0.000044	133.854881	4.5
715	488.943804	28.108229	0.000044	297.687297	3.5
716	508.746849	28.261781	0.000044	74.671635	3.6
717	464.356840	28.273633	0.000044	144.452066	3.7
718	505.397483	28.270088	0.000044	59.176577	3.5
719	456.372290	28.272972	0.000044	44.438918	3.5
720	502.523191	28.274484	0.000044	27.241356	3.5
721	498.749111	28.273890	0.000044	137.634336	3.5
722	473.109633	28.273317	0.000044	62.451410	3.5
723	505.748216	28.267900	0.000044	165.287938	3.8
724	477.344574	28.277959	0.000044	71.733222	3.7
725	475.718497	28.289074	0.000044	81.573567	5.6
726	462.873490	28.291247	0.000044	140.783255	5.7
727	476.914416	28.291901	0.000044	193.474456	5.7
728	466.584713	28.330239	0.000044	247.732591	5.5
729	488.367258	28.318234	0.000044	161.879332	4.1
730	472.536841	28.502088	0.000044	120.244327	4.2
731	468.811822	28.492202	0.000044	45.912529	5.3
732	481.191617	28.490266	0.000044	87.950503	5.4
733	494.238037	28.492986	0.000044	176.728013	4.6
734	468.442674	28.484136	0.000044	252.982307	5.1
735	493.900623	28.599344	0.000044	191.951831	4.8
736	459.510991	28.606491	0.000044	139.400123	5.0
737	474.157931	28.595487	0.000044	174.639331	4.1
738	491.355984	28.651745	0.000044	271.380967	3.9
739	498.058005	28.640291	0.000044	144.213114	4.0
740	493.087434	28.674054	0.000044	142.728600	4.0
741	458.139979	28.699382	0.000044	133.147921	4.0
742	477.135734	28.728003	0.000043	170.959250	4.0
743	495.182263	28.717569	0.000044	60.348019	3.9
744	488.192376	28.714260	0.000044	200.928766	3.8
745	508.768288	28.713113	0.000044	56.737155	3.6
746	460.410279	28.705981	0.000044	65.691094	3.8
747	481.021864	28.708743	0.000044	132.495141	3.6
748	481.503569	28.714565	0.000044	153.296422	3.9
749	494.582974	28.756678	0.000043	155.316954	4.0
750	512.158431	28.806906	0.000043	170.769276	4.3
751	492.540860	28.865666	0.000043	78.728310	4.1
752	505.261954	28.859697	0.000043	144.229802	4.0
753	495.129020	28.858447	0.000043	171.803708	3.9
754	458.370990	28.917355	0.000043	50.406191	3.8
755	461.215959	28.920209	0.000043	199.718694	3.9
756	489.809142	28.924047	0.000043	103.075094	3.8
757	473.638119	28.963996	0.000043	197.509483	3.9
758	474.911449	28.992581	0.000043	106.251374	3.6
759	494.032509	29.002580	0.000043	136.102205	3.6
760	480.840588	28.994146	0.000043	80.249889	3.5
761	466.937897	28.999183	0.000043	136.351393	3.3
762	491.909379	28.996543	0.000043	66.491773	3.2
763	487.724458	28.993290	0.000043	44.057451	3.4
764	504.983392	28.992471	0.000043	209.081064	4.1
765	498.663192	28.989391	0.000043	139.990198	4.2
766	502.252374	29.000833	0.000043	231.756284	3.9
767	448.308311	28.989541	0.000043	217.218243	2.8
768	489.908543	29.007826	0.000043	207.728390	2.9
769	458.844877	29.106550	0.000043	109.304065	2.9
770	465.793229	29.158885	0.000043	204.540668	3.3
771	472.512457	29.171885	0.000043	166.749160	3.1
772	437.040498	29.192186	0.000043	82.750503	5.9
773	458.502664	29.188621	0.000043	106.794158	5.4
774	471.498416	29.198150	0.000043	51.885609	4.8
775	465.778127	29.202549	0.000043	231.622118	4.9
776	458.408251	29.197426	0.000043	200.403660	5.1
777	487.902457	29.256947	0.000043	111.854533	5.2
778	502.167303	29.246826	0.000043	91.153606	5.6
779	493.556078	29.258928	0.000043	167.359848	5.5
780	456.198737	29.260709	0.000043	204.447391	4.8
781	500.256934	29.372870	0.000043	136.534556	5.7
782	489.961045	29.448015	0.000043	231.970316	5.8
783	464.188090	29.498698	0.000043	94.919003	5.6
784	450.687015	29.526315	0.000043	183.255923	5.5
785	485.439720	29.518491	0.000043	193.189712	5.3
786	529.506901	29.662955	0.000043	373.031833	5.5
787	463.024629	30.144032	0.000042	177.728017	5.5
788	490.957617	30.742102	0.000042	145.181596	5.4
789	464.698440	30.731415	0.000042	242.124000	4.4
790	486.606632	30.719478	0.000042	140.024962	4.3
791	476.952099	30.823797	0.000042	105.615340	4.2
792	491.485116	30.815854	0.000042	60.733943	4.1
793	471.442869	30.811703	0.000042	88.418330	5.7
794	484.890136	30.809107	0.000042	111.667770	5.4
795	472.278842	30.807524	0.000042	39.102104	5.7
796	465.930822	30.808350	0.000042	273.504010	6.0
797	498.928861	30.803064	0.000042	96.186589	5.9
798	457.267546	30.801164	0.000042	62.294912	5.5
799	477.592854	30.796921	0.000042	169.018770	4.7
800	498.852969	30.792467	0.000042	133.791235	4.6
801	471.234920	30.832942	0.000042	38.534248	4.1
802	467.491222	30.829368	0.000042	117.586380	4.0
803	460.784123	30.831440	0.000042	171.708468	4.4
804	479.767919	30.847924	0.000042	160.741323	5.8
805	498.128760	30.837263	0.000042	223.838093	5.7
806	439.451114	30.910482	0.000042	62.387486	5.6
807	430.222544	30.902921	0.000042	151.902302	5.3
808	501.754467	30.911362	0.000042	191.428489	5.4
809	475.731991	30.902380	0.000042	139.930551	5.4
810	456.644183	30.913297	0.000042	93.869750	5.2
811	510.325220	30.910320	0.000042	140.272899	4.8
812	464.175804	30.911675	0.000042	212.821229	4.7
813	480.741685	30.955864	0.000042	113.162366	5.1
814	481.789262	31.014085	0.000042	83.942702	5.1
815	487.979891	31.008298	0.000042	160.224389	5.5
816	504.652413	31.010835	0.000042	126.861207	5.3
817	474.161896	31.037420	0.000042	31.277559	5.2
818	487.376659	31.038614	0.000042	207.924221	5.6
819	499.228333	31.036361	0.000042	146.797873	5.6
820	495.698446	31.115798	0.000041	50.766411	4.6
821	475.281279	31.114972	0.000041	96.781846	5.9
822	513.784268	31.115882	0.000041	88.185522	5.9
823	486.226759	31.110348	0.000042	199.185512	5.8
824	478.420280	31.115981	0.000041	131.455462	4.9
825	491.253510	31.153591	0.000041	65.021536	5.8
826	481.825351	31.148958	0.000041	86.803524	5.5
827	484.562491	31.151512	0.000041	86.606982	5.2
828	489.523664	31.156021	0.000041	52.077887	5.1
829	467.856625	31.157744	0.000041	47.900572	5.9
830	500.872479	31.155803	0.000041	204.108637	5.8
831	485.296736	31.149405	0.000041	365.117302	5.8
832	478.796366	31.761946	0.000041	194.468902	5.8
833	468.187275	32.447659	0.000040	82.631114	5.6
834	473.841199	32.473019	0.000040	73.119675	5.2
835	504.279501	32.478864	0.000040	164.160719	5.7
836	471.937400	32.473284	0.000040	107.899574	5.5
837	507.009889	32.464242	0.000040	151.099411	5.6
838	495.088561	32.491613	0.000040	110.700871	4.5
839	468.334581	32.482590	0.000040	77.008414	4.7
840	479.702367	32.478505	0.000040	60.365785	4.1
841	472.850113	32.478662	0.000040	50.110871	3.7
842	496.210159	32.480122	0.000040	111.621445	3.7
843	446.167166	32.476706	0.000040	40.906816	3.4
844	505.561981	32.480868	0.000040	180.897570	3.6
845	469.101138	32.475745	0.000040	90.674205	3.6
846	495.359444	32.487945	0.000040	142.488752	3.5
847	439.589587	32.480833	0.000040	184.618387	3.5
848	481.703305	32.475238	0.000040	68.172909	5.1
849	484.997932	32.468338	0.000040	47.498385	3.8
850	488.796812	32.469190	0.000040	49.846989	3.7
851	464.226491	32.469287	0.000040	217.009046	3.5
852	512.503288	32.480771	0.000040	93.985774	3.6
853	494.586434	32.474282	0.000040	139.300929	5.9
854	469.159913	32.488695	0.000040	166.801393	4.0
855	496.583091	32.543893	0.000040	211.093085	4.0
856	465.462911	32.675228	0.000040	48.407150	4.1
857	488.047834	32.673771	0.000040	60.982111	4.0
858	475.057362	32.675691	0.000040	63.546065	3.3
859	497.795809	32.678080	0.000040	31.489150	3.3
860	452.827511	32.676688	0.000040	136.047826	3.4
861	498.534073	32.673879	0.000040	156.982310	3.3
862	466.515388	32.716857	0.000040	90.830603	3.2
863	476.843809	32.736180	0.000040	189.915907	3.2
864	474.410131	32.766100	0.000040	71.858284	3.2
865	508.979245	32.771737	0.000040	87.578211	3.3
866	485.335992	32.771789	0.000040	61.322751	3.2
867	493.031722	32.772862	0.000040	97.610469	3.3
868	466.750751	32.769300	0.000040	39.169953	3.5
869	490.131331	32.772230	0.000040	57.753642	3.6
870	503.659230	32.772593	0.000040	208.448141	3.8
871	492.196241	32.782684	0.000040	93.722668	3.8
872	459.000702	32.777004	0.000040	60.562324	3.8
873	481.060619	32.778231	0.000040	85.554671	3.2
874	454.674205	32.777397	0.000040	90.614080	3.2
875	471.299197	32.784065	0.000040	98.464223	3.1
876	468.258588	32.787520	0.000040	73.377260	3.1
877	486.192239	32.794318	0.000040	271.454435	3.1
878	457.145465	32.784927	0.000040	139.795619	3.1
879	463.599106	32.955800	0.000040	364.601141	3.5
880	481.538907	32.943405	0.000040	136.254900	3.4
881	491.592488	33.226914	0.000040	188.715973	3.4
882	453.627440	33.217970	0.000040	151.759696	3.4
883	450.138462	33.296207	0.000040	81.002752	3.3
884	471.388949	33.291373	0.000040	95.956716	3.3
885	506.842817	33.298517	0.000040	93.900507	3.4
886	472.009653	33.292162	0.000040	49.142368	3.6
887	475.017112	33.292129	0.000040	75.578549	3.7
888	468.729057	33.289003	0.000040	83.141221	4.4
889	506.302182	33.293121	0.000040	48.205643	3.5
890	441.821740	33.290315	0.000040	71.656629	3.7
891	474.833946	33.290162	0.000040	195.827594	4.2
892	445.668947	33.286813	0.000040	115.206507	4.0
893	476.687005	33.276359	0.000040	46.273012	3.2
894	480.488011	33.273061	0.000040	203.227518	3.3
895	489.015542	33.276405	0.000040	141.724070	3.4
896	469.000326	33.265090	0.000040	119.026929	3.1
897	454.390644	33.289715	0.000040	106.158307	3.2
898	511.980337	33.306551	0.000040	184.778294	3.1
899	508.525486	33.297741	0.000040	98.227384	3.3
900	503.654416	33.296576	0.000040	189.853787	5.3
901	490.280506	33.289220	0.000040	116.787202	3.5
902	481.124415	33.283469	0.000040	64.014214	3.8
903	448.851627	33.286086	0.000040	187.042560	3.7
904	476.612787	33.298036	0.000040	43.138151	3.0
905	489.554074	33.293816	0.000040	96.527321	3.2
906	474.445680	33.296318	0.000040	69.592147	3.9
907	465.453201	33.292572	0.000040	58.914418	3.9
908	454.924561	33.290175	0.000040	89.256812	3.8
909	480.477561	33.292679	0.000040	203.493703	3.0
910	476.912544	33.303743	0.000040	55.115756	2.7
911	495.454526	33.317868	0.000040	52.412676	3.0
912	495.927122	33.317952	0.000040	93.755646	5.3
913	482.539916	33.318954	0.000040	217.094204	3.3
914	478.422687	33.331894	0.000040	203.894327	3.2
915	479.882459	33.319924	0.000040	200.931679	3.2
916	510.691164	33.444888	0.000040	93.006282	3.1
917	488.838303	33.438635	0.000040	112.515644	3.0
918	477.043435	33.450582	0.000040	142.565273	3.1
919	470.039149	33.444614	0.000040	99.542771	2.9
920	484.918674	33.441481	0.000040	40.978022	3.1
921	487.969342	33.442794	0.000040	165.904083	2.9
922	491.064712	33.447438	0.000040	238.620367	3.0
923	519.393220	33.439231	0.000040	116.200813	2.9
924	445.170071	33.430911	0.000040	178.122290	3.0
925	486.851298	33.428625	0.000040	151.422073	3.0
926	482.412136	33.431563	0.000040	137.649439	3.2
927	459.570719	33.443778	0.000040	241.510169	3.2
928	467.519117	33.499622	0.000040	113.235606	3.4
929	471.090173	33.491688	0.000040	194.383078	3.7
930	457.232834	33.487054	0.000040	145.084534	3.7
931	470.655478	33.496693	0.000040	176.414847	3.6
932	465.447629	33.487021	0.000040	74.977410	3.8
933	512.333633	33.479284	0.000040	156.728344	3.8
934	495.315638	33.471774	0.000040	85.072192	3.3
935	493.305233	33.469571	0.000040	153.474077	3.1
936	474.891836	33.480256	0.000040	77.407087	3.1
937	487.470052	33.473588	0.000040	117.212779	3.3
938	458.290761	33.484164	0.000040	91.608837	3.3
939	480.897559	33.478237	0.000040	163.693528	3.3
940	491.381298	33.474257	0.000040	114.906491	3.3
941	494.036896	33.465170	0.000040	98.950826	3.5
942	488.387476	33.474299	0.000040	142.720712	3.3
943	479.514619	33.468682	0.000040	61.574895	3.5
944	473.812865	33.471993	0.000040	106.058614	3.6
945	485.917379	33.474261	0.000040	212.805794	3.7
946	479.592016	33.477824	0.000040	135.785217	2.9
947	473.695524	33.525841	0.000040	120.208523	3.2
948	462.241687	33.523358	0.000040	177.888747	5.5
949	477.659189	33.514465	0.000040	147.201671	5.6
950	450.518812	33.523857	0.000040	211.003152	5.5
951	486.934880	33.590400	0.000040	124.607544	5.2
952	506.765860	33.581319	0.000040	254.259615	4.7
953	466.927946	33.677656	0.000040	175.913423	5.0
954	493.124528	33.930127	0.000039	228.336032	4.7
955	504.418023	33.967898	0.000039	122.553832	3.9
956	472.480996	33.977951	0.000039	220.975669	3.9
957	472.132531	33.969276	0.000039	173.113666	3.6
958	495.114550	34.110097	0.000039	132.776370	3.6
959	435.343983	34.100242	0.000039	125.254740	3.9
960	515.044502	34.091661	0.000039	63.164474	5.4
961	480.806718	34.100422	0.000039	148.013693	5.5
962	494.078421	34.095483	0.000039	69.888157	4.5
963	476.147152	34.092644	0.000039	199.499760	4.6
964	471.270032	34.105276	0.000039	135.994080	5.3
965	508.705852	34.175787	0.000039	66.083893	3.1
966	489.685660	34.170771	0.000039	132.762584	3.4
967	440.751336	34.165956	0.000039	157.681503	3.3
968	511.775562	34.208072	0.000039	32.152629	3.3
969	513.642241	34.205827	0.000039	159.963829	3.7
970	481.311131	34.208042	0.000039	84.925518	3.7
971	480.427546	34.200064	0.000039	162.068243	3.9
972	501.840963	34.206238	0.000039	267.513726	3.6
973	478.829397	34.447657	0.000039	91.817411	3.7
974	452.423845	34.477538	0.000039	78.046843	3.5
975	530.257478	34.474182	0.000039	95.724903	3.7
976	487.830873	34.481593	0.000039	41.949625	5.6
977	475.065625	34.479340	0.000039	200.372108	5.4
978	491.419231	34.475078	0.000039	175.459518	5.3
979	503.516620	34.589966	0.000039	102.590671	5.1
980	457.443866	34.581224	0.000039	96.575163	4.8
981	467.851670	34.588845	0.000039	95.764967	4.1
982	442.618390	34.598321	0.000039	150.437204	4.0
983	460.190158	34.604056	0.000039	151.395027	3.7
984	472.589150	34.655638	0.000039	90.198056	3.7
985	493.835518	34.674034	0.000039	136.413557	3.7
986	469.760238	34.684689	0.000039	229.778617	3.7
987	501.124871	34.771993	0.000039	152.401737	3.6
988	498.887329	34.760427	0.000039	216.142883	3.6
989	501.178293	34.814275	0.000039	88.953564	3.6
990	505.809091	34.835382	0.000039	107.846975	3.6
991	461.354182	34.842552	0.000039	147.944577	5.6
992	525.428247	34.870177	0.000039	156.423521	5.7
993	481.361467	34.861989	0.000039	214.041704	5.4
994	494.706621	34.950043	0.000039	97.776022	4.2
995	475.239025	34.946845	0.000039	73.365308	4.8
996	472.527926	34.941508	0.000039	213.206723	4.6
997	472.611188	34.944160	0.000039	97.753344	3.7
998	508.363174	34.976809	0.000039	232.246423	3.9
999	502.012059	35.001366	0.000039	79.080060	3.7
1000	481.329419	35.033878	0.000039	134.415799	3.7
1001	477.422859	35.028416	0.000039	75.712838	3.9
1002	477.319541	35.029283	0.000039	104.294953	3.9
1003	478.116679	35.027105	0.000039	99.234877	5.8
1004	469.901562	35.035904	0.000039	126.179656	5.7
1005	489.904153	35.034857	0.000039	120.425549	5.9
1006	507.681925	35.042333	0.000039	195.405532	5.7
1007	468.318257	35.079848	0.000039	64.092280	5.4
1008	492.296103	35.092915	0.000039	129.245447	4.9
1009	495.887416	35.093474	0.000039	53.173544	5.8
1010	489.693053	35.092130	0.000039	135.922600	5.0
1011	497.898146	35.095992	0.000039	167.563111	5.0
1012	483.648599	35.139052	0.000039	91.644237	4.8
1013	477.318548	35.164635	0.000039	47.616298	5.3
1014	480.159517	35.162657	0.000039	59.553702	4.7
1015	488.299670	35.161450	0.000039	167.220833	4.6
1016	472.731938	35.162637	0.000039	39.638675	5.4
1017	470.668402	35.163609	0.000039	117.179069	6.2
1018	509.232741	35.162570	0.000039	112.340087	5.7
1019	446.853418	35.160792	0.000039	70.591607	5.8
1020	481.215960	35.156547	0.000039	277.763305	5.8
1021	481.960174	35.160639	0.000039	103.077227	5.9
1022	431.941774	35.231488	0.000038	37.532393	5.6
1023	497.988447	35.232014	0.000038	173.136560	4.5
1024	438.269626	35.228639	0.000038	152.534378	4.5
1025	464.368660	35.300675	0.000038	137.623585	4.1
1026	486.710179	35.290665	0.000038	76.147623	4.1
1027	485.809963	35.287709	0.000038	230.300375	3.4
1028	492.401980	35.304093	0.000038	71.958810	3.3
1029	477.061597	35.330885	0.000038	161.678965	3.4
1030	486.664880	35.326738	0.000038	62.103464	3.5
1031	446.320962	35.321496	0.000038	200.727059	3.5
1032	477.264076	35.325732	0.000038	299.684241	3.5
1033	495.795181	35.313073	0.000038	158.407736	3.8
1034	490.168503	35.489479	0.000038	263.377094	4.2
1035	450.979646	35.479613	0.000038	89.331885	5.3
1036	472.587691	35.536035	0.000038	93.265177	5.3
1037	469.417742	35.543078	0.000038	143.336563	4.6
1038	472.293842	35.534928	0.000038	86.037813	4.3
1039	505.256210	35.546515	0.000038	168.392268	4.2
1040	444.724517	35.562082	0.000038	52.375521	4.1
1041	491.217406	35.556426	0.000038	110.638531	4.4
1042	470.047283	35.558974	0.000038	69.177367	3.9
1043	511.709370	35.554263	0.000038	112.063916	4.0
1044	491.712639	35.550896	0.000038	222.832273	3.8
1045	468.408791	35.590099	0.000038	63.742633	3.9
1046	453.157902	35.611033	0.000038	170.664092	3.9
1047	499.538523	35.606233	0.000038	120.381515	3.2
1048	476.159269	35.651127	0.000038	118.008805	3.2
1049	458.702629	35.643028	0.000038	109.631611	3.2
1050	458.859051	35.658445	0.000038	39.463528	3.5
1051	506.620236	35.655054	0.000038	60.917510	3.2
1052	488.386884	35.654446	0.000038	77.765894	3.2
1053	458.075341	35.654002	0.000038	66.443586	5.7
1054	472.535593	35.649948	0.000038	56.268341	4.3
1055	452.449213	35.651615	0.000038	134.367389	3.7
1056	526.298991	35.658365	0.000038	50.329855	5.5
1057	500.926260	35.655475	0.000038	140.718497	5.4
1058	489.885425	35.660161	0.000038	92.648833	5.4
1059	459.711053	35.656083	0.000038	93.076973	4.1
1060	475.323586	35.650867	0.000038	121.135447	3.8
1061	473.714339	35.643792	0.000038	137.267694	3.6
1062	503.341441	35.673216	0.000038	76.762519	3.0
1063	484.642786	35.667108	0.000038	109.848337	3.1
1064	467.579401	35.668348	0.000038	51.532491	3.0
1065	494.888530	35.666922	0.000038	69.466788	3.6
1066	516.221990	35.670210	0.000038	98.290942	3.2
1067	496.164096	35.666187	0.000038	47.067278	3.3
1068	467.397879	35.667132	0.000038	177.633075	3.3
1069	452.294680	35.663635	0.000038	166.088996	3.3
1070	482.506272	35.756743	0.000038	108.291548	3.4
1071	452.785017	35.748665	0.000038	202.541648	2.8
1072	503.767540	35.765532	0.000038	75.535082	2.9
1073	489.657880	35.767105	0.000038	117.667513	4.0
1074	474.419300	35.761131	0.000038	295.479314	4.3
1075	490.143825	35.803392	0.000038	357.071110	4.5
1076	434.284587	36.776694	0.000037	172.693665	4.2
1077	447.507562	36.764020	0.000037	100.002575	4.1
1078	448.819567	36.789495	0.000037	61.799579	4.2
1079	495.865843	36.785220	0.000037	96.616379	5.4
1080	482.648624	36.790740	0.000037	64.839462	4.2
1081	493.318456	36.789578	0.000037	99.164448	4.0
1082	461.065245	36.794220	0.000037	175.428736	4.0
1083	496.944475	36.804289	0.000037	64.308626	4.1
1084	470.460332	36.811191	0.000037	152.416921	4.1
1085	520.359052	36.808297	0.000037	54.621704	4.1
1086	474.204343	36.815325	0.000037	51.971381	3.7
1087	491.247702	36.814380	0.000037	183.027823	4.0
1088	464.314650	36.826376	0.000037	94.854234	4.2
1089	493.047331	36.830849	0.000037	176.635475	3.9
1090	472.972899	36.857616	0.000037	167.051241	3.7
1091	470.288576	36.850211	0.000037	214.535527	3.8
1092	501.579903	36.992608	0.000037	97.897667	3.8
1093	491.964307	37.005706	0.000037	154.266680	3.8
1094	513.383151	37.019484	0.000037	137.372462	3.7
1095	482.519453	37.062879	0.000037	101.658490	3.8
1096	492.520191	37.056555	0.000037	193.850114	3.0
1097	495.805901	37.091727	0.000037	110.087370	2.9
1098	491.724382	37.082759	0.000037	43.927677	3.0
1099	489.681857	37.083452	0.000037	100.162119	5.3
1100	449.623165	37.082209	0.000037	84.551687	5.8
1101	485.428940	37.082088	0.000037	153.277201	5.4
1102	455.065004	37.074648	0.000037	174.251284	2.7
1103	451.615542	37.069352	0.000037	220.111175	2.7
1104	498.976969	37.077772	0.000037	142.274380	5.3
1105	467.812551	37.128452	0.000037	55.849334	3.6
1106	467.817262	37.130862	0.000037	44.714691	3.4
1107	476.727522	37.128850	0.000037	33.921898	3.4
1108	458.937071	37.129638	0.000037	152.756825	2.8
1109	509.716985	37.128312	0.000037	53.514088	5.3
1110	465.879442	37.127277	0.000037	106.620059	5.1
1111	482.989078	37.123144	0.000037	194.325127	3.8
1112	467.138586	37.161190	0.000037	64.909316	3.0
1113	468.629768	37.175756	0.000037	183.218894	3.1
1114	517.621064	37.188417	0.000037	186.693194	3.4
1115	481.751980	37.296976	0.000037	107.260090	4.4
1116	487.783675	37.319236	0.000037	132.432033	3.6
1117	482.300626	37.327597	0.000037	72.427111	5.0
1118	463.382913	37.336879	0.000037	52.774580	4.9
1119	471.367152	37.335848	0.000037	199.280808	3.9
1120	476.359643	37.331138	0.000037	114.903394	3.9
1121	460.338951	37.324544	0.000037	152.390941	3.8
1122	488.848421	37.355969	0.000037	61.576577	3.9
1123	499.819794	37.351080	0.000037	146.125523	5.6
1124	500.274768	37.352091	0.000037	220.201637	4.6
1125	500.459951	37.468758	0.000037	99.201656	4.4
1126	476.394830	37.460129	0.000037	129.191388	4.4
1127	459.008184	37.456214	0.000037	41.646578	4.3
1128	479.838455	37.460971	0.000037	258.752577	4.0
1129	498.063871	37.454566	0.000037	39.457576	4.0
1130	471.641696	37.462944	0.000037	157.595321	4.0
1131	465.956327	37.462975	0.000037	88.484650	3.8
1132	473.932540	37.461150	0.000037	127.793428	3.9
1133	483.721371	37.471503	0.000037	130.894220	3.7
1134	479.516056	37.475597	0.000037	178.096265	3.7
1135	456.357745	37.516065	0.000037	135.311870	3.9
1136	494.037973	37.507700	0.000037	121.681397	4.0
1137	486.963597	37.503924	0.000037	240.713754	3.9
1138	465.116172	37.498715	0.000037	91.158065	4.0
1139	504.031865	37.497069	0.000037	134.039467	3.9
1140	459.501709	37.489296	0.000037	106.427013	4.1
1141	472.876679	37.483135	0.000037	340.295035	5.3
1142	489.323348	37.476232	0.000037	103.306109	5.2
1143	460.040032	37.465365	0.000037	139.490191	4.2
1144	462.069372	37.480433	0.000037	111.348571	4.2
1145	502.488048	37.485197	0.000037	142.757322	4.0
1146	460.908279	37.496807	0.000037	105.981619	4.0
1147	477.605051	37.489390	0.000037	31.005608	4.1
1148	455.465107	37.490379	0.000037	129.690907	4.1
1149	479.929114	37.492201	0.000037	92.168989	3.8
1150	479.416067	37.499433	0.000037	115.735413	3.6
1151	460.548400	37.502574	0.000037	103.745479	3.7
1152	454.406095	37.515111	0.000037	68.855091	3.7
1153	459.556486	37.512213	0.000037	111.775007	3.5
1154	495.618622	37.507976	0.000037	90.301474	3.8
1155	458.724318	37.507687	0.000037	74.391396	3.6
1156	450.071496	37.502696	0.000037	53.491225	3.5
1157	488.613974	37.503388	0.000037	154.829182	3.8
1158	479.824678	37.498969	0.000037	93.579305	5.6
1159	491.497533	37.498379	0.000037	72.065714	5.4
1160	454.896799	37.495720	0.000037	91.696741	3.4
1161	469.102751	37.498205	0.000037	67.605662	3.6
1162	521.818695	37.504667	0.000037	130.945944	5.4
1163	514.823186	37.500594	0.000037	117.010511	5.2
1164	486.294591	37.517722	0.000037	112.548737	5.2
1165	490.638651	37.510043	0.000037	246.347331	5.3
1166	471.923889	37.585281	0.000037	182.461402	5.7
1167	502.069163	37.643610	0.000037	168.600641	5.7
1168	520.325901	37.745039	0.000037	218.211718	5.6
1169	450.185185	37.794780	0.000037	56.082798	5.3
1170	464.857885	37.796338	0.000037	98.115656	4.4
1171	458.885942	37.799865	0.000037	196.603721	4.4
1172	471.705067	37.820440	0.000037	98.508551	4.2
1173	475.244816	37.812258	0.000037	98.552967	4.0
1174	483.027231	37.806340	0.000037	153.050183	4.0
1175	481.984711	37.823760	0.000037	195.524906	3.8
1176	458.469786	37.823600	0.000037	78.349270	3.8
1177	504.201584	37.821418	0.000037	328.391823	3.7
1178	485.417147	37.818046	0.000037	77.075286	3.7
1179	492.616197	37.817226	0.000037	279.642552	3.6
1180	466.790267	37.837018	0.000037	207.853548	3.4
1181	479.834471	38.100239	0.000037	158.759694	3.4
1182	480.938023	38.150872	0.000037	26.768090	3.4
1183	457.101400	38.149067	0.000037	80.026705	3.6
1184	492.653126	38.147573	0.000037	90.552681	3.5
1185	469.315406	38.149031	0.000037	100.256860	3.6
1186	459.293902	38.147035	0.000037	87.832280	3.9
1187	475.438874	38.156478	0.000037	49.837481	3.9
1188	438.856935	38.156743	0.000037	156.205087	3.4
1189	487.173544	38.163109	0.000037	113.415724	6.1
1190	477.922684	38.158042	0.000037	197.715516	5.3
1191	463.829037	38.204780	0.000037	48.860015	5.3
1192	501.506368	38.199250	0.000037	73.552279	3.9
1193	444.291753	38.200325	0.000037	140.453133	4.2
1194	448.406703	38.202803	0.000037	168.354361	4.1
1195	476.639575	38.226046	0.000037	145.248041	3.8
1196	462.955299	38.222668	0.000037	213.688365	3.7
1197	462.041742	38.299245	0.000036	69.763259	3.4
1198	485.259103	38.291725	0.000036	146.801289	3.2
1199	485.758059	38.297078	0.000036	121.298775	5.7
1200	483.635017	38.289631	0.000036	128.152263	3.3
1201	457.869199	38.302653	0.000036	75.426027	3.2
1202	475.353474	38.296423	0.000036	100.098552	3.3
1203	491.745694	38.292698	0.000036	96.580785	3.2
1204	482.610351	38.287463	0.000036	154.946936	2.5
1205	513.483514	38.283351	0.000036	162.751604	5.0
1206	468.164183	38.317936	0.000036	240.827649	3.8
1207	485.172419	38.480397	0.000036	188.635721	3.9
1208	484.935530	38.469481	0.000036	185.591327	3.6
1209	475.642882	38.513885	0.000036	80.490606	3.6
1210	469.557838	38.508295	0.000036	145.461193	3.7
1211	473.092366	38.501853	0.000036	27.766917	3.5
1212	458.997149	38.498742	0.000036	109.865693	3.4
1213	495.095303	38.497427	0.000036	290.376194	3.5
1214	503.560535	38.579340	0.000036	75.809439	3.4
1215	459.405781	38.577263	0.000036	223.440476	3.3
1216	519.525366	38.570334	0.000036	63.430908	3.4
1217	466.352886	38.573131	0.000036	88.812583	3.3
1218	495.804653	38.575136	0.000036	55.130371	3.5
1219	454.175217	38.572300	0.000036	205.557491	3.5
1220	466.449131	38.585412	0.000036	225.440971	3.6
1221	501.119171	38.610819	0.000036	77.661206	3.6
1222	505.001536	38.631116	0.000036	99.938170	3.5
1223	491.096740	38.630067	0.000036	115.983184	3.5
1224	483.528322	38.633466	0.000036	94.740341	3.5
1225	481.472898	38.639028	0.000036	80.712253	3.5
1226	482.098365	38.647788	0.000036	107.480881	3.6
1227	480.067921	38.652425	0.000036	79.956654	3.5
1228	471.918279	38.662575	0.000036	248.792816	3.4
1229	485.853181	38.658190	0.000036	91.788136	3.5
1230	471.797820	38.670794	0.000036	120.460053	3.5
1231	474.580148	38.684849	0.000036	131.576727	3.6
1232	494.359091	38.694015	0.000036	92.581927	3.6
1233	476.029962	38.694783	0.000036	89.919566	3.7
1234	481.218067	38.700521	0.000036	162.703218	4.0
1235	467.686730	38.706740	0.000036	110.771523	4.2
1236	495.888939	38.738421	0.000036	93.460863	3.3
1237	466.275785	38.740728	0.000036	63.137841	3.3
1238	467.195403	38.742119	0.000036	180.958428	3.3
1239	489.631026	38.754836	0.000036	31.061622	3.5
1240	479.442614	38.755147	0.000036	29.251570	5.7
1241	493.356833	38.754742	0.000036	58.869324	5.7
1242	486.478258	38.755581	0.000036	116.255744	6.0
1243	495.460769	38.759798	0.000036	86.160521	6.0
1244	469.802772	38.753102	0.000036	64.529732	6.2
1245	518.304856	38.752035	0.000036	225.229004	4.7
1246	459.289213	38.763912	0.000036	47.758920	5.7
1247	446.807688	38.767408	0.000036	103.327486	6.0
1248	482.367488	38.765756	0.000036	93.464743	3.3
1249	491.124627	38.760591	0.000036	87.328320	3.2
1250	474.374852	38.754923	0.000036	74.621010	3.3
1251	471.104703	38.751236	0.000036	56.544159	3.3
1252	474.813346	38.750142	0.000036	285.551231	3.3
1253	443.139791	38.757088	0.000036	86.546791	3.9
1254	452.535814	38.749044	0.000036	190.130832	4.0
1255	495.553753	38.758787	0.000036	202.400135	3.6
1256	491.772260	38.748628	0.000036	292.832369	3.7
1257	505.665119	39.019487	0.000036	213.436720	3.4
1258	491.526269	39.183318	0.000036	59.886646	3.4
1259	453.781908	39.179022	0.000036	82.260955	3.4
1260	512.978219	39.176616	0.000036	78.610776	3.6
1261	489.916523	39.180347	0.000036	92.022075	3.9
1262	470.910863	39.183540	0.000036	99.868150	5.2
1263	484.897704	39.193830	0.000036	34.627948	3.9
1264	452.628212	39.192382	0.000036	248.194491	3.9
1265	479.532098	39.200096	0.000036	158.731897	4.0
1266	449.656931	39.345949	0.000036	96.942980	4.2
1267	495.046819	39.338367	0.000036	63.811230	5.6
1268	464.648569	39.337600	0.000036	157.725339	5.5
1269	454.235318	39.337378	0.000036	49.356364	4.5
1270	475.366613	39.341111	0.000036	89.835057	5.2
1271	483.785006	39.338792	0.000036	174.092426	4.8
1272	478.942205	39.330098	0.000036	143.566238	5.0
1273	453.005002	39.385782	0.000036	35.709927	4.8
1274	463.416507	39.385725	0.000036	67.089173	4.2
1275	526.233285	39.384100	0.000036	54.970374	4.7
1276	472.342718	39.383892	0.000036	44.746695	4.7
1277	480.794590	39.384393	0.000036	116.273480	5.8
1278	470.204334	39.386905	0.000036	197.187079	5.7
1279	473.879135	39.405837	0.000036	144.741474	4.4
1280	472.957376	39.481082	0.000036	97.955813	4.5
1281	483.309126	39.495780	0.000036	125.045757	5.7
1282	472.998445	39.497318	0.000036	124.571425	5.6
1283	461.678017	39.499204	0.000036	121.786943	4.4
1284	468.023552	39.524713	0.000036	174.843178	5.0
1285	471.586792	39.514707	0.000036	103.899161	5.0
1286	503.119678	39.508589	0.000036	91.433737	4.8
1287	458.536957	39.518511	0.000036	127.245529	4.0
1288	503.619531	39.520355	0.000036	56.401694	5.5
1289	471.353466	39.515379	0.000036	58.967425	4.8
1290	478.558927	39.513273	0.000036	152.973619	6.1
1291	487.372470	39.512880	0.000036	96.650684	5.7
1292	486.414842	39.509584	0.000036	210.239275	4.4
1293	463.494059	39.509628	0.000036	193.368965	4.6
1294	443.017849	39.579990	0.000036	149.449717	4.5
1295	462.781849	39.569667	0.000036	214.788154	4.5
1296	465.828831	39.674193	0.000036	71.106835	5.7
1297	462.845927	39.683226	0.000036	81.838635	5.7
1298	447.697179	39.688371	0.000036	105.175282	4.9
1299	465.284179	39.682229	0.000036	72.217995	5.0
1300	488.600203	39.688068	0.000036	130.491303	4.6
1301	507.452568	39.682490	0.000036	98.536463	4.0
1302	467.485288	39.678361	0.000036	147.722146	3.7
1303	498.619733	39.682040	0.000036	210.300392	3.6
1304	448.936280	39.782790	0.000036	103.759342	3.6
1305	496.095939	39.820072	0.000036	95.791781	3.6
1306	499.567848	39.821394	0.000036	186.102314	5.0
1307	456.038045	39.840375	0.000036	41.607011	5.4
1308	488.538750	39.849538	0.000036	33.128077	5.0
1309	466.704741	39.848845	0.000036	167.107567	5.2
1310	481.787438	39.846039	0.000036	147.067729	5.2
1311	488.157805	39.897601	0.000036	201.581301	5.3
1312	470.642944	39.974275	0.000035	124.612486	4.1
1313	482.381101	39.964376	0.000035	64.059993	4.8
1314	458.807079	39.969699	0.000035	97.489128	3.8
1315	489.706165	39.976721	0.000035	87.619021	3.5
1316	476.270097	39.970935	0.000035	183.825791	3.5
1317	483.317716	39.971444	0.000035	88.665713	3.3
1318	466.315945	39.963877	0.000035	41.330045	3.4
1319	450.171981	39.964622	0.000035	146.845776	3.4
1320	502.691168	39.961355	0.000035	125.135213	3.4
1321	501.198214	39.996169	0.000035	127.326754	3.4
1322	470.919385	39.988509	0.000035	80.787964	3.4
1323	460.057832	39.995573	0.000035	20.319586	3.3
1324	490.287475	39.995600	0.000035	140.890531	3.4
1325	459.891165	39.994820	0.000035	220.864549	3.5
1326	480.492832	40.076710	0.000035	167.870521	5.6
1327	479.980044	40.066686	0.000035	84.908377	5.2
1328	470.400938	40.058755	0.000035	35.304912	5.2
1329	470.508324	40.059197	0.000035	289.356858	5.1
1330	500.626657	40.062882	0.000035	138.448689	5.6
1331	454.171868	40.050874	0.000035	134.176634	4.9
1332	495.248422	40.056330	0.000035	77.953268	5.5
1333	468.289254	40.049575	0.000035	106.392671	4.9
1334	477.556675	40.044030	0.000035	215.574544	4.3
1335	459.333545	40.038966	0.000035	134.769104	4.2
1336	477.909746	40.033740	0.000035	96.757174	3.7
1337	466.874189	40.031222	0.000035	160.508749	4.5
1338	476.167583	40.023864	0.000035	115.554663	3.9
1339	470.180224	40.024605	0.000035	54.775785	3.8
1340	454.380433	40.024266	0.000035	55.293027	4.1
1341	493.235732	40.023866	0.000035	123.289546	3.7
1342	486.052808	40.021759	0.000035	183.262262	3.6
1343	473.043260	40.056889	0.000035	52.541834	3.6
1344	506.950476	40.068513	0.000035	140.489076	3.6
1345	483.892017	40.067902	0.000035	167.208117	3.5
1346	419.601740	40.079749	0.000035	62.233856	3.8
1347	484.792817	40.086572	0.000035	125.578674	3.9
1348	484.532035	40.085674	0.000035	34.311111	4.7
1349	465.603985	40.088247	0.000035	118.689669	4.0
1350	460.408942	40.086505	0.000035	79.619780	4.1
1351	464.374556	40.086755	0.000035	137.916537	2.8
1352	475.591038	40.092116	0.000035	60.288235	2.8
1353	477.931567	40.090245	0.000035	85.667379	2.7
1354	467.289710	40.089189	0.000035	103.598070	5.7
1355	487.102112	40.092315	0.000035	46.083321	3.5
1356	484.795865	40.097089	0.000035	102.417227	3.5
1357	472.419346	40.096624	0.000035	66.952157	2.9
1358	468.411552	40.104674	0.000035	136.644059	3.3
1359	495.817042	40.100242	0.000035	78.968491	2.6
1360	509.844651	40.096349	0.000035	212.810893	2.8
1361	501.594089	40.091296	0.000035	61.966338	2.6
1362	454.745483	40.096292	0.000035	105.319821	2.6
1363	447.824627	40.094713	0.000035	143.131109	2.7
1364	471.171886	40.089955	0.000035	119.175928	3.2
1365	471.166700	40.121110	0.000035	156.789371	2.9
1366	472.316479	40.111681	0.000035	126.941479	2.8
1367	454.553373	40.101700	0.000035	162.868095	3.0
1368	514.143569	40.143913	0.000035	99.827538	3.0
1369	475.877010	40.160559	0.000035	51.008167	3.2
1370	483.701681	40.162106	0.000035	47.038077	5.5
1371	463.324643	40.160547	0.000035	27.236668	5.4
1372	452.448541	40.160392	0.000035	152.165800	4.0
1373	482.801534	40.161277	0.000035	68.090790	5.2
1374	484.432081	40.170701	0.000035	38.745713	4.4
1375	472.251496	40.169412	0.000035	136.204289	4.5
1376	487.657458	40.166895	0.000035	119.366708	5.6
1377	489.025005	40.157862	0.000035	216.651440	5.6
1378	477.999774	40.182414	0.000035	76.881235	4.6
1379	445.917443	40.178827	0.000035	63.579648	5.6
1380	474.734908	40.175564	0.000035	74.311103	5.7
1381	469.819966	40.172713	0.000035	188.120938	5.5
1382	496.374865	40.182565	0.000035	177.651335	5.6
1383	446.412372	40.275441	0.000035	74.519007	5.6
1384	502.311952	40.267547	0.000035	246.311410	4.1
1385	478.006504	40.284170	0.000035	76.797029	4.1
1386	483.234774	40.284475	0.000035	127.838775	4.5
1387	485.985592	40.289534	0.000035	215.158485	4.6
1388	437.812605	40.279608	0.000035	158.515684	6.1
1389	503.075128	40.288025	0.000035	134.356673	4.2
1390	426.215460	40.282691	0.000035	66.720474	4.8
1391	495.276276	40.292902	0.000035	97.404943	4.3
1392	497.170023	40.290305	0.000035	109.887698	4.4
1393	472.164498	40.293659	0.000035	129.293012	4.8
1394	478.262061	40.285524	0.000035	136.986963	5.5
1395	512.570216	40.316018	0.000035	108.211347	5.3
1396	469.633389	40.322412	0.000035	154.797489	5.1
1397	460.728717	40.329519	0.000035	63.294795	5.8
1398	469.431396	40.336696	0.000035	133.067626	5.0
1399	470.883073	40.332296	0.000035	167.657546	4.6
1400	469.913271	40.369551	0.000035	44.528474	5.7
1401	461.708256	40.375665	0.000035	139.327655	4.9
1402	474.486234	40.379712	0.000035	82.969416	6.0
1403	494.132977	40.374430	0.000035	212.862305	5.7
1404	469.188439	40.397357	0.000035	260.095139	5.0
1405	475.152292	40.822031	0.000035	63.577196	5.6
1406	450.539260	40.814206	0.000035	129.286997	5.5
1407	477.122233	40.822810	0.000035	138.246040	5.0
1408	454.258878	40.821234	0.000035	39.972753	4.5
1409	468.504137	40.825383	0.000035	181.409049	4.6
1410	476.969245	40.825535	0.000035	94.424797	5.8
1411	482.713373	40.834457	0.000035	68.656332	5.7
1412	496.924784	40.834223	0.000035	126.011768	5.5
1413	491.400867	40.834109	0.000035	112.252791	4.8
1414	440.565641	40.833515	0.000035	144.870951	4.5
1415	466.249175	40.824892	0.000035	123.988596	4.2
1416	482.948739	40.849213	0.000035	60.903420	4.2
1417	483.648831	40.856463	0.000035	79.292224	5.6
1418	477.317231	40.853819	0.000035	63.361950	5.4
1419	488.590730	40.858411	0.000035	145.608804	5.2
1420	466.472462	40.852299	0.000035	27.315980	5.0
1421	490.533343	40.851045	0.000035	63.192780	5.6
1422	461.443654	40.851123	0.000035	61.900067	6.0
1423	476.603964	40.848097	0.000035	80.918897	5.7
1424	500.874012	40.844485	0.000035	43.388595	3.4
1425	463.506900	40.841663	0.000035	86.555028	3.4
1426	446.275494	40.844170	0.000035	109.566973	5.7
1427	458.123297	40.838448	0.000035	70.113095	5.4
1428	494.026584	40.842038	0.000035	23.056019	5.5
1429	470.919162	40.842222	0.000035	108.665492	4.8
1430	474.996763	40.843519	0.000035	58.434741	4.8
1431	456.604792	40.846907	0.000035	162.401806	4.2
1432	472.507659	40.852493	0.000035	74.156805	4.3
1433	491.602255	40.865739	0.000035	37.840379	4.4
1434	458.196581	40.866914	0.000035	223.107879	4.4
1435	459.544966	40.872184	0.000035	103.789281	4.8
1436	472.022285	40.862431	0.000035	64.575387	4.4
1437	470.167454	40.859267	0.000035	88.112400	3.2
1438	481.860903	40.864994	0.000035	150.153780	3.3
1439	490.268261	40.874929	0.000035	169.335445	3.4
1440	485.023948	40.936788	0.000035	71.863627	3.4
1441	449.019325	40.932519	0.000035	110.039741	3.5
1442	488.252469	40.928929	0.000035	121.522666	3.4
1443	491.122561	40.928452	0.000035	140.855292	3.4
1444	443.451076	40.956323	0.000035	168.452090	3.4
1445	476.790895	40.954280	0.000035	85.943766	3.6
1446	511.468755	40.966906	0.000035	99.475940	3.3
1447	478.746881	40.962539	0.000035	28.366302	3.4
1448	465.197507	40.960435	0.000035	175.905731	3.4
1449	496.621300	40.957177	0.000035	102.936788	3.5
1450	448.964758	40.973444	0.000035	137.927497	3.3
1451	463.085470	40.968334	0.000035	68.608405	3.3
1452	476.317149	40.969804	0.000035	195.033142	3.3
1453	502.288714	40.970677	0.000035	208.017979	3.5
1454	479.786647	41.111783	0.000035	181.271859	5.4
1455	469.481250	41.271115	0.000035	80.309377	5.6
1456	484.974676	41.295358	0.000035	146.184909	5.7
1457	502.191883	41.288250	0.000035	132.303335	5.3
1458	456.548514	41.281947	0.000035	71.391157	5.0
1459	477.139323	41.292767	0.000035	83.877523	5.4
1460	449.730399	41.291811	0.000035	200.119840	5.3
1461	462.591855	41.283701	0.000035	278.353741	4.3
1462	480.997542	41.598776	0.000035	102.190557	4.3
1463	452.566618	41.601733	0.000035	79.069750	4.0
1464	447.733071	41.606106	0.000035	186.259907	4.0
1465	480.717357	41.623807	0.000035	71.725174	4.0
1466	442.126423	41.641292	0.000035	133.994780	3.8
1467	442.167278	41.646605	0.000035	50.270092	3.8
1468	468.964993	41.647691	0.000035	111.208903	3.9
1469	513.912541	41.652477	0.000035	114.845946	3.7
1470	482.317082	41.647832	0.000035	57.945112	3.7
1471	455.918428	41.645313	0.000035	175.498426	3.6
1472	473.272383	41.643619	0.000035	242.936250	4.6
1473	477.025718	41.632079	0.000035	114.788359	4.8
1474	475.856232	41.622012	0.000035	164.697869	5.0
1475	439.896364	41.651729	0.000035	179.298248	5.7
1476	507.851266	41.646227	0.000035	84.466190	5.8
1477	438.819767	41.638168	0.000035	48.987029	5.4
1478	479.325521	41.639747	0.000035	78.861223	4.4
1479	472.347199	41.637382	0.000035	29.341949	3.1
1480	477.362884	41.637556	0.000035	138.371584	3.2
1481	476.434469	41.636894	0.000035	300.077617	3.1
1482	471.758812	41.834052	0.000034	138.357280	2.8
1483	463.374351	42.032974	0.000034	148.997138	2.7
1484	470.963187	42.049035	0.000034	30.138915	3.4
1485	465.601567	42.048377	0.000034	95.134526	3.4
1486	485.275543	42.047317	0.000034	181.080536	3.6
1487	489.972307	42.039418	0.000034	215.968140	3.3
1488	497.951261	42.076667	0.000034	101.230822	2.8
1489	508.568983	42.122172	0.000034	42.191680	2.7
1490	464.233112	42.126378	0.000034	171.387658	2.9
1491	488.985188	42.122296	0.000034	305.367212	5.3
1492	494.402771	42.111601	0.000034	296.676710	3.8
1493	468.246653	42.810819	0.000034	198.689986	3.7
1494	441.709927	42.798171	0.000034	384.648253	2.8
1495	456.833092	43.335496	0.000034	101.662406	2.8
1496	471.787648	43.405550	0.000034	129.222625	2.7
1497	443.000152	43.423069	0.000034	107.222106	2.7
1498	497.728406	43.423875	0.000034	80.866080	2.7
1499	450.528089	43.420604	0.000034	48.504857	2.7
1500	464.845438	43.421612	0.000034	71.627115	2.7
1501	489.732459	43.422844	0.000034	145.598579	2.9
1502	467.957587	43.419555	0.000034	75.911294	3.0
1503	493.676602	43.429839	0.000034	242.886739	2.9
1504	439.451078	43.459304	0.000034	98.339681	3.0
1505	478.575710	43.494575	0.000034	136.383332	3.2
1506	493.691622	43.491070	0.000034	147.909925	3.3
1507	442.790200	43.481022	0.000034	138.635872	5.5
1508	487.262860	43.502638	0.000034	44.577645	4.0
1509	456.303716	43.500419	0.000034	218.192974	3.8
1510	473.145363	43.503167	0.000034	43.472180	4.1
1511	465.651707	43.499319	0.000034	240.506184	4.1
1512	488.219189	43.507978	0.000034	129.458881	4.1
1513	451.814891	43.500243	0.000034	150.819680	4.1
1514	456.625054	43.490995	0.000034	129.098654	4.1
1515	458.114520	43.529457	0.000034	108.454693	3.4
1516	465.700979	43.549631	0.000034	199.076756	3.3
1517	469.491832	43.544850	0.000034	256.194480	3.3
1518	454.479473	43.882169	0.000033	33.314386	3.3
1519	465.776716	43.878941	0.000033	95.940525	3.3
1520	475.114264	43.881295	0.000033	445.742295	3.5
1521	456.323061	44.066983	0.000033	58.096756	3.7
1522	468.239430	44.056305	0.000033	239.983502	3.7
1523	472.230585	44.076234	0.000033	25.861836	3.8
1524	471.383527	44.077000	0.000033	269.345932	4.1
1525	473.527058	44.077240	0.000033	146.085368	3.8
1526	484.387944	44.211232	0.000033	94.796494	3.8
1527	471.081821	44.233226	0.000033	46.149631	4.0
1528	497.173340	44.234308	0.000033	112.277679	3.7
1529	462.521010	44.230476	0.000033	70.518044	3.6
1530	464.914547	44.233537	0.000033	230.699303	3.6
1531	441.854402	44.240535	0.000033	99.004688	3.5
1532	452.674436	44.272036	0.000033	54.902294	3.8
1533	467.322786	44.272772	0.000033	180.583409	5.4
1534	479.297196	44.285086	0.000033	58.300255	5.4
1535	466.732734	44.289597	0.000033	91.527722	3.0
1536	470.008953	44.289967	0.000033	138.888296	2.8
1537	485.811370	44.303390	0.000033	166.321049	2.8
1538	459.063986	44.352543	0.000033	96.197804	2.8
1539	480.166598	44.344158	0.000033	227.437568	2.7
1540	513.283400	44.341958	0.000033	68.125144	2.7
1541	459.675737	44.354299	0.000033	237.709934	2.7
1542	431.940856	44.345809	0.000033	97.697531	4.4
1543	470.181180	44.358907	0.000033	162.496992	3.5
1544	452.930901	44.352251	0.000033	156.657071	3.6
1545	473.683401	44.341580	0.000033	186.857297	3.5
1546	486.834980	44.370092	0.000033	220.341678	2.8
1547	518.616316	44.407814	0.000033	119.821613	2.8
1548	479.641884	44.398507	0.000033	35.052781	2.7
1549	472.805605	44.402447	0.000033	106.645996	2.8
1550	477.102312	44.404687	0.000033	182.056260	2.7
1551	452.111443	44.406966	0.000033	216.019134	2.7
1552	447.911916	44.562369	0.000033	146.330418	2.8
1553	469.564670	44.550746	0.000033	71.107363	3.1
1554	483.931169	44.548202	0.000033	82.971730	2.9
1555	493.870820	44.551520	0.000033	132.157558	2.9
1556	483.093819	44.545812	0.000033	78.237597	3.1
1557	443.606659	44.539462	0.000033	70.814734	3.1
1558	454.571792	44.543593	0.000033	87.406341	3.1
1559	440.555574	44.544118	0.000033	124.194803	3.4
1560	433.160375	44.537194	0.000033	118.559578	5.0
1561	467.032751	44.555760	0.000033	114.152841	4.9
1562	475.647040	44.548251	0.000033	91.527444	4.7
1563	449.325970	44.548689	0.000033	104.153030	4.7
1564	478.910739	44.559138	0.000033	43.098624	3.9
1565	499.973678	44.562804	0.000033	65.887866	3.9
1566	487.869691	44.562322	0.000033	122.924238	3.8
1567	472.898088	44.565335	0.000033	86.601148	3.8
1568	482.744184	44.561360	0.000033	66.077726	3.7
1569	461.325081	44.564494	0.000033	86.047579	3.5
1570	525.370670	44.561337	0.000033	197.066519	3.5
1571	525.201724	44.556629	0.000033	146.256072	3.6
1572	456.230831	44.636176	0.000033	62.637560	5.6
1573	446.340987	44.630426	0.000033	75.655155	5.7
1574	461.502153	44.627493	0.000033	30.441945	5.4
1575	484.478243	44.627774	0.000033	191.122686	4.5
1576	485.206732	44.627904	0.000033	89.509700	4.9
1577	498.367536	44.647959	0.000033	106.005940	4.7
1578	484.611849	44.658470	0.000033	256.600394	5.7
1579	469.852207	44.705925	0.000033	36.595907	6.1
1580	444.209577	44.707574	0.000033	63.803041	6.4
1581	482.217168	44.708773	0.000033	182.688280	4.2
1582	454.318643	44.703350	0.000033	27.443983	5.0
1583	492.307474	44.704748	0.000033	133.057884	5.9
1584	480.909058	44.702560	0.000033	122.768048	5.8
1585	474.497909	44.726675	0.000033	141.909317	5.6
1586	471.496676	44.755670	0.000033	158.207793	5.8
1587	459.466506	44.745192	0.000033	57.916160	6.0
1588	460.011506	44.754487	0.000033	148.789633	5.8
1589	484.938054	44.762517	0.000033	73.824868	5.9
1590	467.168331	44.777910	0.000033	119.028252	5.6
1591	474.105575	44.781851	0.000033	279.172610	4.8
1592	483.347598	44.806057	0.000033	132.301598	5.6
1593	454.845274	44.798201	0.000033	170.841903	5.5
1594	476.745109	44.789536	0.000033	200.295953	4.8
1595	488.833031	44.872442	0.000033	118.061861	4.5
1596	512.029303	44.863082	0.000033	126.833111	5.0
1597	445.267337	44.869700	0.000033	70.613761	4.9
1598	470.451477	44.880108	0.000033	99.827613	4.6
1599	463.435055	44.874897	0.000033	145.724026	5.2
1600	463.939487	44.898911	0.000033	150.999759	5.5
1601	454.208511	44.893974	0.000033	53.619979	5.1
1602	455.479744	44.903479	0.000033	126.221404	4.4
1603	473.381993	44.898769	0.000033	37.558960	4.5
1604	468.150270	44.901251	0.000033	100.882074	3.6
1605	493.461513	44.903195	0.000033	60.294981	3.6
1606	489.689413	44.903834	0.000033	74.458231	3.7
1607	458.002406	44.901774	0.000033	64.212023	5.7
1608	464.701917	44.905720	0.000033	188.890092	5.3
1609	444.689192	44.921259	0.000033	61.574905	5.2
1610	479.828521	44.914492	0.000033	155.901198	4.4
1611	460.652536	44.922751	0.000033	60.628984	5.5
1612	462.346086	44.919077	0.000033	176.832336	5.7
1613	470.635164	44.933462	0.000033	204.024821	5.6
1614	478.748063	45.035336	0.000033	25.891301	5.6
1615	475.475763	45.037709	0.000033	134.491440	5.5
1616	462.233230	45.039786	0.000033	166.696952	4.6
1617	466.318884	45.077106	0.000033	71.940221	4.6
1618	454.636685	45.094107	0.000033	40.898060	4.4
1619	441.956935	45.092015	0.000033	39.904264	4.3
1620	506.011287	45.091069	0.000033	260.566897	5.3
1621	499.998037	45.097606	0.000033	172.463655	5.1
1622	455.209769	45.320914	0.000033	94.979923	4.5
1623	468.325789	45.342614	0.000033	104.417708	4.4
1624	483.026046	45.336228	0.000033	115.221464	4.9
1625	461.899584	45.334941	0.000033	118.946798	4.5
1626	485.878123	45.349151	0.000033	109.061178	4.5
1627	532.038043	45.342485	0.000033	46.245416	5.8
1628	474.626275	45.344021	0.000033	117.176124	5.8
1629	453.729358	45.343875	0.000033	193.629062	5.9
1630	442.087505	45.333477	0.000033	200.218672	5.7
1631	486.978989	45.462339	0.000033	51.291784	4.6
1632	497.980181	45.456256	0.000033	202.789904	4.4
1633	463.301830	45.466990	0.000033	85.815021	4.5
1634	461.791104	45.460545	0.000033	236.641999	4.1
1635	488.133735	45.489497	0.000033	176.317893	5.5
1636	476.151437	45.477555	0.000033	140.855620	5.4
1637	472.377247	45.487485	0.000033	136.649281	5.5
1638	477.269871	45.526539	0.000033	144.617889	5.0
1639	482.560375	45.517127	0.000033	250.632649	5.0
1640	468.839758	45.656375	0.000032	245.221715	4.0
1641	447.445480	46.215503	0.000032	110.889403	3.9
1642	440.162040	46.289006	0.000032	161.541590	3.9
1643	498.135138	46.284006	0.000032	58.407327	3.4
1644	438.753642	46.279788	0.000032	78.454637	3.4
1645	465.187473	46.282545	0.000032	78.904052	3.5
1646	479.618359	46.285090	0.000032	113.439022	5.6
1647	477.184884	46.279699	0.000032	43.482554	5.7
1648	476.141559	46.283553	0.000032	204.718992	5.5
1649	483.832315	46.277712	0.000032	153.252215	4.8
1650	464.062776	46.339626	0.000032	37.057811	5.6
1651	469.245767	46.336616	0.000032	210.193903	5.8
1652	529.064473	46.343708	0.000032	134.977632	5.8
1653	440.596777	46.343111	0.000032	74.854478	5.6
1654	474.919518	46.337036	0.000032	144.624650	5.4
1655	441.762691	46.351652	0.000032	89.867728	4.4
1656	472.636800	46.346291	0.000032	118.539758	4.4
1657	438.007825	46.339333	0.000032	104.069414	3.9
1658	491.175166	46.331992	0.000032	56.408797	4.0
1659	463.975076	46.329641	0.000032	61.300017	4.9
1660	461.540457	46.326840	0.000032	46.041270	5.8
1661	485.012697	46.328690	0.000032	123.631867	5.4
1662	480.111793	46.335043	0.000032	23.699210	3.0
1663	522.419250	46.337415	0.000032	179.480437	2.9
1664	504.949534	46.338350	0.000032	162.614587	3.2
1665	456.463079	46.327657	0.000032	108.040944	4.6
1666	451.397414	46.325955	0.000032	75.363112	5.8
1667	466.392933	46.322348	0.000032	99.822347	5.4
1668	469.692854	46.331120	0.000032	150.478144	2.9
1669	462.313411	46.322800	0.000032	111.098698	2.9
1670	475.658069	46.318318	0.000032	74.358165	2.9
1671	483.131666	46.313933	0.000032	119.686413	3.2
1672	460.315105	46.316046	0.000032	83.791259	3.7
1673	509.740610	46.309738	0.000032	179.324738	3.6
1674	451.016517	46.327717	0.000032	172.104793	3.6
1675	460.863890	46.321330	0.000032	115.570607	2.8
1676	493.971854	46.312337	0.000032	116.360295	2.7
1677	485.298236	46.312091	0.000032	80.379869	4.7
1678	494.926629	46.318685	0.000032	361.092931	5.7
1679	525.364307	46.331426	0.000032	207.812023	5.6
1680	454.131923	46.624006	0.000032	44.650176	5.5
1681	463.775162	46.617583	0.000032	155.808146	5.1
1682	485.370453	46.615444	0.000032	30.764163	3.8
1683	450.189834	46.614596	0.000032	135.018547	3.9
1684	477.937706	46.616378	0.000032	126.297897	4.5
1685	467.589812	46.647754	0.000032	88.196840	5.3
1686	479.298758	46.641327	0.000032	146.812063	4.8
1687	475.523555	46.635988	0.000032	106.879442	4.6
1688	468.346196	46.663023	0.000032	272.666937	5.1
1689	487.108553	46.720260	0.000032	238.258475	4.9
1690	496.336739	47.353827	0.000032	70.078360	4.0
1691	484.217497	47.344879	0.000032	170.964726	4.0
1692	462.464448	47.341783	0.000032	59.370812	3.7
1693	462.673477	47.350573	0.000032	61.136122	3.7
1694	469.302880	47.347888	0.000032	30.527573	3.6
1695	494.484449	47.346752	0.000032	122.461551	3.4
1696	458.886707	47.345416	0.000032	184.951195	3.4
1697	498.616418	47.342299	0.000032	131.972758	3.4
1698	457.852578	47.377517	0.000032	80.159792	3.7
1699	492.885967	47.377423	0.000032	124.811492	3.8
1700	484.936076	47.388506	0.000032	59.525186	3.8
1701	485.159642	47.397062	0.000032	112.475783	3.8
1702	483.277822	47.394819	0.000032	94.618920	3.8
1703	437.149560	47.390234	0.000032	130.348447	3.7
1704	457.529074	47.398849	0.000032	32.334710	3.7
1705	459.814113	47.395903	0.000032	85.029587	3.7
1706	484.665984	47.398239	0.000032	84.416920	5.6
1707	473.281450	47.404944	0.000032	154.286531	5.4
1708	471.634589	47.407307	0.000032	145.057672	5.7
1709	476.653138	47.409656	0.000032	112.697635	5.5
1710	474.958730	47.438975	0.000032	16.997560	5.7
1711	468.955940	47.439640	0.000032	165.372407	5.9
1712	449.115970	47.439609	0.000032	66.930564	5.9
1713	467.695874	47.432986	0.000032	270.799929	4.8
1714	450.500076	47.432134	0.000032	149.561678	3.4
1715	482.024259	47.577143	0.000032	119.416131	3.6
1716	509.346104	47.606247	0.000032	113.222050	3.7
1717	488.371564	47.612791	0.000032	171.014394	3.8
1718	493.078078	47.611876	0.000032	76.837660	4.1
1719	479.832870	47.617694	0.000032	82.591241	4.1
1720	469.830623	47.614572	0.000032	98.261935	4.0
1721	437.769240	47.620410	0.000032	115.363005	3.5
1722	479.184615	47.624378	0.000032	141.758695	3.5
1723	448.147097	47.620091	0.000032	207.189421	4.0
1724	464.373142	47.638118	0.000032	119.137807	6.1
1725	501.556216	47.660227	0.000031	164.438098	5.4
1726	490.938657	47.653229	0.000032	87.423116	5.4
1727	485.301475	47.670384	0.000031	260.616951	5.7
1728	457.069153	47.660366	0.000031	122.746389	4.4
1729	498.347475	47.656060	0.000032	34.978204	4.5
1730	474.187906	47.655923	0.000032	86.831776	4.6
1731	454.354604	47.656053	0.000032	201.390692	5.6
1732	442.787090	47.649167	0.000032	82.180256	4.3
1733	469.814583	47.665152	0.000031	229.895478	4.9
1734	471.084837	47.656831	0.000032	212.058888	4.9
1735	484.824952	47.644310	0.000032	154.897708	4.2
1736	473.926559	47.692415	0.000031	68.978830	4.1
1737	458.584683	47.690576	0.000031	168.102226	5.3
1738	455.070817	47.684193	0.000031	54.107606	5.4
1739	477.349526	47.689198	0.000031	83.437669	5.1
1740	471.745222	47.686673	0.000031	38.296248	4.4
1741	486.475756	47.685467	0.000031	128.543202	4.3
1742	492.315328	47.687112	0.000031	119.300729	3.8
1743	464.454104	47.704090	0.000031	38.159329	3.8
1744	471.819337	47.703162	0.000031	116.859195	3.7
1745	490.056689	47.701622	0.000031	175.416603	3.6
1746	472.834322	47.708367	0.000031	154.288376	3.7
1747	454.175187	47.699615	0.000031	56.944388	4.0
1748	474.261590	47.703213	0.000031	178.189833	3.8
1749	505.874291	47.703221	0.000031	65.925290	3.9
1750	508.912660	47.709435	0.000031	128.134604	3.7
1751	449.590563	47.711209	0.000031	43.734571	4.0
1752	449.647995	47.712604	0.000031	104.833707	3.7
1753	488.451035	47.711186	0.000031	110.150502	3.7
1754	487.046323	47.704763	0.000031	167.606637	3.7
1755	481.537965	47.717018	0.000031	74.239712	3.5
1756	487.024295	47.723163	0.000031	47.678371	3.5
1757	487.842849	47.726599	0.000031	41.947709	3.5
1758	448.935435	47.725053	0.000031	181.807226	3.5
1759	455.073434	47.724803	0.000031	91.477074	3.5
1760	475.644473	47.755508	0.000031	225.954387	3.6
1761	467.476288	47.745605	0.000031	134.568061	3.9
1762	473.347971	47.760687	0.000031	102.639717	4.3
1763	479.280053	47.752465	0.000031	57.430539	4.3
1764	475.360719	47.755344	0.000031	23.095284	5.2
1765	467.594462	47.755838	0.000031	131.576964	6.1
1766	470.457190	47.758173	0.000031	74.135238	5.5
1767	459.851515	47.761202	0.000031	78.646725	4.6
1768	481.723133	47.763736	0.000031	96.279917	4.2
1769	464.443682	47.766211	0.000031	52.555250	4.9
1770	466.787908	47.762497	0.000031	35.924905	4.3
1771	483.846877	47.761001	0.000031	164.782340	3.8
1772	471.349914	47.765247	0.000031	66.109950	3.8
1773	469.706708	47.773732	0.000031	157.048573	3.9
1774	473.965078	47.772249	0.000031	80.804273	3.9
1775	473.143417	47.788763	0.000031	118.480532	3.5
1776	466.231775	47.782275	0.000031	71.358504	3.4
1777	495.089670	47.783360	0.000031	196.275535	3.6
1778	461.354176	47.783127	0.000031	34.857071	4.9
1779	475.254523	47.786829	0.000031	119.094640	5.0
1780	464.457016	47.790525	0.000031	146.881087	4.7
1781	473.495206	47.800569	0.000031	110.725077	3.7
1782	498.760867	47.791667	0.000031	84.300891	3.8
1783	490.361666	47.791262	0.000031	70.878833	3.8
1784	493.040539	47.797989	0.000031	138.204932	3.7
1785	487.781245	47.794618	0.000031	148.283428	3.7
1786	484.643432	47.789601	0.000031	65.053049	3.8
1787	511.630187	47.801594	0.000031	53.117413	4.8
1788	468.704979	47.801099	0.000031	91.391933	5.4
1789	483.298557	47.805036	0.000031	242.723834	5.4
1790	467.217237	47.800565	0.000031	127.344388	4.6
1791	465.153319	47.836764	0.000031	81.979905	4.4
1792	481.886519	47.846536	0.000031	247.109153	4.5
1793	460.850342	47.857848	0.000031	100.757405	5.6
1794	504.512702	47.866761	0.000031	138.943226	5.6
1795	462.807524	47.860117	0.000031	122.740841	5.7
1796	470.155560	47.865353	0.000031	227.032664	5.4
1797	462.326748	47.877081	0.000031	171.772040	5.6
1798	464.810446	47.938025	0.000031	78.019553	4.5
1799	469.858646	47.957680	0.000031	73.061127	4.3
1800	474.828905	47.956256	0.000031	177.617629	5.8
1801	480.279664	47.972841	0.000031	127.786013	5.8
1802	448.847723	48.027727	0.000031	107.308239	4.5
1803	448.231988	48.027441	0.000031	81.977010	4.6
1804	455.540933	48.032963	0.000031	96.245882	5.6
1805	502.012883	48.036272	0.000031	147.789905	5.8
1806	469.067699	48.060327	0.000031	60.039471	5.4
1807	463.521651	48.070214	0.000031	146.901070	5.4
1808	478.499200	48.078992	0.000031	103.616161	4.4
1809	487.077063	48.070662	0.000031	130.233186	4.3
1810	456.293578	48.075756	0.000031	66.244828	3.9
1811	452.793858	48.083553	0.000031	168.313555	3.8
1812	466.881728	48.099079	0.000031	133.630508	3.7
1813	485.860538	48.134599	0.000031	119.300573	4.3
1814	467.141179	48.154565	0.000031	124.247815	3.6
1815	449.673871	48.153812	0.000031	140.620089	5.6
1816	477.677790	48.187734	0.000031	101.875554	5.2
1817	488.672780	48.183181	0.000031	53.655480	5.4
1818	482.813854	48.181479	0.000031	160.472885	5.3
1819	487.533176	48.190607	0.000031	130.949068	5.1
1820	467.615827	48.180569	0.000031	93.315258	5.0
1821	471.651804	48.174999	0.000031	94.083644	4.1
1822	488.968055	48.180221	0.000031	135.621663	5.7
1823	478.101010	48.191465	0.000031	296.088813	5.5
1824	506.293785	48.203979	0.000031	252.807462	5.4
1825	462.063036	48.200799	0.000031	103.841608	4.3
1826	443.069552	48.220579	0.000031	84.555126	4.5
1827	468.866730	48.220133	0.000031	156.026660	4.1
1828	495.414508	48.220237	0.000031	55.975057	3.9
1829	468.585633	48.214721	0.000031	193.877872	3.9
1830	467.199414	48.214182	0.000031	122.010037	3.9
1831	472.581613	48.212063	0.000031	127.024785	3.8
1832	460.322412	48.203451	0.000031	49.021990	3.5
1833	461.782885	48.208378	0.000031	86.181326	3.6
1834	454.949136	48.211743	0.000031	132.762828	3.5
1835	495.577411	48.225929	0.000031	170.020288	3.4
1836	450.491130	48.232216	0.000031	98.344951	3.4
1837	479.503697	48.251664	0.000031	178.246037	3.5
1838	497.482596	48.242641	0.000031	252.207275	3.7
1839	454.481487	48.418200	0.000031	107.035148	3.9
1840	482.748225	48.411191	0.000031	167.679719	3.3
1841	477.054144	48.438190	0.000031	100.334622	3.1
1842	459.010217	48.433586	0.000031	170.869240	3.1
1843	452.173942	48.464567	0.000031	143.091666	3.1
1844	464.437648	48.475817	0.000031	76.335439	3.1
1845	439.460196	48.479505	0.000031	211.387097	5.5
1846	485.168422	48.472551	0.000031	225.653905	3.6
1847	473.080973	48.751881	0.000031	205.138483	3.5
1848	485.894752	48.912726	0.000031	210.841568	3.9
1849	484.850135	48.938061	0.000031	100.877141	4.1
1850	452.549173	48.943030	0.000031	144.204974	4.3
1851	456.411095	48.937491	0.000031	107.638492	5.5
1852	474.344255	48.948978	0.000031	159.263684	5.6
1853	467.214196	48.952778	0.000031	36.654567	5.3
1854	470.333426	48.950368	0.000031	209.264760	4.8
1855	488.376821	48.950534	0.000031	159.326043	5.4
1856	448.580374	49.076512	0.000031	32.796685	5.2
1857	465.820763	49.077764	0.000031	115.303327	4.7
1858	462.071661	49.076229	0.000031	133.504501	5.6
1859	492.319399	49.086205	0.000031	131.641810	5.5
1860	465.238403	49.077185	0.000031	150.247559	4.6
1861	448.059203	49.076962	0.000031	73.330984	4.5
1862	494.227296	49.083435	0.000031	55.256885	4.2
1863	482.199856	49.082051	0.000031	69.954990	5.7
1864	458.261377	49.081606	0.000031	195.443250	5.7
1865	458.898016	49.098411	0.000031	109.753186	5.4
1866	460.281126	49.113098	0.000031	104.979723	4.6
1867	497.602871	49.118295	0.000031	91.776101	4.1
1868	461.588070	49.124265	0.000031	45.428503	4.1
1869	445.447742	49.122178	0.000031	46.185144	3.5
1870	473.512834	49.122772	0.000031	157.874897	3.4
1871	483.203972	49.119071	0.000031	72.908208	3.5
1872	468.607219	49.120501	0.000031	285.209378	3.3
1873	453.325235	49.110913	0.000031	86.361193	3.3
1874	480.309983	49.117286	0.000031	178.465915	3.4
1875	502.456480	49.144490	0.000031	259.911465	3.6
1876	477.607855	49.139711	0.000031	123.191308	3.7
1877	461.959477	49.129141	0.000031	179.509452	3.9
1878	475.433015	49.133866	0.000031	73.151771	4.0
1879	471.269071	49.137012	0.000031	185.391859	3.6
1880	479.659414	49.158599	0.000031	162.655874	3.7
1881	474.746209	49.248378	0.000031	83.750036	3.7
1882	460.293530	49.252672	0.000031	107.653491	3.7
1883	491.167493	49.250416	0.000031	97.894309	3.5
1884	474.447663	49.244341	0.000031	111.573146	3.5
1885	486.288232	49.242175	0.000031	96.440755	3.7
1886	463.336111	49.256842	0.000031	80.582487	5.6
1887	432.759612	49.251957	0.000031	40.860416	5.4
1888	495.561615	49.254876	0.000031	139.235129	5.5
1889	449.838348	49.254896	0.000031	61.505146	5.6
1890	476.754395	49.252773	0.000031	96.380791	5.2
1891	506.558987	49.255677	0.000031	179.617275	5.1
1892	462.290114	49.273927	0.000031	43.775219	5.6
1893	487.500367	49.282069	0.000031	135.457136	5.3
1894	445.040636	49.277616	0.000031	199.326130	5.7
1895	476.830611	49.268929	0.000031	70.639015	6.0
1896	487.417494	49.287189	0.000031	181.906996	5.5
1897	459.773898	49.283570	0.000031	63.376989	4.3
1898	485.830587	49.293930	0.000031	237.955423	4.3
1899	479.358808	49.309119	0.000031	146.921297	4.3
1900	464.522502	49.452969	0.000031	53.844708	4.3
1901	468.912805	49.448715	0.000031	155.574455	3.7
1902	460.786585	49.446174	0.000031	201.273715	5.7
1903	517.507861	49.545741	0.000031	68.885375	5.7
1904	440.552782	49.559609	0.000031	99.428152	5.7
1905	439.947183	49.555914	0.000031	93.518891	5.4
1906	455.378967	49.550736	0.000031	74.391767	6.1
1907	481.644573	49.548812	0.000031	140.361467	5.6
1908	463.066174	49.544300	0.000031	101.396788	7.4
1909	484.467665	49.543534	0.000031	76.594864	6.6
1910	478.671204	49.541443	0.000031	67.767041	5.6
1911	516.889675	49.541491	0.000031	42.766309	4.6
1912	492.842373	49.539026	0.000031	242.594884	4.8
1913	462.093470	49.541647	0.000031	107.747788	4.8
1914	476.561630	49.594578	0.000031	94.571509	3.9
1915	475.010554	49.587782	0.000031	36.559588	3.9
1916	469.105559	49.589790	0.000031	160.934507	3.9
1917	437.976688	49.593677	0.000031	111.392717	5.4
1918	484.242942	49.584547	0.000031	289.720721	5.4
1919	470.349363	49.662846	0.000031	110.322837	5.5
1920	504.627129	49.662850	0.000031	147.514558	4.6
1921	479.664475	49.685797	0.000031	50.013421	4.4
1922	446.639257	49.680524	0.000031	21.779226	5.7
1923	459.560538	49.680414	0.000031	55.203195	5.8
1924	478.604515	49.679720	0.000031	124.117326	4.5
1925	498.518653	49.680012	0.000031	34.174221	5.8
1926	511.170507	49.684224	0.000031	192.089794	6.0
1927	484.921846	49.689965	0.000031	98.918913	6.2
1928	471.628792	49.718031	0.000031	103.132416	6.3
1929	468.851984	49.731354	0.000031	51.873343	6.0
1930	502.323688	49.734185	0.000031	53.460757	5.8
1931	509.398859	49.734378	0.000031	149.626291	4.8
1932	441.890351	49.734701	0.000031	255.382929	4.9
1933	465.182903	49.799337	0.000031	123.392780	3.7
1934	463.468759	49.890946	0.000031	143.241217	3.7
1935	500.233314	49.888429	0.000031	137.400296	4.5
1936	445.623469	49.884107	0.000031	35.562861	4.6
1937	488.292311	49.886185	0.000031	90.564589	4.7
1938	413.399864	49.887546	0.000031	74.893082	4.5
1939	480.191986	49.882702	0.000031	225.690530	4.5
1940	472.669860	49.877152	0.000031	218.255507	4.2
1941	454.618615	50.071275	0.000030	235.439911	3.5
1942	430.692593	50.269749	0.000030	108.792733	3.1
1943	498.388406	50.276132	0.000030	112.227158	3.5
1944	476.883718	50.268441	0.000030	139.543672	3.5
1945	477.502070	50.293943	0.000030	186.550036	3.7
1946	475.442306	50.283100	0.000030	63.681090	4.1
1947	473.620550	50.276252	0.000030	57.560450	2.8
1948	471.579596	50.279196	0.000030	90.362490	2.8
1949	483.637501	50.284857	0.000030	93.329786	2.8
1950	483.441305	50.283376	0.000030	198.882977	4.2
1951	452.994327	50.287671	0.000030	45.938259	5.4
1952	475.812378	50.282369	0.000030	63.923082	5.2
1953	486.397355	50.281126	0.000030	133.965798	3.9
1954	433.920881	50.291290	0.000030	282.569392	4.0
1955	461.758571	50.420759	0.000030	136.376261	3.9
1956	485.299191	50.435351	0.000030	192.211851	3.6
1957	498.428322	50.448793	0.000030	234.762528	3.6
1958	461.043279	50.529917	0.000030	90.804817	3.6
1959	430.192958	50.523996	0.000030	242.454685	3.6
1960	473.490292	50.570447	0.000030	115.306312	3.5
1961	461.926706	50.654677	0.000030	41.674841	3.6
1962	488.802773	50.653314	0.000030	124.322303	5.5
1963	468.739545	50.652049	0.000030	167.482301	5.5
1964	448.202946	50.643019	0.000030	103.407829	5.3
1965	461.844770	50.663831	0.000030	205.402276	5.4
1966	445.829314	50.676718	0.000030	122.832100	5.4
1967	468.472951	50.674052	0.000030	47.961233	4.3
1968	471.057374	50.672543	0.000030	78.132352	4.3
1969	471.846019	50.669943	0.000030	93.553931	4.2
1970	464.748484	50.665654	0.000030	79.582843	4.1
1971	484.802766	50.673953	0.000030	266.098550	3.9
1972	468.072342	50.666465	0.000030	75.773267	3.4
1973	505.001496	50.667978	0.000030	95.378007	3.4
1974	479.961475	50.676589	0.000030	129.706714	3.4
1975	453.367137	50.683787	0.000030	88.021768	3.5
1976	461.043746	50.681061	0.000030	112.446485	4.6
1977	455.695031	50.677510	0.000030	148.394682	3.5
1978	446.347370	50.675133	0.000030	113.689874	3.4
1979	464.701907	50.666215	0.000030	179.129790	3.4
1980	463.011691	50.657042	0.000030	304.108137	3.4
1981	497.012158	50.682321	0.000030	186.857807	3.3
1982	459.988416	50.670296	0.000030	99.281487	3.3
1983	453.045662	50.686857	0.000030	71.427858	3.9
1984	490.935486	50.682177	0.000030	86.948783	4.3
1985	454.093290	50.680490	0.000030	129.664454	3.6
1986	502.121826	50.677820	0.000030	96.446796	3.7
1987	454.035325	50.695208	0.000030	47.462345	5.5
1988	487.253281	50.696197	0.000030	120.212509	5.6
1989	475.405215	50.700835	0.000030	135.554854	4.9
1990	452.818433	50.728270	0.000030	93.623218	4.2
1991	469.720786	50.723574	0.000030	196.586560	4.6
1992	457.056598	50.735946	0.000030	160.489863	5.7
1993	487.549499	50.818956	0.000030	118.853514	5.3
1994	465.856742	50.810766	0.000030	97.549366	4.5
1995	488.951720	50.803302	0.000030	121.324030	4.6
1996	476.077065	50.820912	0.000030	118.066438	3.9
1997	485.174583	50.816065	0.000030	93.343213	3.9
1998	474.704112	50.817758	0.000030	158.601798	4.3
1999	488.670597	50.809568	0.000030	122.362035	3.7
