1:ItNr	2:Metric	3a:Time	3b:StepSize	4:||Gradient||	Time[ms]
0	258058.248585	0.000000	0.000056	32430.694358	242.8
1	216689.141774	0.000000	0.000056	28448.378233	1.7
2	167260.895610	0.000000	0.000056	26560.413564	1.6
3	128400.571942	0.000000	0.000056	24817.259700	1.7
4	105130.268814	0.000000	0.000056	23767.125180	1.7
5	77127.301237	0.000000	0.000056	22128.231024	4.3
6	48302.085064	0.000000	0.000056	17092.567470	2.0
7	33851.611698	0.000000	0.000056	14789.069434	1.8
8	22927.814738	0.000000	0.000056	12060.089927	1.8
9	15864.908930	0.000000	0.000056	9588.080741	1.8
10	10815.306383	0.000000	0.000056	7159.012125	1.7
11	8430.831707	0.000000	0.000056	6086.256184	1.9
12	6615.391124	0.000000	0.000056	4917.112259	1.9
13	5386.148669	0.000000	0.000056	3696.772813	1.9
14	4722.490799	0.000000	0.000056	3153.893488	1.9
15	4283.840647	0.000000	0.000056	2492.030126	1.9
16	3898.204335	0.000000	0.000056	1954.423959	2.6
17	3809.814741	0.000000	0.000056	1846.919711	2.4
18	3490.058058	0.000000	0.000056	1464.690554	4.0
19	3634.097259	0.000000	0.000056	1213.769468	4.4
20	3391.759817	0.000000	0.000056	1184.913410	3.3
21	3232.672994	0.000000	0.000056	1147.341070	2.8
22	3270.197427	0.000000	0.000056	898.763236	3.1
23	3018.923429	0.000000	0.000056	925.359123	3.2
24	2993.007781	0.000000	0.000056	776.978976	3.2
25	3201.784056	0.000000	0.000056	765.541179	2.9
26	3094.874806	0.000000	0.000056	678.100663	2.5
27	3047.012851	0.000000	0.000056	698.810531	2.6
28	2861.262516	0.000000	0.000056	698.809820	2.6
29	2951.787327	0.000000	0.000056	633.704629	2.7
30	2931.299388	0.000000	0.000056	604.672990	2.8
31	2995.973630	0.000000	0.000056	601.139430	2.9
32	2891.496129	0.000000	0.000056	597.936757	2.8
33	2810.908323	0.000000	0.000056	650.671743	2.3
34	2805.762994	0.000000	0.000056	576.346465	2.3
35	2720.669023	0.000000	0.000056	552.377091	2.4
36	2804.378273	0.000000	0.000056	574.075879	2.3
37	2673.976915	0.000000	0.000056	512.704799	2.5
38	2795.810244	0.000000	0.000056	521.797176	2.5
39	2684.108425	0.000000	0.000056	495.370858	4.2
40	2746.827902	0.000000	0.000056	468.184649	5.1
41	2752.954491	0.000000	0.000056	467.073319	4.9
42	2859.119761	0.000000	0.000056	441.598298	4.0
43	2738.242856	0.000000	0.000056	440.950036	4.1
44	2648.796408	0.000000	0.000056	443.618080	4.0
45	2771.991625	0.000000	0.000056	479.313932	3.6
46	2855.958407	0.000000	0.000056	428.307531	3.6
47	2650.125695	0.000000	0.000056	445.650244	5.4
48	2747.766236	0.000000	0.000056	445.348311	5.2
49	2612.204374	0.000000	0.000056	391.723961	5.3
50	2824.881784	0.000000	0.000056	453.882676	5.2
51	2520.709567	0.000000	0.000056	456.621564	5.0
52	2645.317697	0.000000	0.000056	365.728320	5.4
53	2579.077524	0.000000	0.000056	413.931901	4.1
54	2670.770623	0.000000	0.000056	395.283861	4.1
55	2465.294823	0.000000	0.000056	417.515497	5.6
56	2428.070346	0.000000	0.000056	413.221209	4.3
57	2365.169188	0.000000	0.000056	362.427772	3.8
58	2388.055365	0.000000	0.000056	353.252907	4.3
59	2550.120076	0.000000	0.000056	358.007447	4.4
60	2491.820415	0.000000	0.000056	371.207344	3.5
61	2320.482737	0.000000	0.000056	339.125852	3.6
62	2506.727731	0.000000	0.000056	387.204234	3.5
63	2420.818939	0.000000	0.000056	303.366114	3.3
64	2369.997628	0.000000	0.000056	327.746242	3.4
65	2326.755366	0.000000	0.000056	390.206219	4.2
66	2474.222964	0.000000	0.000056	383.150419	4.1
67	2325.193136	0.000000	0.000056	315.820053	4.1
68	2429.939159	0.000000	0.000056	359.360421	3.9
69	2351.802689	0.000000	0.000056	336.569101	3.8
70	2310.278673	0.000000	0.000056	358.437664	3.9
71	2453.830968	0.000000	0.000056	360.305090	3.1
72	2328.417715	0.000000	0.000056	364.729804	3.1
73	2283.646148	0.000000	0.000056	318.975170	3.2
74	2362.862959	0.000000	0.000056	402.457232	3.1
75	2294.027133	0.000000	0.000056	311.120175	3.1
76	2341.820088	0.000000	0.000056	301.798626	3.1
77	2347.484817	0.000000	0.000056	305.350293	3.2
78	2346.800320	0.000000	0.000056	355.617218	3.0
79	2300.742442	0.000000	0.000056	295.418935	2.9
80	2304.409438	0.000000	0.000056	280.397514	3.1
81	2264.078143	0.000000	0.000056	281.696102	3.0
82	2162.357023	0.000000	0.000056	295.840720	3.1
83	2248.914580	0.000000	0.000056	295.830847	3.2
84	2261.876534	0.000000	0.000056	333.910315	3.2
85	2305.680215	0.000000	0.000056	288.936007	3.4
86	2262.734743	0.000000	0.000056	335.239266	5.0
87	2155.263808	0.000000	0.000056	285.760350	5.5
88	2272.082343	0.000000	0.000056	307.678888	4.3
89	2155.459136	0.000000	0.000056	273.120769	4.1
90	2209.321212	0.000000	0.000056	319.844070	4.1
91	2090.579827	0.000000	0.000056	275.175145	4.0
92	2220.294992	0.000000	0.000056	270.493157	4.0
93	2183.878283	0.000000	0.000056	262.619135	3.9
94	2209.671740	0.000000	0.000056	265.471988	3.8
95	2192.472710	0.000000	0.000056	296.829113	3.8
96	2230.760284	0.000000	0.000056	263.914091	3.7
97	2202.689174	0.000000	0.000056	246.810838	3.5
98	2111.706391	0.000000	0.000056	258.240503	3.6
99	2095.575971	0.000000	0.000056	242.444098	3.5
100	2138.878699	0.000000	0.000056	249.496066	3.6
101	2155.090692	0.000000	0.000056	245.908849	3.4
102	2285.303914	0.000000	0.000056	287.155305	3.4
103	2198.183459	0.000000	0.000056	236.918876	5.5
104	2229.344982	0.000000	0.000056	262.567127	4.8
105	2113.943229	0.000000	0.000056	246.789248	4.1
106	2161.504317	0.000000	0.000056	243.804278	4.5
107	2144.852943	0.000000	0.000056	248.834112	4.4
108	2051.064478	0.000000	0.000056	271.501928	3.5
109	2141.984343	0.000000	0.000056	261.677451	3.6
110	2045.805513	0.000000	0.000056	276.672885	3.6
111	2108.746020	0.000000	0.000056	238.375065	3.3
112	2209.125213	0.000000	0.000056	247.252798	3.4
113	2120.979180	0.000000	0.000056	294.213592	3.4
114	2120.717047	0.000000	0.000056	251.368515	7.3
115	2080.697933	0.000000	0.000056	245.754862	3.5
116	2101.723189	0.000000	0.000056	231.950305	3.8
117	2136.132762	0.000000	0.000056	260.766184	3.9
118	2125.144523	0.000000	0.000056	234.838064	3.8
119	2159.159740	0.000000	0.000056	236.330809	3.8
120	2106.892259	0.000000	0.000056	222.664883	4.6
121	2057.001559	0.000000	0.000056	221.710746	4.7
122	2054.279731	0.000000	0.000056	213.963363	5.5
123	2078.741822	0.000000	0.000056	243.672490	5.8
124	2107.464234	0.000000	0.000056	235.026222	5.9
125	1977.124199	0.000000	0.000056	264.511730	5.7
126	2111.737761	0.000000	0.000056	262.976218	5.5
127	2099.648854	0.000000	0.000056	223.529786	5.5
128	2173.990527	0.000000	0.000056	267.098476	4.2
129	2148.922632	0.000000	0.000056	315.578802	4.3
130	2068.783924	0.000000	0.000056	245.786755	4.1
131	2068.136337	0.000000	0.000056	249.770118	4.0
132	2077.643330	0.000000	0.000056	233.159954	3.9
133	2036.793596	0.000000	0.000056	222.814582	3.6
134	2084.230804	0.000000	0.000056	255.631623	3.6
135	2019.044583	0.000000	0.000056	205.220095	3.6
136	1977.764295	0.000000	0.000056	213.083872	3.5
137	2067.775030	0.000000	0.000056	226.634120	3.5
138	2014.919569	0.000000	0.000056	240.001498	3.5
139	2016.640045	0.000000	0.000056	216.159846	3.4
140	2042.209279	0.000000	0.000056	218.502074	3.4
141	1982.919134	0.000000	0.000056	212.297594	3.4
142	2053.995118	0.000000	0.000056	231.322382	3.4
143	2032.417593	0.000000	0.000056	215.292285	3.3
144	1998.880302	0.000000	0.000056	224.619551	3.3
145	2002.893671	0.000000	0.000056	213.455716	3.3
146	2061.245972	0.000000	0.000056	287.307482	3.2
147	2040.820725	0.000000	0.000056	216.151351	3.4
148	2035.355330	0.000000	0.000056	229.295563	3.6
149	1982.081468	0.000000	0.000056	231.981409	3.6
150	2044.510465	0.000000	0.000056	288.444553	3.5
151	2077.295470	0.000000	0.000056	230.871327	3.5
152	2055.460810	0.000000	0.000056	287.738289	3.5
153	1907.339668	0.000000	0.000056	223.317167	3.2
154	2017.063785	0.000000	0.000056	219.418140	3.3
155	2006.629975	0.000000	0.000056	218.228536	3.4
156	2049.363370	0.000000	0.000056	214.521705	3.5
157	1995.346353	0.000000	0.000056	221.379472	3.6
158	2060.892647	0.000000	0.000056	219.684262	3.6
159	1984.472374	0.000000	0.000056	290.043510	4.2
160	1959.031959	0.000000	0.000056	205.697250	5.2
161	1986.605220	0.000000	0.000056	302.773192	4.6
162	1913.845093	0.000000	0.000056	234.758036	4.5
163	1924.544064	0.000000	0.000056	214.366450	4.1
164	1974.910083	0.000000	0.000056	213.244697	4.0
165	2078.352187	0.000000	0.000056	269.531885	3.9
166	1997.753354	0.000000	0.000056	210.699159	3.4
167	1993.873842	0.000000	0.000056	199.138373	4.0
168	1970.976112	0.000000	0.000056	214.308476	3.7
169	1983.252878	0.000000	0.000056	232.961318	3.6
170	2044.086485	0.000000	0.000056	221.531966	2.9
171	1935.965879	0.000000	0.000056	221.921607	2.7
172	2087.149103	0.000000	0.000056	243.106120	2.6
173	1997.369726	0.000000	0.000056	228.091427	3.8
174	1971.577299	0.000000	0.000056	208.656911	2.9
175	1972.146718	0.000000	0.000056	208.767585	2.9
176	1960.971000	0.000000	0.000056	239.228771	3.1
177	1967.123192	0.000000	0.000056	199.354961	5.8
178	1940.541173	0.000000	0.000056	206.780873	4.7
179	1947.794774	0.000000	0.000056	209.092926	4.1
180	1921.354531	0.000000	0.000056	212.945829	4.3
181	1917.029536	0.000000	0.000056	198.398972	5.3
182	1910.822816	0.000000	0.000056	200.518695	5.9
183	1872.884489	0.000000	0.000056	248.428891	5.7
184	1926.797654	0.000000	0.000056	203.010330	5.4
185	1923.506932	0.000000	0.000056	196.447858	5.2
186	1870.595808	0.000000	0.000056	204.060527	3.4
187	1939.822056	0.000000	0.000056	201.706489	3.4
188	1882.120283	0.000000	0.000056	203.615120	3.6
189	1919.521550	0.000000	0.000056	219.827231	5.5
190	1924.082545	0.000000	0.000056	198.546131	5.5
191	1911.836138	0.000000	0.000056	201.700321	5.3
192	1910.297873	0.000000	0.000056	237.913426	5.2
193	1983.916319	0.000000	0.000056	220.208164	4.4
194	1876.411311	0.000000	0.000056	204.692833	5.1
195	1974.370530	0.000000	0.000056	254.595883	5.3
196	1846.200160	0.000000	0.000056	211.321382	5.6
197	1980.937337	0.000000	0.000056	211.320739	5.6
198	1885.461967	0.000000	0.000056	228.983213	4.5
199	1914.798424	0.000000	0.000056	197.416094	5.5
200	1890.689081	0.000000	0.000056	184.539574	5.4
201	1877.509296	0.000000	0.000056	228.461245	5.2
202	1866.278207	0.000000	0.000056	319.394148	4.3
203	1856.547483	0.000000	0.000056	196.559997	4.7
204	1827.109477	0.000000	0.000056	211.884725	5.8
205	1946.927529	0.000000	0.000056	223.984774	5.9
206	1898.239911	0.000000	0.000056	188.789236	5.8
207	1902.963895	0.000000	0.000056	223.478542	5.4
208	1928.311669	0.000000	0.000056	202.136747	5.6
209	1921.778902	0.000000	0.000056	257.524228	5.7
210	1868.716203	0.000000	0.000056	196.875649	5.5
211	1829.972883	0.000000	0.000056	216.423980	4.3
212	1835.318403	0.000000	0.000056	203.229689	4.6
213	1855.834071	0.000000	0.000056	214.055459	5.5
214	1841.080519	0.000000	0.000056	182.949121	5.3
215	1776.043127	0.000000	0.000056	200.042457	3.2
216	1949.391660	0.000000	0.000056	230.519241	2.9
217	1922.076794	0.000000	0.000056	233.673195	3.0
218	1890.451279	0.000000	0.000056	246.898077	3.1
219	1853.950304	0.000000	0.000056	202.080524	3.1
220	1869.576979	0.000000	0.000056	240.199634	3.0
221	1902.085768	0.000000	0.000056	275.888704	3.5
222	1916.021120	0.000000	0.000056	216.523563	3.1
223	1894.212222	0.000000	0.000056	217.942052	5.3
224	1837.276751	0.000000	0.000056	186.189174	5.4
225	1886.142029	0.000000	0.000056	190.830973	5.4
226	1822.829453	0.000000	0.000056	270.672686	4.3
227	1809.943869	0.000000	0.000056	209.153479	4.0
228	1843.874637	0.000000	0.000056	188.696352	4.4
229	1905.451833	0.000000	0.000056	224.141106	4.5
230	1840.314253	0.000000	0.000056	290.106298	4.7
231	1822.754155	0.000000	0.000056	200.248677	4.3
232	1856.771929	0.000000	0.000056	198.218287	4.4
233	1831.287047	0.000000	0.000056	183.338411	4.0
234	1870.718610	0.000000	0.000056	197.996818	4.0
235	1849.632820	0.000000	0.000056	191.112620	3.8
236	1729.150331	0.000000	0.000056	192.042851	3.7
237	1879.872335	0.000000	0.000056	207.498959	3.8
238	1844.608907	0.000000	0.000056	196.723173	3.5
239	1812.864108	0.000000	0.000056	211.527026	3.4
240	1766.196982	0.000000	0.000056	199.005854	3.4
241	1826.301398	0.000000	0.000056	201.997309	3.4
242	1771.133451	0.000000	0.000056	212.918201	3.4
243	1770.597868	0.000000	0.000056	187.246689	3.5
244	1829.346336	0.000000	0.000056	183.256623	3.7
245	1790.354923	0.000000	0.000056	220.582373	3.8
246	1817.073893	0.000000	0.000056	204.183211	3.2
247	1831.947880	0.000000	0.000056	188.145705	3.1
248	1836.768918	0.000000	0.000056	201.773829	3.0
249	1840.794540	0.000000	0.000056	199.946604	3.0
250	1809.698545	0.000000	0.000056	192.544386	3.1
251	1811.027874	0.000000	0.000056	221.626520	3.1
252	1873.820391	0.000000	0.000056	206.842668	3.1
253	1822.371860	0.000000	0.000056	183.549159	3.3
254	1833.614873	0.000000	0.000056	185.962254	3.2
255	1821.143927	0.000000	0.000056	183.410375	3.5
256	1875.569856	0.000000	0.000056	193.343283	3.7
257	1825.604836	0.000000	0.000056	186.117423	3.6
258	1744.990629	0.000000	0.000056	209.267512	3.5
259	1804.873336	0.000000	0.000056	185.855406	3.4
260	1847.370636	0.000000	0.000056	188.238542	5.4
261	1767.911525	0.000000	0.000056	184.763180	3.7
262	1722.235655	0.000000	0.000056	169.289615	3.8
263	1845.823855	0.000000	0.000056	206.908379	3.7
264	1684.030257	0.000000	0.000056	182.901074	3.7
265	1769.196374	0.000000	0.000056	174.397897	3.9
266	1810.764561	0.000000	0.000056	178.823647	3.6
267	1860.918317	0.000000	0.000056	202.212823	3.8
268	1804.197690	0.000000	0.000056	204.243077	5.5
269	1833.109073	0.000000	0.000056	260.302074	5.2
270	1749.718833	0.000000	0.000056	174.573828	5.2
271	1802.401984	0.000000	0.000056	190.581606	5.0
272	1818.703944	0.000000	0.000056	198.534390	4.4
273	1763.148439	0.000000	0.000056	173.761045	4.1
274	1701.193430	0.000000	0.000056	183.767765	4.0
275	1776.977928	0.000000	0.000056	211.501682	3.9
276	1810.208137	0.000000	0.000056	183.478524	3.6
277	1752.003614	0.000000	0.000056	172.724195	3.6
278	1780.263983	0.000000	0.000056	169.901905	3.7
279	1759.904804	0.000000	0.000056	237.328293	3.7
280	1696.564442	0.000000	0.000056	184.893249	3.6
281	1771.936543	0.000000	0.000056	222.924286	3.5
282	1744.813123	0.000000	0.000056	175.137127	3.5
283	1702.291979	0.000000	0.000056	162.062121	3.3
284	1777.336009	0.000000	0.000056	192.722519	3.3
285	1681.796102	0.000000	0.000056	174.568726	3.4
286	1816.568901	0.000000	0.000056	183.482557	3.3
287	1769.076957	0.000000	0.000056	228.140318	3.3
288	1674.597105	0.000000	0.000056	247.938895	3.3
289	1737.721410	0.000477	0.000056	179.675364	3.2
290	1810.047020	0.000000	0.000056	182.715792	3.2
291	1696.666556	0.000000	0.000056	179.718817	3.3
292	1785.094354	0.000000	0.000056	189.532375	3.6
293	1753.384591	0.000000	0.000056	170.115791	3.5
294	1645.146548	0.000000	0.000056	177.817499	3.5
295	1691.174553	0.000000	0.000056	169.318284	3.4
296	1710.231863	0.000000	0.000056	236.058451	3.4
297	1782.346581	0.000000	0.000056	180.038797	3.4
298	1765.578186	0.000000	0.000056	167.802267	3.8
299	1800.337399	0.000000	0.000056	215.185003	4.0
300	1745.822692	0.000000	0.000056	173.110557	3.9
301	1758.767945	0.000000	0.000056	171.927481	3.8
302	1679.423862	0.000000	0.000056	189.307729	3.8
303	1758.434933	0.000000	0.000056	167.067738	3.6
304	1771.776808	0.000000	0.000056	187.401788	3.6
305	1771.848667	0.000000	0.000056	252.001780	3.6
306	1684.108552	0.000000	0.000056	200.741327	4.6
307	1680.318346	0.000000	0.000056	170.604019	3.3
308	1772.349739	0.000000	0.000056	187.003813	3.4
309	1643.482923	0.000000	0.000056	176.763141	3.1
310	1779.809402	0.000000	0.000056	173.548939	3.1
311	1810.687937	0.000000	0.000056	182.733052	2.8
312	1712.495697	0.000000	0.000056	190.207829	2.4
313	1668.328594	0.000000	0.000056	193.273793	3.9
314	1741.660232	0.000000	0.000056	183.342197	2.9
315	1646.139900	0.000000	0.000056	229.727746	3.0
316	1726.404689	0.000000	0.000056	184.391888	3.1
317	1731.083915	0.000000	0.000056	175.537661	3.6
318	1665.024691	0.000000	0.000056	176.821962	3.3
319	1723.649388	0.000000	0.000056	165.702175	3.2
320	1696.263586	0.000000	0.000056	176.282215	3.3
321	1755.596005	0.000000	0.000056	188.482261	2.9
322	1658.991857	0.000000	0.000056	167.027248	2.9
323	1684.963506	0.000000	0.000056	166.836915	2.9
324	1671.780734	0.000000	0.000056	179.125388	3.2
325	1666.250401	0.000000	0.000056	178.146849	3.3
326	1659.315470	0.000000	0.000056	180.723903	3.2
327	1629.635975	0.000000	0.000056	162.506600	5.5
328	1662.762519	0.000000	0.000056	160.523195	3.5
329	1696.880365	0.000000	0.000056	207.831384	3.5
330	1715.359717	0.000000	0.000056	236.856273	3.9
331	1687.927886	0.000000	0.000056	179.339753	3.2
332	1686.539319	0.000000	0.000056	188.988960	5.4
333	1696.344327	0.000000	0.000056	168.573083	4.8
334	1740.755468	0.000000	0.000056	237.478602	4.8
335	1715.853035	0.000000	0.000056	169.682099	4.7
336	1723.172837	0.000000	0.000056	166.193354	4.3
337	1646.744675	0.000000	0.000056	171.138830	3.9
338	1709.094106	0.000000	0.000056	183.326162	3.7
339	1734.115337	0.000000	0.000056	185.600030	3.2
340	1646.345025	0.000000	0.000056	182.813579	5.1
341	1673.767040	0.000000	0.000056	164.771738	3.2
342	1678.844808	0.000000	0.000056	170.975037	3.8
343	1693.167551	0.000000	0.000056	163.340784	3.7
344	1586.864647	0.000000	0.000056	237.976703	3.7
345	1662.802673	0.000000	0.000056	197.421960	3.7
346	1595.225402	0.000000	0.000056	159.737967	3.7
347	1648.426165	0.000000	0.000056	178.621549	3.6
348	1644.623309	0.000000	0.000056	198.721064	3.6
349	1636.577913	0.000000	0.000056	163.766156	3.5
350	1690.584201	0.000000	0.000056	168.277788	3.4
351	1630.929149	0.000000	0.000056	177.471766	3.5
352	1592.614949	0.000000	0.000056	200.396003	5.6
353	1699.139730	0.000000	0.000056	207.940120	5.7
354	1608.218128	0.000000	0.000056	190.412867	5.2
355	1640.274502	0.000000	0.000056	162.458344	4.3
356	1654.831689	0.000000	0.000056	155.854349	4.9
357	1654.514032	0.000000	0.000056	213.586831	5.2
358	1651.115104	0.000000	0.000056	172.443334	5.4
359	1610.628645	0.000000	0.000056	145.084826	5.1
360	1688.709059	0.000000	0.000056	205.047634	5.2
361	1750.347504	0.000000	0.000056	289.819004	5.4
362	1623.325517	0.000000	0.000056	170.593289	5.4
363	1651.934269	0.000000	0.000056	198.322502	5.6
364	1635.184422	0.000000	0.000056	161.720074	5.9
365	1627.610826	0.000000	0.000056	186.008792	5.3
366	1678.654157	0.000000	0.000056	179.091721	5.7
367	1694.514616	0.000000	0.000056	161.311043	5.3
368	1666.536880	0.000000	0.000056	166.545103	5.7
369	1664.251825	0.000000	0.000056	226.108799	5.7
370	1599.424195	0.000000	0.000056	166.865794	5.3
371	1544.151375	0.000000	0.000056	189.812139	5.7
372	1670.748921	0.000000	0.000056	159.937520	5.5
373	1590.677644	0.000000	0.000056	178.447210	4.5
374	1618.633463	0.000000	0.000056	178.493098	6.1
375	1644.865248	0.000000	0.000056	169.309452	6.1
376	1665.594226	0.000000	0.000056	285.310322	5.8
377	1632.446876	0.000000	0.000056	145.854792	5.8
378	1582.619173	0.000000	0.000056	152.501780	5.5
379	1579.214107	0.000000	0.000056	152.126934	5.6
380	1581.289068	0.000000	0.000056	185.811975	4.4
381	1629.064559	0.000000	0.000056	156.432711	4.5
382	1575.328664	0.000000	0.000056	157.333732	5.4
383	1634.486765	0.000000	0.000056	201.588144	5.3
384	1580.569606	0.000000	0.000056	200.247210	5.2
385	1611.562800	0.000000	0.000056	180.444151	5.3
386	1630.599568	0.000000	0.000056	170.186432	5.7
387	1613.892260	0.000000	0.000056	151.318958	4.3
388	1594.047285	0.000000	0.000056	163.881721	5.0
389	1527.731168	0.000000	0.000056	147.130690	5.0
390	1629.799722	0.000000	0.000056	157.023448	3.8
391	1632.915696	0.000000	0.000056	170.828274	4.0
392	1601.983062	0.000000	0.000056	148.949637	5.6
393	1575.648562	0.000000	0.000056	203.011732	5.4
394	1647.173614	0.000000	0.000056	157.999864	4.1
395	1660.527775	0.000000	0.000056	148.443606	4.4
396	1595.829685	0.000000	0.000056	156.901492	4.4
397	1639.262041	0.000000	0.000056	196.804684	3.7
398	1541.021467	0.000000	0.000056	172.458224	5.6
399	1562.982603	0.000000	0.000056	159.381635	5.4
400	1583.483737	0.000000	0.000056	145.022443	5.2
401	1644.766897	0.000000	0.000056	163.075228	4.2
402	1619.154091	0.000000	0.000056	145.959519	4.3
403	1581.317530	0.000000	0.000056	141.640988	4.8
404	1623.780564	0.000000	0.000056	158.842937	4.7
405	1540.366589	0.000000	0.000056	187.885880	3.7
406	1648.167479	0.000000	0.000056	167.798280	3.6
407	1605.563331	0.000000	0.000056	168.700740	3.7
408	1553.862003	0.000000	0.000056	147.592969	3.6
409	1548.409995	0.000000	0.000056	144.374332	4.5
410	1536.105142	0.000000	0.000056	136.067460	5.9
411	1630.090607	0.000000	0.000056	187.951564	4.6
412	1675.555638	0.000000	0.000056	179.440867	2.7
413	1579.314672	0.000000	0.000056	152.882728	2.8
414	1540.665280	0.000000	0.000056	265.347541	3.4
415	1552.104484	0.000000	0.000056	231.785155	3.4
416	1505.085220	0.004706	0.000056	156.922832	3.7
417	1530.292833	0.002716	0.000056	134.367774	2.6
418	1525.299967	0.000000	0.000056	180.020518	2.8
419	1616.955017	0.000000	0.000056	168.602975	2.7
420	1524.750060	0.000000	0.000056	134.394843	2.6
421	1608.068766	0.000000	0.000056	155.803196	2.8
422	1586.145865	0.000000	0.000056	151.417105	2.8
423	1554.168516	0.000000	0.000056	179.777744	2.8
424	1532.357796	0.000000	0.000056	180.313786	2.9
425	1591.570412	0.000000	0.000056	171.171162	2.8
426	1530.803708	0.000000	0.000056	147.811018	2.9
427	1537.761550	0.000000	0.000056	159.533352	5.3
428	1573.916794	0.000000	0.000056	142.651197	3.8
429	1540.204950	0.000000	0.000056	142.956719	3.4
430	1594.922242	0.000000	0.000056	180.629853	3.3
431	1562.454978	0.000000	0.000056	180.649564	3.5
432	1519.987081	0.000000	0.000056	189.997876	3.4
433	1561.479504	0.000000	0.000056	149.441055	3.4
434	1629.825324	0.000000	0.000056	178.538339	4.0
435	1552.758569	0.000000	0.000056	137.313228	4.0
436	1542.131311	0.000000	0.000056	184.848094	3.8
437	1499.472911	0.000000	0.000056	131.631211	3.8
438	1588.088902	0.000000	0.000056	189.791224	3.8
439	1584.706011	0.000000	0.000056	154.777240	3.8
440	1518.247978	0.000000	0.000056	159.394093	3.8
441	1611.720469	0.000000	0.000056	254.034976	3.7
442	1595.097441	0.000000	0.000056	144.195305	3.6
443	1561.071091	0.000000	0.000056	152.130056	3.4
444	1583.577618	0.000000	0.000056	147.064666	3.4
445	1528.664789	0.000000	0.000056	148.386768	3.4
446	1548.786041	0.000000	0.000056	148.710708	3.3
447	1506.075593	0.000000	0.000056	132.817571	3.3
448	1610.992509	0.000000	0.000056	156.047599	3.6
449	1479.205321	0.000000	0.000056	140.617209	5.9
450	1528.479826	0.000000	0.000056	141.793569	5.0
451	1565.517557	0.000000	0.000056	136.501145	5.6
452	1536.505252	0.000000	0.000056	152.041883	5.4
453	1515.209967	0.000000	0.000056	144.236948	4.9
454	1571.603987	0.000000	0.000056	187.908980	3.5
455	1547.685322	0.000000	0.000056	158.888558	3.4
456	1499.019308	0.000000	0.000056	152.812697	5.5
457	1532.201012	0.000000	0.000056	152.137703	4.4
458	1535.397249	0.000000	0.000056	159.165835	4.2
459	1551.138556	0.000000	0.000056	124.026146	4.6
460	1553.306396	0.000000	0.000056	151.577441	4.6
461	1545.930623	0.000000	0.000056	160.600225	5.4
462	1484.799314	0.000000	0.000056	132.909202	4.0
463	1533.721460	0.000000	0.000056	145.429629	4.3
464	1527.201453	0.000000	0.000056	144.253026	4.5
465	1570.990434	0.000000	0.000056	189.948016	4.8
466	1572.648163	0.000000	0.000056	152.580676	4.6
467	1538.411893	0.000000	0.000056	135.770623	4.6
468	1505.161502	0.000000	0.000056	191.991606	4.5
469	1522.055040	0.000000	0.000056	156.319822	3.9
470	1585.421068	0.000000	0.000056	238.660798	3.6
471	1491.476178	0.000000	0.000056	161.623752	3.6
472	1497.219307	0.000000	0.000056	164.944097	3.4
473	1493.616076	0.000000	0.000056	176.905367	3.2
474	1456.054781	0.000000	0.000056	131.792508	3.2
475	1516.877148	0.000000	0.000056	155.968325	3.2
476	1488.297245	0.000000	0.000056	133.541378	3.2
477	1523.749457	0.000000	0.000056	158.543380	3.2
478	1539.368935	0.000000	0.000056	132.124271	3.3
479	1531.880763	0.000000	0.000056	167.704210	3.3
480	1537.849429	0.000000	0.000056	128.850461	3.3
481	1492.567615	0.000000	0.000056	131.018801	3.3
482	1540.383186	0.000000	0.000056	172.356573	3.2
483	1552.577017	0.000000	0.000056	156.472658	3.2
484	1519.732913	0.000000	0.000056	146.069069	3.3
485	1531.613758	0.000000	0.000056	142.495873	3.3
486	1475.662553	0.000000	0.000056	130.944884	3.3
487	1580.489967	0.000000	0.000056	138.831538	3.2
488	1512.580794	0.000000	0.000056	151.665113	3.3
489	1518.722323	0.000000	0.000056	130.231513	3.2
490	1500.353706	0.000000	0.000056	156.579042	5.4
491	1510.771612	0.000000	0.000056	120.608604	5.0
492	1486.631087	0.000000	0.000056	127.095577	4.0
493	1522.599580	0.000000	0.000056	177.846519	4.4
494	1507.380696	0.000000	0.000056	131.870486	4.3
495	1499.872785	0.000000	0.000056	130.963100	3.4
496	1546.847513	0.000000	0.000056	165.423812	3.4
497	1457.949172	0.000000	0.000056	135.720412	3.4
498	1528.840874	0.000000	0.000056	144.503130	3.4
499	1495.482883	0.000000	0.000056	141.804709	3.6
500	1547.667686	0.000000	0.000056	126.266343	5.6
501	1469.374587	0.000000	0.000056	184.146679	4.7
502	1540.813368	0.000000	0.000056	156.723427	4.6
503	1499.583227	0.000000	0.000056	181.677151	4.6
504	1495.905208	0.000000	0.000056	165.631926	5.7
505	1473.293870	0.000000	0.000056	134.151104	5.7
506	1480.874056	0.000000	0.000056	137.029292	6.3
507	1488.061922	0.000000	0.000056	136.293424	5.4
508	1538.967168	0.000000	0.000056	159.842804	5.7
509	1532.218721	0.000000	0.000056	154.003342	5.5
510	1452.468053	0.000000	0.000056	121.639497	5.2
511	1545.973907	0.000000	0.000056	211.246343	4.6
512	1550.633567	0.000000	0.000056	151.844727	4.1
513	1469.386261	0.000000	0.000056	117.620083	4.1
514	1535.939432	0.000000	0.000056	123.783908	5.7
515	1522.096185	0.000000	0.000056	148.143890	5.5
516	1474.296896	0.000000	0.000056	133.069495	4.5
517	1497.752010	0.000000	0.000056	131.276350	5.5
518	1525.968943	0.000000	0.000056	128.653184	5.5
519	1463.188636	0.000000	0.000056	205.280250	4.9
520	1465.106642	0.000000	0.000056	126.782881	4.6
521	1501.561801	0.000000	0.000056	140.064602	4.5
522	1466.213037	0.000000	0.000056	129.966879	4.2
523	1455.436204	0.000000	0.000056	162.968481	4.3
524	1441.810831	0.000000	0.000056	125.247119	5.7
525	1510.417356	0.000000	0.000056	166.332971	4.2
526	1510.280092	0.000000	0.000056	179.707713	4.2
527	1462.571157	0.000000	0.000056	141.122194	4.3
528	1456.667544	0.000000	0.000056	124.013373	5.5
529	1466.649800	0.000000	0.000056	217.359752	5.7
530	1501.149384	0.000000	0.000056	204.071934	5.8
531	1455.864492	0.002821	0.000056	135.925136	5.8
532	1532.979860	0.002203	0.000056	172.910949	5.6
533	1446.669639	0.000000	0.000056	149.709107	5.0
534	1546.181479	0.000000	0.000056	122.958091	4.5
535	1511.844617	0.000000	0.000056	167.852472	4.7
536	1493.498199	0.000000	0.000056	145.900729	4.2
537	1544.901062	0.000000	0.000056	130.661415	4.1
538	1445.137957	0.000000	0.000056	136.340789	4.0
539	1469.541357	0.000000	0.000056	170.937898	5.7
540	1485.489545	0.000000	0.000056	151.478753	5.7
541	1488.620739	0.000000	0.000056	164.149220	5.0
542	1432.209166	0.000000	0.000056	155.325619	5.6
543	1470.670231	0.000000	0.000056	139.337446	5.4
544	1431.310670	0.000000	0.000056	184.686248	4.6
545	1441.336299	0.000000	0.000056	147.379500	4.5
546	1440.266591	0.000000	0.000056	122.215131	3.5
547	1443.034946	0.000000	0.000056	115.280653	3.6
548	1486.307016	0.000000	0.000056	139.651094	5.9
549	1473.691844	0.000000	0.000056	147.615811	5.6
550	1404.705048	0.000000	0.000056	118.278431	5.0
551	1481.152288	0.000000	0.000056	138.993655	4.6
552	1450.279684	0.000000	0.000056	146.152696	5.7
553	1560.423804	0.000000	0.000056	183.136450	5.5
554	1442.765970	0.000000	0.000056	135.150310	4.6
555	1473.927844	0.000000	0.000056	132.917548	4.6
556	1478.356141	0.000000	0.000056	109.657740	5.4
557	1440.888273	0.000000	0.000056	131.217418	5.5
558	1474.720120	0.000000	0.000056	126.000199	4.6
559	1450.930705	0.000000	0.000056	107.866998	4.7
560	1471.618618	0.000000	0.000056	122.616798	4.0
561	1473.464256	0.000000	0.000056	118.453387	3.7
562	1466.988359	0.000000	0.000056	114.408871	3.7
563	1467.567767	0.000000	0.000056	122.938213	3.3
564	1456.532717	0.000000	0.000056	115.645368	3.2
565	1476.687998	0.000000	0.000056	149.089162	3.3
566	1444.576980	0.000000	0.000056	129.272447	5.3
567	1526.026125	0.000000	0.000056	129.437971	5.1
568	1490.034311	0.000000	0.000056	135.335592	4.1
569	1466.188644	0.000000	0.000056	123.030524	4.6
570	1424.089613	0.000000	0.000056	133.417190	5.9
571	1473.874565	0.000000	0.000056	146.493889	5.5
572	1439.056721	0.000000	0.000056	132.194394	5.4
573	1519.398658	0.000000	0.000056	182.027459	5.5
574	1511.922936	0.000000	0.000056	118.842997	5.5
575	1551.254798	0.000000	0.000056	137.530831	4.9
576	1471.665074	0.000000	0.000056	118.448724	5.1
577	1428.019627	0.000000	0.000056	159.949342	4.7
578	1454.668235	0.000000	0.000056	149.040963	4.1
579	1409.821547	0.000000	0.000056	124.120009	4.1
580	1396.390431	0.000000	0.000056	126.285082	3.7
581	1465.043297	0.000000	0.000056	133.059190	3.6
582	1409.016841	0.000000	0.000056	163.919613	3.6
583	1451.031170	0.000000	0.000056	131.715004	3.5
584	1449.591248	0.000000	0.000056	117.872595	3.4
585	1419.440934	0.000000	0.000056	114.499828	3.5
586	1399.391873	0.000000	0.000056	164.113402	3.5
587	1418.645787	0.000000	0.000056	111.773296	3.4
588	1482.081246	0.000000	0.000056	131.845294	3.5
589	1425.290069	0.000000	0.000056	162.604510	3.5
590	1442.347375	0.000000	0.000056	125.501350	3.4
591	1497.962009	0.000000	0.000056	123.130700	3.3
592	1359.459028	0.000000	0.000056	177.223775	3.0
593	1430.387586	0.000000	0.000056	123.872847	3.6
594	1527.808538	0.000000	0.000056	277.299944	4.0
595	1485.914390	0.000000	0.000056	153.948449	3.3
596	1480.178023	0.000000	0.000056	134.414931	3.3
597	1421.547816	0.000000	0.000056	137.446350	5.2
598	1483.825406	0.000000	0.000056	143.222341	3.6
599	1478.969177	0.000000	0.000056	164.277723	3.7
600	1472.682881	0.000000	0.000056	138.515070	3.7
601	1406.279994	0.000000	0.000056	126.459392	3.7
602	1416.779233	0.000000	0.000056	123.156485	4.9
603	1402.181367	0.000000	0.000056	176.507782	4.0
604	1451.027793	0.000000	0.000056	122.014509	3.8
605	1408.252809	0.000000	0.000056	134.040941	4.4
606	1473.394727	0.000000	0.000056	146.856215	4.3
607	1464.998535	0.000000	0.000056	155.001156	3.9
608	1482.056454	0.000000	0.000056	151.897621	3.5
609	1469.414561	0.000000	0.000056	116.593603	3.5
610	1465.836552	0.000000	0.000056	132.406929	3.5
611	1483.175620	0.000000	0.000056	113.340105	3.5
612	1455.324527	0.000000	0.000056	156.759727	3.4
613	1427.683832	0.000000	0.000056	133.808897	6.4
614	1433.690890	0.000000	0.000056	129.634781	5.2
615	1376.188961	0.000000	0.000056	152.386586	5.1
616	1384.784241	0.000000	0.000056	106.269315	4.1
617	1409.754814	0.000000	0.000056	118.585528	4.1
618	1493.740470	0.000000	0.000056	174.471570	4.1
619	1399.740793	0.000000	0.000056	141.827385	3.7
620	1442.763588	0.000039	0.000056	123.981067	3.7
621	1458.654104	0.000000	0.000056	165.768975	3.6
622	1374.614042	0.000000	0.000056	126.368358	3.6
623	1407.463367	0.000000	0.000056	113.655585	5.6
624	1412.912312	0.000000	0.000056	120.387395	5.3
625	1483.737258	0.000000	0.000056	131.173801	5.3
626	1439.122811	0.000000	0.000056	114.975805	5.6
627	1447.195540	0.000000	0.000056	161.966051	5.3
628	1427.042121	0.000000	0.000056	116.990627	5.4
629	1414.499746	0.000000	0.000056	136.393064	4.6
630	1473.219500	0.000000	0.000056	129.041496	4.3
631	1361.352112	0.000000	0.000056	164.378076	5.4
632	1405.664334	0.000000	0.000056	130.602544	5.3
633	1430.217358	0.000000	0.000056	146.346218	5.0
634	1434.392192	0.000000	0.000056	112.569221	4.9
635	1350.157958	0.000000	0.000056	129.723004	5.0
636	1385.252401	0.000000	0.000056	110.363664	4.6
637	1464.769057	0.000000	0.000056	153.782510	4.4
638	1421.795448	0.000000	0.000056	121.575759	3.6
639	1419.859097	0.000000	0.000056	156.368796	3.7
640	1447.451188	0.000000	0.000056	176.394571	3.3
641	1441.109760	0.000000	0.000056	131.328878	3.2
642	1474.539458	0.000000	0.000056	130.771830	3.3
643	1361.704874	0.000000	0.000056	201.566421	3.2
644	1384.895297	0.000000	0.000056	137.879856	3.2
645	1455.994896	0.000000	0.000056	172.404609	5.3
646	1468.907812	0.000189	0.000056	144.672616	3.4
647	1410.435328	0.000000	0.000056	123.077093	3.3
648	1375.790452	0.000000	0.000056	123.111764	7.0
649	1487.867092	0.000000	0.000056	143.327622	4.6
650	1433.736315	0.000000	0.000056	117.793325	3.8
651	1452.019442	0.000000	0.000056	154.275542	3.2
652	1337.281819	0.000000	0.000056	117.088062	3.0
653	1373.035038	0.000000	0.000056	110.829495	3.4
654	1369.461586	0.000000	0.000056	194.616271	3.0
655	1414.676145	0.000000	0.000056	136.676910	2.9
656	1420.500912	0.000610	0.000056	120.320681	2.9
657	1441.520377	0.000000	0.000056	106.274249	3.2
658	1444.823795	0.000000	0.000056	176.096653	3.1
659	1428.502220	0.000000	0.000056	132.665565	3.0
660	1394.595564	0.000000	0.000056	110.057090	3.3
661	1404.429130	0.000000	0.000056	106.044443	3.5
662	1375.222454	0.000000	0.000056	128.649897	3.4
663	1358.456428	0.000000	0.000056	127.581505	3.6
664	1438.286780	0.000000	0.000056	110.871407	3.4
665	1409.680832	0.000000	0.000056	148.262241	3.4
666	1437.181781	0.000000	0.000056	130.043989	3.8
667	1360.090106	0.000000	0.000056	97.693522	3.6
668	1399.098419	0.000000	0.000056	119.734399	3.8
669	1445.976243	0.000000	0.000056	134.654636	4.1
670	1394.120237	0.000000	0.000056	111.429949	4.0
671	1438.897166	0.000000	0.000056	179.354999	3.3
672	1406.593933	0.000000	0.000056	135.025342	3.3
673	1333.602695	0.000000	0.000056	117.988719	3.3
674	1454.538127	0.000000	0.000056	146.503519	3.2
675	1438.084288	0.000000	0.000056	150.719571	3.2
676	1433.041487	0.000000	0.000056	139.337904	3.4
677	1480.209142	0.000000	0.000056	113.839748	5.5
678	1421.881211	0.000000	0.000056	107.072040	5.5
679	1408.054190	0.000000	0.000056	114.495409	5.4
680	1406.767773	0.000000	0.000056	113.582911	5.7
681	1403.482912	0.000000	0.000056	136.868577	5.3
682	1419.930051	0.000000	0.000056	107.101973	5.2
683	1445.123760	0.000000	0.000056	130.745326	5.2
684	1476.065189	0.000000	0.000056	144.872272	4.3
685	1396.977192	0.000000	0.000056	168.401713	4.1
686	1487.570368	0.000324	0.000056	149.464615	4.1
687	1489.291164	0.000567	0.000056	131.014327	3.8
688	1353.714695	0.000000	0.000056	101.122224	3.6
689	1465.423072	0.000000	0.000056	139.385073	3.6
690	1446.161708	0.000000	0.000056	145.316408	3.6
691	1378.661226	0.000000	0.000056	113.899555	3.6
692	1442.742789	0.000000	0.000056	120.412530	3.5
693	1380.682757	0.000000	0.000056	113.015159	3.5
694	1389.851242	0.000000	0.000056	118.280086	3.5
695	1374.766779	0.000000	0.000056	112.566589	3.6
696	1425.826002	0.000000	0.000056	153.256731	3.7
697	1378.909693	0.000000	0.000056	136.720539	3.8
698	1470.110816	0.000000	0.000056	127.090927	4.6
699	1355.157610	0.000000	0.000056	141.030110	4.8
700	1383.166800	0.000000	0.000056	120.423817	5.5
701	1371.979942	0.000000	0.000056	124.604987	5.5
702	1398.770124	0.000000	0.000056	133.288100	4.9
703	1360.469501	0.000000	0.000056	120.860005	4.6
704	1457.638492	0.000000	0.000056	135.874529	4.2
705	1412.699606	0.000000	0.000056	140.109641	5.3
706	1403.108994	0.000000	0.000056	118.228480	5.2
707	1397.880691	0.000000	0.000056	100.119333	4.7
708	1391.862234	0.000000	0.000056	120.258519	4.6
709	1446.571050	0.000000	0.000056	118.497050	5.1
710	1437.223404	0.000000	0.000056	118.465536	3.4
711	1411.891356	0.000000	0.000056	102.023955	2.9
712	1492.602881	0.000000	0.000056	182.395049	3.0
713	1421.298412	0.000000	0.000056	101.214147	3.1
714	1404.020256	0.000000	0.000056	188.273020	3.4
715	1427.637893	0.000000	0.000056	111.888683	3.1
716	1419.736644	0.000000	0.000056	113.382003	3.2
717	1463.856159	0.000000	0.000056	131.591818	3.1
718	1358.816646	0.000000	0.000056	133.070079	3.1
719	1419.199963	0.000000	0.000056	113.607301	3.2
720	1456.617575	0.000000	0.000056	155.710637	3.1
721	1390.117996	0.000000	0.000056	100.412794	3.1
722	1429.281860	0.000000	0.000056	130.793117	3.0
723	1405.403117	0.000000	0.000056	112.751790	3.1
724	1419.631524	0.000000	0.000056	110.019051	3.2
725	1399.948317	0.000000	0.000056	114.269216	3.1
726	1399.064197	0.000000	0.000056	122.322755	3.0
727	1406.047157	0.000000	0.000056	116.681748	3.1
728	1418.503685	0.000000	0.000056	115.972229	3.1
729	1432.007230	0.000000	0.000056	102.877195	3.2
730	1362.012795	0.000000	0.000056	98.857058	3.3
731	1395.257392	0.000000	0.000056	115.163993	3.5
732	1368.236953	0.000000	0.000056	118.987717	5.4
733	1420.655757	0.000000	0.000056	142.267499	5.4
734	1377.763123	0.000000	0.000056	107.517253	5.4
735	1408.965390	0.000000	0.000056	169.499323	5.3
736	1330.468182	0.000000	0.000056	102.961309	4.6
737	1444.153230	0.000000	0.000056	166.975607	4.6
738	1359.358814	0.000000	0.000056	150.392665	3.8
739	1342.962321	0.000157	0.000056	119.686003	3.8
740	1340.581513	0.000000	0.000056	115.235232	3.7
741	1398.992262	0.000000	0.000056	121.980319	3.4
742	1408.741389	0.000000	0.000056	117.891849	3.4
743	1430.791450	0.000000	0.000056	148.648738	3.4
744	1353.699026	0.000000	0.000056	95.912467	3.3
745	1406.610542	0.000000	0.000056	136.271297	3.3
746	1359.647267	0.000000	0.000056	151.717981	3.4
747	1387.208241	0.000000	0.000056	120.340093	3.5
748	1464.196884	0.000000	0.000056	172.204453	3.5
749	1416.503164	0.000000	0.000056	115.891339	3.5
750	1388.769112	0.000000	0.000056	140.253940	3.8
751	1348.949468	0.000000	0.000056	196.892552	3.3
752	1398.337375	0.000000	0.000056	133.103328	3.7
753	1398.448852	0.000118	0.000056	102.447109	4.0
754	1467.167464	0.000000	0.000056	132.937004	4.1
755	1382.714864	0.000000	0.000056	102.051093	5.9
756	1385.710349	0.000000	0.000056	153.420744	5.4
757	1468.830808	0.000000	0.000056	111.919353	5.3
758	1445.961810	0.000000	0.000056	132.642436	4.9
759	1384.835943	0.000000	0.000056	99.468338	4.2
760	1390.260731	0.000000	0.000056	95.735649	4.1
761	1339.473869	0.000000	0.000056	122.818257	3.8
762	1423.627522	0.000000	0.000056	110.282302	3.7
763	1409.959155	0.000000	0.000056	122.544138	3.9
764	1376.584811	0.000000	0.000056	129.473127	4.2
765	1286.662183	0.000000	0.000056	199.851541	3.7
766	1396.722126	0.000745	0.000056	95.347004	3.7
767	1376.153714	0.000000	0.000056	128.487160	3.7
768	1438.199765	0.000000	0.000056	161.940361	3.6
769	1400.135111	0.000000	0.000056	100.330234	3.7
770	1385.073615	0.000000	0.000056	98.446182	5.6
771	1408.682967	0.000000	0.000056	149.061115	5.2
772	1370.692829	0.000000	0.000056	130.840651	4.1
773	1437.052129	0.000000	0.000056	125.659579	4.6
774	1363.536410	0.000000	0.000056	126.615476	5.7
775	1397.386968	0.000000	0.000056	98.098432	5.5
776	1410.367706	0.000000	0.000056	119.907076	5.5
777	1435.474639	0.000000	0.000056	103.005736	4.9
778	1435.049107	0.000000	0.000056	157.160958	5.0
779	1426.540674	0.000000	0.000056	150.033388	4.2
780	1456.166645	0.000000	0.000056	114.750293	4.0
781	1375.002632	0.000000	0.000056	152.781951	3.8
782	1387.373647	0.000000	0.000056	173.796665	3.7
783	1387.353763	0.000000	0.000056	170.202898	3.6
784	1352.207122	0.000000	0.000056	96.936228	3.4
785	1340.162625	0.000000	0.000056	114.643581	3.4
786	1356.850362	0.000000	0.000056	119.600061	3.4
787	1359.248280	0.000000	0.000056	113.059140	3.4
788	1439.306112	0.000000	0.000056	128.309091	3.5
789	1410.744600	0.000000	0.000056	157.051831	5.7
790	1387.957370	0.000000	0.000056	167.477039	5.4
791	1423.731119	0.000000	0.000056	99.004426	5.4
792	1438.261719	0.000000	0.000056	117.847578	5.4
793	1377.641762	0.000000	0.000056	91.979845	4.1
794	1308.464210	0.000000	0.000056	182.962910	3.5
795	1383.854149	0.000000	0.000056	170.123255	3.2
796	1318.168391	0.002427	0.000056	83.441746	3.7
797	1486.270453	0.000818	0.000056	127.733577	3.8
798	1347.928909	0.000000	0.000056	103.799415	5.6
799	1482.765094	0.000000	0.000056	92.493646	5.4
800	1342.952760	0.000000	0.000056	164.678649	4.6
801	1398.489572	0.000000	0.000056	88.570852	4.3
802	1366.645778	0.000000	0.000056	87.811467	3.9
803	1348.667345	0.000000	0.000056	136.038105	3.6
804	1399.896084	0.000000	0.000056	114.590007	3.6
805	1437.550225	0.000000	0.000056	105.842875	5.6
806	1369.894139	0.000000	0.000056	91.049961	5.6
807	1384.318363	0.000000	0.000056	176.482889	5.3
808	1448.796005	0.000000	0.000056	159.873309	3.9
809	1339.017854	0.001422	0.000056	96.817522	4.4
810	1409.965598	0.000000	0.000056	138.851344	4.4
811	1423.793850	0.000000	0.000056	131.034178	4.2
812	1335.366160	0.000000	0.000056	219.076291	4.0
813	1340.086972	0.001430	0.000056	103.588467	4.1
814	1345.061426	0.000009	0.000056	99.123611	4.3
815	1338.747117	0.000000	0.000056	107.190387	4.2
816	1411.097723	0.000000	0.000056	107.521871	4.1
817	1405.638716	0.000000	0.000056	109.029430	4.1
818	1342.266308	0.000000	0.000056	100.612706	4.0
819	1400.062222	0.000000	0.000056	113.479410	3.4
820	1395.953728	0.000000	0.000056	110.648721	3.3
821	1446.856769	0.000000	0.000056	173.010307	3.4
822	1408.585451	0.000000	0.000056	113.133797	3.3
823	1387.506408	0.000000	0.000056	98.874875	3.3
824	1300.304373	0.000000	0.000056	98.991095	5.5
825	1370.642993	0.000000	0.000056	145.919368	5.6
826	1363.731174	0.000000	0.000056	113.350500	5.6
827	1380.813390	0.000025	0.000056	92.710855	5.5
828	1406.938666	0.000000	0.000056	162.176808	5.8
829	1309.345903	0.000000	0.000056	85.882980	5.5
830	1308.445563	0.000000	0.000056	97.818439	4.7
831	1410.511465	0.000000	0.000056	104.546133	5.6
832	1343.704677	0.000000	0.000056	86.025777	5.6
833	1368.040047	0.000000	0.000056	103.816795	5.0
834	1388.312863	0.000000	0.000056	104.253150	4.4
835	1357.192356	0.000000	0.000056	146.799141	4.3
836	1295.328545	0.000000	0.000056	92.843742	5.9
837	1310.905025	0.000000	0.000056	81.908996	6.7
838	1356.598037	0.000000	0.000056	112.323763	5.9
839	1398.616703	0.000000	0.000056	133.873611	5.6
840	1322.491252	0.000000	0.000056	92.565658	3.9
841	1381.318253	0.000000	0.000056	136.726749	5.2
842	1384.351404	0.000000	0.000056	95.892310	5.0
843	1413.425638	0.000000	0.000056	112.598756	4.1
844	1323.477209	0.000000	0.000056	127.288260	4.0
845	1388.630669	0.000000	0.000056	144.899103	4.0
846	1372.951719	0.000183	0.000056	173.706345	3.8
847	1429.358822	0.001504	0.000056	123.872643	4.0
848	1394.778102	0.000944	0.000056	112.497918	5.2
849	1388.057080	0.000000	0.000056	119.837524	5.3
850	1320.088236	0.000000	0.000056	102.004501	4.2
851	1320.697566	0.000000	0.000056	84.772259	4.2
852	1348.769954	0.000000	0.000056	91.298680	5.0
853	1402.850531	0.000000	0.000056	123.514019	3.6
854	1347.276519	0.000000	0.000056	85.033192	3.6
855	1367.607225	0.000000	0.000056	107.172139	3.9
856	1393.177170	0.000000	0.000056	110.390313	3.9
857	1354.015860	0.000000	0.000056	98.610163	3.8
858	1372.818439	0.000000	0.000056	107.335633	3.8
859	1374.728677	0.000000	0.000056	91.629526	3.8
860	1377.197589	0.000000	0.000056	105.972767	5.5
861	1379.948259	0.000000	0.000056	104.581739	5.5
862	1371.382242	0.000000	0.000056	104.287857	3.8
863	1380.765643	0.000000	0.000056	90.284186	3.7
864	1364.553428	0.000000	0.000056	99.347733	4.0
865	1330.722543	0.000000	0.000056	92.288554	4.0
866	1332.208098	0.000000	0.000056	113.750459	4.0
867	1316.843731	0.000000	0.000056	88.962076	3.6
868	1441.060230	0.000000	0.000056	118.202140	3.7
869	1385.105500	0.000000	0.000056	107.863750	3.7
870	1336.189220	0.000000	0.000056	110.524239	3.7
871	1345.040750	0.000000	0.000056	115.906281	3.6
872	1302.704462	0.000000	0.000056	203.936950	3.5
873	1365.077117	0.000000	0.000056	159.306871	3.5
874	1334.501307	0.002998	0.000056	92.066796	3.5
875	1327.118017	0.001279	0.000056	92.345800	3.3
876	1387.061543	0.000474	0.000056	142.396788	3.4
877	1369.707911	0.000000	0.000056	85.427607	3.3
878	1340.003050	0.000000	0.000056	106.556919	3.5
879	1287.746890	0.000000	0.000056	187.260011	3.6
880	1360.782141	0.000000	0.000056	148.216287	3.9
881	1361.659819	0.002051	0.000056	108.638216	4.6
882	1350.155532	0.000739	0.000056	98.355285	3.7
883	1295.266773	0.000000	0.000056	87.527083	3.8
884	1367.924896	0.000000	0.000056	104.740488	3.9
885	1346.835345	0.000000	0.000056	155.023130	4.2
886	1408.643541	0.000000	0.000056	155.560363	3.5
887	1306.911813	0.000292	0.000056	118.280597	3.4
888	1357.405361	0.000819	0.000056	171.029288	3.5
889	1354.330925	0.000000	0.000056	154.045058	4.0
890	1349.038334	0.000012	0.000056	126.674999	6.1
891	1372.979748	0.000000	0.000056	111.515352	5.6
892	1346.214923	0.000000	0.000056	103.179750	2.9
893	1336.423032	0.000000	0.000056	81.413031	2.9
894	1469.837767	0.000000	0.000056	109.254140	5.4
895	1400.008852	0.000000	0.000056	135.973602	5.5
896	1327.348248	0.000000	0.000056	108.982923	5.9
897	1348.841653	0.000000	0.000056	100.996362	3.2
898	1325.155406	0.000000	0.000056	85.190226	2.5
899	1270.912718	0.000000	0.000056	134.100301	2.6
900	1361.514961	0.000000	0.000056	131.641337	5.0
901	1359.815102	0.000542	0.000056	114.291161	5.7
902	1330.643729	0.000000	0.000056	121.210941	5.3
903	1381.028224	0.000000	0.000056	112.440786	5.0
904	1354.889699	0.000000	0.000056	93.541356	4.6
905	1329.228982	0.000000	0.000056	122.517579	4.3
906	1349.249260	0.000000	0.000056	102.031081	4.2
907	1386.258377	0.000000	0.000056	128.376699	3.6
908	1382.216912	0.000000	0.000056	98.806654	5.9
909	1299.210980	0.000000	0.000056	101.413251	5.4
910	1306.885695	0.000000	0.000056	96.544346	5.4
911	1362.065412	0.000000	0.000056	94.096855	5.1
912	1353.391589	0.000000	0.000056	143.645636	5.3
913	1306.337888	0.000000	0.000056	107.974016	4.7
914	1396.304440	0.000030	0.000056	110.555539	4.7
915	1251.303707	0.000000	0.000056	132.303429	3.8
916	1330.016312	0.000056	0.000056	120.615071	3.9
917	1325.284097	0.000479	0.000056	107.942937	3.8
918	1374.391086	0.000553	0.000056	112.801014	3.8
919	1378.931354	0.000072	0.000056	116.862535	3.7
920	1312.216986	0.000000	0.000056	81.537225	3.2
921	1338.180009	0.000000	0.000056	97.352859	3.0
922	1311.226962	0.000000	0.000056	110.729639	3.1
923	1391.317142	0.000000	0.000056	115.685477	3.2
924	1327.633866	0.000000	0.000056	85.815610	3.2
925	1355.926003	0.000000	0.000056	93.185340	3.2
926	1401.987267	0.000000	0.000056	82.987277	3.1
927	1334.888620	0.000000	0.000056	87.742825	4.4
928	1307.016255	0.000000	0.000056	112.739592	3.5
929	1329.262461	0.000000	0.000056	99.626578	3.3
930	1330.327862	0.000000	0.000056	138.849809	3.3
931	1335.089959	0.000142	0.000056	101.715627	3.3
932	1283.907166	0.000000	0.000056	123.448053	3.3
933	1383.893971	0.000000	0.000056	122.185610	3.3
934	1390.338822	0.000112	0.000056	184.726361	3.3
935	1343.451663	0.000000	0.000056	100.893741	3.6
936	1314.059917	0.000000	0.000056	82.491113	3.6
937	1325.944896	0.000000	0.000056	104.555923	3.5
938	1356.508329	0.000000	0.000056	103.545643	3.7
939	1334.353779	0.000000	0.000056	96.857487	4.5
940	1311.839173	0.000000	0.000056	94.357191	3.8
941	1310.359788	0.000000	0.000056	68.128179	3.8
942	1326.733042	0.000000	0.000056	132.338638	3.9
943	1304.941536	0.000000	0.000056	160.031233	3.2
944	1360.360338	0.000762	0.000056	126.737323	3.2
945	1358.864182	0.000597	0.000056	147.624214	3.2
946	1301.058496	0.000000	0.000056	83.880471	3.0
947	1385.881590	0.000000	0.000056	113.821068	3.2
948	1387.458295	0.000000	0.000056	83.570666	5.0
949	1334.309136	0.000000	0.000056	106.034032	7.5
950	1291.301069	0.000000	0.000056	101.882104	3.4
951	1319.015012	0.000000	0.000056	112.500440	3.1
952	1309.065114	0.000000	0.000056	113.020859	3.0
953	1292.329981	0.000000	0.000056	106.115932	3.0
954	1332.059374	0.000000	0.000056	83.551975	3.0
955	1342.210053	0.000000	0.000056	134.240028	2.9
956	1383.317777	0.000000	0.000056	133.202594	3.0
957	1323.234093	0.000000	0.000056	93.408879	3.2
958	1339.724858	0.000000	0.000056	113.979384	3.2
959	1270.090192	0.000000	0.000056	97.999934	3.2
960	1341.987242	0.000000	0.000056	127.082533	3.4
961	1378.993092	0.000000	0.000056	77.208931	3.4
962	1338.386656	0.000000	0.000056	88.608411	3.4
963	1334.011902	0.000000	0.000056	96.400565	3.7
964	1332.137080	0.000000	0.000056	82.216660	3.7
965	1305.933540	0.000000	0.000056	154.470635	3.7
966	1390.362535	0.000000	0.000056	128.138552	3.5
967	1285.497730	0.000845	0.000056	80.961713	3.6
968	1341.664783	0.000000	0.000056	154.337381	3.5
969	1293.903226	0.000000	0.000056	151.928327	3.4
970	1341.338348	0.000000	0.000056	111.576392	3.4
971	1347.595615	0.000000	0.000056	161.855396	3.4
972	1265.009490	0.000009	0.000056	131.997213	3.4
973	1362.456760	0.000771	0.000056	164.937624	3.4
974	1315.671325	0.000625	0.000056	92.958880	3.6
975	1296.001242	0.000000	0.000056	87.619809	3.8
976	1273.460250	0.000000	0.000056	149.126089	3.8
977	1327.950707	0.000000	0.000056	88.208037	3.6
978	1301.509718	0.000000	0.000056	128.577607	3.6
979	1285.193368	0.000000	0.000056	107.233885	3.5
980	1381.706883	0.000000	0.000056	86.463809	3.4
981	1323.827103	0.000000	0.000056	74.394440	3.4
982	1301.370119	0.000000	0.000056	74.059772	3.4
983	1305.830105	0.000000	0.000056	110.181010	3.2
984	1354.218226	0.000000	0.000056	109.832009	3.2
985	1281.073656	0.000000	0.000056	65.955753	3.2
986	1390.685017	0.000000	0.000056	99.584516	4.9
987	1339.867124	0.000000	0.000056	190.385640	5.3
988	1326.353069	0.000000	0.000056	102.171084	5.5
989	1365.126494	0.001033	0.000056	121.517686	3.3
990	1342.096079	0.000000	0.000056	100.133850	3.2
991	1310.262230	0.000000	0.000056	99.706235	3.3
992	1304.336058	0.000000	0.000056	90.024584	3.3
993	1345.393158	0.000000	0.000056	98.292621	3.6
994	1343.465657	0.000000	0.000056	84.779848	3.6
995	1306.262110	0.000000	0.000056	88.412170	4.7
996	1329.349942	0.000000	0.000056	72.231901	3.5
997	1306.334346	0.000000	0.000056	115.980418	3.7
998	1337.779040	0.000000	0.000056	75.022329	5.5
999	1311.745877	0.000000	0.000056	95.324708	4.4
1000	1370.412733	0.000000	0.000056	107.100550	4.5
1001	1367.168208	0.000000	0.000056	178.924812	5.2
1002	1358.730312	0.000519	0.000056	98.380357	5.5
1003	1243.751310	0.000939	0.000056	87.205396	4.6
1004	1297.586943	0.000372	0.000056	80.328878	5.0
1005	1345.165106	0.000000	0.000056	88.751531	5.5
1006	1293.626984	0.000000	0.000056	124.111100	5.1
1007	1338.901928	0.000000	0.000056	73.829912	7.3
1008	1359.096029	0.000000	0.000056	83.453989	6.0
1009	1336.415007	0.000000	0.000056	77.612712	5.4
1010	1317.834046	0.000000	0.000056	107.819482	4.7
1011	1304.092366	0.000000	0.000056	86.468246	4.6
1012	1315.891428	0.000000	0.000056	91.620414	4.5
1013	1364.205931	0.000000	0.000056	154.688444	4.5
1014	1331.376187	0.000000	0.000056	149.455443	4.1
1015	1286.755506	0.000443	0.000056	172.098393	4.0
1016	1320.079201	0.002872	0.000056	99.930355	3.8
1017	1334.861644	0.003198	0.000056	79.350004	3.7
1018	1265.682048	0.002189	0.000056	114.694550	3.7
1019	1322.228130	0.001184	0.000056	83.970027	3.3
1020	1342.308204	0.000894	0.000056	76.586204	3.4
1021	1254.578731	0.000000	0.000056	140.742303	3.3
1022	1328.958258	0.000000	0.000056	152.788381	3.3
1023	1320.876941	0.000132	0.000056	85.515930	3.3
1024	1357.112478	0.000000	0.000056	102.630453	3.3
1025	1324.611445	0.000000	0.000056	86.954417	3.4
1026	1279.707060	0.000000	0.000056	77.402422	3.4
1027	1247.643059	0.000000	0.000056	118.157927	3.5
1028	1386.549790	0.000000	0.000056	126.150979	3.3
1029	1309.437484	0.000021	0.000056	151.880751	3.3
1030	1311.294788	0.000000	0.000056	113.656750	3.3
1031	1322.515496	0.000803	0.000056	106.358199	3.2
1032	1237.766129	0.000693	0.000056	151.831101	3.2
1033	1307.460547	0.000351	0.000056	131.937113	3.4
1034	1331.908649	0.002143	0.000056	74.577055	5.4
1035	1344.766277	0.001485	0.000056	73.815653	3.4
1036	1289.801609	0.000736	0.000056	104.214715	3.5
1037	1203.463593	0.000307	0.000056	169.288374	3.7
1038	1267.785961	0.000000	0.000056	107.271320	3.7
1039	1238.143492	0.000000	0.000056	118.587154	3.0
1040	1298.891375	0.000000	0.000056	125.568397	3.5
1041	1335.374787	0.000899	0.000056	78.814674	4.0
1042	1316.409982	0.000000	0.000056	74.077624	3.6
1043	1276.626547	0.000000	0.000056	90.566243	4.0
1044	1352.123334	0.000000	0.000056	162.037453	2.8
1045	1230.113750	0.000600	0.000056	76.811976	2.7
1046	1281.581813	0.000787	0.000056	163.833486	3.0
1047	1323.062159	0.000000	0.000056	115.457266	5.9
1048	1288.998384	0.000000	0.000056	103.300104	5.1
1049	1327.735545	0.000325	0.000056	163.773395	5.6
1050	1282.268650	0.000464	0.000056	98.612134	3.7
1051	1268.043166	0.000000	0.000056	119.202517	4.1
1052	1309.751911	0.000338	0.000056	99.943049	4.2
1053	1270.857256	0.000160	0.000056	84.955454	5.6
1054	1290.472628	0.000000	0.000056	75.851031	5.5
1055	1296.553245	0.000000	0.000056	76.299377	5.3
1056	1288.640832	0.000000	0.000056	103.996572	4.4
1057	1278.958559	0.000000	0.000056	105.752411	4.1
1058	1286.744317	0.000000	0.000056	70.034715	4.1
1059	1321.143041	0.000000	0.000056	154.114444	4.1
1060	1288.850373	0.000000	0.000056	104.070158	4.2
1061	1324.098757	0.000937	0.000056	82.053116	4.0
1062	1231.017079	0.000034	0.000056	96.060993	3.9
1063	1297.341305	0.000000	0.000056	80.616365	3.6
1064	1249.496404	0.000000	0.000056	85.508597	3.7
1065	1301.335706	0.000000	0.000056	151.290730	3.5
1066	1272.039820	0.000000	0.000056	112.190063	3.4
1067	1296.852009	0.000000	0.000056	81.559070	3.5
1068	1277.039850	0.000000	0.000056	103.132903	3.6
1069	1316.541577	0.000000	0.000056	74.578676	3.7
1070	1242.600778	0.000000	0.000056	156.940471	3.6
1071	1298.604313	0.000000	0.000056	85.781912	4.1
1072	1323.121257	0.000000	0.000056	77.391382	4.2
1073	1235.542851	0.000000	0.000056	74.276990	4.1
1074	1335.925684	0.000000	0.000056	143.952373	3.7
1075	1255.588694	0.000000	0.000056	88.129230	3.9
1076	1237.140711	0.000485	0.000056	106.588811	3.7
1077	1238.318103	0.000000	0.000056	154.988798	3.7
1078	1255.143229	0.000000	0.000056	83.218095	3.8
1079	1249.254451	0.000000	0.000056	99.117513	3.5
1080	1308.603625	0.000000	0.000056	141.994857	3.4
1081	1338.806584	0.000000	0.000056	127.944988	3.4
1082	1305.536473	0.000000	0.000056	102.510762	3.3
1083	1364.663436	0.000342	0.000056	135.277517	3.3
1084	1306.551510	0.000405	0.000056	112.112506	3.5
1085	1287.901671	0.000000	0.000056	76.934322	3.7
1086	1311.761996	0.000000	0.000056	95.948865	3.9
1087	1316.224031	0.000000	0.000056	92.881945	3.5
1088	1278.705079	0.000000	0.000056	90.957182	3.3
1089	1301.298604	0.000000	0.000056	93.049691	5.2
1090	1263.996810	0.000000	0.000056	64.833842	4.1
1091	1272.712075	0.000000	0.000056	94.393841	4.0
1092	1273.475930	0.000000	0.000056	73.563859	4.1
1093	1269.223336	0.000000	0.000056	117.737952	4.1
1094	1248.010509	0.000000	0.000056	104.031020	5.6
1095	1237.103721	0.000613	0.000056	130.057914	5.7
1096	1293.449137	0.001349	0.000056	147.841168	3.2
1097	1236.944235	0.002464	0.000056	123.006564	2.8
1098	1283.674213	0.003968	0.000056	69.285516	2.8
1099	1264.745194	0.003361	0.000056	75.466863	2.8
1100	1283.527113	0.002679	0.000056	143.147420	3.2
1101	1294.792748	0.002871	0.000056	88.572414	2.9
1102	1279.802872	0.001888	0.000056	81.195411	5.0
1103	1251.331888	0.000839	0.000056	76.578456	3.3
1104	1265.906469	0.000000	0.000056	72.740196	3.2
1105	1302.366048	0.000000	0.000056	117.533944	3.8
1106	1280.714028	0.000000	0.000056	59.638088	3.7
1107	1273.078162	0.000000	0.000056	157.244631	3.7
1108	1372.444700	0.000000	0.000056	102.195210	4.2
1109	1237.348730	0.000000	0.000056	164.633219	3.8
1110	1293.269783	0.000306	0.000056	120.041617	5.5
1111	1244.155329	0.001655	0.000056	73.131601	4.6
1112	1262.240148	0.001609	0.000056	83.967306	3.8
1113	1357.201432	0.000776	0.000056	175.001248	4.3
1114	1250.485265	0.001310	0.000056	102.250039	4.4
1115	1279.658231	0.001266	0.000056	137.248578	3.6
1116	1320.384943	0.000000	0.000056	137.009339	3.5
1117	1259.908107	0.001503	0.000056	80.244004	3.5
1118	1251.215966	0.001413	0.000056	90.544815	3.3
1119	1313.424164	0.001012	0.000056	66.007518	3.3
1120	1235.704755	0.000273	0.000056	102.137076	3.3
1121	1313.574179	0.000000	0.000056	93.954348	3.7
1122	1301.314015	0.000222	0.000056	131.408932	3.6
1123	1279.610621	0.000000	0.000056	141.273550	3.8
1124	1256.152528	0.000733	0.000056	69.042549	5.3
1125	1255.082422	0.000074	0.000056	78.842677	5.1
1126	1250.042884	0.000000	0.000056	70.494398	4.6
1127	1200.209538	0.000000	0.000056	85.742450	4.7
1128	1262.603597	0.000000	0.000056	102.580973	4.2
1129	1270.386734	0.000289	0.000056	141.869367	4.2
1130	1219.169151	0.001590	0.000056	127.595846	3.9
1131	1242.564159	0.000000	0.000056	115.524686	4.0
1132	1303.460214	0.000000	0.000056	181.128853	3.9
1133	1289.378634	0.001814	0.000056	95.744551	3.7
1134	1234.011194	0.000064	0.000056	143.458389	3.8
1135	1278.274040	0.000255	0.000056	106.424667	3.7
1136	1255.007195	0.001033	0.000056	71.429713	3.6
1137	1249.803920	0.000037	0.000056	92.115014	3.6
1138	1300.397164	0.000000	0.000056	96.417961	3.6
1139	1244.864711	0.000261	0.000056	113.775972	5.6
1140	1284.626515	0.000799	0.000056	96.408240	5.6
1141	1305.846230	0.001389	0.000056	120.189012	4.0
1142	1268.293818	0.000000	0.000056	75.383169	4.5
1143	1268.622248	0.000000	0.000056	120.124167	5.8
1144	1265.033112	0.000000	0.000056	78.641006	5.5
1145	1281.687161	0.000000	0.000056	113.104243	5.6
1146	1300.329971	0.000000	0.000056	76.244404	3.4
1147	1247.518291	0.000000	0.000056	120.304474	3.3
1148	1283.243691	0.000000	0.000056	81.878879	3.5
1149	1283.674157	0.000000	0.000056	113.498804	4.2
1150	1252.289807	0.000000	0.000056	91.686406	4.1
1151	1227.529751	0.000000	0.000056	81.325353	3.9
1152	1272.601890	0.000000	0.000056	94.211511	2.9
1153	1217.676797	0.000124	0.000056	88.081756	2.8
1154	1331.138217	0.000329	0.000056	104.357901	2.9
1155	1286.402104	0.000723	0.000056	117.158873	3.0
1156	1241.462181	0.001528	0.000056	67.080156	2.8
1157	1261.368318	0.000545	0.000056	113.979248	2.9
1158	1238.794067	0.000498	0.000056	80.815473	2.8
1159	1282.531747	0.000139	0.000056	96.898431	2.8
1160	1282.042340	0.000000	0.000056	84.579817	2.7
1161	1339.416901	0.000000	0.000056	139.034336	2.7
1162	1321.726438	0.000000	0.000056	91.445102	2.8
1163	1262.100354	0.000000	0.000056	83.322065	2.8
1164	1276.958431	0.000222	0.000056	101.025526	2.8
1165	1348.221795	0.000054	0.000056	149.797709	2.9
1166	1235.333239	0.000419	0.000056	62.815036	2.8
1167	1291.038599	0.000000	0.000056	110.170893	2.8
1168	1264.275939	0.000000	0.000056	64.179683	2.8
1169	1329.183952	0.000000	0.000056	79.323760	3.0
1170	1309.051379	0.000000	0.000056	105.693444	3.1
1171	1265.680116	0.000000	0.000056	82.099381	3.1
1172	1203.355365	0.000149	0.000056	72.868905	2.6
1173	1260.845519	0.000000	0.000056	78.262263	2.6
1174	1293.709576	0.000000	0.000056	66.491137	2.6
1175	1277.123857	0.000000	0.000056	71.770591	2.6
1176	1300.415596	0.000000	0.000056	84.498206	2.6
1177	1252.603691	0.000000	0.000056	82.176033	2.7
1178	1281.768388	0.000000	0.000056	88.506424	2.6
1179	1329.351341	0.000000	0.000056	99.754021	2.8
1180	1278.240086	0.000000	0.000056	114.328482	3.0
1181	1223.056872	0.000443	0.000056	73.758791	2.9
1182	1267.367605	0.000000	0.000056	72.027351	2.9
1183	1291.916760	0.000000	0.000056	89.084609	3.2
1184	1270.957638	0.000000	0.000056	75.156069	5.5
1185	1231.497687	0.000000	0.000056	125.169664	5.2
1186	1258.462520	0.000000	0.000056	79.104214	5.2
1187	1272.250277	0.000000	0.000056	143.217622	5.3
1188	1262.185656	0.000522	0.000056	106.561836	5.5
1189	1271.125796	0.000354	0.000056	69.559162	5.3
1190	1234.973636	0.000000	0.000056	75.717452	5.3
1191	1250.897207	0.000000	0.000056	67.130545	4.1
1192	1294.441374	0.000000	0.000056	66.426501	4.1
1193	1254.330800	0.000000	0.000056	99.804899	4.0
1194	1285.424295	0.000000	0.000056	101.742803	3.9
1195	1204.598541	0.000104	0.000056	119.105691	3.9
1196	1240.299752	0.000000	0.000056	93.288872	3.6
1197	1259.911236	0.000674	0.000056	95.098302	3.6
1198	1237.865207	0.001192	0.000056	114.678116	3.9
1199	1290.405037	0.001601	0.000056	81.191618	4.0
1200	1303.483477	0.000334	0.000056	79.277014	4.0
1201	1207.116028	0.000000	0.000056	68.461785	4.0
1202	1275.127315	0.000000	0.000056	142.569866	4.0
1203	1260.566584	0.000000	0.000056	107.191875	4.6
1204	1334.297008	0.000000	0.000056	107.740735	3.5
1205	1268.473250	0.000000	0.000056	119.213518	3.5
1206	1185.974968	0.000000	0.000056	54.489878	3.9
1207	1232.136358	0.000000	0.000056	101.465389	4.7
1208	1288.170171	0.000000	0.000056	76.586354	4.5
1209	1250.600636	0.000050	0.000056	82.369634	4.7
1210	1225.298828	0.000000	0.000056	63.347131	4.7
1211	1280.573490	0.000000	0.000056	106.721310	3.7
1212	1258.780143	0.000000	0.000056	65.152600	3.3
1213	1258.243094	0.000000	0.000056	83.882331	3.0
1214	1275.494027	0.000000	0.000056	112.097441	3.5
1215	1299.123411	0.000018	0.000056	115.964261	3.5
1216	1236.091107	0.001088	0.000056	72.504279	3.4
1217	1237.941212	0.000594	0.000056	66.738803	3.0
1218	1217.504980	0.000067	0.000056	118.536381	3.1
1219	1255.426274	0.000000	0.000056	103.780385	3.8
1220	1260.421901	0.000364	0.000056	68.140049	5.3
1221	1226.067016	0.000000	0.000056	60.142768	3.3
1222	1218.914364	0.000000	0.000056	101.910813	3.3
1223	1298.311052	0.000000	0.000056	113.369992	3.5
1224	1287.901078	0.000000	0.000056	102.760150	3.3
1225	1293.008194	0.000000	0.000056	80.934760	3.6
1226	1274.270720	0.000000	0.000056	78.666132	3.6
1227	1295.025206	0.000000	0.000056	70.438702	3.4
1228	1223.371345	0.000000	0.000056	81.295757	3.1
1229	1247.276119	0.000000	0.000056	104.849147	3.0
1230	1269.144391	0.000396	0.000056	80.569114	3.1
1231	1253.177778	0.000509	0.000056	96.743214	2.9
1232	1260.242356	0.000000	0.000056	60.863903	3.0
1233	1291.618522	0.000000	0.000056	71.394331	3.0
1234	1272.171880	0.000000	0.000056	70.681356	3.1
1235	1230.938849	0.000000	0.000056	93.036562	3.1
1236	1272.994664	0.000000	0.000056	94.397005	3.2
1237	1276.865493	0.000156	0.000056	89.774483	3.4
1238	1262.785954	0.000000	0.000056	81.641940	3.7
1239	1232.443893	0.000000	0.000056	79.246864	3.5
1240	1246.492612	0.000000	0.000056	89.578645	3.0
1241	1279.316334	0.000000	0.000056	97.067791	2.8
1242	1288.595071	0.000000	0.000056	75.418727	3.0
1243	1238.060948	0.000000	0.000056	155.518525	3.0
1244	1302.659586	0.000000	0.000056	107.804260	3.0
1245	1301.273392	0.001381	0.000056	147.744062	3.1
1246	1278.879423	0.000000	0.000056	69.494205	3.1
1247	1274.282846	0.000000	0.000056	79.488318	3.2
1248	1278.866860	0.000000	0.000056	133.268004	5.5
1249	1309.909251	0.000000	0.000056	107.862455	5.4
1250	1309.791516	0.001188	0.000056	50.662539	5.5
1251	1275.028639	0.000998	0.000056	106.604821	4.3
1252	1262.695316	0.000314	0.000056	72.948994	4.5
1253	1227.677737	0.000000	0.000056	89.554261	3.8
1254	1224.441784	0.000000	0.000056	164.042254	3.7
1255	1188.309347	0.000000	0.000056	108.343355	3.8
1256	1214.449288	0.000000	0.000056	109.844353	3.4
1257	1203.354802	0.000000	0.000056	83.223868	3.5
1258	1278.100769	0.000000	0.000056	186.233938	3.5
1259	1241.824333	0.000937	0.000056	109.939595	3.5
1260	1188.521938	0.003550	0.000056	102.949172	3.2
1261	1234.843397	0.002383	0.000056	98.961770	3.6
1262	1235.266076	0.001075	0.000056	96.225939	5.1
1263	1203.986220	0.001622	0.000056	67.343978	5.0
1264	1253.072291	0.001300	0.000056	105.543753	4.6
1265	1278.359582	0.001370	0.000056	83.971488	4.4
1266	1274.688199	0.001583	0.000056	85.664896	4.0
1267	1249.507190	0.000544	0.000056	80.771257	3.9
1268	1220.673127	0.000000	0.000056	90.855444	3.9
1269	1261.664852	0.000021	0.000056	110.315601	5.6
1270	1251.351863	0.000692	0.000056	97.564653	6.0
1271	1272.313279	0.000000	0.000056	84.722006	5.1
1272	1221.799431	0.000092	0.000056	75.372122	4.2
1273	1216.287764	0.000000	0.000056	49.188399	4.0
1274	1243.220132	0.000000	0.000056	92.823740	4.6
1275	1261.529611	0.000000	0.000056	75.372235	5.4
1276	1245.094273	0.000047	0.000056	67.126544	5.3
1277	1232.546210	0.000000	0.000056	86.474089	4.2
1278	1271.991777	0.000000	0.000056	76.194402	4.2
1279	1253.575104	0.000118	0.000056	68.130636	3.9
1280	1206.612665	0.000000	0.000056	59.490705	3.9
1281	1321.492218	0.000000	0.000056	101.562270	3.8
1282	1268.548261	0.000000	0.000056	79.649517	3.8
1283	1253.240722	0.000000	0.000056	71.505615	3.9
1284	1227.059759	0.000000	0.000056	87.142032	3.7
1285	1205.680978	0.000000	0.000056	123.015721	3.5
1286	1265.592258	0.000898	0.000056	117.951819	4.2
1287	1246.662945	0.001553	0.000056	58.121772	5.2
1288	1243.501777	0.001396	0.000056	65.692544	3.5
1289	1202.148283	0.000936	0.000056	73.599431	3.9
1290	1269.162984	0.000696	0.000056	79.023268	4.1
1291	1247.783086	0.000592	0.000056	55.199058	4.0
1292	1259.706824	0.000361	0.000056	51.206356	3.7
1293	1276.511408	0.000000	0.000056	106.459621	3.8
1294	1217.013521	0.000000	0.000056	83.279778	4.8
1295	1283.776047	0.000000	0.000056	82.374629	5.3
1296	1201.549154	0.000000	0.000056	58.279002	4.8
1297	1194.754493	0.000000	0.000056	76.132619	4.8
1298	1278.129023	0.000000	0.000056	64.035117	4.2
1299	1299.510002	0.000000	0.000056	81.032861	3.9
1300	1244.664303	0.000000	0.000056	119.832188	4.1
1301	1227.476983	0.000072	0.000056	79.074258	3.6
1302	1283.482462	0.000307	0.000056	77.596376	3.7
1303	1294.682239	0.000000	0.000056	85.150995	4.6
1304	1260.415387	0.000000	0.000056	67.228384	4.7
1305	1209.604459	0.000000	0.000056	70.248740	4.6
1306	1228.074960	0.000000	0.000056	63.807631	4.7
1307	1205.470054	0.000000	0.000056	111.715677	4.8
1308	1266.412785	0.000022	0.000056	49.651008	3.9
1309	1246.390190	0.000000	0.000056	56.229190	3.9
1310	1261.492958	0.000000	0.000056	53.394073	3.8
1311	1333.178414	0.000000	0.000056	72.838265	3.9
1312	1252.173248	0.000000	0.000056	125.361304	4.0
1313	1209.432037	0.000000	0.000056	61.143691	3.7
1314	1210.287642	0.000000	0.000056	75.984464	3.6
1315	1238.984847	0.000000	0.000056	139.672295	3.6
1316	1251.040526	0.000843	0.000056	84.154818	3.5
1317	1234.297205	0.000000	0.000056	83.146894	3.9
1318	1282.288108	0.000082	0.000056	72.652251	4.4
1319	1211.366830	0.000000	0.000056	73.834403	4.3
1320	1235.341927	0.000000	0.000056	60.362745	3.2
1321	1261.405722	0.000000	0.000056	60.716239	2.8
1322	1241.091558	0.000000	0.000056	76.151581	2.9
1323	1237.360697	0.000000	0.000056	97.584696	3.0
1324	1269.652313	0.000312	0.000056	56.665803	3.0
1325	1226.875212	0.000000	0.000056	75.234909	3.0
1326	1214.671565	0.000000	0.000056	56.265495	3.0
1327	1234.842001	0.000000	0.000056	50.413320	3.4
1328	1230.791179	0.000000	0.000056	143.722141	3.1
1329	1254.474546	0.000000	0.000056	137.114153	3.1
1330	1224.560711	0.000000	0.000056	60.208863	3.1
1331	1219.602929	0.000000	0.000056	55.089168	3.4
1332	1216.253423	0.000000	0.000056	68.904252	3.3
1333	1256.694010	0.000000	0.000056	136.933167	3.3
1334	1234.164388	0.000000	0.000056	91.199929	3.2
1335	1216.418259	0.000020	0.000056	65.723822	3.2
1336	1290.514993	0.000233	0.000056	148.814393	3.5
1337	1240.093719	0.000000	0.000056	98.299865	3.7
1338	1249.102049	0.000000	0.000056	69.498252	3.6
1339	1189.477807	0.000000	0.000056	62.518970	3.6
1340	1261.447563	0.000000	0.000056	125.626491	3.6
1341	1205.639855	0.000000	0.000056	76.277800	3.5
1342	1224.552358	0.000000	0.000056	86.596256	3.3
1343	1198.930880	0.000000	0.000056	60.953638	3.3
1344	1240.339197	0.000000	0.000056	96.963675	3.3
1345	1257.056716	0.000000	0.000056	76.973750	3.7
1346	1295.977328	0.000000	0.000056	71.505672	3.6
1347	1208.915097	0.000000	0.000056	56.676715	3.5
1348	1250.399769	0.000000	0.000056	64.996322	3.6
1349	1250.841276	0.000000	0.000056	103.865102	3.7
1350	1226.633799	0.000000	0.000056	71.552434	3.6
1351	1246.212795	0.000000	0.000056	59.659575	3.6
1352	1227.630451	0.000000	0.000056	65.834738	3.5
1353	1256.611515	0.000000	0.000056	50.612895	3.7
1354	1252.705170	0.000000	0.000056	113.814510	3.7
1355	1280.358490	0.000000	0.000056	121.615314	3.8
1356	1254.149174	0.000000	0.000056	58.976143	3.9
1357	1214.175626	0.000000	0.000056	110.906481	4.1
1358	1262.952763	0.000000	0.000056	69.553054	4.1
1359	1213.106827	0.000000	0.000056	72.985587	4.0
1360	1232.032995	0.000000	0.000056	64.605282	3.9
1361	1237.838010	0.000000	0.000056	57.852632	3.2
1362	1245.046361	0.000000	0.000056	91.046881	3.1
1363	1253.322595	0.000000	0.000056	64.242722	3.2
1364	1209.532367	0.000000	0.000056	67.166687	3.1
1365	1325.899753	0.000000	0.000056	175.395334	3.1
1366	1214.948548	0.000937	0.000056	77.151432	3.4
1367	1250.591148	0.002331	0.000056	115.301891	3.4
1368	1249.754128	0.001401	0.000056	84.893411	3.4
1369	1235.145499	0.000980	0.000056	87.903632	3.5
1370	1221.696013	0.000000	0.000056	81.428923	5.2
1371	1235.931462	0.000566	0.000056	85.809986	4.2
1372	1235.279040	0.000045	0.000056	84.968547	3.1
1373	1244.229468	0.000343	0.000056	98.467506	3.2
1374	1222.477561	0.000015	0.000056	147.543373	3.1
1375	1236.336205	0.001078	0.000056	61.607056	3.1
1376	1251.112291	0.000703	0.000056	74.476170	3.1
1377	1299.164254	0.000000	0.000056	176.284851	3.3
1378	1222.345404	0.000000	0.000056	61.489131	3.2
1379	1304.385550	0.000663	0.000056	72.556228	3.2
1380	1186.980240	0.000356	0.000056	54.347789	3.2
1381	1198.310414	0.000196	0.000056	93.948333	3.3
1382	1250.836533	0.000000	0.000056	109.442916	3.7
1383	1227.498778	0.000527	0.000056	130.550222	3.6
1384	1230.538256	0.002014	0.000056	51.885068	3.7
1385	1235.466822	0.001236	0.000056	48.762440	3.7
1386	1285.463424	0.000887	0.000056	64.652208	3.6
1387	1250.609474	0.000513	0.000056	60.608214	3.4
1388	1273.851004	0.000000	0.000056	70.329397	3.3
1389	1217.823462	0.000000	0.000056	65.995433	3.3
1390	1217.816434	0.000000	0.000056	99.205519	3.7
1391	1256.682506	0.000423	0.000056	50.387468	3.9
1392	1245.095248	0.000000	0.000056	115.061686	3.8
1393	1225.967114	0.000000	0.000056	78.350046	3.6
1394	1253.501714	0.000000	0.000056	86.769840	3.6
1395	1245.221538	0.000000	0.000056	105.835405	3.6
1396	1256.073081	0.000000	0.000056	81.241207	3.5
1397	1184.508187	0.000465	0.000056	72.585263	3.5
1398	1189.402947	0.000088	0.000056	118.120678	3.6
1399	1226.042067	0.000505	0.000056	100.039825	3.6
1400	1183.018863	0.000396	0.000056	47.662604	3.6
1401	1225.255199	0.000191	0.000056	87.998599	3.5
1402	1212.900528	0.000000	0.000056	77.343670	3.5
1403	1244.829841	0.000103	0.000056	68.891673	3.5
1404	1190.023332	0.000000	0.000056	63.240292	3.5
1405	1212.205919	0.000000	0.000056	82.183802	3.5
1406	1305.858735	0.000000	0.000056	240.991259	3.6
1407	1224.963798	0.000000	0.000056	70.659350	3.7
1408	1166.159734	0.001079	0.000056	137.389704	3.7
1409	1262.927662	0.000277	0.000056	72.570135	5.3
1410	1223.777082	0.000000	0.000056	66.436975	5.6
1411	1202.240045	0.000000	0.000056	51.360142	4.9
1412	1241.891311	0.000000	0.000056	75.732487	4.7
1413	1248.857901	0.000000	0.000056	74.329702	4.3
1414	1231.468154	0.000000	0.000056	61.070796	4.1
1415	1262.682632	0.000000	0.000056	91.393565	5.8
1416	1239.269245	0.000000	0.000056	93.824309	5.5
1417	1229.450346	0.000000	0.000056	99.797665	5.1
1418	1288.437489	0.000000	0.000056	61.754023	5.0
1419	1190.901874	0.000000	0.000056	139.333035	4.4
1420	1257.538134	0.000000	0.000056	135.295870	4.1
1421	1252.047955	0.002780	0.000056	47.897231	4.5
1422	1230.349967	0.002083	0.000056	51.781302	5.6
1423	1232.615474	0.001706	0.000056	107.233368	5.2
1424	1180.775190	0.001755	0.000056	49.459137	4.0
1425	1271.390681	0.001247	0.000056	52.293711	4.1
1426	1244.627398	0.000948	0.000056	113.288043	4.1
1427	1195.589034	0.000162	0.000056	95.014832	3.8
1428	1245.944390	0.000977	0.000056	52.459461	3.1
1429	1268.988553	0.000254	0.000056	71.745845	2.8
1430	1193.418048	0.000000	0.000056	63.877390	2.8
1431	1190.204058	0.000000	0.000056	50.627152	2.8
1432	1324.202732	0.000000	0.000056	114.751011	2.8
1433	1235.898580	0.000081	0.000056	102.744973	2.8
1434	1261.322102	0.000000	0.000056	93.335879	3.0
1435	1197.201160	0.000000	0.000056	54.010178	5.4
1436	1206.338279	0.000000	0.000056	51.029328	5.4
1437	1191.030889	0.000000	0.000056	64.607637	4.3
1438	1230.882607	0.000000	0.000056	131.056691	4.3
1439	1255.792693	0.000000	0.000056	79.025266	4.1
1440	1249.927501	0.000000	0.000056	83.079072	4.3
1441	1251.446042	0.000135	0.000056	73.148422	4.4
1442	1193.574129	0.000000	0.000056	71.052728	4.6
1443	1213.118002	0.000000	0.000056	82.929460	4.6
1444	1225.230618	0.000000	0.000056	105.107568	3.7
1445	1202.321472	0.000000	0.000056	85.014442	3.8
1446	1178.272768	0.000000	0.000056	60.782713	3.6
1447	1221.175545	0.000000	0.000056	93.598433	3.5
1448	1233.323074	0.000358	0.000056	48.803020	3.5
1449	1236.686179	0.000000	0.000056	46.078197	3.5
1450	1291.071838	0.000000	0.000056	54.552212	3.3
1451	1200.730684	0.000000	0.000056	108.404039	3.3
1452	1238.314489	0.000000	0.000056	49.478434	3.3
1453	1228.798193	0.000000	0.000056	82.563863	3.3
1454	1241.708831	0.000000	0.000056	71.267588	3.3
1455	1209.881594	0.000114	0.000056	74.072568	3.4
1456	1232.005455	0.000000	0.000056	84.448197	3.4
1457	1274.251236	0.000350	0.000056	171.607985	3.3
1458	1204.743052	0.000309	0.000056	70.471715	3.3
1459	1218.863315	0.001143	0.000056	49.316861	3.4
1460	1233.035683	0.001105	0.000056	53.699493	3.3
1461	1204.449352	0.000903	0.000056	47.232260	3.3
1462	1200.928376	0.000590	0.000056	85.006495	3.3
1463	1234.237981	0.000263	0.000056	66.638771	3.3
1464	1233.488005	0.000000	0.000056	67.854926	3.3
1465	1279.397850	0.000000	0.000056	64.791110	3.2
1466	1199.536050	0.000033	0.000056	84.613015	3.2
1467	1241.486130	0.000000	0.000056	68.018296	3.3
1468	1198.916970	0.000133	0.000056	77.694108	3.4
1469	1219.942705	0.000000	0.000056	44.636207	3.4
1470	1203.815305	0.000000	0.000056	82.422541	4.3
1471	1273.374296	0.000000	0.000056	45.850419	2.7
1472	1195.188843	0.000000	0.000056	62.183408	2.7
1473	1186.896221	0.000000	0.000056	75.031882	2.8
1474	1251.534857	0.000000	0.000056	54.335188	3.4
1475	1220.427420	0.000000	0.000056	102.555426	2.9
1476	1216.378496	0.000000	0.000056	51.167133	2.9
1477	1173.247475	0.000000	0.000056	58.927549	4.6
1478	1254.322177	0.000000	0.000056	145.911630	3.2
1479	1259.428273	0.000000	0.000056	79.842005	3.4
1480	1266.536745	0.000000	0.000056	56.746823	3.5
1481	1191.171038	0.000000	0.000056	48.099160	3.5
1482	1193.681870	0.000000	0.000056	54.278837	3.4
1483	1280.403154	0.000000	0.000056	116.152107	2.9
1484	1204.155777	0.000000	0.000056	112.930698	3.3
1485	1197.873912	0.001626	0.000056	60.422985	2.9
1486	1187.919333	0.001998	0.000056	111.876258	2.9
1487	1195.236514	0.002285	0.000056	62.186978	2.9
1488	1237.449015	0.001777	0.000056	48.078101	2.9
1489	1187.507649	0.001625	0.000056	53.922348	3.2
1490	1214.188598	0.001225	0.000056	75.133162	3.2
1491	1252.517883	0.000752	0.000056	88.735419	3.2
1492	1273.519849	0.000269	0.000056	47.038378	3.2
1493	1279.534408	0.000000	0.000056	89.431717	3.3
1494	1175.263984	0.000000	0.000056	113.678263	3.3
1495	1267.056445	0.000907	0.000056	65.276359	3.4
1496	1239.087256	0.000299	0.000056	47.001884	3.6
1497	1209.057788	0.000000	0.000056	62.797411	3.6
1498	1261.991186	0.000000	0.000056	170.462376	3.6
1499	1221.264235	0.000000	0.000056	74.899741	3.6
1500	1189.463840	0.001237	0.000056	116.066745	3.6
1501	1206.509601	0.001379	0.000056	70.260325	3.4
1502	1207.893326	0.000419	0.000056	44.931828	3.4
1503	1206.007577	0.000167	0.000056	94.912813	3.4
1504	1182.723282	0.000000	0.000056	72.185565	3.3
1505	1261.835816	0.000000	0.000056	108.189143	3.4
1506	1250.217187	0.000000	0.000056	79.690350	3.3
1507	1201.635168	0.000000	0.000056	65.137526	3.6
1508	1222.613446	0.000000	0.000056	54.350806	3.7
1509	1194.140602	0.000000	0.000056	67.232299	3.6
1510	1221.537267	0.000000	0.000056	85.256241	3.1
1511	1239.555986	0.000000	0.000056	94.108479	3.0
1512	1268.744304	0.000722	0.000056	53.093200	3.1
1513	1261.704527	0.000508	0.000056	86.282638	3.2
1514	1225.958161	0.000199	0.000056	75.293975	3.3
1515	1265.856395	0.000000	0.000056	47.896112	3.2
1516	1206.618301	0.000000	0.000056	96.153163	3.3
1517	1245.714190	0.000000	0.000056	90.305272	3.3
1518	1217.212581	0.000000	0.000056	68.327921	3.4
1519	1283.457590	0.000000	0.000056	78.142947	3.5
1520	1203.481436	0.000000	0.000056	42.090981	3.5
1521	1220.115872	0.000000	0.000056	127.970213	4.3
1522	1219.452773	0.000000	0.000056	103.491952	3.7
1523	1201.700319	0.001403	0.000056	95.047241	3.7
1524	1243.715549	0.000000	0.000056	57.789109	3.7
1525	1267.266030	0.000151	0.000056	131.540881	3.7
1526	1202.346556	0.000000	0.000056	99.411851	3.7
1527	1235.547786	0.000840	0.000056	70.047619	5.4
1528	1207.676812	0.001299	0.000056	66.963446	3.5
1529	1205.675550	0.000608	0.000056	49.961834	4.1
1530	1210.172671	0.000370	0.000056	76.654247	4.3
1531	1295.114612	0.000353	0.000056	89.325248	4.2
1532	1213.129714	0.000000	0.000056	60.929628	5.5
1533	1200.335406	0.000075	0.000056	67.333326	5.7
1534	1249.657646	0.000000	0.000056	90.860909	4.2
1535	1199.161927	0.000031	0.000056	61.754751	5.5
1536	1217.301630	0.000000	0.000056	69.341590	4.8
1537	1208.972188	0.000000	0.000056	105.456807	5.2
1538	1166.318587	0.000572	0.000056	103.933626	5.5
1539	1194.094114	0.000000	0.000056	74.116833	4.7
1540	1218.668681	0.000000	0.000056	71.890090	4.4
1541	1176.148105	0.000281	0.000056	62.071942	4.1
1542	1248.490807	0.000000	0.000056	50.940034	3.7
1543	1269.767439	0.000000	0.000056	49.779851	4.6
1544	1227.642815	0.000000	0.000056	112.628386	4.0
1545	1253.217165	0.000149	0.000056	133.961945	4.0
1546	1201.378802	0.002210	0.000056	80.730257	3.8
1547	1272.672610	0.001464	0.000056	89.165426	3.7
1548	1216.350874	0.000886	0.000056	51.104904	3.7
1549	1178.272699	0.000903	0.000056	91.232366	3.6
1550	1198.326535	0.000958	0.000056	48.645081	3.6
1551	1180.529005	0.000480	0.000056	41.985241	3.7
1552	1239.215013	0.000192	0.000056	84.296061	5.6
1553	1197.212480	0.000119	0.000056	68.465256	5.5
1554	1179.818219	0.000611	0.000056	93.431976	5.5
1555	1198.715123	0.000108	0.000056	51.567841	5.4
1556	1280.926220	0.000000	0.000056	57.611840	5.0
1557	1189.031217	0.000000	0.000056	106.267971	4.9
1558	1265.682874	0.000000	0.000056	142.874456	4.6
1559	1224.297596	0.000249	0.000056	46.819478	4.5
1560	1206.960861	0.000497	0.000056	72.035885	3.9
1561	1246.915648	0.000422	0.000056	90.916271	4.0
1562	1203.760640	0.000000	0.000056	139.842083	3.9
1563	1199.163747	0.000535	0.000056	111.270071	3.8
1564	1253.995443	0.000000	0.000056	157.123444	3.7
1565	1244.001496	0.002571	0.000056	65.796115	3.4
1566	1217.266587	0.001294	0.000056	129.916135	3.4
1567	1214.108869	0.001984	0.000056	89.697828	3.4
1568	1255.245633	0.002583	0.000056	80.776270	3.6
1569	1217.062642	0.002192	0.000056	122.590124	3.7
1570	1184.976150	0.003364	0.000056	55.697513	3.8
1571	1209.657429	0.003839	0.000056	49.556734	4.1
1572	1203.322819	0.003535	0.000056	103.794423	3.6
1573	1218.946705	0.003083	0.000056	130.848587	3.8
1574	1215.502441	0.003563	0.000056	113.649990	3.6
1575	1212.407499	0.002970	0.000056	111.291105	3.4
1576	1180.626999	0.001344	0.000056	83.858255	4.3
1577	1193.936657	0.000000	0.000056	53.251989	3.3
1578	1188.261640	0.000000	0.000056	47.407279	3.3
1579	1203.055942	0.000000	0.000056	85.505021	3.7
1580	1179.573495	0.000000	0.000056	81.922855	5.5
1581	1186.382739	0.000000	0.000056	89.637771	4.9
1582	1198.735110	0.000454	0.000056	44.993364	4.4
1583	1256.991657	0.000393	0.000056	124.296368	4.7
1584	1207.529453	0.000441	0.000056	62.271820	4.8
1585	1244.176358	0.000993	0.000056	94.515335	5.8
1586	1222.642801	0.001368	0.000056	40.005691	5.5
1587	1162.326566	0.001218	0.000056	64.279769	5.3
1588	1264.122677	0.000958	0.000056	56.027601	3.0
1589	1195.942491	0.001015	0.000056	41.801593	3.5
1590	1201.854961	0.000837	0.000056	55.844492	3.4
1591	1195.344580	0.000594	0.000056	102.413631	3.4
1592	1235.216768	0.001050	0.000056	63.508420	2.9
1593	1234.477454	0.001036	0.000056	57.619362	2.9
1594	1244.262624	0.000538	0.000056	51.753331	2.9
1595	1183.861243	0.000174	0.000056	59.219752	3.0
1596	1232.081039	0.000000	0.000056	70.518588	3.0
1597	1195.196983	0.000000	0.000056	54.522739	3.1
1598	1180.589217	0.000000	0.000056	61.811749	3.1
1599	1178.878483	0.000000	0.000056	88.240600	3.3
1600	1169.507736	0.000000	0.000056	73.526049	5.1
1601	1248.374004	0.000490	0.000056	52.518488	5.5
1602	1238.613491	0.000000	0.000056	60.808953	4.6
1603	1200.858984	0.000000	0.000056	44.345189	4.7
1604	1187.331337	0.000000	0.000056	64.201274	4.8
1605	1196.316797	0.000000	0.000056	37.474126	4.3
1606	1211.549534	0.000000	0.000056	47.440400	4.3
1607	1229.069728	0.000000	0.000056	42.886782	5.7
1608	1231.312744	0.000000	0.000056	151.178290	5.7
1609	1238.196374	0.000253	0.000056	135.714123	4.5
1610	1176.779060	0.000000	0.000056	96.528056	4.4
1611	1222.947936	0.001045	0.000056	49.497696	4.3
1612	1157.283643	0.000485	0.000056	72.795977	5.4
1613	1232.517590	0.000122	0.000056	118.896676	5.5
1614	1190.096017	0.000249	0.000056	58.259658	5.5
1615	1192.763303	0.000000	0.000056	111.500523	4.6
1616	1181.630077	0.000000	0.000056	84.216374	4.3
1617	1233.563412	0.000000	0.000056	89.545697	4.4
1618	1236.384745	0.000000	0.000056	104.492581	4.6
1619	1189.002788	0.000920	0.000056	62.661008	4.7
1620	1205.983985	0.001367	0.000056	42.496952	5.1
1621	1245.231014	0.001056	0.000056	61.260279	5.1
1622	1204.076748	0.000832	0.000056	67.056094	4.1
1623	1247.639935	0.000471	0.000056	46.208026	4.2
1624	1231.306191	0.000283	0.000056	44.407899	4.0
1625	1238.811824	0.000201	0.000056	88.283914	4.1
1626	1192.826309	0.000000	0.000056	111.321465	5.6
1627	1227.389268	0.001041	0.000056	63.849230	5.5
1628	1229.752509	0.001158	0.000056	133.818159	4.5
1629	1249.115387	0.000000	0.000056	44.730626	4.4
1630	1185.395584	0.000000	0.000056	49.178760	4.6
1631	1240.306553	0.000000	0.000056	55.645705	4.5
1632	1212.377181	0.000000	0.000056	61.933531	4.6
1633	1199.641218	0.000000	0.000056	34.775884	4.1
1634	1222.401044	0.000000	0.000056	46.957083	4.1
1635	1265.710324	0.000000	0.000056	56.983838	3.6
1636	1229.483545	0.000000	0.000056	90.731798	3.8
1637	1201.232121	0.000000	0.000056	55.013118	3.6
1638	1181.394793	0.000280	0.000056	73.502187	3.4
1639	1242.192522	0.000000	0.000056	47.235711	3.6
1640	1195.224358	0.000000	0.000056	84.479318	5.4
1641	1217.707779	0.000014	0.000056	47.338639	5.3
1642	1224.322990	0.000000	0.000056	114.237274	5.3
1643	1208.798393	0.000000	0.000056	78.235142	5.3
1644	1211.408957	0.000000	0.000056	55.071264	4.2
1645	1166.102398	0.000000	0.000056	45.204678	4.2
1646	1266.215177	0.000000	0.000056	156.372654	4.0
1647	1254.998968	0.000125	0.000056	76.187659	3.9
1648	1185.393181	0.000000	0.000056	98.952055	3.8
1649	1229.086608	0.000259	0.000056	49.995343	3.7
1650	1248.275070	0.000000	0.000056	61.708612	5.8
1651	1204.877969	0.000000	0.000056	49.541618	5.2
1652	1196.247109	0.000000	0.000056	91.082418	3.9
1653	1198.440807	0.000000	0.000056	88.422577	3.6
1654	1205.647861	0.000000	0.000056	101.971913	3.2
1655	1240.072730	0.000000	0.000056	92.186216	3.2
1656	1202.785207	0.000000	0.000056	65.404092	3.2
1657	1166.273930	0.000000	0.000056	104.267863	3.0
1658	1198.637798	0.000029	0.000056	75.054944	3.1
1659	1180.378139	0.000003	0.000056	86.248879	3.1
1660	1215.560917	0.000000	0.000056	57.176239	5.1
1661	1242.202193	0.000000	0.000056	89.461244	3.5
1662	1209.025486	0.000000	0.000056	105.120935	3.8
1663	1176.770393	0.000925	0.000056	93.861452	4.0
1664	1187.334112	0.002224	0.000056	48.196767	3.7
1665	1194.662866	0.002449	0.000056	96.633712	3.2
1666	1169.394446	0.001803	0.000056	44.287906	3.2
1667	1212.036536	0.001361	0.000056	132.139342	3.2
1668	1227.934523	0.001635	0.000056	57.600432	3.2
1669	1196.051070	0.002341	0.000056	127.539133	6.2
1670	1228.353775	0.001297	0.000056	60.152322	4.9
1671	1163.876121	0.001920	0.000056	46.748323	5.7
1672	1209.996265	0.001895	0.000056	88.876393	5.5
1673	1182.271740	0.001593	0.000056	72.744835	5.8
1674	1155.587355	0.002234	0.000056	57.905484	5.6
1675	1179.284365	0.002455	0.000056	72.932329	6.0
1676	1235.425188	0.002336	0.000056	73.937438	5.3
1677	1212.585082	0.001898	0.000056	36.556508	5.3
1678	1186.389804	0.001675	0.000056	84.140788	5.8
1679	1183.078792	0.001520	0.000056	40.330617	5.7
1680	1264.560927	0.001189	0.000056	211.992883	4.5
1681	1170.849452	0.000362	0.000056	68.435077	5.4
1682	1191.844479	0.002270	0.000056	93.623241	5.7
1683	1220.485052	0.001464	0.000056	81.626786	5.4
1684	1160.648930	0.002416	0.000056	65.168010	4.2
1685	1191.732537	0.002784	0.000056	50.484711	4.7
1686	1195.969596	0.002763	0.000056	80.196377	5.6
1687	1152.674429	0.002413	0.000056	67.167498	5.5
1688	1197.672724	0.002770	0.000056	179.054818	5.5
1689	1210.438663	0.001316	0.000056	67.960681	4.9
1690	1210.915305	0.002431	0.000056	99.200281	4.7
1691	1210.704037	0.002924	0.000056	37.404630	4.2
1692	1304.127666	0.002766	0.000056	166.750065	4.2
1693	1218.819825	0.002412	0.000056	41.988457	3.9
1694	1217.411932	0.002354	0.000056	39.108097	3.8
1695	1184.161541	0.002181	0.000056	55.948543	3.7
1696	1201.234234	0.002080	0.000056	59.680483	3.6
1697	1185.954094	0.001942	0.000056	82.224583	3.6
1698	1114.939526	0.001730	0.000056	65.480470	3.6
1699	1204.554427	0.001329	0.000056	42.646287	3.5
1700	1205.877098	0.001218	0.000056	68.071529	3.4
1701	1191.297382	0.000956	0.000056	58.963032	3.4
1702	1206.510253	0.001116	0.000056	96.456441	3.4
1703	1200.717906	0.001389	0.000056	60.542536	3.4
1704	1219.032833	0.000891	0.000056	125.670737	3.8
1705	1158.682554	0.000000	0.000056	70.032407	3.8
1706	1181.806412	0.000499	0.000056	38.988294	3.6
1707	1205.359157	0.000404	0.000056	67.242047	3.5
1708	1211.728192	0.000309	0.000056	133.813866	3.5
1709	1229.925590	0.000000	0.000056	80.226975	3.5
1710	1209.546262	0.001117	0.000056	96.326795	3.5
1711	1209.526559	0.000082	0.000056	109.886991	3.6
1712	1153.573941	0.001239	0.000056	101.731219	3.9
1713	1201.172462	0.002608	0.000056	70.510743	6.9
1714	1194.094701	0.003089	0.000056	97.577901	5.4
1715	1140.695687	0.002852	0.000056	119.789764	5.8
1716	1166.933291	0.004491	0.000056	58.192850	5.9
1717	1195.303156	0.005278	0.000056	53.632935	5.6
1718	1229.828143	0.005318	0.000056	95.908417	4.5
1719	1232.724665	0.005775	0.000056	97.224823	5.8
1720	1183.964633	0.004866	0.000056	84.454983	5.8
1721	1166.218145	0.005386	0.000056	110.149159	5.3
1722	1230.066494	0.005494	0.000056	53.072783	4.6
1723	1237.968959	0.004651	0.000056	114.958776	4.5
1724	1210.443607	0.004711	0.000056	64.061995	5.8
1725	1192.520445	0.004349	0.000056	114.087916	5.5
1726	1185.449343	0.003284	0.000056	45.155851	5.5
1727	1155.891804	0.003405	0.000056	128.572969	4.7
1728	1185.742242	0.002754	0.000056	75.396333	5.5
1729	1230.678643	0.001699	0.000056	60.502741	5.0
1730	1260.313506	0.001715	0.000056	127.121894	5.0
1731	1189.494738	0.001268	0.000056	47.478670	4.0
1732	1189.094406	0.001232	0.000056	39.748486	4.0
1733	1191.602185	0.001114	0.000056	91.565989	4.0
1734	1216.272260	0.000784	0.000056	124.972897	3.5
1735	1233.669970	0.002081	0.000056	62.971704	3.5
1736	1214.765841	0.002394	0.000056	58.935825	3.5
1737	1181.987647	0.002376	0.000056	65.690806	3.4
1738	1208.675740	0.002446	0.000056	75.916453	3.4
1739	1179.511214	0.002640	0.000056	56.202917	3.3
1740	1225.708437	0.002755	0.000056	58.399438	3.2
1741	1248.788527	0.002565	0.000056	163.661891	3.1
1742	1238.910719	0.003277	0.000056	64.798814	3.1
1743	1227.130822	0.001973	0.000056	57.412557	3.2
1744	1218.558578	0.001959	0.000056	50.074792	3.1
1745	1193.034600	0.001953	0.000056	69.918224	3.1
1746	1242.324684	0.001948	0.000056	56.927883	3.1
1747	1200.737470	0.002021	0.000056	48.752087	3.1
1748	1223.724712	0.001902	0.000056	67.096156	3.1
1749	1245.193703	0.001908	0.000056	52.974542	3.2
1750	1206.238113	0.001808	0.000056	70.073093	3.1
1751	1178.261034	0.001347	0.000056	100.502767	3.2
1752	1171.823288	0.001212	0.000056	44.586262	3.3
1753	1215.462912	0.001056	0.000056	105.642024	5.4
1754	1244.250468	0.001170	0.000056	47.090371	5.5
1755	1260.471778	0.001316	0.000056	116.871282	5.7
1756	1246.358617	0.001794	0.000056	160.848629	5.1
1757	1208.377997	0.000000	0.000056	61.395792	5.3
1758	1139.061148	0.001206	0.000056	104.146370	4.1
1759	1204.382226	0.000244	0.000056	89.375790	4.1
1760	1181.735241	0.001308	0.000056	81.971436	5.5
1761	1174.632145	0.000797	0.000056	98.967487	6.2
1762	1201.719245	0.001799	0.000056	58.410199	6.0
1763	1212.495095	0.002209	0.000056	135.078356	5.4
1764	1197.207613	0.002218	0.000056	62.224590	5.4
1765	1158.838013	0.002918	0.000056	56.794012	5.8
1766	1191.689535	0.002832	0.000056	113.320226	5.4
1767	1202.482665	0.002379	0.000056	47.919406	5.3
1768	1201.261910	0.002113	0.000056	110.596783	4.7
1769	1228.895438	0.002460	0.000056	94.959179	4.7
1770	1198.652272	0.001678	0.000056	73.840187	4.6
1771	1216.761891	0.000734	0.000056	65.617451	4.7
1772	1223.526400	0.000059	0.000056	67.712838	4.6
1773	1230.652085	0.000000	0.000056	127.079680	4.4
1774	1235.198710	0.000241	0.000056	63.417414	4.9
1775	1177.166395	0.000000	0.000056	49.313137	3.1
1776	1207.749402	0.000048	0.000056	48.242216	3.1
1777	1243.545251	0.000000	0.000056	61.855613	3.1
1778	1263.028862	0.000000	0.000056	78.954829	3.1
1779	1206.008393	0.000000	0.000056	53.909587	3.2
1780	1211.100310	0.000222	0.000056	57.067290	3.3
1781	1160.364290	0.000000	0.000056	99.658124	3.4
1782	1153.120319	0.000000	0.000056	77.840687	3.4
1783	1220.626168	0.000502	0.000056	58.576014	3.7
1784	1196.080021	0.000202	0.000056	44.867067	3.7
1785	1186.864639	0.000109	0.000056	44.018566	3.8
1786	1183.806366	0.000000	0.000056	125.714983	3.7
1787	1138.893138	0.000000	0.000056	61.640131	3.7
1788	1255.336667	0.000019	0.000056	76.861274	3.5
1789	1164.907960	0.000324	0.000056	182.079195	4.0
1790	1154.095484	0.001940	0.000056	70.207298	3.9
1791	1227.692367	0.000940	0.000056	108.748302	5.2
1792	1200.747813	0.001525	0.000056	34.641891	5.1
1793	1206.326054	0.001545	0.000056	71.094052	4.2
1794	1231.979762	0.001234	0.000056	73.631624	4.2
1795	1227.388298	0.001692	0.000056	101.562654	5.4
1796	1172.334759	0.000860	0.000056	45.713431	4.9
1797	1241.481689	0.001094	0.000056	57.796299	5.2
1798	1200.818454	0.000701	0.000056	74.128081	5.7
1799	1191.472174	0.000367	0.000056	48.377619	5.4
1800	1181.097331	0.000000	0.000056	115.697746	5.0
1801	1200.496486	0.000000	0.000056	158.482593	4.3
1802	1214.884468	0.002817	0.000056	70.160590	4.2
1803	1245.175107	0.001411	0.000056	50.192050	3.8
1804	1229.313086	0.001002	0.000056	57.715726	3.7
1805	1212.863534	0.000583	0.000056	77.746856	3.9
1806	1199.569222	0.000611	0.000056	82.244564	5.3
1807	1213.038701	0.000017	0.000056	73.449123	3.9
1808	1168.397104	0.000608	0.000056	73.272748	4.7
1809	1174.291078	0.000949	0.000056	47.898266	4.9
1810	1221.508412	0.001076	0.000056	37.035267	3.9
1811	1223.333373	0.001027	0.000056	58.165677	7.5
1812	1189.490992	0.000806	0.000056	126.838308	4.3
1813	1166.424795	0.000944	0.000056	94.452651	4.3
1814	1246.929823	0.002707	0.000056	42.560486	7.8
1815	1193.887026	0.002824	0.000056	150.571084	5.2
1816	1201.152140	0.003109	0.000056	61.585805	4.4
1817	1172.446509	0.001929	0.000056	103.954614	2.5
1818	1179.237310	0.001837	0.000056	85.126526	3.4
1819	1181.639598	0.001200	0.000056	68.932628	4.4
1820	1178.785102	0.001453	0.000056	57.371173	4.0
1821	1167.293940	0.001169	0.000056	82.182682	3.6
1822	1176.825703	0.000511	0.000056	66.469691	4.8
1823	1197.139571	0.000000	0.000056	78.742354	5.4
1824	1164.551950	0.000086	0.000056	54.911631	5.2
1825	1184.920059	0.000295	0.000056	114.778503	4.1
1826	1194.432517	0.000909	0.000056	54.002037	4.0
1827	1180.072318	0.000711	0.000056	64.067857	4.0
1828	1205.208669	0.000953	0.000056	53.057851	4.0
1829	1170.575799	0.001117	0.000056	34.895457	4.1
1830	1171.526500	0.000984	0.000056	98.770754	3.2
1831	1248.164075	0.000895	0.000056	35.270794	3.2
1832	1215.689040	0.000495	0.000056	79.240508	3.1
1833	1147.457320	0.000165	0.000056	49.153692	4.6
1834	1221.503729	0.000000	0.000056	46.046244	4.0
1835	1180.416184	0.000000	0.000056	49.875804	3.7
1836	1214.920232	0.000022	0.000056	59.775803	3.8
1837	1205.474288	0.000000	0.000056	50.880512	4.8
1838	1189.106885	0.000011	0.000056	87.106160	4.8
1839	1116.952112	0.000000	0.000056	53.624710	4.1
1840	1245.694242	0.000227	0.000056	119.449369	5.7
1841	1160.238819	0.000746	0.000056	88.767485	6.9
1842	1194.114323	0.001840	0.000056	40.177818	4.7
1843	1241.363482	0.001451	0.000056	93.116094	4.7
1844	1129.338457	0.001625	0.000056	72.728707	6.5
1845	1218.021382	0.001469	0.000056	43.932966	6.0
1846	1224.656642	0.001696	0.000056	76.249921	5.5
1847	1224.615667	0.001760	0.000056	60.165586	5.4
1848	1192.172204	0.001986	0.000056	35.622442	5.8
1849	1205.816332	0.001785	0.000056	58.668890	5.6
1850	1142.055066	0.001654	0.000056	45.198371	7.5
1851	1146.498905	0.001590	0.000056	60.120856	3.2
1852	1203.449734	0.001435	0.000056	92.813575	3.2
1853	1215.248899	0.001684	0.000056	61.438654	6.5
1854	1186.941442	0.001492	0.000056	89.327080	4.3
1855	1204.883104	0.000647	0.000056	79.234163	4.9
1856	1145.899942	0.001210	0.000056	94.349570	4.5
1857	1205.882777	0.000680	0.000056	59.481790	3.6
1858	1222.724637	0.000857	0.000056	55.743694	3.4
1859	1190.965279	0.000480	0.000056	53.803369	6.1
1860	1192.253114	0.000649	0.000056	42.312742	4.0
1861	1155.557114	0.000640	0.000056	131.769544	3.8
1862	1219.759890	0.000866	0.000056	67.867945	4.1
1863	1171.540276	0.000000	0.000056	52.943999	4.3
1864	1164.425588	0.000000	0.000056	36.859444	5.3
1865	1177.023001	0.000000	0.000056	46.691612	5.2
1866	1247.736604	0.000000	0.000056	103.275868	4.7
1867	1144.857548	0.000000	0.000056	165.019491	4.5
1868	1213.674984	0.002808	0.000056	145.458829	3.8
1869	1214.380941	0.005620	0.000056	69.434124	3.8
1870	1223.611625	0.004343	0.000056	76.964933	4.1
1871	1217.683934	0.004293	0.000056	73.168169	4.0
1872	1162.505320	0.003625	0.000056	50.634842	4.2
1873	1164.338600	0.003072	0.000056	63.189103	3.1
1874	1166.608349	0.002943	0.000056	37.518864	3.1
1875	1262.812606	0.002724	0.000056	44.181412	3.1
1876	1197.890828	0.002563	0.000056	82.761040	6.3
1877	1208.604769	0.002184	0.000056	50.475975	2.9
1878	1167.891953	0.002181	0.000056	135.325508	3.5
1879	1152.928277	0.001295	0.000056	89.513762	3.4
1880	1202.753048	0.002006	0.000056	54.361223	3.4
1881	1141.734778	0.002324	0.000056	76.143578	6.5
1882	1217.582954	0.002043	0.000056	32.616112	4.0
1883	1181.946635	0.001958	0.000056	33.586569	5.0
1884	1201.812730	0.001786	0.000056	79.659279	4.8
1885	1199.971767	0.001482	0.000056	48.667161	3.6
1886	1255.590071	0.001339	0.000056	107.626659	3.7
1887	1151.435527	0.000561	0.000056	37.214176	3.7
1888	1208.256546	0.000293	0.000056	39.528968	3.0
1889	1180.185986	0.000087	0.000056	48.333826	7.8
1890	1200.774533	0.000000	0.000056	37.814365	2.5
1891	1208.726324	0.000000	0.000056	38.400513	2.5
1892	1150.450737	0.000000	0.000056	100.020039	3.1
1893	1202.822264	0.000000	0.000056	75.929883	3.4
1894	1219.425434	0.000000	0.000056	94.234589	3.3
1895	1193.456828	0.000000	0.000056	181.585466	4.1
1896	1158.705590	0.000000	0.000056	49.440001	3.8
1897	1237.807342	0.000000	0.000056	65.564856	4.0
1898	1237.593115	0.000000	0.000056	58.733168	4.3
1899	1167.114013	0.000000	0.000056	128.549372	5.2
1900	1269.916245	0.000677	0.000056	178.705861	5.1
1901	1179.361082	0.004107	0.000056	97.440615	2.8
1902	1197.668937	0.006565	0.000056	71.195649	2.8
1903	1211.360885	0.005681	0.000056	36.215570	3.3
1904	1117.675704	0.005413	0.000056	63.208083	3.4
1905	1150.832721	0.005137	0.000056	25.321115	3.3
1906	1114.880984	0.005010	0.000056	101.055778	3.3
1907	1189.374747	0.004859	0.000056	76.950950	4.1
1908	1210.502545	0.005729	0.000056	68.479512	3.6
1909	1212.720705	0.004902	0.000056	49.993148	3.8
1910	1220.731073	0.004446	0.000056	99.801093	6.0
1911	1187.664234	0.003815	0.000056	122.963083	3.8
1912	1151.312120	0.005591	0.000056	100.488769	5.0
1913	1206.489723	0.003960	0.000056	121.415453	2.9
1914	1181.079263	0.003327	0.000056	35.425756	6.1
1915	1218.253520	0.003046	0.000056	35.255997	3.0
1916	1192.692257	0.002913	0.000056	56.851806	3.1
1917	1151.784830	0.002644	0.000056	44.463767	3.5
1918	1216.611762	0.002680	0.000056	43.379996	6.7
1919	1176.841270	0.002573	0.000056	67.760466	4.1
1920	1177.154073	0.002165	0.000056	54.340600	4.2
1921	1199.030355	0.002322	0.000056	83.640625	5.5
1922	1159.715046	0.002693	0.000056	135.914390	5.2
1923	1183.019671	0.002408	0.000056	204.505340	5.1
1924	1190.909929	0.006864	0.000056	44.948468	5.3
1925	1225.729899	0.007255	0.000056	54.657513	5.3
1926	1224.268815	0.007091	0.000056	63.563629	5.5
1927	1228.742740	0.007217	0.000056	115.075404	5.7
1928	1193.782230	0.006383	0.000056	86.977373	6.0
1929	1176.275303	0.007567	0.000056	59.422398	5.4
1930	1206.980340	0.007958	0.000056	96.997870	3.6
1931	1171.460024	0.007211	0.000056	36.584887	3.6
1932	1142.244608	0.007340	0.000056	99.083083	3.4
1933	1193.007623	0.006942	0.000056	43.979373	3.3
1934	1202.355299	0.006539	0.000056	71.172328	5.2
1935	1179.779920	0.006687	0.000056	41.799922	2.8
1936	1193.839211	0.006512	0.000056	47.529697	2.8
1937	1191.654975	0.006226	0.000056	59.572266	3.1
1938	1199.030198	0.005780	0.000056	79.057341	2.7
1939	1185.442251	0.005550	0.000056	92.967352	4.1
1940	1233.844227	0.004865	0.000056	101.704679	3.1
1941	1188.049756	0.006038	0.000056	39.360242	5.2
1942	1162.453786	0.005920	0.000056	53.742010	3.1
1943	1198.438934	0.005941	0.000056	54.423775	5.4
1944	1198.859204	0.005556	0.000056	53.546600	4.3
1945	1135.679034	0.005144	0.000056	67.144296	4.1
1946	1264.979548	0.005166	0.000056	77.922408	2.8
1947	1181.602927	0.005065	0.000056	88.304522	3.0
1948	1239.256150	0.004470	0.000056	66.276456	8.9
1949	1185.311826	0.005096	0.000056	78.466756	3.9
1950	1158.124419	0.005144	0.000056	124.549553	4.0
1951	1181.938724	0.003985	0.000056	90.980825	3.4
1952	1223.762710	0.005199	0.000056	77.356140	3.5
1953	1206.480660	0.005306	0.000056	142.503998	5.1
1954	1247.855850	0.005816	0.000056	69.473416	3.9
1955	1197.734893	0.004532	0.000056	59.444662	4.6
1956	1187.200151	0.004665	0.000056	40.558692	2.9
1957	1169.201328	0.004580	0.000056	39.000346	3.0
1958	1146.284290	0.004499	0.000056	57.629938	4.3
1959	1208.434783	0.004486	0.000056	48.471523	5.4
1960	1157.669680	0.004057	0.000056	96.111500	4.0
1961	1188.072617	0.003406	0.000056	46.230634	3.5
1962	1184.654801	0.003609	0.000056	62.640838	5.1
1963	1159.810153	0.003755	0.000056	92.698451	4.8
1964	1173.397343	0.004174	0.000056	60.032886	5.2
1965	1149.779093	0.004674	0.000056	74.749020	7.4
1966	1221.063857	0.003985	0.000056	116.879579	4.7
1967	1231.450846	0.004844	0.000056	149.377955	2.7
1968	1189.255142	0.002322	0.000056	67.928227	2.8
1969	1208.781840	0.002020	0.000056	40.677554	6.1
1970	1185.516938	0.001655	0.000056	53.818622	3.1
1971	1202.548397	0.001358	0.000056	99.733640	5.1
1972	1185.637065	0.001079	0.000056	59.044935	7.8
1973	1170.650895	0.001278	0.000056	80.791696	4.1
1974	1238.201858	0.000929	0.000056	37.105903	4.1
1975	1196.126450	0.000759	0.000056	72.049061	3.9
1976	1145.211015	0.000553	0.000056	91.933775	3.7
1977	1167.604031	0.001324	0.000056	45.795695	3.4
1978	1183.286946	0.001625	0.000056	98.852628	3.3
1979	1217.214404	0.001274	0.000056	127.476015	5.4
1980	1147.839434	0.002753	0.000056	68.924490	5.1
1981	1157.768363	0.003947	0.000056	42.562888	5.2
1982	1187.879004	0.003885	0.000056	80.354036	5.3
1983	1169.685641	0.003530	0.000056	101.946028	5.5
1984	1163.738178	0.004362	0.000056	93.167983	3.8
1985	1162.053322	0.005683	0.000056	118.515745	4.1
1986	1168.139656	0.007395	0.000056	51.559633	6.0
1987	1175.339639	0.006649	0.000056	83.404597	5.1
1988	1223.175707	0.006398	0.000056	93.089878	4.0
1989	1184.763292	0.007382	0.000056	50.186156	2.8
1990	1180.548290	0.006751	0.000056	35.268234	4.5
1991	1222.321939	0.006621	0.000056	54.902897	3.8
1992	1216.105913	0.006373	0.000056	58.268837	3.0
1993	1197.899968	0.006479	0.000056	77.956597	3.4
1994	1197.804193	0.006499	0.000056	137.261375	4.2
1995	1195.054658	0.005352	0.000056	60.385041	5.3
1996	1227.930560	0.004381	0.000056	87.954189	3.5
1997	1194.844823	0.003890	0.000056	114.738954	4.5
1998	1149.125521	0.004568	0.000056	85.063256	3.4
1999	1186.274739	0.004939	0.000056	55.348006	4.6
