1:ItNr	2:Metric	3a:Time	3b:StepSize	4:||Gradient||	Time[ms]
0	167553.439576	0.000000	0.000092	19078.979611	286.9
1	140399.992702	0.000000	0.000092	16723.252226	1.6
2	112340.707393	0.000000	0.000092	13570.807889	4.1
3	98781.872124	0.000000	0.000092	11552.520730	1.6
4	87243.436486	0.000000	0.000092	10294.939502	4.5
5	80765.807241	0.000000	0.000092	9746.790245	1.8
6	71250.244844	0.000000	0.000092	8298.186334	1.8
7	66018.479021	0.000000	0.000092	7940.560491	4.1
8	60505.134958	0.000000	0.000092	7110.851687	2.3
9	54659.890603	0.000000	0.000092	6427.030473	2.9
10	51472.524026	0.000000	0.000092	6552.496188	4.0
11	47425.672301	0.000000	0.000092	6155.815665	2.7
12	43720.375863	0.000000	0.000092	6001.831652	5.2
13	39799.837955	0.000000	0.000092	5503.094486	3.7
14	38629.514046	0.000000	0.000092	5883.392312	3.2
15	34045.300735	0.000000	0.000092	5348.168111	3.1
16	32136.096090	0.000000	0.000092	5305.674833	2.9
17	30350.958366	0.000000	0.000092	5183.213033	2.9
18	27147.996621	0.000000	0.000092	4874.191422	8.1
19	25413.780651	0.000000	0.000092	4772.931474	3.4
20	23878.714939	0.000000	0.000092	4557.978965	3.3
21	21297.460077	0.000000	0.000092	4218.176831	3.6
22	20400.600862	0.000000	0.000092	4246.977526	3.7
23	18553.719242	0.000000	0.000092	3959.633366	3.8
24	16933.973860	0.000000	0.000092	3842.356204	3.5
25	15804.431145	0.000000	0.000092	3598.668188	4.5
26	14645.111299	0.000000	0.000092	3379.901769	4.4
27	13550.332960	0.000000	0.000092	3047.827601	5.5
28	12975.267703	0.000000	0.000092	2861.154142	4.7
29	11984.250561	0.000000	0.000092	2641.805681	2.3
30	11478.136329	0.000000	0.000092	2508.904892	2.3
31	10866.134838	0.000000	0.000092	2372.739769	2.4
32	10241.617774	0.000000	0.000092	2079.217508	4.0
33	9850.539134	0.000000	0.000092	1912.841353	3.9
34	9494.804440	0.000000	0.000092	1707.796808	2.5
35	9301.941209	0.000000	0.000092	1611.475529	5.6
36	9024.601965	0.000000	0.000092	1477.655631	2.8
37	8989.208621	0.000000	0.000092	1445.183860	3.0
38	8626.953593	0.000000	0.000092	1422.654637	3.4
39	8426.084664	0.000000	0.000092	1240.653948	6.6
40	8409.971175	0.000000	0.000092	1138.121845	4.9
41	8385.295111	0.000000	0.000092	1059.402267	5.0
42	8330.885467	0.000000	0.000092	941.275348	5.0
43	8096.295625	0.000000	0.000092	959.519773	5.0
44	8039.717684	0.000000	0.000092	920.661106	3.9
45	7935.988607	0.000000	0.000092	737.888335	4.6
46	8037.993689	0.000000	0.000092	834.209188	3.9
47	7853.979809	0.000000	0.000092	585.192000	4.7
48	7844.420244	0.000000	0.000092	712.217817	3.2
49	7626.841077	0.000000	0.000092	484.406676	4.8
50	7788.632447	0.000000	0.000092	616.158922	4.4
51	7898.349357	0.000000	0.000092	503.747572	3.9
52	7567.891136	0.000000	0.000092	549.334703	3.2
53	7778.164096	0.000000	0.000092	486.643423	4.4
54	7534.979395	0.000000	0.000092	429.909620	5.0
55	7733.310129	0.000000	0.000092	447.040045	3.2
56	7740.714936	0.000000	0.000092	411.815460	3.4
57	7662.552383	0.000000	0.000092	356.822905	4.8
58	7536.227332	0.000000	0.000092	329.754147	4.8
59	7387.253558	0.000000	0.000092	333.563336	3.8
60	7581.457415	0.000000	0.000092	367.835805	2.7
61	7581.725998	0.000000	0.000092	355.304021	3.7
62	7743.702439	0.000000	0.000092	373.773556	4.9
63	7653.986018	0.000000	0.000092	233.577517	4.9
64	7437.425622	0.000000	0.000092	367.257521	3.6
65	7560.421477	0.000000	0.000092	327.379764	5.3
66	7267.722564	0.000000	0.000092	308.867038	3.6
67	7358.507103	0.000000	0.000092	246.091670	3.7
68	7293.492809	0.000000	0.000092	244.177700	3.7
69	7875.186713	0.000000	0.000092	232.687925	3.6
70	7104.495320	0.000000	0.000092	249.754108	3.7
71	7600.642119	0.000000	0.000092	238.490179	5.5
72	7479.589067	0.000000	0.000092	230.517427	4.2
73	7813.353226	0.000000	0.000092	263.224781	3.3
74	7631.371864	0.000000	0.000092	220.650800	3.3
75	7316.073547	0.000000	0.000092	211.963350	3.6
76	7713.406847	0.000000	0.000092	212.773308	4.3
77	7612.445355	0.000000	0.000092	227.207985	4.3
78	7504.847258	0.000000	0.000092	256.814162	3.5
79	7393.044022	0.000000	0.000092	241.527856	5.0
80	7404.434508	0.000000	0.000092	265.507656	4.8
81	7662.263900	0.000000	0.000092	258.224178	4.8
82	7599.955065	0.000000	0.000092	180.389923	5.5
83	7508.664489	0.000000	0.000092	190.244573	5.5
84	7473.570606	0.000000	0.000092	223.569276	4.5
85	7860.528857	0.000000	0.000092	148.045433	5.7
86	7396.432268	0.000000	0.000092	198.432208	6.4
87	7406.875305	0.000000	0.000092	201.636744	5.3
88	7316.245410	0.000000	0.000092	182.474725	5.4
89	7237.498252	0.000000	0.000092	244.611394	4.9
90	7475.474675	0.000000	0.000092	137.233339	7.0
91	7459.508439	0.000000	0.000092	176.373148	4.4
92	7385.313771	0.000000	0.000092	143.642455	4.2
93	7279.850824	0.000000	0.000092	173.837473	4.0
94	7400.254184	0.000000	0.000092	145.708617	3.8
95	7395.442457	0.000000	0.000092	207.556935	3.8
96	7494.420813	0.000000	0.000092	183.721095	4.0
97	7338.559883	0.000000	0.000092	141.208581	3.3
98	7567.233591	0.000000	0.000092	138.587892	3.3
99	7413.677007	0.000000	0.000092	178.317312	5.3
100	7355.335309	0.000000	0.000092	150.609957	5.2
101	7646.722454	0.000000	0.000092	140.277651	4.3
102	7676.534622	0.000000	0.000092	230.318809	3.2
103	7468.015746	0.000000	0.000092	132.722098	4.4
104	7537.600905	0.000000	0.000092	227.303861	3.4
105	7750.903112	0.000000	0.000092	169.228367	5.7
106	7358.084520	0.000000	0.000092	179.383819	3.4
107	7291.378363	0.000000	0.000092	173.000506	3.3
108	7386.755959	0.000000	0.000092	170.421835	3.3
109	7306.701775	0.000000	0.000092	190.433709	3.4
110	7546.743555	0.000000	0.000092	137.269397	3.6
111	7243.310232	0.000000	0.000092	124.562838	4.7
112	7370.192880	0.000000	0.000092	151.340720	3.1
113	7364.512701	0.000000	0.000092	166.032757	4.9
114	7256.364632	0.000000	0.000092	200.864769	4.7
115	7355.780957	0.000000	0.000092	155.105012	4.7
116	7502.055949	0.000000	0.000092	129.570500	4.4
117	7270.519143	0.000000	0.000092	160.982813	4.6
118	7244.404286	0.000000	0.000092	219.709918	4.1
119	7352.373696	0.000000	0.000092	187.905878	3.7
120	7405.658085	0.000440	0.000092	130.943765	3.5
121	7326.049702	0.000000	0.000092	144.176202	3.5
122	7190.743702	0.000000	0.000092	173.032055	5.4
123	7333.584450	0.000000	0.000092	142.087875	3.3
124	7397.766921	0.000000	0.000092	129.096739	3.4
125	7561.202801	0.000000	0.000092	149.236438	3.4
126	7079.710067	0.000000	0.000092	162.517449	3.5
127	7462.756456	0.000000	0.000092	158.995936	3.4
128	7275.922238	0.000000	0.000092	191.830915	6.1
129	7550.250756	0.000000	0.000092	169.365944	3.5
130	7377.177677	0.000000	0.000092	150.312535	3.5
131	7596.716094	0.000000	0.000092	166.372213	3.5
132	7259.400563	0.000000	0.000092	138.060872	6.5
133	7521.446517	0.000000	0.000092	202.239321	3.8
134	7288.844213	0.000000	0.000092	137.267080	3.7
135	7130.420210	0.000000	0.000092	187.366468	4.6
136	7166.037643	0.000000	0.000092	146.558325	6.1
137	7312.509368	0.000000	0.000092	204.743966	4.9
138	7307.346081	0.000000	0.000092	156.562316	4.6
139	7359.735133	0.000000	0.000092	135.495210	4.8
140	7478.018993	0.000000	0.000092	171.345971	4.2
141	7377.136509	0.000000	0.000092	164.184413	3.7
142	7511.217421	0.000000	0.000092	158.401963	6.5
143	7526.304135	0.000000	0.000092	216.361003	4.0
144	7229.435955	0.000000	0.000092	136.466169	4.9
145	7292.658687	0.000000	0.000092	127.278587	5.1
146	7341.394929	0.000000	0.000092	169.920578	4.3
147	7397.610304	0.000000	0.000092	169.023532	4.8
148	7313.149149	0.000000	0.000092	178.371557	4.8
149	7412.091696	0.000000	0.000092	151.124342	8.6
150	7501.223325	0.000000	0.000092	146.798655	2.6
151	7232.814760	0.000000	0.000092	141.339513	2.7
152	7614.665052	0.000000	0.000092	179.250974	2.8
153	7337.248740	0.000000	0.000092	185.949770	4.0
154	7237.982794	0.000373	0.000092	117.056941	4.0
155	7573.648313	0.000000	0.000092	133.270622	3.7
156	7585.978341	0.000000	0.000092	171.969495	2.8
157	7426.501637	0.000000	0.000092	129.961415	2.6
158	7271.330194	0.000000	0.000092	174.296660	4.1
159	7246.558855	0.000000	0.000092	152.228481	3.5
160	7481.426019	0.000000	0.000092	146.030422	3.6
161	7357.099178	0.000000	0.000092	149.906133	5.0
162	7443.409416	0.000000	0.000092	127.490125	3.7
163	7253.199935	0.000000	0.000092	144.035031	3.8
164	7620.562273	0.000000	0.000092	158.947947	3.8
165	7256.299350	0.000000	0.000092	138.078423	7.0
166	7807.293616	0.000000	0.000092	233.178280	3.8
167	7400.086263	0.000000	0.000092	188.425701	4.7
168	7428.110218	0.003964	0.000092	140.109321	4.5
169	7390.140083	0.000000	0.000092	137.598097	4.3
170	7408.610501	0.000000	0.000092	144.074130	4.1
171	7434.365495	0.000000	0.000092	167.745987	3.5
172	7186.921038	0.000000	0.000092	185.868264	5.4
173	7543.441447	0.000000	0.000092	177.282542	3.7
174	7329.832057	0.000075	0.000092	137.367393	3.6
175	7316.979271	0.000000	0.000092	126.273755	4.4
176	7216.490604	0.000000	0.000092	140.926907	4.7
177	7166.599879	0.000000	0.000092	187.570045	5.0
178	7387.007243	0.000000	0.000092	136.094095	4.1
179	7436.376661	0.000000	0.000092	172.612253	3.8
180	7398.268197	0.000000	0.000092	125.026029	5.0
181	7571.447530	0.000000	0.000092	155.300215	5.0
182	7450.010673	0.000000	0.000092	161.659891	4.1
183	7382.461810	0.000000	0.000092	133.956328	4.0
184	7127.451748	0.000000	0.000092	125.358327	4.4
185	7506.483499	0.000000	0.000092	230.560136	4.4
186	7220.753411	0.000000	0.000092	140.269096	3.7
187	7275.369235	0.000000	0.000092	137.052382	3.4
188	7306.403958	0.000000	0.000092	146.616171	7.7
189	7325.766960	0.000000	0.000092	184.139778	5.1
190	7210.351107	0.000000	0.000092	195.008688	4.6
191	7087.038562	0.001416	0.000092	207.587731	4.1
192	7318.343800	0.000000	0.000092	170.978007	4.4
193	7200.902970	0.000000	0.000092	135.310397	4.5
194	7339.639610	0.000000	0.000092	168.778392	5.1
195	7268.452838	0.000000	0.000092	194.338541	3.6
196	7395.846905	0.000000	0.000092	158.625648	3.6
197	7275.152597	0.000000	0.000092	158.058599	3.5
198	7162.996470	0.000000	0.000092	241.421376	4.3
199	7298.167758	0.000000	0.000092	175.624535	3.3
200	7330.367807	0.000000	0.000092	133.524288	5.1
201	6901.079437	0.000000	0.000092	125.805631	5.3
202	7161.072096	0.000000	0.000092	153.523688	4.4
203	7284.788858	0.000000	0.000092	136.175601	4.5
204	7336.969635	0.000000	0.000092	133.989795	4.0
205	7171.928094	0.000000	0.000092	139.353779	4.0
206	7127.561172	0.000000	0.000092	134.844361	2.8
207	7176.783416	0.000000	0.000092	150.713543	2.8
208	7409.060638	0.000000	0.000092	154.417873	2.7
209	7133.354175	0.000000	0.000092	153.786991	5.2
210	7476.599942	0.000000	0.000092	273.929376	3.0
211	7102.375608	0.001282	0.000092	130.573066	3.0
212	7325.243307	0.001739	0.000092	147.524852	2.9
213	7103.190381	0.000000	0.000092	127.866647	5.0
214	7082.799212	0.000000	0.000092	161.665989	2.7
215	7262.708959	0.000000	0.000092	116.172272	2.8
216	7060.844795	0.000000	0.000092	115.660972	3.0
217	7361.360326	0.000000	0.000092	122.340384	7.9
218	7545.164961	0.000000	0.000092	199.753212	4.6
219	7516.534021	0.000000	0.000092	153.189503	2.6
220	7297.246942	0.000000	0.000092	157.147039	4.6
221	7133.883111	0.000000	0.000092	154.838242	3.1
222	7014.884626	0.000000	0.000092	227.362762	3.7
223	7173.316721	0.000000	0.000092	169.131229	4.6
224	7079.965939	0.000000	0.000092	152.906904	5.3
225	7684.692431	0.000000	0.000092	227.299486	3.5
226	7027.527344	0.000000	0.000092	128.626742	3.3
227	7008.514583	0.000000	0.000092	137.615540	4.9
228	7439.052783	0.000000	0.000092	180.433623	3.0
229	6923.084590	0.000000	0.000092	131.947831	3.1
230	7310.314327	0.000000	0.000092	135.406665	2.9
231	7001.930887	0.000000	0.000092	118.838877	5.2
232	7364.363042	0.000000	0.000092	124.285602	3.4
233	7352.379254	0.000000	0.000092	204.924685	6.1
234	7253.143772	0.000000	0.000092	124.200443	3.5
235	7164.254512	0.000000	0.000092	156.405028	4.7
236	7187.468700	0.000000	0.000092	145.905137	6.9
237	7232.082398	0.000000	0.000092	130.571202	3.6
238	7037.589576	0.000000	0.000092	152.548627	3.6
239	7152.272005	0.000000	0.000092	168.867608	3.9
240	7246.721222	0.000000	0.000092	132.796918	4.2
241	7169.963251	0.000000	0.000092	151.584060	4.2
242	7413.257468	0.000000	0.000092	148.102638	3.9
243	6895.522314	0.000000	0.000092	152.713093	3.1
244	7205.484148	0.000000	0.000092	117.878908	5.0
245	7350.383435	0.000000	0.000092	117.358331	3.0
246	7181.222885	0.000000	0.000092	138.260548	2.8
247	7125.391037	0.000000	0.000092	152.434947	2.7
248	7352.678530	0.000000	0.000092	131.711237	2.3
249	7141.293757	0.000000	0.000092	165.300988	3.0
250	7259.182427	0.000000	0.000092	160.998572	2.9
251	7176.075350	0.000000	0.000092	129.974534	3.4
252	7000.127042	0.000000	0.000092	120.494876	2.6
253	7307.846776	0.000000	0.000092	167.937070	5.7
254	7078.106024	0.000000	0.000092	196.862696	2.8
255	7289.334975	0.000000	0.000092	147.177172	4.0
256	7280.322020	0.000000	0.000092	123.333662	2.9
257	6923.945202	0.000000	0.000092	221.881057	3.2
258	7196.790377	0.000000	0.000092	157.149884	3.1
259	7070.246264	0.000000	0.000092	124.030789	3.1
260	7344.790748	0.000000	0.000092	128.960744	4.2
261	7183.094746	0.000000	0.000092	156.896662	3.4
262	7289.840596	0.000000	0.000092	130.153714	2.8
263	7061.644154	0.000000	0.000092	116.961009	5.1
264	7225.482276	0.000000	0.000092	154.173366	4.5
265	7236.005769	0.000000	0.000092	124.919280	4.8
266	7112.783195	0.000000	0.000092	166.924775	4.7
267	7404.617903	0.000000	0.000092	167.874248	3.7
268	7083.784066	0.000000	0.000092	238.741085	3.6
269	7025.480287	0.001277	0.000092	150.124266	6.2
270	7224.080409	0.000000	0.000092	119.035079	4.9
271	7162.765848	0.000000	0.000092	181.969306	4.7
272	7210.115722	0.000000	0.000092	143.815794	4.8
273	7048.831136	0.000000	0.000092	136.009535	4.6
274	7258.871063	0.000000	0.000092	235.898925	4.6
275	6903.632701	0.000000	0.000092	169.919803	4.7
276	7357.448149	0.000000	0.000092	185.585019	3.5
277	6864.063400	0.000000	0.000092	148.429602	3.7
278	7217.499029	0.000000	0.000092	124.182969	3.6
279	7354.302639	0.000000	0.000092	130.710344	3.3
280	7071.387590	0.000000	0.000092	120.424833	5.5
281	7112.954659	0.000000	0.000092	175.385154	4.8
282	7083.548094	0.000000	0.000092	142.941310	3.7
283	7203.794012	0.000000	0.000092	123.257579	4.8
284	7399.468339	0.000000	0.000092	138.611908	4.9
285	6947.969117	0.000000	0.000092	154.026064	4.5
286	7032.476840	0.000000	0.000092	144.632346	5.5
287	7654.555599	0.000000	0.000092	159.278955	4.3
288	7187.970782	0.000000	0.000092	132.188249	3.8
289	7056.217370	0.000000	0.000092	131.128423	3.6
290	6967.281072	0.000000	0.000092	166.164548	3.1
291	7058.165420	0.000000	0.000092	147.622663	5.1
292	7200.241393	0.000000	0.000092	156.351759	3.5
293	7242.086705	0.000000	0.000092	149.704658	4.4
294	7248.373868	0.000000	0.000092	122.106039	3.3
295	7093.923886	0.000000	0.000092	143.371676	4.6
296	7107.411816	0.000000	0.000092	138.829509	4.5
297	6793.668872	0.000000	0.000092	124.617152	3.5
298	7484.835029	0.000000	0.000092	161.368161	3.9
299	6970.429030	0.000000	0.000092	135.347354	3.7
300	7124.692808	0.000000	0.000092	164.360309	3.3
301	7224.831161	0.000000	0.000092	130.363896	4.5
302	7248.274936	0.000000	0.000092	147.098599	2.4
303	7365.403409	0.000000	0.000092	162.927447	4.7
304	7184.416075	0.000000	0.000092	143.546969	4.6
305	7359.066848	0.000000	0.000092	143.350665	4.7
306	7390.086902	0.000000	0.000092	152.585708	6.2
307	7198.197323	0.000000	0.000092	185.192548	2.9
308	7499.837233	0.000000	0.000092	141.551622	2.8
309	7201.470559	0.000000	0.000092	123.091158	2.9
310	7126.548691	0.000000	0.000092	137.410616	2.4
311	6982.314995	0.000000	0.000092	163.122030	6.7
312	7310.507337	0.000000	0.000092	150.142715	2.9
313	7142.648681	0.000000	0.000092	127.815645	3.1
314	7049.975516	0.000000	0.000092	156.231847	3.0
315	7110.076075	0.000000	0.000092	150.146409	6.8
316	7176.960729	0.000000	0.000092	125.588925	2.5
317	7116.247279	0.000000	0.000092	133.354974	2.4
318	7175.195829	0.000000	0.000092	134.229752	2.7
319	6966.295480	0.000000	0.000092	115.797651	2.9
320	7180.545801	0.000000	0.000092	131.149318	3.0
321	7000.140018	0.000000	0.000092	137.459122	7.2
322	7162.243500	0.000000	0.000092	188.365899	3.1
323	6914.625763	0.000000	0.000092	106.954331	3.2
324	7458.115906	0.000000	0.000092	221.593908	3.5
325	7128.338660	0.000000	0.000092	122.511848	3.6
326	6969.123094	0.000000	0.000092	155.856813	5.2
327	7346.150515	0.000000	0.000092	179.982259	3.9
328	7313.796772	0.001202	0.000092	207.591287	4.1
329	7226.511505	0.005122	0.000092	145.106429	4.3
330	7207.104835	0.003272	0.000092	158.206174	4.1
331	7282.900978	0.000000	0.000092	138.270605	4.7
332	7043.512093	0.000000	0.000092	146.444211	3.3
333	7156.062258	0.000000	0.000092	185.997820	3.9
334	7074.822525	0.000000	0.000092	117.096106	3.0
335	7009.793720	0.000000	0.000092	144.385660	4.8
336	7003.198532	0.000000	0.000092	228.549266	4.8
337	7124.295786	0.000000	0.000092	145.934172	5.4
338	7339.244338	0.000000	0.000092	151.239470	3.2
339	6775.824482	0.000000	0.000092	221.063747	2.6
340	7195.415379	0.000000	0.000092	131.568921	3.9
341	7211.437040	0.000000	0.000092	151.149879	4.9
342	7114.545539	0.000000	0.000092	126.504824	3.5
343	7070.889911	0.000000	0.000092	164.231702	3.6
344	7029.057981	0.000000	0.000092	160.772351	3.8
345	7297.324236	0.000000	0.000092	198.752168	3.5
346	6944.771640	0.000000	0.000092	143.549519	3.6
347	6985.107308	0.000000	0.000092	129.486835	3.6
348	7171.290806	0.000000	0.000092	130.941786	5.3
349	7155.927025	0.000000	0.000092	129.459563	4.8
350	7220.602405	0.000000	0.000092	171.093380	4.5
351	7267.030840	0.000000	0.000092	226.949087	2.7
352	7156.513595	0.000000	0.000092	130.136640	2.7
353	7170.754609	0.000000	0.000092	116.999754	2.6
354	7391.872213	0.000000	0.000092	121.665492	2.6
355	7103.059051	0.000000	0.000092	123.861065	3.0
356	7188.527613	0.000000	0.000092	126.040616	3.9
357	6933.980649	0.000000	0.000092	151.743698	2.6
358	7341.089570	0.000000	0.000092	126.094317	4.9
359	7110.796123	0.000000	0.000092	151.122874	2.6
360	6909.106589	0.000000	0.000092	114.706266	5.7
361	6948.155781	0.000000	0.000092	147.745929	2.9
362	6827.473945	0.000000	0.000092	181.412157	5.8
363	6891.204016	0.000000	0.000092	158.289418	3.2
364	6970.325562	0.000000	0.000092	146.519674	5.0
365	6998.515457	0.000000	0.000092	104.686932	3.7
366	7261.042156	0.000000	0.000092	142.549881	3.8
367	6919.489913	0.000000	0.000092	120.347250	6.0
368	6627.167120	0.000000	0.000092	148.967174	4.4
369	7095.381676	0.000000	0.000092	157.064911	4.4
370	7280.953952	0.000000	0.000092	116.815715	4.3
371	7110.252672	0.000000	0.000092	235.554118	3.8
372	7046.408492	0.000000	0.000092	122.164140	3.3
373	7279.482809	0.000000	0.000092	115.483655	3.2
374	7264.214826	0.000000	0.000092	115.941791	3.3
375	7185.436508	0.000000	0.000092	151.433096	3.1
376	6866.112227	0.000000	0.000092	158.938206	3.2
377	7074.180192	0.000000	0.000092	159.418690	4.0
378	6904.393911	0.000000	0.000092	155.141023	5.4
379	7214.397451	0.000000	0.000092	188.206791	6.6
380	7208.080816	0.000000	0.000092	113.539089	5.0
381	7412.977242	0.000000	0.000092	125.019601	4.7
382	7200.571024	0.000000	0.000092	139.282011	5.1
383	7213.011900	0.000000	0.000092	119.485429	4.3
384	7343.239699	0.000000	0.000092	154.348319	3.7
385	7036.498925	0.000000	0.000092	114.616280	4.3
386	7004.938126	0.000000	0.000092	116.514054	4.3
387	7034.569817	0.000000	0.000092	180.228726	3.7
388	6986.737464	0.000000	0.000092	146.871101	5.3
389	6999.959930	0.000000	0.000092	108.135681	3.8
390	7113.157665	0.000000	0.000092	138.471632	3.8
391	6841.451853	0.000000	0.000092	175.635490	3.7
392	7143.599765	0.000000	0.000092	217.386314	5.0
393	7078.372027	0.006537	0.000092	154.760538	5.1
394	7035.583829	0.004389	0.000092	119.471636	4.7
395	7205.240812	0.000868	0.000092	120.420276	3.7
396	7044.325617	0.000000	0.000092	111.232237	3.5
397	6918.034822	0.000000	0.000092	157.527055	5.4
398	7129.211546	0.000000	0.000092	139.714133	2.4
399	7000.887810	0.000000	0.000092	149.178901	2.2
400	7087.242389	0.000000	0.000092	133.532207	2.2
401	7185.933956	0.000000	0.000092	127.077035	5.9
402	7203.392290	0.000000	0.000092	112.415995	4.6
403	6923.362834	0.000000	0.000092	147.353609	3.0
404	7150.450776	0.000000	0.000092	166.239925	3.1
405	6924.729449	0.000000	0.000092	157.534745	3.1
406	6873.440482	0.000000	0.000092	162.739444	3.2
407	6813.513403	0.000000	0.000092	134.631274	3.2
408	7187.595282	0.000000	0.000092	118.323549	4.5
409	7070.722960	0.000000	0.000092	126.436447	3.2
410	7206.619045	0.000000	0.000092	130.901157	3.2
411	7058.551974	0.000000	0.000092	204.600592	3.1
412	7102.809450	0.000000	0.000092	135.557090	6.3
413	7118.272049	0.000255	0.000092	187.987196	3.0
414	7228.250959	0.000000	0.000092	169.210975	4.1
415	7036.925562	0.000000	0.000092	118.676425	5.0
416	6969.220940	0.000000	0.000092	161.483152	4.5
417	6952.740947	0.000000	0.000092	129.900573	4.4
418	7233.799520	0.000000	0.000092	176.565616	4.3
419	7234.452031	0.000000	0.000092	122.727795	3.4
420	7092.793230	0.000000	0.000092	138.483049	3.9
421	7120.921960	0.000000	0.000092	111.053654	7.3
422	7299.285482	0.000000	0.000092	133.879930	4.4
423	6826.239563	0.000000	0.000092	158.883102	4.4
424	7149.812622	0.000000	0.000092	157.726431	8.5
425	7017.776639	0.000000	0.000092	127.389453	3.5
426	6965.843356	0.000000	0.000092	135.564037	3.4
427	7050.103056	0.000000	0.000092	163.446835	4.6
428	7103.193441	0.000000	0.000092	113.771411	3.5
429	7221.692697	0.000000	0.000092	145.628063	3.6
430	7095.140403	0.000000	0.000092	120.700439	3.7
431	7032.406739	0.000000	0.000092	129.343198	3.7
432	7220.506736	0.000000	0.000092	137.429050	4.1
433	6760.747672	0.000000	0.000092	153.786189	5.6
434	7297.100308	0.000000	0.000092	132.204313	4.5
435	6904.489987	0.000000	0.000092	133.550569	4.5
436	6922.498456	0.000000	0.000092	164.096739	4.0
437	7223.407555	0.000000	0.000092	136.270332	4.1
438	7007.675370	0.000000	0.000092	111.458375	4.1
439	6960.802083	0.000000	0.000092	103.491606	4.1
440	7080.674075	0.000000	0.000092	134.223724	4.1
441	7248.145877	0.000000	0.000092	203.630746	3.8
442	6690.758500	0.000000	0.000092	112.341667	4.9
443	7390.209625	0.000000	0.000092	162.456443	4.7
444	7201.002158	0.000000	0.000092	162.598954	3.5
445	6892.455460	0.000000	0.000092	181.995334	3.5
446	6957.850533	0.000000	0.000092	113.655403	4.3
447	7111.121419	0.000000	0.000092	157.184894	4.5
448	7094.017314	0.000000	0.000092	153.846669	4.2
449	7008.520746	0.000000	0.000092	121.589570	4.1
450	6967.055447	0.000000	0.000092	157.969033	4.0
451	6727.063509	0.000000	0.000092	141.632663	5.3
452	6905.867189	0.000000	0.000092	106.562854	4.5
453	7044.975389	0.000000	0.000092	103.986100	4.8
454	7010.822936	0.000000	0.000092	113.105348	4.3
455	6854.689389	0.000000	0.000092	120.788702	2.6
456	6899.346576	0.000000	0.000092	137.569164	2.6
457	6903.668409	0.000000	0.000092	117.531334	2.7
458	6846.207439	0.000000	0.000092	116.633249	4.1
459	6702.543494	0.000000	0.000092	133.691098	6.7
460	7168.450175	0.000000	0.000092	159.166201	4.3
461	7113.324532	0.000000	0.000092	148.512064	4.5
462	6826.052358	0.000000	0.000092	146.723584	4.5
463	7142.633745	0.000000	0.000092	135.643063	3.7
464	7108.955617	0.000000	0.000092	146.662417	3.8
465	7311.357939	0.000000	0.000092	169.083862	3.6
466	7068.124026	0.000000	0.000092	135.687111	3.6
467	7058.935228	0.000000	0.000092	225.806174	3.6
468	7124.809757	0.000000	0.000092	111.612970	3.3
469	6919.914588	0.000000	0.000092	147.501586	3.8
470	6732.548504	0.000000	0.000092	110.669174	5.1
471	6983.471615	0.000000	0.000092	118.678881	4.1
472	7008.788901	0.000000	0.000092	126.281642	4.9
473	6708.305378	0.000000	0.000092	123.995371	3.9
474	6954.170622	0.000000	0.000092	108.749673	3.6
475	7221.089908	0.000000	0.000092	131.310504	8.4
476	6972.262393	0.000000	0.000092	113.682957	5.3
477	7308.665721	0.000000	0.000092	184.422265	5.1
478	7099.435392	0.000000	0.000092	109.505970	5.0
479	7120.119290	0.000000	0.000092	145.613295	5.0
480	7127.971852	0.000000	0.000092	138.538777	4.8
481	6868.323769	0.000000	0.000092	161.137937	6.4
482	6959.425846	0.000000	0.000092	132.030123	3.8
483	7201.607241	0.000000	0.000092	113.559041	3.8
484	6899.529724	0.000000	0.000092	125.287636	5.0
485	6760.961755	0.000000	0.000092	159.560710	4.9
486	7068.984758	0.000000	0.000092	131.587999	4.6
487	6736.680185	0.000000	0.000092	143.681235	4.5
488	6940.318472	0.000000	0.000092	130.015440	2.8
489	7052.795328	0.000000	0.000092	108.649851	2.8
490	6796.549968	0.000000	0.000092	105.810959	3.2
491	6961.903166	0.000000	0.000092	128.354176	3.2
492	6960.926338	0.000000	0.000092	218.526129	5.0
493	6747.279235	0.000000	0.000092	187.024106	5.5
494	6755.582738	0.007317	0.000092	113.781276	4.0
495	6762.664268	0.005621	0.000092	108.280311	4.5
496	6934.934465	0.003527	0.000092	131.024316	3.7
497	6856.630812	0.001299	0.000092	165.248796	3.9
498	6598.627364	0.000000	0.000092	133.804372	3.9
499	6955.378481	0.000000	0.000092	109.628028	4.7
500	6796.861917	0.000000	0.000092	118.880568	4.1
501	6836.199273	0.000000	0.000092	109.213853	4.6
502	6958.831064	0.000000	0.000092	128.162629	4.6
503	6943.207816	0.000000	0.000092	138.841004	4.8
504	6892.885158	0.000000	0.000092	112.492573	5.2
505	7320.971285	0.000000	0.000092	185.226217	4.5
506	6946.767308	0.000000	0.000092	129.203570	5.2
507	7116.303926	0.000000	0.000092	168.979013	5.0
508	7026.075766	0.000000	0.000092	143.904730	4.9
509	7016.049751	0.000000	0.000092	125.502095	4.0
510	6961.089495	0.000000	0.000092	113.786623	4.2
511	6924.663624	0.000000	0.000092	135.331707	4.8
512	7068.098738	0.000000	0.000092	127.679251	4.3
513	7279.320075	0.000000	0.000092	247.256543	4.1
514	6986.102974	0.000000	0.000092	130.450726	4.2
515	6700.460580	0.001334	0.000092	193.402255	5.3
516	7084.801619	0.000000	0.000092	165.606327	3.7
517	7059.828366	0.003178	0.000092	232.485925	3.0
518	6883.442621	0.000000	0.000092	118.326507	3.1
519	6770.432172	0.001140	0.000092	147.187344	5.0
520	6835.680585	0.000000	0.000092	132.677651	2.9
521	6802.495644	0.000000	0.000092	156.913206	4.9
522	6876.983301	0.000000	0.000092	114.678448	3.4
523	6832.178081	0.000000	0.000092	213.568808	3.5
524	6648.492780	0.000000	0.000092	187.293713	4.6
525	6953.909061	0.000000	0.000092	116.009777	4.5
526	6817.481735	0.000000	0.000092	104.486012	4.6
527	6855.703298	0.000000	0.000092	129.206498	3.4
528	6973.577209	0.000000	0.000092	117.743170	3.3
529	6777.070426	0.000000	0.000092	100.884760	3.1
530	7011.676649	0.000000	0.000092	129.066713	3.3
531	6775.149700	0.000000	0.000092	122.690970	4.2
532	6713.603815	0.000000	0.000092	220.760101	3.3
533	6977.655415	0.000513	0.000092	104.618589	5.1
534	6831.405394	0.000000	0.000092	105.707753	3.7
535	7086.568148	0.000000	0.000092	166.208108	3.2
536	6875.082958	0.000000	0.000092	143.097040	2.6
537	6959.587929	0.000000	0.000092	96.319737	3.0
538	6917.666201	0.000000	0.000092	170.117359	3.9
539	6779.924457	0.000000	0.000092	118.994117	4.2
540	6981.109003	0.000000	0.000092	151.580606	4.4
541	6811.497007	0.000000	0.000092	135.354705	4.5
542	6888.780542	0.000000	0.000092	128.715815	3.4
543	6965.283929	0.000000	0.000092	130.529871	3.6
544	6956.483821	0.000000	0.000092	137.396786	5.2
545	6862.976421	0.000000	0.000092	122.995509	4.9
546	6873.203623	0.000000	0.000092	130.175626	5.5
547	6854.162646	0.000000	0.000092	115.345159	5.0
548	7005.648830	0.000000	0.000092	149.331376	5.1
549	6723.398181	0.000000	0.000092	138.366075	4.0
550	6868.610376	0.000000	0.000092	126.192518	4.0
551	6951.528335	0.000000	0.000092	121.421866	4.4
552	6794.965010	0.000000	0.000092	137.827053	4.6
553	6991.426645	0.000000	0.000092	133.403965	4.5
554	6931.186715	0.000000	0.000092	111.025587	3.7
555	6911.802799	0.000000	0.000092	110.272103	4.9
556	6826.180256	0.000000	0.000092	140.851274	3.7
557	7107.449424	0.000000	0.000092	162.054646	4.5
558	6949.812830	0.001407	0.000092	102.792825	3.5
559	6832.282372	0.000000	0.000092	208.599016	3.5
560	6753.868455	0.000000	0.000092	146.953542	3.3
561	6736.029524	0.003221	0.000092	105.419952	4.9
562	6880.622596	0.000000	0.000092	95.039836	3.1
563	7167.695507	0.000000	0.000092	153.637215	3.5
564	7045.409073	0.000000	0.000092	128.553794	5.1
565	6885.957912	0.000000	0.000092	200.349391	6.8
566	6904.727793	0.000532	0.000092	114.970066	5.6
567	7070.207355	0.000000	0.000092	116.835261	4.0
568	6647.878640	0.000000	0.000092	124.402829	6.7
569	6827.633953	0.000000	0.000092	117.300958	5.6
570	7073.196160	0.000000	0.000092	123.625319	5.3
571	6615.447926	0.000000	0.000092	99.241088	4.9
572	6524.043740	0.000000	0.000092	117.362341	6.9
573	6962.315347	0.000000	0.000092	102.136286	5.2
574	6888.614485	0.000000	0.000092	140.097153	5.8
575	6613.984819	0.000000	0.000092	177.897336	5.5
576	6767.798867	0.000000	0.000092	117.908206	4.9
577	6861.132213	0.000778	0.000092	141.532513	4.6
578	6966.664365	0.000000	0.000092	109.737711	4.7
579	7109.893719	0.000000	0.000092	121.215883	4.0
580	6937.969734	0.000000	0.000092	108.919621	4.7
581	7186.823728	0.000000	0.000092	153.047155	4.6
582	7051.234636	0.000000	0.000092	135.266233	4.7
583	6799.747832	0.000000	0.000092	111.875605	4.1
584	6727.915629	0.000000	0.000092	118.190563	4.3
585	6786.553953	0.000000	0.000092	109.389388	5.1
586	6855.619368	0.000000	0.000092	105.844178	4.9
587	6937.331301	0.000000	0.000092	154.652976	5.6
588	6869.614037	0.000000	0.000092	154.348218	5.0
589	6437.347608	0.000000	0.000092	125.204037	4.6
590	6896.157539	0.000000	0.000092	126.841763	6.5
591	6875.697502	0.000000	0.000092	143.034087	5.3
592	6769.925555	0.000000	0.000092	118.988597	4.5
593	6881.684786	0.000000	0.000092	155.665875	4.5
594	6736.064981	0.000000	0.000092	99.623542	4.5
595	6543.183939	0.000000	0.000092	118.696207	5.0
596	6875.136740	0.000000	0.000092	119.841463	3.7
597	6902.314317	0.000000	0.000092	119.040880	3.6
598	7005.577120	0.000000	0.000092	140.543062	3.3
599	6953.713986	0.000000	0.000092	138.316332	3.2
600	6850.426651	0.000000	0.000092	120.088047	3.3
601	6906.665162	0.000000	0.000092	125.122120	3.6
602	6910.635669	0.000000	0.000092	102.857352	4.1
603	6756.413427	0.000000	0.000092	127.209275	3.1
604	7026.040629	0.000000	0.000092	121.585210	5.0
605	6848.040846	0.000000	0.000092	213.829376	6.5
606	6969.298855	0.000000	0.000092	146.431012	3.9
607	6880.342116	0.003934	0.000092	129.298713	3.1
608	6819.447923	0.002521	0.000092	181.012118	4.0
609	6762.273114	0.000000	0.000092	119.402523	3.7
610	6632.899769	0.000780	0.000092	121.929550	3.6
611	6733.589786	0.000000	0.000092	131.013750	4.7
612	6704.844200	0.000000	0.000092	115.673059	4.0
613	6983.434524	0.000000	0.000092	119.801705	4.8
614	6909.771253	0.000000	0.000092	144.035324	4.4
615	6765.319398	0.000000	0.000092	172.309863	4.4
616	6696.848724	0.001407	0.000092	158.634525	5.5
617	6838.721012	0.000000	0.000092	123.713691	4.8
618	6985.927938	0.000000	0.000092	100.681925	5.2
619	7012.192839	0.000000	0.000092	242.282661	5.0
620	7079.500413	0.000000	0.000092	105.933058	4.7
621	6793.594470	0.000521	0.000092	104.326787	3.7
622	7072.747550	0.000000	0.000092	143.825722	5.5
623	6868.151817	0.000000	0.000092	134.478582	2.7
624	6909.622642	0.000000	0.000092	209.001075	2.7
625	6565.976967	0.000000	0.000092	152.557496	2.9
626	6798.062095	0.004186	0.000092	106.724509	3.0
627	6504.208422	0.001249	0.000092	149.646956	2.8
628	6731.213911	0.000000	0.000092	161.807597	4.6
629	6644.587496	0.000000	0.000092	119.752360	2.9
630	6702.137553	0.000000	0.000092	100.396879	2.8
631	6763.303232	0.000000	0.000092	173.006669	3.2
632	6734.012650	0.000000	0.000092	158.716880	5.3
633	6745.325116	0.000000	0.000092	101.353464	5.0
634	6745.099844	0.000000	0.000092	110.710407	3.7
635	6873.414157	0.000000	0.000092	150.411681	3.8
636	6788.261611	0.000000	0.000092	145.204062	6.0
637	6648.110704	0.000000	0.000092	129.753954	5.2
638	6888.081617	0.000336	0.000092	149.179834	3.9
639	6827.823402	0.000000	0.000092	120.642064	4.0
640	7376.247897	0.000000	0.000092	165.337360	4.8
641	6864.653882	0.000000	0.000092	116.457124	4.7
642	6696.083521	0.000000	0.000092	122.184512	7.0
643	6523.658313	0.000000	0.000092	123.987743	4.8
644	6976.292962	0.000000	0.000092	140.987410	4.6
645	6615.554371	0.000000	0.000092	101.470246	4.2
646	6716.824824	0.000000	0.000092	153.342168	3.8
647	6851.558219	0.000000	0.000092	117.050848	4.2
648	6769.327386	0.000041	0.000092	127.231469	3.8
649	7002.842527	0.000000	0.000092	113.257004	3.6
650	6717.585914	0.000000	0.000092	120.686616	3.7
651	7107.545819	0.000000	0.000092	167.309995	5.1
652	6894.681721	0.000000	0.000092	120.216512	4.7
653	6567.574714	0.000000	0.000092	131.209917	5.9
654	6680.057573	0.000000	0.000092	122.453188	4.9
655	6697.350570	0.000000	0.000092	156.217301	4.0
656	6406.620555	0.000000	0.000092	183.441873	2.5
657	6923.324275	0.001412	0.000092	173.989208	3.9
658	6794.293941	0.000000	0.000092	99.654910	7.8
659	6755.222051	0.000000	0.000092	164.401188	3.8
660	6556.401795	0.000000	0.000092	145.611868	3.3
661	6891.948782	0.002267	0.000092	159.549387	3.4
662	6867.458908	0.000000	0.000092	131.152765	5.6
663	6637.043733	0.000000	0.000092	95.431247	5.1
664	6665.687715	0.000000	0.000092	119.285260	5.1
665	6762.382693	0.000000	0.000092	170.619162	5.0
666	6911.077675	0.000000	0.000092	182.269897	4.6
667	6922.944242	0.000000	0.000092	138.133287	4.4
668	6930.267702	0.000000	0.000092	120.755426	3.9
669	6685.172247	0.000000	0.000092	117.401685	4.0
670	6561.739010	0.000000	0.000092	101.486316	5.3
671	6930.516131	0.000000	0.000092	146.719211	3.6
672	6635.052294	0.000000	0.000092	105.576470	3.5
673	6928.128413	0.000000	0.000092	113.643058	5.3
674	6919.054586	0.000000	0.000092	146.731276	3.5
675	6971.018144	0.000000	0.000092	123.175377	5.0
676	6765.538379	0.000000	0.000092	101.825475	3.7
677	6675.664249	0.000000	0.000092	166.674034	5.7
678	6655.634767	0.000000	0.000092	97.261613	3.1
679	6602.055971	0.000000	0.000092	126.992108	3.1
680	6826.934869	0.000000	0.000092	103.823301	3.3
681	7082.001977	0.000000	0.000092	96.893863	3.2
682	6663.139496	0.000000	0.000092	92.244717	3.4
683	6698.744424	0.000000	0.000092	137.281986	6.0
684	6864.253281	0.000000	0.000092	111.371777	3.3
685	7170.776016	0.000000	0.000092	122.641526	3.9
686	6803.528890	0.000000	0.000092	129.972765	3.9
687	6669.737084	0.000000	0.000092	90.920499	3.9
688	6866.278889	0.000000	0.000092	94.808155	3.6
689	6748.878502	0.000000	0.000092	143.098643	7.4
690	6725.180448	0.000000	0.000092	166.315206	4.9
691	6914.212616	0.000000	0.000092	116.380642	4.1
692	6752.736449	0.000000	0.000092	129.971155	4.8
693	6963.950242	0.000000	0.000092	164.829571	5.4
694	6743.669376	0.000000	0.000092	98.832284	6.0
695	6889.674730	0.000000	0.000092	112.219636	4.4
696	7135.090599	0.000000	0.000092	159.111362	3.7
697	6478.957174	0.000000	0.000092	131.636038	5.7
698	6904.071790	0.001289	0.000092	220.001952	3.6
699	6630.614660	0.000000	0.000092	153.039875	3.4
700	6525.006001	0.000000	0.000092	122.898034	3.6
701	6753.474465	0.000000	0.000092	257.533539	3.6
702	6712.595245	0.000310	0.000092	103.419635	5.6
703	6608.176187	0.000000	0.000092	112.019672	3.1
704	6885.602605	0.000000	0.000092	142.682601	4.6
705	6665.627979	0.000000	0.000092	147.064509	6.5
706	6630.634226	0.000000	0.000092	109.911221	4.0
707	6537.417534	0.000000	0.000092	115.235102	3.5
708	6869.653720	0.000000	0.000092	99.492676	3.3
709	6895.348678	0.000000	0.000092	104.450852	4.1
710	6947.748790	0.000000	0.000092	135.561028	4.9
711	7038.148996	0.000000	0.000092	102.247823	2.8
712	6895.458822	0.000000	0.000092	138.507349	3.0
713	6818.186626	0.000000	0.000092	101.686419	3.4
714	6681.509767	0.000000	0.000092	107.916888	3.7
715	6604.187939	0.000000	0.000092	127.190473	2.7
716	6889.147267	0.000000	0.000092	130.764196	4.4
717	6802.164709	0.000000	0.000092	94.709103	5.0
718	6511.267556	0.000000	0.000092	135.683504	2.9
719	6911.736749	0.000000	0.000092	133.455443	4.6
720	6483.614319	0.000039	0.000092	111.454271	4.0
721	6797.990227	0.000000	0.000092	143.436359	4.4
722	6967.738621	0.000000	0.000092	135.713910	5.3
723	7130.780290	0.000000	0.000092	123.818546	3.6
724	6979.022921	0.000000	0.000092	115.579375	3.6
725	6603.712782	0.000000	0.000092	154.442398	3.5
726	6541.152254	0.000000	0.000092	92.071369	3.6
727	6704.987852	0.000000	0.000092	161.043061	3.6
728	6721.100025	0.000000	0.000092	137.801465	5.2
729	6998.552589	0.001987	0.000092	132.166600	5.1
730	6584.630730	0.001870	0.000092	170.208728	5.1
731	6818.778102	0.002390	0.000092	125.506585	4.7
732	6677.067106	0.000000	0.000092	136.819307	4.8
733	6767.335621	0.000000	0.000092	111.443343	4.8
734	7106.747145	0.000000	0.000092	129.125719	3.7
735	6844.873674	0.000000	0.000092	127.023319	5.4
736	6621.291561	0.000000	0.000092	145.063592	4.9
737	6658.721666	0.000000	0.000092	126.236066	5.0
738	6694.896685	0.000000	0.000092	129.413005	5.1
739	6529.505252	0.000000	0.000092	123.023614	5.4
740	6715.851799	0.000000	0.000092	112.695348	4.5
741	6623.903341	0.000000	0.000092	109.107438	4.9
742	6807.657982	0.000000	0.000092	113.834384	5.0
743	6710.273904	0.000000	0.000092	120.778222	5.8
744	6798.839588	0.000000	0.000092	130.074330	3.7
745	7163.689273	0.000000	0.000092	148.692109	3.6
746	6800.926643	0.000000	0.000092	92.527431	3.7
747	6696.897930	0.000000	0.000092	102.510305	3.3
748	6540.468086	0.000000	0.000092	119.176886	3.4
749	6749.359618	0.000000	0.000092	93.812326	5.3
750	7095.352426	0.000000	0.000092	122.758842	3.0
751	6889.633425	0.000000	0.000092	165.717437	3.2
752	6985.208763	0.000000	0.000092	146.291656	3.5
753	6817.482436	0.002133	0.000092	122.294911	5.1
754	6676.578449	0.000000	0.000092	93.548567	5.3
755	6724.336945	0.000000	0.000092	145.509052	4.5
756	6553.516725	0.000000	0.000092	108.169997	5.2
757	6849.832420	0.000000	0.000092	150.261970	5.9
758	6666.890464	0.000000	0.000092	129.514293	5.4
759	6637.490642	0.000450	0.000092	128.745423	3.9
760	6699.817221	0.000000	0.000092	102.223711	3.7
761	6413.752703	0.000000	0.000092	109.387852	3.7
762	6642.287319	0.000000	0.000092	108.316013	5.4
763	6919.961876	0.000000	0.000092	102.546883	3.6
764	6699.622656	0.000000	0.000092	134.632352	3.4
765	6439.937785	0.000000	0.000092	163.530353	3.6
766	6825.510076	0.000000	0.000092	114.787478	3.7
767	6854.767431	0.000000	0.000092	99.821681	4.8
768	6512.655346	0.000000	0.000092	115.199151	4.5
769	6530.317839	0.000000	0.000092	159.591757	4.7
770	6815.014217	0.000000	0.000092	160.888314	5.3
771	6640.825262	0.001651	0.000092	120.308379	4.5
772	6644.945115	0.000000	0.000092	181.600368	4.0
773	7042.033736	0.000000	0.000092	119.807400	4.1
774	6493.616272	0.000000	0.000092	121.747872	4.5
775	6785.106027	0.000000	0.000092	109.827314	3.6
776	6510.687441	0.000000	0.000092	154.380327	3.5
777	6823.133557	0.000000	0.000092	120.346094	4.6
778	6749.817230	0.001224	0.000092	128.119321	4.1
779	6684.669479	0.000000	0.000092	133.673164	5.0
780	6539.111040	0.000000	0.000092	107.077487	5.0
781	6845.032976	0.000000	0.000092	112.496602	4.3
782	6728.613290	0.000000	0.000092	104.056613	6.0
783	6777.713816	0.000000	0.000092	106.435306	4.2
784	6707.351271	0.000000	0.000092	154.272311	4.9
785	6840.184392	0.000000	0.000092	158.010407	5.2
786	6833.921450	0.000000	0.000092	116.200932	4.0
787	6717.290753	0.000000	0.000092	102.673894	5.1
788	6568.961116	0.000000	0.000092	158.340080	3.9
789	6890.493742	0.000000	0.000092	106.068660	4.8
790	6792.035096	0.000000	0.000092	100.415101	5.2
791	6797.447772	0.000000	0.000092	155.416062	5.1
792	6772.613533	0.000000	0.000092	94.201359	5.2
793	6771.874733	0.000000	0.000092	135.299230	5.2
794	6771.124391	0.000000	0.000092	117.020468	6.6
795	6552.783327	0.000000	0.000092	142.101202	2.7
796	6820.268990	0.000000	0.000092	113.482552	2.7
797	6504.255662	0.000000	0.000092	116.142148	5.2
798	6469.146224	0.000000	0.000092	87.585208	3.1
799	6634.912727	0.000000	0.000092	99.638690	6.1
800	6995.498789	0.000000	0.000092	112.564684	4.9
801	6957.582836	0.000000	0.000092	151.767815	5.3
802	6801.341579	0.000000	0.000092	120.572965	3.5
803	6603.236737	0.000423	0.000092	120.927336	4.1
804	6689.829588	0.000000	0.000092	114.062365	4.4
805	6738.105765	0.000000	0.000092	120.151428	5.1
806	6505.658613	0.000000	0.000092	128.114025	5.4
807	6698.143239	0.000000	0.000092	102.262080	4.8
808	6874.654395	0.000000	0.000092	108.490970	4.9
809	6575.052934	0.000000	0.000092	117.570704	5.8
810	6769.603824	0.000000	0.000092	130.612809	4.4
811	6549.630133	0.000000	0.000092	119.886719	5.4
812	6720.915056	0.000000	0.000092	94.032853	5.5
813	6721.317528	0.000000	0.000092	85.517688	5.6
814	6845.404064	0.000000	0.000092	185.619698	5.2
815	6727.350735	0.000000	0.000092	122.852794	4.3
816	6833.468040	0.000000	0.000092	88.720530	3.7
817	6603.631954	0.000000	0.000092	124.964341	3.2
818	6707.282039	0.000000	0.000092	116.406546	3.2
819	6668.108958	0.000000	0.000092	101.819467	6.8
820	6829.733529	0.000000	0.000092	103.744289	4.4
821	6738.440523	0.000000	0.000092	162.128839	4.1
822	6701.744883	0.000000	0.000092	92.661761	3.2
823	6885.614218	0.000000	0.000092	142.260468	3.3
824	6648.938729	0.000000	0.000092	109.952330	4.3
825	6468.857509	0.000000	0.000092	87.492782	4.8
826	6665.450049	0.000000	0.000092	164.215417	5.0
827	6411.591028	0.000000	0.000092	182.163138	4.4
828	7026.133660	0.005027	0.000092	83.412635	4.5
829	6706.190740	0.002690	0.000092	104.346170	5.4
830	6836.428777	0.000822	0.000092	116.502699	3.9
831	6485.139777	0.000000	0.000092	134.956632	3.9
832	6467.397509	0.000000	0.000092	131.845868	4.1
833	6484.702768	0.000105	0.000092	163.170238	3.8
834	6438.828431	0.002237	0.000092	111.655869	3.6
835	6452.487963	0.000000	0.000092	130.641926	3.7
836	6649.634319	0.000000	0.000092	99.487678	4.8
837	6634.084508	0.000000	0.000092	114.970080	3.4
838	6794.997672	0.000000	0.000092	152.268742	3.3
839	6768.238715	0.000000	0.000092	87.239586	5.3
840	6749.738175	0.000000	0.000092	110.123281	3.3
841	6686.721560	0.000000	0.000092	85.220482	3.6
842	6682.368450	0.000000	0.000092	105.553577	5.2
843	6764.420215	0.000000	0.000092	208.238278	4.9
844	6619.753658	0.000000	0.000092	128.020879	5.9
845	6775.908608	0.000000	0.000092	88.698395	4.8
846	6546.815991	0.000000	0.000092	111.565360	5.0
847	6532.083416	0.000000	0.000092	95.689626	4.4
848	6574.366907	0.000000	0.000092	109.954034	4.3
849	6624.002228	0.000000	0.000092	91.390428	4.7
850	6392.565007	0.000000	0.000092	117.506841	4.7
851	6434.158548	0.000000	0.000092	113.950848	4.5
852	6797.112171	0.000000	0.000092	171.966084	4.1
853	6558.633081	0.000000	0.000092	98.744063	7.4
854	6673.103320	0.000000	0.000092	98.711025	4.4
855	6351.292393	0.000000	0.000092	158.010242	4.7
856	6846.141675	0.000000	0.000092	150.522459	5.2
857	6678.154179	0.003049	0.000092	89.323619	4.6
858	6477.132766	0.000597	0.000092	119.234194	3.9
859	6762.933196	0.000000	0.000092	87.658759	5.4
860	6394.977919	0.000000	0.000092	182.172857	3.2
861	6480.091802	0.000000	0.000092	82.299311	3.7
862	6763.576337	0.000000	0.000092	118.064010	4.0
863	6585.320881	0.000000	0.000092	132.996132	4.2
864	6744.131384	0.000000	0.000092	122.545705	4.2
865	6665.907924	0.000000	0.000092	90.561307	3.4
866	6661.598463	0.000000	0.000092	137.530096	4.0
867	6641.395824	0.000000	0.000092	143.264834	4.6
868	6741.838515	0.000900	0.000092	95.893874	4.7
869	6668.431351	0.000000	0.000092	119.506917	4.0
870	6620.195475	0.000000	0.000092	105.203438	3.7
871	6442.442930	0.000000	0.000092	188.063235	3.6
872	6605.493261	0.000000	0.000092	97.404438	4.3
873	6593.232225	0.000000	0.000092	91.346267	3.4
874	6577.546558	0.000000	0.000092	108.754396	4.1
875	6840.146689	0.000000	0.000092	181.898695	3.1
876	6738.706942	0.000000	0.000092	115.671477	3.1
877	6189.823731	0.000000	0.000092	141.535855	5.9
878	6631.189958	0.000000	0.000092	191.618718	4.6
879	6791.028517	0.000000	0.000092	150.344580	4.6
880	6641.073264	0.000164	0.000092	94.712889	4.5
881	6575.668059	0.000000	0.000092	135.196883	4.1
882	6503.119572	0.000000	0.000092	111.367502	3.1
883	6864.007770	0.000000	0.000092	122.723809	3.1
884	6340.061031	0.000000	0.000092	171.612207	5.9
885	6506.926970	0.000000	0.000092	124.831891	3.8
886	6637.698706	0.000000	0.000092	97.113362	3.1
887	6660.093738	0.000000	0.000092	124.587373	5.5
888	6545.253777	0.000000	0.000092	96.187498	5.4
889	6700.900285	0.000000	0.000092	124.856657	4.8
890	6618.842119	0.000000	0.000092	149.933225	4.7
891	6795.988646	0.000000	0.000092	193.516112	4.9
892	6562.621450	0.000000	0.000092	158.940013	4.7
893	6713.921245	0.000000	0.000092	120.584356	4.7
894	6527.222057	0.000000	0.000092	113.745463	3.8
895	6617.836447	0.000000	0.000092	126.044415	4.3
896	6419.338366	0.000000	0.000092	115.984503	4.5
897	6502.987173	0.000000	0.000092	103.273530	4.2
898	6546.084068	0.000000	0.000092	158.786846	4.5
899	6560.381984	0.000000	0.000092	122.686733	5.9
900	6396.776033	0.000470	0.000092	116.254585	4.2
901	6584.403842	0.000000	0.000092	141.538869	4.5
902	6724.416123	0.000000	0.000092	117.608553	4.6
903	6623.139363	0.000000	0.000092	101.931925	4.0
904	6667.979437	0.000000	0.000092	88.792614	3.1
905	6934.291948	0.000000	0.000092	146.445152	3.1
906	6487.056863	0.000000	0.000092	91.298170	6.1
907	6757.562742	0.000000	0.000092	103.782864	3.1
908	6590.187068	0.000000	0.000092	103.101959	3.1
909	6849.322390	0.000000	0.000092	87.210434	3.6
910	6674.399817	0.000000	0.000092	97.430181	3.0
911	6474.655081	0.000000	0.000092	101.520407	5.5
912	6481.912546	0.000000	0.000092	123.116360	3.6
913	6488.016360	0.000000	0.000092	120.851295	3.4
914	6681.162235	0.000000	0.000092	138.639138	4.6
915	6455.718579	0.000560	0.000092	86.510219	5.1
916	6591.713230	0.000000	0.000092	118.607864	3.5
917	6666.754297	0.000000	0.000092	142.685217	5.2
918	6456.386879	0.000000	0.000092	91.497359	4.0
919	6539.370485	0.000000	0.000092	143.497857	3.9
920	6455.685736	0.000000	0.000092	194.069757	3.9
921	6403.846910	0.000000	0.000092	86.451822	5.5
922	6552.461724	0.000000	0.000092	82.372416	3.1
923	6612.383731	0.000000	0.000092	166.354629	3.2
924	6576.582100	0.000000	0.000092	78.017070	3.2
925	6623.527582	0.000000	0.000092	83.369762	3.1
926	6686.003572	0.000000	0.000092	103.622514	5.0
927	6621.241201	0.000000	0.000092	113.324842	3.3
928	6469.417301	0.000000	0.000092	100.033641	3.3
929	6863.801706	0.000000	0.000092	157.214611	4.7
930	6939.382409	0.000129	0.000092	175.843670	5.1
931	6991.329764	0.000000	0.000092	127.187976	4.5
932	6521.424061	0.000567	0.000092	184.986372	5.1
933	6561.534918	0.000673	0.000092	136.558599	5.1
934	6652.038082	0.000000	0.000092	140.943013	5.3
935	6415.777792	0.000000	0.000092	96.964314	6.4
936	6669.648004	0.000000	0.000092	105.773973	5.9
937	6482.541340	0.000000	0.000092	107.706820	5.7
938	6699.225789	0.000000	0.000092	151.932838	6.1
939	6629.685473	0.000000	0.000092	129.461873	5.3
940	6800.573814	0.000000	0.000092	144.459682	4.9
941	6668.704468	0.000000	0.000092	131.254964	8.0
942	6487.260997	0.000000	0.000092	140.763558	3.1
943	6375.439678	0.001181	0.000092	104.527829	4.4
944	6486.386873	0.000000	0.000092	93.355422	3.1
945	6453.976543	0.000000	0.000092	138.768783	5.1
946	6633.598107	0.000000	0.000092	115.241408	2.8
947	6852.429407	0.000000	0.000092	112.354538	2.8
948	6816.059814	0.000000	0.000092	101.818474	2.8
949	6343.764025	0.000000	0.000092	93.720679	3.2
950	6630.053249	0.000000	0.000092	126.520653	4.2
951	6396.593333	0.000000	0.000092	167.085915	5.9
952	6413.900378	0.001726	0.000092	90.347278	4.1
953	6889.545982	0.000000	0.000092	146.123238	6.2
954	6859.765766	0.000000	0.000092	188.932535	5.2
955	6537.567975	0.000000	0.000092	85.699022	5.2
956	6594.423138	0.000000	0.000092	88.249762	4.9
957	6552.613016	0.000000	0.000092	190.054626	5.0
958	6642.703267	0.000000	0.000092	186.640083	4.1
959	6408.522214	0.004704	0.000092	95.753276	3.7
960	6724.180149	0.001826	0.000092	92.631731	3.6
961	6529.840922	0.000000	0.000092	136.883647	2.8
962	6802.191265	0.000000	0.000092	146.955708	3.1
963	6422.087453	0.000000	0.000092	85.001777	6.0
964	6865.988672	0.000000	0.000092	120.458159	4.4
965	6562.672337	0.000000	0.000092	174.453519	4.8
966	6459.430407	0.001586	0.000092	112.934330	4.6
967	6687.173922	0.000000	0.000092	116.585708	4.2
968	6449.339528	0.000000	0.000092	108.889017	4.8
969	6535.862956	0.000000	0.000092	111.494410	4.8
970	6513.454845	0.000000	0.000092	182.465130	4.0
971	6414.335817	0.001588	0.000092	108.880008	5.1
972	6538.463073	0.000000	0.000092	151.301359	4.9
973	6476.276771	0.000000	0.000092	82.138522	3.7
974	6801.039565	0.000000	0.000092	104.014881	4.6
975	6551.825365	0.000000	0.000092	186.035281	4.5
976	6488.682818	0.000042	0.000092	98.726515	4.7
977	6380.737026	0.000000	0.000092	90.386002	3.9
978	6458.146789	0.000000	0.000092	93.600852	4.4
979	6636.960594	0.000000	0.000092	88.228938	4.4
980	6423.178135	0.000000	0.000092	99.122644	5.4
981	6540.265814	0.000000	0.000092	103.554833	5.5
982	6479.998921	0.000000	0.000092	97.781231	4.7
983	6442.638410	0.000000	0.000092	105.259684	5.4
984	6423.324050	0.000000	0.000092	100.414322	4.8
985	6769.717042	0.000000	0.000092	143.812828	3.8
986	6505.807745	0.000000	0.000092	102.444159	3.9
987	6584.765585	0.000000	0.000092	105.266255	3.6
988	6741.771575	0.000000	0.000092	85.710647	4.0
989	6757.239695	0.000000	0.000092	118.989347	3.5
990	6797.922931	0.000000	0.000092	176.079645	4.3
991	6645.772809	0.000000	0.000092	100.564138	4.1
992	6789.770919	0.000000	0.000092	125.079828	5.6
993	6597.304496	0.000000	0.000092	123.277582	3.9
994	6571.456699	0.000000	0.000092	97.247031	4.3
995	6807.699386	0.000000	0.000092	118.045391	5.1
996	6544.325426	0.000000	0.000092	107.736415	4.6
997	6641.563747	0.000000	0.000092	98.151869	5.0
998	6632.722407	0.000000	0.000092	98.781626	3.5
999	6748.365971	0.000000	0.000092	162.384516	4.2
1000	6831.536337	0.000000	0.000092	120.941365	4.5
1001	6544.713960	0.000000	0.000092	90.743416	3.8
1002	6440.516429	0.000000	0.000092	146.334328	4.2
1003	6498.012780	0.000000	0.000092	134.197320	3.0
1004	6559.176564	0.000000	0.000092	78.367273	4.2
1005	6452.378071	0.000000	0.000092	102.867364	4.3
1006	6743.245332	0.000000	0.000092	154.488524	3.2
1007	6674.357833	0.000895	0.000092	140.640888	4.9
1008	6412.235618	0.000000	0.000092	130.823027	4.1
1009	6509.325134	0.000000	0.000092	123.771529	4.9
1010	6484.479107	0.000000	0.000092	92.190534	5.2
1011	6679.847968	0.000000	0.000092	119.733884	5.1
1012	6434.910844	0.000000	0.000092	131.948649	5.1
1013	6660.577082	0.000000	0.000092	105.405223	5.3
1014	6788.445010	0.000000	0.000092	131.939568	5.3
1015	6640.146273	0.000000	0.000092	81.133229	5.9
1016	6473.567177	0.000000	0.000092	89.766873	5.4
1017	6738.064531	0.000000	0.000092	87.233117	5.1
1018	6553.062550	0.000000	0.000092	118.370749	6.6
1019	6704.621746	0.000000	0.000092	90.171079	4.3
1020	6646.026956	0.000000	0.000092	95.108992	4.3
1021	6589.633005	0.000000	0.000092	86.947440	4.0
1022	6587.454160	0.000000	0.000092	126.771525	4.2
1023	6511.871043	0.000000	0.000092	77.749926	5.5
1024	6592.725025	0.000000	0.000092	172.713607	5.8
1025	6722.376755	0.000000	0.000092	125.698510	4.2
1026	6846.916453	0.002442	0.000092	114.082662	3.4
1027	6467.919015	0.000000	0.000092	82.918414	5.7
1028	6521.869490	0.000000	0.000092	148.446709	4.3
1029	6557.480797	0.000000	0.000092	98.143534	5.5
1030	6422.107833	0.000000	0.000092	108.997222	6.0
1031	6616.647388	0.000000	0.000092	97.746666	5.2
1032	6440.855646	0.000000	0.000092	90.913359	5.1
1033	6826.881358	0.000000	0.000092	135.119563	5.6
1034	6530.012248	0.000000	0.000092	99.846603	4.3
1035	6437.014208	0.000000	0.000092	163.146013	4.3
1036	6539.414033	0.000191	0.000092	103.995635	4.9
1037	6594.334583	0.000000	0.000092	90.696028	5.6
1038	6733.911463	0.000000	0.000092	132.054682	4.6
1039	6532.810377	0.000000	0.000092	111.371094	5.8
1040	6237.793365	0.000000	0.000092	83.803372	3.8
1041	6625.159740	0.000000	0.000092	100.337859	4.1
1042	6635.076275	0.000000	0.000092	106.822672	4.8
1043	6597.820827	0.000000	0.000092	111.112449	5.0
1044	6399.228364	0.000000	0.000092	112.278931	4.2
1045	6537.279440	0.000000	0.000092	77.740236	4.0
1046	6717.082699	0.000000	0.000092	117.050087	5.6
1047	6478.967473	0.000000	0.000092	122.798074	4.8
1048	6465.945110	0.000000	0.000092	236.053361	5.0
1049	6676.178075	0.000000	0.000092	123.154808	4.4
1050	6640.314333	0.000854	0.000092	154.905171	4.3
1051	6544.798637	0.000000	0.000092	161.075007	4.5
1052	6592.677246	0.000000	0.000092	150.083348	5.3
1053	6740.356684	0.000000	0.000092	82.588216	4.4
1054	6644.984925	0.000000	0.000092	84.519244	5.1
1055	6430.101496	0.000000	0.000092	94.416237	5.2
1056	6499.327805	0.000000	0.000092	90.482830	3.9
1057	6700.851892	0.000000	0.000092	96.809186	4.0
1058	6672.531403	0.000000	0.000092	121.948163	4.6
1059	6491.907681	0.000000	0.000092	106.154364	3.7
1060	6567.037380	0.000000	0.000092	100.039098	4.7
1061	6631.192612	0.000000	0.000092	122.451478	5.7
1062	6598.930903	0.000000	0.000092	84.196738	5.1
1063	6512.318670	0.000000	0.000092	95.656822	5.0
1064	6537.414352	0.000000	0.000092	96.272035	4.9
1065	6353.496626	0.000000	0.000092	123.897731	5.4
1066	6439.054403	0.000000	0.000092	147.109594	4.0
1067	6535.075861	0.000272	0.000092	115.944234	4.1
1068	6739.459757	0.001480	0.000092	104.679341	4.6
1069	6463.721973	0.000731	0.000092	99.142023	3.7
1070	6729.726416	0.000350	0.000092	87.114266	3.8
1071	6684.269948	0.000000	0.000092	112.859766	6.4
1072	6514.885037	0.000000	0.000092	108.048529	5.1
1073	6314.964612	0.000000	0.000092	97.550490	5.1
1074	6516.407456	0.000000	0.000092	103.451089	4.8
1075	6678.245508	0.000000	0.000092	95.007432	4.0
1076	6265.043981	0.000000	0.000092	106.769840	4.6
1077	6451.527971	0.000000	0.000092	106.957808	5.0
1078	6771.220002	0.000000	0.000092	106.252286	4.8
1079	6572.457440	0.000000	0.000092	108.168928	4.8
1080	6539.454266	0.000000	0.000092	153.128407	5.8
1081	6369.522449	0.000000	0.000092	153.342367	5.5
1082	6406.320204	0.003110	0.000092	122.625181	4.3
1083	6663.356762	0.002710	0.000092	144.333277	4.3
1084	6461.437921	0.002295	0.000092	135.920329	4.8
1085	6750.186199	0.004655	0.000092	112.892027	4.8
1086	6287.675298	0.005049	0.000092	107.037904	5.3
1087	6644.405916	0.002887	0.000092	118.235318	5.3
1088	6360.191169	0.001952	0.000092	119.664166	4.4
1089	6603.864743	0.000000	0.000092	91.257054	4.3
1090	6717.742145	0.000000	0.000092	127.072573	4.6
1091	6293.247590	0.000000	0.000092	100.145378	3.8
1092	6752.442406	0.000000	0.000092	144.920857	3.6
1093	6470.271895	0.000000	0.000092	94.787287	4.1
1094	6529.913224	0.000000	0.000092	94.490124	3.8
1095	6692.241754	0.000000	0.000092	157.580836	4.3
1096	6618.706028	0.000991	0.000092	87.244122	3.9
1097	6633.272475	0.000000	0.000092	130.174799	4.1
1098	6599.721693	0.000000	0.000092	151.713555	4.5
1099	6285.490846	0.000000	0.000092	111.653771	4.2
1100	6543.022568	0.000000	0.000092	149.179670	3.6
1101	6482.790779	0.000000	0.000092	76.482264	4.4
1102	6425.042433	0.000000	0.000092	101.739277	3.8
1103	6476.246969	0.000000	0.000092	98.964104	3.9
1104	6920.183438	0.000000	0.000092	128.302835	6.1
1105	6171.117495	0.000000	0.000092	141.682446	5.6
1106	6281.944449	0.000055	0.000092	199.243461	4.6
1107	6356.716388	0.000000	0.000092	88.908236	3.7
1108	6624.782334	0.000000	0.000092	102.076226	5.0
1109	6424.714272	0.000000	0.000092	100.975009	5.2
1110	6652.538315	0.000000	0.000092	127.105649	5.1
1111	6656.166098	0.000012	0.000092	145.102211	5.8
1112	6310.894635	0.000000	0.000092	126.149960	4.5
1113	6523.832978	0.000000	0.000092	116.828455	4.2
1114	6428.666319	0.000000	0.000092	120.097572	4.2
1115	6575.415725	0.001021	0.000092	215.849484	4.3
1116	6159.978494	0.000000	0.000092	101.842738	4.4
1117	6549.810165	0.003264	0.000092	85.996189	5.2
1118	6490.015805	0.001042	0.000092	100.337979	5.6
1119	6429.401373	0.000000	0.000092	129.454489	4.7
1120	6531.250941	0.000000	0.000092	72.144854	5.8
1121	6587.230469	0.000000	0.000092	92.101144	5.1
1122	6313.682556	0.000000	0.000092	87.895382	4.0
1123	6172.028867	0.000000	0.000092	194.665157	4.2
1124	6343.492730	0.000000	0.000092	89.005589	4.8
1125	6626.631883	0.000000	0.000092	152.383995	3.0
1126	6490.989567	0.000000	0.000092	171.194524	3.0
1127	6617.409429	0.000000	0.000092	82.965307	5.9
1128	6300.029992	0.000000	0.000092	152.963346	4.4
1129	6376.129660	0.000000	0.000092	128.748373	3.5
1130	6625.897041	0.000224	0.000092	133.898510	4.4
1131	6255.623808	0.000000	0.000092	86.249229	4.9
1132	6730.760795	0.000000	0.000092	108.293619	3.1
1133	6752.360182	0.000000	0.000092	118.008427	3.1
1134	6613.901337	0.000869	0.000092	148.157596	5.7
1135	6699.592496	0.002417	0.000092	89.116824	3.1
1136	6627.848318	0.000079	0.000092	91.292092	3.8
1137	6632.036605	0.000000	0.000092	113.932646	3.3
1138	6215.697736	0.000000	0.000092	114.830137	3.4
1139	6524.672394	0.001149	0.000092	95.459339	4.0
1140	6495.465253	0.000759	0.000092	103.299500	3.0
1141	6428.638165	0.000508	0.000092	99.159307	3.1
1142	6365.732033	0.000000	0.000092	71.565674	3.1
1143	6456.271235	0.000000	0.000092	91.140931	4.3
1144	6270.198934	0.000000	0.000092	86.539644	3.6
1145	6503.282425	0.000000	0.000092	141.059950	3.0
1146	6614.354911	0.000000	0.000092	108.878459	3.1
1147	6430.372989	0.000000	0.000092	88.878102	4.3
1148	6631.779480	0.000000	0.000092	134.596692	4.8
1149	6543.455988	0.000000	0.000092	88.346330	3.2
1150	6284.303121	0.000000	0.000092	92.491540	5.1
1151	6550.901704	0.000000	0.000092	128.890945	3.3
1152	6449.971396	0.000000	0.000092	77.263059	6.4
1153	6381.418261	0.000000	0.000092	121.335752	3.9
1154	6465.843598	0.000000	0.000092	168.525710	4.8
1155	6351.143400	0.000000	0.000092	127.856630	4.8
1156	6657.288447	0.000000	0.000092	108.193575	8.5
1157	6360.702798	0.000000	0.000092	100.942618	5.0
1158	6417.891422	0.000000	0.000092	100.788259	7.4
1159	6503.187435	0.000000	0.000092	152.500614	5.5
1160	6541.073891	0.001225	0.000092	248.770450	5.3
1161	6390.873222	0.000000	0.000092	130.904477	5.3
1162	6550.249541	0.009085	0.000092	115.563881	5.6
1163	6407.059247	0.008092	0.000092	112.263018	7.7
1164	6740.982969	0.006696	0.000092	89.693514	5.4
1165	6581.768679	0.004988	0.000092	128.262222	4.3
1166	6527.034344	0.002960	0.000092	168.781300	3.9
1167	6635.237966	0.005353	0.000092	195.914461	3.8
1168	6510.277318	0.011975	0.000092	77.800479	3.5
1169	6552.745217	0.012699	0.000092	208.187213	5.0
1170	6515.818297	0.012669	0.000092	116.550421	3.3
1171	6479.042789	0.016473	0.000092	86.581194	3.3
1172	6373.234326	0.015909	0.000092	93.511362	3.3
1173	6554.967733	0.013943	0.000092	68.679736	6.3
1174	6728.894958	0.013024	0.000092	89.125504	5.3
1175	6578.042178	0.011781	0.000092	133.396110	4.1
1176	6484.681628	0.011337	0.000092	124.833907	4.0
1177	6509.010075	0.012170	0.000092	81.054065	3.0
1178	6513.366432	0.010510	0.000092	108.475910	2.8
1179	6330.897139	0.009549	0.000092	78.558859	3.0
1180	6468.277453	0.008420	0.000092	95.005267	7.2
1181	6566.389771	0.007535	0.000092	96.358000	2.9
1182	6704.293306	0.006712	0.000092	100.374653	2.6
1183	6313.556041	0.005824	0.000092	170.031695	3.6
1184	6689.623552	0.006563	0.000092	103.385528	2.7
1185	6587.157880	0.008351	0.000092	100.924671	2.4
1186	6576.876045	0.007562	0.000092	98.385882	2.6
1187	6183.901921	0.006211	0.000092	100.555126	9.2
1188	6673.416379	0.003898	0.000092	146.261020	5.0
1189	6563.279519	0.004379	0.000092	92.515384	4.6
1190	6453.971523	0.001586	0.000092	101.891517	3.9
1191	6650.337164	0.000844	0.000092	130.982619	2.9
1192	6469.662203	0.001385	0.000092	144.653316	5.0
1193	6485.483012	0.000000	0.000092	167.425269	3.2
1194	6213.188287	0.003605	0.000092	151.359860	3.2
1195	6593.171552	0.000578	0.000092	85.347760	3.7
1196	6819.460059	0.000000	0.000092	144.156605	3.6
1197	6385.571011	0.000000	0.000092	80.545345	3.5
1198	6647.420883	0.000000	0.000092	96.931663	3.3
1199	6354.726496	0.000000	0.000092	153.228381	3.5
1200	6694.111740	0.000000	0.000092	106.899259	7.1
1201	6500.628999	0.000000	0.000092	78.372967	3.7
1202	6235.186631	0.000000	0.000092	78.816271	3.7
1203	6335.101278	0.000000	0.000092	87.339150	5.4
1204	6566.842809	0.000000	0.000092	144.163658	4.1
1205	6483.035994	0.000000	0.000092	78.732163	3.8
1206	6263.070394	0.000000	0.000092	124.038119	4.0
1207	6401.165853	0.000000	0.000092	74.501612	3.4
1208	6390.346134	0.000000	0.000092	96.987744	3.3
1209	6314.708128	0.000000	0.000092	87.788752	3.5
1210	6606.544365	0.000000	0.000092	108.211608	5.6
1211	6430.350867	0.000000	0.000092	178.701805	4.9
1212	6292.544588	0.000000	0.000092	85.314721	3.7
1213	6383.962306	0.000031	0.000092	83.937581	3.8
1214	6536.907727	0.000000	0.000092	152.247163	3.9
1215	6476.206731	0.000314	0.000092	136.192254	3.8
1216	6521.853365	0.000000	0.000092	120.405915	5.7
1217	6697.405778	0.000000	0.000092	183.456750	4.8
1218	6469.971989	0.000000	0.000092	129.805619	5.1
1219	6466.179451	0.000000	0.000092	69.521083	4.8
1220	6426.028730	0.000000	0.000092	123.335510	5.0
1221	6605.970445	0.000000	0.000092	97.432208	5.5
1222	6541.297865	0.000000	0.000092	89.026538	4.4
1223	6331.721148	0.000000	0.000092	70.631268	3.3
1224	6368.389148	0.000000	0.000092	120.066563	3.6
1225	6157.037479	0.000000	0.000092	93.993000	5.1
1226	6752.715811	0.000000	0.000092	91.449518	3.1
1227	6398.662194	0.000000	0.000092	148.881575	4.6
1228	6406.184603	0.000000	0.000092	110.535298	7.1
1229	6662.739545	0.000166	0.000092	81.049363	3.4
1230	6324.873607	0.000000	0.000092	110.367596	3.8
1231	6356.992148	0.000000	0.000092	167.822289	3.6
1232	6478.461679	0.000000	0.000092	102.393750	3.7
1233	6392.579095	0.000000	0.000092	58.057282	3.8
1234	6569.961643	0.000000	0.000092	85.647548	3.9
1235	6248.259313	0.000000	0.000092	130.677419	4.8
1236	6608.147105	0.000000	0.000092	113.183693	4.4
1237	6463.823262	0.000000	0.000092	126.090910	4.1
1238	6293.911318	0.000000	0.000092	77.778676	4.0
1239	6481.836593	0.000000	0.000092	168.770228	3.9
1240	6232.883204	0.000000	0.000092	99.824764	4.5
1241	6494.936366	0.002669	0.000092	99.211840	3.5
1242	6578.933021	0.000053	0.000092	75.724630	3.5
1243	6491.504036	0.000000	0.000092	116.090521	3.3
1244	6276.829443	0.000000	0.000092	135.594351	3.9
1245	6688.151854	0.000304	0.000092	147.116606	4.0
1246	6418.957971	0.000889	0.000092	129.538004	6.2
1247	6473.671639	0.001182	0.000092	86.340817	4.2
1248	6363.867731	0.000011	0.000092	70.730436	6.2
1249	6527.025747	0.000000	0.000092	123.344384	3.7
1250	6244.150514	0.000000	0.000092	100.056214	3.5
1251	6368.640076	0.001392	0.000092	65.167758	3.6
1252	6308.890561	0.000671	0.000092	90.749858	3.3
1253	6395.299530	0.000000	0.000092	99.358675	6.6
1254	6525.442894	0.000000	0.000092	131.380925	3.6
1255	6312.303740	0.000620	0.000092	81.089803	3.7
1256	6175.406997	0.000000	0.000092	101.006100	4.0
1257	6330.302932	0.000000	0.000092	121.513476	5.3
1258	6520.219574	0.000437	0.000092	105.716660	3.9
1259	6550.172998	0.000660	0.000092	80.559937	4.7
1260	6670.354054	0.000000	0.000092	82.664818	4.4
1261	6280.137221	0.000000	0.000092	194.027029	5.1
1262	6611.135292	0.000000	0.000092	89.297898	5.4
1263	6363.383869	0.000000	0.000092	76.484875	5.2
1264	6370.886867	0.000000	0.000092	136.019856	4.9
1265	6444.949454	0.000000	0.000092	139.702421	4.8
1266	6605.608494	0.000000	0.000092	93.776212	4.5
1267	6037.297760	0.000000	0.000092	161.462786	4.4
1268	6576.506842	0.000000	0.000092	155.558507	5.0
1269	6509.803913	0.005457	0.000092	105.883384	5.1
1270	6344.422181	0.004894	0.000092	72.675170	6.4
1271	6342.099483	0.003927	0.000092	92.859567	5.2
1272	6767.618796	0.002571	0.000092	82.629362	6.3
1273	6374.925983	0.001903	0.000092	100.046451	5.1
1274	6462.092964	0.000822	0.000092	107.761698	4.8
1275	6645.850348	0.000000	0.000092	79.801548	4.8
1276	6391.067112	0.000000	0.000092	103.999491	4.4
1277	6459.025190	0.000000	0.000092	94.670479	4.8
1278	6293.408570	0.000000	0.000092	103.245727	5.5
1279	6513.311210	0.000000	0.000092	186.419437	4.7
1280	6339.138843	0.000000	0.000092	117.561845	3.8
1281	6337.208575	0.000000	0.000092	99.149127	4.9
1282	6370.556933	0.000000	0.000092	120.661033	5.1
1283	6594.439682	0.000000	0.000092	146.812432	4.9
1284	6212.527224	0.000000	0.000092	102.815451	4.9
1285	6669.764329	0.000000	0.000092	104.647141	3.9
1286	6421.101575	0.000000	0.000092	125.170441	5.2
1287	6326.384088	0.000000	0.000092	142.992705	3.7
1288	6476.508923	0.000000	0.000092	93.552095	3.6
1289	6627.756396	0.001700	0.000092	72.682704	3.7
1290	6260.471918	0.000749	0.000092	97.923183	3.4
1291	6122.062158	0.000000	0.000092	79.057112	5.4
1292	6303.128323	0.000000	0.000092	147.880718	3.3
1293	6495.451630	0.000000	0.000092	77.072814	3.9
1294	6513.131194	0.000000	0.000092	84.848406	3.4
1295	6337.708727	0.000000	0.000092	99.058103	4.5
1296	6443.725792	0.000000	0.000092	97.048016	3.9
1297	6495.223307	0.000000	0.000092	71.733674	3.7
1298	6412.449460	0.000000	0.000092	85.406318	4.7
1299	6420.305659	0.000000	0.000092	85.061160	2.9
1300	6418.416659	0.000000	0.000092	129.226895	5.2
1301	6394.639213	0.000000	0.000092	94.445211	4.0
1302	6290.536859	0.000000	0.000092	120.436068	4.7
1303	6383.009214	0.000000	0.000092	108.296899	4.9
1304	6427.035120	0.000000	0.000092	75.891258	4.2
1305	6541.678464	0.000000	0.000092	89.020646	3.3
1306	6563.683641	0.000000	0.000092	138.450150	3.3
1307	6551.507444	0.000000	0.000092	101.971391	3.8
1308	6551.387041	0.000000	0.000092	134.489450	3.6
1309	6497.320224	0.000000	0.000092	95.691047	4.3
1310	6523.846810	0.000000	0.000092	143.969275	3.6
1311	6384.743307	0.000000	0.000092	179.453023	2.8
1312	6464.986976	0.006152	0.000092	134.200511	6.2
1313	6439.789185	0.002510	0.000092	90.002837	4.7
1314	6487.835928	0.000141	0.000092	120.568585	5.4
1315	6412.408586	0.000000	0.000092	119.026975	5.6
1316	6515.149248	0.000000	0.000092	137.815359	3.6
1317	6507.398678	0.000000	0.000092	107.199267	3.6
1318	6494.914562	0.000737	0.000092	196.488687	4.1
1319	6346.592919	0.000000	0.000092	141.965615	5.1
1320	6507.843869	0.005303	0.000092	125.397420	3.9
1321	6443.588370	0.007309	0.000092	99.218598	7.9
1322	6702.571306	0.004279	0.000092	169.099839	5.7
1323	6485.315678	0.001391	0.000092	89.215726	5.5
1324	6470.250112	0.000000	0.000092	82.205390	4.6
1325	6303.564369	0.000000	0.000092	125.336812	5.0
1326	6205.838099	0.000000	0.000092	67.958867	6.7
1327	6406.509305	0.000000	0.000092	137.089055	4.5
1328	6571.257127	0.000000	0.000092	88.786048	4.8
1329	6589.353235	0.000000	0.000092	80.343999	5.4
1330	6570.961225	0.000000	0.000092	68.253240	4.2
1331	6322.319686	0.000000	0.000092	104.071579	4.5
1332	6324.716513	0.000000	0.000092	174.416894	4.2
1333	6451.530178	0.000000	0.000092	96.053801	4.1
1334	6410.226868	0.000000	0.000092	121.316551	4.0
1335	6401.932833	0.000000	0.000092	126.478177	5.2
1336	6365.377481	0.001161	0.000092	89.465945	4.9
1337	6369.105704	0.000000	0.000092	109.429673	4.9
1338	6273.669784	0.000000	0.000092	72.972883	4.9
1339	6222.609286	0.000000	0.000092	127.578230	4.4
1340	6162.581644	0.000000	0.000092	96.156546	3.4
1341	6428.994914	0.000000	0.000092	183.423477	3.1
1342	6507.187982	0.000000	0.000092	116.664925	4.4
1343	6656.314403	0.003766	0.000092	128.639303	5.2
1344	6282.388193	0.000450	0.000092	124.245192	6.6
1345	6528.054688	0.000000	0.000092	120.768865	6.4
1346	6357.873006	0.000000	0.000092	117.847974	6.0
1347	6383.352786	0.000000	0.000092	125.534632	4.9
1348	6483.501213	0.000000	0.000092	76.456337	6.4
1349	6576.084604	0.000000	0.000092	82.962327	3.1
1350	6603.350792	0.000000	0.000092	113.442172	2.8
1351	6291.492666	0.000000	0.000092	106.511416	5.6
1352	6327.102051	0.000047	0.000092	102.469336	2.9
1353	6354.054711	0.000000	0.000092	88.747862	2.9
1354	6287.247445	0.000000	0.000092	199.361273	3.2
1355	6439.219118	0.001760	0.000092	64.828773	3.1
1356	6503.254950	0.000242	0.000092	120.274580	4.8
1357	6412.201655	0.000000	0.000092	74.497912	2.9
1358	6382.171580	0.000000	0.000092	128.657942	2.9
1359	6665.916601	0.000000	0.000092	176.355090	2.8
1360	6339.688134	0.004967	0.000092	116.110698	3.2
1361	6495.989016	0.008106	0.000092	137.842063	3.9
1362	6312.814888	0.010397	0.000092	85.072039	2.9
1363	6677.906727	0.007829	0.000092	86.053754	5.1
1364	6206.642726	0.006567	0.000092	117.083297	2.9
1365	6145.793246	0.004382	0.000092	74.547757	5.3
1366	6454.805156	0.003550	0.000092	105.465440	3.2
1367	6572.678350	0.002907	0.000092	100.375745	4.3
1368	6482.466096	0.002622	0.000092	118.485351	3.9
1369	6368.228239	0.003268	0.000092	93.606825	4.4
1370	6640.781057	0.000955	0.000092	91.692781	3.7
1371	6464.378109	0.001218	0.000092	108.743693	3.7
1372	6263.008204	0.000000	0.000092	70.226401	3.9
1373	6638.484639	0.000000	0.000092	188.509353	5.7
1374	6535.236470	0.000000	0.000092	71.761859	3.1
1375	6493.809699	0.000000	0.000092	85.730902	3.1
1376	6250.912407	0.000000	0.000092	78.474019	3.3
1377	6074.001635	0.000000	0.000092	152.507568	5.6
1378	6308.301291	0.000278	0.000092	87.529610	6.5
1379	6428.263499	0.001407	0.000092	89.850363	5.2
1380	6430.836018	0.000620	0.000092	118.187147	5.0
1381	6325.594696	0.000097	0.000092	94.902772	5.3
1382	6395.856729	0.000049	0.000092	107.028547	5.7
1383	6401.845183	0.000000	0.000092	145.334566	6.0
1384	6506.878447	0.000000	0.000092	79.320987	9.0
1385	6260.685475	0.000000	0.000092	96.300802	5.2
1386	6324.996007	0.000000	0.000092	70.457503	4.7
1387	6461.712543	0.000000	0.000092	93.834931	5.2
1388	6075.306223	0.000000	0.000092	75.055741	4.4
1389	6252.053168	0.000000	0.000092	92.486129	3.3
1390	6380.667018	0.000000	0.000092	129.644173	3.7
1391	6300.850867	0.000000	0.000092	146.546137	3.7
1392	6400.216313	0.000000	0.000092	86.946943	4.0
1393	6418.977145	0.001902	0.000092	155.378754	4.8
1394	6571.080273	0.000000	0.000092	105.463155	5.5
1395	6463.584767	0.000000	0.000092	110.158760	4.6
1396	6238.185438	0.000597	0.000092	88.476275	3.3
1397	6449.280153	0.000586	0.000092	142.670633	2.8
1398	6267.825458	0.000000	0.000092	86.649462	5.7
1399	6459.169981	0.000000	0.000092	134.259983	3.4
1400	6483.625409	0.000000	0.000092	87.051724	6.7
1401	6477.993193	0.000161	0.000092	80.640153	3.7
1402	6461.182632	0.000142	0.000092	113.036844	4.0
1403	6120.754463	0.000000	0.000092	178.626425	5.5
1404	6475.526204	0.002761	0.000092	74.576968	5.0
1405	6464.346113	0.002397	0.000092	99.240862	3.9
1406	6674.547163	0.001445	0.000092	95.940719	3.8
1407	6415.774481	0.000000	0.000092	73.254844	4.0
1408	6556.455454	0.000000	0.000092	80.139423	6.7
1409	6299.787847	0.000000	0.000092	123.840179	4.3
1410	6466.772290	0.000000	0.000092	71.583021	3.8
1411	6389.019445	0.000000	0.000092	87.756013	4.3
1412	6544.153732	0.000000	0.000092	111.455726	4.1
1413	6356.879010	0.000000	0.000092	79.044709	4.4
1414	6352.368806	0.000000	0.000092	83.140211	3.7
1415	6293.525387	0.000000	0.000092	131.127174	3.4
1416	6440.789196	0.000000	0.000092	149.820502	3.2
1417	6394.350094	0.000000	0.000092	127.196195	3.2
1418	6691.107488	0.003140	0.000092	130.576460	5.5
1419	6351.580507	0.000000	0.000092	158.296565	4.4
1420	6561.718948	0.000000	0.000092	71.226643	3.8
1421	6206.195400	0.000000	0.000092	108.925387	3.5
1422	6432.747890	0.000000	0.000092	93.709096	4.8
1423	6256.744731	0.000000	0.000092	75.191878	2.5
1424	6500.427859	0.000000	0.000092	225.650495	4.9
1425	6380.752116	0.001097	0.000092	183.325738	8.1
1426	6585.132632	0.017452	0.000092	119.544807	4.7
1427	6612.444553	0.016200	0.000092	98.881235	4.9
1428	6332.340585	0.015597	0.000092	134.755383	4.8
1429	6515.719268	0.016168	0.000092	107.739254	5.0
1430	6342.785461	0.018158	0.000092	121.003564	5.7
1431	6399.281242	0.018315	0.000092	114.577486	6.7
1432	6181.784635	0.019048	0.000092	114.164103	5.4
1433	6403.022797	0.020400	0.000092	92.433766	4.9
1434	6469.012142	0.020999	0.000092	95.031435	4.8
1435	6326.691794	0.018875	0.000092	98.775897	4.7
1436	6433.615161	0.018104	0.000092	85.430707	7.9
1437	6635.268850	0.016760	0.000092	165.570175	4.2
1438	6376.793477	0.017026	0.000092	186.682207	4.9
1439	6569.310101	0.014123	0.000092	139.277116	5.6
1440	6448.782490	0.017794	0.000092	111.188403	5.2
1441	6492.401659	0.017972	0.000092	188.764953	4.9
1442	6381.516384	0.017672	0.000092	95.558692	4.7
1443	6492.867855	0.017290	0.000092	157.619993	4.6
1444	6265.563219	0.014615	0.000092	75.583189	2.9
1445	6228.837995	0.012820	0.000092	79.381556	3.3
1446	6581.085429	0.011453	0.000092	104.468255	6.6
1447	6216.478467	0.009972	0.000092	117.024449	2.9
1448	6487.950446	0.009292	0.000092	122.695507	2.8
1449	6603.182182	0.008909	0.000092	81.337177	6.3
1450	6595.725201	0.006420	0.000092	85.991910	4.9
1451	6548.169149	0.005874	0.000092	106.249368	5.8
1452	6416.744261	0.004727	0.000092	73.676709	4.5
1453	6445.523480	0.004048	0.000092	136.179874	3.2
1454	6279.379120	0.003830	0.000092	124.025618	4.0
1455	6404.402440	0.002881	0.000092	83.760000	4.2
1456	6522.170446	0.003924	0.000092	134.129714	4.0
1457	6463.357018	0.001344	0.000092	72.989956	5.4
1458	6483.605300	0.001383	0.000092	119.294966	3.8
1459	6418.835141	0.001396	0.000092	80.379514	4.3
1460	6324.696439	0.001351	0.000092	95.078275	3.7
1461	6577.359268	0.000105	0.000092	113.107871	4.8
1462	6469.106230	0.001214	0.000092	117.925328	5.0
1463	6157.447697	0.000000	0.000092	136.999164	3.9
1464	6383.775276	0.000000	0.000092	171.860571	4.0
1465	6508.419261	0.001087	0.000092	81.756912	4.3
1466	6455.294365	0.000485	0.000092	136.823995	3.6
1467	6416.454039	0.000000	0.000092	118.045479	3.5
1468	6555.516018	0.000000	0.000092	72.657278	3.5
1469	6411.493769	0.000000	0.000092	106.084437	5.3
1470	6400.888998	0.000000	0.000092	81.133891	4.8
1471	6284.402820	0.000000	0.000092	137.156577	4.8
1472	6482.482797	0.000000	0.000092	85.888005	5.7
1473	6297.439487	0.000000	0.000092	68.049133	4.2
1474	6613.486226	0.000000	0.000092	114.928271	5.2
1475	6518.025365	0.000000	0.000092	142.346108	5.0
1476	6323.885763	0.001740	0.000092	95.388794	4.7
1477	6328.347091	0.001185	0.000092	82.833831	4.2
1478	6686.901338	0.000667	0.000092	68.350406	3.0
1479	6444.831907	0.000000	0.000092	73.246795	3.5
1480	6451.505133	0.000000	0.000092	80.788732	3.4
1481	6462.788488	0.000000	0.000092	92.460770	4.4
1482	6470.014670	0.000000	0.000092	112.530608	4.7
1483	6343.185656	0.000204	0.000092	119.604516	4.6
1484	6523.637423	0.000884	0.000092	78.359845	3.5
1485	6430.364575	0.000000	0.000092	147.355829	4.7
1486	6399.023464	0.001413	0.000092	103.698250	3.3
1487	6146.544405	0.002578	0.000092	81.568990	5.1
1488	6333.058897	0.000599	0.000092	84.359775	3.5
1489	6265.703446	0.000317	0.000092	99.666298	5.0
1490	6244.008651	0.000000	0.000092	85.913911	3.2
1491	6136.098373	0.000000	0.000092	81.615965	3.6
1492	6259.153070	0.000000	0.000092	65.392253	5.3
1493	6531.799556	0.000000	0.000092	187.891032	4.0
1494	6379.104231	0.000000	0.000092	130.168653	4.1
1495	6143.952095	0.001009	0.000092	150.284109	4.3
1496	6233.365579	0.002187	0.000092	98.232476	5.0
1497	6498.292866	0.000000	0.000092	198.511570	3.2
1498	6324.244596	0.001330	0.000092	70.827528	3.5
1499	6355.846582	0.000000	0.000092	138.536930	3.6
1500	6341.768324	0.000000	0.000092	105.007102	3.6
1501	6269.827243	0.000899	0.000092	65.247823	4.4
1502	6366.279501	0.000000	0.000092	106.842062	3.2
1503	6466.083165	0.000000	0.000092	147.829755	3.4
1504	6304.208993	0.002419	0.000092	99.191644	3.8
1505	6053.249918	0.002448	0.000092	105.378083	5.4
1506	6330.806756	0.000000	0.000092	89.824371	4.7
1507	6110.598493	0.000000	0.000092	61.346843	4.7
1508	6496.581225	0.000000	0.000092	94.107299	4.2
1509	6173.322272	0.000000	0.000092	88.053939	4.2
1510	6367.069060	0.000000	0.000092	114.751469	3.8
1511	6235.212019	0.000000	0.000092	112.577619	3.0
1512	6364.345661	0.000000	0.000092	142.195104	3.1
1513	6505.479623	0.000000	0.000092	102.945199	3.0
1514	6458.564963	0.000000	0.000092	96.665415	2.7
1515	6114.010445	0.000000	0.000092	108.368464	5.0
1516	6255.653732	0.000000	0.000092	63.821968	2.7
1517	6274.702826	0.000000	0.000092	115.942925	4.4
1518	6568.499633	0.000000	0.000092	70.467147	3.8
1519	6345.711153	0.000000	0.000092	109.100169	2.8
1520	6558.102903	0.000000	0.000092	177.623084	4.8
1521	6384.977009	0.004567	0.000092	100.788570	4.6
1522	6180.264308	0.002093	0.000092	57.452008	4.7
1523	6475.081374	0.000696	0.000092	91.526267	4.6
1524	6326.077706	0.000442	0.000092	86.411554	5.0
1525	6324.575778	0.000000	0.000092	79.727152	4.9
1526	6105.435079	0.000000	0.000092	96.069913	5.0
1527	6482.616638	0.000000	0.000092	101.957985	4.1
1528	6138.060542	0.000000	0.000092	118.301010	4.0
1529	6368.603781	0.000000	0.000092	70.351445	4.3
1530	6204.702493	0.000000	0.000092	94.511847	5.2
1531	6380.047826	0.000000	0.000092	86.509917	3.3
1532	6338.997367	0.000000	0.000092	137.473503	6.1
1533	6536.681937	0.000674	0.000092	80.289494	3.6
1534	6287.623868	0.000000	0.000092	222.578546	4.3
1535	6487.302298	0.000000	0.000092	93.910027	5.2
1536	6435.345934	0.000000	0.000092	109.864666	5.1
1537	6478.393478	0.000000	0.000092	111.640334	5.9
1538	6584.770244	0.001387	0.000092	157.313122	5.2
1539	6417.279932	0.000000	0.000092	103.880026	4.6
1540	6364.705247	0.000000	0.000092	82.926884	5.7
1541	6419.915118	0.000000	0.000092	70.473845	3.8
1542	6217.004727	0.000000	0.000092	117.127362	3.7
1543	6490.353809	0.000000	0.000092	193.627985	3.6
1544	6046.659069	0.000000	0.000092	95.376808	3.9
1545	6170.076860	0.000000	0.000092	94.499399	4.8
1546	6386.010954	0.000000	0.000092	82.847852	5.7
1547	6316.858270	0.000000	0.000092	109.053494	4.5
1548	6261.423216	0.000608	0.000092	115.630736	4.4
1549	6446.859184	0.000000	0.000092	90.989065	5.5
1550	6339.706085	0.000000	0.000092	100.880498	5.0
1551	6386.200211	0.000441	0.000092	95.797119	4.5
1552	6259.162975	0.000049	0.000092	102.322071	3.3
1553	6381.222636	0.000000	0.000092	109.233579	3.2
1554	6407.739333	0.000000	0.000092	108.928252	3.3
1555	6153.390346	0.000000	0.000092	58.637753	3.4
1556	6520.175725	0.000000	0.000092	155.629707	5.6
1557	6246.920675	0.000000	0.000092	134.470322	3.4
1558	6529.423865	0.005360	0.000092	158.814276	3.3
1559	6381.032413	0.003936	0.000092	80.691596	3.2
1560	6294.779912	0.000776	0.000092	68.082825	5.1
1561	6403.231153	0.000000	0.000092	109.172893	3.1
1562	6409.254464	0.000000	0.000092	126.068199	4.3
1563	6388.967421	0.000000	0.000092	80.384750	4.7
1564	6289.463582	0.000000	0.000092	120.724805	3.3
1565	6396.701011	0.000000	0.000092	92.332140	5.0
1566	6315.821304	0.000868	0.000092	185.467993	6.0
1567	6266.651365	0.004578	0.000092	83.122084	4.2
1568	6156.014180	0.004732	0.000092	63.247356	5.4
1569	6331.962276	0.004083	0.000092	100.640971	4.5
1570	6311.903727	0.003220	0.000092	91.547694	5.4
1571	6219.145137	0.002170	0.000092	97.644189	5.9
1572	6325.467644	0.000234	0.000092	83.920166	7.0
1573	6377.464538	0.000000	0.000092	111.133304	5.1
1574	6418.464270	0.000401	0.000092	81.662527	5.1
1575	6297.415786	0.000270	0.000092	101.950445	4.7
1576	6404.669269	0.000509	0.000092	145.862815	5.8
1577	6451.471226	0.000000	0.000092	131.278557	3.9
1578	6296.122755	0.003966	0.000092	103.430391	5.0
1579	6516.596207	0.005435	0.000092	101.858327	4.4
1580	6475.820657	0.005799	0.000092	187.226799	4.2
1581	6131.483919	0.009060	0.000092	62.415681	5.3
1582	6243.942459	0.007159	0.000092	102.307138	4.7
1583	6058.983291	0.005838	0.000092	78.484138	3.1
1584	6555.155858	0.005311	0.000092	105.216484	3.5
1585	6196.305845	0.005654	0.000092	82.841859	5.5
1586	6605.699124	0.004682	0.000092	78.216672	3.4
1587	6264.761350	0.002969	0.000092	138.325484	4.6
1588	6292.817574	0.001872	0.000092	70.739565	5.6
1589	6359.234816	0.001855	0.000092	70.767544	5.5
1590	6497.865468	0.001408	0.000092	89.713894	5.4
1591	6345.621107	0.000315	0.000092	113.599378	4.3
1592	6293.930545	0.000129	0.000092	91.087532	5.1
1593	6354.787365	0.000000	0.000092	136.367227	5.5
1594	6384.496786	0.000518	0.000092	112.816999	4.7
1595	6098.072313	0.000000	0.000092	137.311182	4.6
1596	6382.472394	0.003101	0.000092	76.099883	3.5
1597	6220.754217	0.001276	0.000092	77.777926	3.6
1598	6479.155625	0.000275	0.000092	162.921186	4.0
1599	6318.249775	0.000000	0.000092	75.926512	3.8
1600	6526.975979	0.000908	0.000092	62.745163	2.8
1601	6359.172933	0.000556	0.000092	84.994824	2.8
1602	6108.821883	0.000000	0.000092	82.376120	5.3
1603	6148.658132	0.000000	0.000092	96.053339	2.8
1604	6596.233786	0.000000	0.000092	177.411995	2.8
1605	6325.776440	0.001830	0.000092	136.604675	3.3
1606	6322.047745	0.007924	0.000092	104.131576	4.9
1607	6266.367935	0.008770	0.000092	94.182646	5.8
1608	6481.608746	0.008425	0.000092	93.089268	5.0
1609	6156.364467	0.008788	0.000092	112.126196	4.6
1610	6248.640753	0.006175	0.000092	87.683869	3.5
1611	6444.750851	0.006109	0.000092	159.137592	4.1
1612	6421.486403	0.003558	0.000092	96.281790	6.4
1613	6400.112475	0.001525	0.000092	68.865641	2.9
1614	6272.591172	0.000000	0.000092	75.175919	2.9
1615	6179.315243	0.000000	0.000092	212.315867	3.5
1616	6335.809860	0.001626	0.000092	64.266173	6.0
1617	6579.847807	0.000000	0.000092	70.006594	5.3
1618	6241.385527	0.000000	0.000092	133.357889	3.1
1619	6343.179965	0.000607	0.000092	99.550614	5.1
1620	6360.679380	0.000000	0.000092	107.084611	2.5
1621	6197.557799	0.000844	0.000092	116.672247	3.5
1622	6368.669263	0.002448	0.000092	105.870979	3.3
1623	6159.977511	0.000392	0.000092	156.781336	5.4
1624	6469.455519	0.000188	0.000092	92.407190	5.5
1625	6547.274579	0.000000	0.000092	148.031360	4.9
1626	6220.241308	0.001660	0.000092	79.730281	5.3
1627	6242.929202	0.002960	0.000092	181.781824	5.6
1628	6217.332180	0.003084	0.000092	92.924658	4.2
1629	6242.095610	0.003143	0.000092	86.467088	5.2
1630	6543.366499	0.002859	0.000092	100.718334	4.2
1631	6499.192755	0.001185	0.000092	162.350622	4.1
1632	6486.981826	0.000000	0.000092	69.656602	4.3
1633	6278.857701	0.000000	0.000092	138.281951	5.4
1634	6589.675732	0.000072	0.000092	94.722846	4.6
1635	6282.945659	0.001649	0.000092	69.565163	4.9
1636	6313.860388	0.000054	0.000092	104.178276	4.9
1637	6358.097342	0.000060	0.000092	65.680914	5.1
1638	6353.737697	0.000000	0.000092	57.252141	4.6
1639	6327.125388	0.000000	0.000092	122.139433	5.0
1640	6173.517214	0.000000	0.000092	102.036775	6.5
1641	6193.627711	0.000000	0.000092	103.682761	5.1
1642	6485.330739	0.000000	0.000092	140.169609	4.9
1643	6508.904383	0.000000	0.000092	100.730321	4.7
1644	6477.099847	0.000000	0.000092	81.679387	3.2
1645	6268.714150	0.000000	0.000092	56.923299	4.8
1646	6443.895242	0.000000	0.000092	148.720408	4.7
1647	6277.276123	0.000016	0.000092	108.624827	4.7
1648	6470.834763	0.003563	0.000092	104.938910	8.1
1649	6301.733941	0.001780	0.000092	102.967675	4.6
1650	6332.718723	0.000763	0.000092	153.888682	5.0
1651	6091.887587	0.000000	0.000092	107.913388	5.1
1652	6606.754738	0.000453	0.000092	117.659570	4.9
1653	6249.034568	0.000000	0.000092	87.831114	3.9
1654	6256.305495	0.000000	0.000092	95.311329	3.6
1655	6403.777288	0.000000	0.000092	74.237471	3.7
1656	6384.482642	0.000579	0.000092	90.153625	3.9
1657	6134.829815	0.000591	0.000092	120.582539	3.7
1658	6384.970992	0.000000	0.000092	64.868946	4.9
1659	6242.529957	0.000000	0.000092	63.292888	3.3
1660	6024.090197	0.000000	0.000092	66.675872	4.9
1661	6407.260249	0.000000	0.000092	189.784641	4.6
1662	6667.068703	0.000000	0.000092	81.842297	5.4
1663	6226.891115	0.001984	0.000092	89.195666	3.7
1664	6462.624914	0.000227	0.000092	61.306540	6.1
1665	6403.464977	0.000000	0.000092	95.290919	4.0
1666	6165.241410	0.000000	0.000092	115.283289	3.7
1667	6454.440267	0.000000	0.000092	120.470122	4.2
1668	6676.272558	0.000000	0.000092	159.522180	5.8
1669	6273.902285	0.001612	0.000092	72.235039	4.5
1670	6167.861663	0.002215	0.000092	70.189153	3.2
1671	6176.419004	0.000975	0.000092	81.684843	4.8
1672	6181.564029	0.000067	0.000092	140.235737	5.3
1673	6244.868273	0.001467	0.000092	116.080861	4.1
1674	6227.803808	0.005012	0.000092	150.995528	4.6
1675	6301.402457	0.001310	0.000092	66.976270	5.0
1676	6317.011931	0.000000	0.000092	68.002048	4.9
1677	6132.920928	0.000000	0.000092	136.618464	4.4
1678	6134.157084	0.000000	0.000092	52.228827	2.8
1679	6410.720206	0.000000	0.000092	128.526311	5.0
1680	6231.460280	0.000000	0.000092	108.243198	3.6
1681	6157.470889	0.000866	0.000092	73.844225	5.4
1682	6169.862847	0.000000	0.000092	74.813262	3.7
1683	6164.661338	0.000000	0.000092	75.787898	4.0
1684	6214.454598	0.000000	0.000092	105.460311	4.5
1685	6270.872379	0.000728	0.000092	177.813519	3.1
1686	6356.542077	0.000000	0.000092	82.004414	3.1
1687	6503.675321	0.000000	0.000092	130.281943	3.1
1688	6359.161684	0.000000	0.000092	141.678503	3.3
1689	6369.526391	0.004081	0.000092	97.557339	3.3
1690	6365.279586	0.001385	0.000092	64.229716	6.4
1691	6385.762262	0.000688	0.000092	110.856785	5.2
1692	6396.425291	0.000000	0.000092	112.523177	3.7
1693	6384.090672	0.000451	0.000092	154.916581	3.8
1694	6358.310991	0.002114	0.000092	110.207953	4.1
1695	6264.176193	0.002688	0.000092	88.612292	3.5
1696	6334.773553	0.000412	0.000092	124.118420	6.4
1697	6139.496186	0.000834	0.000092	116.921514	6.1
1698	6448.078116	0.003620	0.000092	87.982258	5.0
1699	6227.808732	0.003788	0.000092	142.358157	4.8
1700	6332.720671	0.004345	0.000092	198.884616	3.5
1701	6322.968093	0.012087	0.000092	112.329143	3.3
1702	6201.866026	0.007631	0.000092	150.030981	4.9
1703	6252.167344	0.010179	0.000092	112.930081	3.4
1704	6077.197436	0.009552	0.000092	66.217390	4.5
1705	6216.656813	0.008098	0.000092	92.514966	4.9
1706	6208.424763	0.007291	0.000092	104.659463	5.4
1707	6395.846256	0.007268	0.000092	121.266373	5.7
1708	6365.244702	0.006712	0.000092	141.640959	4.9
1709	6240.834716	0.007479	0.000092	61.423976	5.8
1710	6397.601653	0.006428	0.000092	89.224489	4.8
1711	6261.216221	0.005644	0.000092	74.391218	4.9
1712	6230.495216	0.005800	0.000092	90.429684	4.6
1713	6283.135957	0.005120	0.000092	57.674255	4.8
1714	6063.936136	0.004039	0.000092	78.860288	4.5
1715	6089.188665	0.002945	0.000092	51.930184	4.3
1716	6115.319785	0.001950	0.000092	124.041523	4.2
1717	6225.689336	0.001375	0.000092	88.466858	4.2
1718	6131.927240	0.000000	0.000092	101.140112	4.1
1719	6388.040044	0.000562	0.000092	77.571009	6.8
1720	6297.831783	0.000000	0.000092	170.017949	4.8
1721	6177.585694	0.000152	0.000092	96.256556	4.0
1722	6589.913723	0.000000	0.000092	110.933365	4.8
1723	6230.824281	0.001478	0.000092	112.435559	5.0
1724	6165.032425	0.000000	0.000092	90.211753	4.3
1725	6194.874092	0.000000	0.000092	52.435430	3.9
1726	6433.527657	0.000000	0.000092	121.829680	4.3
1727	6273.975188	0.000000	0.000092	140.605986	4.5
1728	6426.297632	0.000000	0.000092	105.306538	4.7
1729	6205.494120	0.000000	0.000092	81.443931	4.3
1730	6242.703488	0.000000	0.000092	100.138021	6.7
1731	6421.164487	0.000000	0.000092	92.435838	4.0
1732	6304.404134	0.000000	0.000092	114.895377	4.0
1733	6070.591121	0.000000	0.000092	63.221979	4.5
1734	6320.998515	0.000000	0.000092	57.371630	4.0
1735	6274.972362	0.000000	0.000092	84.268626	4.0
1736	6140.825205	0.000000	0.000092	102.022583	3.7
1737	5976.951234	0.000000	0.000092	133.583080	6.2
1738	6105.581471	0.000000	0.000092	90.138038	5.2
1739	6343.463429	0.000000	0.000092	65.510345	4.7
1740	6419.896726	0.000000	0.000092	99.358821	5.7
1741	6412.043758	0.000000	0.000092	105.771854	5.1
1742	5969.768660	0.000000	0.000092	165.207494	5.5
1743	6307.624868	0.003725	0.000092	112.573298	6.9
1744	6374.369093	0.000000	0.000092	75.840708	4.0
1745	6467.093150	0.000627	0.000092	184.289885	4.2
1746	6366.736681	0.000000	0.000092	90.913051	4.1
1747	6307.687422	0.000000	0.000092	61.161130	6.1
1748	6257.617979	0.000000	0.000092	61.937679	3.7
1749	6175.982900	0.000000	0.000092	92.778291	3.8
1750	6215.652180	0.000000	0.000092	120.602107	4.8
1751	6214.784845	0.000000	0.000092	94.297347	4.7
1752	6376.338921	0.000000	0.000092	86.180499	4.5
1753	6227.814300	0.000000	0.000092	85.838732	3.6
1754	6211.414248	0.000000	0.000092	186.434322	3.5
1755	6332.601843	0.000000	0.000092	108.425724	3.5
1756	6239.445892	0.000000	0.000092	73.050543	5.3
1757	6194.627794	0.000000	0.000092	81.206671	3.2
1758	6391.072951	0.000170	0.000092	126.706565	4.7
1759	6148.394769	0.000403	0.000092	93.656325	3.9
1760	6343.309717	0.000000	0.000092	126.140446	4.5
1761	6431.098076	0.002436	0.000092	74.842939	5.1
1762	6296.527140	0.001011	0.000092	110.138012	5.0
1763	6185.230403	0.000000	0.000092	108.611083	5.6
1764	6211.925673	0.000000	0.000092	94.894620	5.0
1765	6234.780250	0.000146	0.000092	72.285545	4.5
1766	6218.937649	0.000000	0.000092	124.240435	3.8
1767	6438.809618	0.000000	0.000092	63.464001	5.0
1768	6369.750745	0.000000	0.000092	87.737004	3.1
1769	6188.025016	0.000000	0.000092	97.533821	3.1
1770	6300.328936	0.000000	0.000092	120.549233	4.1
1771	6326.386557	0.000100	0.000092	50.846275	4.5
1772	6173.755909	0.000000	0.000092	104.225315	3.1
1773	6176.425565	0.000000	0.000092	101.682174	3.3
1774	6600.631319	0.000000	0.000092	80.568962	4.0
1775	6295.992065	0.000000	0.000092	100.807179	4.6
1776	6408.984120	0.000738	0.000092	133.473771	5.1
1777	6256.991196	0.000000	0.000092	167.418516	4.9
1778	6530.780120	0.000000	0.000092	78.486349	4.7
1779	6176.777845	0.002768	0.000092	143.349747	4.7
1780	6020.864117	0.004664	0.000092	111.488521	3.8
1781	6251.415839	0.004721	0.000092	56.913056	3.7
1782	6310.227562	0.003704	0.000092	97.768854	3.9
1783	6209.393873	0.003741	0.000092	71.429505	4.9
1784	6094.353974	0.002126	0.000092	114.900980	7.0
1785	6178.588872	0.001680	0.000092	101.290126	3.4
1786	6331.555279	0.000000	0.000092	142.811202	5.7
1787	6565.258286	0.000000	0.000092	112.898275	4.1
1788	6344.322894	0.000000	0.000092	125.386182	5.1
1789	6258.104453	0.000006	0.000092	93.219448	4.6
1790	6299.313327	0.000000	0.000092	167.445496	5.3
1791	6182.658027	0.000000	0.000092	82.960389	7.6
1792	6212.077807	0.000000	0.000092	61.932169	5.0
1793	6257.895455	0.000000	0.000092	97.015636	4.9
1794	6303.356425	0.000000	0.000092	88.070100	5.0
1795	6244.331980	0.000475	0.000092	122.980484	4.2
1796	6308.566967	0.002279	0.000092	47.017701	4.7
1797	6469.553497	0.001476	0.000092	121.783083	3.7
1798	6433.952861	0.000813	0.000092	145.100007	3.3
1799	6151.565640	0.003009	0.000092	101.579862	5.2
1800	6372.133776	0.000000	0.000092	116.095563	7.8
1801	6319.693595	0.001244	0.000092	79.379526	4.2
1802	6269.754968	0.000000	0.000092	94.266117	3.5
1803	6332.447922	0.000000	0.000092	138.802119	4.3
1804	6425.642903	0.001900	0.000092	93.180304	3.0
1805	6286.142561	0.004431	0.000092	118.913591	4.9
1806	6108.095422	0.003409	0.000092	118.882767	3.1
1807	6070.992284	0.003650	0.000092	71.474790	3.2
1808	6315.202973	0.001752	0.000092	56.910253	3.8
1809	6200.275772	0.001202	0.000092	79.231079	3.7
1810	6483.597581	0.000437	0.000092	105.574509	6.0
1811	5957.322674	0.000000	0.000092	52.935184	5.7
1812	6127.073508	0.000000	0.000092	72.396492	4.8
1813	6407.379652	0.000000	0.000092	69.398234	5.4
1814	6114.269862	0.000000	0.000092	76.389234	4.8
1815	6307.551088	0.000000	0.000092	70.092601	2.6
1816	6061.906468	0.000000	0.000092	61.187847	4.1
1817	6204.872126	0.000000	0.000092	128.115567	3.9
1818	6306.076455	0.000060	0.000092	118.194199	4.5
1819	6549.641955	0.000000	0.000092	78.299165	4.1
1820	6393.739441	0.000000	0.000092	64.661649	4.1
1821	6191.088102	0.000000	0.000092	119.342314	5.5
1822	6297.737699	0.000000	0.000092	64.775269	4.5
1823	6171.019061	0.000000	0.000092	114.108368	4.5
1824	6293.961970	0.000382	0.000092	146.238393	4.8
1825	6304.601688	0.000000	0.000092	81.720746	5.0
1826	6433.166260	0.001812	0.000092	74.722169	4.9
1827	6316.672051	0.000839	0.000092	55.701624	5.1
1828	6220.722818	0.000236	0.000092	94.423795	5.2
1829	6387.329037	0.000000	0.000092	93.799659	5.4
1830	6211.451936	0.000000	0.000092	199.168816	4.2
1831	6248.528066	0.000195	0.000092	93.000975	4.2
1832	6310.360593	0.003932	0.000092	88.002890	5.1
1833	6306.134483	0.002773	0.000092	69.213706	4.6
1834	6154.297610	0.002883	0.000092	124.599580	6.9
1835	6312.767558	0.001842	0.000092	76.379712	5.7
1836	6264.699582	0.000000	0.000092	121.343710	4.7
1837	6404.280982	0.000000	0.000092	223.373794	5.3
1838	6370.595504	0.002753	0.000092	109.030278	5.2
1839	5974.236351	0.008148	0.000092	73.755856	7.9
1840	6242.817505	0.007903	0.000092	86.421544	5.0
1841	6640.755296	0.007186	0.000092	142.560376	5.5
1842	6479.723505	0.004106	0.000092	100.122049	5.3
1843	6659.551420	0.005875	0.000092	65.628482	4.1
1844	6504.610455	0.005834	0.000092	90.259119	4.4
1845	6314.039839	0.005165	0.000092	128.620839	4.2
1846	6351.422513	0.004731	0.000092	99.251137	4.2
1847	6143.668272	0.004460	0.000092	64.429274	3.4
1848	6122.144124	0.004537	0.000092	108.331180	6.9
1849	6388.497442	0.002731	0.000092	116.279169	5.0
1850	6294.036079	0.003293	0.000092	74.817058	4.3
1851	6250.606517	0.002498	0.000092	154.628908	4.1
1852	6287.108873	0.003426	0.000092	100.590698	4.2
1853	6255.396740	0.003447	0.000092	115.287601	3.9
1854	6521.547661	0.001300	0.000092	104.953226	3.3
1855	6345.651890	0.002814	0.000092	80.261157	3.3
1856	6432.526728	0.001680	0.000092	79.059263	4.4
1857	6201.837771	0.000000	0.000092	190.767553	3.7
1858	6199.924703	0.001350	0.000092	65.663222	3.1
1859	6082.496636	0.003338	0.000092	80.329011	3.2
1860	6198.345514	0.002060	0.000092	98.755885	3.1
1861	6126.757072	0.000000	0.000092	128.997515	3.0
1862	6240.630107	0.000274	0.000092	76.043734	3.7
1863	6251.000599	0.000225	0.000092	70.204761	4.1
1864	6190.505495	0.000287	0.000092	92.313388	3.4
1865	6260.485977	0.000000	0.000092	97.916897	3.4
1866	6295.877661	0.001077	0.000092	106.151760	5.1
1867	6218.068794	0.001434	0.000092	114.766717	3.1
1868	6018.077678	0.003724	0.000092	85.630317	3.2
1869	6141.371678	0.005390	0.000092	67.882050	3.2
1870	6167.818712	0.005399	0.000092	108.574772	6.3
1871	5987.019757	0.004659	0.000092	55.357449	5.0
1872	6375.160976	0.003814	0.000092	84.276655	6.0
1873	6155.063371	0.002948	0.000092	64.751432	7.0
1874	6286.310245	0.001783	0.000092	98.497629	4.8
1875	6046.489421	0.000470	0.000092	73.260157	5.1
1876	6197.940355	0.000000	0.000092	97.976817	5.3
1877	6246.110535	0.000272	0.000092	97.193319	5.0
1878	6213.278941	0.000000	0.000092	44.709571	4.3
1879	6189.347730	0.000000	0.000092	83.946331	3.6
1880	6205.649689	0.000000	0.000092	120.768137	5.2
1881	6481.422566	0.001132	0.000092	107.553802	3.6
1882	6315.582011	0.000429	0.000092	60.808799	3.7
1883	6355.272693	0.000308	0.000092	48.968838	5.0
1884	6249.225574	0.000000	0.000092	99.610183	3.6
1885	6219.313354	0.000000	0.000092	52.752686	4.2
1886	6277.605811	0.000000	0.000092	75.912900	4.1
1887	6184.626845	0.000000	0.000092	77.065640	4.9
1888	6293.687013	0.000000	0.000092	110.387825	4.8
1889	6457.433100	0.000000	0.000092	121.193182	4.9
1890	6097.718222	0.000000	0.000092	83.732766	4.7
1891	6199.178593	0.001752	0.000092	56.728820	4.7
1892	6372.790605	0.000872	0.000092	80.412311	4.5
1893	6011.389415	0.000747	0.000092	88.086886	3.9
1894	6408.698818	0.001448	0.000092	109.459501	7.2
1895	6029.087505	0.002329	0.000092	138.196739	7.4
1896	6168.240135	0.000000	0.000092	142.082358	4.4
1897	6396.925195	0.001181	0.000092	168.572088	3.2
1898	6183.976136	0.003936	0.000092	152.275788	3.4
1899	6282.812081	0.012569	0.000092	80.512682	3.4
1900	6269.494258	0.015053	0.000092	62.430544	3.1
1901	6598.390784	0.014317	0.000092	84.679945	5.2
1902	6205.627558	0.014268	0.000092	91.429000	3.7
1903	6299.276516	0.015113	0.000092	60.247706	5.3
1904	6366.495991	0.013831	0.000092	136.298007	4.8
1905	6529.328213	0.012222	0.000092	150.698186	4.7
1906	6123.930974	0.015448	0.000092	119.986051	4.3
1907	6327.257841	0.012920	0.000092	164.095733	4.6
1908	6397.484959	0.009303	0.000092	69.539804	5.1
1909	6208.348645	0.007988	0.000092	75.225967	4.5
1910	6213.264312	0.007809	0.000092	116.657966	4.4
1911	5998.790671	0.008111	0.000092	72.879704	4.0
1912	6256.324652	0.006740	0.000092	74.597052	3.9
1913	6181.054868	0.006842	0.000092	89.248887	3.3
1914	6117.819212	0.006844	0.000092	62.199587	3.2
1915	6086.029281	0.005491	0.000092	108.420071	4.7
1916	6298.830120	0.004770	0.000092	81.967347	4.5
1917	5991.473220	0.002489	0.000092	80.062137	6.1
1918	6529.420516	0.000900	0.000092	90.836623	3.9
1919	5933.787806	0.000898	0.000092	113.719139	3.6
1920	6322.742242	0.001804	0.000092	63.208635	6.3
1921	6390.513515	0.000734	0.000092	105.418880	3.7
1922	6325.503203	0.001303	0.000092	104.399569	6.5
1923	6419.065712	0.000000	0.000092	79.841007	3.7
1924	6227.051305	0.000270	0.000092	89.383644	4.2
1925	6192.583989	0.000000	0.000092	81.811961	3.0
1926	6272.989295	0.000000	0.000092	111.456365	4.6
1927	6340.329636	0.000000	0.000092	101.802568	5.0
1928	6092.294704	0.001357	0.000092	122.222043	5.5
1929	6259.314444	0.002099	0.000092	76.853777	3.5
1930	6260.037116	0.001839	0.000092	101.035656	5.7
1931	6158.539005	0.000509	0.000092	107.891120	4.8
1932	6226.515152	0.000000	0.000092	55.460987	4.8
1933	5859.240327	0.000000	0.000092	110.434284	4.3
1934	6262.931647	0.000000	0.000092	96.005442	4.2
1935	6128.687585	0.000000	0.000092	93.761629	4.9
1936	6344.093845	0.000000	0.000092	228.557017	3.3
1937	6513.331486	0.004053	0.000092	67.614389	5.1
1938	6423.219738	0.004191	0.000092	82.075686	5.4
1939	6390.429050	0.004147	0.000092	68.058508	4.9
1940	6263.012589	0.002655	0.000092	73.805652	6.2
1941	6362.967360	0.002753	0.000092	128.690352	5.9
1942	6185.636188	0.002943	0.000092	97.572214	5.8
1943	6198.081212	0.001617	0.000092	106.745325	5.0
1944	6096.995673	0.002923	0.000092	120.193497	4.9
1945	6474.232075	0.000848	0.000092	139.034797	6.8
1946	6245.102952	0.004843	0.000092	97.010251	3.9
1947	6030.601321	0.004386	0.000092	47.238560	4.5
1948	6289.425937	0.004147	0.000092	76.254332	4.4
1949	6522.992527	0.003811	0.000092	119.353995	3.6
1950	6509.912223	0.002466	0.000092	100.665768	3.5
1951	6322.960798	0.000797	0.000092	105.942736	5.1
1952	6143.396237	0.000000	0.000092	87.147835	5.2
1953	6278.037023	0.001553	0.000092	109.858421	4.1
1954	6214.637237	0.003007	0.000092	151.923872	4.6
1955	6400.625659	0.000395	0.000092	115.680290	4.7
1956	6121.095280	0.000000	0.000092	79.654814	4.7
1957	6334.801234	0.000000	0.000092	78.975264	5.1
1958	6085.140910	0.000000	0.000092	58.419724	4.9
1959	6164.015265	0.000000	0.000092	165.335378	5.7
1960	6241.044337	0.000000	0.000092	86.953010	4.1
1961	6151.876138	0.000000	0.000092	45.390502	4.7
1962	6137.833850	0.000000	0.000092	55.351216	4.8
1963	6089.590908	0.000000	0.000092	70.326250	4.8
1964	6222.497734	0.000000	0.000092	69.925788	4.2
1965	6162.098660	0.000000	0.000092	117.686244	4.1
1966	5955.046499	0.000000	0.000092	112.874950	3.9
1967	6050.857950	0.000929	0.000092	73.732597	5.7
1968	6431.674334	0.001718	0.000092	75.834059	3.8
1969	6212.699638	0.000592	0.000092	75.268542	4.5
1970	6076.678411	0.000476	0.000092	81.845284	4.3
1971	6166.746212	0.000538	0.000092	86.271527	3.8
1972	6102.892252	0.000478	0.000092	119.958681	3.8
1973	6258.289118	0.001620	0.000092	80.867886	4.1
1974	6400.660809	0.000185	0.000092	109.605704	5.0
1975	6092.904576	0.001205	0.000092	105.312915	4.6
1976	6369.791138	0.000000	0.000092	80.129061	4.8
1977	6223.709584	0.000000	0.000092	76.210537	4.5
1978	6414.903816	0.000000	0.000092	124.091956	4.5
1979	6344.964988	0.000066	0.000092	79.535430	4.2
1980	5979.638740	0.001472	0.000092	66.418043	3.4
1981	5983.036892	0.001310	0.000092	55.532035	6.3
1982	5968.478086	0.000351	0.000092	80.191773	2.9
1983	6577.355120	0.000000	0.000092	163.683469	3.1
1984	6438.685235	0.000000	0.000092	65.696910	3.5
1985	6146.779582	0.000000	0.000092	84.808893	4.4
1986	6131.301567	0.000000	0.000092	64.413754	3.8
1987	6523.934573	0.000000	0.000092	104.213449	3.3
1988	6392.078591	0.000508	0.000092	130.901827	2.8
1989	6200.471305	0.003556	0.000092	78.207898	2.9
1990	6083.260132	0.004599	0.000092	51.596778	5.2
1991	6291.123997	0.004530	0.000092	48.825808	4.8
1992	5977.590440	0.003884	0.000092	81.350070	4.9
1993	6278.200878	0.003423	0.000092	89.386394	4.5
1994	6230.351056	0.004466	0.000092	88.125761	5.9
1995	6248.788552	0.004977	0.000092	62.306981	3.9
1996	6337.228796	0.005193	0.000092	95.181467	3.9
1997	6202.843123	0.005798	0.000092	141.905046	4.7
1998	6230.858910	0.007993	0.000092	67.942113	3.8
1999	6237.465584	0.006004	0.000092	127.928199	3.8
