LANDMARKS1
0 125.841 -9.4687 -2.973 0 746  
1 50.6766 -11.4471 -2.973 0 529  
2 92.2148 -31.2311 42.027 0 -4  
3 116.61 12.2937 -7.973 0 177  
4 71.116 14.9316 -7.973 0 642  
5 90.8961 -41.7826 -7.973 0 469  
6 89.5774 -42.442 9.527 0 546  
7 113.973 -12.1066 -25.473 0 501  
8 68.4787 -12.1066 -27.973 0 698  
9 129.138 -16.7228 -42.973 0 108  
10 58.5887 -11.4471 -42.973 0 689  
11 90.8961 -16.7228 -105.473 0 -61  
12 114.632 -9.4687 -32.973 0 591  
13 71.116 -8.80924 -32.973 0 632  
14 97.3299 -42.4334 -61.3301 0 242  
15 91.0662 -72.521 9.89231 0 844  
16 90.4069 -50.06 4.61658 0 429  
17 95.6816 -60.8022 24.4006 0 593  
18 97.6596 -60.8022 -11.2106 0 510  
19 113.154 -53.5481 7.027 0 438  
20 76.2312 -63.4401 9.527 0 333  
21 90.7366 -50.9102 12.027 0 592  
22 109.857 -48.9318 -10.473 0 466  
23 74.9125 -44.975 -10.473 0 345  

