1:ItNr	2:Metric	3a:Time	3b:StepSize	4:||Gradient||	Time[ms]
0	362.427146	0.000000	0.000055	177.351515	245.8
1	362.809009	0.000000	0.000055	112.620761	1.6
2	411.213499	0.003131	0.000055	235.828466	1.6
3	372.927046	0.000000	0.000055	525.490495	1.6
4	379.254189	0.991289	0.000052	326.646160	1.6
5	380.349307	1.990771	0.000050	136.711037	1.6
6	381.472646	2.174731	0.000050	207.544471	1.6
7	373.740408	2.246364	0.000049	171.514268	1.7
8	383.369442	2.314778	0.000049	112.838140	1.7
9	361.485880	2.318937	0.000049	206.014724	1.7
10	371.764653	2.326095	0.000049	225.625121	1.7
11	447.609911	2.606748	0.000049	367.963273	1.7
12	388.136209	3.451323	0.000047	338.158134	1.7
13	388.702062	4.442818	0.000045	76.972844	1.9
14	398.644531	4.449803	0.000045	245.404916	1.9
15	381.605364	4.448259	0.000045	158.190825	1.9
16	392.509236	4.584213	0.000045	139.948050	1.9
17	378.189624	4.573416	0.000045	279.419848	1.9
18	398.521025	4.745121	0.000045	263.359536	1.9
19	400.434379	5.283056	0.000044	312.628178	2.2
20	391.563129	6.136354	0.000042	212.400252	4.1
21	364.492760	6.723672	0.000041	102.117036	3.5
22	386.134105	6.722086	0.000041	187.406026	4.9
23	339.294773	6.752980	0.000041	229.039052	5.0
24	391.589539	6.924382	0.000041	212.597783	5.4
25	406.995375	7.197789	0.000041	122.980836	5.2
26	393.910394	7.239573	0.000041	124.899476	4.0
27	383.567886	7.261876	0.000041	198.897735	3.9
28	393.756718	7.258478	0.000041	143.665583	5.0
29	366.118047	7.326127	0.000041	63.356823	5.3
30	396.163478	7.321362	0.000041	191.528877	5.6
31	379.783625	7.338056	0.000040	93.677220	5.5
32	388.015503	7.354953	0.000040	245.357148	6.0
33	397.836519	7.346569	0.000040	220.663950	5.4
34	395.510433	7.707385	0.000040	227.358220	4.5
35	397.052999	7.694644	0.000040	329.222486	4.4
36	381.916527	8.350002	0.000039	395.800099	5.4
37	382.093540	9.343849	0.000038	156.464890	5.2
38	376.737430	9.770402	0.000037	239.380221	4.2
39	394.222792	9.758006	0.000037	239.750543	4.2
40	389.499355	10.098848	0.000037	30.687807	4.6
41	406.982968	10.095761	0.000037	151.957787	4.8
42	370.269655	10.098412	0.000037	162.161432	4.4
43	391.581704	10.087378	0.000037	105.271687	3.8
44	367.141051	10.103771	0.000037	118.462734	3.7
45	411.830418	10.122083	0.000037	158.368262	3.4
46	442.618495	10.144105	0.000037	417.040489	3.4
47	393.641342	10.139665	0.000037	299.394691	3.6
48	390.854810	11.125984	0.000036	129.626039	5.4
49	379.851674	11.240440	0.000036	175.518320	5.3
50	359.654399	11.279535	0.000036	88.067851	4.5
51	393.685097	11.274575	0.000036	265.520431	4.5
52	377.955903	11.322333	0.000036	159.474133	5.6
53	417.583833	11.399662	0.000035	268.544189	5.5
54	384.003173	11.388229	0.000035	135.948837	5.5
55	427.084604	11.502075	0.000035	187.612135	5.3
56	398.417835	11.492801	0.000035	250.667707	5.1
57	406.218918	11.483843	0.000035	313.800462	4.9
58	369.857283	12.263266	0.000034	166.462150	4.1
59	370.006939	12.250159	0.000035	212.733627	3.9
60	403.675661	12.362647	0.000034	146.449012	3.9
61	379.698907	12.350543	0.000034	362.819877	5.5
62	365.023631	12.624839	0.000034	140.168491	5.6
63	386.943808	12.741080	0.000034	140.099602	5.8
64	421.147981	12.738956	0.000034	208.550131	5.5
65	381.899035	12.736607	0.000034	263.005404	5.7
66	370.800565	13.139199	0.000034	216.631371	4.6
67	384.201116	13.526573	0.000033	242.016992	5.7
68	408.112710	13.698596	0.000033	95.650786	5.4
69	389.636740	13.690289	0.000033	204.559925	5.2
70	352.221760	13.715205	0.000033	290.607456	6.7
71	374.563356	13.980927	0.000033	140.060914	5.2
72	374.154964	14.139589	0.000033	230.268179	5.5
73	387.219525	14.136401	0.000033	74.942796	4.5
74	358.285989	14.162483	0.000033	286.047619	4.7
75	389.462100	14.155854	0.000033	171.760512	4.2
76	388.856367	14.330810	0.000032	183.574431	5.8
77	375.528510	14.325816	0.000032	55.032773	5.5
78	391.961755	14.335958	0.000032	141.228552	5.4
79	393.633467	14.344123	0.000032	314.777911	5.8
80	389.029926	14.593168	0.000032	362.731442	4.4
81	410.424528	15.531140	0.000031	158.491487	5.8
82	372.380186	15.517907	0.000031	481.698404	5.5
83	397.371663	16.288722	0.000031	105.744979	5.5
84	393.559303	16.287653	0.000031	56.459822	5.1
85	382.368993	16.290132	0.000031	168.425216	4.3
86	360.648582	16.296520	0.000031	111.503312	4.3
87	381.385168	16.288481	0.000031	191.170873	3.8
88	386.728776	16.303921	0.000031	98.622778	3.7
89	393.688129	16.312903	0.000031	141.036275	3.9
90	374.037452	16.311130	0.000031	133.341155	3.9
91	414.597320	16.312404	0.000031	102.323256	5.3
92	405.680028	16.326577	0.000031	135.396722	5.3
93	358.420396	16.319330	0.000031	100.888074	4.8
94	379.814701	16.325956	0.000031	155.142163	5.5
95	406.453757	16.351171	0.000031	171.336931	5.7
96	395.831599	16.387278	0.000031	139.085221	6.2
97	370.146216	16.387958	0.000031	231.671448	5.4
98	353.484812	16.443981	0.000031	200.545534	5.5
99	413.564375	16.439457	0.000031	196.829867	5.6
100	371.794902	16.469192	0.000031	127.981614	5.2
101	411.213182	16.513739	0.000031	128.114557	4.3
102	398.422040	16.531720	0.000031	132.353610	4.5
103	382.429040	16.548514	0.000031	23.124895	3.9
104	395.271707	16.550536	0.000031	396.400055	3.8
105	394.092810	16.557028	0.000031	264.858655	3.8
106	396.626814	17.503396	0.000030	232.312008	5.6
107	365.311615	17.490107	0.000030	167.147114	3.9
108	352.920751	17.480150	0.000030	108.830470	3.8
109	377.176424	17.500764	0.000030	249.952409	5.5
110	377.416524	17.492995	0.000030	146.243405	5.5
111	363.258448	17.483019	0.000030	141.081849	5.6
112	361.601512	17.518678	0.000030	208.773878	5.4
113	371.601314	17.552418	0.000030	181.923240	5.2
114	384.941046	17.683967	0.000030	131.776851	4.4
115	370.461584	17.741868	0.000030	131.607305	4.9
116	429.618593	17.749044	0.000030	224.941736	5.7
117	387.569518	17.804132	0.000030	340.434163	5.9
118	369.195865	18.268738	0.000029	230.493214	3.8
119	379.116779	18.864741	0.000029	315.183711	3.8
120	405.898612	19.557632	0.000028	225.033469	4.3
121	392.311388	20.204447	0.000028	127.692741	5.9
122	409.123468	20.223547	0.000028	65.485874	6.3
123	398.066947	20.221659	0.000028	84.802763	5.2
124	392.241708	20.220775	0.000028	256.450285	4.5
125	336.405148	20.233062	0.000028	103.572839	4.7
126	394.592438	20.300501	0.000028	155.815723	5.7
127	400.807511	20.327461	0.000028	216.776922	5.7
128	414.353794	20.396554	0.000028	259.297825	5.5
129	387.689172	20.644750	0.000028	297.367975	4.5
130	398.666872	21.048524	0.000027	169.625364	5.7
131	381.161334	21.050194	0.000027	114.092570	5.6
132	393.431613	21.044179	0.000027	99.210181	5.7
133	365.668807	21.046626	0.000027	176.417281	4.8
134	373.318781	21.040672	0.000027	345.343920	5.4
135	409.439885	21.282282	0.000027	163.902856	5.4
136	385.022252	21.454146	0.000027	214.173372	4.9
137	388.400759	21.443227	0.000027	178.245202	5.4
138	394.515955	21.499467	0.000027	359.771644	5.6
139	396.438454	22.088984	0.000027	108.184799	5.8
140	392.936651	22.085004	0.000027	270.652921	5.3
141	397.283133	22.101627	0.000027	103.941634	5.5
142	377.449411	22.089899	0.000027	206.692873	5.9
143	393.451211	22.139204	0.000027	53.271957	5.6
144	416.750181	22.133227	0.000027	49.444052	5.3
145	356.132055	22.134378	0.000027	145.460075	6.1
146	385.927917	22.131501	0.000027	108.333305	6.7
147	396.069822	22.152653	0.000027	155.655608	5.8
148	403.279203	22.175281	0.000027	178.624884	4.8
149	386.693150	22.250155	0.000027	42.092135	3.8
150	396.312698	22.245226	0.000027	114.868084	3.7
151	372.932228	22.241526	0.000027	253.796720	3.9
152	394.800879	22.309241	0.000026	272.008523	5.6
153	406.365016	22.301104	0.000027	100.923462	5.2
154	409.742202	22.358332	0.000026	246.766656	6.4
155	342.867980	22.348758	0.000026	235.658268	5.5
156	371.668596	22.388906	0.000026	58.978288	6.1
157	383.649913	22.380461	0.000026	117.914567	5.8
158	437.058683	22.379526	0.000026	427.475732	6.6
159	396.871335	22.428163	0.000026	110.933395	5.6
160	372.435224	22.696381	0.000026	132.098328	5.2
161	371.368785	22.707051	0.000026	94.259672	4.4
162	399.134552	22.707933	0.000026	233.493859	4.1
163	380.398695	22.725931	0.000026	209.209481	3.5
164	381.045462	22.909572	0.000026	278.598259	3.7
165	386.359645	23.320553	0.000026	126.778748	4.0
166	403.029994	23.448692	0.000026	45.977990	3.5
167	383.201836	23.446932	0.000026	80.957033	3.7
168	393.040824	23.447789	0.000026	123.250782	3.1
169	399.078296	23.450020	0.000026	204.480878	5.6
170	371.336609	23.508570	0.000026	107.541838	4.3
171	413.902924	23.523587	0.000026	218.520497	3.7
172	365.204701	23.536224	0.000026	148.195551	4.0
173	374.367955	23.632609	0.000026	76.194042	4.3
174	376.281425	23.635505	0.000026	187.990316	3.9
175	359.623694	23.634598	0.000026	107.026691	3.2
176	373.554960	23.672247	0.000026	182.638423	3.4
177	364.360029	23.672820	0.000026	235.028110	3.6
178	372.030160	23.860297	0.000026	240.795735	3.0
179	399.354404	23.892693	0.000026	145.447220	2.9
180	384.668967	23.912547	0.000026	178.064836	4.4
181	402.541300	23.953929	0.000026	138.305517	5.2
182	416.123043	23.966242	0.000026	415.453257	5.1
183	373.752948	23.953448	0.000026	87.674340	4.0
184	396.279403	23.985165	0.000026	140.996964	4.2
185	387.879504	23.980343	0.000026	179.645570	4.0
186	390.502840	23.981215	0.000026	262.024454	4.1
187	415.332333	23.969934	0.000026	120.276950	4.5
188	370.541388	24.023450	0.000025	48.930059	4.2
189	384.341978	24.020585	0.000025	213.286767	5.7
190	394.438563	24.031800	0.000025	163.063609	5.6
191	392.611121	24.109846	0.000025	307.939328	5.6
192	380.539249	24.256757	0.000025	129.166509	4.9
193	396.653126	24.332180	0.000025	221.727125	5.5
194	442.323907	24.420148	0.000025	213.716872	5.6
195	392.674457	24.511384	0.000025	142.938533	4.6
196	378.038066	24.593579	0.000025	79.129306	5.4
197	367.444843	24.600181	0.000025	80.296773	6.1
198	409.994286	24.595251	0.000025	77.541960	5.4
199	364.327608	24.591318	0.000025	246.483241	4.2
200	422.157321	24.585808	0.000025	221.749907	4.1
201	399.589472	25.011390	0.000025	87.782538	4.0
202	383.440674	25.002387	0.000025	171.052410	3.9
203	390.175737	24.996535	0.000025	131.846924	4.0
204	410.834827	25.027234	0.000025	122.133994	3.8
205	388.351255	25.018015	0.000025	97.301687	3.8
206	424.428266	25.030334	0.000025	318.196322	4.4
207	394.055935	25.019928	0.000025	420.922883	3.4
208	405.815117	26.016324	0.000024	100.253322	3.5
209	394.512560	26.081079	0.000024	84.625559	4.0
210	394.260824	26.077643	0.000024	72.064552	4.2
211	388.196895	26.079058	0.000024	93.396167	3.9
212	427.063328	26.078702	0.000024	318.137362	3.0
213	405.695637	26.067481	0.000024	238.947026	3.3
214	411.802674	26.481847	0.000024	240.381116	4.8
215	391.420067	26.468715	0.000024	168.392075	4.7
216	398.843920	26.660311	0.000024	356.063020	4.6
217	429.203151	27.173348	0.000024	352.100968	3.8
218	391.461748	28.166872	0.000023	107.455066	5.2
219	407.827732	28.223575	0.000023	129.343558	4.8
220	406.439544	28.215377	0.000023	184.600841	4.9
221	372.140242	28.275609	0.000023	160.132481	5.4
222	390.509513	28.335154	0.000023	150.095376	4.4
223	392.142480	28.330979	0.000023	277.729329	5.3
224	368.282591	28.537136	0.000023	106.321643	5.0
225	397.787598	28.594362	0.000023	164.844999	5.6
226	373.352358	28.598975	0.000023	92.146325	5.7
227	361.003927	28.623803	0.000023	88.375648	5.7
228	356.990299	28.625261	0.000023	116.208175	5.8
229	420.992300	28.632659	0.000023	102.138829	5.4
230	409.008493	28.639499	0.000023	74.998295	4.5
231	371.781207	28.640754	0.000023	147.630804	5.0
232	397.632472	28.653192	0.000023	117.672844	5.1
233	394.402752	28.649397	0.000023	139.114936	5.2
234	404.363673	28.667636	0.000023	160.237721	5.2
235	391.359920	28.659831	0.000023	202.192952	5.6
236	394.150156	28.775138	0.000023	194.586518	5.5
237	405.329546	28.763465	0.000023	259.722685	5.6
238	381.486407	29.060626	0.000023	257.468320	5.6
239	414.628118	29.509054	0.000023	201.224382	5.8
240	381.219702	29.864824	0.000023	94.723183	4.6
241	401.026763	29.859275	0.000023	114.887476	4.6
242	386.034366	29.870606	0.000023	208.550817	3.6
243	393.893616	29.859727	0.000023	262.804099	3.9
244	387.189068	30.167807	0.000022	101.852100	3.9
245	372.608626	30.156331	0.000022	119.934654	4.5
246	384.318693	30.151631	0.000022	83.842050	5.6
247	414.674686	30.156734	0.000022	245.126243	4.1
248	396.269198	30.178985	0.000022	286.801044	5.6
249	367.369784	30.165615	0.000022	364.333533	5.5
250	359.512715	31.135950	0.000022	113.396573	5.2
251	368.419693	31.142028	0.000022	84.122493	5.6
252	412.292871	31.150075	0.000022	164.832785	5.6
253	416.209974	31.144301	0.000022	292.208778	4.8
254	393.320376	31.389486	0.000022	177.249963	3.1
255	411.418881	31.672102	0.000022	165.453412	3.1
256	392.810449	31.661935	0.000022	36.956288	5.4
257	382.293572	31.658565	0.000022	294.130696	5.2
258	366.486522	31.665544	0.000022	226.236529	5.3
259	381.673741	31.652394	0.000022	102.215616	5.2
260	371.704209	31.656965	0.000022	90.272546	4.5
261	401.690573	31.653206	0.000022	269.917108	4.2
262	398.541418	31.642562	0.000022	115.195987	4.0
263	381.729686	31.734604	0.000022	22.869319	3.2
264	380.831663	31.733024	0.000022	163.003688	3.3
265	418.274193	31.735159	0.000022	209.971397	3.3
266	377.203646	31.761172	0.000022	168.924479	3.3
267	372.629339	31.901561	0.000022	216.596843	5.1
268	409.752268	31.890676	0.000022	256.630969	3.3
269	389.072081	32.013964	0.000022	199.118893	3.4
270	381.278964	32.386264	0.000021	220.520692	3.7
271	371.941696	32.511995	0.000021	48.059738	3.3
272	400.600721	32.525322	0.000021	155.656494	3.2
273	374.406380	32.525269	0.000021	393.818058	3.3
274	373.489991	32.824131	0.000021	260.140158	3.3
275	363.868031	33.666946	0.000021	163.606798	3.3
276	397.433908	33.749941	0.000021	233.399816	3.2
277	386.933892	33.802962	0.000021	124.549419	4.3
278	413.874937	33.791576	0.000021	146.690562	5.1
279	400.633071	33.823722	0.000021	75.611736	5.1
280	405.082615	33.816846	0.000021	280.652030	5.0
281	369.454617	33.813935	0.000021	130.423270	4.5
282	391.733314	33.803396	0.000021	151.782887	4.1
283	394.988156	33.830133	0.000021	211.981434	4.0
284	370.271267	33.820807	0.000021	236.917310	3.8
285	396.269574	34.077100	0.000021	63.027923	5.4
286	421.113335	34.086115	0.000021	319.465802	4.9
287	410.008648	34.078324	0.000021	269.469411	5.0
288	421.919057	34.967106	0.000021	218.456166	3.8
289	424.880508	35.195644	0.000020	62.315077	3.7
290	394.122006	35.187322	0.000020	254.811488	4.0
291	369.166704	35.178367	0.000020	458.263221	5.2
292	373.956160	36.152377	0.000020	38.300638	5.4
293	356.146168	36.157048	0.000020	112.707533	5.0
294	380.970192	36.158959	0.000020	159.061218	4.7
295	392.695654	36.151222	0.000020	204.946655	4.4
296	367.953146	36.263145	0.000020	147.784677	4.4
297	374.128698	36.329036	0.000020	370.559697	4.0
298	353.918913	36.315856	0.000020	181.039769	4.0
299	397.612200	36.468367	0.000020	321.093289	3.7
300	424.049077	36.483310	0.000020	187.522679	3.6
301	389.886925	36.470960	0.000020	62.084473	3.7
302	405.291012	36.481694	0.000020	276.718128	3.7
303	384.011778	36.492406	0.000020	217.215974	4.1
304	363.882150	36.948923	0.000020	242.710326	3.6
305	398.031712	37.212507	0.000020	63.529534	3.6
306	407.042301	37.213129	0.000020	112.202869	3.6
307	391.928586	37.220155	0.000020	173.428524	3.6
308	394.987780	37.212767	0.000020	124.958788	4.2
309	387.036284	37.236229	0.000020	56.163835	5.2
310	392.451461	37.237730	0.000020	219.379235	5.1
311	406.214259	37.230996	0.000020	320.852372	3.8
312	394.058186	37.763324	0.000020	93.208195	4.2
313	401.244306	37.786876	0.000020	173.851125	4.4
314	392.267984	37.786445	0.000020	302.750465	3.7
315	375.855971	38.063482	0.000019	297.955452	3.5
316	394.807895	38.979412	0.000019	219.877623	3.4
317	383.853462	39.334220	0.000019	155.036422	3.2
318	389.490613	39.326643	0.000019	151.664675	3.5
319	370.289710	39.366783	0.000019	73.626175	3.2
320	383.530739	39.364115	0.000019	50.564385	3.4
321	391.913346	39.367690	0.000019	231.362273	3.4
322	403.146764	39.377404	0.000019	116.236212	3.4
323	370.253956	39.433861	0.000019	137.839449	3.3
324	373.197433	39.454736	0.000019	175.573934	3.4
325	380.262974	39.503067	0.000019	222.894203	3.3
326	388.289369	39.684888	0.000019	150.615175	3.1
327	399.511521	39.756668	0.000019	158.366105	3.1
328	407.234690	39.754941	0.000019	103.373493	3.2
329	392.790624	39.745606	0.000019	254.625527	3.2
330	411.493974	39.814740	0.000019	105.525833	3.2
331	401.011535	39.806691	0.000019	92.581079	3.2
332	381.672666	39.804875	0.000019	231.953055	3.2
333	384.361149	39.798311	0.000019	167.961454	3.7
334	393.724673	39.787268	0.000019	458.073102	3.2
335	384.734653	40.236508	0.000019	219.093580	2.7
336	401.983593	40.223067	0.000019	166.030101	3.0
337	386.822892	40.247147	0.000019	114.651410	2.7
338	403.683027	40.238098	0.000019	192.134944	4.3
339	393.772603	40.255659	0.000019	282.649325	4.6
340	388.034222	40.244073	0.000019	95.063791	4.5
341	386.889135	40.303793	0.000019	180.267176	3.6
342	349.878462	40.294234	0.000019	228.773716	3.6
343	382.831373	40.343114	0.000019	251.094332	4.6
344	398.569426	40.333202	0.000019	275.741700	4.2
345	377.954771	40.969081	0.000019	88.444121	5.0
346	373.702784	40.974690	0.000019	113.908936	5.1
347	387.106330	40.973750	0.000019	217.474887	4.3
348	412.667237	40.970417	0.000019	138.905816	4.8
349	406.000594	41.038419	0.000018	141.582680	4.6
350	392.156866	41.044539	0.000018	69.355689	4.3
351	371.321639	41.042424	0.000018	72.814606	3.8
352	434.228601	41.045219	0.000018	63.838901	3.7
353	394.462374	41.041457	0.000018	135.589769	3.6
354	382.525862	41.048465	0.000018	57.102112	3.7
355	380.433145	41.056040	0.000018	110.786619	3.5
356	378.843853	41.055432	0.000018	100.135439	3.4
357	401.151005	41.059307	0.000018	154.469655	3.5
358	392.173301	41.054196	0.000018	283.253426	3.7
359	392.887808	41.195413	0.000018	94.549513	3.9
360	356.667558	41.187047	0.000018	150.171575	5.5
361	392.531438	41.187032	0.000018	204.624169	5.5
362	381.060157	41.178577	0.000018	243.675296	4.5
363	389.198628	41.308529	0.000018	337.750957	4.5
364	341.394521	42.047173	0.000018	330.076972	4.3
365	376.644355	42.931151	0.000018	267.383145	4.5
366	401.383522	43.765973	0.000018	83.430572	4.3
367	360.132888	43.814754	0.000018	106.133628	5.6
368	403.151985	43.808818	0.000018	64.394139	5.6
369	397.911515	43.815224	0.000018	95.777937	5.8
370	382.241561	43.811694	0.000018	97.790758	5.5
371	417.551406	43.824063	0.000018	328.703672	5.6
372	368.419878	43.929101	0.000018	215.552307	5.3
373	383.634542	44.365456	0.000018	230.429157	5.1
374	389.577557	44.354803	0.000018	98.788785	4.2
375	372.661339	44.344045	0.000018	124.198537	4.2
376	381.432516	44.348806	0.000018	56.543483	4.1
377	377.970253	44.345031	0.000018	140.127514	3.8
378	396.573555	44.347796	0.000018	79.050222	3.8
379	349.662659	44.346327	0.000018	121.560138	3.9
380	383.587543	44.346751	0.000018	76.069881	3.8
381	427.241837	44.350660	0.000018	224.170449	3.3
382	404.881023	44.367763	0.000018	120.652135	3.1
383	410.003267	44.362664	0.000018	242.407642	3.1
384	394.628833	44.375565	0.000018	124.927185	3.3
385	405.997560	44.385096	0.000018	55.173198	5.3
386	381.481298	44.380591	0.000018	261.274729	3.2
387	387.306309	44.382590	0.000018	32.403877	3.6
388	387.955619	44.380646	0.000018	184.452515	3.6
389	391.875769	44.381350	0.000018	138.121161	4.4
390	413.897366	44.402387	0.000018	46.661360	4.1
391	380.217415	44.397582	0.000018	63.145970	3.7
392	382.293562	44.399000	0.000018	152.209772	3.1
393	388.948443	44.408620	0.000018	173.035051	3.5
394	404.842440	44.398184	0.000018	258.375123	5.1
395	409.657529	44.564180	0.000018	146.137885	5.2
396	392.596253	44.554306	0.000018	137.133734	5.7
397	375.251486	44.572119	0.000018	113.469123	5.4
398	377.218214	44.566249	0.000018	144.170879	4.0
399	382.541707	44.560059	0.000018	272.766234	4.5
400	358.023747	44.571054	0.000018	121.692291	4.5
401	401.823786	44.690522	0.000017	137.872360	4.4
402	372.182314	44.683268	0.000017	31.189689	5.3
403	399.379225	44.681526	0.000017	80.079450	5.3
404	375.830323	44.682181	0.000017	102.388341	4.9
405	370.119612	44.677073	0.000017	121.331022	5.0
406	380.951090	44.669190	0.000017	155.489178	4.8
407	370.908491	44.695478	0.000017	64.948617	4.7
408	389.794485	44.688545	0.000017	139.215517	4.5
409	399.707846	44.699056	0.000017	231.928425	3.5
410	387.411468	44.734930	0.000017	211.538495	3.8
411	369.510072	44.750143	0.000017	116.518373	6.0
412	402.854335	44.776129	0.000017	164.574459	5.6
413	395.381054	44.807822	0.000017	277.324318	5.1
414	411.799934	44.797225	0.000017	120.303525	4.4
415	404.973815	44.861652	0.000017	79.673898	4.4
416	403.416366	44.868984	0.000017	64.821007	4.9
417	392.309736	44.865683	0.000017	109.892669	5.3
418	424.434221	44.861630	0.000017	70.922907	5.7
419	378.743559	44.860102	0.000017	104.208025	5.4
420	393.458018	44.867643	0.000017	149.457654	5.6
421	392.469821	44.880480	0.000017	56.317004	4.8
422	374.370750	44.881603	0.000017	80.504661	6.7
423	416.480560	44.881680	0.000017	138.787088	5.6
424	365.367605	44.874340	0.000017	79.134622	5.3
425	425.624011	44.885607	0.000017	364.571432	4.4
426	381.682104	44.876427	0.000017	272.300853	4.4
427	408.895600	45.778909	0.000017	225.329644	3.8
428	385.291755	45.766548	0.000017	78.789148	3.9
429	397.955728	45.764483	0.000017	316.183037	3.8
430	361.644802	45.776416	0.000017	263.633433	3.3
431	396.500039	46.644975	0.000017	181.760035	3.4
432	388.126940	46.839241	0.000017	110.390689	3.3
433	378.121265	46.877582	0.000017	122.767249	3.3
434	369.545884	46.875003	0.000017	150.102073	3.2
435	422.213274	46.874288	0.000017	69.749727	3.2
436	386.496572	46.888321	0.000017	111.384986	3.5
437	371.344236	46.884832	0.000017	134.338162	3.4
438	367.729500	46.903742	0.000017	90.614512	3.0
439	387.708380	46.901909	0.000017	218.465107	4.6
440	395.619069	46.891900	0.000017	289.961517	5.6
441	383.226858	47.311744	0.000017	182.983548	4.6
442	386.036457	47.298704	0.000017	206.907506	2.9
443	385.489760	47.286294	0.000017	378.032243	3.2
444	381.656291	48.057334	0.000017	336.815607	3.2
445	421.282315	48.043886	0.000017	191.955752	3.3
446	365.665349	48.399095	0.000017	88.491142	3.4
447	380.686360	48.389777	0.000017	166.171938	3.3
448	393.841528	48.383587	0.000017	138.071822	3.2
449	420.258686	48.393154	0.000017	347.004092	3.5
450	367.704345	48.393032	0.000017	263.517627	3.2
451	397.817340	49.156181	0.000016	159.233288	3.2
452	425.254607	49.254383	0.000016	93.108371	3.3
453	394.926757	49.268726	0.000016	66.425733	3.3
454	416.617670	49.274392	0.000016	115.699623	3.4
455	385.579415	49.274773	0.000016	107.514035	3.3
456	391.478199	49.267127	0.000016	221.696174	3.2
457	380.792804	49.277182	0.000016	209.575016	3.3
458	393.581535	49.420818	0.000016	119.184594	3.2
459	391.744688	49.409568	0.000016	230.945883	3.2
460	360.602427	49.475008	0.000016	147.243743	3.4
461	363.650514	49.554815	0.000016	46.740587	5.0
462	415.331556	49.550771	0.000016	272.526905	5.1
463	362.708377	49.566107	0.000016	49.628338	4.3
464	372.784465	49.582668	0.000016	181.109413	4.0
465	402.951733	49.579970	0.000016	246.057627	4.1
466	374.230541	49.573114	0.000016	170.754671	3.8
467	415.578931	49.561309	0.000016	144.573855	3.9
468	401.994277	49.551682	0.000016	333.443457	3.8
469	407.560713	49.836179	0.000016	141.428553	3.6
470	383.009193	49.910598	0.000016	99.744012	3.6
471	374.703598	49.912080	0.000016	98.752804	3.0
472	363.644976	49.914346	0.000016	66.777330	3.0
473	404.743696	49.919088	0.000016	101.755144	3.0
474	395.233221	49.924997	0.000016	71.361387	3.3
475	374.345392	49.921520	0.000016	14.832488	3.3
476	391.969714	49.921020	0.000016	118.061356	3.3
477	383.332319	49.922065	0.000016	56.068631	3.4
478	389.864490	49.926573	0.000016	106.886991	3.4
479	380.345196	49.925744	0.000016	105.197408	3.2
480	400.248550	49.937545	0.000016	38.343350	3.3
481	392.588863	49.941105	0.000016	114.307219	3.3
482	399.016507	49.940835	0.000016	189.775809	3.4
483	379.753218	49.955630	0.000016	155.268717	5.6
484	362.594350	50.001032	0.000016	148.307750	5.3
485	402.676966	49.990665	0.000016	121.623606	4.3
486	385.169859	49.994228	0.000016	76.775695	4.2
487	403.722866	49.988324	0.000016	254.496258	3.9
488	392.834961	49.988045	0.000016	58.853683	4.3
489	379.929791	49.994599	0.000016	64.018157	4.1
490	416.130811	49.993440	0.000016	54.334953	5.5
491	373.290210	49.996038	0.000016	98.510123	5.2
492	375.345255	50.000716	0.000016	139.644314	5.0
493	389.273185	50.007140	0.000016	348.023209	4.0
494	388.605445	50.063854	0.000016	111.583029	4.7
495	386.828583	50.068292	0.000016	230.603858	5.2
496	385.877447	50.072594	0.000016	76.039181	4.7
497	376.094214	50.069008	0.000016	111.612819	5.5
498	353.613061	50.069216	0.000016	97.140777	4.1
499	376.315565	50.066170	0.000016	222.558125	4.1
500	382.423329	50.103435	0.000016	132.570059	4.2
501	388.566500	50.100132	0.000016	117.700066	5.4
502	389.974030	50.125858	0.000016	165.172999	5.3
503	423.743776	50.116372	0.000016	129.070748	5.4
504	349.970747	50.109972	0.000016	85.383371	5.3
505	370.678799	50.120629	0.000016	114.575046	5.0
506	390.759077	50.130433	0.000016	255.712972	5.2
507	365.505023	50.181220	0.000016	121.866493	5.4
508	356.265354	50.170955	0.000016	43.106324	4.2
509	418.774745	50.168437	0.000016	132.963266	4.2
510	386.300777	50.168748	0.000016	164.764736	4.1
511	388.648857	50.217400	0.000016	137.755258	4.2
512	388.824755	50.242053	0.000016	34.617311	3.7
513	359.869164	50.243512	0.000016	113.993931	3.2
514	374.924314	50.243634	0.000016	141.695709	3.1
515	370.021153	50.234432	0.000016	215.385439	3.2
516	395.994704	50.264094	0.000016	192.506800	3.0
517	414.583841	50.273174	0.000016	172.159195	3.0
518	392.414438	50.262516	0.000016	68.393904	3.1
519	366.333196	50.264483	0.000016	183.363193	3.2
520	412.472776	50.264622	0.000016	416.208021	3.3
521	377.283446	51.064551	0.000016	54.627338	3.2
522	391.535383	51.059872	0.000016	80.927346	3.1
523	354.094326	51.061302	0.000016	200.738751	6.5
524	414.869334	51.062433	0.000016	199.357605	3.3
525	382.620471	51.119381	0.000016	241.494452	3.5
526	431.327346	51.201324	0.000016	101.443011	4.0
527	392.711216	51.196704	0.000016	289.605987	5.0
528	382.428373	51.208677	0.000016	100.197500	5.2
529	420.100301	51.221140	0.000016	75.069017	5.4
530	383.738073	51.222055	0.000016	30.140410	5.5
531	405.922617	51.224080	0.000016	88.017144	5.5
532	420.612685	51.224526	0.000016	122.959682	5.0
533	364.630903	51.228294	0.000016	200.549037	5.5
534	383.523179	51.223670	0.000016	246.635616	5.4
535	397.911793	51.243224	0.000016	55.043199	5.5
536	410.236171	51.238004	0.000016	66.327533	5.7
537	399.524861	51.240375	0.000016	221.945561	5.8
538	399.521884	51.237277	0.000016	102.437066	6.4
539	414.283485	51.231368	0.000016	101.309554	6.7
540	373.135614	51.237776	0.000016	61.158605	6.1
541	378.595624	51.241578	0.000016	195.867000	6.1
542	391.994673	51.246935	0.000016	65.628567	6.0
543	369.872354	51.252138	0.000016	176.994145	5.6
544	392.865166	51.263346	0.000016	300.065608	4.5
545	358.449190	51.362586	0.000016	179.044957	4.6
546	378.172782	51.539331	0.000016	199.491846	4.6
547	378.209349	51.526939	0.000016	66.806950	3.5
548	415.350668	51.518885	0.000016	122.285363	3.5
549	415.251890	51.527567	0.000016	49.232413	3.6
550	377.946931	51.526800	0.000016	144.065689	3.8
551	374.151863	51.532899	0.000016	142.532961	4.3
552	403.318039	51.554749	0.000016	200.332239	3.6
553	373.550429	51.573455	0.000016	74.682474	4.9
554	391.652653	51.567757	0.000016	215.974108	4.9
555	382.554252	51.571383	0.000016	108.279619	4.0
556	387.870191	51.592662	0.000016	163.164081	3.9
557	379.811026	51.613155	0.000016	117.480231	3.8
558	414.912406	51.646077	0.000016	260.083697	4.0
559	391.423753	51.738195	0.000016	316.547120	4.0
560	401.134018	52.295519	0.000016	80.657354	4.0
561	367.816918	52.297119	0.000016	74.831947	3.9
562	394.172000	52.297941	0.000016	157.911857	3.4
563	394.443404	52.310571	0.000016	258.202229	4.9
564	388.603026	52.469453	0.000016	365.805388	4.8
565	362.806009	52.456133	0.000016	53.032863	4.9
566	385.060986	52.470898	0.000016	75.229473	5.7
567	396.814832	52.467956	0.000016	369.832361	5.5
568	414.298425	52.457210	0.000016	137.040773	5.0
569	379.982415	52.444264	0.000016	150.552238	4.7
570	396.166269	52.464320	0.000016	112.273472	4.7
571	425.891314	52.456515	0.000016	113.391177	4.8
572	393.939867	52.449070	0.000016	223.718579	3.7
573	369.424868	52.501756	0.000016	43.297125	3.3
574	402.298601	52.495450	0.000016	90.212741	3.7
575	390.780737	52.498545	0.000016	69.619540	5.1
576	383.201042	52.496499	0.000016	266.032357	4.5
577	407.722264	52.503550	0.000016	184.341865	3.6
578	360.317899	52.596873	0.000016	163.794777	4.7
579	379.653339	52.585377	0.000016	213.386354	3.6
580	356.592197	52.710349	0.000016	102.057685	4.3
581	393.723180	52.699668	0.000016	276.098775	4.2
582	366.747439	52.780702	0.000016	231.966349	3.6
583	422.800709	52.768488	0.000016	130.505365	3.4
584	374.495224	52.861739	0.000016	246.252915	3.4
585	412.518594	52.850387	0.000016	162.820364	3.3
586	365.608198	52.987957	0.000016	154.319533	3.9
587	352.506274	53.019711	0.000016	89.200167	3.9
588	391.491500	53.025476	0.000016	140.046696	3.9
589	392.869327	53.020544	0.000016	217.626366	3.9
590	363.332003	53.010521	0.000016	82.998296	3.9
591	380.823488	53.001014	0.000016	115.043937	3.8
592	399.966113	53.008211	0.000016	167.260296	4.0
593	361.963357	53.001326	0.000016	128.128741	5.4
594	406.901961	52.994295	0.000016	131.194468	5.4
595	399.275283	52.996281	0.000016	200.235624	5.4
596	383.141586	53.051299	0.000015	192.676796	5.1
597	394.186233	53.061682	0.000015	127.252590	5.0
598	418.193292	53.124274	0.000015	280.580125	5.3
599	390.918330	53.113932	0.000015	150.096213	5.5
600	355.742343	53.192479	0.000015	149.722959	5.6
601	367.244662	53.183659	0.000015	216.336734	5.3
602	364.242974	53.172244	0.000015	74.590899	5.5
603	389.659726	53.168409	0.000015	49.671692	5.4
604	395.841562	53.170401	0.000015	78.872698	4.3
605	384.959203	53.172491	0.000015	122.582754	4.4
606	352.721514	53.177185	0.000015	268.926895	4.1
607	398.879039	53.170778	0.000015	69.553143	4.2
608	374.154318	53.176972	0.000015	162.523566	5.3
609	379.262022	53.175120	0.000015	62.058270	5.2
610	416.376123	53.171201	0.000015	181.269863	4.8
611	388.873814	53.186584	0.000015	208.187993	6.0
612	385.574770	53.209936	0.000015	104.659039	4.2
613	391.996304	53.228689	0.000015	95.153187	4.4
614	379.462102	53.242302	0.000015	134.203565	4.0
615	359.286030	53.251601	0.000015	180.056344	3.6
616	377.956488	53.258954	0.000015	20.302967	3.5
617	391.768516	53.256919	0.000015	92.560833	3.5
618	371.557409	53.256544	0.000015	123.375872	3.7
619	395.923923	53.255278	0.000015	117.159024	5.6
620	409.608187	53.272638	0.000015	158.649343	5.4
621	353.005484	53.265221	0.000015	106.982336	6.4
622	379.008533	53.280046	0.000015	72.069011	4.7
623	371.398010	53.274285	0.000015	112.989130	5.0
624	389.733496	53.280035	0.000015	200.836419	5.2
625	394.167087	53.269511	0.000015	117.020622	5.2
626	379.552285	53.258744	0.000015	33.748836	5.2
627	361.936921	53.261992	0.000015	79.723697	4.8
628	424.790716	53.262661	0.000015	135.716095	4.3
629	364.759833	53.256847	0.000015	110.046634	4.3
630	400.608816	53.282788	0.000015	29.707607	3.6
631	412.394189	53.284568	0.000015	197.386869	3.6
632	414.825516	53.290289	0.000015	78.216841	3.6
633	401.145909	53.287477	0.000015	103.774342	3.6
634	393.327486	53.292234	0.000015	62.074893	3.5
635	396.137142	53.287271	0.000015	79.264159	3.7
636	387.645601	53.289839	0.000015	101.910328	3.6
637	396.464786	53.284342	0.000015	78.399697	3.6
638	396.949315	53.293187	0.000015	87.800968	3.3
639	371.920846	53.295401	0.000015	106.797967	3.3
640	409.144823	53.297152	0.000015	113.970267	3.3
641	352.875359	53.303291	0.000015	221.382613	3.4
642	395.219447	53.296646	0.000015	189.585515	3.4
643	400.617175	53.480251	0.000015	91.983366	3.4
644	389.966579	53.470956	0.000015	87.284008	3.8
645	342.082338	53.468743	0.000015	129.416340	3.7
646	392.389323	53.480338	0.000015	73.438176	3.6
647	403.047890	53.475401	0.000015	180.004214	3.6
648	381.658250	53.488214	0.000015	119.472444	3.6
649	391.501300	53.483434	0.000015	132.775130	3.6
650	382.748122	53.479923	0.000015	247.145928	3.6
651	407.946100	53.474286	0.000015	49.026225	3.5
652	418.534130	53.472361	0.000015	276.453296	3.4
653	373.616526	53.475860	0.000015	29.326201	3.4
654	396.736376	53.481353	0.000015	149.617238	3.4
655	380.543477	53.479659	0.000015	142.325190	3.3
656	391.146208	53.503926	0.000015	73.113984	3.3
657	401.456358	53.502797	0.000015	97.088143	3.3
658	392.262921	53.503056	0.000015	153.573855	3.4
659	390.977357	53.496617	0.000015	162.473641	3.5
660	369.495671	53.487733	0.000015	165.862036	3.6
661	392.444356	53.477175	0.000015	169.722401	3.8
662	375.049812	53.513264	0.000015	200.429561	3.8
663	399.728170	53.503003	0.000015	164.471875	3.5
664	388.978928	53.620861	0.000015	98.744719	3.1
665	371.902479	53.633097	0.000015	120.577841	5.3
666	368.544607	53.625390	0.000015	107.439109	4.7
667	373.622459	53.644106	0.000015	68.525266	4.7
668	380.993576	53.647574	0.000015	162.206553	4.8
669	385.691301	53.642882	0.000015	233.516862	4.7
670	383.787454	53.801420	0.000015	87.862540	4.4
671	364.873720	53.806592	0.000015	191.769533	5.5
672	407.800757	53.811601	0.000015	331.874091	5.6
673	416.486835	53.800567	0.000015	112.764646	5.5
674	377.277734	53.865598	0.000015	242.206234	4.0
675	409.808045	53.855304	0.000015	122.463774	4.1
676	375.783041	53.843402	0.000015	138.154116	3.8
677	398.156879	53.870418	0.000015	163.692959	3.7
678	383.861731	53.917416	0.000015	329.389887	3.7
679	407.061685	54.270935	0.000015	278.579902	4.5
680	373.636825	54.257506	0.000015	318.346358	3.7
681	434.222453	55.154488	0.000015	155.941368	3.5
682	371.103123	55.454107	0.000015	174.802449	3.1
683	370.143058	55.517914	0.000015	204.574728	3.0
684	379.254835	55.520563	0.000015	81.049258	4.1
685	387.472679	55.547990	0.000015	280.846704	7.8
686	401.478097	55.543334	0.000015	122.873291	5.4
687	401.258632	55.656249	0.000015	110.860128	4.1
688	391.243378	55.669043	0.000015	120.210339	4.1
689	378.610916	55.670896	0.000015	194.136701	4.4
690	399.936700	55.680111	0.000015	98.964112	4.4
691	372.091068	55.683960	0.000015	160.382259	5.1
692	407.138344	55.677459	0.000015	317.438371	3.5
693	379.742907	55.675430	0.000015	351.153140	2.6
694	431.573748	56.652023	0.000015	190.667314	2.6
695	381.874791	57.257983	0.000015	95.997518	3.7
696	407.269180	57.253284	0.000015	252.085381	4.0
697	397.613787	57.295678	0.000015	75.804929	3.9
698	395.785288	57.287136	0.000015	198.276146	2.9
699	404.112415	57.297020	0.000015	263.192288	4.9
700	404.756013	57.284428	0.000015	246.847925	3.4
701	406.267328	57.801620	0.000015	345.492653	3.3
702	393.563390	57.788328	0.000015	317.326531	3.9
703	364.435129	58.764601	0.000014	263.453978	4.0
704	354.818144	59.592329	0.000014	27.331760	3.3
705	369.412149	59.590335	0.000014	101.385436	6.3
706	373.609123	59.589612	0.000014	66.368619	3.5
707	369.220950	59.593705	0.000014	136.637101	3.3
708	381.247330	59.601378	0.000014	70.251393	3.3
709	359.090528	59.601440	0.000014	97.496846	5.7
710	403.424593	59.606192	0.000014	54.383264	3.2
711	362.105721	59.602010	0.000014	255.908039	5.9
712	388.150089	59.614629	0.000014	174.065387	6.2
713	391.336779	59.806667	0.000014	120.663795	5.3
714	388.355405	59.796460	0.000014	71.873738	5.1
715	374.183171	59.791883	0.000014	191.400219	3.7
716	368.589296	59.800566	0.000014	263.413835	4.7
717	368.909436	59.968583	0.000014	109.487200	4.5
718	378.732335	60.017833	0.000014	199.973764	4.5
719	381.977569	60.008673	0.000014	240.696397	5.5
720	388.536325	60.043942	0.000014	65.867436	5.5
721	407.029775	60.060592	0.000014	195.987156	3.5
722	400.692115	60.056944	0.000014	102.927350	3.4
723	380.787960	60.046965	0.000014	113.539397	5.4
724	392.150859	60.044257	0.000014	50.291769	5.1
725	389.170364	60.050688	0.000014	44.496638	5.7
726	369.953314	60.051551	0.000014	137.883855	5.3
727	370.501775	60.057295	0.000014	315.461677	5.6
728	363.539961	60.044861	0.000014	116.143520	5.4
729	406.033954	60.157689	0.000014	223.288320	5.7
730	367.815159	60.146887	0.000014	207.723630	5.1
731	397.982099	60.393758	0.000014	299.524316	4.2
732	374.864273	60.774756	0.000014	203.900368	4.6
733	403.969940	60.973464	0.000014	124.232563	5.3
734	378.365890	60.968772	0.000014	105.678275	5.3
735	380.374450	60.990266	0.000014	216.089475	4.7
736	383.468539	61.008446	0.000014	62.397707	4.8
737	381.744511	61.020922	0.000014	99.625177	5.1
738	406.827583	61.025407	0.000014	304.313660	5.4
739	384.966719	61.066373	0.000014	144.398430	5.3
740	408.075154	61.053439	0.000014	123.767375	5.2
741	394.450737	61.050300	0.000014	155.354105	4.6
742	389.945896	61.040148	0.000014	165.273628	4.2
743	401.986481	61.091693	0.000014	215.012281	4.3
744	390.292009	61.114462	0.000014	129.811568	4.1
745	407.361677	61.102910	0.000014	141.880871	4.2
746	396.881775	61.124592	0.000014	183.923375	3.6
747	391.459973	61.158783	0.000014	220.235126	5.0
748	424.122860	61.146026	0.000014	194.642169	3.8
749	397.009138	61.340364	0.000014	351.001995	4.5
750	378.528506	62.013772	0.000014	170.459784	5.2
751	410.286585	62.279312	0.000014	118.945737	6.9
752	370.321964	62.270255	0.000014	41.174897	4.1
753	412.623926	62.268831	0.000014	85.761350	5.1
754	386.729427	62.267226	0.000014	209.368935	3.9
755	387.885404	62.258346	0.000014	141.965464	3.9
756	408.281404	62.264635	0.000014	135.237802	4.2
757	389.000098	62.263281	0.000014	241.061595	4.7
758	362.719842	62.252030	0.000014	214.393824	4.8
759	382.537006	62.394145	0.000014	133.668798	3.7
760	394.956479	62.418476	0.000014	119.423556	6.9
761	396.540250	62.409529	0.000014	163.566684	4.3
762	393.037736	62.439439	0.000014	79.687973	3.2
763	362.035790	62.431935	0.000014	183.534634	7.1
764	395.286481	62.439294	0.000014	223.894269	5.0
765	396.078564	62.446085	0.000014	267.544699	5.3
766	360.945695	62.432899	0.000014	80.142240	5.9
767	395.039961	62.465948	0.000014	253.414468	6.0
768	384.238047	62.457641	0.000014	156.195598	3.5
769	379.188817	62.448900	0.000014	61.973645	2.9
770	361.329893	62.444314	0.000014	198.280574	3.3
771	397.615038	62.448820	0.000014	216.933736	3.9
772	381.980080	62.466914	0.000014	139.666538	3.8
773	384.386320	62.567114	0.000014	208.568906	5.6
774	387.042022	62.641955	0.000014	94.411752	4.9
775	418.973866	62.636269	0.000014	189.667348	3.1
776	400.477597	62.628013	0.000014	112.879676	5.4
777	397.061479	62.618174	0.000014	165.701816	5.2
778	414.976766	62.608880	0.000014	112.381447	4.1
779	376.758086	62.637686	0.000014	155.865911	4.1
780	390.608291	62.628375	0.000014	370.380197	4.0
781	384.297268	62.615221	0.000014	120.848143	3.8
782	395.607848	62.602902	0.000014	54.277735	4.0
783	376.940893	62.602879	0.000014	161.482458	4.6
784	390.288687	62.604384	0.000014	81.079871	5.0
785	399.035986	62.596135	0.000014	33.297101	5.1
786	384.672929	62.594084	0.000014	106.940994	5.8
787	348.983217	62.596458	0.000014	159.366011	6.1
788	360.717690	62.626207	0.000014	35.693801	5.6
789	380.900233	62.624823	0.000014	267.174985	5.4
790	375.163802	62.631431	0.000014	221.697710	4.9
791	406.343169	62.932589	0.000014	83.779041	5.3
792	370.319467	62.945613	0.000014	197.003369	4.8
793	398.683998	62.947711	0.000014	150.141013	4.6
794	403.442043	62.954639	0.000014	212.045501	5.5
795	415.864096	62.944831	0.000014	252.274150	4.3
796	391.004557	63.172557	0.000014	49.962979	4.8
797	369.753337	63.170728	0.000014	214.400214	4.1
798	379.003562	63.173712	0.000014	122.685739	4.4
799	371.849856	63.230692	0.000014	138.979619	5.0
800	411.329208	63.222265	0.000014	176.132782	5.2
801	387.310088	63.229827	0.000014	63.037472	4.7
802	384.976990	63.222606	0.000014	156.834745	3.5
803	392.947927	63.216468	0.000014	337.748044	4.9
804	379.229676	63.399636	0.000014	87.842208	4.7
805	383.062856	63.389101	0.000014	77.533827	2.8
806	388.060635	63.394731	0.000014	153.010212	3.1
807	377.710514	63.407406	0.000014	86.966823	3.3
808	446.884571	63.399304	0.000014	226.656315	5.9
809	395.700337	63.429089	0.000014	140.280769	2.6
810	367.121107	63.510042	0.000014	119.698112	5.7
811	413.920091	63.538063	0.000014	60.762142	5.1
812	391.301998	63.541066	0.000014	253.774352	6.1
813	391.410603	63.559399	0.000014	125.964305	3.7
814	397.364714	63.552068	0.000014	88.618396	5.3
815	404.493781	63.567813	0.000014	204.115063	5.1
816	379.911148	63.584213	0.000014	146.755240	5.0
817	394.966366	63.638693	0.000014	371.192048	4.7
818	417.468577	63.625497	0.000014	442.425993	4.8
819	371.852548	64.625103	0.000013	140.125316	5.4
820	417.201205	64.914896	0.000013	57.742897	6.1
821	403.930346	64.910560	0.000013	113.119978	4.3
822	377.317066	64.911394	0.000013	121.236417	4.3
823	360.225662	64.922665	0.000013	83.063430	4.0
824	373.495797	64.921459	0.000013	121.544177	3.9
825	387.306928	64.917392	0.000013	94.230949	3.6
826	377.455792	64.928880	0.000013	190.030327	8.0
827	409.005579	64.934269	0.000013	170.009792	5.5
828	388.158911	64.999089	0.000013	142.329430	4.0
829	379.778034	65.050754	0.000013	211.575817	5.7
830	382.454124	65.102696	0.000013	173.559838	4.8
831	368.144537	65.090267	0.000013	168.133371	6.7
832	403.690667	65.078900	0.000013	306.971565	5.3
833	389.482653	65.379050	0.000013	207.125713	6.9
834	419.268113	65.366005	0.000013	162.933118	5.4
835	411.039588	65.354698	0.000013	271.189710	5.3
836	408.177353	65.342003	0.000013	228.306993	5.4
837	388.212165	65.330565	0.000013	280.844132	5.2
838	404.809310	65.939970	0.000013	111.900367	4.7
839	373.581647	65.928061	0.000013	244.494937	4.1
840	386.570121	65.916901	0.000013	275.474412	3.8
841	384.500830	65.903610	0.000013	107.147446	4.9
842	381.661306	65.993958	0.000013	59.749531	4.3
843	359.136855	65.999134	0.000013	186.743761	8.7
844	377.972686	66.000195	0.000013	40.127720	5.3
845	385.444335	65.996738	0.000013	93.040115	6.3
846	408.237994	65.995919	0.000013	121.210686	5.8
847	382.356491	65.990421	0.000013	162.934039	4.5
848	366.006807	65.981522	0.000013	323.916339	4.0
849	398.160524	66.324949	0.000013	205.313928	3.9
850	391.152846	66.311626	0.000013	119.886284	3.8
851	363.774013	66.303105	0.000013	129.797188	3.6
852	396.927839	66.310556	0.000013	140.329744	3.6
853	366.112105	66.301237	0.000013	184.694296	3.9
854	384.376767	66.366606	0.000013	23.363574	3.8
855	407.957407	66.367590	0.000013	156.858677	3.4
856	398.058601	66.367742	0.000013	23.511571	3.3
857	373.395678	66.366772	0.000013	59.020513	4.3
858	386.784568	66.367395	0.000013	129.204967	3.8
859	371.303372	66.365710	0.000013	87.642786	4.8
860	385.340395	66.364804	0.000013	121.923468	5.8
861	411.543225	66.371542	0.000013	471.303775	5.4
862	368.283084	66.358297	0.000013	118.754345	5.3
863	384.438844	66.346753	0.000013	185.020472	5.1
864	389.926012	66.362212	0.000013	336.591248	5.2
865	372.154296	66.490641	0.000013	105.256836	5.0
866	361.945661	66.478313	0.000013	139.948262	6.8
867	367.962329	66.489084	0.000013	182.917295	4.4
868	384.587847	66.535249	0.000013	81.524590	4.7
869	390.366569	66.535537	0.000013	108.186307	6.9
870	388.216302	66.537718	0.000013	155.170844	4.6
871	399.445439	66.568321	0.000013	154.081206	4.3
872	378.934831	66.563403	0.000013	93.514622	4.3
873	411.941873	66.578289	0.000013	25.990841	3.9
874	402.570236	66.577534	0.000013	63.833679	3.5
875	385.609491	66.578674	0.000013	134.451454	4.7
876	372.548890	66.578407	0.000013	71.721646	3.7
877	392.135971	66.579897	0.000013	223.707007	3.1
878	376.220422	66.605688	0.000013	72.909390	3.8
879	369.865410	66.604739	0.000013	179.271356	5.4
880	392.979905	66.607977	0.000013	102.175152	6.3
881	389.462696	66.598321	0.000013	128.990255	4.4
882	417.371633	66.609553	0.000013	137.442145	4.9
883	393.594669	66.601315	0.000013	51.516329	5.2
884	438.916930	66.597812	0.000013	102.621247	5.3
885	416.441860	66.593877	0.000013	86.552504	5.7
886	395.613841	66.599540	0.000013	147.796286	4.4
887	373.739977	66.612335	0.000013	153.333419	5.6
888	364.372172	66.623832	0.000013	108.814427	4.5
889	396.080097	66.615515	0.000013	174.238612	4.1
890	384.197817	66.608045	0.000013	345.353547	5.8
891	381.792157	67.021816	0.000013	194.951072	4.3
892	398.460782	67.452805	0.000013	118.967591	5.5
893	414.331044	67.508344	0.000013	48.998930	5.4
894	425.461987	67.510729	0.000013	398.487206	4.6
895	421.831232	67.504354	0.000013	234.511711	4.0
896	372.353646	68.089487	0.000013	359.298791	4.2
897	394.969436	68.079561	0.000013	129.155064	5.5
898	420.281927	68.111789	0.000013	100.025309	3.8
899	379.915503	68.107118	0.000013	120.840368	4.1
900	384.147574	68.100689	0.000013	33.129638	5.1
901	366.572281	68.102459	0.000013	73.535232	6.6
902	403.765872	68.102998	0.000013	138.316928	5.4
903	388.763060	68.096796	0.000013	244.706334	6.4
904	392.856156	68.088455	0.000013	109.714398	4.5
905	367.906708	68.079212	0.000013	86.765481	5.8
906	411.923403	68.081058	0.000013	143.250826	4.8
907	377.475848	68.083238	0.000013	215.509602	4.2
908	376.726112	68.177450	0.000013	142.879090	4.3
909	404.091512	68.225106	0.000013	99.331779	4.6
910	386.578159	68.226061	0.000013	131.736117	4.9
911	364.581739	68.221887	0.000013	216.182352	4.3
912	396.669216	68.236375	0.000013	227.519903	4.8
913	400.612591	68.368469	0.000013	156.524818	4.7
914	403.919270	68.408442	0.000013	225.193395	6.3
915	369.846567	68.396857	0.000013	261.797219	4.5
916	399.359125	68.549676	0.000013	210.527424	5.6
917	365.020148	68.807149	0.000013	45.372337	4.6
918	382.090480	68.810857	0.000013	176.516929	4.6
919	368.158520	68.816112	0.000013	121.133774	4.2
920	365.035171	68.808100	0.000013	83.142889	4.6
921	397.222482	68.806055	0.000013	171.245306	4.8
922	360.636028	68.809241	0.000013	108.782941	3.6
923	367.472264	68.799707	0.000013	74.271963	3.9
924	394.515377	68.808320	0.000013	197.191462	5.7
925	384.403040	68.805345	0.000013	136.483988	5.5
926	397.876760	68.802607	0.000013	269.028275	5.5
927	400.346366	68.830611	0.000013	49.115868	5.3
928	385.226366	68.831710	0.000013	79.390544	6.4
929	412.455240	68.829765	0.000013	206.213308	5.4
930	372.574478	68.850324	0.000013	125.277249	5.6
931	404.744662	68.912780	0.000013	84.420844	2.6
932	442.277881	68.907028	0.000013	84.052590	3.2
933	381.054840	68.903029	0.000013	281.241783	4.5
934	400.509568	68.896238	0.000013	278.682429	5.3
935	388.064721	69.260636	0.000013	245.534196	4.5
936	392.882313	69.255621	0.000013	171.122513	5.7
937	410.660501	69.421400	0.000013	70.415010	3.5
938	378.347598	69.419958	0.000013	54.416683	3.7
939	376.411381	69.422770	0.000013	125.062287	3.7
940	406.311268	69.418192	0.000013	66.749457	4.0
941	383.795809	69.427804	0.000013	112.682625	3.8
942	379.721603	69.429676	0.000013	97.027104	6.4
943	391.003015	69.441336	0.000013	118.151638	6.1
944	389.520910	69.450051	0.000013	58.175008	2.9
945	377.931253	69.446906	0.000013	87.421279	5.9
946	396.632970	69.451088	0.000013	139.670674	3.0
947	406.279350	69.456692	0.000013	77.761337	4.0
948	347.291692	69.466072	0.000013	119.517973	7.2
949	376.058342	69.460895	0.000013	253.489368	4.2
950	390.873189	69.526038	0.000013	139.817879	4.2
951	381.253671	69.641662	0.000013	182.695367	4.4
952	393.213189	69.631797	0.000013	187.352799	4.5
953	397.424004	69.675829	0.000013	293.668453	7.0
954	404.274775	69.839408	0.000013	114.761346	4.5
955	396.764346	69.903076	0.000013	129.374676	5.3
956	378.467233	69.911909	0.000013	125.705600	3.5
957	391.983313	69.923783	0.000013	330.210279	4.0
958	404.368131	70.029482	0.000013	126.669056	4.0
959	395.886471	70.159294	0.000013	78.621455	3.7
960	434.399811	70.158181	0.000013	374.616450	3.2
961	402.895504	70.151003	0.000013	166.881191	4.8
962	345.416569	70.137810	0.000013	312.677190	3.5
963	383.929759	70.351120	0.000013	299.037671	5.4
964	396.688168	70.337750	0.000013	72.135640	3.6
965	361.370869	70.339202	0.000013	112.096119	4.1
966	392.043856	70.335024	0.000013	116.790647	5.2
967	401.762482	70.356244	0.000013	68.045800	4.2
968	379.693725	70.353454	0.000013	287.479681	4.2
969	366.282595	70.350836	0.000013	130.957181	4.8
970	362.632190	70.339109	0.000013	230.012707	4.3
971	381.811136	70.421513	0.000013	122.693855	5.1
972	393.687453	70.410363	0.000013	274.536935	5.2
973	389.244045	70.399897	0.000013	100.794108	6.1
974	364.142737	70.410915	0.000013	131.055198	5.7
975	379.113453	70.413377	0.000013	118.128183	5.7
976	404.629683	70.416130	0.000013	331.193180	5.8
977	418.004245	70.469774	0.000013	219.673434	5.7
978	421.986350	70.951665	0.000012	83.492376	5.3
979	370.296778	70.971920	0.000012	245.209342	5.9
980	378.747072	70.962695	0.000012	186.278529	5.1
981	368.891613	70.950432	0.000012	136.666307	5.4
982	392.905211	70.978638	0.000012	65.290569	6.0
983	434.384056	70.974688	0.000012	141.884279	6.0
984	352.785837	70.971395	0.000012	145.516394	6.4
985	395.950597	71.012487	0.000012	251.528480	5.8
986	375.719767	71.151398	0.000012	52.357909	5.6
987	402.717502	71.153675	0.000012	320.111678	6.4
988	391.565405	71.152802	0.000012	182.155859	5.4
989	379.396508	71.460091	0.000012	110.803938	4.8
990	387.838574	71.500948	0.000012	195.989769	5.0
991	379.503707	71.536441	0.000012	58.353024	3.9
992	359.047999	71.552312	0.000012	207.243316	5.0
993	383.459539	71.570422	0.000012	158.919019	5.3
994	380.511919	71.566663	0.000012	119.829413	8.6
995	409.160732	71.583836	0.000012	66.631885	5.0
996	397.476991	71.583547	0.000012	261.076169	5.2
997	378.287525	71.582985	0.000012	335.903437	5.4
998	373.575437	72.479594	0.000012	168.370842	4.6
999	391.909595	72.466349	0.000012	93.911044	5.9
1000	400.561246	72.478635	0.000012	159.194233	5.0
1001	387.638629	72.476368	0.000012	101.879213	5.9
1002	356.044378	72.467020	0.000012	101.875593	3.9
1003	371.186539	72.479151	0.000012	206.692661	6.4
1004	396.622904	72.514150	0.000012	127.585874	4.7
1005	380.409054	72.563233	0.000012	329.640361	4.9
1006	401.514090	72.680245	0.000012	135.924192	5.6
1007	425.651556	72.928934	0.000012	147.505309	4.8
1008	380.448734	72.958196	0.000012	374.958256	4.8
1009	413.736412	73.403401	0.000012	161.824682	4.7
1010	380.822931	73.441996	0.000012	178.520103	4.4
1011	354.161987	73.497307	0.000012	60.873565	4.4
1012	397.305358	73.498999	0.000012	247.125872	3.9
1013	370.563531	73.514468	0.000012	102.184118	5.9
1014	393.552994	73.566630	0.000012	236.266524	3.3
1015	393.596493	73.592567	0.000012	351.496261	4.0
1016	370.806885	74.426022	0.000012	73.954388	3.6
1017	411.935305	74.418153	0.000012	211.659722	3.3
1018	378.394514	74.430698	0.000012	112.404837	6.0
1019	396.237707	74.490762	0.000012	34.448702	3.7
1020	368.758661	74.488380	0.000012	167.849680	4.0
1021	386.156863	74.491919	0.000012	74.727686	3.7
1022	367.880410	74.500565	0.000012	204.344370	3.1
1023	414.763658	74.500199	0.000012	228.784123	5.3
1024	404.114033	74.740510	0.000012	172.843249	5.5
1025	396.245549	74.797667	0.000012	144.552723	5.3
1026	397.103956	74.860990	0.000012	132.665782	4.4
1027	389.268095	74.851250	0.000012	207.159769	5.3
1028	387.051713	74.839729	0.000012	175.978634	5.3
1029	381.877108	74.971268	0.000012	87.272513	5.9
1030	381.412497	74.986497	0.000012	93.360255	5.2
1031	375.236474	74.992072	0.000012	84.286816	5.0
1032	397.698537	74.989834	0.000012	155.278500	4.6
1033	381.708716	74.981736	0.000012	26.748932	4.5
1034	414.996151	74.983258	0.000012	110.199997	3.2
1035	386.604177	74.983083	0.000012	44.205111	3.0
1036	414.571529	74.979728	0.000012	151.367820	6.0
1037	381.946362	74.974573	0.000012	50.719473	4.0
1038	401.684549	74.970792	0.000012	212.663935	4.0
1039	365.493505	74.984331	0.000012	190.022912	5.1
1040	370.908545	75.062161	0.000012	268.365972	2.7
1041	420.527172	75.134800	0.000012	81.531247	2.7
1042	387.272247	75.136238	0.000012	189.658397	4.0
1043	399.110158	75.135698	0.000012	84.518642	2.6
1044	388.250223	75.145026	0.000012	189.084766	3.0
1045	413.514898	75.137772	0.000012	261.999422	3.4
1046	405.257811	75.434707	0.000012	46.357462	4.7
1047	403.838707	75.436317	0.000012	183.408650	3.8
1048	387.571204	75.445999	0.000012	151.989200	4.1
1049	370.348183	75.437980	0.000012	254.830375	5.1
1050	366.259236	75.426422	0.000012	138.084581	4.9
1051	363.636402	75.543650	0.000012	189.812050	4.2
1052	402.376377	75.550669	0.000012	259.802135	5.2
1053	372.955543	75.592741	0.000012	59.077363	4.6
1054	393.914184	75.584293	0.000012	130.117693	4.2
1055	377.571919	75.593716	0.000012	153.324395	4.1
1056	377.502205	75.635507	0.000012	180.261978	3.1
1057	445.891444	75.648287	0.000012	207.110601	4.6
1058	362.239693	75.815995	0.000012	27.997623	3.6
1059	392.080345	75.816085	0.000012	101.061389	4.1
1060	374.671422	75.814382	0.000012	63.285612	7.8
1061	374.041492	75.819810	0.000012	154.936728	5.1
1062	380.815337	75.815667	0.000012	63.403374	4.9
1063	407.776188	75.826579	0.000012	75.133570	4.0
1064	391.432674	75.825213	0.000012	228.975041	4.2
1065	402.540564	75.817555	0.000012	34.901205	5.0
1066	402.842453	75.813363	0.000012	174.477129	6.3
1067	402.150512	75.808908	0.000012	66.939052	4.4
1068	391.154310	75.814517	0.000012	159.608634	3.4
1069	389.702064	75.813664	0.000012	140.761351	3.9
1070	391.137284	75.829578	0.000012	132.057429	3.8
1071	404.395686	75.854159	0.000012	173.708534	3.6
1072	362.077182	75.868365	0.000012	168.310933	3.0
1073	382.025550	75.893105	0.000012	28.100007	2.9
1074	398.706111	75.897243	0.000012	165.652906	4.5
1075	390.080230	75.896281	0.000012	154.152745	3.0
1076	397.705197	75.948527	0.000012	63.025960	3.0
1077	389.626881	75.956734	0.000012	254.844652	3.0
1078	414.944506	75.965217	0.000012	246.133062	3.3
1079	369.769843	76.106319	0.000012	189.699663	5.0
1080	376.227164	76.293153	0.000012	145.963550	5.2
1081	405.466085	76.282899	0.000012	171.845875	3.9
1082	392.968329	76.346524	0.000012	116.842661	3.9
1083	406.201915	76.336385	0.000012	53.179352	3.1
1084	402.567241	76.337801	0.000012	288.789617	5.7
1085	376.533109	76.330089	0.000012	184.917756	5.1
1086	417.914323	76.708473	0.000012	28.813766	4.9
1087	392.254247	76.708672	0.000012	107.874915	6.8
1088	360.648810	76.707146	0.000012	70.318467	2.7
1089	413.202343	76.714444	0.000012	70.620482	2.8
1090	405.006193	76.713688	0.000012	77.557242	5.3
1091	393.002614	76.712511	0.000012	259.275344	5.0
1092	395.591501	76.730790	0.000012	183.195677	4.8
1093	395.294581	76.718401	0.000012	146.086563	4.5
1094	366.653160	76.707324	0.000012	75.601993	3.8
1095	376.275714	76.717244	0.000012	101.004000	4.8
1096	362.042202	76.715569	0.000012	181.977836	3.6
1097	401.085343	76.750727	0.000012	81.922013	4.0
1098	394.579568	76.759848	0.000012	229.799649	3.7
1099	362.302550	76.783489	0.000012	358.348931	6.7
1100	362.904224	76.770070	0.000012	94.883354	3.9
1101	394.383217	76.761768	0.000012	103.898755	4.5
1102	387.905790	76.765138	0.000012	115.064988	7.6
1103	370.690970	76.773929	0.000012	101.859845	6.4
1104	427.678797	76.790768	0.000012	409.644502	4.7
1105	388.890998	76.879150	0.000012	132.431493	5.3
1106	408.208657	76.867318	0.000012	255.701197	5.2
1107	399.646950	76.930848	0.000012	40.593413	4.7
1108	409.350416	76.940756	0.000012	50.928091	3.8
1109	407.934146	76.939824	0.000012	219.391361	3.8
1110	405.271728	76.942744	0.000012	223.640126	5.3
1111	371.715287	77.219617	0.000012	147.867190	4.7
1112	385.623566	77.335834	0.000012	185.123959	5.4
1113	364.470305	77.324598	0.000012	113.341286	5.5
1114	401.233071	77.353222	0.000012	70.611325	4.7
1115	385.864693	77.355628	0.000012	255.259638	5.3
1116	371.300864	77.373653	0.000012	151.354574	4.8
1117	392.438884	77.556639	0.000012	49.575306	5.3
1118	385.400204	77.554251	0.000012	257.723300	4.1
1119	359.162337	77.563978	0.000012	41.527052	4.4
1120	396.817544	77.572117	0.000012	86.410148	5.5
1121	382.574360	77.571746	0.000012	110.469016	5.2
1122	389.248831	77.577259	0.000012	143.531109	5.2
1123	365.830960	77.602744	0.000012	142.639653	6.1
1124	397.097217	77.646030	0.000012	88.816448	3.0
1125	393.529734	77.639013	0.000012	101.957011	4.2
1126	389.940213	77.634550	0.000012	287.510657	4.2
1127	413.717822	77.624491	0.000012	177.983347	4.5
1128	362.570046	77.642752	0.000012	96.964346	4.1
1129	380.136979	77.664019	0.000012	74.497836	3.7
1130	392.505344	77.661609	0.000012	47.824335	3.7
1131	402.335220	77.661197	0.000012	141.223094	3.5
1132	394.679190	77.661165	0.000012	195.681942	3.7
1133	365.235405	77.651456	0.000012	154.709614	4.5
1134	397.594654	77.641023	0.000012	170.687936	4.7
1135	403.171515	77.647807	0.000012	214.385563	4.8
1136	414.334781	77.650552	0.000012	195.924067	4.4
1137	389.439638	77.710317	0.000012	94.192570	3.6
1138	410.586544	77.700742	0.000012	290.629282	3.6
1139	384.677476	77.747053	0.000012	36.741240	4.7
1140	391.776062	77.750479	0.000012	98.031710	4.5
1141	426.673286	77.751006	0.000012	167.961259	3.4
1142	397.802492	77.760133	0.000012	169.333453	2.6
1143	367.144671	77.757037	0.000012	274.605525	5.6
1144	401.173843	77.748558	0.000012	191.716953	3.9
1145	431.127699	77.995155	0.000012	263.730545	3.7
1146	377.280025	77.982391	0.000012	193.116794	4.1
1147	372.694079	78.216031	0.000012	80.823245	4.0
1148	392.290559	78.210664	0.000012	119.277422	4.0
1149	398.474437	78.212232	0.000012	117.601110	5.4
1150	396.368778	78.231800	0.000012	96.884820	5.6
1151	379.385179	78.224164	0.000012	62.199988	3.9
1152	373.118136	78.228928	0.000012	135.854201	4.1
1153	374.120344	78.225465	0.000012	185.410905	6.0
1154	391.175970	78.216040	0.000012	175.159516	5.1
1155	391.342553	78.306670	0.000012	190.179012	5.8
1156	368.043823	78.412638	0.000012	201.878603	3.8
1157	379.441479	78.411951	0.000012	82.834187	4.2
1158	391.210947	78.431615	0.000012	347.766765	4.2
1159	420.976996	78.426956	0.000012	169.001773	3.5
1160	413.969118	78.912225	0.000011	134.705976	3.2
1161	403.429175	78.935693	0.000011	84.447538	3.3
1162	392.720980	78.952174	0.000011	121.131402	5.9
1163	393.399218	78.949117	0.000011	19.498028	5.6
1164	393.729917	78.948096	0.000011	147.058394	3.9
1165	380.679478	78.950081	0.000011	94.771552	5.9
1166	357.121502	78.945788	0.000011	47.003331	5.2
1167	370.746689	78.948245	0.000011	92.514595	5.3
1168	404.630022	78.944847	0.000011	94.610838	4.4
1169	394.355501	78.954994	0.000011	111.836040	3.4
1170	394.024963	78.949225	0.000011	105.302826	4.0
1171	411.958756	78.941450	0.000011	183.296879	3.3
1172	383.474380	78.964275	0.000011	74.466477	3.2
1173	387.936641	78.965711	0.000011	68.504509	6.2
1174	383.055531	78.964382	0.000011	49.694649	3.2
1175	391.512379	78.963983	0.000011	137.712015	3.5
1176	406.863353	78.961091	0.000011	115.268829	6.0
1177	365.750253	78.985275	0.000011	118.018012	5.5
1178	388.441009	78.997032	0.000011	34.783108	5.3
1179	364.816484	78.995154	0.000011	166.047531	4.3
1180	406.409368	78.997826	0.000011	115.775390	7.5
1181	370.187168	79.024932	0.000011	119.641204	5.3
1182	358.776561	79.030071	0.000011	225.366958	5.5
1183	367.884311	79.089582	0.000011	234.759919	6.0
1184	356.162784	79.417494	0.000011	133.502411	5.4
1185	396.076477	79.439222	0.000011	78.182193	6.3
1186	426.989546	79.445664	0.000011	49.044750	5.1
1187	395.446750	79.448070	0.000011	111.158560	5.3
1188	372.636022	79.444269	0.000011	214.270835	5.4
1189	402.219046	79.468641	0.000011	124.093912	5.3
1190	381.109108	79.504132	0.000011	91.558908	4.8
1191	398.414713	79.504065	0.000011	227.624661	4.3
1192	393.285526	79.494203	0.000011	284.991919	3.7
1193	388.104553	80.089826	0.000011	127.938973	5.7
1194	372.067581	80.207240	0.000011	236.675156	3.6
1195	393.020723	80.251803	0.000011	117.039438	6.7
1196	389.129583	80.240389	0.000011	147.606947	3.1
1197	377.877530	80.261212	0.000011	90.856522	5.9
1198	399.531980	80.253751	0.000011	136.955111	5.1
1199	364.680900	80.272888	0.000011	96.670124	5.4
1200	404.017226	80.278050	0.000011	314.368992	4.0
1201	394.746497	80.280753	0.000011	95.881536	2.9
1202	377.964126	80.283578	0.000011	157.184672	4.3
1203	365.161569	80.297931	0.000011	120.854762	3.0
1204	401.938314	80.321605	0.000011	120.942638	3.3
1205	372.010874	80.312772	0.000011	129.402227	4.5
1206	402.181129	80.331698	0.000011	62.592290	3.4
1207	391.293807	80.331744	0.000011	164.619242	2.6
1208	358.459014	80.325885	0.000011	185.070790	5.5
1209	382.768807	80.391107	0.000011	68.472504	5.2
1210	380.643664	80.392258	0.000011	62.199501	3.2
1211	388.700140	80.396260	0.000011	241.320551	3.3
1212	390.315500	80.408327	0.000011	93.248970	4.4
1213	384.177845	80.397566	0.000011	215.912800	4.2
1214	381.472348	80.440536	0.000011	204.796472	3.8
1215	394.391803	80.427654	0.000011	61.243524	3.6
1216	400.970501	80.430382	0.000011	134.864245	3.7
1217	431.814481	80.430392	0.000011	176.417459	4.3
1218	398.815808	80.477611	0.000011	269.392154	3.5
1219	381.379028	80.676618	0.000011	84.897085	3.5
1220	376.185059	80.667032	0.000011	136.153763	5.1
1221	351.563467	80.682766	0.000011	347.030734	4.2
1222	396.014427	80.670061	0.000011	122.303323	4.8
1223	396.989695	80.845068	0.000011	111.624727	4.6
1224	385.217981	80.837267	0.000011	101.438107	4.8
1225	378.946904	80.836368	0.000011	118.281487	5.6
1226	383.855046	80.839602	0.000011	457.839572	4.3
1227	388.590939	80.933124	0.000011	68.694033	4.5
1228	402.004269	81.002474	0.000011	288.400384	4.7
1229	371.394944	80.996087	0.000011	134.413517	4.3
1230	397.581804	81.055105	0.000011	253.302908	4.1
1231	401.509231	81.097410	0.000011	213.219936	4.3
1232	389.491687	81.164756	0.000011	120.312806	4.7
1233	375.517598	81.187450	0.000011	233.819335	4.5
1234	399.520069	81.177553	0.000011	132.497396	4.5
1235	383.641541	81.166239	0.000011	195.929869	3.7
1236	393.864050	81.226165	0.000011	147.734417	5.8
1237	380.742491	81.221999	0.000011	155.315203	5.6
1238	360.795300	81.213925	0.000011	251.168198	4.4
1239	374.726841	81.320355	0.000011	64.339873	8.2
1240	390.833264	81.316606	0.000011	152.113476	3.4
1241	378.116572	81.319018	0.000011	97.164034	4.0
1242	385.896490	81.335819	0.000011	84.696808	4.6
1243	384.199597	81.342934	0.000011	144.689014	4.0
1244	384.396766	81.360710	0.000011	142.392430	5.3
1245	375.397555	81.353023	0.000011	135.296942	5.5
1246	383.200304	81.342944	0.000011	278.363276	6.4
1247	380.652916	81.335741	0.000011	239.749094	4.9
1248	392.987170	81.517623	0.000011	257.366253	4.6
1249	368.098514	81.505374	0.000011	101.825569	5.1
1250	438.442044	81.541818	0.000011	253.461980	5.4
1251	398.326720	81.530761	0.000011	160.302476	4.1
1252	395.978342	81.700703	0.000011	75.107441	4.5
1253	378.583866	81.702315	0.000011	57.998675	4.6
1254	381.251515	81.703335	0.000011	77.552615	5.5
1255	396.553838	81.700055	0.000011	251.493365	4.5
1256	368.562172	81.741691	0.000011	138.561244	4.4
1257	388.688272	81.827642	0.000011	101.312500	5.1
1258	373.083489	81.841759	0.000011	145.279700	3.5
1259	378.338114	81.853299	0.000011	214.086299	3.3
1260	394.251612	81.841277	0.000011	80.985963	3.2
1261	357.850416	81.872859	0.000011	91.619168	7.7
1262	368.755546	81.868346	0.000011	133.268554	7.9
1263	424.193132	81.862389	0.000011	219.262235	5.2
1264	400.093676	81.948018	0.000011	345.372233	5.1
1265	426.592197	82.688169	0.000011	94.761748	4.8
1266	368.304242	82.754315	0.000011	122.361515	4.6
1267	385.027653	82.750650	0.000011	69.838622	4.8
1268	379.878168	82.748043	0.000011	105.026525	4.6
1269	393.606864	82.747304	0.000011	125.544356	4.6
1270	377.819881	82.763550	0.000011	97.348767	5.7
1271	371.244672	82.757404	0.000011	86.145969	4.7
1272	418.282969	82.755100	0.000011	89.964288	5.6
1273	392.035761	82.756060	0.000011	149.358301	5.2
1274	372.709146	82.761922	0.000011	110.034846	5.0
1275	384.115727	82.763920	0.000011	119.725807	4.9
1276	369.639051	82.785101	0.000011	251.108277	4.1
1277	416.498346	82.781429	0.000011	152.849392	5.1
1278	412.696312	82.806423	0.000011	336.633210	7.1
1279	396.394439	83.137663	0.000011	82.924340	5.5
1280	388.132516	83.128936	0.000011	93.797136	8.3
1281	362.633822	83.135869	0.000011	138.574728	5.8
1282	414.537397	83.127965	0.000011	92.668486	4.1
1283	370.005224	83.120746	0.000011	151.394059	6.2
1284	410.116504	83.122253	0.000011	105.273650	3.9
1285	379.064430	83.116440	0.000011	194.821904	3.3
1286	388.434242	83.110341	0.000011	179.239675	3.3
1287	403.647386	83.196142	0.000011	83.785540	3.4
1288	392.097371	83.200377	0.000011	177.154065	7.2
1289	421.349216	83.196163	0.000011	231.451120	3.9
1290	381.921064	83.248348	0.000011	112.706271	5.0
1291	385.401703	83.236972	0.000011	300.193383	4.5
1292	381.579894	83.291496	0.000011	190.995035	5.4
1293	378.666473	83.459130	0.000011	91.382128	5.0
1294	375.862911	83.484279	0.000011	93.555245	4.6
1295	389.816552	83.485232	0.000011	101.217427	3.6
1296	387.697285	83.483524	0.000011	68.396260	4.6
1297	380.179838	83.489928	0.000011	188.677180	5.0
1298	367.898439	83.502570	0.000011	217.964955	3.9
1299	374.855844	83.700230	0.000011	117.780851	4.6
1300	396.121358	83.692121	0.000011	96.086720	4.1
1301	394.877397	83.686665	0.000011	86.365006	5.3
1302	395.114098	83.690239	0.000011	112.805172	6.5
1303	414.825833	83.690992	0.000011	214.711220	3.5
1304	395.379200	83.701242	0.000011	283.952572	4.7
1305	368.433132	83.687974	0.000011	156.512770	3.7
1306	392.389618	83.771817	0.000011	174.579839	4.1
1307	382.160528	83.765320	0.000011	115.157022	3.6
1308	380.778393	83.773767	0.000011	169.796307	3.7
1309	416.835332	83.778615	0.000011	96.204173	5.6
1310	382.450134	83.796557	0.000011	114.058294	6.9
1311	364.364884	83.793841	0.000011	86.198005	7.4
1312	380.926392	83.790256	0.000011	42.532314	4.2
1313	370.995009	83.793642	0.000011	180.453720	3.8
1314	380.205954	83.797240	0.000011	172.092420	8.3
1315	364.156974	83.813313	0.000011	84.973602	5.3
1316	407.339344	83.805523	0.000011	66.968338	4.9
1317	382.409668	83.810126	0.000011	234.936133	3.7
1318	375.707192	83.815111	0.000011	194.352573	7.4
1319	379.767902	83.978032	0.000011	206.026685	5.0
1320	385.686384	83.966153	0.000011	112.985912	4.5
1321	355.958145	84.002969	0.000011	116.196692	5.0
1322	382.999043	83.995130	0.000011	116.734914	3.8
1323	374.311926	83.996331	0.000011	44.868810	3.5
1324	400.761987	83.998738	0.000011	182.226759	4.6
1325	376.408142	83.994974	0.000011	86.994328	3.1
1326	389.357435	84.010328	0.000011	277.048408	4.7
1327	358.407809	84.072254	0.000011	196.762894	3.7
1328	368.686534	84.207745	0.000011	222.628507	4.5
1329	381.972393	84.195050	0.000011	226.001486	4.5
1330	412.188844	84.369777	0.000011	216.799377	4.2
1331	385.952173	84.359368	0.000011	230.709772	4.0
1332	371.062399	84.673800	0.000011	149.905418	3.5
1333	369.444248	84.674532	0.000011	64.200142	5.8
1334	379.091016	84.669412	0.000011	133.686960	3.1
1335	380.405554	84.667966	0.000011	158.183113	6.0
1336	410.691887	84.657340	0.000011	136.547805	4.6
1337	390.190888	84.696486	0.000011	76.000503	4.1
1338	358.591726	84.694499	0.000011	26.574503	5.0
1339	374.356115	84.694742	0.000011	158.084432	4.4
1340	410.221413	84.691778	0.000011	146.062590	3.7
1341	391.723294	84.694920	0.000011	208.726040	3.7
1342	375.883893	84.689190	0.000011	57.052590	3.1
1343	391.278921	84.681906	0.000011	44.642374	3.1
1344	422.080924	84.680110	0.000011	52.129233	4.7
1345	397.489885	84.680466	0.000011	158.108608	3.7
1346	401.635574	84.680510	0.000011	206.316890	5.6
1347	383.229821	84.673357	0.000011	102.935810	6.4
1348	380.635066	84.692063	0.000011	53.511453	4.8
1349	411.754999	84.696515	0.000011	137.934529	4.8
1350	383.895151	84.692280	0.000011	147.474595	4.0
1351	400.334847	84.682362	0.000011	184.811308	5.2
1352	379.460375	84.724463	0.000011	251.947429	5.5
1353	391.535695	84.711613	0.000011	152.592165	5.2
1354	384.124924	84.702218	0.000011	123.405235	5.7
1355	385.985203	84.719844	0.000011	216.631625	4.0
1356	400.453463	84.715019	0.000011	71.570018	2.8
1357	405.159153	84.726424	0.000011	43.050365	3.8
1358	361.076538	84.727320	0.000011	102.300109	5.2
1359	383.467017	84.725078	0.000011	192.130449	3.7
1360	399.174879	84.716732	0.000011	199.743643	5.2
1361	399.567415	84.804412	0.000011	231.932691	5.3
1362	389.441604	84.793162	0.000011	395.103108	4.5
1363	403.951598	85.715328	0.000011	148.265203	4.8
1364	397.721466	86.111705	0.000011	102.715982	4.7
1365	387.678618	86.111411	0.000011	149.573358	4.0
1366	377.805031	86.131041	0.000011	63.191064	4.1
1367	388.722219	86.139720	0.000011	70.684749	4.0
1368	408.132369	86.136253	0.000011	426.816822	4.9
1369	386.684397	86.232780	0.000011	425.160977	5.0
1370	381.329242	87.232640	0.000011	60.354456	5.2
1371	428.314715	87.238509	0.000011	122.796425	5.1
1372	360.670738	87.239170	0.000011	80.556481	4.8
1373	399.545793	87.240151	0.000011	46.335383	4.0
1374	405.251627	87.237592	0.000011	51.239383	5.1
1375	377.891032	87.237511	0.000011	82.873257	5.1
1376	417.289790	87.238246	0.000011	41.232810	3.7
1377	397.018038	87.237942	0.000011	57.715409	4.1
1378	377.984488	87.238759	0.000011	90.633509	5.3
1379	370.718797	87.237698	0.000011	268.769041	5.1
1380	390.953286	87.261937	0.000011	161.128147	4.0
1381	372.069708	87.249378	0.000011	420.430641	4.1
1382	417.573683	87.692726	0.000011	121.267497	3.9
1383	367.006644	87.714815	0.000011	188.156138	3.5
1384	403.654602	87.724526	0.000011	72.124414	3.4
1385	386.688237	87.743397	0.000011	251.898720	6.9
1386	375.542314	87.761046	0.000011	25.079703	4.2
1387	396.736568	87.766803	0.000011	106.013329	4.8
1388	390.483673	87.769337	0.000011	117.104001	4.9
1389	406.276785	87.767598	0.000011	331.800490	3.4
1390	391.418637	87.757500	0.000011	75.708340	3.4
1391	387.874885	87.757462	0.000011	148.789248	3.4
1392	363.820127	87.761319	0.000011	56.578352	4.6
1393	391.722202	87.769997	0.000011	142.905927	4.9
1394	402.003756	87.775210	0.000011	61.225001	4.4
1395	382.058110	87.776263	0.000011	170.586139	4.5
1396	378.875366	87.774152	0.000011	35.331105	5.2
1397	363.564437	87.772462	0.000011	150.663971	5.5
1398	391.754480	87.772304	0.000011	117.410768	5.3
1399	378.140652	87.766207	0.000011	87.977937	5.7
1400	392.768061	87.779200	0.000011	178.273064	4.5
1401	387.217557	87.774307	0.000011	183.244928	5.2
1402	400.281640	87.824107	0.000011	240.041274	9.0
1403	356.654638	87.814576	0.000011	234.916994	5.4
1404	421.264924	87.843214	0.000011	108.887102	4.7
1405	405.085474	87.886906	0.000011	233.341393	3.7
1406	407.841137	87.876571	0.000011	129.187750	3.5
1407	381.901744	87.966860	0.000011	37.498061	6.6
1408	379.146662	87.971464	0.000011	68.001729	4.0
1409	373.800700	87.973831	0.000011	73.426291	4.1
1410	375.586624	87.978194	0.000011	138.849752	4.5
1411	398.200705	87.990209	0.000011	344.886892	3.1
1412	387.197321	88.060276	0.000011	114.969409	4.7
1413	437.145631	88.216513	0.000011	252.015856	3.4
1414	405.971087	88.205196	0.000011	59.418550	3.3
1415	410.736646	88.198691	0.000011	222.646540	5.3
1416	389.775438	88.220094	0.000011	163.629746	6.1
1417	393.965268	88.210096	0.000011	179.704516	5.6
1418	412.782573	88.303094	0.000010	209.893988	5.2
1419	356.461779	88.458712	0.000010	235.471236	5.5
1420	421.450608	88.771536	0.000010	62.265058	4.6
1421	388.571598	88.766113	0.000010	249.993071	4.4
1422	400.086662	88.763408	0.000010	135.132281	4.4
1423	399.349814	88.855985	0.000010	113.631289	3.4
1424	390.493756	88.875249	0.000010	170.642402	3.4
1425	419.168518	88.870005	0.000010	106.876970	4.5
1426	398.879745	88.863301	0.000010	107.077409	3.3
1427	380.689982	88.871872	0.000010	67.189666	3.4
1428	366.329353	88.871020	0.000010	112.041255	9.3
1429	393.589571	88.871706	0.000010	142.610558	3.5
1430	380.908632	88.874273	0.000010	95.316525	3.0
1431	385.796513	88.870881	0.000010	149.044296	2.8
1432	366.295557	88.863159	0.000010	157.136938	5.8
1433	392.897354	88.909717	0.000010	107.805948	4.8
1434	401.139399	88.911964	0.000010	37.316367	5.2
1435	391.212918	88.912064	0.000010	112.137293	5.0
1436	406.167285	88.910481	0.000010	56.017730	5.3
1437	359.470766	88.911520	0.000010	85.954120	3.1
1438	382.378702	88.911548	0.000010	109.956851	6.8
1439	362.469411	88.917005	0.000010	226.201732	5.4
1440	374.478291	88.969028	0.000010	80.794525	5.4
1441	397.479311	88.986026	0.000010	17.876969	5.4
1442	400.543352	88.985019	0.000010	148.463347	3.1
1443	400.860315	88.984359	0.000010	163.258090	5.4
1444	384.553763	89.028232	0.000010	161.613206	6.5
1445	385.056882	89.050006	0.000010	61.370096	3.2
1446	347.410651	89.046653	0.000010	128.039500	3.2
1447	407.910812	89.045088	0.000010	152.275818	3.7
1448	394.777660	89.037542	0.000010	94.637366	4.7
1449	406.851382	89.055160	0.000010	55.499074	6.9
1450	378.297410	89.052931	0.000010	213.040895	4.1
1451	385.159385	89.064524	0.000010	129.610722	4.8
1452	390.347408	89.053443	0.000010	155.875121	3.5
1453	384.405165	89.074620	0.000010	185.870179	5.1
1454	376.717603	89.157023	0.000010	266.915056	2.7
1455	407.236510	89.501744	0.000010	249.654612	4.5
1456	374.372761	90.049853	0.000010	96.873647	2.8
1457	374.154488	90.079727	0.000010	84.860366	3.9
1458	402.250942	90.082546	0.000010	74.262230	5.4
1459	382.926863	90.080260	0.000010	78.185627	5.1
1460	389.571886	90.080241	0.000010	252.495726	4.1
1461	393.466852	90.070703	0.000010	94.432047	3.9
1462	405.331133	90.089405	0.000010	246.062432	3.8
1463	368.307200	90.094861	0.000010	140.042947	3.6
1464	378.591416	90.083381	0.000010	169.604602	3.4
1465	400.771582	90.119862	0.000010	388.688804	3.3
1466	375.739946	90.106995	0.000010	124.801523	5.7
1467	398.160714	90.296625	0.000010	33.244976	5.2
1468	378.001477	90.293267	0.000010	202.237489	5.3
1469	366.830444	90.298251	0.000010	156.393511	5.0
1470	404.259390	90.316703	0.000010	135.653655	5.4
1471	415.057884	90.312260	0.000010	232.128004	4.7
1472	402.619215	90.300195	0.000010	172.815126	5.0
1473	372.673976	90.287656	0.000010	362.349691	4.8
1474	393.587482	90.854888	0.000010	72.033994	5.1
1475	384.312412	90.843494	0.000010	170.429079	4.2
1476	405.724612	90.857634	0.000010	102.161950	3.7
1477	368.716642	90.851603	0.000010	297.922423	4.3
1478	373.087910	90.893206	0.000010	182.559816	3.9
1479	381.401692	91.288662	0.000010	226.032499	3.8
1480	422.844121	91.475614	0.000010	187.491096	3.7
1481	380.661167	91.648084	0.000010	158.173088	5.4
1482	410.172546	91.640982	0.000010	78.879659	4.2
1483	405.207764	91.635950	0.000010	104.855624	6.3
1484	411.200885	91.645647	0.000010	33.952370	4.6
1485	375.356963	91.644307	0.000010	63.041368	4.5
1486	399.991276	91.644407	0.000010	217.423894	5.6
1487	386.847234	91.637541	0.000010	62.385471	6.2
1488	385.884588	91.647489	0.000010	80.746709	4.4
1489	362.808485	91.647578	0.000010	188.629772	3.9
1490	383.333255	91.640206	0.000010	52.532311	3.6
1491	362.349609	91.640781	0.000010	145.845554	3.1
1492	410.023975	91.640262	0.000010	125.159675	6.0
1493	381.641236	91.651430	0.000010	226.638045	5.4
1494	369.612398	91.690904	0.000010	257.559774	4.3
1495	397.829593	91.951395	0.000010	48.880468	2.5
1496	373.751604	91.949170	0.000010	51.558701	4.2
1497	362.516496	91.948972	0.000010	132.352068	6.4
1498	386.005214	91.948173	0.000010	167.801062	3.7
1499	368.784061	91.973632	0.000010	288.941030	5.3
1500	392.424727	91.960746	0.000010	268.011682	4.1
1501	384.168969	92.745488	0.000010	99.779200	3.8
1502	387.171231	92.755039	0.000010	86.228738	3.2
1503	361.675126	92.760578	0.000010	154.981930	3.0
1504	382.028274	92.777599	0.000010	172.373296	3.8
1505	400.173452	92.801826	0.000010	147.278269	4.7
1506	375.953239	92.844911	0.000010	67.694818	4.8
1507	384.830143	92.841999	0.000010	240.437325	3.6
1508	382.106095	92.866102	0.000010	40.698794	4.6
1509	390.145961	92.862797	0.000010	178.136712	3.8
1510	386.902255	92.867269	0.000010	121.316995	3.2
1511	415.645081	92.856948	0.000010	345.587045	5.1
1512	394.977011	92.921270	0.000010	170.654122	2.8
1513	403.118157	92.908897	0.000010	27.582274	4.8
1514	376.421931	92.913513	0.000010	49.845707	5.1
1515	423.026577	92.912418	0.000010	32.720203	5.2
1516	403.265113	92.911197	0.000010	170.185665	4.9
1517	372.421293	92.907365	0.000010	89.130961	3.7
1518	423.522342	92.899018	0.000010	84.077152	3.7
1519	377.309679	92.908325	0.000010	127.458042	3.5
1520	401.828820	92.906792	0.000010	155.526307	5.6
1521	414.389512	92.897569	0.000010	141.409409	4.0
1522	338.553086	92.888137	0.000010	261.260402	8.0
1523	399.906204	93.038353	0.000010	137.839346	5.2
1524	402.501166	93.184222	0.000010	148.180784	5.1
1525	383.550552	93.225518	0.000010	202.167245	5.2
1526	384.429304	93.276764	0.000010	224.284643	6.1
1527	375.230785	93.266377	0.000010	64.313262	4.6
1528	376.942381	93.276770	0.000010	230.595731	5.6
1529	430.387694	93.268205	0.000010	131.551512	5.8
1530	398.740144	93.256885	0.000010	166.134624	5.1
1531	360.165070	93.246562	0.000010	147.684835	5.3
1532	409.498627	93.241048	0.000010	372.938251	5.3
1533	388.776600	93.238054	0.000010	154.267337	5.0
1534	396.440105	93.468548	0.000010	101.966708	5.2
1535	381.176145	93.483865	0.000010	222.533905	4.8
1536	390.486530	93.496137	0.000010	157.255004	6.6
1537	358.897721	93.581197	0.000010	176.977156	4.4
1538	383.292717	93.614665	0.000010	67.829304	3.7
1539	378.232428	93.623808	0.000010	144.412626	5.4
1540	416.740780	93.624793	0.000010	176.846269	6.9
1541	376.256870	93.625790	0.000010	258.190761	3.7
1542	373.055051	93.613396	0.000010	116.760605	5.0
1543	413.739724	93.661561	0.000010	472.958650	4.5
1544	404.708275	93.651036	0.000010	192.943032	4.5
1545	411.498975	94.483073	0.000010	143.857951	4.4
1546	408.659959	94.477090	0.000010	156.284748	4.2
1547	388.619681	94.468403	0.000010	164.596045	3.5
1548	367.655642	94.457389	0.000010	173.569015	3.5
1549	393.931670	94.542813	0.000010	98.266941	3.4
1550	405.056162	94.535970	0.000010	191.285311	5.3
1551	368.194137	94.562851	0.000010	122.643396	5.4
1552	409.803622	94.552359	0.000010	121.421928	7.0
1553	388.427305	94.558260	0.000010	273.375652	3.4
1554	407.980152	94.568047	0.000010	70.754967	4.8
1555	423.386740	94.575360	0.000010	220.486949	3.4
1556	379.927563	94.576530	0.000010	186.093497	3.5
1557	394.424190	94.565640	0.000010	59.469710	3.8
1558	373.685773	94.565620	0.000010	66.885596	4.5
1559	381.363471	94.565720	0.000010	88.064818	4.1
1560	351.468993	94.562040	0.000010	14.469026	4.4
1561	384.116146	94.563202	0.000010	101.319016	3.7
1562	394.140772	94.563615	0.000010	180.500593	5.1
1563	372.782221	94.564515	0.000010	58.958095	3.1
1564	395.321769	94.560900	0.000010	76.430601	5.6
1565	378.044803	94.559668	0.000010	70.756491	5.4
1566	389.282952	94.556613	0.000010	29.270056	5.1
1567	405.830753	94.558410	0.000010	188.550445	5.2
1568	369.524655	94.563627	0.000010	121.908037	5.4
1569	381.872882	94.611280	0.000010	101.937953	4.4
1570	383.233307	94.604886	0.000010	109.669131	4.3
1571	398.154666	94.606616	0.000010	48.846069	4.1
1572	396.861398	94.603637	0.000010	124.769187	5.3
1573	397.746496	94.607391	0.000010	221.756268	3.5
1574	397.679469	94.617338	0.000010	116.768142	3.9
1575	381.490714	94.605939	0.000010	132.304427	5.4
1576	388.475208	94.630636	0.000010	139.314598	5.3
1577	393.932509	94.622132	0.000010	132.730806	5.3
1578	377.021677	94.642498	0.000010	96.574714	5.4
1579	399.917701	94.652576	0.000010	94.480206	4.8
1580	406.364892	94.661708	0.000010	55.921503	2.5
1581	392.598638	94.664541	0.000010	158.136865	4.1
1582	403.195809	94.661296	0.000010	91.206044	4.0
1583	386.821997	94.657957	0.000010	94.164187	4.0
1584	381.263923	94.655376	0.000010	160.180827	4.9
1585	397.962538	94.666502	0.000010	163.454673	4.8
1586	364.173807	94.696488	0.000010	268.026129	4.9
1587	392.395320	94.736526	0.000010	250.934394	3.7
1588	374.276242	94.969703	0.000010	71.640004	3.8
1589	408.409733	94.968389	0.000010	145.697193	3.5
1590	413.691802	94.974057	0.000010	69.415354	5.7
1591	384.208556	94.970373	0.000010	145.125304	4.5
1592	360.339029	94.969231	0.000010	114.408554	4.8
1593	394.195216	94.969272	0.000010	84.664392	4.5
1594	415.513839	94.968904	0.000010	131.114901	3.9
1595	364.183945	94.984482	0.000010	190.675127	4.8
1596	374.498356	94.973829	0.000010	87.302252	5.4
1597	400.570292	94.981096	0.000010	164.413825	6.3
1598	384.001381	95.002292	0.000010	168.619201	4.7
1599	384.896753	95.007315	0.000010	166.523528	3.6
1600	363.942265	94.997150	0.000010	90.487298	3.7
1601	403.864045	95.002592	0.000010	132.965429	5.4
1602	376.766439	94.999703	0.000010	159.697852	5.3
1603	406.678340	95.009273	0.000010	134.442909	7.7
1604	407.580139	95.001568	0.000010	377.740443	4.5
1605	372.966107	95.318235	0.000010	111.385063	4.2
1606	395.866452	95.309918	0.000010	266.143442	4.1
1607	369.668201	95.336745	0.000010	130.063111	4.4
1608	396.679890	95.440166	0.000010	229.351095	5.5
1609	380.617030	95.429874	0.000010	132.719417	5.6
1610	366.221489	95.418808	0.000010	262.247068	5.5
1611	364.165687	95.527301	0.000010	175.432871	4.8
1612	401.749259	95.585446	0.000010	178.594635	5.4
1613	414.106811	95.579916	0.000010	132.227796	5.4
1614	357.796602	95.569562	0.000010	272.815458	3.8
1615	395.247307	95.707508	0.000010	25.352493	3.4
1616	369.596076	95.703632	0.000010	75.124875	5.3
1617	372.384742	95.704377	0.000010	59.158248	4.9
1618	378.905298	95.705972	0.000010	91.667814	5.0
1619	398.616901	95.702924	0.000010	48.037954	5.7
1620	387.104551	95.703811	0.000010	139.842133	4.3
1621	406.922625	95.698637	0.000010	170.807585	4.3
1622	400.887593	95.711114	0.000010	242.532484	5.2
1623	409.867382	95.910346	0.000010	183.269274	4.7
1624	410.512484	96.028138	0.000010	184.862690	4.3
1625	374.458723	96.060931	0.000010	104.816661	5.5
1626	383.719017	96.068268	0.000010	97.865895	5.4
1627	381.262866	96.081346	0.000010	113.673523	5.5
1628	395.437699	96.076657	0.000010	302.565042	4.2
1629	379.802753	96.154356	0.000010	146.805206	4.4
1630	352.970245	96.141552	0.000010	292.235665	5.4
1631	396.606488	96.313238	0.000010	107.080469	6.0
1632	384.103715	96.334596	0.000010	58.012804	6.9
1633	410.029756	96.338570	0.000010	225.402094	6.1
1634	379.650992	96.358279	0.000010	77.551720	4.4
1635	379.938470	96.355564	0.000010	106.443884	5.6
1636	417.311223	96.349755	0.000010	246.525209	5.7
1637	379.152221	96.349127	0.000010	193.386271	7.3
1638	394.438190	96.392811	0.000010	113.651550	5.3
1639	386.290979	96.382473	0.000010	130.502787	6.1
1640	365.721215	96.376452	0.000010	107.656978	5.7
1641	411.717278	96.384046	0.000010	69.784582	7.2
1642	424.609513	96.389312	0.000010	67.289269	5.6
1643	395.788904	96.394122	0.000010	121.654640	5.5
1644	380.378247	96.389109	0.000010	37.264499	4.8
1645	416.532174	96.390525	0.000010	111.235844	4.4
1646	395.070178	96.388040	0.000010	116.921941	4.7
1647	390.692977	96.379802	0.000010	182.554043	4.5
1648	388.662041	96.425227	0.000010	123.825961	3.6
1649	390.889568	96.418625	0.000010	220.301208	3.8
1650	386.605676	96.435230	0.000010	150.376905	3.7
1651	392.937745	96.423129	0.000010	201.120240	3.3
1652	391.349477	96.499519	0.000010	77.319978	3.6
1653	380.784284	96.494253	0.000010	78.547345	5.4
1654	408.642777	96.496079	0.000010	123.887504	3.7
1655	388.470493	96.492954	0.000010	121.214678	3.7
1656	382.406202	96.504111	0.000010	165.228667	3.8
1657	414.697070	96.495094	0.000010	151.938649	7.0
1658	392.488566	96.485264	0.000010	82.931119	3.9
1659	379.511710	96.494348	0.000010	102.935149	4.2
1660	367.760666	96.489851	0.000010	103.469610	5.6
1661	395.645682	96.495504	0.000010	237.944542	4.4
1662	399.482355	96.484840	0.000010	238.345814	3.7
1663	370.861593	96.939465	0.000010	75.755343	5.1
1664	412.658995	96.968305	0.000010	233.177725	5.1
1665	389.912003	97.000962	0.000010	142.949389	5.0
1666	385.037747	96.989518	0.000010	153.813171	6.9
1667	397.441639	97.019874	0.000010	204.530337	5.8
1668	413.550263	97.007870	0.000010	68.438371	5.8
1669	391.197600	97.007052	0.000010	88.721253	4.4
1670	393.642376	97.010792	0.000010	85.589384	5.7
1671	408.146846	97.017034	0.000010	115.160163	5.9
1672	369.798259	97.010275	0.000010	136.125677	5.2
1673	409.913121	97.002163	0.000010	121.095444	4.8
1674	393.643973	97.021962	0.000010	176.576646	5.0
1675	382.912181	97.053388	0.000010	162.822999	4.3
1676	369.809005	97.144762	0.000010	225.501224	4.6
1677	370.098568	97.132495	0.000010	45.014430	4.7
1678	432.405642	97.127139	0.000010	139.029222	4.2
1679	370.670933	97.134738	0.000010	123.003672	4.0
1680	369.409056	97.167048	0.000010	159.078833	3.3
1681	392.430232	97.198289	0.000010	156.333999	6.9
1682	399.075603	97.187233	0.000010	125.698053	5.4
1683	400.426222	97.178315	0.000010	174.668278	5.8
1684	356.679241	97.186685	0.000010	84.216608	4.5
1685	365.635900	97.185824	0.000010	213.464364	5.6
1686	383.757756	97.192700	0.000010	141.476452	5.0
1687	390.508744	97.180693	0.000010	253.031657	5.4
1688	376.530505	97.295193	0.000010	50.520013	5.6
1689	382.911865	97.296744	0.000010	197.005663	5.6
1690	369.327092	97.295951	0.000010	203.047681	4.9
1691	394.000188	97.283249	0.000010	130.866093	5.6
1692	418.280410	97.350475	0.000010	521.180423	5.5
1693	398.374254	97.337118	0.000010	304.283268	5.6
1694	373.874511	98.334933	0.000010	154.863546	5.5
1695	393.437027	98.634098	0.000010	235.938411	4.8
1696	371.098416	98.655971	0.000010	175.670855	4.9
1697	392.579026	98.644659	0.000010	67.087578	5.2
1698	381.355305	98.637646	0.000010	242.763160	4.2
1699	376.554368	98.645173	0.000010	76.988887	3.8
1700	396.340429	98.680400	0.000010	158.688135	5.5
1701	373.904914	98.672684	0.000010	245.435453	5.9
1702	389.032996	98.776143	0.000010	117.683506	5.4
1703	398.825113	98.770764	0.000010	284.797509	5.1
1704	395.959569	98.811787	0.000010	110.286951	3.6
1705	408.577158	98.888873	0.000010	259.900385	3.6
1706	391.817629	98.878067	0.000010	56.822818	3.3
1707	377.741971	98.882268	0.000010	135.690767	3.6
1708	378.759504	98.888094	0.000010	162.723077	3.6
1709	367.939850	98.889951	0.000010	138.977440	5.1
1710	392.359811	98.879830	0.000010	161.334103	4.3
1711	397.389912	98.874368	0.000010	308.395519	4.3
1712	397.227395	99.051130	0.000010	59.146343	5.8
1713	392.824489	99.041877	0.000010	78.447328	5.3
1714	385.477367	99.042560	0.000010	125.209563	5.3
1715	352.150997	99.054580	0.000010	101.755908	4.7
1716	357.604349	99.051815	0.000010	43.149237	5.0
1717	391.493386	99.056695	0.000010	165.924022	4.7
1718	390.680820	99.051591	0.000010	78.517402	4.7
1719	391.101848	99.061975	0.000010	139.548390	4.2
1720	391.180865	99.066387	0.000010	92.757893	4.3
1721	422.592329	99.058238	0.000010	186.615423	4.2
1722	393.569651	99.060970	0.000010	70.310672	4.2
1723	398.922314	99.063133	0.000010	57.288542	3.8
1724	367.538395	99.064555	0.000010	154.494271	3.9
1725	426.167397	99.060457	0.000010	214.042718	4.9
1726	395.931080	99.071025	0.000010	90.467776	2.8
1727	377.004115	99.102209	0.000010	115.968807	3.8
1728	399.368274	99.114110	0.000010	92.591359	3.9
1729	393.869357	99.121150	0.000010	72.524394	3.8
1730	391.754302	99.116628	0.000010	126.997168	3.5
1731	437.461866	99.125354	0.000010	148.149406	4.1
1732	371.974519	99.115843	0.000010	67.248795	3.7
1733	370.416189	99.113095	0.000010	59.235612	4.5
1734	389.065987	99.115758	0.000010	184.926283	4.2
1735	386.543858	99.113489	0.000010	91.039337	6.8
1736	369.074248	99.104972	0.000010	251.573446	3.4
1737	370.000928	99.094646	0.000010	118.837023	3.8
1738	371.377717	99.088743	0.000010	45.666661	3.0
1739	395.947959	99.088995	0.000010	177.867702	2.8
1740	356.769070	99.089052	0.000010	222.789711	3.1
1741	334.487322	99.081090	0.000010	103.196356	3.1
1742	418.427896	99.071948	0.000010	101.857096	3.3
1743	349.321185	99.074407	0.000010	180.641528	4.0
1744	356.419913	99.066271	0.000010	171.885397	6.2
1745	396.025246	99.148675	0.000010	111.822692	6.1
1746	411.631913	99.139290	0.000010	80.765030	3.1
1747	355.248948	99.137187	0.000010	81.677746	3.3
1748	383.056880	99.145138	0.000010	76.261451	5.1
1749	367.009135	99.148076	0.000010	74.884135	5.6
1750	417.919258	99.151742	0.000010	54.511704	5.9
1751	365.133004	99.156309	0.000010	109.165336	3.1
1752	390.415304	99.151939	0.000010	126.542032	5.0
1753	364.566948	99.152739	0.000010	172.304611	5.3
1754	380.040409	99.142601	0.000010	128.512038	5.5
1755	405.782026	99.155335	0.000010	87.922543	4.1
1756	375.524158	99.149284	0.000010	194.018523	4.3
1757	356.562213	99.145238	0.000010	151.448271	4.8
1758	397.721046	99.133971	0.000010	132.330883	5.6
1759	367.387904	99.140555	0.000010	279.958023	5.2
1760	425.144775	99.136869	0.000010	175.294159	5.9
1761	390.844077	99.444179	0.000010	113.167549	7.9
1762	386.333467	99.472603	0.000010	171.502808	3.3
1763	379.342669	99.468440	0.000010	123.736351	3.5
1764	375.937322	99.501861	0.000010	193.914078	3.3
1765	377.357198	99.503289	0.000010	170.248841	4.4
1766	385.806502	99.548433	0.000010	116.646347	3.5
1767	371.018674	99.583757	0.000010	59.050150	4.3
1768	388.828146	99.583350	0.000010	132.557352	5.0
1769	378.355493	99.585833	0.000010	110.873739	3.3
1770	392.118223	99.584847	0.000010	46.509340	3.6
1771	394.834855	99.589722	0.000010	69.895954	5.2
1772	390.045484	99.590496	0.000010	150.169318	4.4
1773	360.126900	99.597659	0.000010	198.424079	3.2
1774	383.965486	99.589464	0.000010	88.519321	3.3
1775	385.193066	99.606273	0.000010	85.006126	7.2
1776	376.566040	99.615427	0.000010	152.451261	5.5
1777	379.179614	99.616631	0.000010	235.766271	5.5
1778	383.829442	99.604252	0.000010	226.476797	7.6
1779	394.449530	99.593290	0.000010	263.484962	5.0
1780	383.226684	99.655572	0.000010	69.555520	5.5
1781	399.980947	99.658133	0.000010	89.730629	5.1
1782	396.836189	99.656686	0.000010	70.057993	5.8
1783	392.646775	99.660123	0.000010	198.637771	6.1
1784	359.097002	99.668508	0.000010	128.185176	5.9
1785	390.851362	99.666250	0.000010	165.635083	7.4
1786	388.921260	99.657249	0.000010	87.880501	6.0
1787	378.404606	99.649386	0.000010	64.995070	6.1
1788	369.463131	99.656156	0.000010	221.807595	4.8
1789	367.575935	99.669506	0.000010	23.098932	4.7
1790	375.558773	99.667073	0.000010	147.890313	4.2
1791	376.106362	99.667535	0.000010	174.371821	4.9
1792	382.216248	99.656527	0.000010	106.029114	5.9
1793	380.612330	99.660494	0.000010	103.456268	5.6
1794	408.455997	99.657872	0.000010	281.942802	5.9
1795	387.189791	99.704205	0.000010	206.294592	5.4
1796	356.395459	100.005700	0.000009	367.425868	3.9
1797	394.840627	99.992304	0.000009	251.519394	3.9
1798	380.191528	100.920042	0.000009	100.257288	4.2
1799	359.296087	100.909313	0.000009	270.616948	4.5
1800	376.438685	100.948486	0.000009	157.237441	4.6
1801	368.808790	101.057958	0.000009	241.333078	5.3
1802	374.293954	101.148879	0.000009	112.867390	3.0
1803	363.405671	101.137324	0.000009	43.365684	3.3
1804	411.258550	101.137059	0.000009	85.301456	4.9
1805	391.050280	101.134232	0.000009	180.221687	4.6
1806	356.652020	101.131752	0.000009	175.666736	4.5
1807	383.274763	101.121582	0.000009	97.751654	4.7
1808	375.464502	101.126234	0.000009	38.604256	4.7
1809	377.158064	101.128605	0.000009	108.816658	5.4
1810	436.324861	101.128024	0.000009	110.420767	4.9
1811	397.028774	101.126616	0.000009	111.006986	5.5
1812	351.354676	101.130463	0.000009	52.762482	5.4
1813	400.012114	101.129087	0.000009	163.074240	5.9
1814	386.063332	101.124454	0.000009	129.421354	5.7
1815	406.235184	101.169324	0.000009	138.064221	5.8
1816	368.087996	101.171988	0.000009	168.087116	5.5
1817	400.807593	101.208412	0.000009	241.544562	6.3
1818	408.989718	101.211361	0.000009	118.556684	5.1
1819	406.362540	101.238730	0.000009	159.931722	6.3
1820	396.416298	101.228627	0.000009	233.055102	4.6
1821	366.442989	101.216089	0.000009	243.059565	4.6
1822	372.611291	101.427059	0.000009	139.528121	3.8
1823	374.132279	101.414696	0.000009	239.606503	4.5
1824	367.538877	101.402570	0.000009	103.637523	4.6
1825	362.023575	101.439432	0.000009	229.791825	3.9
1826	409.475193	101.485672	0.000009	286.974518	4.3
1827	374.494077	101.472451	0.000009	252.318568	6.0
1828	381.111439	101.772050	0.000009	201.580332	6.1
1829	382.900603	101.758961	0.000009	77.495087	5.2
1830	369.774735	101.764916	0.000009	168.860773	5.6
1831	365.335325	101.763183	0.000009	176.847899	4.7
1832	385.191675	101.752734	0.000009	282.063479	4.5
1833	410.299816	101.897378	0.000009	252.014930	4.3
1834	388.083513	102.541776	0.000009	128.346870	4.2
1835	394.882401	102.642898	0.000009	131.903996	4.2
1836	378.214447	102.644147	0.000009	33.017757	4.1
1837	392.710648	102.641066	0.000009	76.777163	5.3
1838	416.381306	102.639331	0.000009	157.415197	5.2
1839	394.822539	102.651300	0.000009	104.357900	4.3
1840	390.437030	102.649092	0.000009	180.539091	3.4
1841	405.357964	102.639174	0.000009	147.155395	5.3
1842	378.088172	102.648216	0.000009	96.264223	4.0
1843	372.090827	102.643367	0.000009	124.200559	3.2
1844	391.841026	102.637954	0.000009	25.872231	4.8
1845	353.599986	102.640554	0.000009	164.114167	3.3
1846	363.253752	102.640510	0.000009	131.664664	4.6
1847	370.138073	102.637047	0.000009	197.824043	4.1
1848	369.187785	102.626533	0.000009	138.298391	3.6
1849	388.815348	102.648989	0.000009	110.966580	4.2
1850	417.283190	102.643885	0.000009	60.012996	5.3
1851	387.517601	102.639340	0.000009	127.595086	5.2
1852	418.544606	102.641013	0.000009	52.019438	5.2
1853	401.335823	102.643115	0.000009	139.389820	5.1
1854	396.165141	102.647763	0.000009	170.822356	4.6
1855	378.359314	102.707687	0.000009	260.405291	4.1
1856	401.422757	102.694735	0.000009	239.815269	4.3
1857	383.760291	103.103677	0.000009	165.242165	7.8
1858	425.395619	103.273334	0.000009	200.860995	5.9
1859	385.826267	103.261606	0.000009	227.379668	4.3
1860	401.234069	103.506064	0.000009	93.391404	4.1
1861	361.537575	103.496733	0.000009	39.631183	6.3
1862	387.426371	103.498539	0.000009	76.316842	4.4
1863	402.814824	103.496576	0.000009	135.997902	4.4
1864	409.275841	103.503921	0.000009	181.735289	4.3
1865	378.891330	103.496800	0.000009	149.803027	5.5
1866	381.062956	103.566915	0.000009	306.631848	4.3
1867	375.073189	103.769945	0.000009	194.111903	4.0
1868	424.997722	104.133345	0.000009	205.765940	4.2
1869	363.213911	104.120647	0.000009	198.030040	3.7
1870	348.464918	104.108051	0.000009	153.889058	5.7
1871	382.123223	104.135861	0.000009	239.866105	4.6
1872	373.362646	104.133641	0.000009	148.397647	7.2
1873	382.307067	104.177889	0.000009	270.180921	4.7
1874	404.799168	104.280636	0.000009	198.150095	4.7
1875	401.347935	104.267630	0.000009	202.413154	4.9
1876	392.757203	104.266685	0.000009	139.769894	4.6
1877	371.698162	104.256141	0.000009	290.778442	5.1
1878	383.773973	104.277334	0.000009	158.364042	5.4
1879	351.790862	104.269955	0.000009	60.247082	4.6
1880	353.351911	104.265288	0.000009	68.488401	3.2
1881	400.721037	104.266686	0.000009	152.463772	5.1
1882	389.607167	104.273434	0.000009	238.817633	5.0
1883	366.053785	104.262879	0.000009	56.762106	4.7
1884	391.995263	104.255997	0.000009	151.923208	5.2
1885	372.080797	104.252961	0.000009	162.671982	4.8
1886	376.399176	104.295057	0.000009	219.915509	5.9
1887	368.203163	104.282898	0.000009	211.365864	5.2
1888	367.904827	104.513098	0.000009	174.864716	5.6
1889	372.463128	104.501669	0.000009	60.420554	4.4
1890	399.301746	104.515425	0.000009	214.801035	6.0
1891	382.861009	104.507599	0.000009	93.407324	3.7
1892	379.724242	104.505818	0.000009	260.360837	5.0
1893	411.968795	104.501731	0.000009	116.284146	3.7
1894	356.298870	104.546694	0.000009	109.228171	5.0
1895	394.730943	104.542503	0.000009	235.079834	5.0
1896	405.415604	104.577015	0.000009	109.610669	6.6
1897	375.951205	104.570790	0.000009	200.407556	5.4
1898	377.982567	104.562076	0.000009	153.315290	5.5
1899	366.165402	104.556262	0.000009	216.436989	5.4
1900	362.686464	104.607740	0.000009	145.090533	5.1
1901	419.291098	104.603053	0.000009	178.555640	5.5
1902	418.369762	104.627395	0.000009	56.906561	5.4
1903	372.909567	104.621164	0.000009	54.417050	5.5
1904	403.013235	104.621377	0.000009	94.354908	5.4
1905	378.106695	104.617837	0.000009	115.668310	5.5
1906	396.249966	104.614361	0.000009	116.675357	8.3
1907	393.510482	104.627691	0.000009	254.791996	6.2
1908	398.100124	104.617073	0.000009	116.716375	5.3
1909	400.458535	104.622433	0.000009	43.689001	5.0
1910	377.419209	104.621856	0.000009	186.779161	5.8
1911	363.348027	104.617613	0.000009	282.130089	6.0
1912	393.829117	104.604640	0.000009	108.328670	6.1
1913	394.210000	104.686233	0.000009	182.705377	5.8
1914	396.269795	104.676017	0.000009	244.201627	6.2
1915	402.150182	104.663359	0.000009	260.851452	5.4
1916	374.983407	105.211074	0.000009	135.014026	7.1
1917	370.902675	105.198787	0.000009	186.532354	6.0
1918	365.250546	105.187665	0.000009	191.378596	5.3
1919	377.708770	105.312151	0.000009	250.697529	4.9
1920	369.833008	105.299130	0.000009	114.899639	4.1
1921	412.073381	105.302536	0.000009	229.665105	3.6
1922	403.407369	105.329269	0.000009	91.074517	3.7
1923	375.469720	105.371437	0.000009	130.710462	5.5
1924	387.184043	105.366136	0.000009	149.118129	7.0
1925	384.286244	105.362271	0.000009	186.835663	6.7
1926	391.759850	105.388214	0.000009	60.697587	3.9
1927	399.273324	105.400583	0.000009	186.013378	5.7
1928	358.199994	105.397259	0.000009	143.825253	5.0
1929	404.034786	105.390201	0.000009	186.463504	4.6
1930	387.709504	105.452323	0.000009	193.272110	3.5
1931	365.727375	105.496972	0.000009	123.018081	3.4
1932	388.749187	105.486697	0.000009	40.266413	5.0
1933	382.758000	105.487674	0.000009	96.827643	3.3
1934	391.495425	105.491846	0.000009	42.502241	4.7
1935	384.753442	105.490129	0.000009	163.684961	5.5
1936	426.548003	105.485051	0.000009	108.926542	3.8
1937	369.038509	105.497841	0.000009	75.483015	3.4
1938	392.359186	105.492128	0.000009	239.108185	5.5
1939	413.974746	105.482837	0.000009	86.017999	5.5
1940	402.939972	105.497619	0.000009	181.512978	2.9
1941	398.027594	105.488467	0.000009	143.564807	2.8
1942	376.406146	105.505753	0.000009	97.915564	3.5
1943	369.457281	105.506333	0.000009	182.299459	4.6
1944	397.840775	105.516311	0.000009	207.773552	5.1
1945	403.944237	105.514790	0.000009	165.350933	2.7
1946	380.507160	105.646297	0.000009	102.042941	2.7
1947	403.889183	105.675562	0.000009	192.578939	3.4
1948	380.636850	105.707556	0.000009	266.506205	4.2
1949	393.810279	105.881260	0.000009	212.704568	6.0
1950	408.207964	105.868576	0.000009	189.179137	4.7
1951	404.626891	105.953098	0.000009	300.335842	8.1
1952	388.599153	105.940060	0.000009	159.221456	6.9
1953	376.995979	105.928144	0.000009	83.806950	5.1
1954	377.255963	105.940279	0.000009	106.547997	4.6
1955	370.987371	105.940292	0.000009	79.971302	4.8
1956	380.788496	105.943746	0.000009	79.214427	4.2
1957	381.849577	105.948208	0.000009	274.639362	3.7
1958	385.108319	105.968333	0.000009	130.655055	4.9
1959	405.329971	106.064034	0.000009	65.575342	4.1
1960	389.804089	106.070892	0.000009	131.340303	4.1
1961	385.324077	106.072132	0.000009	78.004025	2.9
1962	391.036298	106.079899	0.000009	169.364933	3.6
1963	362.900033	106.073352	0.000009	57.034393	4.3
1964	382.452257	106.071658	0.000009	104.801316	5.4
1965	381.746959	106.078119	0.000009	276.632584	4.7
1966	372.626948	106.068727	0.000009	297.179962	4.7
1967	372.043036	106.055429	0.000009	99.018081	6.6
1968	407.173292	106.052842	0.000009	257.640282	4.8
1969	384.040952	106.051539	0.000009	187.565086	3.4
1970	365.019528	106.118884	0.000009	51.343183	5.1
1971	391.463751	106.122061	0.000009	92.688610	4.7
1972	398.939524	106.126481	0.000009	73.030873	3.9
1973	368.914185	106.123273	0.000009	132.389759	3.8
1974	412.907901	106.119592	0.000009	222.760107	3.8
1975	401.372727	106.178800	0.000009	66.087376	6.0
1976	390.549055	106.172110	0.000009	118.185174	3.8
1977	402.966731	106.171886	0.000009	147.800927	4.6
1978	364.646600	106.175242	0.000009	197.228813	8.5
1979	407.451325	106.165031	0.000009	80.556476	5.7
1980	399.668624	106.159785	0.000009	113.747922	5.2
1981	379.442692	106.155079	0.000009	123.039537	5.1
1982	385.284060	106.151768	0.000009	57.011053	4.0
1983	381.069672	106.147839	0.000009	63.153868	4.0
1984	438.258433	106.151511	0.000009	113.832927	5.8
1985	390.670597	106.155741	0.000009	100.206663	5.4
1986	355.975238	106.166111	0.000009	199.978596	5.3
1987	384.679988	106.161722	0.000009	144.332983	4.9
1988	393.243671	106.150187	0.000009	186.869402	5.2
1989	417.545339	106.186889	0.000009	226.460970	5.3
1990	407.929625	106.174475	0.000009	161.695135	5.9
1991	408.527220	106.232201	0.000009	73.293602	4.6
1992	370.717612	106.225217	0.000009	224.837940	5.5
1993	395.800439	106.216572	0.000009	142.839317	5.6
1994	376.061883	106.267229	0.000009	219.563003	5.1
1995	387.490069	106.317298	0.000009	325.555203	4.7
1996	435.903996	107.039889	0.000009	170.720403	5.0
1997	436.508560	107.026977	0.000009	217.700414	5.2
1998	383.224572	107.017153	0.000009	65.203462	5.3
1999	393.967900	107.034661	0.000009	205.749897	5.2
