1:ItNr	2:Metric	3a:Time	3b:StepSize	4:||Gradient||	Time[ms]
0	24079.942097	0.000000	0.000307	5575.520151	207.1
1	13983.347326	0.000000	0.000307	5716.051630	1.8
2	5353.326824	0.000000	0.000307	3868.463943	1.9
3	1955.587721	0.000000	0.000307	1822.270191	1.9
4	1253.029869	0.000000	0.000307	885.084780	1.9
5	1086.517065	0.000000	0.000307	429.174383	2.5
6	1071.807615	0.000000	0.000307	270.967379	2.0
7	1044.298096	0.000000	0.000307	218.097423	1.6
8	1057.465870	0.000000	0.000307	208.597118	1.6
9	1042.685573	0.000000	0.000307	200.354060	1.8
10	1062.390811	0.000000	0.000307	189.961688	1.6
11	1045.812650	0.000000	0.000307	177.310478	1.6
12	1009.922422	0.000000	0.000307	157.083557	5.3
13	1048.592762	0.000000	0.000307	160.860454	3.0
14	1108.084660	0.000000	0.000307	151.116272	3.9
15	1059.296879	0.000000	0.000307	139.389146	4.2
16	1011.453986	0.000000	0.000307	110.976809	3.8
17	997.558711	0.000000	0.000307	111.900542	3.5
18	1005.485860	0.000000	0.000307	93.769038	3.4
19	1011.893732	0.000000	0.000307	93.395503	3.4
20	1019.053450	0.000000	0.000307	123.892409	3.2
21	994.174943	0.000000	0.000307	96.637605	4.5
22	1006.841170	0.000000	0.000307	108.447773	4.5
23	996.658159	0.000000	0.000307	150.885286	4.4
24	1022.681478	0.001024	0.000307	119.985709	2.4
25	994.839956	0.043544	0.000306	106.177104	2.5
26	993.069172	0.032792	0.000307	108.565645	3.0
27	948.584278	0.027124	0.000307	73.196108	3.1
28	944.551300	0.016634	0.000307	92.772462	3.0
29	982.294897	0.007181	0.000307	67.821335	2.4
30	1002.297648	0.000000	0.000307	72.800159	2.4
31	991.490530	0.000000	0.000307	79.402044	2.3
32	992.406478	0.000000	0.000307	86.394337	2.3
33	1017.367179	0.000000	0.000307	77.987599	2.2
34	1032.114011	0.000000	0.000307	78.809913	2.0
35	974.323905	0.000000	0.000307	74.195489	2.0
36	949.665295	0.000000	0.000307	75.213896	2.8
37	942.671076	0.000000	0.000307	63.489319	2.3
38	927.219456	0.000000	0.000307	68.142995	2.2
39	921.681858	0.000000	0.000307	62.339615	4.6
40	922.354478	0.000000	0.000307	69.436744	4.2
41	935.373141	0.000000	0.000307	76.138151	4.3
42	993.634253	0.000000	0.000307	88.893201	4.6
43	968.398836	0.000000	0.000307	65.962045	4.2
44	991.320013	0.000000	0.000307	159.591338	2.9
45	979.849066	0.000000	0.000307	103.829464	2.8
46	951.927146	0.314565	0.000303	59.047191	3.4
47	971.434797	0.304750	0.000303	73.404501	3.4
48	1000.680626	0.295559	0.000303	78.621480	3.4
49	976.957453	0.286433	0.000303	76.594006	2.6
50	949.628383	0.278593	0.000303	75.812578	2.6
51	1000.704873	0.268339	0.000303	98.877630	2.5
52	937.244289	0.261644	0.000303	85.432855	2.4
53	951.911059	0.258896	0.000303	103.745654	2.3
54	972.144106	0.248043	0.000304	97.829251	2.2
55	978.627546	0.253011	0.000303	84.103010	2.2
56	928.612779	0.245953	0.000304	79.567387	2.2
57	926.807660	0.244771	0.000304	62.482208	2.0
58	967.424546	0.236824	0.000304	67.361891	2.0
59	943.586340	0.227424	0.000304	70.811143	2.0
60	981.506478	0.217852	0.000304	88.426065	2.0
61	949.095760	0.207502	0.000304	95.544767	2.0
62	982.735299	0.213601	0.000304	103.728490	1.9
63	926.386069	0.207276	0.000304	101.517841	1.9
64	944.985337	0.201703	0.000304	84.398772	1.9
65	936.467462	0.202014	0.000304	63.008584	1.9
66	957.790309	0.192958	0.000304	57.993609	1.9
67	959.194422	0.184995	0.000304	74.265448	1.9
68	921.798386	0.175569	0.000305	85.635660	1.9
69	916.580537	0.169645	0.000305	92.343123	1.9
70	916.512739	0.161564	0.000305	67.733007	1.8
71	963.255806	0.164969	0.000305	94.627961	1.9
72	915.169325	0.162564	0.000305	61.403273	2.6
73	940.639060	0.152946	0.000305	60.470398	4.2
74	910.782596	0.144336	0.000305	65.919777	4.2
75	900.849786	0.135324	0.000305	85.647491	4.3
76	891.212411	0.125998	0.000305	70.907457	3.6
77	900.733018	0.129415	0.000305	76.600965	3.3
78	953.448106	0.119357	0.000305	61.654414	2.8
79	908.846215	0.114201	0.000305	94.553498	3.2
80	943.874063	0.111849	0.000305	95.677854	2.8
81	925.149848	0.121333	0.000305	116.630096	2.9
82	960.471537	0.233254	0.000304	69.988050	3.0
83	917.969223	0.222494	0.000304	112.958428	3.1
84	916.298616	0.230239	0.000304	77.795693	2.3
85	906.417646	0.243414	0.000304	115.110416	2.4
86	934.944623	0.273199	0.000303	52.892201	2.3
87	909.996192	0.266414	0.000303	56.611031	3.1
88	904.678754	0.258402	0.000303	90.378020	2.7
89	947.282307	0.252118	0.000303	69.240944	2.2
90	910.805777	0.254084	0.000303	73.711768	2.2
91	884.781326	0.250962	0.000303	61.863107	2.4
92	883.919206	0.246720	0.000304	69.502288	4.7
93	904.310670	0.241193	0.000304	60.240602	4.6
94	928.810373	0.233105	0.000304	75.370496	3.7
95	895.888045	0.223936	0.000304	53.776023	3.6
96	913.674810	0.215916	0.000304	79.437768	3.3
97	906.063052	0.207170	0.000304	64.443528	3.0
98	882.822846	0.202431	0.000304	50.084039	3.1
99	901.228229	0.196024	0.000304	66.016484	3.0
100	895.394821	0.187927	0.000304	63.202995	3.1
101	906.205449	0.178574	0.000305	62.854275	2.6
102	880.071749	0.173493	0.000305	52.625170	2.5
103	892.409671	0.167158	0.000305	103.669088	2.7
104	952.361684	0.167362	0.000305	53.073235	2.4
105	910.548450	0.160516	0.000305	70.695244	2.3
106	890.394496	0.151880	0.000305	54.201725	2.3
107	951.997246	0.142849	0.000305	86.406324	2.3
108	927.177407	0.133954	0.000305	50.053077	2.2
109	909.617960	0.130973	0.000305	50.270403	2.0
110	948.491993	0.123354	0.000305	58.096165	2.0
111	894.556359	0.117758	0.000305	79.644273	2.0
112	926.484854	0.117586	0.000305	70.725280	2.0
113	873.421934	0.108150	0.000306	48.253635	2.0
114	914.866978	0.100224	0.000306	71.622189	1.9
115	914.977844	0.093234	0.000306	102.019722	1.9
116	947.598121	0.097362	0.000306	72.428138	1.9
117	935.999491	0.112794	0.000305	84.451240	1.9
118	905.362658	0.103528	0.000306	100.996102	2.0
119	897.058057	0.146954	0.000305	87.138617	1.9
120	896.799754	0.152003	0.000305	86.304920	2.0
121	891.914837	0.150210	0.000305	87.629658	1.9
122	896.682502	0.207639	0.000304	82.609297	1.9
123	920.475243	0.267153	0.000303	78.822180	1.9
124	908.191437	0.256646	0.000303	69.175068	1.9
125	877.445773	0.251040	0.000303	85.985262	2.0
126	923.760471	0.256627	0.000303	48.772980	1.9
127	911.332735	0.248217	0.000304	74.510381	1.9
128	897.182064	0.240148	0.000304	82.574166	1.9
129	864.372644	0.248225	0.000304	78.292270	1.9
130	891.437809	0.275365	0.000303	60.363667	2.1
131	894.671661	0.276927	0.000303	49.729433	2.0
132	869.476450	0.271361	0.000303	51.632407	2.0
133	943.747185	0.268476	0.000303	75.468594	2.0
134	862.637299	0.262987	0.000303	48.058889	1.9
135	874.741782	0.256464	0.000303	94.983642	1.9
136	885.747472	0.250929	0.000303	144.372635	1.8
137	874.469520	0.835338	0.000295	53.048337	1.9
138	917.087454	0.860858	0.000295	70.236606	1.9
139	885.795245	0.852029	0.000295	77.341626	1.9
140	862.655341	0.843171	0.000295	66.122501	1.9
141	884.824998	0.833246	0.000295	68.265882	1.9
142	914.897355	0.825955	0.000295	75.107469	1.9
143	896.390327	0.816406	0.000296	57.165751	1.8
144	899.407808	0.813994	0.000296	69.800788	1.9
145	857.781034	0.810606	0.000296	56.053714	2.0
146	892.590666	0.811107	0.000296	65.100277	1.9
147	878.025375	0.810859	0.000296	101.109709	2.0
148	898.489403	0.802966	0.000296	91.474622	2.0
149	895.780537	0.811600	0.000296	87.134592	2.0
150	854.196188	0.883234	0.000295	63.663366	1.8
151	845.790832	0.906221	0.000294	100.945450	1.9
152	854.115083	0.949108	0.000294	49.875706	1.9
153	853.502503	0.943128	0.000294	45.477477	1.8
154	883.029522	0.936767	0.000294	55.076585	1.8
155	850.564425	0.929741	0.000294	79.703377	1.9
156	874.644394	0.928325	0.000294	60.761030	1.9
157	865.557405	0.922720	0.000294	61.499193	1.9
158	878.713361	0.919367	0.000294	82.148208	1.9
159	899.757000	0.940683	0.000294	80.060836	1.9
160	865.968093	0.943177	0.000294	62.302550	2.0
161	852.048756	0.953517	0.000294	41.164897	2.2
162	886.347065	0.950207	0.000294	41.539840	4.9
163	868.160596	0.944539	0.000294	63.545410	4.2
164	856.796967	0.938545	0.000294	58.932863	4.3
165	891.869872	0.943912	0.000294	45.296108	4.1
166	860.560223	0.941065	0.000294	52.974309	3.1
167	865.987333	0.937679	0.000294	128.284878	3.1
168	885.861841	0.936888	0.000294	38.990596	3.0
169	881.155388	0.941259	0.000294	73.662269	4.2
170	867.394551	0.937810	0.000294	97.479781	3.8
171	847.932870	0.932330	0.000294	45.338554	3.7
172	858.547782	0.930121	0.000294	45.525264	3.2
173	883.364249	0.925472	0.000294	85.777614	3.1
174	873.460734	0.919258	0.000294	51.905191	2.9
175	829.456679	0.922938	0.000294	44.069939	2.4
176	872.199247	0.918811	0.000294	66.025380	2.9
177	823.143791	0.915928	0.000294	56.714211	2.5
178	874.511933	0.919667	0.000294	47.975564	2.3
179	882.044598	0.915157	0.000294	46.141326	3.4
180	917.448578	0.912356	0.000294	69.729005	2.7
181	866.700960	0.906824	0.000294	106.623870	2.2
182	898.999934	0.947129	0.000294	72.232020	2.1
183	859.344904	0.963846	0.000294	55.859739	2.0
184	829.061571	0.959820	0.000294	60.627497	2.2
185	850.153448	0.967761	0.000294	65.284750	3.2
186	847.361645	0.980153	0.000293	82.822724	4.7
187	858.515186	1.000833	0.000293	37.119958	4.5
188	874.352988	0.993815	0.000293	122.654659	4.6
189	881.282240	0.998186	0.000293	71.610785	3.0
190	876.479068	1.078853	0.000292	63.401976	2.3
191	885.564789	1.082595	0.000292	71.057826	2.2
192	883.831887	1.098942	0.000292	45.647534	2.8
193	858.462038	1.093763	0.000292	66.632860	2.8
194	828.539500	1.095341	0.000292	74.187467	2.8
195	827.709302	1.091782	0.000292	44.944105	2.7
196	905.922726	1.096787	0.000292	64.804101	2.2
197	876.133989	1.095776	0.000292	55.370501	2.2
198	880.721874	1.088826	0.000292	47.219236	2.1
199	894.952930	1.089099	0.000292	61.070648	2.1
200	865.609926	1.088682	0.000292	65.762196	2.0
201	889.017296	1.093224	0.000292	60.771201	4.4
202	850.832039	1.094573	0.000292	45.163007	1.9
203	852.659601	1.087766	0.000292	47.569874	1.9
204	855.213854	1.088001	0.000292	53.614336	2.2
205	869.233747	1.080177	0.000292	33.866679	2.3
206	845.978162	1.075264	0.000292	63.757761	2.2
207	856.354031	1.072304	0.000292	43.895097	2.3
208	818.721547	1.067448	0.000292	34.579331	2.0
209	860.030392	1.066058	0.000292	79.527331	1.9
210	904.458995	1.060176	0.000292	71.031955	1.9
211	865.891361	1.109039	0.000292	64.907906	1.9
212	791.575362	1.140962	0.000291	29.822963	1.9
213	871.719405	1.138428	0.000291	68.666444	1.9
214	859.630195	1.134790	0.000291	64.724926	1.9
215	851.205980	1.125522	0.000291	52.778965	1.9
216	828.315361	1.134905	0.000291	53.710870	1.9
217	812.290343	1.144031	0.000291	79.803630	1.9
218	874.181058	1.144633	0.000291	48.524339	1.9
219	836.760025	1.141600	0.000291	32.852575	1.9
220	841.827766	1.136291	0.000291	44.546784	1.8
221	821.485287	1.134143	0.000291	37.264898	1.8
222	891.388368	1.131924	0.000291	68.112899	1.9
223	864.528828	1.139350	0.000291	37.469036	1.9
224	859.885619	1.132249	0.000291	94.811473	1.9
225	840.522365	1.127563	0.000291	61.531471	1.9
226	853.920798	1.180768	0.000291	59.152455	1.9
227	859.934517	1.171833	0.000291	38.674863	1.9
228	885.808402	1.166957	0.000291	49.996542	1.9
229	838.572234	1.168707	0.000291	67.347059	1.8
230	869.667764	1.166553	0.000291	66.418653	1.9
231	912.872397	1.186616	0.000291	53.005041	1.8
232	881.530764	1.179005	0.000291	49.537966	1.9
233	870.704042	1.174479	0.000291	46.669016	1.9
234	836.272270	1.176171	0.000291	39.076670	1.8
235	808.647479	1.176787	0.000291	49.956758	1.8
236	823.260129	1.171607	0.000291	57.163344	1.9
237	833.839078	1.181279	0.000291	75.720763	1.8
238	808.784770	1.172216	0.000291	96.697738	2.1
239	843.307569	1.303950	0.000289	39.749146	4.5
240	864.245760	1.306298	0.000289	82.105779	4.6
241	855.178391	1.307049	0.000289	67.550638	4.6
242	866.473750	1.357897	0.000288	46.828531	3.3
243	842.092418	1.351310	0.000289	38.560154	2.2
244	825.438186	1.345747	0.000289	54.002699	2.2
245	849.955434	1.348519	0.000289	64.003875	2.8
246	841.529929	1.352509	0.000289	26.458056	2.7
247	857.692465	1.348785	0.000289	35.650796	2.7
248	812.867068	1.345625	0.000289	110.051331	2.6
249	851.897699	1.340542	0.000289	75.415223	3.5
250	857.507295	1.508827	0.000287	86.979449	4.6
251	819.402252	1.498324	0.000287	39.273242	4.4
252	852.369817	1.490809	0.000287	75.537437	4.6
253	850.318805	1.496400	0.000287	47.018689	4.2
254	819.790988	1.490713	0.000287	66.806357	4.1
255	844.479405	1.507516	0.000287	92.847770	4.1
256	875.135871	1.505396	0.000287	74.361829	3.3
257	827.752240	1.609484	0.000285	32.690416	3.3
258	843.116245	1.605920	0.000285	72.213946	3.1
259	868.335333	1.606562	0.000285	75.824497	2.9
260	845.705823	1.674096	0.000284	31.080157	2.8
261	847.837500	1.667997	0.000285	42.253461	2.9
262	864.162982	1.665687	0.000285	68.576892	2.8
263	830.727025	1.674273	0.000284	25.902351	3.1
264	836.905631	1.674630	0.000284	45.253016	4.6
265	810.024574	1.673547	0.000284	113.276814	4.7
266	836.072712	1.723129	0.000284	32.564704	4.6
267	808.059140	1.718397	0.000284	44.584913	3.7
268	875.411261	1.719779	0.000284	25.595711	4.4
269	830.386401	1.717202	0.000284	43.566353	4.4
270	863.206343	1.715701	0.000284	58.759043	3.3
271	832.196424	1.708177	0.000284	58.133196	3.2
272	824.151834	1.699822	0.000284	92.388191	3.2
273	838.205708	1.738921	0.000284	61.491737	2.7
274	840.945692	1.804686	0.000283	40.126160	2.7
275	823.207231	1.807791	0.000283	35.759218	2.7
276	814.188283	1.806333	0.000283	34.601038	2.7
277	846.639853	1.803908	0.000283	70.803373	2.3
278	842.515388	1.799959	0.000283	61.368924	2.4
279	815.010663	1.834539	0.000282	46.679836	2.4
280	841.160992	1.828138	0.000283	74.825295	2.3
281	841.988854	1.838951	0.000282	34.271896	2.0
282	830.640205	1.842630	0.000282	43.498011	2.1
283	867.074787	1.838706	0.000282	45.252250	2.0
284	822.727223	1.837911	0.000282	55.649266	2.2
285	863.585026	1.831381	0.000282	36.138912	4.7
286	863.949651	1.831642	0.000282	33.193574	4.4
287	822.015432	1.826906	0.000283	46.654031	2.0
288	803.102095	1.821881	0.000283	38.840336	2.4
289	847.450598	1.826061	0.000283	79.904658	2.3
290	832.982245	1.829558	0.000282	66.166086	2.3
291	810.952751	1.861925	0.000282	33.646019	2.3
292	905.430008	1.858930	0.000282	22.424608	2.2
293	822.704596	1.856406	0.000282	58.353821	1.9
294	826.329735	1.854824	0.000282	53.812989	1.9
295	841.485414	1.854921	0.000282	46.808051	2.0
296	857.972081	1.864250	0.000282	44.582422	1.9
297	887.752875	1.857641	0.000282	39.377993	1.9
298	834.088435	1.861971	0.000282	48.318526	1.9
299	824.715858	1.856597	0.000282	54.531753	1.9
300	833.755232	1.854835	0.000282	30.125346	1.9
301	857.548760	1.849552	0.000282	45.945560	1.9
302	835.184358	1.849244	0.000282	32.083479	1.9
303	832.271286	1.845748	0.000282	46.780286	1.9
304	777.419148	1.840714	0.000282	29.533451	1.9
305	833.118744	1.840301	0.000282	62.328463	1.9
306	856.062357	1.841871	0.000282	26.179718	1.9
307	841.846128	1.844697	0.000282	50.073153	2.2
308	845.998394	1.845528	0.000282	55.213977	4.0
309	838.826345	1.856214	0.000282	63.646112	2.4
310	870.259099	1.847409	0.000282	49.036603	2.4
311	836.621699	1.866143	0.000282	49.222559	1.9
312	824.684773	1.859435	0.000282	36.530306	3.3
313	799.289126	1.867094	0.000282	65.341551	4.6
314	833.797134	1.860995	0.000282	56.924739	4.4
315	829.938894	1.870537	0.000282	44.645872	4.2
316	843.378488	1.873155	0.000282	50.472593	3.9
317	871.386522	1.867232	0.000282	19.535855	3.1
318	862.521567	1.866767	0.000282	52.896141	3.3
319	824.121543	1.866090	0.000282	31.529955	3.1
320	859.026523	1.869337	0.000282	39.913890	2.7
321	854.134850	1.866379	0.000282	61.445367	2.7
322	824.860984	1.859016	0.000282	26.375379	2.7
323	853.549940	1.859213	0.000282	55.709846	2.4
324	814.393572	1.861770	0.000282	31.750334	2.6
325	862.229957	1.863139	0.000282	86.647643	2.3
326	863.677661	1.856226	0.000282	83.848452	2.3
327	823.441778	2.020371	0.000280	56.078693	2.4
328	834.946847	2.030363	0.000280	26.242585	2.1
329	849.893906	2.031342	0.000280	39.321997	2.3
330	820.782985	2.029274	0.000280	62.196209	2.1
331	830.487703	2.027429	0.000280	32.279580	3.1
332	842.036548	2.033356	0.000280	46.143955	1.9
333	824.978170	2.030016	0.000280	53.497073	2.1
334	808.269997	2.041712	0.000280	46.642937	2.3
335	807.010042	2.052185	0.000280	34.228996	1.9
336	824.464315	2.046843	0.000280	53.228147	2.2
337	777.429702	2.045864	0.000280	32.824103	2.1
338	833.836550	2.046562	0.000280	37.377742	2.1
339	798.825384	2.044602	0.000280	20.033538	2.0
340	846.309307	2.042460	0.000280	27.569856	2.0
341	862.649382	2.040374	0.000280	62.142747	1.9
342	859.693737	2.044475	0.000280	31.298486	2.0
343	851.608582	2.039159	0.000280	76.190525	1.9
344	843.415970	2.052037	0.000280	86.402439	3.6
345	811.849688	2.042288	0.000280	71.773351	2.3
346	801.575735	2.113733	0.000279	28.523490	2.0
347	866.234320	2.116813	0.000279	49.710288	2.0
348	854.739974	2.113478	0.000279	61.212403	2.0
349	856.650916	2.130198	0.000279	73.779287	2.0
350	864.707477	2.129088	0.000279	90.086182	2.3
351	835.706286	2.275285	0.000277	39.495634	1.8
352	814.415550	2.272267	0.000277	80.171621	1.8
353	859.087239	2.274266	0.000277	87.640675	1.9
354	815.891543	2.465264	0.000275	42.066977	1.8
355	863.524356	2.456143	0.000275	91.263580	1.8
356	843.864912	2.448622	0.000275	59.475649	1.8
357	786.581596	2.521379	0.000274	34.240762	1.9
358	841.251668	2.516514	0.000274	61.708037	1.8
359	837.745078	2.517874	0.000274	55.597702	2.0
360	802.050367	2.533041	0.000274	53.653027	4.4
361	798.776762	2.535089	0.000274	62.746480	4.4
362	851.564933	2.544251	0.000274	34.163636	4.3
363	862.965207	2.539173	0.000274	34.775752	3.0
364	801.793595	2.535057	0.000274	46.242184	2.2
365	830.748024	2.542053	0.000274	62.781564	2.2
366	825.608153	2.557533	0.000274	33.508428	2.3
367	836.717339	2.552922	0.000274	84.985530	2.6
368	834.309348	2.565919	0.000274	48.171262	2.6
369	821.593578	2.596695	0.000273	65.521760	2.6
370	820.771795	2.590357	0.000273	55.804652	2.5
371	842.547428	2.602006	0.000273	30.736953	2.1
372	827.268759	2.605784	0.000273	72.301627	2.1
373	834.597885	2.608084	0.000273	40.868583	2.0
374	791.305616	2.609609	0.000273	52.135888	2.0
375	839.492623	2.611439	0.000273	31.384676	2.1
376	820.418845	2.607630	0.000273	106.017401	2.1
377	861.433164	2.611387	0.000273	50.931650	2.2
378	826.566631	2.694436	0.000272	46.328290	2.1
379	831.458907	2.687314	0.000272	17.436706	2.2
380	840.322799	2.685472	0.000272	36.632821	2.3
381	864.279838	2.683771	0.000272	72.173938	2.4
382	806.717678	2.676976	0.000272	62.754328	2.3
383	827.583153	2.721966	0.000272	28.642228	2.3
384	792.134448	2.717340	0.000272	31.715502	2.0
385	854.662093	2.715344	0.000272	40.799157	1.9
386	859.976026	2.720401	0.000272	69.698947	1.8
387	783.939914	2.712421	0.000272	28.525945	1.9
388	808.765310	2.718234	0.000272	77.407919	1.9
389	813.245001	2.712010	0.000272	21.072775	1.9
390	812.975926	2.718574	0.000272	82.023438	2.0
391	844.102450	2.723626	0.000272	32.067228	2.2
392	815.125016	2.716439	0.000272	28.924509	2.1
393	819.198395	2.717724	0.000272	86.185098	2.0
394	852.312898	2.711294	0.000272	29.046025	1.9
395	847.337860	2.705379	0.000272	49.691774	1.9
396	845.482247	2.705836	0.000272	31.073239	2.1
397	819.663802	2.706599	0.000272	19.575909	4.4
398	841.611357	2.705119	0.000272	43.942662	2.1
399	837.665456	2.702585	0.000272	46.972642	2.1
400	815.520311	2.700242	0.000272	39.711666	2.1
401	835.554326	2.698868	0.000272	57.896450	2.2
402	865.178561	2.706621	0.000272	21.432652	2.1
403	838.350058	2.702757	0.000272	47.794582	2.0
404	823.175910	2.704569	0.000272	71.405823	2.0
405	868.395898	2.734896	0.000272	50.850557	1.9
406	815.820327	2.725864	0.000272	26.240807	2.0
407	859.845923	2.722422	0.000272	101.377617	3.3
408	815.386658	2.738855	0.000272	58.522081	4.6
409	822.163630	2.729068	0.000272	72.262470	2.0
410	813.720938	2.780883	0.000271	36.614053	1.9
411	784.297766	2.774065	0.000271	32.639951	2.1
412	807.573752	2.773529	0.000271	78.697791	1.9
413	806.363612	2.788522	0.000271	48.110851	2.5
414	797.990447	2.824271	0.000271	51.229944	1.8
415	812.616482	2.836732	0.000271	26.926690	1.9
416	813.048317	2.842947	0.000270	65.834439	1.8
417	824.532483	2.839294	0.000271	60.177042	2.0
418	859.486237	2.886482	0.000270	39.008323	1.9
419	811.088894	2.894645	0.000270	63.548782	1.9
420	820.934132	2.912432	0.000270	40.236688	1.8
421	850.032000	2.917915	0.000270	68.839966	1.9
422	824.288802	2.919403	0.000270	52.825796	3.2
423	790.725227	2.913900	0.000270	88.657497	4.7
424	827.127817	2.958490	0.000269	30.910063	4.5
425	819.670474	2.976649	0.000269	48.253516	4.5
426	863.505551	2.971721	0.000269	71.626398	3.5
427	842.472905	2.963489	0.000269	38.202861	2.8
428	849.036699	2.980749	0.000269	34.282800	2.8
429	785.346164	2.978715	0.000269	39.244840	2.8
430	844.796368	2.981147	0.000269	20.610985	2.6
431	833.153035	2.982330	0.000269	88.146964	2.7
432	831.076407	2.985419	0.000269	75.922578	2.6
433	808.531295	3.151200	0.000267	65.416137	2.6
434	823.399448	3.144269	0.000267	46.844706	4.5
435	847.259623	3.170163	0.000267	15.971411	4.6
436	849.160854	3.168892	0.000267	18.014424	2.9
437	838.349403	3.167897	0.000267	56.530656	2.8
438	824.508957	3.170505	0.000267	55.195217	2.8
439	807.061353	3.174310	0.000267	27.642637	2.8
440	797.775549	3.181401	0.000267	54.543742	2.2
441	830.719249	3.189035	0.000267	52.204183	2.3
442	805.270624	3.213012	0.000266	78.378989	2.2
443	829.984908	3.213871	0.000266	88.934941	2.1
444	795.649278	3.306799	0.000265	76.310966	2.0
445	884.991513	3.449616	0.000264	16.290240	2.0
446	824.011619	3.452514	0.000264	16.244551	2.0
447	819.909668	3.452214	0.000264	39.838516	1.9
448	850.166070	3.451179	0.000264	36.384905	2.0
449	813.443174	3.456311	0.000264	48.799885	1.9
450	825.722969	3.454587	0.000264	77.468881	1.9
451	831.057691	3.491831	0.000263	47.159742	1.9
452	825.166491	3.483921	0.000263	36.099206	1.9
453	837.772860	3.483978	0.000263	55.407803	3.9
454	859.349850	3.479792	0.000263	24.293804	2.0
455	791.942079	3.474780	0.000264	58.187186	1.9
456	822.972737	3.469950	0.000264	46.833003	1.9
457	827.730282	3.490632	0.000263	48.664937	1.9
458	869.105499	3.507169	0.000263	15.808118	1.9
459	841.793457	3.504136	0.000263	37.643287	2.0
460	814.070895	3.505755	0.000263	45.819628	2.0
461	801.780908	3.499867	0.000263	34.940405	2.2
462	829.088750	3.494126	0.000263	17.515169	2.1
463	829.903990	3.491658	0.000263	64.338433	2.0
464	828.582796	3.493545	0.000263	28.458823	1.9
465	795.125409	3.488074	0.000263	37.419676	1.9
466	834.965981	3.490988	0.000263	53.393086	1.8
467	790.368666	3.484525	0.000263	59.498110	1.9
468	866.279018	3.498036	0.000263	37.739731	1.9
469	826.194696	3.491590	0.000263	13.232549	1.9
470	820.030810	3.492913	0.000263	18.076453	1.9
471	828.370754	3.493165	0.000263	71.951149	1.8
472	848.037518	3.498815	0.000263	59.909657	1.8
473	824.310796	3.528356	0.000263	20.635820	1.8
474	835.251125	3.524406	0.000263	28.294671	1.8
475	847.678537	3.522845	0.000263	20.859263	1.9
476	870.988221	3.524176	0.000263	43.310782	1.9
477	854.803637	3.521071	0.000263	46.206610	2.0
478	828.794852	3.514825	0.000263	102.439848	1.9
479	829.520355	3.561898	0.000263	47.941189	2.0
480	847.911715	3.599166	0.000262	18.566158	2.0
481	805.072025	3.600421	0.000262	42.517895	2.2
482	847.643906	3.600186	0.000262	53.183533	1.9
483	819.164274	3.617104	0.000262	43.517276	1.9
484	788.572545	3.632826	0.000262	23.194114	5.4
485	806.173589	3.635460	0.000262	14.869121	1.9
486	832.224890	3.635412	0.000262	42.245150	1.9
487	787.849792	3.634359	0.000262	22.091286	2.0
488	794.490312	3.635713	0.000262	19.113693	2.3
489	867.316015	3.634645	0.000262	13.970697	2.3
490	851.472423	3.633360	0.000262	74.829978	2.3
491	824.550611	3.635125	0.000262	24.636258	2.2
492	877.028404	3.633279	0.000262	27.570616	1.9
493	848.089462	3.631501	0.000262	75.008753	2.2
494	819.669465	3.634671	0.000262	61.304330	4.7
495	829.180392	3.644920	0.000262	38.234383	4.4
496	838.115116	3.642561	0.000262	25.917738	4.3
497	850.451984	3.639148	0.000262	44.928618	4.5
498	844.306644	3.640636	0.000262	62.684639	4.0
499	848.116734	3.665038	0.000261	52.110059	3.8
500	833.606692	3.701374	0.000261	43.631287	3.5
501	794.102377	3.715518	0.000261	36.363877	3.5
502	821.338828	3.712770	0.000261	36.351156	3.7
503	793.480565	3.719289	0.000261	10.141692	3.5
504	819.838208	3.719359	0.000261	53.445029	3.4
505	867.984643	3.720125	0.000261	19.306276	3.6
506	834.090333	3.718285	0.000261	36.564748	2.7
507	824.513753	3.716910	0.000261	32.286632	2.7
508	839.059383	3.712530	0.000261	61.099340	3.2
509	850.422470	3.718265	0.000261	39.348441	2.3
510	823.129810	3.716961	0.000261	35.731242	2.3
511	842.776501	3.722835	0.000261	82.372621	2.3
512	888.220648	3.728233	0.000261	30.276102	2.5
513	822.730992	3.721601	0.000261	73.742098	4.5
514	831.949877	3.737284	0.000261	37.176837	4.5
515	845.461788	3.741050	0.000261	26.525615	4.6
516	826.049301	3.741549	0.000261	59.709954	4.3
517	822.431497	3.748521	0.000261	67.412796	4.4
518	787.968715	3.750939	0.000261	32.426905	4.2
519	831.484199	3.750780	0.000261	57.258490	4.0
520	835.970700	3.752969	0.000261	52.863522	3.2
521	856.801772	3.780641	0.000260	59.577646	3.1
522	818.079449	3.807725	0.000260	101.208494	3.1
523	869.400395	3.926816	0.000259	93.773043	2.7
524	782.974872	4.391467	0.000254	45.213473	2.7
525	808.539522	4.445946	0.000253	34.362107	2.7
526	814.104779	4.451256	0.000253	17.565229	2.6
527	818.732883	4.452871	0.000253	24.298641	2.2
528	832.411428	4.454541	0.000253	66.434656	2.2
529	831.257231	4.460272	0.000253	25.486583	2.2
530	834.111265	4.465869	0.000253	17.041678	2.2
531	851.548757	4.464985	0.000253	57.970983	2.1
532	832.011740	4.464734	0.000253	22.661647	2.0
533	823.214806	4.469664	0.000253	22.446243	2.0
534	822.870312	4.467290	0.000253	102.877467	2.0
535	812.114532	4.463363	0.000253	63.543702	2.0
536	796.090793	4.607349	0.000252	64.932205	2.0
537	823.756403	4.601414	0.000252	71.712043	1.9
538	822.285462	4.591547	0.000252	39.114033	2.0
539	870.866167	4.613028	0.000252	23.363981	2.0
540	813.894598	4.610479	0.000252	12.453093	2.0
541	819.550327	4.609848	0.000252	40.644997	1.9
542	811.492071	4.610138	0.000252	41.181097	1.9
543	845.117244	4.606290	0.000252	70.207934	2.0
544	858.408992	4.630829	0.000252	51.277869	2.0
545	815.469502	4.649895	0.000251	40.735388	1.9
546	845.978284	4.657911	0.000251	25.035293	1.9
547	805.182954	4.655922	0.000251	51.701772	1.9
548	807.830975	4.655318	0.000251	27.606792	1.9
549	842.820073	4.659070	0.000251	31.735900	1.9
550	865.224978	4.656150	0.000251	41.926678	2.6
551	836.786452	4.653471	0.000251	25.404350	2.0
552	790.416234	4.652133	0.000251	24.876401	2.0
553	821.132325	4.654285	0.000251	35.184466	1.9
554	841.342431	4.651028	0.000251	64.642206	2.0
555	819.664841	4.653251	0.000251	34.258948	2.0
556	880.209934	4.648803	0.000251	55.244813	2.0
557	800.043417	4.660236	0.000251	27.289332	1.8
558	825.518327	4.654587	0.000251	23.336770	1.8
559	800.811141	4.652757	0.000251	70.561753	1.8
560	804.853723	4.648267	0.000251	78.181365	2.2
561	810.796941	4.756335	0.000250	28.266300	1.9
562	827.621136	4.751176	0.000250	35.476536	2.2
563	823.013103	4.749602	0.000250	18.289477	4.0
564	834.199208	4.750964	0.000250	35.996897	1.9
565	867.379826	4.749455	0.000250	56.946717	1.9
566	792.662869	4.761631	0.000250	21.055050	2.1
567	849.519805	4.758091	0.000250	28.440149	2.7
568	813.332948	4.758423	0.000250	19.601076	2.1
569	806.414222	4.757072	0.000250	14.966120	2.0
570	818.626188	4.756959	0.000250	56.246620	2.0
571	829.270077	4.757203	0.000250	22.016634	2.0
572	839.276951	4.754620	0.000250	58.155426	6.7
573	808.639012	4.755391	0.000250	28.849757	2.5
574	822.075062	4.763744	0.000250	24.579504	5.0
575	823.902131	4.761882	0.000250	40.629188	4.6
576	843.201115	4.764969	0.000250	21.440977	4.5
577	809.761451	4.767666	0.000250	16.863177	4.5
578	809.613885	4.767319	0.000250	39.668985	3.3
579	811.609740	4.768365	0.000250	58.957820	3.4
580	869.173435	4.768597	0.000250	36.465029	3.5
581	816.021011	4.765765	0.000250	74.558344	3.5
582	811.855196	4.771875	0.000250	55.509496	4.0
583	831.351109	4.810305	0.000250	31.571882	4.3
584	857.562904	4.805716	0.000250	40.733565	4.1
585	842.803491	4.811862	0.000250	48.731581	4.0
586	804.927881	4.825456	0.000250	28.814898	3.1
587	816.010377	4.822554	0.000250	42.289279	3.2
588	841.329316	4.818732	0.000250	28.454073	3.1
589	854.632077	4.813880	0.000250	58.800503	2.5
590	831.696796	4.814265	0.000250	51.774015	2.6
591	806.974848	4.846071	0.000250	63.693080	2.6
592	796.261181	4.837569	0.000250	41.746896	2.5
593	799.361752	4.859154	0.000249	11.366386	2.4
594	848.927165	4.859845	0.000249	47.403050	2.4
595	819.598944	4.860440	0.000249	33.858290	2.4
596	822.873528	4.870426	0.000249	23.127090	2.4
597	815.203838	4.867547	0.000249	54.490920	2.3
598	882.612339	4.863181	0.000249	53.868464	2.3
599	821.398838	4.854909	0.000249	46.195233	2.3
600	833.211115	4.868250	0.000249	36.857503	2.3
601	818.256638	4.863367	0.000249	47.940327	2.1
602	841.337394	4.858294	0.000249	22.339268	2.0
603	834.880226	4.857878	0.000249	53.444224	2.1
604	834.582737	4.856211	0.000249	31.427127	2.0
605	854.375868	4.851953	0.000249	8.274839	2.1
606	837.611547	4.852162	0.000249	58.391971	2.2
607	815.364617	4.850263	0.000249	41.288952	2.2
608	841.601744	4.846438	0.000250	19.198062	2.2
609	841.967536	4.849838	0.000249	40.501545	2.2
610	836.183383	4.847888	0.000250	60.164663	2.3
611	842.146758	4.868361	0.000249	19.886183	2.4
612	840.542057	4.867208	0.000249	49.709822	2.4
613	842.564545	4.863965	0.000249	39.354532	2.5
614	847.601281	4.879448	0.000249	45.291925	2.3
615	815.722437	4.884737	0.000249	25.247367	2.2
616	869.094665	4.880999	0.000249	42.877631	2.2
617	790.763862	4.886237	0.000249	39.808464	2.3
618	832.976486	4.886073	0.000249	33.927217	4.2
619	842.028792	4.881262	0.000249	50.875251	4.2
620	804.714221	4.892392	0.000249	37.191666	4.3
621	806.018878	4.894445	0.000249	23.976543	3.1
622	814.327129	4.896923	0.000249	26.829810	3.1
623	833.430966	4.897715	0.000249	61.512049	3.3
624	847.697458	4.908969	0.000249	47.903128	3.5
625	812.088026	4.932338	0.000249	18.965281	3.6
626	806.330048	4.929105	0.000249	36.820748	4.7
627	830.153889	4.931153	0.000249	9.773491	4.8
628	833.487519	4.930974	0.000249	19.559135	3.9
629	815.864624	4.930621	0.000249	62.791484	4.6
630	819.505262	4.934442	0.000249	41.415155	4.5
631	831.807632	4.930840	0.000249	31.184793	3.5
632	816.891380	4.939288	0.000249	21.250355	3.5
633	839.763312	4.938081	0.000249	35.950502	4.7
634	826.363963	4.934956	0.000249	68.260918	2.6
635	796.333403	4.958383	0.000248	54.763004	2.7
636	848.132198	4.950084	0.000249	20.770770	2.7
637	800.479878	4.955450	0.000248	17.690973	2.3
638	823.221230	4.956086	0.000248	68.871363	2.9
639	841.208882	4.956451	0.000248	61.002604	2.6
640	823.649461	5.014639	0.000248	83.402300	2.2
641	817.360150	5.012456	0.000248	57.877184	2.3
642	875.130614	5.058122	0.000247	45.401772	2.5
643	852.053045	5.075108	0.000247	51.452286	2.5
644	825.965983	5.081177	0.000247	44.058975	2.5
645	816.325924	5.086697	0.000247	32.048407	2.3
646	833.113779	5.093662	0.000247	19.200299	2.2
647	841.995804	5.095862	0.000247	87.354875	2.1
648	790.082905	5.090418	0.000247	75.379456	2.2
649	838.683285	5.235490	0.000246	77.535743	2.2
650	809.210380	5.263277	0.000246	82.417582	2.0
651	822.085690	5.410219	0.000244	56.041699	2.0
652	825.032580	5.401939	0.000244	26.138194	2.1
653	805.928962	5.397009	0.000244	21.239934	2.0
654	834.976223	5.396355	0.000244	17.254111	2.3
655	844.513502	5.396929	0.000244	24.307644	2.1
656	845.448020	5.396857	0.000244	31.276921	2.0
657	818.078113	5.394324	0.000244	16.853362	2.3
658	799.994377	5.394886	0.000244	36.313313	2.0
659	817.179269	5.397170	0.000244	23.220915	4.4
660	825.374150	5.397199	0.000244	48.636094	2.0
661	864.877337	5.397732	0.000244	38.318507	1.9
662	848.231830	5.406698	0.000244	54.898464	2.0
663	802.689844	5.401574	0.000244	37.662484	2.2
664	839.689845	5.395000	0.000244	45.281820	2.2
665	810.769038	5.390209	0.000244	74.042118	2.2
666	820.419949	5.421176	0.000244	43.461149	2.3
667	808.987926	5.453689	0.000244	17.100802	2.2
668	855.825676	5.457213	0.000244	73.592821	2.1
669	811.862883	5.459998	0.000244	36.095958	2.1
670	832.186428	5.463362	0.000244	51.749158	2.1
671	841.574110	5.464289	0.000244	30.421311	2.1
672	784.892040	5.468998	0.000244	38.032110	2.2
673	817.708464	5.465335	0.000244	19.915910	2.1
674	790.284342	5.462421	0.000244	20.995892	2.1
675	810.840450	5.463864	0.000244	36.158269	2.2
676	830.513061	5.461431	0.000244	17.298344	2.1
677	797.442162	5.459115	0.000244	64.912229	2.3
678	804.437264	5.458650	0.000244	29.411568	2.3
679	798.481218	5.472982	0.000244	43.069115	2.3
680	835.148920	5.467997	0.000244	27.903547	2.3
681	797.346057	5.464129	0.000244	54.283369	1.9
682	816.358067	5.460237	0.000244	6.747317	1.9
683	805.480031	5.459384	0.000244	20.066951	1.9
684	811.489732	5.459590	0.000244	36.910626	1.9
685	853.974482	5.456891	0.000244	19.862563	1.9
686	842.953269	5.459433	0.000244	31.815423	1.9
687	809.568437	5.457643	0.000244	32.997146	1.9
688	828.254544	5.457871	0.000244	26.745255	1.9
689	816.749179	5.461885	0.000244	29.626822	1.9
690	858.246288	5.465047	0.000244	54.547390	1.9
691	824.342895	5.470772	0.000244	24.099480	1.9
692	837.970576	5.479131	0.000244	66.573003	2.1
693	855.204047	5.490697	0.000243	42.098655	1.9
694	820.037020	5.500758	0.000243	70.050895	2.0
695	817.967222	5.498049	0.000243	54.699787	1.9
696	817.479834	5.492335	0.000243	43.732168	1.9
697	848.415523	5.506910	0.000243	42.335874	2.0
698	835.205394	5.504020	0.000243	42.689009	2.0
699	808.597483	5.500632	0.000243	32.482785	2.0
700	849.719080	5.506647	0.000243	55.781692	1.9
701	826.134546	5.501608	0.000243	29.349926	2.0
702	843.543491	5.505789	0.000243	63.223170	1.9
703	775.109201	5.502726	0.000243	21.861382	1.8
704	859.412026	5.508450	0.000243	51.405672	1.8
705	831.846860	5.506287	0.000243	26.914008	1.9
706	826.783329	5.504307	0.000243	74.612168	2.1
707	840.046177	5.518668	0.000243	53.974334	4.7
708	808.933315	5.515034	0.000243	29.547420	2.0
709	810.427974	5.526760	0.000243	20.247489	1.9
710	820.971879	5.525050	0.000243	18.259779	1.9
711	829.934793	5.524157	0.000243	58.927885	2.1
712	845.730437	5.528304	0.000243	33.851154	2.1
713	834.671929	5.544598	0.000243	54.216416	2.1
714	860.962951	5.558480	0.000243	29.449548	2.2
715	830.275150	5.553817	0.000243	38.453079	3.2
716	809.442854	5.550599	0.000243	81.415714	2.1
717	812.212271	5.549292	0.000243	27.519500	2.2
718	862.142204	5.567818	0.000243	55.814244	2.2
719	848.804846	5.578614	0.000243	34.345482	2.1
720	805.138401	5.588872	0.000243	45.746151	2.1
721	840.236234	5.584213	0.000243	76.571929	3.6
722	832.612750	5.581848	0.000243	19.484693	4.3
723	854.146041	5.577762	0.000243	32.172090	2.0
724	826.452711	5.580104	0.000243	31.248783	1.9
725	800.842580	5.580657	0.000243	60.413159	2.0
726	853.501481	5.594663	0.000243	41.229684	2.2
727	810.927366	5.593113	0.000243	58.940801	2.4
728	816.721389	5.597684	0.000242	67.454448	2.0
729	811.760954	5.655070	0.000242	28.960956	1.9
730	830.457823	5.662040	0.000242	47.194946	1.9
731	859.128888	5.666053	0.000242	49.804362	1.9
732	791.990871	5.658619	0.000242	16.822338	1.9
733	839.658472	5.659869	0.000242	29.187337	1.9
734	831.273724	5.659519	0.000242	58.370928	1.8
735	865.354919	5.656294	0.000242	35.108818	2.6
736	851.689336	5.658915	0.000242	37.072592	1.9
737	826.265596	5.660800	0.000242	69.484845	1.9
738	855.305129	5.653147	0.000242	58.690376	2.0
739	848.751302	5.709989	0.000241	13.103907	1.8
740	864.029786	5.709050	0.000241	71.118857	1.9
741	805.097289	5.711096	0.000241	66.718264	1.8
742	850.100036	5.701403	0.000242	104.204313	1.9
743	816.807777	5.840998	0.000240	43.755824	1.9
744	798.698156	5.898893	0.000240	23.079642	2.0
745	866.213853	5.902619	0.000240	88.086613	1.9
746	813.580130	5.914031	0.000240	35.788847	1.9
747	805.451433	5.931655	0.000239	36.981927	1.9
748	853.738156	5.932161	0.000239	32.293187	2.0
749	813.074045	5.933971	0.000239	41.528330	1.9
750	845.432494	5.938719	0.000239	60.349604	1.9
751	852.484292	5.952216	0.000239	32.413740	1.8
752	855.282766	5.966881	0.000239	51.956474	1.9
753	846.807899	5.961398	0.000239	26.925018	1.8
754	862.922626	5.964093	0.000239	72.800811	1.8
755	826.225060	5.959581	0.000239	26.802934	1.9
756	817.899078	5.964659	0.000239	21.764989	1.9
757	827.221518	5.962256	0.000239	64.962742	1.9
758	828.347909	5.957542	0.000239	34.509609	1.9
759	826.139964	5.951529	0.000239	24.688945	1.9
760	808.768534	5.956288	0.000239	31.288677	1.9
761	830.651567	5.958279	0.000239	50.773369	1.9
762	847.422534	5.965230	0.000239	40.311832	1.9
763	819.225697	5.959178	0.000239	28.960716	1.9
764	793.028987	5.962078	0.000239	59.978419	1.9
765	851.975468	5.960336	0.000239	73.334734	2.0
766	830.069535	5.990363	0.000239	31.722094	2.0
767	814.213967	5.983628	0.000239	37.652442	2.0
768	855.493340	5.981099	0.000239	109.669716	2.0
769	827.099615	6.000622	0.000239	20.418209	2.0
770	856.165595	5.999272	0.000239	61.864178	1.9
771	799.199555	5.997304	0.000239	25.109909	1.8
772	825.538295	6.004264	0.000239	29.366179	1.9
773	829.482026	6.003372	0.000239	50.512883	1.9
774	848.305106	5.998877	0.000239	54.245266	1.8
775	864.703132	6.007186	0.000239	59.680890	1.9
776	823.945250	5.999156	0.000239	47.394885	1.9
777	814.126153	6.017052	0.000239	28.011476	1.9
778	835.015623	6.017690	0.000239	54.121131	1.9
779	811.761465	6.018032	0.000239	40.833095	1.8
780	820.070848	6.035741	0.000239	33.689136	1.8
781	864.347319	6.030951	0.000239	57.870764	1.8
782	853.704850	6.029973	0.000239	28.487217	1.9
783	789.135154	6.038890	0.000239	65.345649	1.9
784	810.818225	6.034508	0.000239	40.451167	1.9
785	834.345307	6.053197	0.000238	72.649446	1.9
786	815.846402	6.080608	0.000238	51.682650	1.9
787	823.005901	6.113702	0.000238	45.248242	2.0
788	801.335996	6.106342	0.000238	26.222734	1.9
789	836.160874	6.104161	0.000238	109.956667	2.0
790	816.341129	6.106402	0.000238	30.283552	2.4
791	802.795149	6.099180	0.000238	88.288867	4.4
792	813.690654	6.105680	0.000238	34.354248	4.4
793	800.168571	6.105357	0.000238	32.709112	3.7
794	805.467176	6.102732	0.000238	22.385713	2.3
795	833.341574	6.103516	0.000238	36.121334	2.3
796	819.284568	6.103688	0.000238	98.056935	2.3
797	821.111085	6.137023	0.000238	19.546889	2.6
798	841.554629	6.148525	0.000238	26.658512	2.6
799	807.266247	6.150989	0.000238	68.216423	2.7
800	811.618685	6.163888	0.000237	44.409346	2.3
801	839.012774	6.155482	0.000237	18.121965	2.2
802	821.604474	6.155772	0.000237	78.712763	2.3
803	841.056804	6.154353	0.000238	47.884984	2.2
804	825.518691	6.176176	0.000237	34.448332	4.0
805	801.832705	6.187818	0.000237	107.679508	2.1
806	828.174174	6.190346	0.000237	88.606881	2.1
807	828.616866	6.693114	0.000233	44.527301	2.2
808	841.168121	6.708785	0.000233	65.359754	2.1
809	838.110708	6.740290	0.000232	31.570618	2.1
810	802.747380	6.740871	0.000232	24.215314	2.2
811	815.338055	6.740051	0.000232	26.130598	2.2
812	823.310035	6.743527	0.000232	47.534053	2.2
813	834.393527	6.745684	0.000232	77.963697	2.2
814	810.827717	6.736654	0.000233	37.167711	2.1
815	845.481916	6.766543	0.000232	63.873968	2.2
816	831.229749	6.760057	0.000232	35.464915	2.4
817	816.594590	6.778914	0.000232	22.471723	4.6
818	845.865376	6.777168	0.000232	32.771708	4.4
819	846.807360	6.778996	0.000232	61.940818	4.5
820	796.620695	6.792060	0.000232	25.407542	3.3
821	821.944923	6.786394	0.000232	48.963427	3.3
822	790.671041	6.781912	0.000232	43.718983	2.4
823	805.135484	6.800549	0.000232	64.068325	2.6
824	825.418667	6.796244	0.000232	27.135005	4.3
825	824.531512	6.793467	0.000232	28.652243	2.7
826	808.722162	6.791540	0.000232	14.709176	3.3
827	821.372419	6.793742	0.000232	70.467439	2.4
828	886.280067	6.794350	0.000232	13.875666	2.3
829	788.490005	6.794973	0.000232	29.610590	2.6
830	808.154167	6.794389	0.000232	34.271035	4.3
831	806.900243	6.796758	0.000232	49.034177	4.7
832	833.812505	6.796660	0.000232	43.691051	4.7
833	845.622986	6.814845	0.000232	38.253200	4.6
834	823.136513	6.809323	0.000232	28.614071	4.7
835	847.130819	6.813534	0.000232	29.642235	4.6
836	806.010129	6.818279	0.000232	55.927079	3.8
837	810.302434	6.817739	0.000232	44.051346	4.1
838	824.960329	6.839820	0.000232	20.999589	4.4
839	813.653412	6.842180	0.000232	68.814346	4.9
840	861.065144	6.851392	0.000232	40.108493	4.6
841	814.691598	6.871909	0.000231	57.673912	4.7
842	823.153492	6.866714	0.000231	13.145260	4.5
843	801.535798	6.864002	0.000231	32.965432	4.4
844	834.697633	6.865775	0.000231	61.779242	4.5
845	811.517712	6.861625	0.000231	24.014477	3.8
846	792.403504	6.859247	0.000231	45.668181	3.3
847	830.684813	6.856112	0.000232	32.479054	3.2
848	811.646349	6.855604	0.000232	64.923451	3.0
849	821.469678	6.864171	0.000231	18.752020	2.8
850	813.903635	6.862164	0.000231	27.586533	2.8
851	797.329608	6.864214	0.000231	18.079217	2.8
852	790.977141	6.866255	0.000231	26.211730	2.3
853	804.764474	6.864383	0.000231	18.730714	2.5
854	815.194714	6.864265	0.000231	42.237637	3.7
855	776.694720	6.866086	0.000231	36.258395	2.4
856	829.746222	6.862647	0.000231	19.631066	2.4
857	854.643124	6.859979	0.000231	59.562994	2.5
858	869.441006	6.861837	0.000231	42.660707	2.4
859	829.982441	6.859394	0.000231	39.980512	2.4
860	857.956350	6.853271	0.000232	54.852989	2.0
861	821.952453	6.854591	0.000232	38.259248	2.0
862	838.649010	6.848892	0.000232	40.330292	2.1
863	828.225817	6.857707	0.000232	30.924982	2.1
864	793.696696	6.866355	0.000231	50.247441	2.1
865	823.705115	6.876170	0.000231	30.172819	2.0
866	815.724241	6.878510	0.000231	59.938844	2.0
867	806.782932	6.888147	0.000231	45.527134	2.2
868	816.023400	6.881836	0.000231	51.995580	4.7
869	816.269966	6.902385	0.000231	44.260277	4.4
870	831.448305	6.901956	0.000231	54.739370	4.2
871	796.322382	6.919218	0.000231	41.563766	3.7
872	807.394806	6.923226	0.000231	31.011410	3.6
873	837.139989	6.931055	0.000231	9.462407	3.5
874	827.495548	6.929901	0.000231	31.642508	3.4
875	843.608865	6.928611	0.000231	44.388012	3.6
876	791.602166	6.928858	0.000231	36.596006	2.8
877	816.048732	6.941279	0.000231	21.603938	3.0
878	806.729975	6.942675	0.000231	20.011870	3.4
879	825.365992	6.942148	0.000231	36.710750	2.7
880	834.515385	6.942862	0.000231	20.767915	2.3
881	823.291504	6.941613	0.000231	32.442477	2.4
882	832.264557	6.941241	0.000231	33.395514	2.2
883	831.211990	6.940010	0.000231	32.001063	2.1
884	821.930221	6.946130	0.000231	51.738030	2.2
885	816.040689	6.940384	0.000231	56.452091	4.6
886	816.728628	6.954577	0.000231	67.068537	4.7
887	808.988263	6.988809	0.000230	40.031004	3.3
888	814.314063	6.982821	0.000230	37.288293	2.7
889	816.288815	6.981531	0.000230	12.071422	2.4
890	823.762160	6.980505	0.000230	21.382828	2.9
891	789.923113	6.980266	0.000230	20.356061	2.8
892	836.329156	6.981888	0.000230	12.167333	3.2
893	824.777742	6.980684	0.000230	8.530830	2.5
894	802.052161	6.980920	0.000230	73.980836	2.3
895	802.783221	6.981091	0.000230	31.391534	2.2
896	835.688345	6.994035	0.000230	37.236642	2.4
897	809.278196	6.990278	0.000230	28.924341	2.3
898	819.411100	6.992277	0.000230	13.055382	2.1
899	808.395948	6.993008	0.000230	52.407110	2.0
900	824.136995	6.995314	0.000230	57.261380	2.0
901	814.297172	7.007440	0.000230	44.279134	2.1
902	799.805667	7.003544	0.000230	70.668233	2.2
903	792.659882	7.039480	0.000230	21.205704	2.6
904	816.338595	7.037170	0.000230	42.764308	2.1
905	843.452488	7.034759	0.000230	62.262006	4.6
906	793.636490	7.060401	0.000230	33.899900	4.6
907	820.768666	7.055988	0.000230	79.357432	4.7
908	841.441221	7.061488	0.000230	17.458120	4.5
909	875.671607	7.067522	0.000230	27.652689	4.5
910	861.657522	7.065412	0.000230	24.114648	4.4
911	808.768974	7.064091	0.000230	45.535489	4.4
912	815.921704	7.071011	0.000230	27.839689	3.8
913	791.530162	7.070306	0.000230	33.835748	3.2
914	806.046423	7.069691	0.000230	47.990930	3.2
915	843.561081	7.064243	0.000230	47.915146	3.0
916	803.618294	7.078638	0.000230	23.952773	2.6
917	836.266870	7.082000	0.000230	42.130100	2.5
918	805.554060	7.080335	0.000230	24.554053	2.5
919	815.427655	7.081178	0.000230	53.207524	2.3
920	836.194003	7.080009	0.000230	35.686795	2.2
921	789.865689	7.088353	0.000230	38.126821	2.2
922	840.094056	7.083453	0.000230	17.480998	2.2
923	836.100829	7.087272	0.000230	42.272944	2.1
924	820.902413	7.089097	0.000230	42.192717	2.3
925	849.352230	7.102399	0.000229	51.538832	2.3
926	812.817589	7.105700	0.000229	26.433527	2.3
927	831.881282	7.106451	0.000229	32.273696	2.3
928	828.772087	7.104514	0.000229	78.319451	2.2
929	795.896387	7.123001	0.000229	7.107614	2.2
930	845.588720	7.123004	0.000229	68.831140	2.1
931	823.452083	7.121365	0.000229	85.097028	2.1
932	814.224658	7.269290	0.000228	37.713929	2.1
933	860.978432	7.288718	0.000228	67.221406	2.0
934	825.744471	7.282138	0.000228	46.610602	2.0
935	774.970952	7.285740	0.000228	22.514260	2.1
936	828.292591	7.284153	0.000228	68.321347	2.0
937	806.031205	7.280458	0.000228	20.880474	2.1
938	799.533854	7.285752	0.000228	36.770224	2.1
939	830.344572	7.286187	0.000228	21.253323	4.5
940	838.091765	7.284808	0.000228	94.124737	4.2
941	812.874224	7.297284	0.000228	59.289819	4.0
942	805.479827	7.307360	0.000228	70.625465	4.0
943	850.584224	7.340924	0.000228	79.272141	3.4
944	853.065683	7.354584	0.000227	27.110174	3.2
945	791.614538	7.365960	0.000227	43.058116	3.1
946	794.507683	7.366346	0.000227	22.050304	2.8
947	833.174603	7.365304	0.000227	72.690588	2.7
948	851.204879	7.360263	0.000227	79.743803	3.9
949	816.030595	7.496902	0.000226	15.624858	4.5
950	798.650080	7.493368	0.000226	36.299067	2.2
951	838.163377	7.496484	0.000226	15.684839	2.2
952	830.744953	7.497557	0.000226	24.797719	2.9
953	825.853268	7.496551	0.000226	16.716128	2.3
954	826.494815	7.498865	0.000226	7.729016	2.3
955	820.283304	7.498447	0.000226	25.745410	2.4
956	832.698189	7.497962	0.000226	28.225549	3.2
957	824.686483	7.500398	0.000226	57.210430	2.4
958	830.656083	7.507156	0.000226	57.382535	2.4
959	788.939089	7.540661	0.000226	32.371781	4.6
960	799.714404	7.541673	0.000226	63.077644	4.4
961	816.807266	7.549584	0.000226	67.988835	2.7
962	833.555533	7.564728	0.000226	28.398552	2.7
963	779.244344	7.565853	0.000226	64.758232	2.4
964	843.478174	7.581078	0.000226	107.174235	2.5
965	806.720296	7.792554	0.000224	56.093749	3.5
966	844.822929	7.851842	0.000224	15.178257	2.4
967	830.997451	7.851096	0.000224	49.638196	4.1
968	829.540358	7.848975	0.000224	35.039249	2.3
969	787.003277	7.860102	0.000223	30.061231	2.2
970	821.824302	7.856080	0.000223	38.427405	2.0
971	848.230105	7.856183	0.000223	21.772948	2.4
972	792.008343	7.852799	0.000224	38.133550	4.6
973	812.118071	7.857451	0.000223	34.979884	4.4
974	832.759004	7.853667	0.000224	52.688425	2.3
975	803.377316	7.848635	0.000224	16.299333	2.4
976	797.524781	7.848846	0.000224	80.333296	2.4
977	858.444966	7.850923	0.000224	47.976045	2.8
978	823.367796	7.842946	0.000224	19.163949	2.8
979	821.807987	7.847738	0.000224	27.288098	2.9
980	814.380982	7.846128	0.000224	28.415614	4.6
981	821.380626	7.848946	0.000224	23.940840	4.7
982	798.206021	7.847182	0.000224	49.128548	3.7
983	848.858277	7.848957	0.000224	10.970287	4.0
984	806.549706	7.848730	0.000224	38.330477	3.9
985	811.163112	7.849044	0.000224	30.853983	3.1
986	851.196600	7.854135	0.000224	28.173458	3.0
987	839.774024	7.850789	0.000224	62.032416	3.1
988	841.408998	7.853559	0.000224	12.491710	3.6
989	838.903325	7.856443	0.000223	26.085866	3.2
990	823.626574	7.857048	0.000223	41.978398	4.9
991	833.908150	7.861915	0.000223	26.393214	4.6
992	815.883067	7.858409	0.000223	24.761893	4.2
993	808.914863	7.861779	0.000223	39.236327	2.7
994	820.391380	7.867179	0.000223	36.239282	3.0
995	853.502636	7.866939	0.000223	35.886158	3.1
996	832.462423	7.868730	0.000223	80.597791	2.9
997	863.441046	7.884196	0.000223	27.923851	2.4
998	838.248948	7.880113	0.000223	16.983515	2.3
999	801.797793	7.881538	0.000223	47.741860	2.4
1000	806.067095	7.882366	0.000223	28.793728	3.0
1001	830.269547	7.880131	0.000223	56.653332	2.1
1002	833.035963	7.878633	0.000223	53.728257	2.1
1003	836.970306	7.908131	0.000223	24.980862	2.2
1004	828.743496	7.908974	0.000223	33.468572	2.1
1005	843.942184	7.908776	0.000223	49.928273	2.1
1006	808.593218	7.904189	0.000223	7.960455	2.0
1007	848.422644	7.902638	0.000223	51.621449	2.0
1008	828.281606	7.904428	0.000223	28.273250	2.0
1009	834.941672	7.908970	0.000223	26.937810	2.0
1010	830.396767	7.912588	0.000223	53.783367	2.2
1011	832.884779	7.907434	0.000223	53.798617	4.4
1012	822.070679	7.917630	0.000223	36.084256	4.6
1013	826.086790	7.927862	0.000223	25.203183	4.7
1014	842.802044	7.932185	0.000223	76.105236	4.0
1015	827.676227	7.925666	0.000223	17.655456	4.0
1016	828.431389	7.923627	0.000223	103.492198	4.2
1017	819.442245	7.923598	0.000223	39.411874	4.4
1018	803.140662	7.922939	0.000223	22.305723	4.4
1019	803.310292	7.923160	0.000223	37.153021	4.4
1020	837.606761	7.920897	0.000223	62.911378	3.2
1021	828.780657	7.925327	0.000223	77.827255	3.4
1022	854.239580	8.007430	0.000222	95.764894	3.2
1023	806.186997	8.124704	0.000221	31.205326	2.8
1024	840.871392	8.149284	0.000221	61.785670	2.8
1025	838.190108	8.163280	0.000221	66.851003	2.8
1026	806.895420	8.155162	0.000221	108.572241	2.5
1027	802.871692	8.247830	0.000221	65.687411	3.7
1028	825.504060	8.237269	0.000221	16.389606	4.7
1029	808.295904	8.236132	0.000221	67.234482	4.6
1030	806.655205	8.237841	0.000221	37.770496	3.9
1031	826.492948	8.242918	0.000221	34.062593	2.8
1032	814.312653	8.250427	0.000220	28.485449	2.9
1033	841.058304	8.252260	0.000220	24.327059	3.2
1034	805.099127	8.249723	0.000220	12.690779	3.0
1035	831.740710	8.250947	0.000220	27.416058	3.2
1036	836.564409	8.252227	0.000220	31.764883	3.2
1037	854.158910	8.254649	0.000220	31.590280	3.1
1038	812.012550	8.253685	0.000220	28.646464	2.4
1039	860.386951	8.258799	0.000220	26.548967	2.5
1040	829.396813	8.257516	0.000220	20.386287	2.5
1041	805.531366	8.256027	0.000220	55.237203	2.4
1042	846.165865	8.261477	0.000220	44.447169	2.4
1043	814.049227	8.263417	0.000220	62.076527	2.1
1044	793.518904	8.269083	0.000220	14.577182	2.1
1045	861.267210	8.266906	0.000220	18.022103	2.1
1046	837.110976	8.267439	0.000220	26.285626	2.1
1047	848.665471	8.269442	0.000220	36.582920	2.0
1048	805.958471	8.275316	0.000220	19.053947	2.0
1049	847.726894	8.275872	0.000220	53.414183	2.0
1050	790.925511	8.281387	0.000220	49.799441	2.0
1051	852.037461	8.273936	0.000220	60.607840	2.0
1052	796.132212	8.306002	0.000220	56.099992	2.0
1053	825.108204	8.297081	0.000220	16.849334	2.1
1054	830.561271	8.300135	0.000220	42.879099	2.1
1055	823.363490	8.300089	0.000220	17.012386	2.0
1056	807.455530	8.297546	0.000220	38.984077	1.9
1057	838.871855	8.298027	0.000220	41.932137	1.9
1058	837.153472	8.308951	0.000220	17.888873	1.9
1059	831.117059	8.312452	0.000220	67.570369	1.9
1060	791.300561	8.312368	0.000220	53.696181	2.0
1061	816.299083	8.357723	0.000220	43.911402	1.9
1062	800.299109	8.351050	0.000220	29.505183	2.0
1063	850.861773	8.347427	0.000220	41.568851	1.9
1064	814.401677	8.347664	0.000220	65.830055	1.9
1065	798.484220	8.369823	0.000220	35.130851	2.0
1066	831.848135	8.363508	0.000220	41.859832	2.1
1067	819.497461	8.372743	0.000220	42.594967	4.5
1068	780.932069	8.381003	0.000220	22.886362	4.4
1069	831.701503	8.378509	0.000220	26.450064	3.8
1070	852.976124	8.376712	0.000220	43.103987	3.9
1071	822.991891	8.380088	0.000220	15.350944	4.5
1072	837.032220	8.377803	0.000220	60.344192	2.8
1073	794.254721	8.377630	0.000220	80.908540	2.8
1074	841.357657	8.370596	0.000220	119.864087	2.9
1075	840.329356	8.904282	0.000216	25.868565	2.9
1076	804.426657	8.898004	0.000216	28.784337	2.9
1077	765.803832	8.898049	0.000216	55.309238	4.7
1078	832.362750	8.895865	0.000216	78.174688	4.6
1079	830.309494	8.916603	0.000216	41.598846	4.7
1080	814.149004	8.921608	0.000216	27.377551	4.6
1081	821.086973	8.927030	0.000215	42.887141	3.4
1082	850.865179	8.931678	0.000215	43.602635	2.9
1083	840.978735	8.926436	0.000216	25.441776	2.9
1084	822.381904	8.923523	0.000216	91.097215	2.8
1085	809.678865	8.920607	0.000216	23.037683	2.9
1086	813.959475	8.923194	0.000216	43.295667	2.4
1087	802.648217	8.920564	0.000216	12.496826	2.3
1088	820.327054	8.921157	0.000216	47.982382	2.3
1089	800.458415	8.921336	0.000216	67.985649	2.3
1090	824.409511	8.950419	0.000215	63.528880	2.1
1091	858.547015	8.942082	0.000215	34.098570	3.5
1092	801.256680	8.960250	0.000215	53.796863	4.6
1093	842.420562	8.955774	0.000215	59.955828	2.0
1094	812.534119	8.985305	0.000215	42.131061	2.0
1095	807.276019	9.006988	0.000215	43.270758	2.0
1096	836.084983	9.005030	0.000215	33.354752	2.0
1097	766.894749	9.001680	0.000215	59.161868	2.0
1098	808.021728	8.997315	0.000215	49.673361	2.0
1099	839.874829	9.027972	0.000215	51.957558	1.9
1100	802.045560	9.020209	0.000215	46.034256	3.2
1101	830.314741	9.038293	0.000215	95.046521	2.5
1102	844.417679	9.043809	0.000215	69.813790	2.0
1103	805.753697	9.245471	0.000213	23.968422	1.9
1104	827.956702	9.245155	0.000213	57.354727	1.9
1105	815.572904	9.253981	0.000213	33.923786	3.1
1106	812.528513	9.262999	0.000213	38.298936	1.9
1107	797.046745	9.270691	0.000213	31.613488	2.3
1108	855.441298	9.270280	0.000213	42.567990	2.0
1109	798.543423	9.279551	0.000213	17.904025	2.0
1110	826.978261	9.276366	0.000213	45.616003	2.0
1111	778.596441	9.273265	0.000213	17.379740	1.9
1112	853.512320	9.270593	0.000213	28.283873	1.9
1113	803.434254	9.270915	0.000213	26.269203	1.9
1114	793.704628	9.272984	0.000213	22.159858	1.9
1115	816.548061	9.272388	0.000213	33.011307	1.9
1116	797.891726	9.274671	0.000213	25.409808	2.0
1117	826.257391	9.279048	0.000213	16.060427	2.0
1118	823.011242	9.280322	0.000213	77.842303	2.0
1119	785.768503	9.279394	0.000213	33.476165	1.9
1120	827.964788	9.288163	0.000213	49.821748	2.0
1121	845.060134	9.282716	0.000213	55.424928	2.0
1122	797.430966	9.275809	0.000213	51.282420	1.8
1123	816.209844	9.293931	0.000213	25.505391	1.9
1124	789.792562	9.291642	0.000213	24.222569	1.9
1125	822.084164	9.290273	0.000213	27.852387	1.9
1126	829.092508	9.289127	0.000213	77.106102	1.9
1127	809.993826	9.293300	0.000213	42.290197	1.9
1128	845.097806	9.317220	0.000213	26.721368	1.9
1129	799.347311	9.318628	0.000213	18.360609	1.8
1130	811.881714	9.321206	0.000213	38.606222	1.8
1131	823.576727	9.323663	0.000213	69.099112	1.8
1132	815.194480	9.340922	0.000213	26.221521	1.9
1133	832.786827	9.346074	0.000213	59.113284	2.0
1134	874.027814	9.351898	0.000212	41.270545	4.4
1135	787.550890	9.368415	0.000212	57.400301	4.5
1136	814.851501	9.364746	0.000212	82.943470	4.4
1137	857.606827	9.449663	0.000212	43.390752	4.4
1138	834.768799	9.472719	0.000212	43.019673	4.2
1139	809.910716	9.469954	0.000212	27.624231	4.3
1140	824.657562	9.468972	0.000212	6.726782	3.3
1141	834.554102	9.468948	0.000212	41.318738	3.3
1142	793.937590	9.469708	0.000212	24.282511	3.2
1143	837.570759	9.469974	0.000212	58.048809	2.9
1144	818.232974	9.469543	0.000212	26.811592	2.7
1145	831.367286	9.464424	0.000212	48.518329	2.6
1146	826.063189	9.465694	0.000212	55.628255	2.6
1147	818.640591	9.474989	0.000212	65.349600	2.3
1148	791.297596	9.480418	0.000212	33.286855	2.3
1149	789.842416	9.496250	0.000211	34.880486	2.3
1150	859.981941	9.502100	0.000211	37.115617	2.3
1151	845.253090	9.510529	0.000211	55.636276	2.3
1152	807.376872	9.525664	0.000211	62.094197	1.9
1153	815.614958	9.535601	0.000211	62.068140	1.9
1154	790.596157	9.550855	0.000211	78.268069	2.2
1155	782.817060	9.570821	0.000211	41.327516	2.0
1156	838.291814	9.569830	0.000211	38.098395	1.9
1157	795.095389	9.579287	0.000211	26.800897	1.9
1158	784.697595	9.585850	0.000211	64.793140	1.9
1159	826.279201	9.599629	0.000211	59.067077	1.9
1160	824.698249	9.604424	0.000211	59.629830	1.9
1161	852.377663	9.650127	0.000210	21.179289	2.0
1162	822.641773	9.650712	0.000210	82.110271	2.0
1163	830.649870	9.651434	0.000210	12.957987	1.9
1164	808.119939	9.650600	0.000210	58.009952	2.0
1165	840.315975	9.650492	0.000210	14.544219	1.9
1166	823.371443	9.648180	0.000210	24.229145	1.9
1167	792.564466	9.648372	0.000210	83.378709	1.9
1168	872.922726	9.652518	0.000210	33.879089	1.9
1169	787.216312	9.680229	0.000210	21.473333	1.8
1170	818.740805	9.683672	0.000210	47.328618	1.9
1171	813.114213	9.688548	0.000210	43.178569	2.2
1172	861.515543	9.683512	0.000210	54.185014	2.0
1173	827.647017	9.701482	0.000210	51.303524	1.9
1174	820.176973	9.698859	0.000210	57.807486	1.9
1175	799.231670	9.724920	0.000210	35.358620	1.9
1176	814.515521	9.730370	0.000210	39.833206	1.9
1177	812.920372	9.731769	0.000210	36.094372	3.4
1178	800.599277	9.729994	0.000210	32.006239	4.3
1179	819.699908	9.726138	0.000210	34.626089	4.3
1180	800.429603	9.728826	0.000210	53.199291	4.2
1181	841.686894	9.741251	0.000210	45.960246	2.6
1182	807.391548	9.764900	0.000210	42.383253	3.0
1183	789.579061	9.765310	0.000210	25.979220	4.2
1184	839.733549	9.772258	0.000210	26.631681	2.8
1185	852.742953	9.776272	0.000210	36.908143	2.9
1186	770.906074	9.777909	0.000210	49.600317	2.9
1187	793.314028	9.791171	0.000209	21.390802	3.0
1188	808.078548	9.796973	0.000209	26.951479	2.2
1189	846.205716	9.799887	0.000209	30.484008	2.3
1190	836.386724	9.799082	0.000209	39.169933	2.3
1191	799.530758	9.804907	0.000209	101.523686	2.3
1192	829.687809	9.817185	0.000209	25.733788	2.1
1193	828.382814	9.818332	0.000209	42.370777	2.0
1194	830.937414	9.817995	0.000209	31.472720	2.0
1195	873.324224	9.812961	0.000209	15.371974	2.1
1196	828.338192	9.811341	0.000209	36.376154	2.1
1197	818.115177	9.814323	0.000209	42.629020	2.0
1198	797.379614	9.822117	0.000209	34.232541	2.0
1199	840.456194	9.831138	0.000209	46.750457	2.0
1200	837.722823	9.843584	0.000209	19.160510	2.0
1201	809.465407	9.842063	0.000209	78.597729	2.0
1202	830.752107	9.843100	0.000209	61.809985	1.9
1203	808.296101	9.906611	0.000209	62.740772	1.9
1204	804.244312	9.916948	0.000209	58.961376	1.9
1205	836.237304	9.968488	0.000208	77.425582	1.9
1206	872.363535	10.045774	0.000208	67.823673	1.9
1207	811.500090	10.136981	0.000207	55.003422	1.9
1208	766.446031	10.134481	0.000207	31.115732	1.9
1209	830.916965	10.139218	0.000207	25.955454	1.8
1210	798.803988	10.136177	0.000207	55.416267	2.4
1211	795.126941	10.131105	0.000207	27.563439	2.4
1212	825.950513	10.139396	0.000207	74.674614	1.9
1213	818.410353	10.134238	0.000207	30.133618	2.0
1214	789.068126	10.142948	0.000207	104.278423	2.2
1215	813.891431	10.174650	0.000207	9.021381	4.1
1216	798.014787	10.174847	0.000207	31.547601	2.1
1217	839.331099	10.175382	0.000207	46.491217	2.3
1218	839.936518	10.169952	0.000207	17.995698	2.0
1219	782.638268	10.173577	0.000207	50.143696	2.0
1220	827.262079	10.170115	0.000207	13.062442	3.1
1221	810.441908	10.173805	0.000207	46.840086	1.9
1222	826.394438	10.172768	0.000207	19.948124	2.0
1223	846.374650	10.169768	0.000207	83.754343	1.9
1224	842.447439	10.164946	0.000207	95.291745	2.0
1225	809.024228	10.461666	0.000205	13.482305	2.1
1226	796.751292	10.462905	0.000205	67.001302	2.0
1227	863.114828	10.460923	0.000205	48.325033	2.0
1228	807.463291	10.500526	0.000205	66.165262	2.1
1229	813.575717	10.519781	0.000205	30.883264	2.0
1230	829.481889	10.532914	0.000205	40.848594	1.9
1231	810.730106	10.534243	0.000205	28.255084	1.9
1232	810.910397	10.533142	0.000205	39.417577	2.8
1233	798.487221	10.530918	0.000205	22.259561	1.9
1234	838.000950	10.534631	0.000205	34.297800	1.9
1235	783.918048	10.537866	0.000204	65.123625	1.8
1236	813.774390	10.534725	0.000205	79.932515	2.4
1237	808.748273	10.638841	0.000204	15.816225	1.9
1238	814.405326	10.638561	0.000204	42.461915	2.8
1239	826.109151	10.638724	0.000204	18.646775	2.0
1240	832.320468	10.636002	0.000204	39.002028	2.8
1241	804.174539	10.632885	0.000204	14.565746	2.1
1242	792.054741	10.630800	0.000204	131.876703	4.2
1243	819.951605	10.638739	0.000204	69.398798	3.8
1244	853.220480	10.904950	0.000202	28.142732	3.9
1245	816.455460	10.901201	0.000202	19.000885	3.6
1246	833.372328	10.904334	0.000202	18.464852	4.8
1247	829.087695	10.903186	0.000202	51.199209	4.9
1248	824.496375	10.907938	0.000202	14.345083	4.3
1249	816.153344	10.904904	0.000202	22.306811	4.2
1250	808.343174	10.905033	0.000202	34.652522	3.8
1251	816.142728	10.907773	0.000202	19.748826	6.2
1252	834.663479	10.911753	0.000202	41.459820	2.5
1253	802.866740	10.908731	0.000202	40.271633	2.5
1254	817.517790	10.908077	0.000202	40.942339	2.5
1255	836.979177	10.909644	0.000202	51.473309	2.5
1256	843.863310	10.903282	0.000202	29.167572	2.6
1257	837.487731	10.907297	0.000202	27.580586	4.7
1258	847.846148	10.909617	0.000202	14.916475	3.6
1259	840.314140	10.909246	0.000202	57.708745	4.7
1260	870.224339	10.907848	0.000202	65.363790	4.5
1261	809.719016	10.927138	0.000202	40.879274	4.4
1262	815.709071	10.920756	0.000202	56.218546	3.1
1263	832.174480	10.920272	0.000202	22.708556	3.4
1264	837.961129	10.919330	0.000202	33.961634	4.8
1265	826.789672	10.922565	0.000202	30.937466	4.8
1266	825.982354	10.922321	0.000202	38.028563	4.2
1267	811.152800	10.923614	0.000202	41.924028	4.1
1268	816.341316	10.921227	0.000202	31.595549	3.5
1269	830.842132	10.926129	0.000202	42.654238	3.2
1270	834.028843	10.928458	0.000202	33.391843	3.1
1271	836.717067	10.927947	0.000202	56.698337	3.1
1272	811.711225	10.922834	0.000202	31.139002	3.0
1273	803.984952	10.933989	0.000202	50.052429	2.9
1274	863.195333	10.945712	0.000202	58.364723	3.7
1275	831.278754	10.967462	0.000202	46.578151	4.5
1276	801.971336	10.990904	0.000202	44.658902	4.5
1277	803.683923	10.988392	0.000202	43.863767	3.2
1278	838.600775	10.993097	0.000202	76.609731	3.3
1279	823.297208	10.999271	0.000202	29.240430	3.3
1280	854.451137	11.017437	0.000201	34.451520	2.9
1281	857.047839	11.015307	0.000201	46.124018	2.7
1282	829.791320	11.023834	0.000201	52.645335	2.8
1283	840.575031	11.019630	0.000201	27.444078	2.6
1284	794.762296	11.022533	0.000201	8.976750	2.4
1285	820.942964	11.021703	0.000201	29.620060	2.5
1286	840.766229	11.022024	0.000201	58.602159	3.6
1287	866.202635	11.035954	0.000201	55.554172	2.4
1288	795.421828	11.039936	0.000201	28.705078	2.3
1289	815.685954	11.040585	0.000201	33.752608	2.3
1290	865.325513	11.038537	0.000201	74.506682	2.3
1291	820.164156	11.056332	0.000201	58.099613	2.2
1292	796.331167	11.050101	0.000201	30.904361	2.1
1293	800.841568	11.053430	0.000201	36.290547	2.1
1294	838.186710	11.049995	0.000201	28.459561	2.1
1295	808.280271	11.048918	0.000201	52.905863	2.1
1296	816.549573	11.046145	0.000201	38.423726	2.0
1297	815.604138	11.040739	0.000201	21.421375	2.0
1298	802.941808	11.044002	0.000201	26.046451	2.0
1299	866.942446	11.045118	0.000201	44.688972	2.0
1300	817.365241	11.041111	0.000201	56.914710	2.0
1301	827.754212	11.041371	0.000201	23.904116	2.3
1302	816.086245	11.038447	0.000201	46.940108	4.8
1303	815.458342	11.035215	0.000201	30.440555	5.0
1304	847.278610	11.038484	0.000201	59.393354	4.3
1305	795.061134	11.048097	0.000201	31.432979	4.3
1306	835.656793	11.042178	0.000201	33.051794	4.0
1307	869.241228	11.046839	0.000201	46.628977	3.9
1308	818.487813	11.045405	0.000201	28.907157	3.4
1309	778.646119	11.052529	0.000201	45.227782	3.6
1310	838.861561	11.048126	0.000201	83.127822	4.0
1311	819.708040	11.042397	0.000201	16.525652	3.7
1312	826.515270	11.044620	0.000201	44.957279	3.9
1313	861.720411	11.042798	0.000201	63.793799	3.9
1314	835.587235	11.043937	0.000201	76.413382	2.9
1315	790.776135	11.084366	0.000201	18.328922	2.9
1316	844.764877	11.086967	0.000201	29.139886	2.8
1317	816.036817	11.085176	0.000201	65.914780	2.6
1318	853.016901	11.081079	0.000201	46.176135	2.6
1319	799.923669	11.108934	0.000201	62.538294	2.5
1320	827.513776	11.100995	0.000201	24.545077	4.0
1321	785.627254	11.106578	0.000201	60.445193	4.4
1322	800.892204	11.101647	0.000201	38.337911	4.4
1323	818.870883	11.096550	0.000201	22.417320	4.5
1324	826.576985	11.099704	0.000201	7.709875	4.5
1325	817.149448	11.098976	0.000201	12.597027	3.2
1326	803.540623	11.098716	0.000201	77.947857	3.3
1327	835.739297	11.095580	0.000201	39.375572	3.3
1328	834.124876	11.129214	0.000201	56.930295	2.6
1329	795.811234	11.150105	0.000201	13.221396	2.6
1330	805.798915	11.153098	0.000201	54.376737	2.5
1331	835.746705	11.150621	0.000201	56.115075	4.7
1332	840.624199	11.142735	0.000201	53.207215	4.8
1333	813.176084	11.134596	0.000201	70.440448	4.7
1334	787.506270	11.133670	0.000201	38.694864	5.0
1335	795.013153	11.161301	0.000201	22.161851	4.6
1336	813.868616	11.162934	0.000201	57.876683	3.5
1337	820.651305	11.167015	0.000200	26.223611	3.5
1338	829.368329	11.172254	0.000200	18.685472	4.3
1339	802.321805	11.173586	0.000200	21.907238	4.6
1340	814.653082	11.174253	0.000200	27.502615	4.3
1341	822.870828	11.171855	0.000200	43.779841	4.1
1342	838.260538	11.169950	0.000200	50.419143	4.8
1343	794.713255	11.176268	0.000200	11.240172	4.7
1344	828.728510	11.175078	0.000200	58.038769	4.5
1345	821.702011	11.174092	0.000200	44.605818	4.7
1346	830.249750	11.166743	0.000200	68.596551	4.6
1347	789.183617	11.179566	0.000200	50.058818	3.6
1348	848.248010	11.174030	0.000200	55.726449	3.4
1349	827.074797	11.179989	0.000200	49.374671	3.5
1350	853.833721	11.184229	0.000200	10.639191	2.9
1351	826.126502	11.186073	0.000200	53.004620	2.6
1352	800.276461	11.187487	0.000200	54.473768	2.7
1353	802.244403	11.199006	0.000200	35.877019	2.7
1354	788.007230	11.199284	0.000200	61.420393	2.8
1355	840.795038	11.194854	0.000200	21.092156	4.1
1356	831.226786	11.196037	0.000200	37.535275	4.6
1357	828.467205	11.194618	0.000200	49.789273	4.7
1358	846.528416	11.190358	0.000200	28.689445	3.7
1359	829.003277	11.200661	0.000200	29.465338	2.4
1360	811.162074	11.202753	0.000200	46.706276	2.4
1361	818.086383	11.206201	0.000200	29.528408	3.4
1362	789.107360	11.202444	0.000200	49.303200	2.6
1363	849.961120	11.208833	0.000200	19.672159	2.3
1364	824.105672	11.211576	0.000200	55.444758	2.3
1365	836.545795	11.215598	0.000200	70.915991	3.4
1366	818.249699	11.206957	0.000200	29.767976	2.3
1367	845.824884	11.200517	0.000200	83.717647	2.3
1368	848.615908	11.213989	0.000200	44.452374	4.6
1369	808.005446	11.207342	0.000200	80.863342	4.7
1370	789.784141	11.225418	0.000200	34.730740	4.7
1371	816.102381	11.217293	0.000200	35.042869	4.5
1372	814.450005	11.218646	0.000200	36.824217	4.3
1373	824.389147	11.224683	0.000200	43.927039	4.4
1374	837.745403	11.223551	0.000200	31.528392	3.3
1375	772.943304	11.228557	0.000200	25.677005	3.2
1376	823.866543	11.230526	0.000200	34.887824	3.2
1377	849.233946	11.229606	0.000200	56.127455	2.8
1378	781.249434	11.229576	0.000200	51.740324	2.7
1379	805.515624	11.228846	0.000200	49.083908	2.7
1380	823.079002	11.228870	0.000200	21.207442	2.6
1381	821.760015	11.226383	0.000200	42.279818	2.4
1382	825.142856	11.227810	0.000200	40.965345	2.4
1383	825.397509	11.225325	0.000200	31.440226	2.4
1384	817.203060	11.222562	0.000200	45.509922	2.3
1385	838.792885	11.225341	0.000200	23.250532	2.2
1386	794.257880	11.227892	0.000200	27.735950	2.2
1387	830.857690	11.227826	0.000200	18.896272	2.2
1388	854.309725	11.228637	0.000200	26.676175	2.1
1389	818.000567	11.226707	0.000200	43.694071	2.2
1390	818.401841	11.228443	0.000200	76.678287	2.2
1391	813.381124	11.259036	0.000200	78.349989	2.2
1392	861.929832	11.368979	0.000199	23.494784	2.2
1393	873.252524	11.372538	0.000199	70.080294	2.2
1394	853.965019	11.368810	0.000199	46.900036	2.0
1395	857.533595	11.378943	0.000199	32.170309	2.1
1396	837.264597	11.385629	0.000199	24.125052	2.1
1397	808.502671	11.383161	0.000199	28.540464	2.1
1398	844.770750	11.387215	0.000199	33.890455	2.1
1399	798.238472	11.383894	0.000199	61.191050	2.1
1400	835.522565	11.378729	0.000199	53.087356	2.2
1401	842.166304	11.400177	0.000199	30.349813	2.1
1402	816.432158	11.410477	0.000199	24.622857	2.1
1403	831.579045	11.408094	0.000199	53.638022	1.9
1404	824.867883	11.415476	0.000199	33.101351	2.0
1405	829.037605	11.414031	0.000199	43.528274	1.9
1406	841.182796	11.421923	0.000199	40.382783	1.9
1407	829.866341	11.416070	0.000199	40.752379	1.9
1408	826.039279	11.427121	0.000199	37.129446	2.2
1409	844.423323	11.430633	0.000199	40.005702	1.9
1410	825.120828	11.441247	0.000199	68.821476	1.9
1411	837.315618	11.447434	0.000199	34.299979	1.9
1412	827.534018	11.469117	0.000199	37.727541	1.9
1413	881.082226	11.476635	0.000199	45.054120	1.9
1414	826.844350	11.490191	0.000198	73.661782	1.9
1415	806.660580	11.502851	0.000198	50.175229	1.9
1416	788.650946	11.536878	0.000198	26.523941	1.9
1417	837.490258	11.532779	0.000198	30.077843	1.8
1418	787.040553	11.529540	0.000198	52.648613	1.9
1419	826.457548	11.524222	0.000198	82.482099	1.8
1420	831.456367	11.518149	0.000198	100.818553	1.9
1421	810.386738	11.507841	0.000198	54.957548	1.8
1422	834.736196	11.618741	0.000198	33.361523	1.9
1423	831.365306	11.612784	0.000198	25.776984	1.8
1424	832.051134	11.618273	0.000198	21.840996	1.8
1425	837.474559	11.620201	0.000198	26.710769	1.9
1426	821.241381	11.621613	0.000198	32.380136	1.9
1427	825.295316	11.619308	0.000198	24.195054	1.8
1428	786.991718	11.619326	0.000198	56.643713	1.8
1429	812.452206	11.622169	0.000198	40.153625	1.9
1430	801.792744	11.630817	0.000198	39.316658	1.9
1431	796.546050	11.626436	0.000198	58.072391	2.0
1432	839.256142	11.619152	0.000198	26.337956	1.9
1433	814.545475	11.616220	0.000198	68.501285	1.9
1434	845.069880	11.617496	0.000198	37.027537	1.9
1435	814.664482	11.626948	0.000198	70.507403	1.9
1436	829.828729	11.653382	0.000198	60.337167	1.9
1437	814.982217	11.644680	0.000198	34.791909	1.9
1438	850.968858	11.646635	0.000198	41.042272	1.9
1439	813.200332	11.642354	0.000198	56.832460	1.9
1440	802.562545	11.655937	0.000197	33.242111	2.0
1441	806.155163	11.669020	0.000197	20.003812	1.9
1442	827.975081	11.670274	0.000197	30.448133	1.9
1443	830.296130	11.671226	0.000197	95.224094	2.2
1444	838.942380	11.683391	0.000197	48.204013	1.9
1445	794.143654	11.738586	0.000197	56.796462	1.9
1446	789.276387	11.765099	0.000197	30.847451	1.9
1447	851.562915	11.764028	0.000197	69.492101	1.9
1448	814.554084	11.759002	0.000197	50.485771	4.2
1449	829.816556	11.786615	0.000197	52.394184	4.5
1450	838.570176	11.808590	0.000197	32.989094	4.1
1451	814.002723	11.817449	0.000197	19.646896	2.1
1452	844.143179	11.817933	0.000197	57.825827	5.2
1453	843.521589	11.820602	0.000196	47.069783	2.4
1454	840.209779	11.813012	0.000197	26.812539	2.5
1455	837.379770	11.812512	0.000197	70.429952	1.9
1456	832.523865	11.811430	0.000197	74.653935	2.7
1457	834.435438	11.893684	0.000196	76.946609	1.9
1458	791.676048	12.018568	0.000195	20.308026	1.8
1459	822.688827	12.022530	0.000195	36.645556	2.0
1460	849.011531	12.019552	0.000195	26.257322	4.2
1461	812.518288	12.019590	0.000195	43.467683	2.0
1462	793.253809	12.015236	0.000195	105.212493	2.4
1463	804.784316	12.073464	0.000195	44.151158	2.2
1464	827.585844	12.065249	0.000195	36.927071	5.0
1465	839.386162	12.067052	0.000195	43.170961	4.4
1466	831.017406	12.062732	0.000195	68.053477	4.2
1467	822.692490	12.071800	0.000195	42.641224	4.1
1468	836.882632	12.103167	0.000195	32.661658	3.3
1469	823.470083	12.097933	0.000195	62.259727	3.0
1470	800.902019	12.107824	0.000195	40.912019	3.1
1471	826.897230	12.112147	0.000195	49.807882	3.0
1472	852.172311	12.127333	0.000195	15.427049	2.7
1473	797.161622	12.125960	0.000195	14.201788	2.6
1474	814.566974	12.127064	0.000195	37.973406	3.7
1475	824.322002	12.130214	0.000195	18.607620	2.7
1476	808.744464	12.128302	0.000195	81.055687	2.6
1477	810.883109	12.137140	0.000195	35.173058	3.0
1478	791.892689	12.129152	0.000195	24.596611	4.6
1479	844.437458	12.134580	0.000195	42.499115	4.4
1480	836.804324	12.130368	0.000195	55.390642	4.3
1481	827.106953	12.148482	0.000195	23.446775	3.4
1482	857.425668	12.145069	0.000195	64.345429	3.3
1483	806.621352	12.156356	0.000195	30.325512	3.6
1484	798.385071	12.159014	0.000194	30.077851	3.5
1485	801.954350	12.161138	0.000194	41.459635	3.5
1486	826.046816	12.163676	0.000194	29.166990	2.6
1487	801.213897	12.170450	0.000194	45.234211	2.7
1488	830.857114	12.171208	0.000194	16.826442	2.7
1489	794.583785	12.172808	0.000194	26.813531	2.6
1490	860.179566	12.170821	0.000194	48.481655	2.3
1491	837.421940	12.166187	0.000194	78.047833	2.3
1492	830.449751	12.218944	0.000194	40.085302	2.5
1493	853.301505	12.249902	0.000194	26.527166	2.8
1494	783.415470	12.256788	0.000194	31.469489	2.3
1495	855.509419	12.253491	0.000194	23.066834	2.4
1496	838.233505	12.256762	0.000194	15.030515	4.7
1497	804.390033	12.255915	0.000194	55.843458	3.7
1498	788.248195	12.253450	0.000194	36.471866	2.6
1499	823.335014	12.257511	0.000194	111.309411	2.6
1500	822.208374	12.284036	0.000194	33.385036	2.6
1501	814.408124	12.313791	0.000194	32.735646	2.6
1502	788.601331	12.310471	0.000194	18.795684	3.8
1503	839.087426	12.308782	0.000194	44.573719	2.7
1504	779.080373	12.313974	0.000194	74.258545	2.7
1505	816.922356	12.307106	0.000194	25.361148	2.8
1506	846.828603	12.309046	0.000194	49.599635	3.0
1507	802.343957	12.305354	0.000194	33.867519	4.6
1508	839.197275	12.300377	0.000194	49.786612	4.7
1509	816.443718	12.303326	0.000194	38.647349	3.9
1510	824.748508	12.317518	0.000194	51.957751	3.4
1511	821.566523	12.312152	0.000194	66.054007	3.0
1512	830.654539	12.318183	0.000194	32.274427	3.5
1513	837.377235	12.312131	0.000194	30.632268	4.2
1514	829.226592	12.317678	0.000194	62.358749	4.8
1515	850.781012	12.311166	0.000194	16.825936	5.5
1516	821.213068	12.316551	0.000194	12.964514	5.3
1517	830.863766	12.316698	0.000194	65.335397	4.8
1518	806.362921	12.313857	0.000194	48.322699	4.8
1519	813.561120	12.305915	0.000194	52.197934	5.7
1520	803.571974	12.331448	0.000193	30.329826	4.4
1521	814.775504	12.328293	0.000194	55.623489	4.5
1522	824.677987	12.323371	0.000194	62.254252	4.4
1523	807.722644	12.364148	0.000193	57.438993	3.2
1524	817.525605	12.358967	0.000193	12.445784	3.5
1525	826.157755	12.356976	0.000193	25.464244	3.3
1526	827.327397	12.358709	0.000193	49.764523	4.4
1527	803.593131	12.361011	0.000193	40.263252	4.5
1528	837.522249	12.365789	0.000193	21.223903	3.6
1529	830.369420	12.364505	0.000193	26.987751	3.3
1530	855.470678	12.362648	0.000193	80.895229	3.3
1531	842.928267	12.373484	0.000193	46.344163	2.7
1532	802.807635	12.411538	0.000193	33.653434	2.7
1533	842.589454	12.412820	0.000193	23.550407	2.7
1534	825.701718	12.411096	0.000193	41.430422	2.7
1535	821.662957	12.407517	0.000193	20.350316	2.4
1536	811.911220	12.412427	0.000193	25.622097	2.4
1537	795.736678	12.410263	0.000193	19.418075	2.3
1538	836.591858	12.408791	0.000193	53.389396	2.4
1539	805.408629	12.412253	0.000193	46.883025	2.1
1540	814.247621	12.418742	0.000193	52.776543	2.0
1541	805.310115	12.421317	0.000193	16.861142	2.0
1542	813.353497	12.423120	0.000193	78.692893	2.1
1543	791.930781	12.432439	0.000193	61.363707	2.1
1544	806.710036	12.435183	0.000193	41.350480	2.0
1545	802.780514	12.455001	0.000193	29.701684	2.0
1546	836.388968	12.463291	0.000193	35.384417	2.0
1547	839.601815	12.460828	0.000193	36.288275	2.0
1548	771.494385	12.458216	0.000193	10.695066	2.0
1549	809.418771	12.457312	0.000193	9.818458	2.0
1550	781.388965	12.457682	0.000193	40.938849	2.2
1551	800.529252	12.458633	0.000193	38.188813	2.2
1552	780.454851	12.470414	0.000193	44.751072	1.9
1553	836.211091	12.482819	0.000193	35.260210	2.0
1554	810.802163	12.488286	0.000193	49.087261	1.9
1555	827.301198	12.482822	0.000193	78.495349	2.0
1556	828.345951	12.529977	0.000192	56.808898	1.9
1557	811.993476	12.541999	0.000192	55.052773	1.9
1558	835.502003	12.560523	0.000192	36.115634	1.9
1559	826.830349	12.572876	0.000192	22.924330	2.0
1560	834.411568	12.573939	0.000192	30.830438	2.0
1561	817.422919	12.572641	0.000192	40.393975	1.9
1562	836.967296	12.577546	0.000192	101.138132	1.9
1563	816.265492	12.593982	0.000192	53.656664	1.9
1564	797.363599	12.589657	0.000192	61.266218	1.9
1565	837.699338	12.604317	0.000192	19.647320	1.9
1566	825.198360	12.602626	0.000192	35.339821	1.9
1567	814.390088	12.606493	0.000192	44.004343	1.9
1568	805.857266	12.602766	0.000192	25.596381	1.9
1569	829.700652	12.604027	0.000192	78.473486	1.9
1570	825.776793	12.606696	0.000192	46.737273	1.9
1571	843.772376	12.603171	0.000192	15.098677	1.9
1572	787.523083	12.606306	0.000192	14.177996	1.9
1573	789.695586	12.605987	0.000192	31.529437	1.9
1574	818.502941	12.608214	0.000192	65.882608	1.9
1575	828.065971	12.613061	0.000192	59.087689	1.9
1576	846.902984	12.670481	0.000192	29.182490	1.9
1577	828.264580	12.682090	0.000191	28.466704	2.0
1578	862.862827	12.681665	0.000191	24.842454	1.9
1579	888.070997	12.679958	0.000191	95.962769	2.0
1580	810.060610	12.689391	0.000191	49.393066	2.0
1581	833.293730	12.758043	0.000191	66.696377	2.0
1582	828.569582	12.750345	0.000191	27.127469	2.0
1583	846.732656	12.755763	0.000191	57.522720	2.0
1584	857.814176	12.754713	0.000191	32.940309	2.1
1585	767.130370	12.758712	0.000191	30.654430	2.4
1586	827.830900	12.755361	0.000191	52.900976	2.1
1587	820.467195	12.750791	0.000191	23.625694	1.9
1588	848.531230	12.757940	0.000191	43.286796	1.9
1589	826.737886	12.755938	0.000191	55.833845	3.0
1590	840.572488	12.779154	0.000191	14.874504	4.5
1591	839.528626	12.775698	0.000191	90.855175	2.0
1592	831.427990	12.773696	0.000191	31.773811	2.0
1593	850.346129	12.767513	0.000191	72.377364	2.3
1594	862.108391	12.784082	0.000191	61.711330	2.1
1595	873.211061	12.776710	0.000191	53.363927	2.1
1596	853.463939	12.802570	0.000191	86.056292	2.1
1597	830.208356	12.795098	0.000191	36.671002	2.1
1598	813.752869	12.832453	0.000191	49.977241	3.1
1599	807.645964	12.844510	0.000191	24.829679	2.0
1600	822.380303	12.839793	0.000191	15.302784	2.0
1601	829.574259	12.838558	0.000191	90.688901	1.9
1602	846.453299	12.843722	0.000191	57.937284	1.9
1603	821.029096	12.870764	0.000190	52.470667	2.1
1604	772.103636	12.862370	0.000190	80.095364	4.8
1605	848.418445	12.893180	0.000190	73.205028	4.5
1606	811.373334	12.883087	0.000190	48.848183	4.6
1607	818.181376	12.919216	0.000190	46.287468	4.3
1608	826.977444	12.916186	0.000190	22.895121	4.3
1609	826.786998	12.918050	0.000190	55.689135	3.8
1610	793.904834	12.915800	0.000190	12.863928	3.1
1611	812.820216	12.917796	0.000190	31.138187	3.1
1612	860.098815	12.917064	0.000190	38.124239	3.8
1613	822.892942	12.912633	0.000190	27.176682	4.4
1614	814.340121	12.908697	0.000190	28.198588	4.3
1615	820.353116	12.905446	0.000190	47.098366	3.8
1616	838.983563	12.903097	0.000190	94.527645	3.8
1617	835.807236	12.967900	0.000190	43.595374	3.6
1618	798.920949	13.023183	0.000190	34.983104	2.8
1619	804.396533	13.030797	0.000190	39.576272	2.8
1620	834.244843	13.026399	0.000190	24.113279	2.8
1621	813.618234	13.032031	0.000190	85.252297	2.8
1622	839.069436	13.025550	0.000190	25.220580	2.7
1623	809.311730	13.020299	0.000190	32.930692	2.7
1624	820.752830	13.016869	0.000190	54.008048	2.7
1625	836.614517	13.028411	0.000190	49.934426	2.5
1626	822.384563	13.039753	0.000189	46.262755	2.5
1627	838.294664	13.032504	0.000190	42.209015	2.5
1628	824.844124	13.045781	0.000189	31.205820	2.5
1629	824.288697	13.041684	0.000189	36.270357	2.2
1630	826.725903	13.048454	0.000189	43.247333	2.3
1631	829.243754	13.056397	0.000189	39.056025	2.3
1632	842.794268	13.069142	0.000189	59.863418	2.3
1633	813.532173	13.068051	0.000189	33.157065	2.3
1634	808.135788	13.063671	0.000189	8.805517	2.2
1635	789.061132	13.063901	0.000189	14.066275	2.2
1636	834.884838	13.063769	0.000189	46.551926	2.7
1637	816.297477	13.067349	0.000189	25.137787	2.8
1638	860.453502	13.074615	0.000189	24.143153	2.2
1639	861.308278	13.071882	0.000189	67.115114	2.2
1640	822.512751	13.066698	0.000189	37.974261	2.1
1641	791.291175	13.060678	0.000189	35.639928	2.1
1642	782.731182	13.056733	0.000189	61.997908	2.1
1643	834.750437	13.065641	0.000189	15.160527	2.1
1644	809.243676	13.068177	0.000189	26.650492	2.2
1645	794.354939	13.066812	0.000189	60.255924	2.1
1646	822.163449	13.076576	0.000189	21.793511	2.1
1647	853.085624	13.074327	0.000189	22.798134	1.9
1648	798.441030	13.076813	0.000189	38.995364	1.9
1649	828.824418	13.074149	0.000189	87.052966	1.9
1650	798.342130	13.097167	0.000189	34.330812	1.9
1651	824.179926	13.093005	0.000189	39.447161	1.9
1652	812.525735	13.092201	0.000189	77.985106	1.9
1653	842.040311	13.109055	0.000189	56.762076	1.9
1654	833.716123	13.100495	0.000189	31.201345	2.2
1655	823.292959	13.112479	0.000189	16.805112	1.9
1656	817.809653	13.112201	0.000189	57.815641	3.2
1657	822.343636	13.115352	0.000189	29.106539	1.9
1658	837.161193	13.120118	0.000189	45.175017	2.0
1659	827.238413	13.115533	0.000189	46.595917	2.0
1660	803.006086	13.128823	0.000189	41.950351	1.9
1661	880.476344	13.124849	0.000189	25.313136	2.1
1662	804.361373	13.126539	0.000189	17.726961	2.0
1663	848.419307	13.124505	0.000189	58.853651	2.4
1664	783.319771	13.128480	0.000189	52.239852	4.2
1665	819.517475	13.120486	0.000189	69.587575	4.4
1666	816.415170	13.161244	0.000189	36.764488	4.8
1667	795.126943	13.157016	0.000189	31.269275	4.6
1668	837.098056	13.157510	0.000189	69.799057	4.6
1669	850.997185	13.153040	0.000189	77.158395	4.8
1670	830.231716	13.274649	0.000188	45.008531	4.7
1671	835.417452	13.289857	0.000188	24.808836	4.2
1672	800.616937	13.289523	0.000188	24.307045	3.5
1673	816.698940	13.293192	0.000188	27.295014	3.4
1674	824.123926	13.292666	0.000188	41.284743	3.0
1675	796.252991	13.288395	0.000188	20.188326	2.9
1676	811.105109	13.293701	0.000188	58.247054	2.7
1677	838.807903	13.290140	0.000188	70.239352	2.8
1678	835.996499	13.284979	0.000188	41.810933	3.2
1679	846.498599	13.303135	0.000188	41.552291	5.0
1680	836.524484	13.298213	0.000188	33.446380	4.5
1681	806.733198	13.294237	0.000188	28.291954	3.7
1682	817.895158	13.300507	0.000188	18.490721	3.4
1683	785.675488	13.301709	0.000188	22.627149	3.6
1684	831.952857	13.301877	0.000188	15.254386	4.0
1685	863.254820	13.301883	0.000188	30.838383	3.2
1686	792.265576	13.303222	0.000188	34.246291	3.0
1687	777.553849	13.299125	0.000188	34.823496	2.7
1688	805.442516	13.302566	0.000188	43.087928	4.4
1689	818.547916	13.304957	0.000188	92.601152	4.3
1690	842.057332	13.361755	0.000188	42.859060	4.3
1691	791.819256	13.379472	0.000188	13.711455	3.3
1692	855.302513	13.382185	0.000188	26.706487	3.3
1693	787.680106	13.380725	0.000188	18.906859	3.3
1694	821.242467	13.380071	0.000188	13.809769	4.1
1695	817.668768	13.381368	0.000188	70.880475	4.0
1696	807.202184	13.378311	0.000188	46.408305	3.5
1697	801.158464	13.415259	0.000187	22.246921	3.0
1698	822.041501	13.414259	0.000187	75.412125	3.0
1699	818.548806	13.409384	0.000187	57.517461	3.0
1700	831.115632	13.476421	0.000187	46.801160	3.1
1701	827.969007	13.468900	0.000187	22.767497	3.2
1702	850.740048	13.474071	0.000187	13.674729	3.2
1703	831.441791	13.474234	0.000187	51.008256	2.3
1704	863.236094	13.472731	0.000187	64.344643	2.3
1705	790.287388	13.512614	0.000187	15.171224	2.3
1706	827.434350	13.514332	0.000187	16.070723	2.4
1707	830.732798	13.515271	0.000187	37.206878	2.0
1708	842.192358	13.515061	0.000187	19.302230	2.0
1709	798.853359	13.513966	0.000187	30.239966	2.0
1710	804.223804	13.512090	0.000187	43.413708	2.0
1711	789.709198	13.508475	0.000187	38.443744	1.9
1712	837.771144	13.512001	0.000187	57.800870	2.0
1713	806.346355	13.517519	0.000187	57.458282	2.0
1714	804.799859	13.509105	0.000187	15.063650	1.9
1715	806.621251	13.512618	0.000187	41.605093	1.9
1716	836.089719	13.510600	0.000187	16.417238	2.1
1717	829.662148	13.509538	0.000187	49.094239	2.0
1718	826.316611	13.506535	0.000187	12.820270	2.0
1719	826.040322	13.508025	0.000187	14.524173	2.0
1720	805.629138	13.508648	0.000187	43.205384	2.0
1721	833.809078	13.505801	0.000187	25.851343	2.0
1722	819.552366	13.510227	0.000187	45.981957	1.9
1723	805.763975	13.518141	0.000187	61.993450	2.3
1724	825.916906	13.548612	0.000187	28.201889	2.7
1725	810.986028	13.549544	0.000187	20.415749	2.6
1726	795.904240	13.549367	0.000187	17.810763	1.9
1727	815.214418	13.548111	0.000187	94.046817	2.0
1728	855.958827	13.545769	0.000187	50.156857	2.0
1729	804.833125	13.574631	0.000187	37.993184	1.9
1730	805.028593	13.576762	0.000187	24.688198	2.0
1731	807.712201	13.579441	0.000187	62.977649	2.0
1732	842.603569	13.574165	0.000187	36.123385	2.2
1733	810.955182	13.567027	0.000187	30.650492	1.9
1734	827.176267	13.574021	0.000187	38.648657	1.9
1735	798.485349	13.574753	0.000187	51.629844	2.4
1736	821.083159	13.573184	0.000187	38.255820	2.0
1737	800.096968	13.588886	0.000186	23.576433	1.9
1738	816.903271	13.590904	0.000186	40.388395	1.9
1739	876.072924	13.592211	0.000186	58.202222	1.9
1740	830.452555	13.585590	0.000186	61.668839	3.3
1741	809.380929	13.631178	0.000186	45.691047	2.1
1742	822.823333	13.634787	0.000186	45.042127	3.8
1743	811.822512	13.638066	0.000186	37.736928	2.0
1744	805.904869	13.632278	0.000186	46.526957	2.1
1745	841.990953	13.644050	0.000186	23.190391	2.0
1746	826.388148	13.649228	0.000186	25.982706	1.9
1747	848.891627	13.649238	0.000186	70.300934	3.5
1748	822.254560	13.646223	0.000186	46.194693	1.9
1749	848.732579	13.637646	0.000186	17.231346	1.9
1750	813.844613	13.639318	0.000186	43.276923	1.9
1751	794.608675	13.637146	0.000186	15.679363	2.0
1752	799.488706	13.640951	0.000186	51.046743	1.9
1753	867.207718	13.639149	0.000186	24.073026	1.9
1754	852.844337	13.637013	0.000186	37.675740	2.0
1755	808.002718	13.636875	0.000186	78.224407	2.0
1756	790.626875	13.650440	0.000186	29.285624	2.2
1757	806.857902	13.644230	0.000186	47.179317	2.0
1758	814.262999	13.640653	0.000186	14.382600	1.9
1759	838.710566	13.638854	0.000186	59.846552	1.9
1760	821.682178	13.640899	0.000186	44.868454	1.9
1761	814.860616	13.638529	0.000186	18.941980	3.5
1762	781.746602	13.641788	0.000186	48.655597	4.5
1763	830.616056	13.643090	0.000186	29.978295	4.7
1764	808.604619	13.645910	0.000186	53.493834	4.3
1765	790.404165	13.655795	0.000186	44.973989	4.3
1766	829.171335	13.654105	0.000186	16.227472	4.4
1767	844.390902	13.655636	0.000186	30.659477	3.6
1768	799.816831	13.654583	0.000186	6.875933	3.2
1769	841.974102	13.655262	0.000186	16.143990	3.1
1770	826.778639	13.654987	0.000186	9.502378	3.1
1771	838.702675	13.654318	0.000186	45.145916	3.0
1772	825.170885	13.652494	0.000186	33.228911	3.0
1773	813.513660	13.649787	0.000186	30.186202	2.9
1774	856.010969	13.651662	0.000186	7.799727	2.4
1775	812.909512	13.651779	0.000186	40.869115	2.3
1776	828.589200	13.653023	0.000186	24.202389	2.4
1777	811.592514	13.652594	0.000186	40.455998	2.3
1778	829.989129	13.649020	0.000186	55.754285	2.1
1779	823.150109	13.656484	0.000186	52.412466	2.4
1780	877.988781	13.679916	0.000186	37.048380	2.6
1781	817.003512	13.676998	0.000186	37.828243	2.5
1782	859.839420	13.686739	0.000186	7.330190	2.4
1783	829.566284	13.686340	0.000186	59.008247	2.1
1784	783.181648	13.686392	0.000186	43.711840	3.1
1785	788.442842	13.683779	0.000186	20.162120	1.9
1786	800.637685	13.682063	0.000186	32.101463	1.8
1787	825.523537	13.684084	0.000186	54.198858	1.9
1788	820.081567	13.682674	0.000186	40.314042	1.8
1789	864.663890	13.680672	0.000186	41.741714	1.9
1790	841.135054	13.680339	0.000186	35.748932	1.9
1791	787.094862	13.679151	0.000186	45.306992	1.9
1792	851.664302	13.686046	0.000186	74.022050	1.9
1793	806.891154	13.677912	0.000186	58.443115	1.9
1794	822.948059	13.731984	0.000186	46.248742	1.9
1795	800.973004	13.730980	0.000186	34.455664	2.0
1796	817.306161	13.740210	0.000186	35.695702	4.5
1797	837.718980	13.736401	0.000186	24.431935	4.4
1798	797.393436	13.738741	0.000186	65.245933	4.3
1799	835.909825	13.738568	0.000186	53.681101	4.3
1800	824.065633	13.743017	0.000186	85.009291	4.2
1801	809.497589	13.733379	0.000186	72.516844	3.2
1802	855.995916	13.879776	0.000185	37.509413	3.1
1803	798.558184	13.872524	0.000185	27.739310	3.1
1804	824.067736	13.874697	0.000185	67.308812	2.7
1805	848.568453	13.874311	0.000185	64.715661	2.6
1806	847.833965	13.864763	0.000185	85.847626	2.8
1807	837.955583	13.962666	0.000184	41.868113	4.5
1808	860.322866	14.010450	0.000184	76.595352	4.6
1809	818.325175	14.026326	0.000184	22.476107	4.1
1810	839.780569	14.028426	0.000184	39.854407	3.1
1811	804.297365	14.027433	0.000184	51.794119	3.1
1812	840.809879	14.023197	0.000184	71.548843	3.2
1813	856.971183	14.056269	0.000184	79.535186	3.2
1814	850.233569	14.087326	0.000184	29.357417	3.1
1815	835.060857	14.102205	0.000184	60.840328	3.0
1816	821.580444	14.095987	0.000184	12.567946	2.5
1817	829.120534	14.097723	0.000184	52.775367	2.7
1818	846.713541	14.098959	0.000184	17.356991	4.6
1819	848.971328	14.103506	0.000184	50.099098	4.7
1820	836.657931	14.100022	0.000184	47.073116	4.6
1821	842.331072	14.092812	0.000184	46.381533	4.4
1822	803.365333	14.101585	0.000184	39.411235	3.6
1823	766.755866	14.099067	0.000184	33.856770	4.3
1824	804.866505	14.107122	0.000184	5.800888	4.6
1825	798.537027	14.107673	0.000184	65.077958	4.7
1826	805.394937	14.107196	0.000184	86.969773	4.7
1827	789.632144	14.112669	0.000184	30.398709	3.8
1828	779.492486	14.129512	0.000184	67.769823	3.9
1829	808.782255	14.122580	0.000184	32.193724	3.9
1830	842.591978	14.121172	0.000184	36.334004	3.6
1831	833.665035	14.116444	0.000184	28.632048	3.0
1832	835.727974	14.122959	0.000184	24.668656	3.0
1833	811.082108	14.120217	0.000184	56.269684	3.1
1834	820.363983	14.122358	0.000184	23.857643	3.0
1835	853.980161	14.120596	0.000184	64.881551	4.7
1836	851.605356	14.121737	0.000184	41.740202	3.8
1837	779.760813	14.130461	0.000184	59.561977	3.6
1838	846.900869	14.128653	0.000184	33.223395	3.4
1839	815.777087	14.139255	0.000184	22.407377	3.3
1840	834.538591	14.142862	0.000184	45.456788	3.5
1841	833.604255	14.144829	0.000184	24.595709	3.4
1842	829.483802	14.140538	0.000184	70.669298	2.6
1843	804.252407	14.149012	0.000183	21.636195	2.6
1844	868.521622	14.158763	0.000183	58.272113	2.7
1845	823.477492	14.166106	0.000183	50.632249	2.6
1846	820.464323	14.198210	0.000183	42.003586	2.2
1847	841.721377	14.199473	0.000183	28.641142	2.1
1848	838.933874	14.199988	0.000183	51.531695	2.2
1849	855.115828	14.197972	0.000183	30.191313	2.1
1850	795.422080	14.199732	0.000183	57.521910	2.1
1851	818.156864	14.210486	0.000183	17.670108	2.1
1852	834.240445	14.208487	0.000183	14.169729	2.0
1853	827.181164	14.208943	0.000183	82.348622	2.0
1854	770.464593	14.211998	0.000183	57.590428	2.0
1855	825.507286	14.207933	0.000183	45.438112	2.0
1856	822.519588	14.210778	0.000183	59.584352	2.1
1857	830.376464	14.203188	0.000183	39.409148	2.0
1858	828.798454	14.196471	0.000183	64.740161	2.0
1859	835.718990	14.209012	0.000183	44.632162	2.0
1860	814.635521	14.208962	0.000183	63.690781	2.0
1861	826.224525	14.200806	0.000183	61.584372	2.0
1862	808.913058	14.240133	0.000183	26.891169	2.0
1863	799.927315	14.245232	0.000183	47.080275	2.1
1864	796.949819	14.241190	0.000183	78.840507	2.0
1865	816.359094	14.280620	0.000183	80.514045	1.9
1866	809.901115	14.384819	0.000182	47.258583	2.0
1867	850.061648	14.385193	0.000182	39.718844	2.0
1868	856.524273	14.398216	0.000182	28.791140	1.9
1869	840.682666	14.404262	0.000182	57.748662	2.3
1870	809.267892	14.399976	0.000182	50.467694	2.0
1871	779.953865	14.418542	0.000182	31.624522	1.9
1872	815.446277	14.431038	0.000182	35.437860	1.9
1873	829.584931	14.435814	0.000182	55.538085	1.9
1874	827.608747	14.430359	0.000182	19.277591	1.9
1875	850.217606	14.435681	0.000182	78.396485	1.9
1876	852.586732	14.430723	0.000182	30.955391	1.9
1877	838.333166	14.424854	0.000182	28.868074	1.9
1878	831.106317	14.421769	0.000182	61.225305	1.9
1879	787.801883	14.434003	0.000182	35.938255	2.4
1880	803.107917	14.434006	0.000182	26.452407	4.3
1881	837.499481	14.436026	0.000182	44.750585	4.8
1882	799.931668	14.431499	0.000182	30.707458	5.3
1883	775.563592	14.439659	0.000182	25.399218	4.3
1884	802.380143	14.436486	0.000182	78.232701	4.4
1885	818.007917	14.437687	0.000182	55.588422	4.4
1886	811.313330	14.487471	0.000182	20.159274	4.4
1887	834.018959	14.491205	0.000182	31.819536	3.4
1888	803.659097	14.491672	0.000182	40.729873	3.3
1889	828.742569	14.488357	0.000182	60.865730	3.3
1890	807.902189	14.512660	0.000182	27.499909	2.8
1891	787.333642	14.522748	0.000182	23.420139	2.7
1892	834.867546	14.525522	0.000182	11.364991	4.2
1893	839.268350	14.525463	0.000182	20.302654	2.8
1894	808.023148	14.525646	0.000182	20.702438	2.9
1895	831.970550	14.527466	0.000182	61.034247	3.0
1896	816.397586	14.531536	0.000182	19.647857	4.0
1897	830.537645	14.526909	0.000182	105.423165	1.9
1898	797.716932	14.540543	0.000181	13.401913	1.9
1899	828.388854	14.549529	0.000181	35.158744	1.9
1900	813.565349	14.551577	0.000181	18.461096	1.9
1901	842.176178	14.549402	0.000181	22.676294	1.9
1902	808.539131	14.550660	0.000181	23.328089	1.9
1903	828.859759	14.551110	0.000181	48.985851	2.0
1904	821.174380	14.546881	0.000181	59.206248	2.6
1905	832.076300	14.550947	0.000181	35.882762	3.8
1906	843.853916	14.546565	0.000181	43.400504	1.9
1907	785.020609	14.557616	0.000181	40.883978	1.9
1908	836.543751	14.559418	0.000181	84.489477	1.9
1909	803.092009	14.553607	0.000181	43.875049	2.8
1910	836.886289	14.566409	0.000181	48.129810	2.2
1911	786.602603	14.561786	0.000181	53.128042	2.2
1912	843.777142	14.554300	0.000181	8.344166	2.2
1913	822.561853	14.552588	0.000181	32.536076	2.1
1914	845.249405	14.554013	0.000181	34.151657	1.9
1915	825.864784	14.556151	0.000181	77.117293	1.9
1916	806.428832	14.564191	0.000181	61.871673	1.9
1917	837.956833	14.562774	0.000181	53.341616	2.0
1918	832.378676	14.585421	0.000181	62.963821	1.9
1919	822.338295	14.611707	0.000181	10.268050	2.0
1920	809.140391	14.613160	0.000181	46.990961	1.9
1921	824.046799	14.611271	0.000181	67.428641	1.9
1922	809.108507	14.646302	0.000181	14.219578	1.9
1923	804.164745	14.645229	0.000181	59.324124	1.9
1924	829.332339	14.649379	0.000181	34.930291	2.0
1925	843.898819	14.659583	0.000181	52.554476	1.9
1926	808.827507	14.659479	0.000181	22.428447	1.9
1927	831.269815	14.664954	0.000181	45.557078	1.9
1928	797.405859	14.669157	0.000181	27.719955	1.8
1929	846.665880	14.666118	0.000181	45.829359	1.9
1930	799.000710	14.666117	0.000181	21.103616	1.9
1931	841.142645	14.666639	0.000181	14.774883	1.8
1932	831.314868	14.666348	0.000181	28.089518	1.9
1933	785.606488	14.665437	0.000181	37.492062	1.9
1934	821.909540	14.661107	0.000181	45.228795	1.9
1935	806.954223	14.673011	0.000181	53.319878	1.9
1936	806.780458	14.673838	0.000181	16.411441	1.9
1937	811.528034	14.671712	0.000181	66.924418	1.9
1938	813.423927	14.671200	0.000181	52.624642	1.9
1939	859.427078	14.686658	0.000181	59.261664	1.9
1940	845.945374	14.723740	0.000181	32.140880	2.0
1941	809.563476	14.734231	0.000180	69.097318	2.0
1942	829.556982	14.742680	0.000180	39.104754	2.1
1943	824.241319	14.755516	0.000180	77.495211	2.1
1944	802.828578	14.747051	0.000180	22.376626	2.0
1945	834.848903	14.759192	0.000180	66.231639	1.9
1946	825.055069	14.763794	0.000180	11.155487	1.9
1947	818.957394	14.767843	0.000180	12.124576	1.9
1948	825.864262	14.767505	0.000180	85.438477	1.9
1949	827.622123	14.764028	0.000180	36.742813	1.9
1950	807.461431	14.790082	0.000180	29.376485	1.9
1951	848.196044	14.787864	0.000180	37.237860	1.9
1952	815.095922	14.788637	0.000180	21.923298	2.0
1953	842.063816	14.787771	0.000180	33.882209	1.9
1954	864.904686	14.785390	0.000180	38.527588	1.9
1955	828.613617	14.793922	0.000180	45.402913	2.4
1956	812.129977	14.806682	0.000180	54.159266	2.8
1957	811.398444	14.811056	0.000180	21.107665	2.0
1958	808.167024	14.817676	0.000180	78.090102	2.1
1959	842.922070	14.811750	0.000180	23.640566	2.2
1960	831.698354	14.825131	0.000180	28.659952	2.0
1961	807.686965	14.825296	0.000180	17.382788	2.1
1962	837.747308	14.826262	0.000180	63.459177	2.0
1963	829.170709	14.826719	0.000180	59.611654	2.0
1964	804.001247	14.824533	0.000180	51.417263	2.1
1965	789.600009	14.836121	0.000180	29.112451	2.2
1966	799.478839	14.831238	0.000180	15.701215	1.8
1967	821.549817	14.833255	0.000180	16.543528	4.7
1968	805.143786	14.832762	0.000180	35.656245	2.5
1969	815.132487	14.834300	0.000180	30.111439	4.5
1970	817.044853	14.831139	0.000180	29.522732	4.2
1971	790.954926	14.834455	0.000180	60.877138	4.2
1972	824.418332	14.828930	0.000180	35.362149	4.3
1973	818.716712	14.826043	0.000180	24.458626	3.1
1974	804.154390	14.825988	0.000180	60.570617	3.1
1975	797.079322	14.821574	0.000180	54.156516	3.3
1976	811.438217	14.850952	0.000180	81.511739	2.6
1977	806.961669	14.849130	0.000180	29.995991	2.7
1978	854.176832	14.868510	0.000180	54.243760	2.4
1979	830.965999	14.878970	0.000180	17.271633	2.4
1980	805.335296	14.884303	0.000180	67.237288	3.2
1981	827.218276	14.881460	0.000180	44.909256	2.7
1982	845.517320	14.885422	0.000180	47.431281	5.1
1983	777.380145	14.904482	0.000180	30.326286	4.6
1984	821.072935	14.912975	0.000180	38.177243	4.5
1985	813.214687	14.917444	0.000180	62.451235	3.1
1986	831.372825	14.927502	0.000180	42.912699	3.0
1987	835.516847	14.935571	0.000179	65.439164	3.0
1988	830.126418	14.949889	0.000179	28.882129	2.4
1989	813.740600	14.950769	0.000179	17.819042	2.3
1990	813.591088	14.951623	0.000179	14.129372	2.3
1991	840.726532	14.951672	0.000179	46.203068	2.3
1992	826.000529	14.953580	0.000179	53.626226	2.3
1993	805.393336	14.976583	0.000179	46.652162	1.9
1994	812.230909	14.968889	0.000179	55.178302	1.8
1995	836.884518	14.990949	0.000179	46.680310	1.8
1996	825.048691	14.992811	0.000179	45.441064	1.8
1997	863.836114	15.011645	0.000179	40.492977	1.8
1998	803.947863	15.007744	0.000179	15.791630	1.9
1999	840.687660	15.009603	0.000179	41.347443	1.9
