1:ItNr	2:Metric	3a:Time	3b:StepSize	4:||Gradient||	Time[ms]
0	139470.948596	0.000000	0.000036	51774.565325	193.9
1	61536.132901	0.000000	0.000036	31057.409822	4.6
2	32519.773323	0.000000	0.000036	18963.344863	4.5
3	22296.682283	0.000000	0.000036	13621.406951	5.1
4	16044.087957	0.000000	0.000036	8990.521958	4.5
5	14163.628295	0.000000	0.000036	6750.593058	5.1
6	12996.405397	0.000000	0.000036	5309.305092	5.3
7	11760.842290	0.000000	0.000036	4063.171040	5.6
8	11162.944252	0.000000	0.000036	3201.900736	5.4
9	11129.049621	0.000000	0.000036	2610.168136	4.9
10	10528.551984	0.000000	0.000036	2039.912503	2.9
11	10647.153711	0.000000	0.000036	1739.314242	4.6
12	10469.478526	0.000000	0.000036	1351.478521	2.1
13	10716.404519	0.000000	0.000036	1369.603326	2.3
14	10623.554381	0.000000	0.000036	1005.694874	2.9
15	10281.255338	0.000000	0.000036	1238.659390	2.8
16	10096.626448	0.000000	0.000036	777.063747	4.8
17	10150.902910	0.000000	0.000036	792.516938	5.0
18	10590.424367	0.000000	0.000036	839.506502	4.8
19	10213.933186	0.000000	0.000036	763.872983	5.5
20	10113.808355	0.000000	0.000036	738.668788	3.0
21	10607.755610	0.000000	0.000036	448.131617	2.9
22	10206.206100	0.000000	0.000036	406.803084	5.2
23	10190.186198	0.000000	0.000036	540.468275	2.6
24	10036.731659	0.000000	0.000036	335.718158	5.6
25	10137.196504	0.000000	0.000036	690.144604	4.8
26	10082.607659	0.000000	0.000036	359.058452	4.0
27	9906.733617	0.000000	0.000036	533.758215	4.3
28	10306.280377	0.000000	0.000036	457.171527	2.7
29	10230.244718	0.000000	0.000036	441.781523	5.3
30	10535.504051	0.000000	0.000036	405.595454	3.4
31	9988.534765	0.000000	0.000036	450.138846	2.9
32	10240.385880	0.000000	0.000036	364.431535	3.0
33	10060.265356	0.000000	0.000036	364.224092	4.0
34	10294.354405	0.000000	0.000036	360.040768	5.1
35	10441.476631	0.000000	0.000036	387.955036	2.7
36	9974.394579	0.000000	0.000036	401.611028	3.2
37	9971.966676	0.000000	0.000036	429.416394	2.7
38	10098.525468	0.000000	0.000036	315.971583	3.5
39	10064.083839	0.003757	0.000036	286.533580	5.4
40	10441.803981	0.000000	0.000036	308.777395	5.0
41	10217.645421	0.000000	0.000036	266.782033	4.9
42	9828.729922	0.000000	0.000036	524.659067	5.8
43	10447.079251	0.000000	0.000036	338.160419	4.8
44	10458.622032	0.000000	0.000036	372.098334	5.4
45	10116.864070	0.000000	0.000036	317.191895	4.4
46	10283.125263	0.000000	0.000036	381.054866	4.9
47	10176.475708	0.000000	0.000036	279.066189	4.6
48	10111.210873	0.000000	0.000036	286.753348	4.8
49	9851.136240	0.000000	0.000036	336.477323	4.0
50	9998.722360	0.000000	0.000036	449.159174	3.5
51	9677.755568	0.000000	0.000036	341.225407	3.4
52	10094.871079	0.000637	0.000036	395.046479	2.6
53	9998.096826	0.007467	0.000036	308.467770	2.6
54	9938.311607	0.006048	0.000036	334.276630	2.6
55	10654.400043	0.000000	0.000036	392.245301	2.5
56	9879.495669	0.001144	0.000036	261.478840	2.2
57	10035.919818	0.000000	0.000036	241.413523	2.3
58	10003.602441	0.000000	0.000036	295.363897	2.2
59	10218.240002	0.000000	0.000036	339.143912	2.6
60	10129.620963	0.000000	0.000036	327.471591	2.5
61	10066.916097	0.000000	0.000036	279.200591	2.5
62	9790.634578	0.000000	0.000036	292.158121	2.7
63	10188.674015	0.000000	0.000036	328.589278	2.9
64	10278.288490	0.000000	0.000036	421.461576	4.1
65	10160.153212	0.000000	0.000036	403.572535	2.9
66	10103.847152	0.020719	0.000036	294.251470	4.7
67	10036.555196	0.020880	0.000036	319.582907	2.8
68	10322.889865	0.011687	0.000036	276.939076	2.4
69	9908.398667	0.003638	0.000036	307.830488	2.2
70	10084.398559	0.000000	0.000036	333.895228	5.0
71	10238.779492	0.000000	0.000036	287.344349	2.5
72	10014.529502	0.000000	0.000036	500.089864	5.4
73	10373.558000	0.000000	0.000036	330.238224	2.9
74	9903.075855	0.000000	0.000036	312.698742	3.0
75	10041.783966	0.000000	0.000036	440.920479	5.3
76	10039.623965	0.000000	0.000036	284.445566	3.2
77	10205.455259	0.000000	0.000036	299.141815	2.5
78	9598.363983	0.000000	0.000036	327.052878	2.6
79	10565.145264	0.000000	0.000036	274.184006	4.4
80	10680.332398	0.000000	0.000036	304.900741	7.5
81	9757.640505	0.000000	0.000036	441.571579	4.6
82	10418.989726	0.000000	0.000036	390.642356	2.2
83	9851.040330	0.014586	0.000036	254.551483	2.1
84	9901.970461	0.007778	0.000036	300.895839	3.4
85	9706.926665	0.000765	0.000036	272.689738	3.9
86	9884.691633	0.000000	0.000036	251.203502	2.1
87	10116.626652	0.000000	0.000036	276.286460	2.9
88	9954.132637	0.000000	0.000036	339.426947	2.4
89	9880.315385	0.000000	0.000036	393.648800	3.6
90	9962.184494	0.000516	0.000036	305.277318	2.3
91	9460.420673	0.000000	0.000036	245.307383	6.5
92	9901.690705	0.000000	0.000036	347.203831	2.6
93	10292.606167	0.000000	0.000036	315.095602	5.0
94	10098.240232	0.000000	0.000036	265.309679	2.9
95	9402.290999	0.000000	0.000036	420.769098	3.1
96	10065.490535	0.000000	0.000036	296.797348	3.2
97	9834.392927	0.000000	0.000036	308.030991	3.0
98	10031.354012	0.000000	0.000036	244.206447	4.3
99	9674.291848	0.000000	0.000036	283.793548	3.2
100	9821.607450	0.000000	0.000036	491.583512	4.2
101	10092.433342	0.000000	0.000036	273.508143	4.1
102	9802.380645	0.000000	0.000036	240.418137	3.9
103	9775.625577	0.000000	0.000036	317.780315	4.3
104	10164.739197	0.000000	0.000036	298.102073	3.6
105	9961.091208	0.000000	0.000036	319.200679	3.6
106	9797.323091	0.000000	0.000036	397.453079	3.0
107	10060.083211	0.000000	0.000036	322.992210	3.1
108	10114.865290	0.000000	0.000036	258.614809	3.2
109	9978.536001	0.000000	0.000036	304.727865	2.9
110	10182.325367	0.000000	0.000036	256.235885	2.9
111	9817.480430	0.000000	0.000036	456.042274	5.5
112	10041.701502	0.000000	0.000036	345.237143	4.1
113	9619.123560	0.000000	0.000036	250.304086	4.9
114	10114.782657	0.000000	0.000036	387.067100	4.9
115	10174.754324	0.000000	0.000036	349.093169	7.3
116	10105.229794	0.002000	0.000036	345.364386	8.8
117	9720.434521	0.000000	0.000036	284.679599	5.0
118	10144.397132	0.000000	0.000036	347.591866	5.0
119	9729.200159	0.000000	0.000036	417.318548	4.6
120	10383.452673	0.000000	0.000036	299.885529	4.4
121	10193.906337	0.000000	0.000036	305.689722	3.3
122	9761.363253	0.000000	0.000036	468.582356	3.1
123	10148.309738	0.000000	0.000036	515.479913	3.1
124	10076.054816	0.000000	0.000036	319.819537	2.9
125	9735.737408	0.008427	0.000036	391.672356	4.5
126	9744.487222	0.008336	0.000036	260.440509	5.0
127	9935.757492	0.001908	0.000036	272.313468	4.7
128	9679.296018	0.000000	0.000036	314.488131	3.2
129	9725.066721	0.000000	0.000036	364.227968	2.4
130	9613.908779	0.000000	0.000036	347.862205	6.4
131	9748.408032	0.000000	0.000036	322.739283	3.1
132	9941.770934	0.000000	0.000036	364.356821	3.6
133	9885.329829	0.000000	0.000036	367.253433	3.5
134	9819.112129	0.000000	0.000036	303.811234	4.4
135	9956.366902	0.000000	0.000036	460.209398	3.6
136	9893.852314	0.000000	0.000036	387.359502	3.5
137	9719.922908	0.000000	0.000036	317.583716	2.9
138	9876.559349	0.000000	0.000036	369.646221	2.9
139	9996.549178	0.000000	0.000036	249.001949	2.8
140	10060.107571	0.000000	0.000036	286.598723	2.9
141	9362.115279	0.000000	0.000036	322.873979	6.2
142	9746.085263	0.000000	0.000036	264.911325	4.7
143	10187.598606	0.000000	0.000036	667.363539	4.6
144	10132.273923	0.000000	0.000036	317.376433	4.3
145	9227.751053	0.000000	0.000036	383.457371	4.4
146	9761.883849	0.000569	0.000036	248.280052	4.3
147	9921.440965	0.000000	0.000036	329.368113	3.3
148	10254.130309	0.000000	0.000036	411.643738	6.3
149	9725.812273	0.001931	0.000036	268.066739	6.2
150	9986.265425	0.000000	0.000036	286.019646	3.9
151	10094.615075	0.000000	0.000036	300.090002	4.0
152	10014.024329	0.000000	0.000036	408.790472	4.0
153	9981.309447	0.000000	0.000036	409.724630	3.8
154	10129.191899	0.012029	0.000036	244.596922	3.0
155	9881.444079	0.003736	0.000036	337.027885	2.7
156	9810.569661	0.000000	0.000036	291.060939	5.3
157	9775.724327	0.000000	0.000036	435.954989	3.2
158	9516.291578	0.000000	0.000036	348.020676	3.6
159	10161.088890	0.006044	0.000036	321.800864	4.0
160	10116.402892	0.003376	0.000036	299.184555	2.6
161	9468.878760	0.000000	0.000036	316.748553	5.3
162	9982.340096	0.000000	0.000036	316.930445	2.7
163	9907.875851	0.000000	0.000036	327.189401	2.7
164	9505.092623	0.000000	0.000036	298.949323	2.8
165	9695.712830	0.000000	0.000036	289.577648	3.8
166	9468.125974	0.000000	0.000036	257.744169	3.9
167	9667.070289	0.000000	0.000036	250.080389	4.0
168	9879.391014	0.000000	0.000036	384.303414	3.4
169	10013.202682	0.000000	0.000036	335.671079	2.5
170	9754.038404	0.000140	0.000036	286.342027	6.0
171	9989.568039	0.000000	0.000036	501.848529	4.6
172	9850.290044	0.000000	0.000036	341.729789	4.3
173	9283.857742	0.002212	0.000036	252.843064	4.2
174	9690.190688	0.000000	0.000036	655.785437	4.3
175	10026.597274	0.000000	0.000036	261.284145	4.8
176	9928.080280	0.000000	0.000036	373.646281	4.4
177	9982.057474	0.000000	0.000036	268.706733	3.9
178	9873.735520	0.000000	0.000036	256.884870	4.1
179	9515.278954	0.000000	0.000036	276.537487	3.7
180	10248.503541	0.000000	0.000036	383.120553	3.4
181	9906.138995	0.000000	0.000036	256.598131	3.8
182	9968.490130	0.000000	0.000036	444.015193	3.0
183	9611.447282	0.000000	0.000036	271.128595	3.1
184	9848.168205	0.000000	0.000036	512.495772	3.0
185	10600.277655	0.002306	0.000036	290.648413	2.5
186	9425.369883	0.000000	0.000036	276.768635	2.6
187	9938.797058	0.000000	0.000036	259.603065	2.4
188	9839.192937	0.000000	0.000036	319.653421	2.3
189	9886.369469	0.000000	0.000036	310.335395	2.4
190	9789.953046	0.000000	0.000036	279.583986	2.4
191	9878.963507	0.000000	0.000036	367.704072	2.4
192	10128.419745	0.000000	0.000036	296.628980	2.4
193	10052.519236	0.000000	0.000036	250.814882	2.4
194	10027.726505	0.000000	0.000036	499.773694	2.0
195	10068.282079	0.000000	0.000036	270.193229	2.0
196	9754.773976	0.000000	0.000036	290.280129	2.1
197	9988.535085	0.000000	0.000036	311.034384	2.0
198	9884.468357	0.000000	0.000036	294.700323	2.0
199	9960.571631	0.000000	0.000036	283.438674	1.9
200	9641.177931	0.000000	0.000036	376.221046	1.9
201	9599.680646	0.000000	0.000036	237.742603	2.0
202	9893.261814	0.000000	0.000036	290.185874	2.1
203	10019.097537	0.000000	0.000036	263.099094	1.9
204	9618.902561	0.000000	0.000036	235.459361	1.9
205	9659.799120	0.000000	0.000036	323.045558	2.0
206	9710.574256	0.000000	0.000036	313.261747	1.9
207	9763.271577	0.000000	0.000036	294.503686	1.9
208	9556.652826	0.000000	0.000036	237.383666	1.9
209	10098.638926	0.000000	0.000036	360.307317	2.4
210	9558.793932	0.000000	0.000036	239.153912	3.7
211	9629.226447	0.000000	0.000036	300.840205	1.9
212	9917.377083	0.000000	0.000036	368.831175	2.0
213	9829.379686	0.000000	0.000036	393.406231	2.2
214	10179.808746	0.000000	0.000036	292.392031	2.0
215	10016.609758	0.000000	0.000036	294.505353	2.2
216	9614.673026	0.000000	0.000036	299.343969	3.8
217	9785.481278	0.000000	0.000036	336.337428	4.1
218	9931.182140	0.000000	0.000036	617.291679	4.8
219	9718.850648	0.016551	0.000036	296.146272	4.6
220	9610.302437	0.017327	0.000036	328.125514	4.6
221	10002.796997	0.010734	0.000036	423.569371	4.7
222	10192.226273	0.015033	0.000036	556.264545	4.1
223	9498.027564	0.004826	0.000036	248.414904	2.5
224	9916.737059	0.000718	0.000036	269.449379	3.1
225	10043.970107	0.000000	0.000036	352.397342	3.0
226	9883.818788	0.000000	0.000036	342.238531	3.2
227	10016.801404	0.000000	0.000036	387.500727	3.0
228	9950.272221	0.000000	0.000036	340.983234	3.1
229	9553.029865	0.000363	0.000036	271.817196	3.1
230	9960.113991	0.000000	0.000036	492.251375	2.9
231	9158.381231	0.000000	0.000036	292.490755	2.5
232	9666.484174	0.000000	0.000036	265.410617	2.4
233	10012.735099	0.000000	0.000036	367.326295	2.4
234	9824.124888	0.000000	0.000036	327.409906	2.5
235	9352.426522	0.000000	0.000036	257.887635	2.3
236	9518.214088	0.000000	0.000036	248.479445	2.4
237	10025.275050	0.000000	0.000036	331.584439	2.3
238	9722.099382	0.000000	0.000036	283.161164	2.4
239	9840.198838	0.000000	0.000036	278.582078	2.6
240	9588.693290	0.000000	0.000036	297.374030	2.5
241	9703.290477	0.000000	0.000036	362.555631	2.4
242	9940.845638	0.000000	0.000036	395.385073	2.5
243	9498.989759	0.000000	0.000036	254.609514	2.8
244	9575.120864	0.000000	0.000036	257.132514	2.8
245	9768.385672	0.000000	0.000036	249.095539	2.9
246	9608.751190	0.000000	0.000036	252.983918	2.7
247	9682.629891	0.000000	0.000036	352.348363	4.6
248	9952.785770	0.000000	0.000036	397.828050	4.9
249	9718.171303	0.000000	0.000036	276.141069	4.6
250	9319.101591	0.000000	0.000036	245.172406	4.1
251	9882.658590	0.000000	0.000036	316.349069	2.5
252	9968.107748	0.000000	0.000036	320.467026	2.5
253	9925.647351	0.000000	0.000036	335.981614	2.5
254	9843.588957	0.000000	0.000036	266.518480	2.7
255	9623.028449	0.000000	0.000036	293.970875	4.5
256	9807.030701	0.000000	0.000036	273.888454	4.5
257	9598.760774	0.000000	0.000036	237.765452	4.8
258	9816.307276	0.000000	0.000036	297.647344	4.8
259	9308.815854	0.000000	0.000036	327.809325	4.6
260	9787.255478	0.000000	0.000036	260.557809	4.6
261	9678.510328	0.000000	0.000036	363.158947	4.5
262	10022.616230	0.000000	0.000036	295.558472	4.1
263	10102.658825	0.000000	0.000036	395.274888	4.1
264	9703.920428	0.000000	0.000036	318.036670	3.3
265	9214.340644	0.000000	0.000036	505.060020	4.8
266	9617.193167	0.000000	0.000036	450.135149	5.1
267	9709.344345	0.000000	0.000036	357.103180	5.1
268	9639.285073	0.000000	0.000036	323.764240	5.2
269	9942.971251	0.000000	0.000036	257.861125	4.7
270	9805.863933	0.000000	0.000036	395.344354	4.6
271	9377.601312	0.000000	0.000036	326.551883	4.8
272	9575.772314	0.000000	0.000036	250.463243	4.1
273	9705.932589	0.000000	0.000036	328.269435	3.6
274	9447.228987	0.000000	0.000036	393.529805	3.6
275	9869.232550	0.000000	0.000036	245.825790	3.2
276	9886.829126	0.000000	0.000036	298.475127	3.3
277	9894.141867	0.000000	0.000036	400.859594	3.4
278	9769.738761	0.000000	0.000036	340.978366	2.8
279	9418.288667	0.000000	0.000036	374.172019	2.6
280	9691.165372	0.004821	0.000036	283.036948	2.8
281	9577.336146	0.000000	0.000036	272.465322	3.1
282	9419.355763	0.000000	0.000036	387.486514	7.6
283	9598.925203	0.000000	0.000036	314.164789	4.7
284	9622.405474	0.000000	0.000036	261.258769	4.5
285	9780.092726	0.000000	0.000036	454.868538	4.0
286	9932.549038	0.000000	0.000036	382.223493	4.7
287	10112.111306	0.000000	0.000036	301.291622	4.8
288	9629.967191	0.000000	0.000036	294.103343	4.3
289	9606.967008	0.000000	0.000036	274.743930	3.9
290	9564.461930	0.000000	0.000036	307.782642	4.5
291	9536.663183	0.000000	0.000036	254.878783	4.6
292	9353.908248	0.000000	0.000036	286.747164	3.6
293	9585.803951	0.000000	0.000036	250.439975	3.5
294	9513.982051	0.000000	0.000036	338.194537	3.5
295	9735.992445	0.000000	0.000036	488.651116	2.9
296	9499.665135	0.000000	0.000036	298.675504	2.7
297	9514.280296	0.000000	0.000036	250.210867	2.7
298	9367.405316	0.000000	0.000036	423.660556	2.7
299	9577.022678	0.000000	0.000036	302.496611	2.7
300	9471.850281	0.000000	0.000036	243.258612	2.8
301	9372.900445	0.000000	0.000036	267.965421	2.7
302	9692.119645	0.000000	0.000036	283.773599	2.6
303	9656.895699	0.000000	0.000036	308.785844	2.4
304	9733.852199	0.000000	0.000036	296.141625	2.6
305	9647.068590	0.000000	0.000036	307.713165	2.4
306	9875.847896	0.000000	0.000036	353.228019	3.6
307	9710.694484	0.000000	0.000036	337.706963	2.4
308	9621.976692	0.000000	0.000036	354.936269	2.4
309	9718.987084	0.000000	0.000036	282.716211	2.4
310	9596.431059	0.000000	0.000036	444.031337	2.6
311	9705.551786	0.000000	0.000036	439.744618	4.6
312	9628.492539	0.063266	0.000036	251.442042	3.6
313	9738.806633	0.054177	0.000036	257.370976	3.4
314	9479.964977	0.046725	0.000036	287.858900	3.2
315	9389.961053	0.038177	0.000036	437.788330	3.3
316	9527.305370	0.030537	0.000036	389.832994	2.8
317	9316.327226	0.064712	0.000036	441.067348	2.8
318	9957.809048	0.083883	0.000036	259.851521	2.7
319	10075.523454	0.074776	0.000036	347.735220	3.0
320	9296.034537	0.066276	0.000036	267.130451	2.8
321	9752.837319	0.058390	0.000036	258.187575	2.9
322	9495.986247	0.050428	0.000036	250.456982	2.8
323	9740.929127	0.042872	0.000036	419.980898	3.4
324	9633.409253	0.034270	0.000036	316.918581	3.0
325	9449.621178	0.024701	0.000036	297.732145	2.9
326	9682.827200	0.019139	0.000036	363.198634	2.8
327	9233.716452	0.014395	0.000036	253.500573	2.8
328	9437.043432	0.006401	0.000036	256.262079	2.8
329	9782.234078	0.000000	0.000036	278.741271	3.0
330	9047.776008	0.000000	0.000036	285.917630	4.6
331	9426.572632	0.000000	0.000036	255.624803	5.0
332	9636.019542	0.000000	0.000036	326.015909	4.8
333	9300.211460	0.000000	0.000036	324.423950	4.8
334	9181.424245	0.000000	0.000036	241.747658	3.7
335	9576.531229	0.000000	0.000036	364.081371	3.7
336	9972.668526	0.000000	0.000036	297.749601	3.7
337	9573.487936	0.000000	0.000036	320.037724	3.2
338	9842.428166	0.000000	0.000036	361.375204	3.2
339	9441.717152	0.000000	0.000036	250.790460	3.2
340	9638.760503	0.000000	0.000036	332.397461	3.5
341	9677.487043	0.000000	0.000036	327.149671	2.8
342	9442.740161	0.000000	0.000036	258.026690	3.0
343	9912.576017	0.000000	0.000036	433.022878	3.2
344	9387.344796	0.000000	0.000036	292.979415	6.7
345	9434.738078	0.000000	0.000036	266.207004	3.5
346	9749.866031	0.000000	0.000036	335.714192	4.5
347	9801.967048	0.000000	0.000036	320.700830	5.5
348	9971.965497	0.000000	0.000036	290.887276	4.7
349	9567.353927	0.000000	0.000036	269.064547	3.9
350	9472.563839	0.000000	0.000036	335.541684	4.1
351	9403.433800	0.000000	0.000036	347.321699	4.4
352	9574.832948	0.000000	0.000036	266.631546	3.3
353	9492.115749	0.000000	0.000036	327.193990	3.0
354	9234.742480	0.000000	0.000036	246.995669	5.2
355	9506.130894	0.000000	0.000036	331.583304	5.1
356	8913.335309	0.000000	0.000036	480.295490	4.9
357	9239.365439	0.014154	0.000036	259.926139	2.7
358	9613.402282	0.004775	0.000036	241.366876	2.6
359	9602.127259	0.000000	0.000036	281.601253	2.6
360	9614.309518	0.000000	0.000036	387.381652	3.0
361	9606.366638	0.000000	0.000036	445.021876	4.9
362	9452.335904	0.028646	0.000036	317.206648	4.9
363	9256.425833	0.018817	0.000036	399.989970	4.7
364	9829.852803	0.010904	0.000036	277.014968	3.9
365	9472.082951	0.004873	0.000036	292.952696	3.4
366	9408.911804	0.000000	0.000036	284.704099	3.4
367	9213.984646	0.000000	0.000036	354.588171	3.2
368	9386.049594	0.000000	0.000036	444.610874	2.6
369	9569.022649	0.000000	0.000036	343.314197	2.7
370	9242.242723	0.010566	0.000036	255.317885	2.4
371	9862.086600	0.003451	0.000036	388.082469	2.8
372	9782.428253	0.000000	0.000036	261.921117	2.8
373	9531.247492	0.000000	0.000036	265.549518	2.9
374	9896.489303	0.000000	0.000036	282.310518	2.8
375	9602.464472	0.000000	0.000036	333.052048	2.5
376	9311.726719	0.000000	0.000036	264.119686	2.3
377	9671.871039	0.000000	0.000036	254.251529	2.3
378	9408.613415	0.000000	0.000036	323.781769	2.2
379	9483.015110	0.000000	0.000036	300.827129	2.1
380	9395.263706	0.000000	0.000036	336.570902	2.1
381	9006.464523	0.000000	0.000036	251.625226	2.1
382	9515.540706	0.000000	0.000036	244.096997	2.2
383	9191.534206	0.000000	0.000036	401.973620	2.2
384	9351.288398	0.000000	0.000036	281.079485	2.2
385	9259.121285	0.000000	0.000036	342.434875	2.0
386	9311.654026	0.000000	0.000036	367.849520	2.0
387	9383.837533	0.000000	0.000036	410.388302	2.2
388	8945.084828	0.008572	0.000036	390.709052	2.2
389	9380.772853	0.031851	0.000036	297.407983	2.2
390	9455.410481	0.026581	0.000036	261.814844	2.0
391	9152.743188	0.018130	0.000036	254.925566	1.9
392	9778.868244	0.010860	0.000036	316.173517	1.9
393	9543.926371	0.002974	0.000036	253.987897	2.0
394	9085.121053	0.000000	0.000036	470.161621	2.0
395	9558.286139	0.000000	0.000036	237.469621	2.0
396	9343.176981	0.000000	0.000036	263.285252	2.0
397	9561.203004	0.000000	0.000036	252.409538	2.0
398	9078.633049	0.000000	0.000036	394.588926	1.9
399	9623.028001	0.000000	0.000036	247.876193	1.9
400	9756.183335	0.000000	0.000036	244.589497	2.0
401	9448.317493	0.000000	0.000036	392.356486	2.0
402	9175.268021	0.000000	0.000036	501.632678	1.9
403	9704.666568	0.000000	0.000036	305.868750	2.0
404	9217.275064	0.013837	0.000036	311.131374	2.0
405	9142.374974	0.004576	0.000036	284.164437	2.1
406	9365.471733	0.000000	0.000036	274.093631	2.0
407	9636.851951	0.000000	0.000036	342.127002	2.0
408	9246.926114	0.000000	0.000036	364.795573	2.2
409	9812.051091	0.000000	0.000036	247.542346	2.1
410	9103.726550	0.000000	0.000036	400.540210	2.3
411	9469.866182	0.000000	0.000036	428.577490	4.3
412	9011.703449	0.035074	0.000036	237.118837	4.3
413	9408.712232	0.027793	0.000036	377.222317	5.5
414	9401.839215	0.020859	0.000036	266.909968	4.8
415	9578.548222	0.011846	0.000036	265.347532	4.9
416	8933.803326	0.004443	0.000036	385.017735	4.1
417	8960.135838	0.000000	0.000036	386.979549	3.9
418	9555.137909	0.000000	0.000036	247.480781	3.1
419	9326.366685	0.000000	0.000036	239.519605	3.2
420	9206.180359	0.000000	0.000036	321.943425	3.1
421	9561.880149	0.000000	0.000036	228.898736	3.2
422	9372.238164	0.000000	0.000036	526.740424	2.7
423	9471.007578	0.000000	0.000036	279.544510	3.2
424	9317.306143	0.000000	0.000036	348.928575	2.4
425	9160.750124	0.000000	0.000036	257.238032	2.5
426	9434.100777	0.000000	0.000036	290.877806	2.5
427	9465.669074	0.000000	0.000036	256.316656	2.6
428	9359.112943	0.000000	0.000036	274.734725	2.6
429	9333.876576	0.000000	0.000036	264.185120	2.9
430	9406.267514	0.000000	0.000036	300.788892	3.1
431	9262.726725	0.000000	0.000036	384.244891	2.7
432	9121.950933	0.000000	0.000036	369.357955	2.7
433	9348.589591	0.010063	0.000036	318.494187	2.4
434	9431.798281	0.012000	0.000036	337.968886	2.5
435	9131.865855	0.003344	0.000036	259.600374	2.5
436	9353.718343	0.000000	0.000036	287.062233	2.5
437	9408.184942	0.000000	0.000036	324.370400	2.3
438	9346.798163	0.000000	0.000036	258.455534	2.3
439	9208.449598	0.000000	0.000036	297.238842	3.6
440	9270.098904	0.000000	0.000036	282.658444	2.8
441	8945.297511	0.000000	0.000036	298.777070	2.6
442	8909.567533	0.000000	0.000036	405.390393	2.7
443	9171.581663	0.000000	0.000036	404.979806	4.5
444	9400.880990	0.010762	0.000036	320.210834	2.1
445	9326.210490	0.016987	0.000036	314.492573	2.2
446	9082.325735	0.012641	0.000036	339.231555	2.1
447	8953.947212	0.009220	0.000036	236.312403	2.1
448	9438.362430	0.002069	0.000036	279.022197	2.3
449	9482.839101	0.000000	0.000036	315.173730	2.2
450	9268.947150	0.000000	0.000036	272.422536	2.3
451	9286.180995	0.000000	0.000036	348.121131	2.2
452	9443.123645	0.000000	0.000036	307.998277	2.2
453	9337.691415	0.000000	0.000036	231.204386	2.2
454	9265.589451	0.000000	0.000036	418.645767	2.2
455	9156.220749	0.000000	0.000036	309.753091	2.3
456	9086.890962	0.000000	0.000036	270.026014	2.2
457	9105.414989	0.000000	0.000036	258.150526	2.1
458	9339.563736	0.000000	0.000036	273.969962	2.1
459	9398.150884	0.000000	0.000036	329.979898	2.1
460	9235.139115	0.000000	0.000036	400.356221	2.1
461	9261.189795	0.000000	0.000036	287.429957	2.2
462	8986.290309	0.000000	0.000036	312.001849	2.2
463	9326.431332	0.000000	0.000036	328.832827	2.2
464	9571.975635	0.000000	0.000036	323.771651	2.2
465	9208.772097	0.000000	0.000036	266.208604	2.2
466	9110.758981	0.000000	0.000036	295.260394	2.3
467	9171.079413	0.000000	0.000036	282.714875	2.3
468	9096.767771	0.000000	0.000036	261.097132	2.3
469	9062.653556	0.000000	0.000036	350.916765	2.3
470	9350.998317	0.000000	0.000036	342.822186	2.4
471	9333.018252	0.000000	0.000036	336.166738	2.4
472	9386.704394	0.000000	0.000036	277.611679	2.4
473	9231.823588	0.000000	0.000036	292.094263	2.4
474	9142.489801	0.000000	0.000036	274.749127	2.5
475	9579.795854	0.000000	0.000036	338.388246	2.6
476	9075.577341	0.000000	0.000036	261.090268	2.6
477	9142.280290	0.000000	0.000036	428.343904	2.6
478	9109.127950	0.000000	0.000036	317.061570	2.9
479	8831.630764	0.000000	0.000036	315.022390	2.8
480	9183.549748	0.000000	0.000036	384.313559	2.8
481	9186.212333	0.004975	0.000036	279.692934	4.8
482	9502.789668	0.000000	0.000036	330.044060	3.0
483	9010.506396	0.000000	0.000036	249.000991	2.9
484	9314.256448	0.000000	0.000036	304.228685	2.9
485	9529.072053	0.000000	0.000036	567.033978	3.1
486	9299.092166	0.012818	0.000036	261.375444	3.1
487	9070.110491	0.009277	0.000036	320.030475	3.7
488	9542.175845	0.000793	0.000036	437.876354	3.0
489	9187.525766	0.000000	0.000036	308.919746	5.3
490	9177.965158	0.000000	0.000036	259.202528	2.5
491	9454.364759	0.000000	0.000036	252.846185	2.2
492	8937.991925	0.000000	0.000036	292.961421	2.3
493	9146.579543	0.000000	0.000036	302.876669	4.5
494	9498.210273	0.000000	0.000036	403.734459	2.3
495	9565.661265	0.000000	0.000036	269.465369	2.3
496	9411.555853	0.000000	0.000036	297.502872	2.2
497	9186.245237	0.000000	0.000036	402.929247	2.6
498	9228.472005	0.000000	0.000036	243.950116	4.3
499	9169.251384	0.000000	0.000036	254.423511	4.6
500	9223.729935	0.000000	0.000036	271.039721	4.5
501	9284.957074	0.000000	0.000036	442.156853	3.8
502	8942.642610	0.000000	0.000036	575.867150	3.1
503	9234.338493	0.220331	0.000035	375.906155	3.9
504	9319.556233	0.296264	0.000035	322.718893	3.8
505	9202.445331	0.298368	0.000035	324.733530	3.4
506	9587.417461	0.290906	0.000035	391.370416	3.2
507	9065.226689	0.289736	0.000035	363.538033	3.1
508	9161.671379	0.296726	0.000035	262.856801	2.8
509	9078.920240	0.287915	0.000035	336.117572	2.6
510	9158.561839	0.282305	0.000035	288.020020	2.8
511	9296.635721	0.278073	0.000035	385.018266	4.7
512	9151.543260	0.268784	0.000035	231.330829	4.7
513	9309.852965	0.260989	0.000035	279.889380	4.5
514	9325.360607	0.253801	0.000035	292.705024	4.2
515	8834.890151	0.248143	0.000035	262.563226	2.1
516	9104.360007	0.239603	0.000035	278.108988	2.1
517	9119.884160	0.231397	0.000035	314.851047	2.2
518	9022.767442	0.223509	0.000035	346.352172	2.5
519	9112.059087	0.218576	0.000035	442.084868	2.5
520	9021.406843	0.208590	0.000035	264.048269	2.4
521	9110.130029	0.199077	0.000035	279.701954	2.6
522	9102.014001	0.194318	0.000035	241.450351	4.8
523	9502.000866	0.187276	0.000035	246.125098	4.7
524	9259.081133	0.179875	0.000035	297.395941	3.9
525	9544.518034	0.171446	0.000035	413.958295	4.7
526	9029.847042	0.162026	0.000035	331.483126	4.9
527	9236.580677	0.152200	0.000035	237.511421	4.8
528	8938.821206	0.143981	0.000035	374.137694	4.6
529	9162.666047	0.136430	0.000035	390.803861	4.8
530	8984.745318	0.127093	0.000035	363.962439	5.0
531	9205.498473	0.121901	0.000035	315.403291	4.9
532	9027.472767	0.112377	0.000035	292.685334	4.5
533	9314.873260	0.105400	0.000035	269.541652	4.7
534	9011.355374	0.097267	0.000035	252.936609	5.2
535	9292.588879	0.088858	0.000036	459.750073	4.7
536	8972.360745	0.081403	0.000036	263.898885	4.6
537	9313.895441	0.072380	0.000036	236.801087	5.2
538	9364.702636	0.064462	0.000036	458.554465	4.9
539	9271.488223	0.057931	0.000036	250.425018	4.9
540	9117.854699	0.049542	0.000036	248.829602	4.6
541	9414.962764	0.041735	0.000036	316.711404	4.3
542	8849.554166	0.034477	0.000036	241.487125	4.3
543	9223.909170	0.026454	0.000036	276.876714	3.9
544	9053.358245	0.018684	0.000036	264.922310	4.1
545	9305.594060	0.011090	0.000036	367.361585	3.4
546	9042.539988	0.003935	0.000036	316.837948	3.2
547	9333.540683	0.002983	0.000036	299.092851	2.8
548	9175.556561	0.000000	0.000036	493.475608	2.7
549	8902.059191	0.000000	0.000036	241.896124	2.4
550	9344.355218	0.000000	0.000036	250.168262	2.4
551	9286.691941	0.000000	0.000036	267.513605	2.4
552	8984.194031	0.000000	0.000036	237.758999	2.4
553	8792.605812	0.000000	0.000036	334.118058	2.5
554	9062.808531	0.000000	0.000036	292.783302	4.7
555	9099.110585	0.000000	0.000036	269.651278	5.2
556	8961.638540	0.000000	0.000036	357.544963	4.7
557	8847.947266	0.000000	0.000036	299.823288	4.2
558	9048.969193	0.000000	0.000036	287.929828	4.1
559	9125.856116	0.000000	0.000036	242.058967	4.4
560	8994.595194	0.000000	0.000036	241.007463	4.1
561	9399.712179	0.000000	0.000036	512.555550	3.4
562	9311.931553	0.000000	0.000036	255.441182	3.3
563	8965.661128	0.000000	0.000036	256.607192	2.0
564	9283.924297	0.000000	0.000036	285.646419	2.1
565	8913.817478	0.000000	0.000036	269.809768	2.1
566	8541.719272	0.000000	0.000036	316.663087	2.0
567	8990.638261	0.000000	0.000036	296.540078	2.0
568	8985.078946	0.000000	0.000036	446.628952	2.4
569	8780.883220	0.000000	0.000036	272.436109	2.1
570	9011.328250	0.000000	0.000036	280.189656	2.1
571	8987.367162	0.000000	0.000036	262.456525	2.1
572	9267.995622	0.000000	0.000036	354.797305	2.1
573	9152.927051	0.000000	0.000036	302.211474	2.1
574	9238.751490	0.000000	0.000036	242.591384	2.2
575	9058.049781	0.000000	0.000036	245.294095	2.1
576	9222.388657	0.000000	0.000036	275.882134	2.1
577	8830.097663	0.000000	0.000036	358.422259	2.2
578	8843.150661	0.000000	0.000036	371.504471	2.2
579	8857.914798	0.000000	0.000036	306.015653	2.4
580	8894.502661	0.000000	0.000036	295.478247	2.3
581	9157.872631	0.000000	0.000036	283.285692	4.4
582	8916.380506	0.000000	0.000036	338.304781	4.4
583	9194.390281	0.000000	0.000036	296.990276	4.1
584	9128.663752	0.000000	0.000036	356.348359	3.5
585	8872.794765	0.000000	0.000036	247.824189	2.6
586	8851.885547	0.000000	0.000036	271.414362	2.8
587	9091.149606	0.000000	0.000036	292.058354	3.2
588	8910.890141	0.000000	0.000036	308.870764	3.2
589	9178.320875	0.000000	0.000036	329.708995	3.1
590	8548.984937	0.000000	0.000036	262.894084	2.6
591	9040.927824	0.000000	0.000036	446.114934	2.5
592	8968.190511	0.000000	0.000036	328.186184	2.5
593	9281.023791	0.005503	0.000036	417.097435	2.6
594	8956.379237	0.000000	0.000036	321.516763	2.7
595	8839.393022	0.009132	0.000036	279.528772	2.7
596	8885.537669	0.002931	0.000036	253.035173	2.7
597	9081.570828	0.000000	0.000036	357.255842	2.7
598	9135.914404	0.000000	0.000036	260.191886	2.6
599	9037.068361	0.000000	0.000036	296.761326	2.6
600	9003.611737	0.000000	0.000036	270.403341	2.6
601	9372.186489	0.000000	0.000036	537.920747	2.5
602	8798.155017	0.000000	0.000036	283.600060	2.6
603	8984.864757	0.000000	0.000036	252.843747	4.9
604	9086.186260	0.000000	0.000036	354.131346	4.9
605	8926.702679	0.000000	0.000036	346.764606	4.8
606	8768.142187	0.004581	0.000036	282.235289	4.9
607	9028.471225	0.000000	0.000036	245.581992	4.8
608	8525.216780	0.000000	0.000036	338.969968	3.9
609	9049.109932	0.000000	0.000036	253.492075	3.6
610	8865.745755	0.000000	0.000036	265.782250	3.5
611	8869.209963	0.000000	0.000036	338.840945	2.9
612	8764.776155	0.000000	0.000036	364.497638	6.7
613	8861.471116	0.000000	0.000036	255.244057	4.8
614	9217.770493	0.000000	0.000036	316.515529	4.7
615	9096.013163	0.000000	0.000036	308.518801	4.8
616	9321.679449	0.000000	0.000036	420.674933	4.8
617	9072.674198	0.000000	0.000036	361.012758	3.8
618	9199.503509	0.000000	0.000036	265.274561	3.6
619	8852.432861	0.000000	0.000036	396.101072	5.9
620	9373.853428	0.000000	0.000036	374.268465	3.2
621	8821.143719	0.001125	0.000036	278.204988	3.1
622	9033.517607	0.000000	0.000036	379.424131	3.4
623	9330.061604	0.000000	0.000036	254.419268	3.4
624	8925.608721	0.000000	0.000036	235.473544	3.3
625	9073.029070	0.000000	0.000036	306.557951	3.1
626	8990.470149	0.000000	0.000036	303.334382	3.1
627	8662.209662	0.000000	0.000036	347.180340	5.1
628	8934.032406	0.000000	0.000036	349.881253	4.6
629	8686.249074	0.000000	0.000036	236.309527	2.5
630	9131.816466	0.000000	0.000036	513.407495	2.4
631	8893.522131	0.000000	0.000036	314.443446	2.1
632	8931.403091	0.000000	0.000036	248.265012	2.2
633	9433.516936	0.000000	0.000036	340.055043	2.2
634	8670.207871	0.000000	0.000036	229.147261	2.2
635	8578.121978	0.000000	0.000036	235.376598	2.2
636	8912.334763	0.000000	0.000036	313.091734	2.2
637	8768.386100	0.000000	0.000036	402.839124	2.2
638	8725.169999	0.000344	0.000036	243.611391	2.2
639	8993.043599	0.000000	0.000036	344.336875	2.2
640	8792.955768	0.000000	0.000036	247.736378	2.2
641	8660.523067	0.000000	0.000036	328.773562	2.2
642	8977.790708	0.000000	0.000036	255.044223	2.2
643	8974.928897	0.000000	0.000036	275.841345	2.2
644	9246.764821	0.000000	0.000036	266.233661	2.4
645	8630.255687	0.000000	0.000036	327.486087	2.2
646	9066.878307	0.000000	0.000036	387.031358	2.2
647	8658.444975	0.000000	0.000036	325.121415	2.3
648	8898.423098	0.006768	0.000036	294.194939	3.2
649	9015.148249	0.000000	0.000036	451.119410	2.6
650	8911.942625	0.007850	0.000036	285.489411	2.4
651	8850.245829	0.000000	0.000036	247.570686	2.5
652	9334.579441	0.000000	0.000036	277.937567	2.4
653	8956.165022	0.000000	0.000036	256.752860	2.4
654	8874.083113	0.000000	0.000036	413.591589	2.4
655	8765.172353	0.000000	0.000036	342.064846	2.4
656	9059.503554	0.016118	0.000036	403.459161	2.5
657	9197.397699	0.019592	0.000036	243.052568	2.7
658	9154.151337	0.011014	0.000036	250.738946	2.7
659	9110.778338	0.003571	0.000036	431.735656	2.6
660	9152.057449	0.000000	0.000036	262.225191	2.6
661	8928.594321	0.000000	0.000036	298.691386	2.5
662	8934.740147	0.000000	0.000036	301.117508	2.6
663	9069.057239	0.000000	0.000036	334.125793	2.5
664	8934.194647	0.000000	0.000036	261.694794	2.5
665	9012.174814	0.000000	0.000036	265.648805	2.4
666	9102.715963	0.000000	0.000036	292.508551	2.3
667	8772.543307	0.000000	0.000036	420.075284	2.3
668	8924.775988	0.002206	0.000036	352.732006	2.3
669	9106.381283	0.013237	0.000036	391.724710	2.4
670	9053.938331	0.023011	0.000036	257.615786	3.6
671	8993.389728	0.015630	0.000036	273.740293	2.2
672	9009.561437	0.007153	0.000036	236.469718	2.3
673	9031.699496	0.000000	0.000036	509.297064	2.5
674	8570.301760	0.000000	0.000036	395.203170	2.5
675	8787.013085	0.079192	0.000036	227.868073	2.5
676	8908.876825	0.071892	0.000036	259.226962	2.7
677	8865.783283	0.064414	0.000036	278.733263	4.7
678	8880.149939	0.057580	0.000036	411.079880	4.8
679	8922.350886	0.048114	0.000036	254.938705	5.3
680	8772.906137	0.039396	0.000036	240.470674	3.5
681	9172.032624	0.031508	0.000036	350.274178	4.2
682	9021.384829	0.025341	0.000036	439.648166	4.2
683	8859.169859	0.015982	0.000036	295.121839	3.9
684	8910.482118	0.013996	0.000036	255.028707	3.3
685	8959.060605	0.006012	0.000036	249.298343	3.2
686	8993.634650	0.000000	0.000036	411.810344	3.4
687	9081.308246	0.000000	0.000036	416.557350	3.0
688	9347.663798	0.020472	0.000036	369.812680	2.9
689	8535.092531	0.010610	0.000036	268.237173	2.9
690	8765.212666	0.007351	0.000036	317.102279	3.3
691	8918.210705	0.001255	0.000036	249.113260	4.6
692	8927.420619	0.000000	0.000036	239.237891	4.5
693	8854.962606	0.000000	0.000036	235.596610	3.9
694	8660.934261	0.000000	0.000036	238.802408	3.9
695	8478.839958	0.000000	0.000036	427.695008	4.8
696	8916.259934	0.000000	0.000036	302.055272	3.7
697	8859.386658	0.000000	0.000036	350.353737	4.2
698	9101.509480	0.000000	0.000036	260.274304	4.4
699	8909.731018	0.000000	0.000036	274.679412	4.0
700	8766.390955	0.000000	0.000036	239.678666	3.3
701	9106.584555	0.000000	0.000036	233.822559	3.3
702	8553.136183	0.000000	0.000036	248.511757	3.1
703	8588.843284	0.000000	0.000036	330.914528	3.1
704	9103.245915	0.000000	0.000036	262.542225	4.7
705	8967.150703	0.000000	0.000036	389.228635	4.9
706	8721.534079	0.000000	0.000036	383.755239	5.0
707	8327.447884	0.015013	0.000036	239.056437	4.3
708	8699.996614	0.007032	0.000036	295.376434	4.1
709	8858.966536	0.000000	0.000036	417.860691	4.0
710	9411.688237	0.000000	0.000036	381.218033	3.7
711	8966.061414	0.000000	0.000036	292.772414	4.9
712	8791.228747	0.000000	0.000036	457.779277	4.7
713	8927.657948	0.000000	0.000036	256.049945	4.8
714	9372.395405	0.000000	0.000036	285.459140	3.6
715	9062.128038	0.000000	0.000036	441.100538	3.6
716	8758.280850	0.000000	0.000036	279.980421	3.6
717	8867.170492	0.000000	0.000036	274.454146	5.0
718	8805.103887	0.000000	0.000036	347.799922	4.9
719	8906.400903	0.000000	0.000036	281.827181	3.9
720	9099.919376	0.000000	0.000036	291.708174	3.7
721	8707.252804	0.000000	0.000036	427.846669	4.0
722	8751.474898	0.000000	0.000036	265.486324	4.1
723	8305.231413	0.000000	0.000036	332.251132	4.0
724	8801.022384	0.000000	0.000036	273.668938	4.2
725	8800.215817	0.000000	0.000036	255.539610	4.2
726	8553.013294	0.000000	0.000036	282.150233	4.0
727	8871.445338	0.000000	0.000036	301.593075	3.4
728	8831.599964	0.000000	0.000036	237.541630	3.7
729	8756.961671	0.000000	0.000036	263.583183	4.4
730	8724.987033	0.000000	0.000036	285.862920	5.0
731	8981.971559	0.000000	0.000036	378.172569	4.1
732	8663.111508	0.000000	0.000036	324.231247	2.6
733	8801.051922	0.001901	0.000036	277.100346	3.2
734	8641.689202	0.000000	0.000036	353.103302	4.4
735	8985.902945	0.000000	0.000036	354.765625	4.3
736	8403.570489	0.004570	0.000036	285.105706	4.9
737	8911.536731	0.000000	0.000036	554.205327	3.3
738	8770.816021	0.007329	0.000036	433.511207	3.2
739	8751.856398	0.220507	0.000035	276.105418	2.9
740	8509.362304	0.213940	0.000035	360.130707	4.1
741	8284.799862	0.205480	0.000035	240.201836	2.7
742	8766.302160	0.197185	0.000035	291.376082	2.6
743	8795.635899	0.190217	0.000035	271.839435	5.3
744	8724.882012	0.181600	0.000035	270.214431	5.0
745	9005.838691	0.173084	0.000035	276.187899	4.7
746	9031.329304	0.165369	0.000035	277.581533	3.4
747	8479.457216	0.158979	0.000035	413.647493	2.2
748	8481.635671	0.158485	0.000035	303.963775	2.2
749	8626.633638	0.156204	0.000035	329.238851	2.3
750	8680.546741	0.147195	0.000035	291.470138	2.2
751	8516.120576	0.139207	0.000035	372.599668	2.3
752	8611.009070	0.132444	0.000035	380.526860	2.2
753	8841.868823	0.122502	0.000035	289.375401	2.2
754	8571.013824	0.113159	0.000035	348.182134	2.2
755	8552.976452	0.106641	0.000035	309.289629	2.2
756	9327.583275	0.101908	0.000035	313.644609	2.3
757	8711.894668	0.093479	0.000036	264.090048	2.3
758	8594.175034	0.084916	0.000036	268.156605	2.3
759	8344.513089	0.078499	0.000036	325.307130	2.3
760	9058.335830	0.069910	0.000036	361.521476	2.2
761	8836.205218	0.060978	0.000036	347.108445	2.4
762	8854.426796	0.057210	0.000036	302.604703	2.1
763	8843.709294	0.053101	0.000036	264.214746	2.1
764	8347.542493	0.044445	0.000036	231.436105	2.1
765	8647.199076	0.037149	0.000036	346.934780	2.1
766	8672.480556	0.030942	0.000036	292.197316	2.1
767	8474.883266	0.026504	0.000036	254.436166	2.2
768	8597.013261	0.018860	0.000036	262.807840	2.1
769	9039.646365	0.013250	0.000036	245.323304	2.1
770	8953.507396	0.005584	0.000036	321.485321	2.1
771	8631.348859	0.000000	0.000036	299.574862	2.0
772	8674.348769	0.000000	0.000036	233.894063	2.1
773	8696.284254	0.000000	0.000036	297.574582	2.1
774	8528.063676	0.000000	0.000036	361.883706	2.1
775	8602.898996	0.000000	0.000036	294.806395	2.1
776	8952.523935	0.000000	0.000036	282.502317	2.2
777	8795.894950	0.000000	0.000036	376.427267	2.2
778	8790.957041	0.000000	0.000036	257.112228	2.2
779	8843.202115	0.000000	0.000036	417.370314	2.5
780	8829.696692	0.000000	0.000036	357.792500	2.4
781	8746.082301	0.016942	0.000036	289.735460	2.5
782	8778.723058	0.009389	0.000036	303.210452	2.5
783	8748.110846	0.002587	0.000036	340.124447	2.1
784	8548.270647	0.000000	0.000036	382.490703	2.2
785	8629.380261	0.000000	0.000036	311.603866	2.2
786	8666.987680	0.003319	0.000036	235.983507	2.1
787	8870.349479	0.000000	0.000036	392.950793	2.1
788	8536.716044	0.000000	0.000036	335.311175	2.2
789	8286.620439	0.010283	0.000036	255.253222	2.2
790	8918.931872	0.001817	0.000036	353.960026	2.3
791	8979.055405	0.000000	0.000036	254.094894	2.7
792	8880.452656	0.000000	0.000036	444.242024	2.5
793	8826.522067	0.000000	0.000036	243.370819	2.5
794	8806.505292	0.000000	0.000036	348.158182	2.5
795	8506.565429	0.000000	0.000036	248.733687	2.5
796	8929.990191	0.000000	0.000036	269.880603	2.4
797	8441.906152	0.000000	0.000036	243.163098	2.4
798	8430.851243	0.000000	0.000036	225.671757	2.4
799	8994.661815	0.000000	0.000036	303.226213	2.6
800	8496.090555	0.000000	0.000036	228.448453	4.7
801	8473.548546	0.000000	0.000036	284.034125	4.8
802	8580.837126	0.000000	0.000036	313.463606	3.2
803	8656.901599	0.000000	0.000036	320.053767	3.0
804	8795.565868	0.000000	0.000036	259.534992	3.1
805	8579.145942	0.000000	0.000036	257.303476	3.1
806	8965.951599	0.000000	0.000036	314.524452	3.0
807	8793.996886	0.000000	0.000036	261.299894	3.1
808	8615.594653	0.000000	0.000036	242.644691	4.8
809	8522.336476	0.000000	0.000036	255.164283	2.8
810	8607.024692	0.000000	0.000036	346.798182	2.8
811	8626.879302	0.000000	0.000036	237.875660	3.5
812	8819.931958	0.000000	0.000036	429.867765	2.9
813	8517.869633	0.000000	0.000036	258.639652	2.9
814	8922.495977	0.000000	0.000036	282.587585	3.0
815	8780.741903	0.000000	0.000036	250.148374	2.9
816	8538.890330	0.000000	0.000036	367.589835	2.9
817	8784.608367	0.000000	0.000036	395.612805	3.0
818	8779.947017	0.000000	0.000036	238.027412	5.1
819	8597.337191	0.000000	0.000036	300.140255	4.7
820	8522.786255	0.000000	0.000036	296.531804	4.7
821	8716.469373	0.000000	0.000036	228.426745	4.8
822	8274.064360	0.000000	0.000036	247.628875	4.7
823	8185.098124	0.000000	0.000036	309.529333	2.4
824	8202.085057	0.000000	0.000036	266.590598	2.4
825	8229.039472	0.000000	0.000036	229.397849	2.6
826	8795.829650	0.000000	0.000036	292.056685	2.7
827	8438.463523	0.000000	0.000036	278.652423	2.8
828	8190.896499	0.000000	0.000036	277.088430	2.7
829	8745.675334	0.000000	0.000036	249.415218	3.0
830	8376.498591	0.000000	0.000036	232.644928	3.0
831	8871.581550	0.000000	0.000036	241.271460	3.0
832	8636.533619	0.000000	0.000036	254.738227	3.1
833	8383.655364	0.000000	0.000036	242.316702	3.2
834	8668.226262	0.000000	0.000036	241.085051	3.2
835	8114.536464	0.000000	0.000036	325.096227	2.9
836	8170.932496	0.000000	0.000036	394.781425	2.7
837	9177.272307	0.000000	0.000036	389.425349	2.5
838	8786.405574	0.000000	0.000036	316.053214	2.6
839	8292.328577	0.000000	0.000036	252.751897	2.7
840	8399.318677	0.000000	0.000036	331.175409	2.6
841	8534.997904	0.000000	0.000036	405.230964	2.6
842	8642.674960	0.014945	0.000036	250.444623	2.6
843	8665.716208	0.009320	0.000036	241.143705	2.6
844	8689.296512	0.001832	0.000036	252.929793	2.5
845	8382.097546	0.000000	0.000036	323.348168	2.6
846	8571.973655	0.000000	0.000036	267.918039	2.6
847	8345.221291	0.000000	0.000036	290.842043	2.7
848	8684.416345	0.000000	0.000036	478.855618	2.8
849	8453.750700	0.008515	0.000036	228.499477	2.9
850	8364.491379	0.002031	0.000036	265.271917	4.5
851	8511.391168	0.000000	0.000036	238.227586	4.6
852	8670.816780	0.000000	0.000036	273.802291	3.9
853	8714.519520	0.000000	0.000036	278.932904	3.4
854	8572.045589	0.000000	0.000036	268.277462	3.5
855	8381.787405	0.000000	0.000036	287.575824	3.3
856	8199.432048	0.000000	0.000036	284.959261	3.2
857	8536.899919	0.000000	0.000036	331.534833	3.3
858	8533.812227	0.000000	0.000036	422.063034	3.1
859	8900.808309	0.000000	0.000036	266.755884	2.9
860	8587.022360	0.000000	0.000036	268.058880	2.8
861	8515.802177	0.000000	0.000036	276.675401	2.7
862	8921.414109	0.000000	0.000036	253.654091	2.2
863	8490.344568	0.000000	0.000036	270.215199	2.2
864	8613.495698	0.000000	0.000036	362.448572	2.2
865	8523.324227	0.000000	0.000036	293.892270	2.2
866	8842.479990	0.000000	0.000036	423.399330	4.2
867	8691.051792	0.000000	0.000036	299.611311	4.3
868	8519.664635	0.000000	0.000036	258.437205	2.4
869	8831.111576	0.000000	0.000036	307.745456	2.6
870	8874.575531	0.000000	0.000036	277.493554	2.7
871	8494.645299	0.000000	0.000036	284.580204	2.7
872	8449.264373	0.000000	0.000036	255.607846	5.5
873	8616.280825	0.000000	0.000036	249.025160	2.4
874	8259.050179	0.000000	0.000036	325.762215	2.4
875	8751.949471	0.000000	0.000036	369.931809	2.4
876	8669.323803	0.000092	0.000036	281.039259	2.9
877	8358.179719	0.000000	0.000036	297.230814	3.7
878	8114.897024	0.000000	0.000036	309.710276	2.7
879	8604.886283	0.000000	0.000036	231.559744	3.0
880	8677.201752	0.000000	0.000036	279.782644	3.5
881	8304.597135	0.000000	0.000036	401.305611	3.0
882	8572.592025	0.000000	0.000036	358.805221	2.9
883	8208.374858	0.007446	0.000036	257.574270	3.1
884	8610.569927	0.000000	0.000036	313.114729	4.9
885	8704.875025	0.000000	0.000036	295.013420	5.1
886	8336.147750	0.000000	0.000036	413.357363	4.9
887	8713.090008	0.000000	0.000036	269.628407	4.9
888	8535.530146	0.000000	0.000036	263.433574	4.6
889	8602.063505	0.000000	0.000036	290.340985	4.1
890	8598.422555	0.000000	0.000036	234.469895	4.0
891	8073.765022	0.000000	0.000036	331.024717	3.9
892	8091.506416	0.000000	0.000036	327.877649	3.1
893	8377.399885	0.000000	0.000036	263.325267	3.1
894	8472.236724	0.000000	0.000036	475.783204	3.1
895	8492.967219	0.001719	0.000036	266.223801	2.8
896	8534.286142	0.000000	0.000036	237.911626	2.8
897	8811.428560	0.000000	0.000036	300.503831	2.8
898	8409.310826	0.000000	0.000036	345.140765	2.6
899	8474.815962	0.000000	0.000036	295.696644	2.6
900	8513.582821	0.000000	0.000036	276.922376	2.5
901	8539.488668	0.000000	0.000036	290.172829	2.6
902	8367.971845	0.000000	0.000036	240.438128	2.4
903	8505.185969	0.000000	0.000036	289.927380	2.5
904	8518.569483	0.000000	0.000036	226.742169	2.3
905	8516.070270	0.000000	0.000036	366.397512	2.3
906	8522.075397	0.000000	0.000036	277.051043	2.4
907	8192.439621	0.000000	0.000036	233.947209	2.4
908	8637.423066	0.000000	0.000036	293.026801	2.4
909	8507.056145	0.000000	0.000036	278.561914	2.4
910	8274.501520	0.000000	0.000036	293.301952	2.5
911	8101.256858	0.000000	0.000036	454.155850	2.6
912	8502.200882	0.000000	0.000036	341.992694	2.6
913	8241.524360	0.015514	0.000036	239.885373	2.5
914	8132.872637	0.008357	0.000036	319.424218	2.8
915	8541.876114	0.000223	0.000036	329.146227	2.8
916	8575.946414	0.000000	0.000036	286.319585	2.8
917	8406.038487	0.000000	0.000036	282.308731	2.8
918	8458.169956	0.000000	0.000036	259.263214	3.0
919	8318.429111	0.000000	0.000036	326.159151	3.1
920	8658.227839	0.000000	0.000036	249.038949	3.0
921	8733.084675	0.000000	0.000036	360.496159	5.1
922	8429.854017	0.000000	0.000036	272.669377	3.5
923	8268.063089	0.000000	0.000036	232.261410	2.6
924	8371.595655	0.000000	0.000036	282.011753	2.9
925	8405.821488	0.000000	0.000036	273.162601	3.0
926	8278.367228	0.000000	0.000036	267.983766	3.0
927	8363.630323	0.000000	0.000036	257.613936	2.3
928	8690.891130	0.000000	0.000036	331.403165	2.3
929	8448.916430	0.000000	0.000036	240.818156	2.3
930	8427.615055	0.000000	0.000036	271.201028	2.4
931	8168.353138	0.000000	0.000036	300.336413	2.3
932	8160.823101	0.000000	0.000036	351.150043	2.2
933	8450.749836	0.000000	0.000036	248.712321	2.2
934	8429.618947	0.000000	0.000036	352.158363	2.2
935	8378.766158	0.000000	0.000036	283.983558	2.6
936	8318.266582	0.000000	0.000036	218.625295	5.0
937	8779.408476	0.000000	0.000036	271.922574	5.1
938	8109.810931	0.000000	0.000036	268.403613	5.0
939	8198.334724	0.000000	0.000036	263.730125	4.5
940	8274.272096	0.000000	0.000036	355.319025	3.7
941	8371.709253	0.000000	0.000036	381.863675	5.0
942	8457.941956	0.000000	0.000036	379.952497	5.0
943	8181.499242	0.021511	0.000036	237.102023	4.8
944	8255.581958	0.015571	0.000036	319.531888	3.9
945	8137.892535	0.008075	0.000036	276.743071	3.6
946	8635.698173	0.003152	0.000036	286.688155	4.1
947	8568.149926	0.000000	0.000036	257.439373	4.6
948	8446.243138	0.000000	0.000036	237.247713	4.6
949	8450.746959	0.000000	0.000036	259.880969	3.5
950	8333.878481	0.000000	0.000036	228.864763	3.4
951	8392.756881	0.000000	0.000036	617.730582	3.3
952	8330.838241	0.000000	0.000036	289.832029	2.7
953	8237.602709	0.027148	0.000036	306.384537	2.6
954	8105.647979	0.018897	0.000036	412.836384	2.7
955	8627.687935	0.027626	0.000036	365.864147	2.7
956	8529.246242	0.017633	0.000036	383.440747	2.7
957	8361.436253	0.019519	0.000036	391.844793	2.7
958	8498.812194	0.009666	0.000036	354.896668	2.7
959	8410.218334	0.000495	0.000036	370.694112	3.2
960	8366.014784	0.011448	0.000036	295.251396	3.1
961	8472.952742	0.012250	0.000036	242.491374	3.0
962	8435.973433	0.006460	0.000036	236.345974	3.0
963	8139.435669	0.000000	0.000036	319.166050	2.8
964	8675.908842	0.000000	0.000036	287.542801	2.8
965	8330.316181	0.000000	0.000036	316.333124	2.8
966	8401.681052	0.000000	0.000036	258.525887	3.1
967	8282.568973	0.000000	0.000036	355.734672	3.1
968	8254.437795	0.000000	0.000036	248.544314	3.1
969	8535.846091	0.000000	0.000036	344.802989	3.2
970	8384.445023	0.000000	0.000036	290.106375	3.1
971	8152.238725	0.000000	0.000036	277.681413	3.1
972	8299.450482	0.000000	0.000036	264.200421	3.1
973	8263.128133	0.000000	0.000036	264.383390	2.9
974	8691.083279	0.000000	0.000036	313.681873	2.8
975	8187.358235	0.000000	0.000036	271.511306	3.0
976	8466.630464	0.000000	0.000036	253.494985	4.5
977	8540.675663	0.000000	0.000036	298.487695	4.5
978	8312.431541	0.000000	0.000036	473.970429	3.8
979	8279.661959	0.007074	0.000036	240.210818	3.6
980	8005.110471	0.002477	0.000036	244.341091	4.9
981	8241.095950	0.000000	0.000036	226.134954	5.1
982	8453.367621	0.000000	0.000036	361.583881	4.9
983	8277.747647	0.000000	0.000036	259.225978	3.8
984	8686.935133	0.000000	0.000036	261.184710	4.8
985	8329.579509	0.000000	0.000036	242.991891	4.7
986	8321.506321	0.000000	0.000036	439.938307	4.7
987	8190.490171	0.000000	0.000036	422.471740	4.0
988	8547.389938	0.059841	0.000036	256.639551	3.7
989	8299.393881	0.051636	0.000036	248.702399	3.6
990	8059.092109	0.044275	0.000036	312.137209	3.2
991	8099.809106	0.039559	0.000036	245.179988	3.2
992	8575.861193	0.034295	0.000036	217.295130	3.1
993	8099.001729	0.027042	0.000036	314.541596	3.3
994	8172.130231	0.020022	0.000036	264.487391	5.8
995	8448.629900	0.011117	0.000036	262.817771	5.2
996	8440.220900	0.002734	0.000036	373.346063	5.0
997	8623.183028	0.000000	0.000036	225.335799	3.9
998	8130.451091	0.000000	0.000036	249.051963	3.9
999	8130.144181	0.000000	0.000036	285.289971	3.8
1000	8329.847166	0.000000	0.000036	241.509037	3.1
1001	8405.972717	0.000000	0.000036	242.089312	3.3
1002	8367.048874	0.000000	0.000036	317.964191	3.0
1003	8280.846643	0.000000	0.000036	294.191699	3.1
1004	8281.515878	0.000000	0.000036	475.362507	3.2
1005	7933.293520	0.000000	0.000036	334.077250	3.1
1006	8554.190457	0.033050	0.000036	227.065399	2.8
1007	8356.774816	0.026637	0.000036	352.825159	2.8
1008	8066.361852	0.019206	0.000036	441.176237	2.8
1009	8438.487170	0.009472	0.000036	258.668626	2.7
1010	8139.691873	0.003793	0.000036	228.968184	2.9
1011	8481.592197	0.000000	0.000036	294.152750	2.9
1012	8488.724475	0.000000	0.000036	298.610796	2.7
1013	8305.836110	0.000000	0.000036	244.743827	2.5
1014	8435.670061	0.000000	0.000036	415.031909	2.6
1015	8184.438200	0.000000	0.000036	238.125303	2.5
1016	8271.977440	0.000000	0.000036	343.968288	2.4
1017	8399.301934	0.000000	0.000036	265.001293	2.3
1018	8163.345014	0.000000	0.000036	328.419404	2.3
1019	8481.118445	0.000000	0.000036	255.785691	2.3
1020	8334.284772	0.000000	0.000036	296.893510	2.4
1021	8195.559461	0.000000	0.000036	328.943044	2.4
1022	8383.686148	0.000000	0.000036	310.893168	2.4
1023	8109.937331	0.000000	0.000036	221.788315	2.5
1024	8434.041908	0.000000	0.000036	323.244226	2.5
1025	8172.555582	0.000000	0.000036	312.823454	2.4
1026	8085.800762	0.000000	0.000036	289.636913	2.4
1027	8490.346148	0.000000	0.000036	251.397965	2.4
1028	8151.685741	0.000000	0.000036	308.179572	2.5
1029	7887.994618	0.000000	0.000036	340.627119	2.4
1030	7798.250294	0.000000	0.000036	316.320927	2.5
1031	8156.572037	0.000000	0.000036	222.701741	2.4
1032	8195.944291	0.000000	0.000036	249.225764	2.5
1033	7923.147371	0.000000	0.000036	326.785267	2.4
1034	8261.018931	0.000000	0.000036	278.913845	2.3
1035	8056.960976	0.000000	0.000036	207.575549	2.4
1036	8334.968626	0.000000	0.000036	217.959595	2.3
1037	8271.049355	0.000000	0.000036	261.710517	2.4
1038	8505.597948	0.000000	0.000036	398.320941	2.6
1039	7996.938312	0.000000	0.000036	266.247237	2.6
1040	8527.437895	0.000000	0.000036	330.213577	2.7
1041	8160.678581	0.000000	0.000036	322.452960	2.6
1042	7996.145988	0.001879	0.000036	288.381932	2.9
1043	8353.901428	0.000000	0.000036	230.250589	2.9
1044	8320.814753	0.000000	0.000036	285.781940	2.9
1045	8180.840900	0.000000	0.000036	526.943553	2.7
1046	7989.933277	0.000000	0.000036	413.128253	2.8
1047	8134.145585	0.068003	0.000036	414.376267	2.9
1048	8506.602722	0.128058	0.000035	335.361923	4.9
1049	8366.023477	0.126352	0.000035	276.712151	4.9
1050	8184.582260	0.120138	0.000035	234.959771	2.9
1051	8239.021785	0.114076	0.000035	288.440078	2.9
1052	8324.699566	0.107369	0.000035	334.335234	3.0
1053	8207.910234	0.101405	0.000035	266.217192	2.9
1054	8056.843063	0.096590	0.000035	295.638522	2.7
1055	8091.464157	0.091667	0.000036	535.051340	4.1
1056	7996.918852	0.112259	0.000035	223.428555	4.8
1057	8244.431792	0.105820	0.000035	287.622479	4.7
1058	8244.708911	0.099740	0.000035	270.714601	4.6
1059	7985.723819	0.091771	0.000036	514.851302	3.4
1060	8003.847337	0.094932	0.000035	289.947900	3.4
1061	8339.418798	0.113471	0.000035	289.325515	3.5
1062	7843.887433	0.105546	0.000035	376.711079	2.8
1063	7912.455815	0.100085	0.000035	265.062150	2.9
1064	8150.100915	0.094637	0.000036	249.055803	4.8
1065	8213.730503	0.086377	0.000036	323.793836	4.7
1066	7772.027004	0.080114	0.000036	293.114257	4.7
1067	7889.358262	0.075479	0.000036	225.163530	4.3
1068	8174.612080	0.068435	0.000036	247.209444	3.8
1069	8268.019388	0.062833	0.000036	240.836084	3.3
1070	8373.794855	0.055046	0.000036	264.565199	3.3
1071	8283.532447	0.047708	0.000036	221.743400	3.2
1072	7864.055993	0.040624	0.000036	245.297687	3.0
1073	8244.547558	0.033460	0.000036	241.118007	2.6
1074	7973.028429	0.026595	0.000036	267.529857	5.4
1075	8314.682238	0.018443	0.000036	432.944479	2.9
1076	8488.052255	0.011236	0.000036	377.819993	2.9
1077	8345.840317	0.003132	0.000036	240.337686	2.9
1078	7950.091948	0.000000	0.000036	282.922748	2.8
1079	8501.095224	0.000000	0.000036	382.742871	2.8
1080	8264.728297	0.000536	0.000036	367.350726	2.8
1081	8371.008706	0.014325	0.000036	392.338559	5.0
1082	8030.046556	0.004414	0.000036	239.221944	3.9
1083	7988.613553	0.000000	0.000036	463.014014	3.3
1084	8179.981817	0.000000	0.000036	228.562393	3.5
1085	8219.462042	0.000000	0.000036	256.851481	3.6
1086	8434.001996	0.000000	0.000036	320.774103	3.6
1087	8344.301800	0.000000	0.000036	237.148113	2.8
1088	7828.446783	0.000000	0.000036	333.511770	2.8
1089	8018.080651	0.000000	0.000036	229.806295	2.8
1090	7960.471465	0.000000	0.000036	349.341086	2.7
1091	8017.378237	0.000000	0.000036	274.195868	2.5
1092	8042.460877	0.000000	0.000036	228.794268	2.4
1093	7891.530897	0.000000	0.000036	391.835970	2.4
1094	8341.607958	0.000000	0.000036	377.951513	2.5
1095	8390.969989	0.000000	0.000036	291.004251	2.3
1096	8304.448478	0.000000	0.000036	244.855822	2.3
1097	8471.245300	0.000000	0.000036	333.906581	2.3
1098	8300.914904	0.000000	0.000036	306.060387	2.3
1099	8246.066448	0.000000	0.000036	266.917440	2.5
1100	8410.443038	0.000000	0.000036	583.679585	4.8
1101	8092.550220	0.000000	0.000036	261.161049	4.6
1102	8301.861047	0.000000	0.000036	241.210508	4.6
1103	8324.080714	0.000000	0.000036	322.972267	4.9
1104	8248.195374	0.000000	0.000036	274.500444	5.0
1105	8200.042426	0.000000	0.000036	222.362957	4.5
1106	8125.283424	0.000000	0.000036	230.049209	4.4
1107	8205.348087	0.000000	0.000036	362.340377	4.3
1108	8138.174523	0.000000	0.000036	269.588203	3.5
1109	8143.028375	0.000000	0.000036	257.332318	3.4
1110	8040.438630	0.000000	0.000036	214.501457	3.8
1111	8058.632696	0.000000	0.000036	253.207451	3.2
1112	8234.993862	0.000000	0.000036	301.108190	3.3
1113	7956.890625	0.000000	0.000036	240.885772	2.7
1114	7846.026285	0.000000	0.000036	284.723261	2.4
1115	7985.039030	0.000000	0.000036	318.672723	2.1
1116	8011.134428	0.000000	0.000036	336.784813	2.2
1117	7742.401830	0.000140	0.000036	252.970652	2.3
1118	8086.939160	0.000000	0.000036	472.555808	2.4
1119	8224.960297	0.000633	0.000036	407.758371	4.5
1120	8193.621842	0.000000	0.000036	361.322361	4.7
1121	8137.148533	0.001630	0.000036	331.460193	3.4
1122	7998.118668	0.000000	0.000036	236.854618	3.4
1123	8592.616356	0.000000	0.000036	276.849328	3.4
1124	8182.089857	0.000000	0.000036	305.148746	3.0
1125	8248.859829	0.000000	0.000036	490.125805	2.9
1126	8055.928541	0.000000	0.000036	255.818809	3.0
1127	7983.546855	0.000000	0.000036	303.408425	3.0
1128	8177.600227	0.000000	0.000036	312.973457	2.8
1129	8105.488381	0.000000	0.000036	294.737903	2.8
1130	7879.249731	0.000063	0.000036	245.808995	3.7
1131	8072.224923	0.000000	0.000036	263.230068	4.5
1132	8020.777778	0.000000	0.000036	327.595268	3.1
1133	8211.221015	0.000000	0.000036	252.295094	3.1
1134	7975.502239	0.000000	0.000036	310.457298	3.4
1135	8137.910824	0.000000	0.000036	232.492092	3.4
1136	8015.822486	0.000000	0.000036	248.035541	5.0
1137	7910.089471	0.000000	0.000036	281.868734	4.9
1138	8300.107584	0.000000	0.000036	228.318995	4.6
1139	8107.859295	0.000000	0.000036	251.064162	4.0
1140	8030.550358	0.000000	0.000036	294.288812	3.9
1141	8043.373746	0.000000	0.000036	258.740596	4.5
1142	7789.369272	0.000000	0.000036	325.387046	4.5
1143	8138.244140	0.000000	0.000036	217.008904	3.4
1144	8466.137616	0.000000	0.000036	229.462085	3.4
1145	7964.916732	0.000000	0.000036	227.588463	3.4
1146	7930.718473	0.000000	0.000036	341.604730	2.7
1147	8181.713184	0.000000	0.000036	263.422384	2.8
1148	8200.470093	0.000000	0.000036	265.491678	2.7
1149	8335.847227	0.000000	0.000036	250.169888	2.7
1150	8049.554042	0.000000	0.000036	420.158802	2.6
1151	8049.968491	0.000000	0.000036	322.698503	2.5
1152	7807.744849	0.019695	0.000036	213.658382	2.4
1153	8179.186489	0.013503	0.000036	306.708144	2.4
1154	8062.221810	0.007198	0.000036	312.850090	2.4
1155	7964.950243	0.004177	0.000036	203.400233	2.4
1156	8076.066344	0.000000	0.000036	289.333517	2.3
1157	7961.946290	0.000000	0.000036	238.815271	2.4
1158	7893.126301	0.000000	0.000036	248.745765	2.2
1159	7785.906807	0.000000	0.000036	364.889432	2.2
1160	8028.663047	0.000000	0.000036	317.098256	2.1
1161	8200.383953	0.005788	0.000036	279.060797	2.2
1162	8028.641357	0.000000	0.000036	256.300768	2.3
1163	8121.445202	0.000000	0.000036	267.346364	4.7
1164	7825.193253	0.000000	0.000036	264.939801	4.5
1165	7919.600138	0.000000	0.000036	223.088397	2.5
1166	7983.819314	0.000000	0.000036	550.469704	2.6
1167	8076.254335	0.000000	0.000036	290.318592	2.5
1168	8123.289419	0.017673	0.000036	301.456122	2.6
1169	7920.533910	0.008767	0.000036	392.452881	2.7
1170	8027.759226	0.000000	0.000036	231.760897	2.7
1171	7886.872464	0.000000	0.000036	323.007167	2.9
1172	7920.500141	0.000000	0.000036	266.499931	4.7
1173	8142.287144	0.000000	0.000036	361.706596	4.9
1174	8053.325660	0.000423	0.000036	231.700756	4.8
1175	7991.525981	0.000000	0.000036	240.534333	4.9
1176	8101.326334	0.000000	0.000036	218.560315	4.7
1177	7969.942744	0.000000	0.000036	318.176736	4.6
1178	8062.484074	0.000000	0.000036	234.573395	4.2
1179	8134.712301	0.000000	0.000036	321.277739	4.0
1180	7958.032849	0.000000	0.000036	355.899058	3.9
1181	7864.904040	0.000000	0.000036	290.822073	3.2
1182	7909.140777	0.003452	0.000036	357.859826	3.2
1183	7910.561530	0.006159	0.000036	230.297109	3.2
1184	7936.556329	0.000000	0.000036	257.466515	2.8
1185	8229.781720	0.000000	0.000036	247.223953	2.8
1186	7809.836516	0.000000	0.000036	292.230839	2.7
1187	7864.668236	0.000000	0.000036	236.135895	2.8
1188	7535.800591	0.000000	0.000036	269.046885	2.7
1189	7995.418417	0.000000	0.000036	233.012697	3.4
1190	7847.102445	0.000000	0.000036	316.832891	3.1
1191	7962.476575	0.000000	0.000036	218.424829	2.7
1192	8046.042043	0.000000	0.000036	351.572890	2.9
1193	7935.079843	0.000000	0.000036	239.706159	4.2
1194	7978.360101	0.000000	0.000036	289.672255	2.1
1195	8001.254208	0.000000	0.000036	252.842407	2.1
1196	8093.235163	0.000000	0.000036	566.350760	2.1
1197	7886.406020	0.000000	0.000036	323.831915	4.7
1198	7655.503127	0.051649	0.000036	295.813559	4.9
1199	8011.719683	0.052589	0.000036	316.870569	4.7
1200	7902.472399	0.044110	0.000036	255.488959	2.2
1201	8185.034124	0.036873	0.000036	351.176000	2.1
1202	8051.037694	0.033155	0.000036	253.793290	2.1
1203	8056.881702	0.025603	0.000036	262.894787	2.2
1204	8021.414054	0.018563	0.000036	300.499279	2.2
1205	8000.399444	0.016302	0.000036	252.930900	2.1
1206	8033.197890	0.012603	0.000036	299.134877	2.2
1207	8507.655414	0.006383	0.000036	503.383917	2.1
1208	7870.045173	0.000000	0.000036	271.023623	2.1
1209	7817.627023	0.000000	0.000036	229.991325	2.3
1210	7862.034287	0.000000	0.000036	279.160934	2.3
1211	8023.654699	0.000000	0.000036	336.620982	2.3
1212	7867.609363	0.000000	0.000036	278.155584	2.2
1213	7738.658323	0.000000	0.000036	310.308355	2.3
1214	7684.918697	0.000000	0.000036	329.009740	2.3
1215	8051.727493	0.002596	0.000036	266.130337	2.5
1216	7626.603125	0.000000	0.000036	304.415348	2.5
1217	8564.608008	0.000000	0.000036	261.958624	2.6
1218	7738.324777	0.000000	0.000036	241.527647	2.6
1219	7812.580488	0.000000	0.000036	224.817682	2.6
1220	8300.304931	0.000000	0.000036	239.947272	2.7
1221	8199.709076	0.000000	0.000036	310.005150	2.7
1222	7991.843829	0.000000	0.000036	273.272651	2.7
1223	7852.966601	0.000000	0.000036	286.989311	2.6
1224	7919.108473	0.000000	0.000036	311.044149	2.7
1225	8043.670432	0.000000	0.000036	515.651211	2.7
1226	8054.024091	0.020017	0.000036	245.678968	2.7
1227	7503.563333	0.022241	0.000036	331.179426	2.7
1228	8161.186730	0.014876	0.000036	257.271142	2.7
1229	7863.909294	0.008568	0.000036	294.352758	2.9
1230	7848.143197	0.002048	0.000036	254.544130	3.0
1231	7655.912668	0.000000	0.000036	216.325035	2.9
1232	7950.950562	0.000000	0.000036	229.788891	2.3
1233	7920.152311	0.000000	0.000036	260.797807	2.3
1234	7829.182877	0.000000	0.000036	224.422303	2.5
1235	7944.437236	0.000000	0.000036	299.044998	4.9
1236	7927.986023	0.000000	0.000036	245.755270	4.7
1237	7668.995258	0.000000	0.000036	307.018005	4.7
1238	7799.776727	0.000000	0.000036	265.660334	5.0
1239	7846.956016	0.000000	0.000036	215.873739	4.7
1240	7820.138228	0.000000	0.000036	293.072676	5.1
1241	7572.179011	0.000000	0.000036	323.964379	4.9
1242	7978.850918	0.000000	0.000036	237.873475	3.2
1243	7999.611680	0.000000	0.000036	239.650219	2.9
1244	7927.471854	0.000000	0.000036	258.016330	4.6
1245	7805.331468	0.000000	0.000036	305.448120	4.7
1246	7609.694027	0.000000	0.000036	270.074006	4.5
1247	7925.220485	0.000000	0.000036	286.824922	3.6
1248	8112.417375	0.000000	0.000036	237.477504	3.7
1249	7791.434335	0.000000	0.000036	215.953373	5.4
1250	8024.844405	0.000000	0.000036	390.707962	3.4
1251	7990.977320	0.000000	0.000036	245.467886	3.6
1252	7622.151383	0.000057	0.000036	340.714840	4.1
1253	8048.379911	0.000000	0.000036	222.581456	3.6
1254	8033.006704	0.000000	0.000036	234.574055	2.9
1255	7938.847522	0.000000	0.000036	388.357443	2.9
1256	7980.382269	0.000000	0.000036	340.966931	2.8
1257	7741.629279	0.019764	0.000036	267.416196	2.8
1258	7757.893927	0.017702	0.000036	246.722703	2.7
1259	7885.005467	0.011653	0.000036	313.971840	3.0
1260	7465.416525	0.003681	0.000036	280.084338	2.7
1261	7540.228351	0.000000	0.000036	322.991586	2.7
1262	7884.246101	0.000000	0.000036	295.302861	2.7
1263	8067.065318	0.000000	0.000036	282.339330	2.8
1264	7849.821860	0.000000	0.000036	256.641831	4.2
1265	7899.637954	0.000000	0.000036	328.965513	3.5
1266	7994.319267	0.000000	0.000036	231.093325	3.5
1267	7876.786638	0.000000	0.000036	246.924757	3.2
1268	7777.027208	0.000000	0.000036	228.525974	3.0
1269	8292.329915	0.000000	0.000036	274.540664	3.0
1270	8240.200934	0.000000	0.000036	285.766771	3.0
1271	7879.053510	0.000000	0.000036	243.512246	2.7
1272	7866.687701	0.000000	0.000036	394.720450	2.7
1273	7995.554127	0.000000	0.000036	326.390074	2.7
1274	7952.771865	0.016765	0.000036	302.206392	2.6
1275	7956.806445	0.015837	0.000036	228.348284	2.6
1276	8255.291002	0.008548	0.000036	238.883208	2.6
1277	7667.781582	0.001839	0.000036	233.793017	2.6
1278	7785.676336	0.000000	0.000036	226.163913	2.8
1279	7558.256400	0.000000	0.000036	278.947433	2.8
1280	7634.999363	0.000000	0.000036	273.975630	2.9
1281	7870.074273	0.000000	0.000036	505.840259	2.8
1282	7435.737840	0.000000	0.000036	303.243241	2.6
1283	7786.836893	0.031164	0.000036	288.325401	2.6
1284	7672.157186	0.029964	0.000036	312.959616	2.7
1285	7661.474764	0.028926	0.000036	240.332478	2.7
1286	7708.468829	0.024863	0.000036	279.797137	2.5
1287	7830.083357	0.021016	0.000036	338.806153	2.6
1288	7607.489455	0.012092	0.000036	261.347742	2.4
1289	7802.811128	0.008366	0.000036	216.572776	2.6
1290	7929.592698	0.001343	0.000036	257.146320	2.6
1291	7630.304203	0.000000	0.000036	273.520388	2.6
1292	7753.051460	0.000000	0.000036	272.544820	2.6
1293	7975.909144	0.000000	0.000036	280.363187	2.6
1294	7799.803684	0.000000	0.000036	313.322499	2.6
1295	7601.628015	0.000000	0.000036	296.002538	2.6
1296	7830.353941	0.000000	0.000036	253.983758	2.7
1297	7646.114986	0.000000	0.000036	216.492874	2.4
1298	7635.370201	0.000000	0.000036	277.480176	2.5
1299	7451.859077	0.000000	0.000036	292.279026	2.5
1300	7888.521751	0.000000	0.000036	341.404772	2.5
1301	7903.375182	0.000000	0.000036	296.109123	2.4
1302	7716.625737	0.000000	0.000036	282.627234	2.3
1303	7554.669270	0.000000	0.000036	219.153602	2.3
1304	8121.809043	0.000000	0.000036	242.160321	2.3
1305	7646.846474	0.000000	0.000036	312.123852	2.5
1306	7711.010452	0.000000	0.000036	229.882496	2.6
1307	7757.758676	0.000000	0.000036	263.284852	2.5
1308	7971.942855	0.000000	0.000036	281.929604	2.6
1309	8006.093217	0.000000	0.000036	228.095233	2.9
1310	8014.108483	0.000000	0.000036	453.756578	2.7
1311	7930.610179	0.000000	0.000036	213.659042	2.7
1312	7635.061733	0.000000	0.000036	349.257488	2.7
1313	8013.977555	0.000000	0.000036	343.525485	3.6
1314	7582.740449	0.003867	0.000036	242.428913	2.6
1315	7555.546729	0.000000	0.000036	215.154528	2.6
1316	7894.316331	0.000000	0.000036	232.107661	2.6
1317	7749.668796	0.000000	0.000036	224.298141	4.4
1318	7879.025446	0.000000	0.000036	374.187894	2.7
1319	7881.109483	0.000000	0.000036	350.408257	2.7
1320	7643.564772	0.005668	0.000036	368.217922	2.8
1321	7299.592497	0.000000	0.000036	330.804380	3.0
1322	7588.682804	0.000000	0.000036	225.703210	2.8
1323	7613.562311	0.000000	0.000036	219.914681	2.9
1324	7572.982983	0.000000	0.000036	346.076241	2.8
1325	7695.954539	0.000000	0.000036	224.890976	2.8
1326	7623.309795	0.000000	0.000036	266.599989	2.8
1327	7413.095735	0.000000	0.000036	430.350340	2.7
1328	7678.045588	0.002080	0.000036	317.177042	2.6
1329	7926.751839	0.022446	0.000036	286.214521	3.7
1330	8071.929607	0.021861	0.000036	269.843215	4.9
1331	7825.533817	0.015145	0.000036	294.078821	5.0
1332	8195.826881	0.006624	0.000036	317.767752	3.8
1333	7861.190927	0.000000	0.000036	338.472407	3.9
1334	7774.579662	0.000000	0.000036	321.343908	4.9
1335	7607.969088	0.000000	0.000036	258.308376	4.6
1336	7927.506200	0.000000	0.000036	322.514725	4.7
1337	7731.744619	0.000000	0.000036	230.470796	4.6
1338	7674.026173	0.000000	0.000036	251.371155	4.5
1339	7618.456912	0.000000	0.000036	230.756178	3.4
1340	7859.301685	0.000000	0.000036	292.947515	3.4
1341	7549.970065	0.000000	0.000036	243.050979	3.4
1342	7661.071745	0.000000	0.000036	269.718918	3.0
1343	7604.774064	0.000000	0.000036	216.463033	3.0
1344	7559.084213	0.000000	0.000036	583.750280	3.0
1345	7816.335314	0.000000	0.000036	383.664691	3.1
1346	7475.859251	0.000000	0.000036	481.535172	3.0
1347	7929.561438	0.000000	0.000036	269.544709	3.0
1348	7631.685605	0.000000	0.000036	229.774111	2.9
1349	8092.536291	0.000000	0.000036	241.274778	2.9
1350	7674.126380	0.000000	0.000036	219.205397	2.9
1351	7646.366660	0.000000	0.000036	201.941916	2.9
1352	7468.601330	0.000000	0.000036	268.424583	3.0
1353	7769.484481	0.000000	0.000036	270.558667	3.0
1354	7581.914323	0.000000	0.000036	287.329385	2.9
1355	7455.139233	0.000000	0.000036	244.758585	2.8
1356	7659.036806	0.000000	0.000036	237.395599	2.9
1357	7732.065920	0.000000	0.000036	270.070342	4.9
1358	7797.073131	0.000000	0.000036	342.587524	4.8
1359	7728.354346	0.000000	0.000036	331.886088	4.8
1360	7644.607938	0.005273	0.000036	420.738792	3.7
1361	7583.670270	0.000000	0.000036	219.535021	4.0
1362	7806.928640	0.000000	0.000036	225.049260	3.9
1363	7601.225112	0.000000	0.000036	244.999916	4.8
1364	7797.940925	0.000000	0.000036	211.183919	4.7
1365	7628.819148	0.000000	0.000036	226.948550	4.0
1366	7850.166791	0.000000	0.000036	389.327233	4.2
1367	7510.299165	0.000000	0.000036	238.749295	3.3
1368	7659.468389	0.000000	0.000036	225.282246	3.3
1369	7532.963147	0.000000	0.000036	275.035504	3.2
1370	7446.561976	0.000000	0.000036	258.084943	2.9
1371	7478.062978	0.000000	0.000036	225.255230	2.9
1372	7632.636288	0.000000	0.000036	312.342242	2.8
1373	7696.820935	0.000000	0.000036	249.647016	2.8
1374	7584.594257	0.000000	0.000036	276.178333	2.6
1375	7690.715979	0.000000	0.000036	210.742642	4.0
1376	7647.187574	0.000000	0.000036	219.198634	2.7
1377	7742.048427	0.000000	0.000036	218.589632	3.1
1378	7650.800945	0.000000	0.000036	284.217655	3.3
1379	7425.002983	0.000000	0.000036	267.911299	4.8
1380	7636.837181	0.000000	0.000036	295.902476	3.1
1381	7968.283745	0.000000	0.000036	293.346695	3.4
1382	7691.349856	0.000000	0.000036	344.349335	5.1
1383	7931.622627	0.000000	0.000036	281.171445	3.6
1384	7356.741221	0.000000	0.000036	236.089049	3.7
1385	7632.191834	0.000000	0.000036	282.401370	4.8
1386	7739.037897	0.000000	0.000036	242.636715	4.9
1387	7512.004363	0.000000	0.000036	350.067446	5.0
1388	7830.910181	0.000000	0.000036	301.230737	4.9
1389	7967.999319	0.000000	0.000036	339.043828	4.2
1390	7619.695498	0.000000	0.000036	258.731063	4.7
1391	7372.313118	0.000000	0.000036	217.011112	4.6
1392	7614.020542	0.000000	0.000036	239.588285	3.1
1393	7439.358085	0.000000	0.000036	247.693366	3.1
1394	7288.920529	0.000000	0.000036	218.098068	3.4
1395	7878.808146	0.000000	0.000036	277.942670	3.3
1396	7533.310458	0.000000	0.000036	230.165714	3.4
1397	7568.575080	0.000000	0.000036	256.918417	2.7
1398	7567.461389	0.000000	0.000036	288.350452	2.7
1399	7636.032059	0.000000	0.000036	248.240328	2.9
1400	7772.025532	0.000000	0.000036	299.843361	2.7
1401	7537.035447	0.000000	0.000036	211.906343	2.5
1402	7854.344748	0.000000	0.000036	245.264016	2.5
1403	7553.733952	0.000000	0.000036	379.240334	2.6
1404	7338.518354	0.000000	0.000036	256.465393	2.5
1405	7780.193719	0.000000	0.000036	271.322233	2.5
1406	7505.247719	0.000000	0.000036	225.728834	2.4
1407	7734.683398	0.000000	0.000036	302.729545	2.4
1408	7791.932848	0.000000	0.000036	295.734438	2.4
1409	7959.489261	0.000000	0.000036	237.682566	2.5
1410	7531.339237	0.000000	0.000036	249.236383	2.5
1411	7696.487030	0.000000	0.000036	212.679164	2.4
1412	7845.849054	0.000000	0.000036	377.440430	2.5
1413	7641.835424	0.000000	0.000036	321.489602	2.4
1414	7697.261112	0.000000	0.000036	322.708580	2.5
1415	7829.176883	0.000000	0.000036	246.844274	2.5
1416	7658.078336	0.000000	0.000036	306.067537	2.5
1417	7838.027795	0.000000	0.000036	223.904640	2.7
1418	7614.029831	0.000000	0.000036	230.814320	2.6
1419	7613.384348	0.000000	0.000036	254.239153	2.6
1420	7428.585634	0.000000	0.000036	226.502586	2.8
1421	7851.669017	0.000000	0.000036	203.698154	4.8
1422	7680.228683	0.000000	0.000036	337.783042	4.8
1423	7628.707970	0.000000	0.000036	260.465476	4.6
1424	7749.015868	0.000000	0.000036	385.473333	4.5
1425	7377.317147	0.000047	0.000036	242.256731	3.4
1426	7556.401764	0.000000	0.000036	260.719505	3.5
1427	7650.519124	0.000000	0.000036	254.480590	3.5
1428	7531.829136	0.000000	0.000036	289.023783	3.1
1429	7526.599855	0.000000	0.000036	253.250460	3.3
1430	7727.987234	0.000000	0.000036	249.375980	5.0
1431	7666.817985	0.000000	0.000036	393.010032	4.9
1432	7471.019882	0.000000	0.000036	238.889346	4.5
1433	7646.543301	0.000000	0.000036	407.855081	4.4
1434	7869.737040	0.000000	0.000036	399.109999	4.1
1435	7444.190004	0.000000	0.000036	206.201924	3.4
1436	7760.008452	0.000000	0.000036	250.473259	3.4
1437	7479.134250	0.000000	0.000036	260.209177	3.3
1438	7725.870363	0.000000	0.000036	227.009449	4.3
1439	7384.059302	0.000000	0.000036	319.662305	3.1
1440	7979.399765	0.000000	0.000036	224.962387	3.3
1441	7631.491622	0.000000	0.000036	235.199626	5.5
1442	7476.246204	0.000000	0.000036	219.993509	5.1
1443	7523.481452	0.000000	0.000036	251.999698	4.9
1444	7728.319169	0.000000	0.000036	357.378354	5.2
1445	7876.003299	0.000000	0.000036	263.600089	4.7
1446	7658.542957	0.000000	0.000036	225.148328	3.1
1447	7729.570614	0.000000	0.000036	257.087088	3.5
1448	7905.438985	0.000000	0.000036	265.773830	3.5
1449	7627.583191	0.000000	0.000036	294.249582	3.5
1450	7500.854908	0.000000	0.000036	230.181675	2.8
1451	7633.270471	0.000000	0.000036	269.567189	2.8
1452	7621.550164	0.000000	0.000036	332.729601	2.8
1453	7590.095346	0.000000	0.000036	333.301265	2.7
1454	7731.750884	0.010657	0.000036	283.290061	2.6
1455	7376.167442	0.001627	0.000036	232.155204	2.5
1456	7600.246664	0.000000	0.000036	247.590123	2.5
1457	7371.846317	0.000000	0.000036	283.866345	2.6
1458	7426.717247	0.000000	0.000036	299.896854	2.4
1459	7344.127441	0.000000	0.000036	239.305897	2.3
1460	7709.465930	0.000000	0.000036	283.435171	2.4
1461	7511.290659	0.000000	0.000036	393.170021	2.3
1462	7521.265488	0.000000	0.000036	497.602642	2.3
1463	7824.748037	0.134754	0.000035	510.791067	2.2
1464	7602.866410	0.124531	0.000035	239.430335	2.2
1465	7593.835489	0.127523	0.000035	345.807397	2.2
1466	7617.523968	0.119128	0.000035	311.621797	2.5
1467	7411.877794	0.122226	0.000035	284.332855	2.4
1468	7755.602918	0.113164	0.000035	278.052405	2.4
1469	7470.623010	0.104336	0.000035	232.383152	2.4
1470	7519.911112	0.096334	0.000035	247.158539	2.5
1471	7671.770845	0.090375	0.000036	214.642632	2.6
1472	7571.311200	0.084620	0.000036	374.686610	2.6
1473	7852.572985	0.080486	0.000036	265.855242	2.6
1474	7675.032593	0.074549	0.000036	590.593105	2.1
1475	7454.126945	0.065111	0.000036	279.206143	2.1
1476	7459.464915	0.071452	0.000036	275.038688	2.2
1477	7419.098737	0.065801	0.000036	272.247766	2.1
1478	7596.558942	0.058786	0.000036	299.727599	2.2
1479	7576.984166	0.053482	0.000036	271.428440	2.2
1480	7310.347114	0.045193	0.000036	212.198616	2.1
1481	7659.612517	0.037737	0.000036	212.272743	2.1
1482	7459.774406	0.030968	0.000036	317.600451	2.1
1483	7649.972798	0.024054	0.000036	246.769040	2.2
1484	7419.619354	0.016164	0.000036	213.739786	2.1
1485	7607.909451	0.008923	0.000036	223.296106	2.3
1486	7304.280133	0.001859	0.000036	348.093566	2.2
1487	7696.667495	0.000000	0.000036	366.704256	2.3
1488	7512.143290	0.019319	0.000036	225.905462	2.8
1489	7768.033471	0.015205	0.000036	221.417541	2.9
1490	7622.560160	0.008533	0.000036	391.697785	3.0
1491	7488.131627	0.000302	0.000036	336.332220	3.0
1492	7513.431474	0.016952	0.000036	421.866469	2.1
1493	7468.521297	0.007529	0.000036	377.442266	2.1
1494	7541.816425	0.039156	0.000036	343.162523	2.1
1495	7510.223935	0.029346	0.000036	284.807732	2.3
1496	7706.984599	0.029301	0.000036	276.842570	2.3
1497	7713.926002	0.021540	0.000036	215.618385	2.1
1498	7699.993179	0.014506	0.000036	386.171720	2.1
1499	7659.179281	0.007378	0.000036	278.171902	2.1
1500	7487.925219	0.006526	0.000036	263.068098	2.1
1501	7449.162289	0.000000	0.000036	216.163513	2.8
1502	7554.828506	0.000000	0.000036	247.866696	2.2
1503	7535.937786	0.000000	0.000036	259.409940	2.1
1504	7444.239478	0.000000	0.000036	207.340175	2.2
1505	7448.320280	0.000000	0.000036	279.335472	2.3
1506	7428.729433	0.000000	0.000036	303.485800	2.4
1507	7427.097190	0.000000	0.000036	269.044597	2.9
1508	7393.120440	0.000000	0.000036	225.876545	2.9
1509	7452.743371	0.000000	0.000036	229.031777	2.8
1510	7660.526025	0.000000	0.000036	359.602716	2.9
1511	7369.601709	0.000000	0.000036	220.240377	2.7
1512	7503.079966	0.000000	0.000036	272.202916	2.3
1513	7533.138668	0.000000	0.000036	259.006813	2.2
1514	7762.327972	0.000000	0.000036	285.998478	2.2
1515	7466.912666	0.000000	0.000036	217.092139	2.8
1516	7462.624848	0.000000	0.000036	248.399768	2.4
1517	7007.345277	0.000000	0.000036	267.240449	2.3
1518	7355.706583	0.000000	0.000036	230.294425	2.4
1519	7387.152314	0.000000	0.000036	352.713122	2.8
1520	7650.887340	0.000000	0.000036	240.696741	2.4
1521	7488.641690	0.000000	0.000036	309.358802	2.3
1522	7369.877311	0.000000	0.000036	219.447275	2.3
1523	7483.240281	0.000000	0.000036	343.768125	2.2
1524	7816.609262	0.000000	0.000036	257.981429	2.4
1525	7728.087994	0.000000	0.000036	326.039729	2.3
1526	7602.877315	0.000000	0.000036	278.074967	2.2
1527	7484.599343	0.000000	0.000036	325.076013	2.3
1528	7361.460464	0.000000	0.000036	252.705748	2.2
1529	7441.673546	0.000000	0.000036	221.717607	2.3
1530	7653.757893	0.000000	0.000036	200.608139	2.2
1531	7454.324983	0.000000	0.000036	375.194786	2.3
1532	7383.762251	0.000000	0.000036	200.097650	2.1
1533	7429.888771	0.000000	0.000036	452.992870	2.2
1534	7381.215994	0.000000	0.000036	266.314454	2.2
1535	7328.535216	0.000000	0.000036	356.599707	2.2
1536	7337.890337	0.000000	0.000036	217.224445	2.2
1537	7445.107983	0.000000	0.000036	231.479946	2.2
1538	7449.568111	0.000000	0.000036	246.242046	2.3
1539	7641.250563	0.000000	0.000036	232.664014	2.3
1540	7409.277586	0.000000	0.000036	199.510755	2.3
1541	7522.668974	0.000000	0.000036	246.526008	2.3
1542	7466.161869	0.000000	0.000036	214.729752	2.2
1543	7526.745000	0.000000	0.000036	248.853876	2.2
1544	7268.673433	0.000000	0.000036	283.563130	2.2
1545	7228.719855	0.000000	0.000036	338.765338	2.3
1546	7418.348489	0.000000	0.000036	351.583646	4.3
1547	7532.042306	0.000000	0.000036	249.615599	4.8
1548	7447.540356	0.000000	0.000036	224.187398	4.4
1549	7571.054383	0.000000	0.000036	336.152272	3.3
1550	7561.588535	0.000000	0.000036	222.893639	3.3
1551	7327.373882	0.000000	0.000036	283.422860	3.4
1552	7448.362126	0.000000	0.000036	248.664387	3.3
1553	7424.975752	0.000000	0.000036	232.885976	3.3
1554	7248.097071	0.000000	0.000036	366.770385	3.4
1555	7964.663266	0.000000	0.000036	303.781470	3.0
1556	7127.227952	0.009731	0.000036	225.447288	3.0
1557	7490.682204	0.001799	0.000036	252.949594	3.0
1558	7427.474276	0.000000	0.000036	242.489612	2.8
1559	7279.659637	0.000000	0.000036	338.397145	2.8
1560	7263.691321	0.000000	0.000036	212.194966	2.7
1561	7683.524027	0.000000	0.000036	334.806935	2.7
1562	7488.950072	0.000000	0.000036	494.693881	2.5
1563	7530.797289	0.028583	0.000036	344.507448	2.6
1564	7415.967226	0.018510	0.000036	269.527353	4.4
1565	7531.238792	0.020935	0.000036	372.609463	2.9
1566	7408.274204	0.019508	0.000036	295.489339	2.9
1567	7149.988041	0.015139	0.000036	253.785278	2.8
1568	7700.547299	0.006685	0.000036	297.973411	2.9
1569	7308.571363	0.000000	0.000036	247.410797	2.9
1570	7483.436199	0.000000	0.000036	228.355735	2.9
1571	7363.091296	0.000000	0.000036	388.816703	2.9
1572	7121.769919	0.000000	0.000036	307.122017	2.6
1573	7527.477592	0.016801	0.000036	248.001681	2.7
1574	7501.290998	0.009238	0.000036	235.159183	2.7
1575	7319.374262	0.001563	0.000036	226.393291	2.7
1576	7470.405855	0.000000	0.000036	278.858902	2.5
1577	7521.580934	0.000000	0.000036	228.853031	2.6
1578	7183.764652	0.000000	0.000036	284.338567	2.9
1579	7547.329083	0.000000	0.000036	238.594038	3.0
1580	7494.530260	0.000000	0.000036	213.658055	2.4
1581	7411.719136	0.000000	0.000036	307.453363	2.4
1582	7401.441328	0.000000	0.000036	252.446853	2.6
1583	7450.514219	0.000000	0.000036	277.511298	4.8
1584	7674.871893	0.000000	0.000036	268.947650	4.7
1585	7445.949084	0.000000	0.000036	274.225686	3.1
1586	7419.972466	0.000000	0.000036	287.916648	2.8
1587	7264.748322	0.000000	0.000036	210.016387	2.8
1588	7200.172816	0.000000	0.000036	224.240801	3.2
1589	7465.806957	0.000000	0.000036	289.066980	3.0
1590	7402.947770	0.000000	0.000036	206.531102	3.4
1591	7072.648270	0.000000	0.000036	322.732048	3.7
1592	7191.283309	0.000000	0.000036	201.430498	2.9
1593	7386.315527	0.000000	0.000036	295.695797	2.8
1594	7412.555483	0.000000	0.000036	315.885478	3.2
1595	7306.538683	0.000000	0.000036	344.306157	3.0
1596	7114.346276	0.000000	0.000036	221.045379	3.0
1597	7274.574046	0.000000	0.000036	216.676064	3.0
1598	7370.860094	0.000000	0.000036	317.606984	2.9
1599	7416.784103	0.000000	0.000036	244.790470	2.7
1600	7660.316854	0.000000	0.000036	241.558666	2.8
1601	7455.281411	0.000000	0.000036	226.917088	2.9
1602	7708.643790	0.000000	0.000036	220.944073	2.7
1603	7439.147474	0.000000	0.000036	257.630227	2.7
1604	7403.946110	0.000000	0.000036	226.973368	2.7
1605	7334.961161	0.000000	0.000036	230.142830	2.8
1606	7341.036039	0.000000	0.000036	237.413797	2.8
1607	7414.778547	0.000000	0.000036	297.477053	2.8
1608	7453.319399	0.000000	0.000036	364.155583	2.8
1609	7349.837854	0.000000	0.000036	197.660747	2.9
1610	7294.081802	0.000000	0.000036	247.597863	2.8
1611	7115.779988	0.000000	0.000036	252.899666	2.9
1612	7528.330075	0.000000	0.000036	415.774622	2.8
1613	7370.397838	0.000891	0.000036	226.428063	2.7
1614	7203.976652	0.000000	0.000036	222.085106	2.7
1615	7132.421208	0.000000	0.000036	222.882062	2.7
1616	7037.848727	0.000000	0.000036	221.882939	2.8
1617	7164.226939	0.000000	0.000036	218.438421	2.9
1618	7123.925999	0.000000	0.000036	268.375562	2.9
1619	6946.113751	0.000000	0.000036	229.371778	2.9
1620	7254.378511	0.000000	0.000036	247.848294	2.9
1621	7141.408742	0.000000	0.000036	315.317812	2.9
1622	7314.802999	0.000000	0.000036	400.662637	3.0
1623	7299.226217	0.000000	0.000036	239.414295	3.1
1624	7599.546408	0.000000	0.000036	255.988686	3.1
1625	7400.403274	0.000000	0.000036	294.510513	3.1
1626	7179.456483	0.000000	0.000036	261.394621	3.1
1627	7535.445892	0.000000	0.000036	284.706574	3.2
1628	7320.026881	0.000000	0.000036	263.750217	3.2
1629	7612.888588	0.000000	0.000036	198.039445	3.0
1630	7361.728868	0.000000	0.000036	307.688491	4.8
1631	7301.889076	0.000000	0.000036	351.135795	4.9
1632	7375.135702	0.005963	0.000036	334.149141	4.5
1633	7274.072985	0.020817	0.000036	236.224123	4.8
1634	7224.696041	0.015486	0.000036	229.922917	4.2
1635	7477.132380	0.010508	0.000036	206.564268	4.1
1636	7442.301046	0.004444	0.000036	382.281861	3.6
1637	7472.460298	0.000000	0.000036	268.704257	3.4
1638	7750.834756	0.000000	0.000036	263.633662	3.5
1639	7457.463256	0.000000	0.000036	304.540867	3.7
1640	7278.061191	0.000000	0.000036	342.898706	3.1
1641	7301.486190	0.000000	0.000036	234.719669	3.2
1642	7347.580637	0.000000	0.000036	246.577190	3.0
1643	7083.018610	0.000000	0.000036	204.001772	3.2
1644	7020.757387	0.000000	0.000036	245.155811	4.3
1645	7469.788016	0.000000	0.000036	212.978623	4.7
1646	7313.824168	0.000000	0.000036	238.740587	4.7
1647	7238.563740	0.000000	0.000036	229.723512	4.2
1648	6955.257883	0.000000	0.000036	254.153471	4.2
1649	7269.715135	0.000000	0.000036	218.085961	3.9
1650	7284.450746	0.000000	0.000036	215.794949	3.4
1651	7102.630856	0.000000	0.000036	306.815249	5.0
1652	7048.212107	0.000000	0.000036	277.949540	5.1
1653	7446.931873	0.000000	0.000036	329.961812	5.1
1654	7170.220703	0.000000	0.000036	309.865954	4.8
1655	7187.728012	0.006843	0.000036	303.432465	5.4
1656	7150.434514	0.000000	0.000036	331.682788	4.6
1657	7396.128384	0.004323	0.000036	268.297948	4.0
1658	7300.120503	0.002530	0.000036	250.738907	3.1
1659	7169.917026	0.000000	0.000036	230.597198	3.0
1660	6903.807398	0.000000	0.000036	305.842568	3.0
1661	7123.790815	0.000000	0.000036	227.733911	2.8
1662	7177.720723	0.000000	0.000036	212.902344	2.8
1663	7539.374040	0.000000	0.000036	270.577473	2.8
1664	7581.908740	0.000000	0.000036	413.839609	2.7
1665	7337.204214	0.000648	0.000036	318.291069	2.7
1666	7281.378143	0.024839	0.000036	278.057052	2.7
1667	7428.331487	0.015789	0.000036	204.278305	2.6
1668	7362.465594	0.010496	0.000036	242.693625	2.7
1669	7237.689063	0.003899	0.000036	286.386959	2.9
1670	7551.090710	0.000000	0.000036	293.131933	2.9
1671	7503.498981	0.000000	0.000036	295.970585	4.8
1672	7179.564142	0.000000	0.000036	498.581015	4.9
1673	6997.994994	0.000000	0.000036	300.493715	4.8
1674	7061.596246	0.032156	0.000036	225.515980	4.8
1675	7230.218233	0.027715	0.000036	293.836319	4.6
1676	6903.953447	0.022479	0.000036	197.141626	3.5
1677	7152.385288	0.015469	0.000036	239.955427	3.6
1678	7154.900648	0.008709	0.000036	207.293750	3.4
1679	7218.439334	0.001866	0.000036	436.502067	3.2
1680	7362.147757	0.000000	0.000036	320.607109	3.1
1681	7084.030529	0.000000	0.000036	261.976903	3.1
1682	7139.090768	0.000000	0.000036	257.847732	2.8
1683	7414.515619	0.000000	0.000036	200.928594	2.8
1684	7479.781637	0.000000	0.000036	305.352646	2.8
1685	7323.876195	0.000000	0.000036	300.774204	3.4
1686	7231.904399	0.000000	0.000036	311.012353	4.6
1687	7072.128802	0.001511	0.000036	266.218029	4.5
1688	7396.417915	0.000626	0.000036	416.386460	4.4
1689	7273.883191	0.000000	0.000036	304.785334	4.4
1690	7155.336873	0.020513	0.000036	260.841212	3.4
1691	7217.412011	0.012796	0.000036	222.459775	4.2
1692	7105.505131	0.005598	0.000036	230.134978	3.2
1693	7264.305757	0.000000	0.000036	210.647460	3.1
1694	7128.807847	0.000000	0.000036	242.323500	3.2
1695	7575.535868	0.000000	0.000036	381.188945	3.5
1696	7359.044773	0.000000	0.000036	330.546051	3.2
1697	7442.529394	0.018744	0.000036	227.805955	3.0
1698	7181.439901	0.013111	0.000036	197.728226	3.1
1699	7225.121341	0.007053	0.000036	392.090272	2.2
1700	6804.718635	0.001066	0.000036	208.710551	2.3
1701	7453.940750	0.000000	0.000036	371.510253	2.1
1702	6918.502576	0.000000	0.000036	269.174321	4.1
1703	6946.993550	0.000000	0.000036	257.586640	2.2
1704	7614.558710	0.000000	0.000036	235.379561	2.2
1705	7236.424852	0.000000	0.000036	334.971968	2.2
1706	7213.677050	0.000000	0.000036	217.376198	2.4
1707	6934.222229	0.000000	0.000036	284.101049	4.9
1708	7672.882273	0.000000	0.000036	232.161981	5.1
1709	7169.440039	0.000000	0.000036	257.774723	3.8
1710	7307.555052	0.000000	0.000036	210.008715	3.6
1711	7201.146625	0.000000	0.000036	232.336532	3.4
1712	7381.309700	0.000000	0.000036	295.549810	2.6
1713	7109.578897	0.000000	0.000036	233.271817	2.4
1714	7247.653949	0.000000	0.000036	213.027434	2.4
1715	7093.939324	0.000000	0.000036	216.558319	2.7
1716	7405.744071	0.000000	0.000036	287.847312	4.8
1717	7112.468651	0.000000	0.000036	314.569956	4.8
1718	7082.766897	0.000000	0.000036	271.255081	4.9
1719	7276.687974	0.004826	0.000036	324.253799	4.8
1720	7042.414847	0.008705	0.000036	219.099782	4.6
1721	7028.320520	0.006501	0.000036	214.423243	4.6
1722	6992.276796	0.000000	0.000036	305.810966	3.6
1723	7251.070326	0.000000	0.000036	278.157301	3.6
1724	6956.450181	0.000000	0.000036	293.815926	3.7
1725	7707.603510	0.000000	0.000036	301.212876	3.2
1726	7202.357567	0.000000	0.000036	290.747864	3.1
1727	7073.113133	0.000000	0.000036	224.654316	3.1
1728	7148.215748	0.000000	0.000036	262.915994	2.8
1729	7366.586609	0.000000	0.000036	228.476848	2.9
1730	7002.462944	0.000000	0.000036	302.667794	2.8
1731	7213.178602	0.000000	0.000036	217.310824	2.7
1732	7186.575552	0.000000	0.000036	203.775613	2.7
1733	7259.226255	0.000000	0.000036	256.071356	2.8
1734	6903.810418	0.000000	0.000036	296.306045	5.0
1735	7371.062947	0.000000	0.000036	217.038220	4.5
1736	7221.877621	0.000000	0.000036	209.411537	3.0
1737	7250.153038	0.000000	0.000036	265.095586	3.6
1738	7259.207783	0.000000	0.000036	232.240875	3.6
1739	7310.565682	0.000000	0.000036	213.552936	3.6
1740	7071.311139	0.000000	0.000036	243.269376	2.8
1741	7551.217817	0.000000	0.000036	265.988370	2.9
1742	7000.168876	0.000000	0.000036	215.426778	3.6
1743	7085.925631	0.000000	0.000036	348.589452	4.9
1744	7321.904111	0.000000	0.000036	216.464579	4.7
1745	7247.806152	0.000000	0.000036	224.104661	4.7
1746	7139.450218	0.000000	0.000036	225.105591	4.8
1747	7036.596647	0.000000	0.000036	217.242793	4.7
1748	6994.177508	0.000000	0.000036	220.756943	4.7
1749	7093.733620	0.000000	0.000036	255.530286	4.1
1750	6957.562404	0.000000	0.000036	268.238971	3.5
1751	7250.878012	0.000000	0.000036	228.718258	3.6
1752	7515.123459	0.000000	0.000036	248.913204	2.9
1753	7157.344657	0.000000	0.000036	217.822121	3.0
1754	7003.339061	0.000000	0.000036	255.071228	4.5
1755	7328.876057	0.000000	0.000036	243.101631	4.0
1756	7206.649016	0.000000	0.000036	282.290728	4.0
1757	7161.423415	0.000000	0.000036	251.050480	3.7
1758	7355.078117	0.000000	0.000036	429.015945	3.6
1759	7440.162915	0.003570	0.000036	384.858021	3.6
1760	7215.391024	0.012693	0.000036	252.292814	5.0
1761	7151.757151	0.006121	0.000036	205.553952	3.4
1762	7193.951545	0.001423	0.000036	200.166203	3.5
1763	7263.711949	0.000000	0.000036	277.225836	4.8
1764	6917.556996	0.000000	0.000036	230.349826	5.4
1765	7271.514313	0.000000	0.000036	226.640165	5.5
1766	7060.616290	0.000000	0.000036	221.961331	5.6
1767	7067.224379	0.000000	0.000036	244.305410	3.9
1768	7120.720522	0.000000	0.000036	224.805647	3.8
1769	7182.719904	0.000000	0.000036	227.009019	3.8
1770	7017.653108	0.000000	0.000036	254.910968	3.8
1771	7029.359160	0.000000	0.000036	210.671395	3.8
1772	6950.233934	0.000000	0.000036	281.004258	3.1
1773	6964.959004	0.000000	0.000036	289.074144	4.9
1774	6691.132286	0.000000	0.000036	245.509014	5.1
1775	6842.176142	0.000000	0.000036	283.251972	5.1
1776	7011.023106	0.000000	0.000036	206.969291	5.0
1777	7191.970227	0.000000	0.000036	302.006680	4.9
1778	7202.315999	0.000000	0.000036	456.659130	4.4
1779	7098.363499	0.029414	0.000036	399.483212	4.5
1780	7045.754775	0.124541	0.000035	217.811810	4.1
1781	7210.392453	0.117625	0.000035	260.369384	3.9
1782	7115.799653	0.112601	0.000035	190.495171	3.7
1783	7237.373185	0.107236	0.000035	296.307157	3.2
1784	7275.990771	0.101107	0.000035	216.282236	3.2
1785	7122.772678	0.098062	0.000035	301.253174	3.1
1786	7066.450850	0.090565	0.000036	253.165191	2.6
1787	7245.730888	0.087340	0.000036	212.178004	2.6
1788	7152.834923	0.082208	0.000036	247.298231	2.4
1789	7122.415599	0.075513	0.000036	203.851476	2.5
1790	7198.495470	0.069013	0.000036	196.905482	2.6
1791	6873.076645	0.062604	0.000036	204.892928	2.5
1792	6984.876206	0.056295	0.000036	235.701554	2.5
1793	6917.617991	0.050247	0.000036	229.350753	2.6
1794	7198.473766	0.046862	0.000036	201.309358	2.8
1795	7067.363844	0.040583	0.000036	294.356480	4.5
1796	6830.471279	0.034252	0.000036	256.410052	3.1
1797	7376.970013	0.032195	0.000036	349.764884	3.5
1798	6966.193984	0.023237	0.000036	262.391834	2.9
1799	7252.299283	0.019852	0.000036	208.674476	2.9
1800	7119.025806	0.012950	0.000036	221.588459	3.0
1801	7389.356997	0.007242	0.000036	232.446462	4.9
1802	6977.359032	0.000192	0.000036	225.935071	5.0
1803	7247.797968	0.000000	0.000036	475.013015	5.2
1804	6973.286853	0.006909	0.000036	265.267806	4.9
1805	7247.783918	0.015469	0.000036	213.050404	4.7
1806	7183.401380	0.010351	0.000036	265.651480	4.1
1807	7040.136360	0.004209	0.000036	232.453297	3.8
1808	7092.787052	0.001520	0.000036	197.334100	3.6
1809	6865.252980	0.000000	0.000036	196.262437	2.9
1810	7318.265646	0.000000	0.000036	343.166698	2.8
1811	7261.594358	0.000000	0.000036	234.893843	3.0
1812	7137.382617	0.000000	0.000036	238.171792	3.1
1813	7267.511532	0.000000	0.000036	281.008006	4.9
1814	7017.886809	0.000000	0.000036	228.924220	4.9
1815	6903.118248	0.000000	0.000036	300.624843	4.4
1816	6973.259241	0.000000	0.000036	251.764278	5.2
1817	7305.876115	0.000000	0.000036	204.701193	4.8
1818	7143.230707	0.000000	0.000036	273.449215	2.4
1819	6895.427253	0.000000	0.000036	239.464357	2.4
1820	7108.514598	0.000000	0.000036	211.708966	2.5
1821	7017.321962	0.000000	0.000036	206.263535	2.3
1822	6978.953928	0.000000	0.000036	243.251890	2.4
1823	7334.032697	0.000000	0.000036	407.787858	2.3
1824	7529.805350	0.000000	0.000036	274.762831	2.3
1825	6954.661202	0.006061	0.000036	266.802798	2.3
1826	6966.964360	0.003401	0.000036	215.899493	2.2
1827	7108.894888	0.000000	0.000036	220.800522	2.2
1828	7000.982508	0.000000	0.000036	285.137697	2.2
1829	7098.706759	0.000000	0.000036	221.500813	2.1
1830	6969.790445	0.000000	0.000036	285.393617	2.1
1831	7191.474138	0.000000	0.000036	268.793580	2.1
1832	7261.240376	0.000923	0.000036	272.667681	2.1
1833	6929.838731	0.000000	0.000036	353.899423	2.1
1834	7026.715152	0.000000	0.000036	416.081960	2.1
1835	6853.697618	0.049176	0.000036	186.718774	2.1
1836	6925.016380	0.044038	0.000036	292.927220	3.9
1837	6897.037110	0.038556	0.000036	374.006621	4.6
1838	6746.696053	0.030674	0.000036	375.268620	4.6
1839	6683.274692	0.021280	0.000036	319.385173	3.6
1840	7285.691406	0.040902	0.000036	187.733275	3.2
1841	7168.309646	0.036096	0.000036	223.797201	3.2
1842	6869.369477	0.030599	0.000036	269.800751	3.4
1843	6962.616801	0.025452	0.000036	226.347066	3.5
1844	6804.986984	0.021124	0.000036	197.693731	3.4
1845	6886.952112	0.015891	0.000036	260.546676	3.0
1846	7264.772804	0.011361	0.000036	252.186283	2.7
1847	6991.502236	0.008718	0.000036	296.203225	2.7
1848	6833.389000	0.005759	0.000036	294.441898	2.8
1849	7186.259075	0.000000	0.000036	317.056583	2.3
1850	7343.940842	0.002244	0.000036	204.071805	2.4
1851	6779.369793	0.000000	0.000036	217.935432	2.4
1852	6827.081584	0.000000	0.000036	326.785317	2.4
1853	7062.796925	0.000000	0.000036	231.682761	2.5
1854	6998.863189	0.000000	0.000036	356.514749	2.5
1855	7000.089445	0.000000	0.000036	275.469044	2.5
1856	6721.590381	0.000000	0.000036	208.253358	2.5
1857	6875.512727	0.000000	0.000036	274.799026	2.6
1858	6967.317201	0.000000	0.000036	223.474961	2.6
1859	7134.094051	0.000000	0.000036	252.401449	4.9
1860	6792.738835	0.000000	0.000036	215.414806	3.0
1861	6890.154832	0.000000	0.000036	185.936116	2.8
1862	7124.900776	0.000000	0.000036	248.873873	2.8
1863	7143.989292	0.000000	0.000036	210.654350	2.9
1864	7116.103495	0.000000	0.000036	284.964017	3.0
1865	7209.297667	0.000000	0.000036	335.595269	3.0
1866	7179.028570	0.000000	0.000036	313.147179	3.0
1867	6726.801792	0.000000	0.000036	290.103742	2.4
1868	6890.867702	0.003654	0.000036	256.167121	2.6
1869	6967.057681	0.000160	0.000036	315.059727	4.7
1870	7043.615024	0.000000	0.000036	461.756763	4.8
1871	7006.357382	0.000000	0.000036	193.657403	5.0
1872	7121.747182	0.000000	0.000036	336.198967	4.1
1873	6972.609572	0.000000	0.000036	299.329869	4.1
1874	6822.075925	0.000000	0.000036	196.130895	3.4
1875	6876.867860	0.000000	0.000036	304.305923	2.8
1876	7190.279058	0.000000	0.000036	216.091050	2.8
1877	6984.622501	0.000000	0.000036	360.604220	2.8
1878	6921.927699	0.000000	0.000036	211.559472	2.8
1879	6916.366624	0.000000	0.000036	225.034112	2.7
1880	7082.285991	0.000000	0.000036	269.927628	2.7
1881	7060.918062	0.000000	0.000036	363.497563	4.3
1882	6732.868482	0.000000	0.000036	271.750534	3.1
1883	7177.177649	0.006737	0.000036	234.610100	4.6
1884	6802.558809	0.005234	0.000036	242.170380	5.0
1885	6968.201426	0.000000	0.000036	310.678477	4.9
1886	6933.814247	0.000000	0.000036	240.231982	3.8
1887	7084.897652	0.000000	0.000036	242.930790	3.7
1888	6761.706594	0.000000	0.000036	222.996731	3.5
1889	6724.450706	0.000000	0.000036	262.082074	3.0
1890	7205.183440	0.000000	0.000036	211.068797	3.7
1891	7124.750576	0.000000	0.000036	237.526185	3.9
1892	6730.390285	0.000000	0.000036	195.794303	3.8
1893	7191.201845	0.000000	0.000036	278.358650	3.9
1894	7087.757116	0.000000	0.000036	246.030079	3.6
1895	7068.910262	0.000000	0.000036	203.883403	3.4
1896	6753.488126	0.000000	0.000036	189.315724	3.4
1897	7151.512014	0.000000	0.000036	217.469639	3.0
1898	7168.979289	0.000000	0.000036	209.312982	2.9
1899	6970.070285	0.000000	0.000036	338.835798	2.9
1900	6822.601917	0.000000	0.000036	351.654840	2.9
1901	7064.649104	0.000000	0.000036	268.137276	2.7
1902	7300.253943	0.000000	0.000036	209.157181	2.6
1903	7133.539243	0.000000	0.000036	210.993589	2.7
1904	6927.857701	0.000000	0.000036	246.808144	2.6
1905	6852.106272	0.000000	0.000036	206.178772	2.5
1906	6786.728032	0.000000	0.000036	228.058662	2.6
1907	7283.111899	0.000000	0.000036	338.683332	2.5
1908	6759.002666	0.000000	0.000036	351.170196	2.5
1909	7123.780101	0.008090	0.000036	325.849937	2.4
1910	7189.319592	0.023723	0.000036	223.948293	2.4
1911	7090.744253	0.017061	0.000036	192.718724	2.2
1912	6942.418995	0.010710	0.000036	291.791812	2.2
1913	7244.720750	0.005414	0.000036	221.965609	2.3
1914	6841.338810	0.000000	0.000036	206.392703	2.3
1915	6959.774772	0.000000	0.000036	207.329366	2.3
1916	6874.153100	0.000000	0.000036	289.310680	2.3
1917	7188.881721	0.000000	0.000036	330.195830	2.0
1918	6937.717909	0.007138	0.000036	276.900576	2.1
1919	6844.883033	0.003042	0.000036	213.387146	2.0
1920	7077.370812	0.000000	0.000036	219.492618	2.0
1921	6934.430832	0.000000	0.000036	352.858876	2.0
1922	6903.524665	0.000000	0.000036	406.378781	2.0
1923	6562.565018	0.000000	0.000036	223.440796	2.0
1924	6933.138442	0.000000	0.000036	366.498295	2.0
1925	6783.604086	0.000000	0.000036	341.955233	3.1
1926	7049.510695	0.025490	0.000036	205.743546	4.4
1927	7064.580825	0.019139	0.000036	241.142513	4.3
1928	6713.845508	0.012996	0.000036	332.535561	4.0
1929	7182.857559	0.008436	0.000036	310.804630	3.7
1930	6623.540309	0.013643	0.000036	242.969253	3.7
1931	6723.663079	0.010371	0.000036	281.162125	3.1
1932	7000.738548	0.002113	0.000036	362.792170	3.5
1933	6802.858167	0.000000	0.000036	214.991811	3.1
1934	6934.402366	0.000000	0.000036	217.313905	2.5
1935	6763.892421	0.000000	0.000036	298.642577	2.4
1936	6920.597226	0.000000	0.000036	205.285702	2.5
1937	7145.791300	0.000000	0.000036	181.650289	3.1
1938	6893.182999	0.000000	0.000036	264.236460	4.9
1939	6770.829733	0.000000	0.000036	231.372757	4.8
1940	7103.905903	0.000000	0.000036	236.502555	3.4
1941	6805.984351	0.000000	0.000036	242.525762	3.4
1942	6706.372154	0.000000	0.000036	200.690937	2.2
1943	6564.808001	0.000000	0.000036	204.277316	3.3
1944	6991.728279	0.000000	0.000036	263.741237	2.5
1945	6898.082247	0.000000	0.000036	200.246560	2.6
1946	6840.168710	0.000000	0.000036	262.075587	3.1
1947	6690.421320	0.000000	0.000036	225.735944	2.1
1948	6770.544791	0.000000	0.000036	215.537157	2.1
1949	6851.037599	0.000000	0.000036	233.010026	2.1
1950	6876.448826	0.000000	0.000036	304.980873	2.0
1951	6528.788855	0.000000	0.000036	272.301375	2.2
1952	6939.527639	0.000000	0.000036	288.120231	3.6
1953	7047.683098	0.000000	0.000036	389.876078	3.7
1954	6795.334894	0.000000	0.000036	188.319037	3.5
1955	6935.094765	0.000000	0.000036	201.489425	3.4
1956	6791.871788	0.000000	0.000036	331.352976	3.3
1957	6902.288933	0.000000	0.000036	296.847884	3.1
1958	6648.757145	0.000000	0.000036	338.195268	3.0
1959	6963.169907	0.013003	0.000036	199.972873	3.0
1960	7020.005297	0.007809	0.000036	226.711652	2.8
1961	6657.875858	0.002479	0.000036	195.408644	2.9
1962	6708.876722	0.000000	0.000036	283.884414	2.9
1963	6523.757387	0.000000	0.000036	226.136643	3.0
1964	7190.864886	0.000000	0.000036	212.873936	4.8
1965	6727.514746	0.000000	0.000036	287.610245	4.4
1966	7030.523349	0.000000	0.000036	311.727193	3.1
1967	7123.857283	0.000000	0.000036	297.335202	3.7
1968	6864.796074	0.000000	0.000036	229.730778	3.4
1969	6962.288708	0.000000	0.000036	298.379802	3.6
1970	7043.098781	0.000000	0.000036	305.447220	3.4
1971	6989.857396	0.008088	0.000036	229.213531	3.5
1972	7163.160003	0.001928	0.000036	366.431964	2.8
1973	6788.914977	0.000000	0.000036	271.687576	2.9
1974	6689.906618	0.010414	0.000036	265.486883	4.8
1975	6742.118050	0.009198	0.000036	205.648261	4.9
1976	6786.029559	0.002075	0.000036	362.530451	4.9
1977	6796.240058	0.000000	0.000036	268.513713	4.2
1978	6554.726189	0.000000	0.000036	193.960116	3.9
1979	6786.537729	0.000000	0.000036	195.613137	3.8
1980	6613.628019	0.000000	0.000036	295.377760	3.6
1981	6910.483688	0.000000	0.000036	357.412525	3.6
1982	6910.953017	0.000000	0.000036	217.363545	3.3
1983	6523.364655	0.000000	0.000036	199.888585	3.2
1984	6899.355759	0.000000	0.000036	209.357570	3.2
1985	6888.957537	0.000000	0.000036	208.627192	3.1
1986	6560.717671	0.000000	0.000036	198.640600	2.8
1987	6766.637282	0.000000	0.000036	228.076496	2.8
1988	6755.577772	0.000000	0.000036	312.829516	2.7
1989	6751.035969	0.000000	0.000036	228.917105	2.7
1990	7034.734901	0.000000	0.000036	218.962895	2.9
1991	6565.547776	0.000000	0.000036	362.951452	5.2
1992	6755.817588	0.000000	0.000036	196.918294	5.1
1993	7117.301788	0.000000	0.000036	209.917687	4.9
1994	6985.110196	0.000000	0.000036	219.342458	4.6
1995	6864.997635	0.000000	0.000036	247.662538	2.2
1996	6956.496980	0.000000	0.000036	344.393571	2.4
1997	7039.313417	0.000000	0.000036	225.148962	2.4
1998	6910.461820	0.000000	0.000036	221.936390	2.4
1999	6753.241307	0.000000	0.000036	209.439727	2.3
