1:ItNr	2:Metric	3a:Time	3b:StepSize	4:||Gradient||	Time[ms]
0	1503.967948	0.000000	0.000219	1678.103121	149.4
1	1146.491517	0.000000	0.000219	1252.357074	2.5
2	866.680407	1.000000	0.000209	859.101130	2.5
3	760.818085	0.988973	0.000209	553.257280	2.3
4	731.091761	0.977946	0.000209	400.783185	1.9
5	715.751184	0.966918	0.000209	261.210130	1.9
6	704.967308	0.955891	0.000209	299.583768	1.9
7	694.366071	0.944868	0.000209	434.808112	1.8
8	663.647232	1.944837	0.000200	361.246434	1.9
9	657.356009	2.944837	0.000192	181.914657	1.6
10	683.506530	3.941874	0.000184	69.761269	1.7
11	685.961101	3.932467	0.000184	171.039747	1.7
12	671.392473	3.931941	0.000184	116.869001	1.6
13	688.839367	4.021662	0.000184	184.614978	1.7
14	674.674915	4.019946	0.000184	141.493333	1.6
15	668.669670	4.557332	0.000180	83.136199	1.7
16	674.179586	4.577119	0.000180	106.455767	1.6
17	682.122523	4.586248	0.000180	98.790463	1.6
18	678.010923	4.604146	0.000179	143.236758	1.7
19	667.927372	4.608316	0.000179	111.949541	1.6
20	661.850175	4.641762	0.000179	131.299926	1.6
21	689.211715	4.632007	0.000179	95.685814	1.6
22	678.509148	4.671171	0.000179	78.874437	1.6
23	673.579568	4.665976	0.000179	129.184270	1.6
24	699.126607	4.666374	0.000179	84.536020	1.6
25	676.886526	4.658218	0.000179	147.797597	1.7
26	698.307471	4.673783	0.000179	61.804013	1.7
27	693.511009	4.676847	0.000179	65.743859	1.7
28	651.665554	4.674297	0.000179	101.776832	3.0
29	666.443442	4.666643	0.000179	72.313810	1.8
30	686.640570	4.667312	0.000179	56.922812	3.4
31	665.413737	4.660936	0.000179	84.413292	4.5
32	675.900720	4.655281	0.000179	133.633465	4.4
33	675.189051	4.673808	0.000179	75.353738	4.3
34	688.393791	4.688147	0.000179	59.754791	4.3
35	678.136922	4.682421	0.000179	85.992233	4.1
36	648.134224	4.677117	0.000179	120.585847	4.1
37	670.490247	4.696258	0.000179	131.015552	4.1
38	683.873473	4.786408	0.000178	90.378574	3.2
39	654.689768	4.814621	0.000178	51.993508	2.9
40	674.085434	4.810716	0.000178	134.357489	2.8
41	682.583295	4.805121	0.000178	225.517028	2.8
42	674.368483	5.199875	0.000175	149.118802	2.3
43	636.265702	6.005420	0.000170	97.504583	2.3
44	646.527512	6.026316	0.000170	100.948576	2.3
45	667.843693	6.023670	0.000170	150.363432	2.4
46	661.790070	6.063319	0.000170	61.606621	2.5
47	679.094788	6.076083	0.000170	94.741089	2.7
48	679.088861	6.068434	0.000170	87.617233	2.5
49	678.067634	6.061112	0.000170	313.516520	2.5
50	687.523227	6.068593	0.000170	266.968195	2.0
51	646.954196	7.068589	0.000164	187.367448	2.0
52	660.612258	8.048770	0.000158	263.506859	2.2
53	658.728295	9.042936	0.000153	326.767041	2.0
54	678.848083	10.042935	0.000148	189.855471	1.9
55	657.618377	11.042675	0.000143	209.207371	1.6
56	658.839236	11.032152	0.000143	91.426452	1.7
57	657.146567	11.153026	0.000143	73.865692	1.7
58	665.945542	11.145234	0.000143	86.045853	2.0
59	680.438029	11.148426	0.000143	154.342047	2.0
60	634.424373	11.168298	0.000143	69.439701	3.7
61	669.597172	11.158917	0.000143	144.107411	1.6
62	668.297578	11.171068	0.000143	99.946737	1.9
63	657.630117	11.216321	0.000143	97.286473	1.6
64	646.605098	11.215105	0.000143	76.668716	1.7
65	658.372119	11.222261	0.000143	87.187135	1.8
66	655.264850	11.218099	0.000143	115.539863	1.7
67	643.415082	11.209026	0.000143	114.667467	1.7
68	641.629199	11.230151	0.000143	93.257049	1.7
69	670.721349	11.234740	0.000143	149.895228	1.7
70	646.455190	11.234586	0.000143	144.919086	1.7
71	667.150340	11.376511	0.000142	56.795887	1.6
72	649.952025	11.371132	0.000142	113.484400	1.7
73	688.917503	11.366892	0.000142	139.725780	1.6
74	644.064310	11.425353	0.000142	72.343872	1.6
75	637.635094	11.439076	0.000142	138.454400	2.0
76	649.868625	11.457199	0.000142	91.329478	1.6
77	647.269324	11.447957	0.000142	204.119182	1.7
78	659.432390	11.515216	0.000141	96.337385	1.9
79	661.363110	11.673856	0.000141	55.572150	1.6
80	658.082570	11.670667	0.000141	67.361168	1.6
81	665.403343	11.665597	0.000141	90.623342	1.7
82	643.776782	11.666140	0.000141	117.818812	1.6
83	666.510664	11.656580	0.000141	297.335330	1.7
84	651.111226	12.180781	0.000138	192.552668	1.7
85	673.244048	13.178387	0.000134	87.786836	1.7
86	667.467695	13.180574	0.000134	55.318457	1.6
87	639.948419	13.174370	0.000134	83.781323	1.7
88	637.227574	13.170917	0.000134	197.699933	1.7
89	641.893210	13.196389	0.000134	269.769743	1.7
90	645.278243	14.179030	0.000131	66.934589	1.9
91	638.106436	14.179311	0.000131	104.745176	4.2
92	667.447310	14.171565	0.000131	100.160935	4.3
93	664.947893	14.178842	0.000131	69.383959	4.3
94	662.117562	14.174045	0.000131	171.909043	3.7
95	658.973067	14.164570	0.000131	103.580247	2.5
96	651.147915	14.204435	0.000131	153.484055	2.5
97	648.615257	14.196503	0.000131	60.819755	2.5
98	655.355249	14.190512	0.000131	121.402452	2.4
99	655.071962	14.190341	0.000131	96.134598	2.3
100	645.065592	14.181666	0.000131	153.857488	2.3
101	656.845881	14.176026	0.000131	66.485178	2.3
102	661.170303	14.193849	0.000131	53.823987	2.3
103	650.035383	14.189637	0.000131	71.469118	1.8
104	633.302941	14.183631	0.000131	95.996660	1.7
105	637.352600	14.181032	0.000131	52.569771	1.8
106	636.887839	14.177533	0.000131	74.339410	1.8
107	636.821446	14.171555	0.000131	124.127177	1.8
108	651.589207	14.190314	0.000131	71.060448	1.9
109	633.337772	14.181645	0.000131	94.735708	1.8
110	617.361102	14.176415	0.000131	82.076313	1.8
111	662.402015	14.188567	0.000131	124.205009	1.8
112	636.506915	14.184892	0.000131	52.938513	1.8
113	646.515966	14.180324	0.000131	58.188200	1.8
114	641.322327	14.175241	0.000131	86.732835	1.7
115	673.913422	14.169031	0.000131	57.448948	1.6
116	652.297434	14.167074	0.000131	70.202982	5.0
117	631.156018	14.160967	0.000131	115.813893	1.7
118	651.751191	14.168411	0.000131	144.096185	1.8
119	651.357687	14.215900	0.000130	91.215821	1.8
120	660.582760	14.220931	0.000130	131.719956	1.8
121	648.438767	14.238816	0.000130	85.561230	1.7
122	662.878835	14.242397	0.000130	70.981851	1.7
123	621.529009	14.234510	0.000130	67.758232	3.0
124	671.769973	14.230399	0.000130	133.780400	1.8
125	629.996852	14.225453	0.000130	76.771020	4.3
126	609.801665	14.227194	0.000130	140.276109	4.0
127	634.406883	14.222405	0.000130	87.354960	3.8
128	656.986088	14.259035	0.000130	88.004896	4.3
129	614.969134	14.253787	0.000130	98.988027	4.2
130	625.806258	14.247700	0.000130	48.355518	2.5
131	646.978132	14.243614	0.000130	98.380128	2.5
132	641.808734	14.237510	0.000130	111.772280	3.0
133	626.977442	14.227757	0.000130	107.105302	3.0
134	648.972523	14.274349	0.000130	62.398375	3.0
135	640.666095	14.267432	0.000130	184.583694	2.4
136	655.471375	14.285054	0.000130	184.214869	2.3
137	637.937813	14.424325	0.000130	87.724130	2.3
138	641.274612	14.413936	0.000130	250.234415	2.3
139	623.322058	14.650586	0.000129	66.285142	2.3
140	622.908437	14.641361	0.000129	60.898628	2.1
141	641.630891	14.638026	0.000129	135.300214	1.9
142	641.835760	14.629324	0.000129	86.666329	1.8
143	639.401329	14.620846	0.000129	117.372469	1.8
144	631.859243	14.631915	0.000129	47.248992	1.8
145	638.159495	14.627442	0.000129	59.555668	1.8
146	617.267936	14.623660	0.000129	80.609574	1.7
147	624.325827	14.619478	0.000129	54.859397	1.8
148	641.480666	14.614644	0.000129	103.017989	1.8
149	653.962168	14.610274	0.000129	246.955769	2.3
150	642.152548	14.830476	0.000128	86.017604	1.7
151	650.250743	15.019001	0.000128	51.266740	1.8
152	632.835389	15.015672	0.000128	183.832323	1.7
153	636.338663	15.012145	0.000128	137.447683	1.6
154	631.828341	15.522996	0.000126	104.964455	1.6
155	626.641718	15.527598	0.000126	94.355233	1.6
156	641.725458	15.547176	0.000126	59.499664	1.7
157	601.842680	15.546131	0.000126	83.036818	3.2
158	638.872499	15.544746	0.000126	54.830840	2.3
159	636.601752	15.540483	0.000126	178.844452	4.4
160	613.219923	15.544425	0.000126	172.963113	2.7
161	631.261497	16.298895	0.000123	136.622854	2.0
162	612.749488	16.386388	0.000123	98.137953	2.0
163	613.822942	16.385438	0.000123	100.123024	2.0
164	628.353072	16.400527	0.000123	69.982551	2.0
165	648.570942	16.392406	0.000123	158.536320	1.9
166	607.850283	16.403107	0.000123	54.571985	1.9
167	650.348222	16.412523	0.000123	70.978542	1.9
168	648.079528	16.406397	0.000123	166.235619	2.0
169	624.686593	16.397674	0.000123	132.279127	1.9
170	611.103065	16.661756	0.000122	47.424982	1.7
171	615.118223	16.662729	0.000122	105.522918	1.6
172	654.277207	16.663278	0.000122	91.146709	1.6
173	639.734568	16.674697	0.000122	79.465560	1.6
174	620.652208	16.684182	0.000122	108.331436	1.6
175	589.299053	16.698198	0.000122	112.809234	1.6
176	645.099192	16.689690	0.000122	60.043517	1.6
177	610.685000	16.687728	0.000122	53.876553	1.7
178	629.216148	16.684118	0.000122	195.208369	1.6
179	597.476769	16.691120	0.000122	84.157339	1.6
180	636.488309	16.680785	0.000122	49.829607	1.6
181	631.641267	16.678163	0.000122	134.868769	1.6
182	638.761943	16.672187	0.000122	220.235828	1.6
183	601.463421	16.661195	0.000122	199.423640	1.6
184	611.883998	17.645781	0.000119	138.078360	1.7
185	634.057563	17.634792	0.000119	86.713761	1.6
186	620.898274	17.630528	0.000119	84.307327	1.6
187	634.015349	17.640596	0.000119	60.655140	1.7
188	597.830110	17.638825	0.000119	68.790013	1.6
189	620.270603	17.632876	0.000119	71.718213	1.6
190	617.714526	17.633743	0.000119	91.260798	1.6
191	636.494934	17.639192	0.000119	124.243399	1.6
192	614.247010	17.629321	0.000119	105.914694	1.7
193	628.489951	17.620523	0.000119	110.883614	1.7
194	600.226083	17.626617	0.000119	50.733334	1.7
195	612.217695	17.621081	0.000119	69.655914	1.7
196	650.373347	17.617858	0.000119	52.168244	1.7
197	621.759717	17.612800	0.000119	132.195427	1.7
198	620.056218	17.611488	0.000119	52.251964	1.7
199	642.895954	17.612192	0.000119	58.463409	1.7
200	636.762558	17.608089	0.000119	116.578135	1.6
201	611.743720	17.609214	0.000119	86.827555	1.6
202	621.971879	17.621450	0.000119	63.427229	1.6
203	637.686920	17.620252	0.000119	88.044235	1.6
204	616.715857	17.615096	0.000119	94.621102	1.7
205	611.020959	17.630199	0.000119	67.670874	1.6
206	626.138780	17.625151	0.000119	78.499262	1.7
207	621.801466	17.628576	0.000119	142.646163	1.6
208	639.319530	17.621415	0.000119	108.959712	1.6
209	635.812896	17.702584	0.000119	128.445080	1.8
210	621.293172	17.692134	0.000119	63.714259	3.2
211	639.453597	17.684538	0.000119	171.074946	1.7
212	628.488927	17.692473	0.000119	281.610714	1.7
213	620.892487	18.664119	0.000116	198.947526	3.7
214	615.465885	19.663262	0.000113	92.048024	1.7
215	605.271608	19.653195	0.000113	83.457199	1.7
216	645.691562	19.660263	0.000113	55.612416	2.1
217	624.836366	19.655240	0.000113	69.416398	2.1
218	618.931003	19.649850	0.000113	135.575946	2.1
219	632.611174	19.648526	0.000113	89.855898	2.0
220	617.281747	19.681713	0.000113	204.700193	3.1
221	617.380387	19.671062	0.000113	200.874593	1.6
222	630.375651	20.648234	0.000110	114.871316	1.6
223	622.673000	21.038806	0.000109	75.789316	1.6
224	640.454365	21.050064	0.000109	81.520880	1.6
225	620.448307	21.044242	0.000109	85.217369	1.6
226	629.444068	21.041309	0.000109	120.316737	1.6
227	616.376809	21.071382	0.000109	59.463078	1.6
228	619.816248	21.076456	0.000109	122.985774	1.6
229	623.886277	21.069041	0.000109	77.179647	1.7
230	641.627984	21.082912	0.000109	103.292125	1.7
231	601.078183	21.074521	0.000109	121.267406	1.7
232	612.616561	21.076862	0.000109	104.863332	1.6
233	635.791099	21.071631	0.000109	206.720838	4.3
234	602.755600	21.388096	0.000108	138.517238	1.7
235	612.807573	22.072380	0.000107	55.161298	1.6
236	627.343502	22.068199	0.000107	72.914868	1.8
237	607.006376	22.063667	0.000107	49.693303	1.9
238	625.615255	22.059949	0.000107	54.602844	2.1
239	615.261434	22.056484	0.000107	53.530753	2.2
240	599.024817	22.052578	0.000107	90.325951	1.9
241	626.091166	22.046630	0.000107	53.293766	1.8
242	606.720222	22.044301	0.000107	150.966045	1.7
243	618.083516	22.039954	0.000107	86.176717	1.7
244	592.878093	22.080297	0.000107	73.344201	2.6
245	598.671989	22.077888	0.000107	90.304631	1.8
246	612.102344	22.075101	0.000107	104.766224	1.7
247	585.242308	22.099948	0.000107	218.145701	1.9
248	597.652638	22.400004	0.000106	101.667750	1.8
249	608.775211	22.722126	0.000105	146.958010	1.8
250	627.308614	22.711649	0.000105	219.540458	3.0
251	632.114593	23.431817	0.000103	140.175749	4.3
252	601.399159	24.153879	0.000102	59.040930	4.3
253	622.069136	24.149291	0.000102	74.868697	4.0
254	618.734619	24.143012	0.000102	50.334854	4.0
255	620.150614	24.139917	0.000102	62.855749	4.0
256	641.691406	24.134593	0.000102	72.663792	2.9
257	616.813830	24.134868	0.000102	116.799031	2.9
258	617.322540	24.127086	0.000102	159.204153	2.9
259	595.625750	24.248786	0.000102	177.168157	2.6
260	609.489547	24.787342	0.000100	139.966246	2.1
261	610.274628	25.281112	0.000099	82.232556	2.2
262	620.009075	25.300977	0.000099	109.777396	2.2
263	608.208426	25.323655	0.000099	104.703677	2.1
264	608.851908	25.360941	0.000099	116.459531	1.8
265	608.000888	25.351530	0.000099	118.740544	1.8
266	610.771874	25.388465	0.000099	89.842623	1.7
267	595.776402	25.378962	0.000099	81.610783	1.8
268	598.294117	25.378246	0.000099	52.241175	1.8
269	601.451899	25.374410	0.000099	213.005815	1.8
270	611.826487	25.392074	0.000099	187.671280	1.7
271	582.829617	26.292637	0.000097	128.178307	1.7
272	610.301143	26.283654	0.000097	63.748907	1.7
273	617.232476	26.283038	0.000097	84.689806	1.7
274	598.920029	26.278881	0.000097	57.450412	1.7
275	616.455834	26.275635	0.000097	112.144298	1.6
276	618.022161	26.274806	0.000097	83.860452	1.6
277	596.019665	26.265292	0.000097	122.966902	1.7
278	600.974939	26.293105	0.000097	51.664516	1.6
279	598.391333	26.290705	0.000097	125.990142	1.6
280	618.189570	26.290252	0.000097	137.765751	1.6
281	615.796539	26.279479	0.000097	223.460949	1.6
282	579.165048	26.869530	0.000096	53.871131	1.6
283	615.248422	26.861723	0.000096	62.501903	1.6
284	610.986296	26.856628	0.000096	150.742530	1.7
285	614.988212	26.864215	0.000096	122.358600	1.6
286	631.637901	26.939517	0.000096	123.601496	1.6
287	597.686216	26.929507	0.000096	65.330793	1.6
288	622.554402	26.920987	0.000096	119.291552	1.7
289	607.345194	26.925119	0.000096	127.085885	4.2
290	613.012158	26.915156	0.000096	60.284635	1.7
291	579.311675	26.922219	0.000096	78.248228	1.7
292	620.803504	26.915395	0.000096	69.286096	2.9
293	611.815505	26.918121	0.000096	67.802115	2.2
294	624.442817	26.919082	0.000096	87.635334	2.1
295	591.547258	26.918161	0.000096	144.497193	2.2
296	589.264491	26.917082	0.000096	194.598760	2.0
297	624.184792	27.257025	0.000095	92.424377	2.0
298	611.711125	27.402639	0.000095	114.850629	1.9
299	605.542711	27.394161	0.000095	62.947329	1.9
300	605.654854	27.397852	0.000095	99.245748	1.9
301	585.456965	27.394771	0.000095	145.546990	1.8
302	581.265755	27.487543	0.000095	113.428485	1.6
303	608.132283	27.476866	0.000095	53.746450	1.6
304	555.437701	27.472284	0.000095	68.884148	1.7
305	592.343696	27.467734	0.000095	159.093376	1.6
306	605.144612	27.459968	0.000095	60.142693	1.6
307	601.820003	27.452375	0.000095	117.482142	1.7
308	623.027420	27.447887	0.000095	88.794023	1.7
309	591.198256	27.438030	0.000095	91.834636	1.7
310	592.750728	27.432588	0.000095	187.481040	1.6
311	606.233691	27.451502	0.000095	138.507565	1.6
312	603.512802	28.008688	0.000094	108.368061	1.6
313	583.126490	27.998487	0.000094	90.480677	1.8
314	584.061309	27.988889	0.000094	89.466599	1.8
315	604.818714	27.989467	0.000094	52.062628	1.7
316	587.966864	27.983417	0.000094	60.098524	1.6
317	596.942778	27.979448	0.000094	65.259006	1.8
318	591.877836	27.978760	0.000094	66.662351	1.7
319	622.330536	27.975665	0.000094	221.988582	1.6
320	555.047852	28.001967	0.000094	156.877788	2.4
321	603.945423	28.911811	0.000092	178.067873	4.0
322	588.370911	29.071815	0.000092	102.937708	4.0
323	585.421073	29.269318	0.000091	109.787892	3.2
324	599.945088	29.301430	0.000091	60.759124	3.2
325	597.702915	29.293655	0.000091	206.135545	3.2
326	604.987289	29.317539	0.000091	142.818738	2.6
327	605.576538	29.866544	0.000090	145.896946	2.7
328	594.901834	30.167978	0.000090	64.198891	2.4
329	598.516529	30.161884	0.000090	106.284345	2.5
330	603.055090	30.163314	0.000090	93.400587	2.5
331	603.585338	30.159992	0.000090	103.270290	2.5
332	604.836395	30.153591	0.000090	97.742851	2.5
333	595.491016	30.144037	0.000090	118.638812	2.4
334	592.451193	30.163441	0.000090	79.958342	1.9
335	608.113470	30.154019	0.000090	60.937995	1.9
336	599.959573	30.155665	0.000090	60.328654	1.9
337	592.064370	30.150566	0.000090	98.737560	1.9
338	586.584224	30.154762	0.000090	61.056905	2.2
339	595.144715	30.149094	0.000090	91.016147	4.3
340	601.298366	30.142379	0.000090	79.998869	4.2
341	592.339337	30.140044	0.000090	223.150765	3.5
342	573.114060	30.133104	0.000090	88.897803	3.5
343	593.702188	30.122403	0.000090	72.395264	3.4
344	619.175091	30.127929	0.000090	100.089688	2.5
345	612.563229	30.120676	0.000090	66.508155	2.6
346	594.955097	30.113026	0.000090	59.475082	2.5
347	615.542344	30.112136	0.000090	132.869992	2.5
348	589.253314	30.104147	0.000090	74.785512	2.0
349	597.651751	30.127540	0.000090	43.746585	2.1
350	572.482351	30.123005	0.000090	148.363142	2.0
351	561.545975	30.117999	0.000090	78.599424	1.9
352	575.511636	30.108158	0.000090	137.421885	1.9
353	572.129257	30.140838	0.000090	76.462408	1.8
354	598.060543	30.168186	0.000090	94.811331	1.8
355	583.191717	30.166531	0.000090	58.382279	1.9
356	580.376006	30.163726	0.000090	63.325839	1.8
357	599.804189	30.164255	0.000090	53.507952	4.0
358	588.995168	30.159708	0.000090	119.923608	4.0
359	595.000586	30.162735	0.000090	103.147185	4.1
360	590.385006	30.226748	0.000090	93.439998	3.0
361	595.214297	30.224938	0.000090	51.136650	2.8
362	603.432128	30.220483	0.000090	49.946302	2.8
363	563.722759	30.217663	0.000090	184.181857	2.7
364	598.104841	30.215176	0.000090	198.150576	2.1
365	586.915677	31.127176	0.000088	52.649150	2.1
366	585.014601	31.118490	0.000088	65.275178	2.2
367	596.399614	31.113759	0.000088	100.586793	2.1
368	578.635214	31.119546	0.000088	84.865428	1.8
369	572.862563	31.110196	0.000088	47.958981	1.8
370	607.875480	31.108582	0.000088	99.119763	1.8
371	603.553654	31.102134	0.000088	77.592884	1.8
372	600.119685	31.094766	0.000088	158.280395	1.8
373	582.111201	31.099918	0.000088	174.692557	1.8
374	589.220741	31.625119	0.000087	137.159679	1.7
375	619.038070	32.034942	0.000087	111.947854	1.6
376	572.193029	32.111751	0.000087	75.866112	1.7
377	588.400704	32.118989	0.000087	248.199466	1.7
378	598.470220	32.111496	0.000087	173.684918	2.6
379	604.360829	32.100470	0.000087	278.378962	4.5
380	589.621031	33.095428	0.000085	62.883208	1.7
381	596.596099	33.136047	0.000085	130.070303	1.7
382	584.923095	33.142965	0.000085	153.064268	1.7
383	596.168539	33.293335	0.000085	70.702947	2.0
384	591.819286	33.315154	0.000085	168.544494	4.3
385	572.445686	33.305439	0.000085	84.633681	4.2
386	582.006657	33.368987	0.000085	135.887697	2.4
387	591.194315	33.412397	0.000084	80.750449	2.5
388	596.367111	33.419677	0.000084	75.856628	3.0
389	598.946524	33.415636	0.000084	78.697645	2.5
390	586.535163	33.408438	0.000084	59.648415	2.0
391	577.802308	33.401941	0.000084	143.710440	1.8
392	562.653759	33.416221	0.000084	52.054852	2.0
393	578.119955	33.423469	0.000084	48.963872	1.8
394	594.222116	33.420604	0.000084	91.543510	1.9
395	604.244784	33.421703	0.000084	118.019914	4.0
396	586.695181	33.449012	0.000084	84.926246	1.7
397	575.069754	33.476458	0.000084	51.500386	1.7
398	570.329570	33.476034	0.000084	128.411795	1.7
399	596.636091	33.480267	0.000084	61.766063	1.8
400	584.723324	33.473961	0.000084	71.264869	2.0
401	592.082828	33.474762	0.000084	53.081671	1.8
402	598.547441	33.472377	0.000084	68.582929	1.8
403	562.051894	33.468159	0.000084	68.000704	2.9
404	592.489974	33.466913	0.000084	88.123822	2.1
405	573.744775	33.459004	0.000084	103.030483	2.6
406	596.587085	33.486002	0.000084	112.256068	2.6
407	597.154010	33.532940	0.000084	123.438185	5.1
408	588.949791	33.522489	0.000084	72.798499	2.5
409	588.202748	33.539694	0.000084	71.405545	2.5
410	581.899696	33.538223	0.000084	156.368067	2.4
411	580.632428	33.544285	0.000084	87.934963	2.5
412	614.329863	33.560395	0.000084	61.300744	2.0
413	597.796419	33.559343	0.000084	57.868740	2.2
414	576.232899	33.556400	0.000084	202.534484	3.0
415	592.460677	33.582659	0.000084	147.213666	2.1
416	592.097057	34.331792	0.000083	48.064636	1.7
417	572.608839	34.332804	0.000083	97.107814	1.7
418	567.230768	34.327760	0.000083	126.530585	1.7
419	599.504618	34.357035	0.000083	83.081729	1.7
420	580.481734	34.352392	0.000083	49.689388	1.9
421	581.401806	34.347197	0.000083	72.540030	1.7
422	595.657268	34.342735	0.000083	117.418264	1.7
423	588.632629	34.339523	0.000083	55.267528	1.7
424	575.201351	34.335098	0.000083	81.883294	1.7
425	588.663323	34.334077	0.000083	53.974874	1.8
426	563.481774	34.329038	0.000083	93.916025	1.7
427	583.486472	34.328820	0.000083	93.863094	1.7
428	597.018261	34.329265	0.000083	126.582408	1.7
429	584.961582	34.333634	0.000083	212.099653	1.7
430	562.370883	34.927737	0.000082	45.484409	1.7
431	567.342852	34.934807	0.000082	63.048639	1.7
432	577.422057	34.930150	0.000082	179.309189	1.7
433	579.997496	34.920391	0.000082	97.044037	1.7
434	571.733714	35.056546	0.000082	74.282195	1.8
435	586.876086	35.053890	0.000082	65.892522	1.7
436	565.075528	35.048225	0.000082	63.071754	1.7
437	585.049313	35.041741	0.000082	156.648191	1.9
438	563.725492	35.065242	0.000082	136.101152	1.9
439	571.771691	35.108185	0.000082	99.348910	4.5
440	568.948626	35.189089	0.000082	52.223549	4.3
441	578.390432	35.185180	0.000082	71.507057	4.5
442	581.943665	35.184748	0.000082	83.128771	4.3
443	585.157096	35.190261	0.000082	55.867926	3.8
444	575.198069	35.188875	0.000082	72.729440	3.1
445	584.355132	35.188044	0.000082	45.205770	3.2
446	599.004727	35.185449	0.000082	111.603519	3.6
447	579.231502	35.180105	0.000082	47.754226	2.4
448	596.623108	35.175951	0.000082	50.956705	3.4
449	605.960855	35.171866	0.000082	64.407089	4.4
450	562.589033	35.169155	0.000082	112.005739	4.2
451	574.809219	35.176264	0.000082	63.853786	1.9
452	580.454131	35.184295	0.000082	158.967225	4.4
453	583.167466	35.187810	0.000082	105.079999	2.2
454	583.389135	35.349699	0.000082	86.118831	2.0
455	591.470378	35.345308	0.000082	174.112234	2.1
456	548.552352	35.373776	0.000082	104.129012	2.0
457	585.916163	35.520020	0.000081	126.146655	2.0
458	577.947509	35.509619	0.000081	151.239964	2.0
459	558.164363	35.627741	0.000081	124.777593	2.1
460	591.623390	35.618618	0.000081	61.619964	5.0
461	573.901122	35.626264	0.000081	161.594938	4.4
462	590.457002	35.618173	0.000081	111.403938	4.5
463	559.476685	35.782207	0.000081	112.602696	14.1
464	607.032919	35.835582	0.000081	85.048728	2.8
465	570.140135	35.863293	0.000081	52.407194	2.6
466	570.975051	35.862545	0.000081	52.409797	2.2
467	585.381238	35.857628	0.000081	58.017424	2.2
468	544.013093	35.854111	0.000081	55.334359	2.1
469	576.868482	35.849404	0.000081	80.270344	2.2
470	585.062497	35.842847	0.000081	60.839549	2.1
471	575.824176	35.841405	0.000081	120.933111	2.0
472	585.166734	35.834961	0.000081	115.987918	1.9
473	582.926536	35.865828	0.000081	122.385685	1.9
474	615.668032	35.936427	0.000081	111.466851	1.7
475	556.050922	35.944716	0.000081	41.562855	1.9
476	539.812021	35.941295	0.000081	118.799219	1.6
477	566.268956	35.938005	0.000081	98.024779	1.6
478	555.656092	35.948139	0.000081	125.049265	1.6
479	588.289958	35.980882	0.000081	93.010890	1.5
480	550.327140	35.999590	0.000081	66.404903	3.5
481	588.571351	35.994093	0.000081	89.528488	4.0
482	565.460447	35.998134	0.000081	105.117107	4.0
483	543.879511	35.988510	0.000081	44.228469	3.4
484	560.486476	35.984917	0.000081	162.155068	2.8
485	567.206687	35.980583	0.000081	54.633273	2.8
486	550.842923	35.972555	0.000081	47.191386	1.9
487	559.663384	35.971232	0.000081	109.905830	2.5
488	572.102626	35.972660	0.000081	215.028848	2.5
489	590.724930	36.441648	0.000080	89.687499	2.4
490	563.494145	36.638427	0.000080	105.881190	2.4
491	571.053208	36.643701	0.000080	66.112200	2.3
492	580.586732	36.652767	0.000080	55.848437	3.1
493	558.296914	36.648770	0.000080	89.916813	4.5
494	562.961729	36.652281	0.000080	41.337749	4.3
495	558.404470	36.650307	0.000080	76.970793	4.2
496	577.546861	36.647378	0.000080	56.068562	3.9
497	573.409893	36.648846	0.000080	135.027318	3.2
498	570.868432	36.651193	0.000080	109.073347	2.9
499	564.960183	36.724208	0.000080	63.114910	2.9
500	588.499074	36.715928	0.000080	122.609709	4.3
501	566.015080	36.707071	0.000080	77.863088	4.4
502	557.346266	36.736210	0.000080	62.988365	3.4
503	577.303324	36.730572	0.000080	51.847178	3.2
504	574.223382	36.726949	0.000080	71.060916	3.2
505	556.927142	36.725386	0.000080	142.546301	2.4
506	582.257482	36.749040	0.000080	151.136050	2.9
507	557.975560	37.140269	0.000079	118.288183	2.3
508	587.619699	37.344199	0.000079	74.102817	2.7
509	571.505704	37.348914	0.000079	78.482088	4.2
510	562.050140	37.342965	0.000079	79.854568	4.1
511	569.308107	37.336230	0.000079	58.054031	3.8
512	553.362223	37.329530	0.000079	87.413883	3.0
513	587.142773	37.334922	0.000079	72.287995	4.3
514	580.438141	37.327530	0.000079	101.200992	4.0
515	563.223463	37.318764	0.000079	110.422157	3.9
516	562.698624	37.340092	0.000079	55.232113	4.0
517	577.068416	37.343924	0.000079	95.963712	2.8
518	594.888515	37.337760	0.000079	50.423221	2.9
519	565.607118	37.332207	0.000079	61.393027	2.8
520	563.177591	37.329264	0.000079	60.654328	2.5
521	560.191922	37.323836	0.000079	113.360757	2.5
522	572.557059	37.319876	0.000079	125.366332	2.4
523	599.523684	37.325122	0.000079	48.368720	2.2
524	578.761299	37.319533	0.000079	88.718513	2.3
525	567.153651	37.315080	0.000079	204.975067	2.4
526	578.608498	37.304438	0.000079	58.194306	4.3
527	553.501671	37.331919	0.000079	50.022907	2.2
528	573.468614	37.330267	0.000079	116.980859	2.8
529	575.427019	37.332446	0.000079	127.298132	4.5
530	554.291200	37.323266	0.000079	75.835040	3.7
531	572.854921	37.344512	0.000079	97.281626	3.0
532	563.932906	37.340331	0.000079	156.892180	3.0
533	543.677782	37.460803	0.000079	100.640433	2.9
534	581.756466	37.494433	0.000079	63.195299	2.0
535	567.945138	37.489239	0.000079	44.280543	2.4
536	579.941148	37.485800	0.000079	68.563638	4.1
537	568.411918	37.483696	0.000079	129.813303	2.5
538	567.903643	37.479770	0.000079	97.659545	2.4
539	567.691859	37.538877	0.000078	87.622923	2.5
540	564.191665	37.529584	0.000079	43.546612	2.5
541	588.790009	37.526985	0.000079	144.663547	2.3
542	581.134803	37.522531	0.000079	78.944214	2.0
543	574.226845	37.555196	0.000078	95.664626	1.9
544	548.095730	37.562461	0.000078	109.819873	1.9
545	570.544798	37.564199	0.000078	106.114107	1.9
546	548.089894	37.592527	0.000078	171.970408	4.5
547	560.324291	37.788744	0.000078	44.496129	2.0
548	547.875104	37.787787	0.000078	109.616494	1.6
549	561.186823	37.786015	0.000078	56.562402	1.6
550	566.157847	37.789101	0.000078	100.770901	1.6
551	561.984588	37.794763	0.000078	112.953972	5.4
552	577.388806	37.784630	0.000078	81.676914	1.7
553	551.981533	37.806878	0.000078	71.101880	1.7
554	576.852220	37.807412	0.000078	70.578065	2.3
555	558.127810	37.803406	0.000078	94.603525	4.3
556	560.702974	37.800593	0.000078	99.200494	4.5
557	564.933668	37.791042	0.000078	86.958478	4.4
558	564.725355	37.814461	0.000078	81.880400	4.4
559	560.916127	37.819488	0.000078	53.293006	3.5
560	570.346267	37.819251	0.000078	153.731408	3.1
561	582.829999	37.811252	0.000078	231.672236	3.1
562	579.046247	38.138661	0.000078	47.541687	2.8
563	577.311789	38.136158	0.000078	129.987845	3.0
564	581.136072	38.134298	0.000078	142.105277	4.3
565	561.313601	38.225554	0.000078	81.496527	2.1
566	554.712015	38.247913	0.000078	99.941472	1.7
567	573.104049	38.239092	0.000078	61.325767	1.8
568	574.972814	38.237348	0.000078	157.426035	1.7
569	569.688785	38.234613	0.000078	172.703796	5.2
570	546.018149	38.899956	0.000077	44.697223	4.2
571	559.484188	38.892557	0.000077	51.089081	4.4
572	545.208475	38.890642	0.000077	143.534628	4.0
573	545.154675	38.883689	0.000077	53.858010	3.9
574	561.341384	38.893032	0.000077	59.352144	3.4
575	568.788674	38.887692	0.000077	47.360597	2.9
576	554.621807	38.882889	0.000077	97.718654	2.8
577	571.392736	38.884093	0.000077	67.256211	2.7
578	544.278414	38.877816	0.000077	179.190288	2.2
579	575.835107	38.879302	0.000077	53.076348	2.2
580	555.223234	38.881699	0.000077	213.753035	2.1
581	536.288323	38.874997	0.000077	93.993039	2.2
582	564.870787	39.001424	0.000077	163.438539	2.1
583	564.728123	39.093945	0.000076	40.546939	2.5
584	552.781810	39.092055	0.000076	77.885946	1.9
585	528.269319	39.088615	0.000076	74.827454	2.1
586	562.936718	39.080613	0.000076	101.740895	4.4
587	553.153466	39.071975	0.000076	72.060367	4.2
588	566.912374	39.075778	0.000076	60.522466	1.8
589	570.071765	39.073586	0.000076	73.340351	1.8
590	558.722445	39.075881	0.000076	93.498423	1.9
591	560.706701	39.073817	0.000076	56.220249	1.9
592	557.086518	39.073736	0.000076	118.371678	1.9
593	567.861601	39.081302	0.000076	75.067170	2.2
594	551.053956	39.087417	0.000076	67.615440	3.7
595	570.994011	39.080725	0.000076	108.155501	4.0
596	555.546347	39.084769	0.000076	91.524679	4.0
597	544.780479	39.078108	0.000076	68.052924	3.0
598	547.410045	39.082825	0.000076	155.669108	3.0
599	558.415647	39.094316	0.000076	145.662747	4.4
600	568.761395	39.505866	0.000076	62.082443	4.0
601	551.418391	39.518126	0.000076	50.608412	2.5
602	543.964217	39.514735	0.000076	57.994723	2.5
603	559.832680	39.512730	0.000076	148.196440	2.7
604	561.255872	39.524901	0.000076	159.795021	2.9
605	558.370063	39.513932	0.000076	97.530735	2.9
606	568.232865	39.635741	0.000076	51.041076	2.9
607	582.594063	39.636193	0.000076	42.723513	2.2
608	584.411704	39.632545	0.000076	81.779003	2.2
609	540.486436	39.628709	0.000076	44.807091	2.1
610	559.238980	39.626419	0.000076	51.359654	2.2
611	569.150127	39.623538	0.000076	63.771843	2.0
612	566.960265	39.620095	0.000076	127.634151	1.8
613	541.309439	39.629294	0.000076	79.441412	1.8
614	564.830084	39.621032	0.000076	80.604702	1.8
615	562.055328	39.629438	0.000076	138.468700	1.8
616	581.548055	39.624838	0.000076	109.702242	1.8
617	568.524026	39.722055	0.000076	155.253842	1.7
618	564.349511	39.711443	0.000076	134.021747	2.2
619	554.086680	39.700549	0.000076	83.131722	1.6
620	555.906976	39.705934	0.000076	106.760188	1.6
621	538.896705	39.709329	0.000076	74.432598	1.6
622	549.370164	39.702713	0.000076	73.770699	1.6
623	546.586318	39.699354	0.000076	109.097057	1.7
624	569.398535	39.714439	0.000076	49.146679	1.6
625	555.766107	39.707790	0.000076	82.607395	1.6
626	557.006301	39.707013	0.000076	74.585294	1.6
627	541.557852	39.715496	0.000076	58.718999	1.7
628	528.387044	39.713427	0.000076	62.463332	1.7
629	573.985586	39.713884	0.000076	44.261667	1.8
630	563.584614	39.710531	0.000076	86.790440	1.8
631	565.840735	39.710511	0.000076	90.505956	1.7
632	560.542228	39.711870	0.000076	95.013405	1.7
633	556.499128	39.728061	0.000076	114.870653	1.6
634	547.973748	39.720054	0.000076	45.435002	1.6
635	570.936214	39.723242	0.000076	100.941293	1.6
636	540.151152	39.717479	0.000076	101.997778	1.7
637	567.988791	39.733852	0.000076	108.305372	1.6
638	552.664693	39.760169	0.000076	110.990173	2.7
639	554.974331	39.775972	0.000076	172.327161	1.6
640	545.927709	39.937161	0.000075	44.075380	1.7
641	552.501226	39.940354	0.000075	44.388141	1.7
642	584.608846	39.936705	0.000075	73.222232	1.9
643	553.989575	39.932423	0.000075	49.179314	4.3
644	549.555214	39.926882	0.000075	87.297387	4.5
645	568.845669	39.923860	0.000075	78.794123	4.4
646	570.037840	39.929973	0.000075	95.537874	3.5
647	561.898648	39.921582	0.000075	104.222304	2.3
648	569.582785	39.912998	0.000075	103.092886	2.1
649	546.121789	39.905810	0.000075	111.148571	2.1
650	561.204715	39.908568	0.000075	221.112489	2.2
651	555.065435	40.456188	0.000075	50.772525	2.4
652	562.260194	40.455993	0.000075	101.658785	4.4
653	563.724634	40.451591	0.000075	66.476188	2.8
654	572.523351	40.445168	0.000075	111.928749	2.8
655	533.437039	40.439124	0.000075	114.026007	2.9
656	568.289709	40.447263	0.000075	50.345727	2.8
657	545.572620	40.445597	0.000075	77.482573	2.6
658	541.769706	40.445730	0.000075	42.919542	2.4
659	546.998313	40.442826	0.000075	165.069034	2.4
660	564.109529	40.437610	0.000075	130.235020	2.4
661	552.866384	40.757072	0.000074	61.670741	2.2
662	560.377282	40.756674	0.000074	79.324293	4.2
663	555.319732	40.755635	0.000074	131.295512	4.3
664	555.095135	40.774779	0.000074	60.746140	4.2
665	551.393992	40.781623	0.000074	83.283324	4.2
666	555.331220	40.774963	0.000074	53.512270	3.7
667	556.358901	40.775407	0.000074	46.311166	3.0
668	551.928942	40.773438	0.000074	137.996646	3.0
669	558.869218	40.774326	0.000074	123.637884	2.9
670	547.646372	40.875279	0.000074	71.903888	2.3
671	530.140278	40.900065	0.000074	76.991823	2.2
672	543.938132	40.905967	0.000074	52.280522	2.2
673	562.502387	40.899673	0.000074	112.893649	2.2
674	529.210303	40.905624	0.000074	95.966438	1.9
675	538.040292	40.956253	0.000074	45.422393	2.2
676	540.336971	40.950535	0.000074	115.395879	2.8
677	550.713317	40.951743	0.000074	130.575941	2.0
678	546.642473	41.064890	0.000074	168.615174	2.0
679	552.731825	41.411423	0.000074	52.409857	4.5
680	548.713480	41.404553	0.000074	161.894653	4.1
681	540.936664	41.411927	0.000074	101.942959	3.0
682	546.779607	41.550456	0.000073	77.849006	2.3
683	531.681741	41.566447	0.000073	57.263771	2.1
684	540.808648	41.564294	0.000073	71.216749	2.3
685	536.820023	41.559191	0.000073	68.359978	2.3
686	548.862565	41.554560	0.000073	168.589405	2.4
687	562.837244	41.548608	0.000073	142.084842	2.2
688	538.600830	42.024225	0.000073	94.809090	2.6
689	543.956997	42.014363	0.000073	88.872935	3.9
690	550.175457	42.018093	0.000073	67.654702	4.6
691	547.385012	42.021947	0.000073	84.416681	4.5
692	552.380187	42.020693	0.000073	61.863576	3.5
693	551.822162	42.014328	0.000073	86.105188	3.0
694	550.053625	42.017839	0.000073	42.432008	3.2
695	532.513347	42.013257	0.000073	54.990636	4.9
696	556.783305	42.009946	0.000073	65.926828	4.2
697	553.434601	42.010374	0.000073	79.536960	4.1
698	563.457606	42.016910	0.000073	108.281292	4.1
699	530.917985	42.042669	0.000073	80.137215	3.5
700	551.767259	42.061223	0.000073	138.775108	3.0
701	551.516198	42.081229	0.000073	137.658534	3.0
702	543.225983	42.070443	0.000073	147.247032	2.9
703	532.474367	42.416300	0.000072	54.008257	2.4
704	549.175816	42.427691	0.000072	89.833265	3.4
705	549.714581	42.425566	0.000072	70.060147	4.3
706	545.529966	42.421654	0.000072	87.108089	4.1
707	539.471451	42.414166	0.000072	69.307896	4.2
708	540.348808	42.409436	0.000072	42.001615	3.2
709	567.103821	42.407939	0.000072	104.411800	3.2
710	541.358135	42.402133	0.000072	61.058932	3.1
711	555.105643	42.406680	0.000072	48.386148	2.7
712	530.340466	42.401757	0.000072	119.598610	2.4
713	562.392749	42.405579	0.000072	114.803885	3.3
714	554.557895	42.475961	0.000072	81.817142	3.6
715	531.772483	42.472987	0.000072	64.427428	2.1
716	543.560511	42.468999	0.000072	83.903850	2.1
717	541.796366	42.461628	0.000072	89.376023	2.1
718	538.409320	42.452712	0.000072	72.412899	2.1
719	557.955884	42.450024	0.000072	153.642009	2.0
720	567.445088	42.451605	0.000072	83.715864	1.9
721	560.969141	42.442116	0.000072	57.754967	2.3
722	542.133446	42.437719	0.000072	58.712994	4.4
723	554.457234	42.432776	0.000072	117.276061	4.5
724	532.748164	42.427080	0.000072	69.345508	4.4
725	509.318258	42.422087	0.000072	47.298425	3.5
726	540.602088	42.418431	0.000072	53.242773	2.3
727	562.419182	42.415869	0.000072	73.951888	2.3
728	561.193026	42.410354	0.000072	94.860545	2.4
729	543.413377	42.403598	0.000072	151.342211	3.4
730	540.569653	42.489444	0.000072	102.262665	2.3
731	546.019618	42.602084	0.000072	127.094399	2.5
732	551.122377	42.608642	0.000072	104.003643	2.3
733	552.686449	42.674332	0.000072	71.142079	2.1
734	538.881297	42.678472	0.000072	63.175078	2.1
735	560.426154	42.678529	0.000072	79.866908	2.1
736	546.349947	42.680505	0.000072	59.196734	2.1
737	535.706589	42.675843	0.000072	124.799793	2.0
738	546.473942	42.667643	0.000072	71.038708	1.8
739	553.694343	42.674690	0.000072	64.437827	1.8
740	562.218388	42.669489	0.000072	104.858451	1.8
741	556.906459	42.678396	0.000072	75.742359	1.8
742	540.644623	42.669389	0.000072	66.857244	2.1
743	558.529816	42.665077	0.000072	84.094459	1.7
744	553.967167	42.659304	0.000072	76.082509	1.7
745	545.890181	42.670151	0.000072	74.647642	1.7
746	540.204261	42.663031	0.000072	119.336333	1.7
747	525.768995	42.653800	0.000072	93.455498	1.7
748	556.984404	42.683188	0.000072	125.324873	1.7
749	544.114785	42.673343	0.000072	60.311132	1.7
750	549.491587	42.667865	0.000072	51.519784	1.7
751	553.719222	42.664926	0.000072	100.239572	1.7
752	543.761545	42.668977	0.000072	100.797848	1.7
753	540.483661	42.697243	0.000072	134.562319	1.8
754	567.805792	42.794201	0.000072	122.866238	1.7
755	531.778735	42.876925	0.000072	40.921828	1.6
756	546.650102	42.874882	0.000072	100.901863	1.6
757	536.642938	42.872123	0.000072	39.920804	1.7
758	527.651956	42.867801	0.000072	115.831858	1.7
759	559.020947	42.864483	0.000072	68.775621	1.7
760	547.880823	42.864152	0.000072	127.347619	1.7
761	533.894140	42.858129	0.000072	46.086286	1.6
762	542.060605	42.861804	0.000072	127.330200	1.7
763	545.532985	42.856237	0.000072	48.787303	1.6
764	558.779093	42.858715	0.000072	146.637739	1.7
765	527.279867	42.851385	0.000072	92.008669	1.6
766	559.857065	42.903611	0.000072	84.009733	1.7
767	530.968231	42.910635	0.000072	59.890706	1.6
768	548.032964	42.908817	0.000072	178.055125	1.7
769	544.140158	42.909471	0.000072	60.866231	2.2
770	542.699306	42.941106	0.000072	71.293376	1.7
771	541.105821	42.939010	0.000072	54.893889	1.6
772	537.898004	42.932738	0.000072	90.836043	1.6
773	532.967675	42.929784	0.000072	77.973828	1.7
774	536.145975	42.946135	0.000072	64.982456	1.7
775	537.516732	42.946254	0.000072	132.957908	1.6
776	543.864872	42.954698	0.000072	86.790293	2.0
777	563.101539	42.989906	0.000072	59.932968	1.7
778	535.617618	42.983486	0.000072	80.779852	1.7
779	539.438846	42.982361	0.000072	68.688699	1.6
780	544.861501	42.976197	0.000072	85.448761	1.6
781	528.923591	42.983333	0.000072	90.870104	1.7
782	552.636775	42.975025	0.000072	69.338924	1.6
783	527.454555	42.975915	0.000072	61.091035	1.6
784	557.919060	42.973992	0.000072	71.575469	1.7
785	546.004853	42.971656	0.000072	69.876575	1.7
786	527.552846	42.970963	0.000072	75.009203	1.7
787	534.386437	42.965854	0.000072	63.979350	1.7
788	539.600989	42.968490	0.000072	97.927559	1.7
789	526.358902	42.962842	0.000072	56.887223	1.7
790	536.108051	42.963541	0.000072	98.521456	1.7
791	535.595251	42.960459	0.000072	70.798536	1.7
792	544.163403	42.975187	0.000072	60.060413	1.9
793	525.888821	42.976553	0.000072	71.279167	1.7
794	535.813992	42.976976	0.000072	81.732555	2.1
795	528.408829	42.971419	0.000072	116.515642	1.6
796	548.629516	43.004559	0.000072	110.651478	1.6
797	533.773449	43.054370	0.000072	89.341205	1.7
798	535.692377	43.050274	0.000072	106.589153	1.8
799	514.875266	43.048166	0.000072	45.910101	1.7
800	547.116315	43.048516	0.000072	121.417947	1.6
801	528.441782	43.050806	0.000072	148.103693	1.6
802	544.178750	43.219789	0.000072	110.293726	1.7
803	530.275582	43.291041	0.000071	101.125841	1.7
804	548.190606	43.297481	0.000071	45.152613	1.7
805	535.687847	43.296441	0.000071	65.750163	1.7
806	505.500213	43.291789	0.000071	77.162856	1.8
807	534.680987	43.287939	0.000071	69.038699	2.3
808	529.845374	43.281900	0.000071	180.654848	4.3
809	518.633302	43.296432	0.000071	101.117667	4.3
810	547.346736	43.505577	0.000071	45.314227	2.4
811	536.817217	43.506568	0.000071	119.916888	2.1
812	532.527889	43.500115	0.000071	58.209058	2.0
813	523.669886	43.507457	0.000071	86.471845	2.3
814	522.883951	43.500475	0.000071	82.624545	6.1
815	523.068791	43.515850	0.000071	42.572663	4.3
816	525.538045	43.511313	0.000071	90.200431	4.6
817	529.245675	43.508090	0.000071	65.939171	4.1
818	528.426617	43.513075	0.000071	97.350587	3.9
819	542.257256	43.506476	0.000071	55.938316	3.7
820	535.735265	43.505836	0.000071	163.129750	3.7
821	515.777259	43.496908	0.000071	68.323392	3.0
822	543.132389	43.487830	0.000071	93.108458	2.7
823	527.236094	43.497965	0.000071	91.732501	2.7
824	559.919223	43.511666	0.000071	54.973221	2.7
825	521.299267	43.515691	0.000071	95.635351	2.2
826	520.988398	43.508747	0.000071	46.718192	2.1
827	513.306756	43.504731	0.000071	42.238937	2.2
828	542.180037	43.501053	0.000071	64.963542	2.1
829	518.697070	43.499253	0.000071	88.293205	2.0
830	528.989962	43.491439	0.000071	82.713163	1.8
831	520.182470	43.501782	0.000071	128.919355	1.8
832	518.726337	43.493563	0.000071	130.732424	1.7
833	525.513588	43.669255	0.000071	101.681305	1.8
834	534.225878	43.749807	0.000071	147.956308	1.8
835	545.403692	43.739757	0.000071	71.522960	1.7
836	551.448524	43.729954	0.000071	79.144978	4.2
837	532.876883	43.726006	0.000071	149.422946	4.3
838	534.824114	43.720050	0.000071	102.652024	4.4
839	537.185632	43.852070	0.000071	68.579753	4.3
840	547.604602	43.845093	0.000071	225.674358	3.4
841	529.279208	43.835673	0.000071	57.079554	3.1
842	526.418028	43.865311	0.000071	136.527887	2.6
843	543.563386	43.859230	0.000071	89.277157	2.6
844	541.618384	43.910897	0.000071	87.005109	3.1
845	536.353221	43.928380	0.000071	123.149234	3.1
846	535.149572	43.975084	0.000071	66.722749	3.2
847	517.991278	43.971255	0.000071	61.907093	2.3
848	536.645126	43.970474	0.000071	62.012672	2.5
849	535.234828	43.971028	0.000071	63.310478	2.4
850	513.742630	43.972173	0.000071	65.634769	2.5
851	512.279110	43.972635	0.000071	53.717953	2.1
852	526.322013	43.971691	0.000071	105.405361	1.9
853	509.029727	43.978799	0.000071	74.640885	1.9
854	533.102501	43.976742	0.000071	50.352007	1.9
855	522.421315	43.973777	0.000071	41.707365	1.9
856	533.810738	43.969911	0.000071	108.068970	1.7
857	528.644830	43.964386	0.000071	71.682587	1.7
858	527.647309	43.978828	0.000071	125.165683	1.7
859	520.679843	43.969700	0.000071	56.638607	1.7
860	525.435969	43.977185	0.000071	97.789426	1.7
861	535.125213	43.983090	0.000071	64.448562	2.0
862	522.313458	43.987889	0.000071	76.181129	1.6
863	538.269249	43.985699	0.000071	56.674099	1.7
864	513.745223	43.981379	0.000071	91.107089	1.6
865	540.124066	43.975972	0.000071	97.787264	1.6
866	549.571752	43.969018	0.000071	77.788691	1.7
867	540.301678	43.986464	0.000071	55.077477	1.7
868	524.863513	43.981682	0.000071	83.081010	1.7
869	537.380265	43.985688	0.000071	56.556361	1.7
870	529.171011	43.986481	0.000071	52.004339	1.6
871	525.060864	43.982112	0.000071	48.171993	1.8
872	515.281141	43.980089	0.000071	55.842725	1.7
873	530.611941	43.979804	0.000071	61.596366	1.7
874	525.735341	43.975559	0.000071	64.045328	1.6
875	545.494866	43.969714	0.000071	67.305481	1.7
876	527.108735	43.971548	0.000071	150.473127	1.7
877	561.956804	43.965673	0.000071	78.930314	1.7
878	538.232890	43.973828	0.000071	56.971730	1.7
879	522.511807	43.976590	0.000071	130.785544	1.7
880	521.951910	43.979084	0.000071	49.675998	1.7
881	534.370268	43.975860	0.000071	121.430184	1.7
882	539.335165	43.972297	0.000071	106.860873	2.0
883	509.244377	44.042911	0.000071	76.091553	1.7
884	536.210741	44.034530	0.000071	85.085089	1.7
885	527.632280	44.049657	0.000071	64.899275	1.7
886	522.983205	44.051322	0.000071	73.111413	1.7
887	517.297829	44.045075	0.000071	40.467700	1.7
888	520.843695	44.042208	0.000071	57.657310	1.7
889	543.500002	44.039955	0.000071	127.033743	1.7
890	545.574905	44.031453	0.000071	183.938081	1.7
891	534.084674	44.476402	0.000070	84.051520	1.6
892	541.716280	44.465866	0.000070	39.678934	3.3
893	529.569573	44.463263	0.000070	110.934408	1.7
894	523.840747	44.459889	0.000070	48.085307	1.6
895	521.124686	44.459963	0.000070	60.030091	1.6
896	534.396752	44.457361	0.000070	115.142532	1.7
897	520.509176	44.448928	0.000070	96.434335	1.7
898	528.726701	44.495651	0.000070	45.590659	1.6
899	528.193374	44.489596	0.000070	43.438408	1.7
900	549.123136	44.486837	0.000070	69.636320	1.7
901	517.835567	44.485997	0.000070	42.951789	1.7
902	535.469863	44.482486	0.000070	105.610428	1.6
903	508.890705	44.485392	0.000070	101.096313	1.7
904	518.075579	44.536538	0.000070	84.105370	1.6
905	523.074309	44.559840	0.000070	91.322925	2.0
906	524.633274	44.576185	0.000070	48.327592	4.4
907	526.330409	44.573094	0.000070	76.120450	4.6
908	547.970496	44.570678	0.000070	214.737941	4.5
909	527.617016	44.704270	0.000070	138.817341	3.3
910	523.179163	45.179936	0.000069	130.128911	2.4
911	523.492746	45.172943	0.000069	57.943666	2.4
912	523.232307	45.184481	0.000069	89.412698	4.3
913	514.784546	45.184399	0.000069	56.489696	4.3
914	521.581265	45.182764	0.000069	155.348061	2.9
915	528.646209	45.204868	0.000069	114.220806	2.8
916	507.141277	45.361785	0.000069	85.493834	3.0
917	529.567296	45.383111	0.000069	65.843973	3.0
918	527.369469	45.376233	0.000069	54.282822	3.0
919	535.913957	45.376643	0.000069	55.584247	2.2
920	507.496876	45.373498	0.000069	55.339527	2.2
921	519.718223	45.371725	0.000069	171.755813	2.2
922	509.553323	45.366842	0.000069	112.606268	2.2
923	524.695232	45.355966	0.000069	80.251149	2.4
924	510.926519	45.367134	0.000069	93.314605	2.3
925	511.804881	45.358219	0.000069	66.888677	2.4
926	516.388466	45.351850	0.000069	120.013214	2.4
927	518.534032	45.343575	0.000069	60.609062	2.1
928	530.253420	45.352451	0.000069	96.669085	1.8
929	523.795342	45.346867	0.000069	52.476472	1.8
930	505.067948	45.351467	0.000069	69.076172	1.8
931	533.064407	45.345991	0.000069	122.346711	1.8
932	522.103574	45.351231	0.000069	120.303514	1.7
933	531.927347	45.480662	0.000069	57.145203	1.7
934	518.678840	45.490854	0.000069	42.314895	1.7
935	550.850651	45.488678	0.000069	104.991975	1.7
936	532.923648	45.486447	0.000069	41.282933	1.7
937	521.374354	45.484590	0.000069	101.788649	1.7
938	520.089067	45.480074	0.000069	87.035784	1.7
939	535.563122	45.490517	0.000069	121.210689	1.6
940	514.191132	45.494730	0.000069	112.995764	1.7
941	531.712569	45.532019	0.000069	123.744788	1.6
942	518.988552	45.636738	0.000069	49.185528	1.6
943	525.423501	45.639119	0.000069	139.092598	1.6
944	535.708902	45.634778	0.000069	44.222638	1.6
945	525.610557	45.632095	0.000069	50.333062	1.7
946	518.043972	45.629841	0.000069	50.445998	1.6
947	525.356241	45.629507	0.000069	70.980756	1.6
948	530.916030	45.631815	0.000069	53.878193	1.6
949	515.310915	45.629316	0.000069	170.053746	1.6
950	527.081513	45.626610	0.000069	136.485358	1.6
951	534.745975	46.086217	0.000068	72.528849	1.6
952	531.064667	46.076590	0.000069	85.846336	1.7
953	526.214680	46.072137	0.000069	115.573646	1.6
954	537.335808	46.081988	0.000068	77.760212	1.7
955	503.737285	46.073376	0.000069	53.904162	1.6
956	540.568982	46.066799	0.000069	89.335588	1.6
957	522.565456	46.067490	0.000069	55.329318	1.6
958	515.836608	46.060494	0.000069	110.362972	1.7
959	518.895383	46.070227	0.000069	49.529922	1.6
960	523.370093	46.069986	0.000069	41.415068	1.6
961	522.541506	46.067059	0.000069	39.248852	1.6
962	508.391063	46.063847	0.000069	115.753323	1.7
963	505.526398	46.060000	0.000069	67.811843	1.7
964	515.910142	46.073846	0.000069	159.221399	1.8
965	534.441437	46.081233	0.000068	64.979858	1.7
966	512.504531	46.096065	0.000068	131.674603	1.8
967	512.515345	46.087664	0.000068	45.938817	1.7
968	508.258162	46.090136	0.000068	64.960708	1.7
969	512.320061	46.087437	0.000068	64.231248	1.7
970	513.335698	46.085055	0.000068	64.984911	1.6
971	518.357133	46.085393	0.000068	41.833591	1.7
972	513.458745	46.082703	0.000068	102.180004	1.6
973	535.493183	46.082915	0.000068	46.455484	1.6
974	532.927916	46.085348	0.000068	125.937744	1.6
975	525.035536	46.079613	0.000068	79.939216	1.6
976	531.440259	46.093011	0.000068	57.717148	1.6
977	527.163803	46.087213	0.000068	45.940295	1.6
978	512.024021	46.085055	0.000068	172.966432	1.6
979	516.167278	46.084671	0.000068	44.392438	1.7
980	532.941208	46.077576	0.000068	50.556282	1.7
981	517.687984	46.074403	0.000069	216.891405	1.8
982	521.131947	46.079643	0.000068	100.495870	4.0
983	531.874586	46.306729	0.000068	57.458554	4.0
984	527.667876	46.300364	0.000068	53.425967	2.8
985	529.476517	46.296792	0.000068	57.409706	2.8
986	517.068025	46.292739	0.000068	94.056279	2.8
987	518.380760	46.293617	0.000068	79.752853	2.8
988	519.511304	46.287220	0.000068	56.840890	2.1
989	513.764312	46.287151	0.000068	42.870702	2.1
990	519.374158	46.285488	0.000068	114.728326	2.1
991	535.355040	46.280719	0.000068	89.228020	2.1
992	511.503585	46.318405	0.000068	112.535032	1.8
993	507.148071	46.309694	0.000068	50.967225	1.7
994	508.689761	46.308399	0.000068	129.318606	1.7
995	505.974640	46.303350	0.000068	111.830557	2.0
996	502.339342	46.410810	0.000068	68.361102	4.2
997	527.730650	46.427101	0.000068	75.370635	1.8
998	531.107153	46.421642	0.000068	82.786627	1.8
999	513.350294	46.427422	0.000068	56.494168	1.8
1000	507.804791	46.430159	0.000068	56.022381	1.9
1001	501.955784	46.430338	0.000068	60.763741	1.9
1002	515.823286	46.431851	0.000068	79.056604	1.7
1003	511.275874	46.431164	0.000068	82.896608	1.9
1004	501.516743	46.424550	0.000068	45.517659	1.7
1005	506.830770	46.424217	0.000068	144.140577	1.7
1006	521.484207	46.417575	0.000068	92.669433	1.8
1007	526.410492	46.474322	0.000068	94.748402	1.8
1008	508.108975	46.465948	0.000068	63.711900	2.6
1009	523.899048	46.458482	0.000068	44.493043	4.2
1010	527.611545	46.454324	0.000068	99.288829	1.8
1011	507.217545	46.454243	0.000068	61.942769	1.9
1012	524.152223	46.450753	0.000068	118.426017	3.0
1013	519.449781	46.456370	0.000068	50.070104	2.1
1014	536.957903	46.451188	0.000068	67.945666	2.1
1015	522.073431	46.447013	0.000068	66.816995	2.1
1016	506.400427	46.441803	0.000068	39.061120	2.3
1017	522.609993	46.440642	0.000068	136.637866	3.5
1018	502.667212	46.438128	0.000068	169.614377	4.6
1019	516.704488	46.876980	0.000068	70.503240	3.2
1020	508.879924	46.866963	0.000068	49.507267	3.0
1021	508.105124	46.863258	0.000068	58.277841	2.9
1022	532.237091	46.860829	0.000068	39.575343	2.6
1023	517.863712	46.859112	0.000068	98.776148	2.7
1024	528.294653	46.855793	0.000068	39.737337	2.7
1025	511.287102	46.853182	0.000068	144.323761	2.7
1026	539.193337	46.850496	0.000068	82.574658	2.1
1027	520.973492	46.845682	0.000068	124.809422	2.1
1028	523.323587	46.853268	0.000068	86.489654	2.0
1029	512.989523	46.893260	0.000068	102.038563	2.1
1030	513.490497	46.884086	0.000068	156.300891	2.0
1031	518.804380	47.045556	0.000068	121.106018	1.7
1032	513.556142	47.034726	0.000068	43.272028	1.7
1033	521.806760	47.028136	0.000068	68.995196	1.7
1034	509.018351	47.028243	0.000068	196.546507	1.7
1035	500.069514	47.017943	0.000068	80.683620	1.8
1036	498.848849	47.135737	0.000067	89.435683	1.7
1037	514.635540	47.157308	0.000067	124.713930	1.6
1038	514.220716	47.215695	0.000067	92.331089	1.6
1039	530.475360	47.205703	0.000067	73.061155	1.7
1040	507.252982	47.198239	0.000067	189.310882	1.7
1041	543.885510	47.228770	0.000067	62.772653	1.6
1042	511.917897	47.218939	0.000067	104.274320	1.6
1043	513.122572	47.211416	0.000067	173.594110	1.6
1044	510.781944	47.464307	0.000067	175.556275	1.7
1045	495.677202	47.453313	0.000067	154.853396	1.6
1046	497.891126	48.006356	0.000067	74.604864	1.7
1047	504.992399	48.015124	0.000067	45.373883	1.6
1048	520.091669	48.010130	0.000067	55.599436	1.8
1049	507.699409	48.008147	0.000067	49.006732	1.8
1050	493.906513	48.007428	0.000067	102.403144	1.6
1051	523.235851	48.008533	0.000067	115.331282	1.6
1052	520.976297	48.069191	0.000067	39.425565	1.7
1053	514.379246	48.064223	0.000067	98.229001	1.6
1054	514.697616	48.059752	0.000067	97.301626	1.7
1055	506.719970	48.097284	0.000066	46.376928	1.6
1056	519.676319	48.093397	0.000067	68.411753	1.6
1057	498.795537	48.089668	0.000067	67.847711	1.6
1058	527.569180	48.088759	0.000067	106.390692	1.7
1059	493.605050	48.080419	0.000067	95.959914	1.6
1060	508.411029	48.129220	0.000066	39.448540	1.7
1061	523.811996	48.124563	0.000066	55.137484	1.7
1062	518.746437	48.121420	0.000066	297.467198	1.6
1063	521.963008	48.195443	0.000066	152.727037	1.6
1064	505.227924	49.187545	0.000065	42.662977	1.6
1065	502.082685	49.181711	0.000065	54.516874	1.6
1066	495.225215	49.180709	0.000065	112.187499	1.6
1067	501.423219	49.191498	0.000065	66.294424	1.6
1068	513.721026	49.186273	0.000065	85.054117	1.7
1069	495.759715	49.188208	0.000065	77.304921	1.6
1070	516.190374	49.201139	0.000065	131.940810	1.6
1071	519.648127	49.237749	0.000065	55.790282	1.6
1072	515.967776	49.249081	0.000065	65.419342	1.7
1073	529.486824	49.251304	0.000065	92.137614	1.7
1074	528.597689	49.254070	0.000065	71.213462	1.7
1075	506.447818	49.248806	0.000065	53.615218	1.7
1076	527.560759	49.243240	0.000065	54.980539	1.7
1077	539.664162	49.243056	0.000065	70.716308	1.7
1078	507.103774	49.238479	0.000065	94.933770	1.7
1079	502.634773	49.237118	0.000065	47.304046	1.7
1080	507.413174	49.239441	0.000065	90.023190	1.7
1081	530.598469	49.233828	0.000065	67.423249	1.7
1082	515.543668	49.226441	0.000065	52.489736	2.1
1083	496.142592	49.223458	0.000065	38.526636	1.7
1084	514.195369	49.220214	0.000065	138.916578	1.7
1085	510.940091	49.218988	0.000065	108.906617	1.7
1086	504.019574	49.293794	0.000065	108.180491	1.7
1087	502.131777	49.283793	0.000065	92.838042	1.7
1088	511.877804	49.273952	0.000065	62.194939	1.8
1089	496.280553	49.285443	0.000065	261.393503	1.7
1090	515.594888	49.274979	0.000065	158.602787	1.6
1091	512.743737	50.258305	0.000064	78.685045	1.6
1092	513.112793	50.321274	0.000064	157.604063	1.6
1093	522.359347	50.311272	0.000064	51.664971	1.6
1094	533.491726	50.325552	0.000064	252.599845	1.7
1095	507.096380	50.315743	0.000064	47.570875	1.7
1096	506.422858	50.339410	0.000064	92.120792	1.7
1097	518.954781	50.333625	0.000064	47.426170	1.6
1098	507.498717	50.327319	0.000064	67.076486	1.7
1099	505.852236	50.321895	0.000064	76.141329	1.8
1100	508.539093	50.330033	0.000064	40.090238	3.0
1101	504.678391	50.325825	0.000064	96.512364	1.7
1102	517.156141	50.325804	0.000064	81.187803	1.8
1103	521.504382	50.337933	0.000064	66.032712	4.4
1104	492.976316	50.336327	0.000064	52.922320	4.4
1105	517.730042	50.332576	0.000064	80.109273	4.3
1106	512.610722	50.333416	0.000064	80.683171	4.2
1107	496.705792	50.345707	0.000064	48.182158	3.2
1108	506.096282	50.347124	0.000064	70.577357	3.1
1109	501.259797	50.342664	0.000064	129.103931	3.1
1110	515.047251	50.372601	0.000064	71.457221	3.1
1111	511.251807	50.395015	0.000064	46.917037	3.2
1112	511.921606	50.393518	0.000064	87.988383	3.0
1113	524.069804	50.387766	0.000064	53.900331	2.7
1114	519.170228	50.389395	0.000064	110.280548	3.4
1115	511.636306	50.398495	0.000064	108.710565	2.7
1116	515.446782	50.431829	0.000064	81.413279	2.5
1117	514.262172	50.453822	0.000064	35.968779	2.2
1118	517.224613	50.449630	0.000064	103.347425	3.4
1119	504.603772	50.447192	0.000064	180.153418	2.3
1120	498.768305	50.542747	0.000064	65.963756	2.4
1121	499.418845	50.539716	0.000064	105.636631	2.8
1122	512.422763	50.532598	0.000064	60.257090	2.7
1123	503.177410	50.546333	0.000064	70.143939	2.7
1124	501.612495	50.544532	0.000064	78.243222	2.1
1125	530.865160	50.540162	0.000064	111.484805	2.0
1126	500.674722	50.563615	0.000064	78.564383	2.0
1127	512.348038	50.554496	0.000064	56.036063	2.0
1128	516.643407	50.555273	0.000064	154.411776	2.0
1129	521.202752	50.559804	0.000064	195.157044	1.8
1130	512.614142	51.346816	0.000064	65.537297	1.7
1131	507.324156	51.336915	0.000064	68.422107	1.8
1132	517.548051	51.343105	0.000064	114.243343	1.7
1133	500.056522	51.335106	0.000064	77.372046	1.7
1134	523.374777	51.331445	0.000064	56.040801	1.7
1135	496.705360	51.334354	0.000064	65.234027	1.8
1136	500.333129	51.328454	0.000064	49.151534	2.0
1137	524.556500	51.323458	0.000064	116.360292	1.9
1138	503.690890	51.316820	0.000064	131.932563	1.8
1139	511.462327	51.394604	0.000063	80.590244	4.7
1140	507.084996	51.443204	0.000063	47.267971	4.4
1141	503.720580	51.442892	0.000063	70.003777	2.0
1142	499.710280	51.444566	0.000063	156.251340	2.0
1143	491.704834	51.493439	0.000063	46.904034	2.4
1144	497.212904	51.507827	0.000063	38.926785	2.4
1145	505.990671	51.504889	0.000063	36.426469	2.6
1146	514.013009	51.502033	0.000063	56.114509	2.7
1147	502.265568	51.499478	0.000063	76.612073	1.9
1148	506.707906	51.493406	0.000063	51.311140	1.8
1149	509.642992	51.492428	0.000063	98.542282	1.8
1150	506.232737	51.489952	0.000063	92.069349	2.9
1151	487.081053	51.523737	0.000063	119.230172	1.9
1152	519.625044	51.537729	0.000063	48.922688	1.8
1153	498.864606	51.532836	0.000063	40.376197	1.7
1154	515.959613	51.530658	0.000063	86.025669	1.7
1155	501.596590	51.528329	0.000063	58.440782	1.7
1156	517.725199	51.526718	0.000063	86.450381	1.9
1157	519.969756	51.520383	0.000063	97.485779	1.6
1158	489.577223	51.537696	0.000063	70.688244	1.7
1159	500.747913	51.536506	0.000063	119.443782	1.6
1160	523.543797	51.529482	0.000063	53.012271	1.8
1161	523.000172	51.539329	0.000063	91.361395	1.5
1162	522.682167	51.546813	0.000063	51.178501	1.8
1163	497.452966	51.545531	0.000063	93.752059	1.6
1164	493.726135	51.543579	0.000063	171.722175	1.9
1165	492.460514	51.604123	0.000063	40.228879	1.7
1166	501.206582	51.608944	0.000063	98.639688	1.6
1167	496.159053	51.611050	0.000063	109.103802	1.8
1168	499.654621	51.642228	0.000063	70.498118	1.8
1169	498.076618	51.633277	0.000063	170.028772	1.7
1170	510.781503	51.624696	0.000063	116.281726	1.7
1171	492.933769	51.832253	0.000063	42.601621	1.9
1172	500.805446	51.828483	0.000063	73.145580	1.7
1173	491.136344	51.828574	0.000063	120.262622	1.7
1174	503.855204	51.831540	0.000063	54.349278	1.7
1175	517.313024	51.842040	0.000063	61.801151	3.0
1176	521.537990	51.839008	0.000063	80.040125	4.1
1177	488.609530	51.844321	0.000063	42.465071	4.0
1178	488.821184	51.844800	0.000063	79.324006	2.0
1179	505.458257	51.843193	0.000063	95.639581	2.1
1180	505.052620	51.846620	0.000063	91.515344	4.0
1181	517.965641	51.837382	0.000063	71.381161	2.5
1182	491.310685	51.847900	0.000063	72.502885	2.6
1183	511.042178	51.848989	0.000063	97.442493	2.5
1184	498.760063	51.860600	0.000063	89.460076	2.5
1185	488.484496	51.887153	0.000063	56.328887	1.9
1186	506.756797	51.880478	0.000063	189.808137	1.9
1187	498.910750	51.919461	0.000063	55.442297	1.9
1188	506.599239	51.910125	0.000063	74.451653	3.7
1189	500.251944	51.909610	0.000063	102.409839	4.5
1190	500.720203	51.900741	0.000063	95.562153	4.3
1191	516.326083	51.930067	0.000063	88.500150	3.6
1192	509.464800	51.936729	0.000063	60.195175	4.1
1193	511.046089	51.929359	0.000063	94.883733	4.0
1194	513.546540	51.921851	0.000063	56.098087	3.6
1195	503.203289	51.926395	0.000063	114.451346	3.5
1196	500.135025	51.919695	0.000063	94.894020	3.4
1197	490.621348	51.913872	0.000063	122.442822	3.5
1198	504.127748	51.964913	0.000063	37.723425	2.7
1199	494.870734	51.960857	0.000063	68.900079	2.6
1200	509.177234	51.957459	0.000063	60.946046	2.0
1201	493.931726	51.960958	0.000063	87.086702	2.0
1202	492.690855	51.953521	0.000063	62.993067	2.0
1203	506.817612	51.960140	0.000063	46.650960	2.0
1204	506.137475	51.956082	0.000063	66.643841	2.0
1205	487.552244	51.951987	0.000063	77.593566	1.9
1206	512.126797	51.952604	0.000063	175.410902	1.7
1207	501.187687	51.967362	0.000063	73.756701	1.7
1208	487.590339	51.967957	0.000063	148.767578	1.6
1209	499.051578	51.979963	0.000063	104.638329	1.6
1210	502.562307	52.140306	0.000063	41.483255	1.7
1211	491.649708	52.136382	0.000063	182.404389	1.7
1212	509.309486	52.136179	0.000063	45.272922	1.9
1213	500.460299	52.147441	0.000063	82.707237	2.0
1214	510.381006	52.149022	0.000063	55.710879	4.1
1215	497.777799	52.150435	0.000063	131.581797	4.0
1216	506.090388	52.142598	0.000063	77.369988	4.0
1217	496.690343	52.179283	0.000063	120.627362	3.4
1218	505.711945	52.198220	0.000063	71.168146	3.0
1219	498.329538	52.197904	0.000063	98.455356	2.9
1220	497.886345	52.189821	0.000063	75.257132	2.8
1221	498.716209	52.199914	0.000063	50.234602	2.2
1222	505.971686	52.202790	0.000063	44.634833	2.2
1223	491.919385	52.199758	0.000063	64.331646	2.2
1224	504.565106	52.197183	0.000063	37.275185	2.2
1225	502.992766	52.194720	0.000063	108.263019	3.5
1226	505.449675	52.190740	0.000063	65.204026	2.4
1227	503.389540	52.187157	0.000063	95.500885	2.3
1228	514.526310	52.183720	0.000063	92.219901	2.3
1229	493.347909	52.215415	0.000063	64.689237	2.2
1230	499.120170	52.227559	0.000063	117.985473	2.1
1231	480.975389	52.221051	0.000063	102.090468	2.3
1232	500.102509	52.211434	0.000063	37.892664	2.1
1233	508.638789	52.210375	0.000063	136.871046	2.1
1234	504.242143	52.207607	0.000063	86.266909	1.8
1235	476.807631	52.197775	0.000063	121.264027	1.8
1236	504.114189	52.224042	0.000063	108.887436	1.7
1237	491.153626	52.325633	0.000063	34.888670	1.8
1238	496.782063	52.323204	0.000063	76.500995	1.8
1239	504.227812	52.321593	0.000063	47.123043	1.8
1240	514.824541	52.320353	0.000063	83.908813	1.7
1241	483.324004	52.322334	0.000063	149.319832	2.4
1242	492.982224	52.365086	0.000063	56.441002	4.2
1243	498.835509	52.365476	0.000063	107.827977	4.3
1244	502.613646	52.359975	0.000063	58.927264	4.0
1245	483.774288	52.370923	0.000063	59.111613	4.1
1246	486.522133	52.368119	0.000063	135.785147	4.1
1247	493.470945	52.366485	0.000063	118.612052	4.1
1248	520.072414	52.552506	0.000062	61.532012	2.9
1249	496.321052	52.547531	0.000062	60.764089	2.9
1250	511.870372	52.548950	0.000062	60.597650	2.9
1251	502.623952	52.549942	0.000062	80.293136	3.1
1252	483.472702	52.550379	0.000062	61.183443	3.0
1253	511.485646	52.543276	0.000062	63.378330	3.0
1254	486.685772	52.547033	0.000062	75.682717	2.9
1255	490.991179	52.540641	0.000062	91.370383	2.9
1256	491.390372	52.556423	0.000062	55.737792	4.2
1257	502.617022	52.559359	0.000062	85.962373	4.1
1258	486.840908	52.552362	0.000062	117.346294	4.1
1259	493.722077	52.587418	0.000062	58.379254	4.3
1260	499.065017	52.587590	0.000062	119.633899	3.0
1261	506.097122	52.597646	0.000062	69.090398	3.0
1262	492.758101	52.620085	0.000062	65.296017	3.0
1263	502.849419	52.617173	0.000062	112.012676	2.6
1264	493.870821	52.611308	0.000062	142.968758	2.5
1265	522.721985	52.674918	0.000062	72.879844	3.1
1266	508.316539	52.695060	0.000062	83.053622	2.7
1267	495.412531	52.704479	0.000062	54.390684	4.3
1268	483.499226	52.698130	0.000062	36.255454	4.0
1269	500.940222	52.696497	0.000062	53.582284	4.4
1270	509.894396	52.693326	0.000062	70.483671	4.4
1271	504.302999	52.691201	0.000062	100.507604	3.8
1272	486.285847	52.705699	0.000062	84.817387	3.8
1273	517.576116	52.722512	0.000062	61.870116	3.8
1274	485.757676	52.720413	0.000062	54.692243	3.2
1275	491.316955	52.721726	0.000062	61.561845	2.8
1276	502.694093	52.716680	0.000062	100.011645	2.8
1277	514.985574	52.709988	0.000062	90.457748	2.8
1278	476.028734	52.736599	0.000062	89.019667	2.1
1279	486.231677	52.741054	0.000062	90.729678	2.6
1280	508.161649	52.754971	0.000062	77.094255	2.2
1281	498.852036	52.750661	0.000062	72.216069	2.2
1282	474.946008	52.746706	0.000062	40.660265	1.8
1283	510.225211	52.743449	0.000062	177.094502	1.9
1284	480.116359	52.746780	0.000062	110.905125	1.9
1285	502.672660	53.078254	0.000062	65.373990	1.8
1286	482.057893	53.070735	0.000062	100.020688	1.9
1287	481.693361	53.079517	0.000062	60.493242	1.8
1288	492.607574	53.075190	0.000062	40.518097	1.7
1289	490.471214	53.073002	0.000062	37.360618	1.9
1290	487.223448	53.070489	0.000062	106.137568	1.7
1291	505.221259	53.068722	0.000062	68.154869	2.0
1292	486.726231	53.078902	0.000062	76.607247	4.5
1293	495.205189	53.078320	0.000062	82.108299	2.4
1294	479.246973	53.092808	0.000062	67.629951	2.1
1295	501.000690	53.090008	0.000062	74.278927	4.5
1296	505.402104	53.091383	0.000062	100.993291	4.3
1297	510.033443	53.087999	0.000062	80.074451	4.4
1298	479.035488	53.114167	0.000062	56.640935	3.3
1299	480.385742	53.109202	0.000062	35.144499	4.0
1300	504.951573	53.106622	0.000062	90.231651	3.2
1301	488.969423	53.103655	0.000062	83.396057	3.4
1302	493.138811	53.107892	0.000062	67.465008	3.7
1303	490.865082	53.107282	0.000062	78.361234	3.9
1304	482.347028	53.115037	0.000062	80.429473	4.2
1305	509.552606	53.112305	0.000062	146.474858	4.1
1306	490.091085	53.112134	0.000062	64.476529	3.0
1307	488.644505	53.107844	0.000062	58.500601	3.0
1308	500.551848	53.108160	0.000062	121.306799	3.0
1309	500.127425	53.115505	0.000062	116.078479	2.4
1310	495.023048	53.211804	0.000062	64.796961	2.4
1311	486.259212	53.215967	0.000062	77.383439	2.3
1312	515.836140	53.210990	0.000062	63.638678	2.3
1313	480.954418	53.204702	0.000062	77.899877	2.2
1314	504.488365	53.208295	0.000062	68.074826	1.9
1315	504.303530	53.200754	0.000062	46.804767	1.9
1316	475.437996	53.199021	0.000062	90.973788	1.9
1317	494.265634	53.194539	0.000062	50.960945	1.9
1318	481.141345	53.194767	0.000062	49.196462	2.0
1319	501.180847	53.190358	0.000062	40.309839	1.8
1320	502.808255	53.188352	0.000062	52.724980	4.0
1321	491.360797	53.187050	0.000062	97.840733	1.8
1322	495.813353	53.188541	0.000062	65.335169	1.8
1323	490.338200	53.180525	0.000062	93.337055	2.0
1324	489.225477	53.180321	0.000062	35.294074	4.0
1325	486.262476	53.180087	0.000062	109.932414	4.0
1326	494.353299	53.176373	0.000062	50.822358	3.4
1327	479.311463	53.176938	0.000062	61.482152	3.5
1328	490.526862	53.176216	0.000062	72.867141	3.3
1329	504.824646	53.170654	0.000062	50.178660	2.6
1330	521.923226	53.167558	0.000062	51.564633	2.5
1331	505.764747	53.163682	0.000062	39.533960	3.6
1332	494.726213	53.160421	0.000062	117.976011	2.6
1333	496.738339	53.155268	0.000062	90.471968	2.9
1334	498.729141	53.188272	0.000062	98.207362	2.6
1335	502.042671	53.218681	0.000062	65.412588	4.0
1336	491.326862	53.227221	0.000062	34.671133	4.4
1337	490.248716	53.224814	0.000062	59.342532	4.5
1338	475.523456	53.222598	0.000062	47.135727	4.1
1339	490.981123	53.223869	0.000062	81.068657	3.6
1340	487.996054	53.224651	0.000062	39.170266	2.4
1341	490.362730	53.221719	0.000062	66.080903	3.1
1342	498.904932	53.219328	0.000062	95.070685	3.2
1343	494.570139	53.211603	0.000062	41.901815	3.1
1344	500.330885	53.206660	0.000062	112.116131	2.4
1345	483.865962	53.201418	0.000062	105.290406	2.4
1346	479.484319	53.191248	0.000062	82.373448	2.3
1347	484.009575	53.203496	0.000062	127.878621	2.4
1348	496.223508	53.194188	0.000062	64.881594	2.1
1349	499.897579	53.188477	0.000062	89.184657	2.1
1350	497.845736	53.181798	0.000062	101.558499	1.9
1351	511.374206	53.207947	0.000062	73.546624	1.9
1352	528.406870	53.228112	0.000062	41.625150	1.9
1353	494.944578	53.225385	0.000062	42.985612	1.9
1354	487.636664	53.221832	0.000062	78.149982	1.7
1355	510.265507	53.219574	0.000062	102.583375	1.8
1356	499.295652	53.242734	0.000062	97.702673	1.7
1357	506.781080	53.275210	0.000062	66.671708	1.7
1358	487.778087	53.271096	0.000062	94.752326	1.7
1359	505.322797	53.267020	0.000062	118.231441	1.7
1360	506.776340	53.275481	0.000062	40.469847	1.8
1361	486.281146	53.273703	0.000062	138.854289	1.7
1362	493.223822	53.273704	0.000062	85.592361	1.7
1363	490.576074	53.263736	0.000062	83.072862	1.7
1364	483.705335	53.282161	0.000062	43.929620	1.7
1365	469.178554	53.284618	0.000062	55.166570	1.7
1366	497.625493	53.280606	0.000062	67.320704	1.7
1367	468.451369	53.282398	0.000062	103.107656	1.7
1368	479.792558	53.284469	0.000062	163.304570	1.7
1369	500.019013	53.280989	0.000062	49.205999	1.7
1370	482.961978	53.278948	0.000062	46.509743	1.7
1371	477.275334	53.276725	0.000062	78.066839	1.7
1372	491.850487	53.278394	0.000062	70.101370	1.6
1373	484.822880	53.272957	0.000062	135.362414	1.7
1374	503.303980	53.267832	0.000062	87.912489	1.7
1375	485.469931	53.335965	0.000062	36.199296	1.7
1376	492.004605	53.332857	0.000062	56.039127	1.7
1377	489.273611	53.331455	0.000062	61.021020	1.7
1378	502.107943	53.331890	0.000062	111.181139	1.7
1379	512.567148	53.331989	0.000062	44.393624	1.7
1380	501.388951	53.325703	0.000062	38.640823	1.7
1381	480.488063	53.324090	0.000062	101.962787	1.6
1382	488.845340	53.320050	0.000062	106.987357	1.6
1383	510.975960	53.340258	0.000062	80.686645	1.6
1384	481.622394	53.359882	0.000062	75.672364	1.7
1385	519.792353	53.359929	0.000062	119.562733	1.7
1386	499.830948	53.388767	0.000062	60.547933	1.7
1387	508.805450	53.391658	0.000062	87.626863	1.7
1388	483.636659	53.390000	0.000062	141.944146	1.7
1389	494.771573	53.425101	0.000062	99.703366	1.6
1390	494.053618	53.509261	0.000062	58.059485	1.7
1391	488.790813	53.520556	0.000062	42.863892	1.6
1392	473.826369	53.520989	0.000062	73.681196	1.7
1393	493.128040	53.520944	0.000062	93.927231	1.6
1394	490.469194	53.513124	0.000062	38.397383	1.7
1395	500.015544	53.512464	0.000062	100.355886	1.6
1396	494.127457	53.512791	0.000062	48.137569	1.7
1397	475.008487	53.514266	0.000062	179.371174	1.6
1398	494.942194	53.507647	0.000062	114.482495	1.7
1399	488.781756	53.885942	0.000061	136.293112	1.6
1400	498.013776	53.875323	0.000061	58.159245	1.6
1401	488.862275	53.887268	0.000061	108.065683	1.6
1402	470.523445	53.881363	0.000061	53.112156	1.6
1403	489.630415	53.884204	0.000061	59.157265	1.8
1404	473.392959	53.880556	0.000061	51.667408	1.6
1405	502.669098	53.882341	0.000061	49.439322	1.6
1406	483.273507	53.880893	0.000061	111.396471	1.6
1407	493.216796	53.882555	0.000061	51.851411	1.6
1408	484.622445	53.890194	0.000061	97.020336	1.7
1409	500.024830	53.889030	0.000061	70.315972	1.6
1410	474.697659	53.887558	0.000061	72.503638	1.6
1411	491.113849	53.894838	0.000061	80.717927	1.6
1412	479.937648	53.887807	0.000061	52.447991	1.7
1413	478.439556	53.888269	0.000061	40.845666	1.7
1414	494.435011	53.886539	0.000061	61.584642	1.7
1415	482.376352	53.883723	0.000061	42.326468	3.0
1416	489.570299	53.880363	0.000061	107.868812	1.7
1417	480.587417	53.876611	0.000061	122.122486	1.6
1418	486.354825	53.866291	0.000061	157.971578	1.8
1419	491.587743	54.182813	0.000061	93.089530	1.8
1420	486.781112	54.172314	0.000061	45.768992	4.0
1421	473.417342	54.176374	0.000061	78.289960	3.7
1422	487.109184	54.180056	0.000061	54.543398	3.2
1423	468.589137	54.183158	0.000061	52.800123	3.2
1424	487.869466	54.178812	0.000061	69.394189	3.1
1425	503.543869	54.173313	0.000061	113.819348	2.4
1426	491.620676	54.169143	0.000061	83.400263	2.4
1427	494.207723	54.168668	0.000061	59.641666	2.5
1428	475.114785	54.168749	0.000061	120.010345	2.6
1429	495.460293	54.166748	0.000061	35.559816	3.1
1430	487.265217	54.162759	0.000061	76.240830	3.2
1431	498.881447	54.159337	0.000061	98.121817	4.5
1432	481.300860	54.161417	0.000061	46.843996	4.8
1433	485.111044	54.164292	0.000061	60.438886	4.0
1434	487.117184	54.162735	0.000061	69.996187	3.8
1435	497.578512	54.158367	0.000061	60.208391	3.8
1436	489.469942	54.157163	0.000061	111.893699	3.3
1437	499.857616	54.158407	0.000061	63.886426	2.8
1438	483.320862	54.159709	0.000061	49.016661	2.8
1439	482.242113	54.158671	0.000061	63.028638	2.8
1440	488.168224	54.156828	0.000061	71.983228	2.2
1441	458.568592	54.163559	0.000061	61.157435	2.2
1442	467.793172	54.157902	0.000061	92.591368	2.2
1443	474.197455	54.152070	0.000061	49.742692	2.1
1444	497.328962	54.152522	0.000061	92.717740	2.0
1445	475.030476	54.154894	0.000061	68.049432	1.8
1446	492.138759	54.167404	0.000061	44.763009	2.0
1447	486.005948	54.162332	0.000061	99.910708	2.3
1448	486.734918	54.163534	0.000061	90.397115	1.8
1449	502.858952	54.158908	0.000061	45.276904	1.8
1450	468.306516	54.153297	0.000061	106.166920	1.9
1451	464.752213	54.147932	0.000061	173.609697	1.8
1452	489.279823	54.427191	0.000061	83.622500	1.9
1453	488.798617	54.493621	0.000061	62.296836	1.9
1454	478.469055	54.492618	0.000061	82.140814	1.9
1455	475.071314	54.487879	0.000061	62.670876	1.9
1456	486.273183	54.485180	0.000061	43.722884	1.8
1457	468.912123	54.480703	0.000061	82.510059	1.8
1458	464.982546	54.478337	0.000061	92.093391	1.8
1459	480.416796	54.502532	0.000061	146.235750	1.9
1460	481.739481	54.512808	0.000061	78.342032	1.8
1461	480.378711	54.522467	0.000061	36.673160	1.6
1462	480.188492	54.519110	0.000061	113.018171	1.6
1463	486.073994	54.514154	0.000061	83.720988	1.6
1464	484.285698	54.505373	0.000061	94.220096	1.7
1465	484.124677	54.526346	0.000061	66.607838	1.6
1466	490.800370	54.522161	0.000061	52.254872	1.7
1467	522.006839	54.524623	0.000061	72.598694	1.7
1468	481.953012	54.523365	0.000061	70.330823	1.7
1469	491.307484	54.515912	0.000061	98.821488	1.6
1470	487.726371	54.515223	0.000061	40.330286	1.6
1471	481.052485	54.511634	0.000061	76.256128	1.7
1472	481.298429	54.510356	0.000061	54.405929	2.0
1473	487.362421	54.511508	0.000061	73.684567	1.7
1474	462.182037	54.508477	0.000061	92.041967	1.6
1475	484.734874	54.512843	0.000061	104.891499	1.8
1476	476.798811	54.507315	0.000061	45.718338	4.3
1477	468.225361	54.503255	0.000061	72.300844	4.2
1478	480.984219	54.504602	0.000061	41.603609	4.0
1479	463.411857	54.503174	0.000061	185.985377	4.2
1480	486.006532	54.503652	0.000061	49.503728	4.1
1481	486.554922	54.529729	0.000061	53.919539	4.1
1482	471.800690	54.529006	0.000061	53.917803	2.8
1483	478.977330	54.529386	0.000061	46.305628	2.9
1484	474.216313	54.526185	0.000061	64.924412	2.8
1485	483.401168	54.525405	0.000061	52.548711	2.5
1486	480.345988	54.526216	0.000061	94.425602	2.3
1487	484.286342	54.519255	0.000061	70.393027	2.3
1488	488.174706	54.534520	0.000061	40.304323	2.3
1489	483.199948	54.530856	0.000061	37.577001	2.2
1490	474.268269	54.529161	0.000061	99.873405	1.9
1491	501.043317	54.525696	0.000061	85.275273	1.9
1492	468.488935	54.521473	0.000061	104.341385	1.9
1493	494.794859	54.522702	0.000061	74.624361	1.9
1494	485.544110	54.533449	0.000061	120.500904	1.8
1495	484.837545	54.569312	0.000061	47.628706	1.6
1496	473.895499	54.565057	0.000061	149.757834	1.7
1497	489.938526	54.562558	0.000061	95.921227	2.4
1498	478.463496	54.653548	0.000061	74.404829	2.0
1499	494.264807	54.673329	0.000061	66.591033	1.7
1500	475.221176	54.667065	0.000061	103.510531	2.6
1501	473.222743	54.675820	0.000061	69.107035	4.4
1502	496.337524	54.668238	0.000061	82.243296	4.3
1503	474.694518	54.680261	0.000061	64.842827	4.3
1504	482.658629	54.672773	0.000061	94.558686	4.2
1505	486.835410	54.665574	0.000061	124.646557	4.3
1506	487.541018	54.724899	0.000061	128.892483	4.1
1507	472.264825	54.714418	0.000061	48.160073	3.6
1508	468.535612	54.709175	0.000061	48.072381	3.1
1509	465.483709	54.707519	0.000061	53.069514	3.2
1510	476.200003	54.707049	0.000061	155.552710	3.2
1511	489.692153	54.711338	0.000061	66.327038	4.4
1512	491.750092	54.749045	0.000061	72.789616	4.7
1513	479.103065	54.747621	0.000061	68.979913	4.2
1514	467.861648	54.750022	0.000061	92.461324	4.1
1515	479.087031	54.764913	0.000061	34.819239	3.5
1516	486.441485	54.762980	0.000061	86.686764	3.4
1517	467.791917	54.758636	0.000061	45.944663	3.4
1518	476.265735	54.762640	0.000061	60.374804	2.6
1519	493.749481	54.761257	0.000061	79.625666	2.8
1520	483.361750	54.769517	0.000061	47.296640	2.5
1521	480.568416	54.764384	0.000061	67.733136	2.5
1522	484.344671	54.765615	0.000061	32.144833	2.1
1523	482.995150	54.764202	0.000061	87.328776	2.0
1524	487.981976	54.761540	0.000061	46.306457	2.0
1525	466.965224	54.756692	0.000061	99.395935	2.1
1526	466.079617	54.754023	0.000061	65.264055	2.1
1527	478.129217	54.759470	0.000061	87.838995	1.7
1528	470.706547	54.757844	0.000061	50.417911	1.8
1529	463.941895	54.763161	0.000061	44.420962	1.7
1530	501.863918	54.759508	0.000061	73.897660	1.8
1531	504.734856	54.761831	0.000061	55.371460	2.1
1532	477.587740	54.765010	0.000061	73.425808	1.9
1533	481.801412	54.769590	0.000061	43.736953	1.7
1534	479.954866	54.764761	0.000061	113.146972	1.7
1535	486.380678	54.760104	0.000061	35.544921	1.8
1536	477.360056	54.759456	0.000061	44.722737	1.7
1537	461.163204	54.756735	0.000061	38.892015	1.7
1538	482.709782	54.754278	0.000061	52.147386	1.7
1539	470.151774	54.751354	0.000061	77.261286	1.7
1540	474.442110	54.753599	0.000061	108.282442	1.7
1541	472.992029	54.785420	0.000061	119.960963	2.1
1542	480.045529	54.775102	0.000061	118.088730	3.9
1543	473.104007	54.880851	0.000061	64.975024	4.1
1544	487.425497	54.872596	0.000061	47.854649	4.0
1545	488.250502	54.867385	0.000061	63.610313	3.2
1546	471.244261	54.867555	0.000061	42.435444	2.8
1547	483.476071	54.863806	0.000061	98.243638	2.8
1548	481.739177	54.860094	0.000061	76.320256	2.7
1549	470.059361	54.851402	0.000061	48.880714	2.2
1550	455.900555	54.850525	0.000061	134.321825	2.2
1551	470.624547	54.848134	0.000061	53.225916	2.2
1552	489.076917	54.866080	0.000061	40.826015	2.2
1553	481.108555	54.862493	0.000061	38.144225	1.8
1554	473.450838	54.861048	0.000061	40.740761	1.7
1555	458.083354	54.859736	0.000061	69.005064	1.8
1556	469.401793	54.855566	0.000061	52.076001	1.9
1557	471.844209	54.854048	0.000061	97.934709	1.8
1558	459.129316	54.851166	0.000061	144.040921	1.8
1559	500.510083	54.940447	0.000061	39.170534	1.8
1560	463.722858	54.935907	0.000061	69.374845	1.7
1561	490.732660	54.936866	0.000061	127.864191	1.7
1562	480.513098	54.928610	0.000061	32.848934	1.7
1563	476.491452	54.925934	0.000061	38.638953	1.6
1564	466.112183	54.923684	0.000061	55.750053	1.9
1565	471.716954	54.921193	0.000061	97.763054	4.3
1566	490.896459	54.914559	0.000061	131.396654	4.4
1567	483.283813	55.008845	0.000060	78.601593	4.2
1568	471.766135	55.001908	0.000060	64.493966	3.5
1569	473.048282	54.995551	0.000060	127.955872	2.0
1570	476.907840	55.003426	0.000060	56.910356	2.4
1571	497.002628	55.008201	0.000060	86.962291	2.6
1572	468.963151	55.013023	0.000060	106.889203	2.6
1573	476.885765	55.041633	0.000060	43.699039	2.5
1574	475.308090	55.035248	0.000060	93.886290	2.0
1575	463.541065	55.030108	0.000060	41.547188	1.9
1576	474.765816	55.030525	0.000060	49.859060	2.4
1577	469.834329	55.029853	0.000060	101.643638	2.0
1578	475.124324	55.037070	0.000060	35.969021	2.6
1579	479.930460	55.036732	0.000060	75.074148	4.3
1580	474.654082	55.033497	0.000060	108.843882	4.1
1581	478.957327	55.045894	0.000060	92.298842	1.7
1582	488.333197	55.095318	0.000060	36.882523	2.8
1583	473.196772	55.092645	0.000060	75.316164	2.1
1584	481.462305	55.089655	0.000060	57.184111	2.0
1585	456.973827	55.094680	0.000060	35.769163	2.0
1586	477.494954	55.094006	0.000060	87.987749	2.1
1587	456.512033	55.090860	0.000060	54.381871	2.0
1588	475.673456	55.095697	0.000060	93.407523	4.3
1589	469.611673	55.088355	0.000060	158.341818	2.0
1590	479.423044	55.211659	0.000060	62.366408	2.0
1591	475.999694	55.220401	0.000060	89.807789	4.2
1592	461.856363	55.231767	0.000060	168.766103	2.0
1593	469.494059	55.363232	0.000060	72.617542	2.0
1594	486.658233	55.413839	0.000060	104.714222	2.1
1595	479.478729	55.430636	0.000060	96.355401	2.0
1596	456.634702	55.428619	0.000060	51.370291	2.0
1597	477.785790	55.431198	0.000060	58.151633	1.9
1598	475.543847	55.426303	0.000060	53.778896	1.9
1599	467.426374	55.420918	0.000060	73.428421	1.8
1600	480.353283	55.418626	0.000060	115.539345	1.7
1601	485.850766	55.428981	0.000060	91.180510	1.8
1602	469.136457	55.419288	0.000060	74.899690	1.8
1603	474.449471	55.434583	0.000060	36.544822	1.8
1604	470.164633	55.431230	0.000060	74.560135	1.8
1605	463.424649	55.427302	0.000060	59.447609	1.9
1606	486.873127	55.432190	0.000060	38.632358	1.8
1607	466.792127	55.428243	0.000060	67.119645	1.9
1608	465.256183	55.426619	0.000060	182.685744	1.9
1609	487.466465	55.416828	0.000060	161.137628	3.5
1610	467.054209	56.196409	0.000060	88.574399	4.3
1611	473.007839	56.186610	0.000060	70.104595	4.2
1612	468.032283	56.196884	0.000060	51.321230	3.6
1613	467.967214	56.191482	0.000060	88.054645	2.0
1614	480.498081	56.187386	0.000060	53.744364	2.2
1615	473.551462	56.191240	0.000060	65.788654	2.2
1616	469.831593	56.192099	0.000060	109.287001	2.4
1617	467.203356	56.203745	0.000060	72.020445	2.4
1618	503.651546	56.214739	0.000060	94.439659	2.4
1619	471.551388	56.226260	0.000059	43.497277	2.4
1620	462.237586	56.220712	0.000060	54.266857	1.8
1621	476.573141	56.218348	0.000060	133.011874	1.9
1622	474.761294	56.222366	0.000060	47.974499	1.8
1623	467.833259	56.231639	0.000059	116.215673	1.9
1624	474.444475	56.224442	0.000059	145.727556	1.9
1625	483.334104	56.428764	0.000059	147.070657	2.0
1626	487.122139	56.737773	0.000059	49.515631	1.9
1627	471.041489	56.750074	0.000059	38.004857	1.9
1628	469.969574	56.749170	0.000059	57.159199	1.9
1629	482.176216	56.745699	0.000059	87.517565	1.9
1630	464.674617	56.744151	0.000059	66.055439	1.9
1631	467.342788	56.757548	0.000059	50.599781	1.6
1632	458.630244	56.756559	0.000059	42.190620	1.7
1633	461.704050	56.753179	0.000059	87.257791	1.6
1634	481.928041	56.748762	0.000059	65.089154	1.6
1635	455.937160	56.741833	0.000059	66.949036	1.7
1636	476.655164	56.743820	0.000059	107.267663	1.6
1637	478.676454	56.738837	0.000059	41.370429	1.6
1638	482.206202	56.735106	0.000059	43.919019	1.7
1639	471.311535	56.733418	0.000059	82.206311	1.6
1640	474.603717	56.732694	0.000059	138.457383	1.6
1641	471.387634	56.722861	0.000059	127.482897	1.6
1642	479.770504	56.901052	0.000059	42.193255	1.6
1643	478.960744	56.905927	0.000059	61.500009	1.6
1644	466.147165	56.904872	0.000059	68.694343	1.6
1645	475.893008	56.909782	0.000059	89.663001	1.6
1646	471.095249	56.902439	0.000059	123.178817	1.6
1647	476.947513	56.953615	0.000059	79.952049	1.7
1648	457.928292	56.950333	0.000059	83.820835	1.7
1649	451.886098	56.951208	0.000059	86.825139	1.9
1650	455.241418	56.943100	0.000059	61.027466	1.6
1651	463.611170	56.939799	0.000059	187.672135	1.8
1652	456.806587	56.933125	0.000059	144.142003	1.7
1653	466.456767	57.689196	0.000058	62.619890	1.8
1654	485.691310	57.685959	0.000058	49.060890	1.6
1655	475.275695	57.687947	0.000058	41.361232	1.6
1656	471.207115	57.684412	0.000058	82.949244	1.6
1657	483.639661	57.680339	0.000058	44.910711	1.6
1658	483.471136	57.676046	0.000058	46.851634	1.8
1659	484.681559	57.672378	0.000058	89.301486	4.1
1660	475.165848	57.673823	0.000058	53.427289	1.7
1661	475.883283	57.672520	0.000058	42.703893	1.7
1662	480.779850	57.670070	0.000058	82.581192	1.7
1663	473.787757	57.671239	0.000058	66.199324	1.6
1664	486.754017	57.663499	0.000058	49.526352	1.6
1665	475.027020	57.659926	0.000058	63.720451	1.6
1666	486.805514	57.661196	0.000058	70.162831	1.6
1667	477.219347	57.655014	0.000058	120.273133	1.6
1668	483.395274	57.686787	0.000058	85.950049	1.6
1669	472.151021	57.731651	0.000058	66.365245	3.1
1670	477.763859	57.724771	0.000058	76.232486	1.8
1671	483.295969	57.732939	0.000058	39.164370	1.7
1672	487.215418	57.729258	0.000058	138.148104	1.7
1673	468.355226	57.723607	0.000058	119.401059	1.7
1674	483.078158	57.886014	0.000058	65.749349	1.7
1675	485.958487	57.878425	0.000058	126.841144	1.7
1676	479.714464	57.882946	0.000058	131.004321	2.1
1677	460.843048	57.936901	0.000058	59.040648	1.7
1678	489.110827	57.945422	0.000058	149.832153	1.8
1679	485.090098	57.976920	0.000058	164.148911	4.4
1680	468.545682	58.558382	0.000058	55.707468	4.4
1681	476.162288	58.569235	0.000058	108.795388	4.3
1682	461.602827	58.567530	0.000058	74.376567	3.8
1683	457.848150	58.588680	0.000058	36.825712	3.5
1684	491.236790	58.585163	0.000058	57.023573	3.6
1685	462.139039	58.582522	0.000058	35.140545	2.9
1686	471.996126	58.580296	0.000058	66.922565	2.7
1687	475.077601	58.576515	0.000058	46.343587	3.0
1688	484.158044	58.575884	0.000058	63.760177	2.6
1689	478.177217	58.574251	0.000058	70.201339	2.3
1690	476.288772	58.575821	0.000058	74.726090	2.2
1691	467.281247	58.569082	0.000058	91.737228	4.5
1692	458.143847	58.578103	0.000058	95.874501	4.3
1693	444.411648	58.594502	0.000058	123.155533	4.3
1694	484.888966	58.642998	0.000058	72.495031	4.2
1695	470.815072	58.653851	0.000058	124.509207	4.0
1696	454.655518	58.655673	0.000058	65.598294	4.1
1697	475.780966	58.669183	0.000058	42.322377	2.9
1698	462.330075	58.670023	0.000058	90.227288	3.0
1699	483.379505	58.667222	0.000058	67.659042	2.9
1700	472.185715	58.660367	0.000058	66.001973	2.9
1701	472.366184	58.655228	0.000058	91.047103	2.9
1702	483.071632	58.667414	0.000058	35.075079	3.0
1703	470.387222	58.663440	0.000058	36.216902	2.7
1704	484.207195	58.661190	0.000058	116.709981	2.5
1705	464.040123	58.657618	0.000058	178.742063	4.5
1706	466.582891	59.028329	0.000057	73.643466	4.4
1707	472.114371	59.026757	0.000057	87.267212	4.4
1708	464.037055	59.026073	0.000057	79.348714	2.5
1709	462.435853	59.046732	0.000057	64.898224	3.0
1710	453.628582	59.046218	0.000057	102.183155	3.0
1711	480.932149	59.040675	0.000057	96.379105	3.1
1712	477.216990	59.086703	0.000057	110.168346	2.8
1713	454.662169	59.139020	0.000057	41.652287	2.3
1714	467.932082	59.143504	0.000057	54.901094	2.3
1715	458.765792	59.142634	0.000057	70.207755	2.3
1716	456.801115	59.146298	0.000057	90.812721	2.2
1717	466.291615	59.139165	0.000057	93.878624	1.8
1718	473.134057	59.151906	0.000057	72.283333	3.0
1719	469.995735	59.155370	0.000057	78.197748	1.8
1720	479.631124	59.166569	0.000057	103.555570	1.9
1721	469.273533	59.189334	0.000057	63.099198	1.8
1722	473.507401	59.206528	0.000057	37.767210	1.8
1723	467.478411	59.206291	0.000057	60.551732	1.7
1724	466.644715	59.203016	0.000057	60.958759	1.7
1725	477.354125	59.196989	0.000057	170.733431	1.7
1726	453.522309	59.214205	0.000057	121.701446	1.7
1727	457.401242	59.585727	0.000057	49.907001	1.9
1728	463.989550	59.598106	0.000057	56.401299	4.0
1729	491.369184	59.594058	0.000057	62.831538	3.9
1730	468.558443	59.589853	0.000057	69.042668	3.3
1731	468.956346	59.595226	0.000057	39.248599	2.9
1732	460.540146	59.590652	0.000057	74.644796	2.9
1733	464.164628	59.587390	0.000057	47.558515	2.8
1734	468.339694	59.583071	0.000057	64.288689	2.9
1735	453.007313	59.585454	0.000057	35.158072	2.2
1736	470.769629	59.582411	0.000057	50.461579	2.2
1737	463.660887	59.579262	0.000057	135.359948	2.2
1738	465.098265	59.577811	0.000057	120.693588	1.9
1739	466.710369	59.765966	0.000057	34.915658	1.9
1740	449.334588	59.764571	0.000057	48.302126	1.8
1741	455.420500	59.761515	0.000057	39.693618	1.9
1742	452.063379	59.757869	0.000057	104.004017	1.8
1743	492.699969	59.758232	0.000057	34.584076	1.7
1744	475.492094	59.756073	0.000057	54.172780	1.8
1745	477.433270	59.753165	0.000057	79.889061	4.3
1746	457.569513	59.748882	0.000057	48.984658	4.1
1747	476.788423	59.746340	0.000057	43.114776	2.4
1748	475.341361	59.743411	0.000057	45.554063	4.0
1749	467.472928	59.739851	0.000057	112.782868	4.3
1750	459.883948	59.741997	0.000057	92.019832	4.5
1751	478.449305	59.733554	0.000057	94.287644	4.3
1752	474.066659	59.766306	0.000057	97.928898	3.2
1753	473.525460	59.758606	0.000057	70.281207	3.2
1754	476.659733	59.778385	0.000057	67.746492	3.8
1755	467.223363	59.787391	0.000057	66.598744	4.1
1756	460.617841	59.793061	0.000057	78.296415	4.2
1757	472.990792	59.786080	0.000057	132.751475	3.0
1758	468.474565	59.788362	0.000057	133.519788	3.0
1759	445.019767	59.859295	0.000057	161.185290	2.9
1760	470.843774	60.315841	0.000057	122.830156	2.6
1761	481.258152	60.305316	0.000057	139.768355	2.4
1762	477.085721	60.500208	0.000056	82.483427	2.4
1763	465.230208	60.498269	0.000056	112.523576	2.3
1764	481.796687	60.527863	0.000056	89.110564	2.3
1765	472.618214	60.523401	0.000056	52.032323	4.2
1766	464.256283	60.522941	0.000056	195.205340	4.1
1767	452.516476	60.523809	0.000056	45.758896	4.4
1768	465.156781	60.525421	0.000056	60.532533	4.1
1769	464.945777	60.522407	0.000056	65.156999	3.6
1770	465.539732	60.526009	0.000056	40.494207	3.9
1771	465.087109	60.526379	0.000056	143.119601	3.9
1772	472.035535	60.526000	0.000056	89.390218	3.2
1773	475.734819	60.591963	0.000056	91.782846	2.9
1774	466.581106	60.582875	0.000056	119.293273	2.9
1775	461.713975	60.607401	0.000056	37.393700	2.8
1776	472.344234	60.604381	0.000056	99.273032	2.4
1777	458.227099	60.600369	0.000056	37.488218	2.3
1778	467.737896	60.603101	0.000056	35.022973	2.3
1779	468.692418	60.601604	0.000056	142.933725	2.2
1780	473.983859	60.602914	0.000056	42.502233	1.9
1781	464.448724	60.612573	0.000056	47.081071	1.9
1782	465.311625	60.612073	0.000056	61.775958	2.0
1783	467.088928	60.612381	0.000056	55.723466	1.8
1784	464.280630	60.611090	0.000056	62.733710	1.9
1785	472.908857	60.607493	0.000056	94.300474	1.8
1786	468.608368	60.612845	0.000056	94.458951	1.8
1787	472.122928	60.627724	0.000056	41.435748	1.7
1788	456.444483	60.624176	0.000056	42.653261	2.0
1789	464.397640	60.622883	0.000056	114.076383	2.4
1790	465.516208	60.618736	0.000056	78.664580	1.7
1791	466.524135	60.650534	0.000056	73.210497	1.7
1792	465.269978	60.642728	0.000056	63.682947	1.8
1793	478.667487	60.636578	0.000056	79.529424	1.7
1794	449.655838	60.646436	0.000056	50.495193	1.7
1795	458.904568	60.644427	0.000056	71.616882	1.7
1796	469.734028	60.641522	0.000056	66.351061	1.7
1797	455.417509	60.635900	0.000056	97.425592	1.7
1798	458.354036	60.643906	0.000056	74.969859	1.7
1799	482.150478	60.635247	0.000056	50.021906	1.7
1800	463.842940	60.633336	0.000056	44.797579	1.7
1801	471.326124	60.629412	0.000056	35.507987	1.7
1802	462.886587	60.628016	0.000056	78.320939	1.7
1803	460.048563	60.626173	0.000056	146.037002	1.7
1804	463.368133	60.616511	0.000056	74.377229	1.7
1805	465.900105	60.621357	0.000056	56.561266	1.7
1806	462.882487	60.616798	0.000056	121.167131	1.7
1807	444.657096	60.609054	0.000056	115.873565	1.7
1808	446.111387	60.710015	0.000056	91.018192	1.7
1809	463.692382	60.752041	0.000056	77.689399	1.7
1810	463.348855	60.764296	0.000056	110.345360	1.7
1811	451.012491	60.798305	0.000056	71.980919	1.7
1812	459.535469	60.790737	0.000056	60.483162	1.7
1813	484.616869	60.790483	0.000056	82.445658	1.7
1814	481.117244	60.790848	0.000056	84.965192	1.8
1815	440.859589	60.785955	0.000056	61.964099	1.8
1816	452.851473	60.797792	0.000056	78.329446	1.8
1817	456.867828	60.793914	0.000056	196.863656	1.8
1818	474.394106	60.877923	0.000056	57.417719	1.8
1819	447.770610	60.929828	0.000056	46.248946	1.9
1820	468.171459	60.930280	0.000056	38.640793	1.9
1821	464.768418	60.929139	0.000056	97.354221	1.9
1822	460.152804	60.925971	0.000056	74.328652	1.9
1823	461.907903	60.936285	0.000056	96.492007	1.9
1824	471.978222	60.948454	0.000056	88.548122	1.8
1825	476.410332	60.979686	0.000056	37.767383	1.6
1826	461.696990	60.975273	0.000056	109.205839	3.9
1827	456.177461	60.976735	0.000056	119.845948	4.4
1828	463.541113	61.050656	0.000056	59.831081	4.6
1829	472.860561	61.071803	0.000056	56.690820	4.3
1830	451.221627	61.072575	0.000056	84.746876	3.2
1831	447.909353	61.078611	0.000056	55.792659	3.0
1832	442.126183	61.083294	0.000056	51.119214	3.3
1833	461.076561	61.081060	0.000056	82.973935	4.5
1834	452.712839	61.074510	0.000056	68.515400	4.1
1835	467.447748	61.072763	0.000056	95.069213	4.0
1836	456.064769	61.090533	0.000056	33.731602	3.9
1837	465.545153	61.088544	0.000056	180.354708	3.9
1838	449.591942	61.085972	0.000056	62.870527	3.0
1839	456.511128	61.119057	0.000056	154.426262	2.8
1840	452.009658	61.111940	0.000056	60.715352	2.8
1841	445.557167	61.105153	0.000056	61.845101	2.8
1842	459.147754	61.103728	0.000056	72.840838	2.5
1843	460.931516	61.101781	0.000056	68.448047	6.2
1844	465.702169	61.110101	0.000056	54.182574	4.1
1845	452.571655	61.114193	0.000056	67.647433	4.1
1846	447.168109	61.108441	0.000056	45.102824	3.6
1847	470.776821	61.111369	0.000056	58.876168	3.0
1848	477.010950	61.110390	0.000056	81.864080	3.7
1849	471.553310	61.103474	0.000056	118.369577	3.0
1850	482.255202	61.102150	0.000056	74.697570	2.2
1851	444.527956	61.123242	0.000056	93.156321	2.3
1852	443.902842	61.120428	0.000056	38.863427	2.2
1853	451.938617	61.117488	0.000056	71.012198	2.2
1854	460.524919	61.116206	0.000056	171.383943	1.8
1855	454.488790	61.162582	0.000056	69.337642	1.8
1856	470.495102	61.231645	0.000056	79.544794	2.0
1857	460.492280	61.240024	0.000056	51.654697	4.4
1858	449.604486	61.245610	0.000056	46.885453	4.2
1859	458.535798	61.242484	0.000056	104.600045	4.2
1860	468.889269	61.238227	0.000056	65.145755	3.5
1861	478.231045	61.230264	0.000056	93.163511	2.8
1862	460.774488	61.227518	0.000056	62.676075	2.9
1863	472.020969	61.234770	0.000056	80.556596	2.8
1864	460.482011	61.233594	0.000056	67.248593	2.2
1865	463.056149	61.226176	0.000056	121.878001	2.2
1866	465.697246	61.224270	0.000056	57.307047	2.3
1867	467.734935	61.232052	0.000056	41.983819	3.3
1868	466.445798	61.228953	0.000056	86.555864	4.0
1869	449.881745	61.223899	0.000056	58.872630	4.1
1870	448.315638	61.216973	0.000056	106.625902	3.4
1871	454.362384	61.231725	0.000056	34.528482	3.0
1872	475.247535	61.229949	0.000056	36.117211	2.9
1873	459.560886	61.227712	0.000056	44.350129	2.8
1874	449.237098	61.224596	0.000056	38.250775	2.2
1875	441.714556	61.222512	0.000056	77.891408	2.2
1876	469.728586	61.219102	0.000056	47.820472	2.2
1877	452.742707	61.220264	0.000056	72.250693	2.2
1878	434.604977	61.222138	0.000056	114.566772	1.8
1879	457.984887	61.245276	0.000056	38.126423	1.7
1880	476.426079	61.240139	0.000056	85.443616	1.7
1881	450.622620	61.241961	0.000056	43.004159	1.7
1882	442.012044	61.236511	0.000056	45.898571	1.7
1883	454.559550	61.233695	0.000056	36.819527	1.7
1884	475.367353	61.230665	0.000056	73.646143	1.7
1885	461.377641	61.227512	0.000056	101.187542	1.7
1886	449.110837	61.218993	0.000056	56.081573	1.8
1887	484.661468	61.228131	0.000056	43.408717	1.7
1888	466.539853	61.228109	0.000056	68.704077	1.8
1889	452.210461	61.228562	0.000056	43.951254	1.7
1890	450.969315	61.226347	0.000056	49.815158	1.7
1891	450.987798	61.223828	0.000056	96.980124	4.0
1892	470.369932	61.218048	0.000056	33.149787	1.7
1893	465.680388	61.216101	0.000056	82.140461	1.8
1894	446.655331	61.213931	0.000056	71.993271	1.9
1895	464.544140	61.213638	0.000056	80.778430	2.2
1896	460.114915	61.215304	0.000056	64.471416	2.1
1897	458.355361	61.219457	0.000056	52.670357	1.9
1898	472.281445	61.222364	0.000056	77.534426	1.9
1899	439.042148	61.216586	0.000056	65.399996	2.5
1900	455.537583	61.216871	0.000056	66.318667	1.7
1901	444.484643	61.212348	0.000056	92.227145	1.7
1902	438.864116	61.208324	0.000056	70.740144	2.2
1903	456.314423	61.203191	0.000056	75.947392	1.7
1904	459.592124	61.214779	0.000056	39.999804	1.7
1905	450.815089	61.210078	0.000056	33.600467	1.7
1906	462.601818	61.207607	0.000056	50.963736	1.9
1907	471.217277	61.205279	0.000056	98.861936	1.7
1908	455.292826	61.206563	0.000056	68.278809	1.7
1909	448.101825	61.214826	0.000056	70.901218	3.5
1910	444.803104	61.213771	0.000056	62.764412	1.7
1911	445.317046	61.215553	0.000056	56.460908	1.6
1912	467.920285	61.213814	0.000056	39.547446	1.9
1913	451.015891	61.211038	0.000056	66.645203	3.7
1914	450.050686	61.208521	0.000056	74.033521	4.5
1915	469.010138	61.202241	0.000056	167.601928	6.2
1916	445.821940	61.286247	0.000056	94.318340	3.7
1917	450.407092	61.418074	0.000056	94.374337	4.3
1918	457.165523	61.455705	0.000056	120.511867	3.1
1919	460.431293	61.496049	0.000056	80.336775	2.9
1920	444.900321	61.491625	0.000056	125.002509	2.8
1921	435.147574	61.486606	0.000056	79.306770	2.8
1922	446.489915	61.520747	0.000056	66.430602	2.6
1923	458.749022	61.533388	0.000056	45.314135	2.5
1924	464.441714	61.535801	0.000056	64.715576	2.7
1925	439.181184	61.537056	0.000056	151.556065	3.1
1926	447.899516	61.575321	0.000056	52.299745	2.2
1927	429.522257	61.568255	0.000056	33.069307	2.2
1928	452.876303	61.565730	0.000056	107.270380	2.1
1929	456.783482	61.562686	0.000056	106.199353	2.2
1930	457.223939	61.633535	0.000056	113.374969	2.4
1931	463.714028	61.710569	0.000056	40.326562	2.6
1932	474.178816	61.715095	0.000056	103.626657	2.5
1933	444.527171	61.710089	0.000056	88.327524	4.4
1934	457.644233	61.745609	0.000056	62.163504	4.4
1935	470.445058	61.751916	0.000056	79.835191	4.3
1936	434.719011	61.756162	0.000056	70.218671	3.9
1937	468.679094	61.751273	0.000056	83.881012	4.1
1938	447.125056	61.764809	0.000056	64.842669	3.9
1939	449.175486	61.757931	0.000056	71.994036	3.7
1940	462.590739	61.755059	0.000056	108.731494	3.7
1941	449.836906	61.774983	0.000056	106.672181	2.8
1942	448.849639	61.764788	0.000056	100.534428	2.8
1943	446.331660	61.755698	0.000056	49.439166	2.8
1944	470.371167	61.758180	0.000056	117.017324	2.5
1945	435.827265	61.751004	0.000056	51.054457	2.3
1946	457.541967	61.744701	0.000056	109.053016	2.3
1947	445.945216	61.749522	0.000056	64.531261	2.2
1948	454.966806	61.768480	0.000056	46.095774	2.2
1949	431.174992	61.769201	0.000056	72.972443	1.9
1950	456.834107	61.770270	0.000056	148.019433	1.9
1951	455.768390	61.760316	0.000056	52.629098	1.8
1952	468.782226	61.780060	0.000056	127.794910	1.8
1953	435.805002	61.789081	0.000056	155.430602	1.9
1954	453.107557	61.967500	0.000055	38.112048	1.8
1955	441.913890	61.965904	0.000055	90.650796	1.7
1956	440.051397	61.964096	0.000055	131.089921	1.7
1957	452.947245	62.019812	0.000055	44.386785	1.7
1958	445.837641	62.025787	0.000055	53.708085	1.7
1959	438.217777	62.026902	0.000055	87.815974	1.7
1960	453.215105	62.021857	0.000055	136.759672	1.8
1961	456.904876	62.097492	0.000055	53.239325	1.9
1962	462.341936	62.092952	0.000055	62.984908	1.8
1963	456.033088	62.091901	0.000055	47.881359	2.0
1964	468.516454	62.087940	0.000055	79.217823	4.4
1965	453.935056	62.089131	0.000055	53.081943	4.4
1966	454.663509	62.082752	0.000055	82.585741	4.2
1967	466.999247	62.076940	0.000055	48.152726	2.4
1968	461.000960	62.074254	0.000055	42.638095	2.2
1969	462.303238	62.071640	0.000055	70.037083	2.3
1970	462.811638	62.069764	0.000055	99.239931	2.3
1971	454.516454	62.085334	0.000055	70.412215	2.1
1972	469.160184	62.103382	0.000055	47.191635	2.2
1973	449.462843	62.106150	0.000055	51.206212	2.2
1974	446.838546	62.103162	0.000055	78.590707	2.1
1975	444.004641	62.106182	0.000055	43.887584	2.4
1976	440.458434	62.102611	0.000055	91.451549	4.3
1977	431.386471	62.105000	0.000055	63.353413	1.7
1978	470.571159	62.097193	0.000055	95.613116	1.7
1979	472.277257	62.100779	0.000055	67.162726	1.7
1980	447.150951	62.092521	0.000055	56.488978	1.6
1981	437.911104	62.091051	0.000055	53.331392	1.7
1982	457.199353	62.088724	0.000055	36.700860	1.7
1983	449.894572	62.085662	0.000055	126.138660	1.7
1984	469.670544	62.083481	0.000055	86.027544	1.6
1985	454.731627	62.075767	0.000055	32.483364	1.7
1986	459.914830	62.073656	0.000055	50.354846	1.7
1987	448.999992	62.071852	0.000055	54.775544	1.6
1988	449.931640	62.073914	0.000055	127.769435	1.9
1989	444.158905	62.065499	0.000055	94.561725	1.7
1990	452.753286	62.055903	0.000055	110.544952	1.7
1991	472.494197	62.065889	0.000055	39.057046	1.7
1992	444.755874	62.060759	0.000055	41.849645	1.6
1993	443.389345	62.057718	0.000055	54.786231	1.7
1994	465.232440	62.058503	0.000055	35.005602	2.8
1995	467.256370	62.056031	0.000055	63.826210	1.7
1996	453.119092	62.053268	0.000055	43.318254	1.8
1997	453.213424	62.049474	0.000055	76.055674	1.9
1998	448.101489	62.050888	0.000055	61.499117	1.9
1999	453.392028	62.050976	0.000055	74.274938	2.1
