1:ItNr	2:Metric	3a:Time	3b:StepSize	4:||Gradient||	Time[ms]
0	306194.849866	0.000000	0.000052	32453.149345	245.6
1	258514.493272	0.000000	0.000052	31457.483692	1.8
2	200866.348340	0.000000	0.000052	27219.013925	1.7
3	168877.863612	0.000000	0.000052	26698.958510	1.6
4	135646.627695	0.000000	0.000052	21755.427747	1.6
5	112383.618643	0.000000	0.000052	18824.803309	1.8
6	102159.800247	0.000000	0.000052	18981.273260	2.0
7	80227.022471	0.000000	0.000052	15373.869016	2.0
8	70010.848582	0.000000	0.000052	13956.353943	2.0
9	62121.610506	0.000000	0.000052	12954.881348	2.0
10	53017.968299	0.000000	0.000052	12074.005129	3.5
11	45437.601475	0.000000	0.000052	10634.201029	2.8
12	40476.215513	0.000000	0.000052	9683.030380	3.1
13	35258.402897	0.000000	0.000052	9355.441529	3.4
14	31876.054383	0.000000	0.000052	9034.435317	3.4
15	28956.851981	0.000000	0.000052	8949.087437	3.4
16	23610.991514	0.000000	0.000052	7592.050430	3.3
17	19708.750594	0.000000	0.000052	6782.399685	4.9
18	17943.114286	0.000000	0.000052	6458.616621	4.8
19	16167.062213	0.000000	0.000052	6078.139405	2.3
20	13902.773124	0.000000	0.000052	5538.299302	2.3
21	12775.873131	0.000000	0.000052	5171.176765	2.5
22	11269.789588	0.000000	0.000052	4665.717576	2.3
23	10454.758527	0.000000	0.000052	4431.723914	2.2
24	9312.800120	0.000000	0.000052	4076.785675	2.3
25	8288.744865	0.000000	0.000052	3537.319315	2.2
26	7456.824542	0.000000	0.000052	3126.729679	2.3
27	7107.487661	0.000000	0.000052	2989.119661	2.5
28	6785.482695	0.000000	0.000052	2909.686301	2.6
29	6468.461633	0.000000	0.000052	2640.841460	2.5
30	6045.564944	0.000000	0.000052	2360.940082	2.5
31	5799.163886	0.000000	0.000052	2120.832066	2.6
32	5639.358109	0.000000	0.000052	2056.730503	2.7
33	5143.987319	0.000000	0.000052	1721.301391	2.6
34	5199.510076	0.000000	0.000052	1719.740609	2.8
35	5063.346875	0.000000	0.000052	1590.965496	2.9
36	4959.239318	0.000000	0.000052	1454.729882	2.8
37	5034.221650	0.000000	0.000052	1444.958220	2.8
38	4562.165716	0.000000	0.000052	1267.736427	2.9
39	4532.731429	0.000000	0.000052	1114.042004	2.9
40	4554.942368	0.000000	0.000052	1145.859709	3.1
41	4567.258221	0.000000	0.000052	1107.860212	3.1
42	4427.193584	0.000000	0.000052	917.973547	3.0
43	4262.519390	0.000000	0.000052	844.766156	3.0
44	4290.539756	0.000000	0.000052	824.530781	3.0
45	4529.147575	0.000000	0.000052	823.499937	3.1
46	4464.789594	0.000000	0.000052	821.379507	3.1
47	4396.913951	0.000000	0.000052	721.290914	3.1
48	4247.076258	0.000000	0.000052	755.942073	3.0
49	4144.147919	0.000000	0.000052	625.547057	2.9
50	4117.984379	0.000000	0.000052	569.804450	3.1
51	3955.178991	0.000000	0.000052	522.836204	3.2
52	4000.619950	0.000000	0.000052	524.127392	3.2
53	4130.623630	0.000000	0.000052	497.382534	3.2
54	4017.284500	0.000000	0.000052	539.987212	3.2
55	4008.669136	0.000000	0.000052	404.280661	3.1
56	4216.919062	0.000000	0.000052	459.714328	3.1
57	4011.941857	0.000000	0.000052	486.494783	4.1
58	4000.242791	0.000000	0.000052	410.367706	5.3
59	4019.945240	0.000000	0.000052	396.145682	5.3
60	4060.449924	0.000000	0.000052	383.401364	5.2
61	3941.615033	0.000000	0.000052	296.094308	4.4
62	3908.129004	0.000000	0.000052	391.693614	4.8
63	4042.174438	0.000000	0.000052	312.437407	5.1
64	4100.456081	0.000000	0.000052	355.730836	5.3
65	3903.235787	0.000000	0.000052	410.154104	4.9
66	4049.070820	0.000000	0.000052	328.705352	4.0
67	4228.683300	0.000000	0.000052	346.488202	5.0
68	3839.391236	0.000000	0.000052	347.033156	3.8
69	3920.617062	0.000000	0.000052	335.460560	3.6
70	3719.709093	0.000000	0.000052	327.105988	4.1
71	3914.502656	0.000000	0.000052	346.222184	5.2
72	4019.047892	0.000000	0.000052	280.775194	4.5
73	3927.911663	0.000000	0.000052	306.332494	4.2
74	3973.090633	0.000000	0.000052	286.519662	4.1
75	3954.916465	0.000000	0.000052	300.027981	3.4
76	3917.200756	0.000000	0.000052	244.963447	3.4
77	4048.703306	0.000000	0.000052	273.156740	3.4
78	4071.275648	0.000000	0.000052	297.608552	3.1
79	3906.918423	0.000000	0.000052	310.765160	3.1
80	3930.732237	0.000000	0.000052	277.527836	5.3
81	3989.377645	0.000000	0.000052	347.691879	4.9
82	4052.757586	0.000000	0.000052	292.691948	5.3
83	4107.306345	0.000000	0.000052	296.203580	5.0
84	3860.477051	0.000000	0.000052	246.846438	4.6
85	4024.995789	0.000000	0.000052	318.879948	4.3
86	3760.868450	0.000000	0.000052	215.648991	4.1
87	3869.414254	0.000000	0.000052	289.228287	3.7
88	3944.541266	0.000000	0.000052	283.255916	3.6
89	3860.757464	0.000000	0.000052	250.456196	4.3
90	4002.685486	0.000000	0.000052	269.343326	5.3
91	3875.234668	0.000000	0.000052	215.075452	5.2
92	3920.846194	0.000000	0.000052	229.340868	4.5
93	3827.239676	0.000000	0.000052	220.552781	4.9
94	4004.592599	0.000000	0.000052	282.041104	4.3
95	4038.133238	0.000000	0.000052	266.944971	4.4
96	4101.913536	0.000000	0.000052	255.261637	4.1
97	3929.628246	0.000000	0.000052	277.661963	4.0
98	3785.787031	0.000000	0.000052	229.279209	3.8
99	4019.920246	0.000000	0.000052	283.608617	3.7
100	3842.365597	0.000000	0.000052	244.356612	3.7
101	3911.057107	0.000000	0.000052	292.470959	3.4
102	3715.443592	0.000000	0.000052	224.819268	3.3
103	4013.271612	0.000000	0.000052	280.856887	3.4
104	4034.312850	0.000000	0.000052	259.077505	3.1
105	3924.201369	0.000000	0.000052	224.496509	3.4
106	3740.708760	0.000000	0.000052	230.656014	3.1
107	4010.572909	0.000000	0.000052	214.924682	4.7
108	3959.720926	0.000000	0.000052	203.509052	3.9
109	4034.465028	0.000000	0.000052	215.827606	5.2
110	3941.446877	0.000000	0.000052	225.073887	5.2
111	3905.990188	0.000000	0.000052	261.501279	5.4
112	4001.607313	0.000000	0.000052	239.703591	5.4
113	3969.944269	0.000000	0.000052	241.448106	6.7
114	3991.052733	0.000000	0.000052	246.303983	4.5
115	4134.293878	0.000000	0.000052	299.537252	5.0
116	4064.166139	0.000000	0.000052	232.402057	4.7
117	4051.515534	0.000000	0.000052	226.741643	4.3
118	4007.479139	0.000000	0.000052	266.879924	4.6
119	3805.441905	0.000000	0.000052	236.996693	4.6
120	3703.667529	0.000000	0.000052	229.221695	4.1
121	3838.478041	0.000000	0.000052	220.624851	3.8
122	3929.661437	0.000000	0.000052	211.425408	5.1
123	3944.363372	0.000000	0.000052	197.829076	5.1
124	3922.974565	0.000000	0.000052	205.920515	5.1
125	3571.896816	0.000000	0.000052	204.377488	5.0
126	3958.451215	0.000000	0.000052	239.044255	4.7
127	4006.757464	0.000000	0.000052	227.748942	4.2
128	3838.641363	0.000000	0.000052	189.395937	4.3
129	4064.419099	0.000000	0.000052	251.472041	3.7
130	3883.997207	0.000000	0.000052	223.067641	3.5
131	4091.237567	0.000000	0.000052	282.097487	3.4
132	3814.022431	0.000000	0.000052	217.253401	4.0
133	3984.924563	0.000000	0.000052	219.046070	3.3
134	3985.813232	0.000000	0.000052	196.772853	3.3
135	3878.299420	0.000000	0.000052	205.373572	4.7
136	3934.819916	0.000000	0.000052	196.878139	4.7
137	3803.843040	0.000000	0.000052	180.591922	4.4
138	3732.627343	0.000000	0.000052	274.947766	2.3
139	3907.636572	0.000000	0.000052	196.072110	2.3
140	3927.740429	0.000000	0.000052	189.664926	2.4
141	4008.142513	0.000000	0.000052	193.934512	2.5
142	3841.315342	0.000000	0.000052	181.540728	2.7
143	3988.503471	0.000000	0.000052	257.562980	2.7
144	3992.003696	0.000000	0.000052	221.177485	2.5
145	3870.220513	0.000000	0.000052	206.686446	2.7
146	3870.373303	0.000000	0.000052	221.185966	2.8
147	3731.746033	0.000000	0.000052	256.098136	3.2
148	3932.993775	0.000000	0.000052	260.701914	3.0
149	3918.809790	0.000000	0.000052	209.149535	3.2
150	3883.038560	0.000000	0.000052	203.191880	3.2
151	3836.273801	0.000000	0.000052	213.078758	3.1
152	4006.050056	0.000000	0.000052	198.697473	3.1
153	3792.509740	0.000000	0.000052	225.412557	3.0
154	3769.355199	0.000000	0.000052	217.023106	3.1
155	4050.653885	0.000000	0.000052	218.984771	3.1
156	4018.231111	0.000000	0.000052	217.226730	3.1
157	4008.686746	0.000000	0.000052	293.381162	3.6
158	3776.406006	0.000000	0.000052	213.137147	3.3
159	3787.020469	0.000000	0.000052	214.869636	3.4
160	3836.134641	0.000000	0.000052	195.072333	3.4
161	3615.504093	0.000000	0.000052	184.300080	2.9
162	4062.311285	0.000000	0.000052	220.086419	2.7
163	3738.261700	0.000000	0.000052	219.132878	2.6
164	3779.108259	0.000000	0.000052	194.307498	2.6
165	4072.798909	0.000000	0.000052	218.626297	2.7
166	3601.265427	0.000000	0.000052	161.229267	2.8
167	4093.108238	0.000000	0.000052	216.083999	2.7
168	4083.691631	0.000000	0.000052	204.870361	2.7
169	3877.751987	0.000000	0.000052	185.084327	8.6
170	3903.991266	0.000000	0.000052	223.805411	5.6
171	3807.295786	0.000000	0.000052	202.102624	4.9
172	3708.681734	0.000000	0.000052	167.874345	3.2
173	3958.683446	0.000000	0.000052	241.656152	2.5
174	3935.867034	0.000000	0.000052	187.600302	2.3
175	3879.804880	0.000000	0.000052	236.170633	2.4
176	3894.043220	0.000000	0.000052	201.818544	2.6
177	3873.493151	0.000000	0.000052	204.368675	5.2
178	3662.769205	0.000000	0.000052	176.722211	5.3
179	3837.047490	0.000000	0.000052	196.436693	5.2
180	3861.147119	0.000000	0.000052	207.695307	2.8
181	4060.825555	0.000000	0.000052	230.357943	2.4
182	3893.302036	0.000000	0.000052	183.720950	2.4
183	3878.714159	0.000000	0.000052	182.201603	3.1
184	3802.426473	0.000000	0.000052	209.155826	2.6
185	3702.912926	0.000000	0.000052	218.256339	2.5
186	3842.384583	0.000000	0.000052	216.109743	2.6
187	3790.990247	0.000000	0.000052	235.115704	2.6
188	3709.032363	0.000000	0.000052	227.401050	2.6
189	3764.975709	0.000000	0.000052	160.730676	2.7
190	3777.225767	0.000000	0.000052	208.336056	2.6
191	3865.152479	0.000000	0.000052	176.437802	2.6
192	3916.700289	0.000000	0.000052	228.650531	2.7
193	3708.522897	0.000000	0.000052	181.091698	2.9
194	3871.883789	0.000000	0.000052	185.056906	5.1
195	3755.380783	0.000000	0.000052	186.365519	4.2
196	3888.677268	0.000000	0.000052	209.102514	3.3
197	3833.118817	0.000000	0.000052	221.903340	3.5
198	3740.613754	0.000000	0.000052	170.149063	3.7
199	3864.539905	0.000000	0.000052	176.708213	3.7
200	3806.700342	0.000000	0.000052	189.375695	3.7
201	3904.057343	0.000000	0.000052	241.769571	3.7
202	3742.403383	0.000000	0.000052	203.796617	3.8
203	3657.663778	0.000000	0.000052	182.234630	3.1
204	3828.049566	0.000000	0.000052	192.624078	3.1
205	3963.436543	0.000000	0.000052	234.519276	3.0
206	3802.825837	0.000000	0.000052	188.762454	3.0
207	3819.695931	0.000000	0.000052	186.057644	5.8
208	3729.615816	0.000000	0.000052	219.572644	3.1
209	3717.456278	0.000000	0.000052	174.673135	3.5
210	3719.314787	0.000000	0.000052	187.377472	3.4
211	3793.940930	0.000000	0.000052	189.163722	3.4
212	3769.985804	0.000000	0.000052	203.276160	2.8
213	3489.459599	0.000000	0.000052	160.180122	2.9
214	3564.292547	0.000000	0.000052	182.410631	2.9
215	3795.494699	0.000000	0.000052	156.836768	2.9
216	3734.309692	0.000000	0.000052	184.549941	5.8
217	3668.127623	0.000000	0.000052	229.153679	3.2
218	3860.586328	0.000000	0.000052	169.501555	3.4
219	3791.801019	0.000000	0.000052	198.263410	3.5
220	3817.024347	0.000000	0.000052	176.219168	3.0
221	3811.977459	0.000000	0.000052	173.756570	2.8
222	3961.000262	0.000000	0.000052	263.882849	2.8
223	3902.498937	0.000000	0.000052	198.163244	2.8
224	3700.266083	0.000000	0.000052	239.064409	2.8
225	3738.463463	0.000000	0.000052	176.572957	2.7
226	3833.139222	0.000000	0.000052	176.974496	2.8
227	3655.915628	0.000000	0.000052	169.664511	2.8
228	3863.649881	0.000000	0.000052	174.176130	2.8
229	3656.643135	0.000000	0.000052	166.208922	3.4
230	3728.240617	0.000000	0.000052	171.951327	3.5
231	3764.575083	0.000000	0.000052	169.937148	5.3
232	3769.483011	0.000000	0.000052	172.015190	5.9
233	3878.944509	0.000000	0.000052	173.177645	5.2
234	3694.102344	0.000000	0.000052	187.174737	4.8
235	3701.629224	0.000000	0.000052	204.848667	2.9
236	3582.526158	0.000000	0.000052	175.627836	2.8
237	3658.241995	0.000000	0.000052	168.165562	2.8
238	3587.070914	0.000000	0.000052	240.218946	4.8
239	3684.952126	0.000000	0.000052	150.253547	5.1
240	3714.056708	0.000000	0.000052	209.499282	4.9
241	3553.273374	0.000000	0.000052	171.081475	5.0
242	3545.032853	0.000000	0.000052	157.266703	4.3
243	3810.084421	0.000000	0.000052	209.718756	4.3
244	3727.141046	0.000000	0.000052	156.995563	4.5
245	3706.028382	0.000000	0.000052	199.121881	4.7
246	3688.618020	0.000000	0.000052	157.607288	5.1
247	3570.462513	0.000000	0.000052	187.453486	5.0
248	3836.419889	0.000000	0.000052	172.858097	3.8
249	3926.079646	0.000000	0.000052	168.635648	3.9
250	3757.254428	0.000000	0.000052	169.837217	5.4
251	3868.173490	0.000000	0.000052	183.785922	5.3
252	3666.391468	0.000000	0.000052	151.351908	4.5
253	3563.352072	0.000000	0.000052	159.269958	4.2
254	3902.271839	0.000000	0.000052	183.181757	4.1
255	3784.149792	0.000000	0.000052	196.182455	4.2
256	3586.184121	0.000000	0.000052	145.195552	4.2
257	3674.051662	0.000000	0.000052	150.515554	3.4
258	3691.674146	0.000000	0.000052	147.819591	3.3
259	3857.902412	0.000000	0.000052	155.992701	3.4
260	3885.964741	0.000000	0.000052	203.144425	4.8
261	3800.801734	0.000000	0.000052	191.304550	4.9
262	3604.511648	0.000000	0.000052	147.317191	4.3
263	3483.968340	0.000000	0.000052	178.792654	4.4
264	3706.148112	0.000000	0.000052	197.074761	4.1
265	3689.012776	0.000000	0.000052	152.681338	3.9
266	3803.333273	0.000000	0.000052	173.250288	5.4
267	3708.397325	0.000000	0.000052	160.227718	5.5
268	3767.869357	0.000000	0.000052	173.919207	5.7
269	3674.797357	0.000000	0.000052	164.031366	5.3
270	3725.425177	0.000000	0.000052	245.933310	5.1
271	3698.093440	0.000000	0.000052	172.994581	5.2
272	3774.545174	0.000000	0.000052	174.705228	4.5
273	3727.313112	0.000000	0.000052	162.390708	4.1
274	3757.765097	0.000000	0.000052	186.627780	4.1
275	3841.055601	0.000000	0.000052	189.909976	3.6
276	3915.113498	0.000000	0.000052	168.784880	3.7
277	3640.470207	0.000000	0.000052	187.398647	3.6
278	3672.995025	0.000000	0.000052	224.794134	3.4
279	3667.939295	0.000000	0.000052	174.982543	3.3
280	3482.877640	0.000000	0.000052	172.225749	3.1
281	3572.912056	0.000000	0.000052	180.150527	2.9
282	3933.243638	0.000000	0.000052	227.432996	2.7
283	3672.990902	0.000000	0.000052	162.429407	2.7
284	3793.603870	0.000000	0.000052	170.137157	2.8
285	3694.744112	0.000000	0.000052	155.881870	2.8
286	3715.505386	0.000000	0.000052	150.776236	2.8
287	3732.003692	0.000000	0.000052	210.527778	2.8
288	3686.177020	0.000000	0.000052	162.508227	2.9
289	3541.599253	0.000000	0.000052	166.036332	3.0
290	3671.184128	0.000000	0.000052	161.931601	2.9
291	3695.640975	0.000000	0.000052	161.789829	2.5
292	3751.660132	0.000000	0.000052	205.616750	2.6
293	3702.003142	0.000000	0.000052	153.940286	4.6
294	3654.281211	0.000000	0.000052	160.840786	5.1
295	3554.281210	0.000000	0.000052	155.448261	4.7
296	3603.467210	0.000000	0.000052	189.733147	2.6
297	3848.196830	0.000000	0.000052	217.155511	2.4
298	3504.644734	0.000000	0.000052	174.117590	2.4
299	3668.075942	0.000000	0.000052	197.072711	2.4
300	3732.986191	0.000000	0.000052	164.211303	2.4
301	3691.308014	0.000000	0.000052	196.598868	2.4
302	3658.754093	0.000000	0.000052	182.536738	2.5
303	3729.453390	0.000000	0.000052	198.997218	2.6
304	3686.471731	0.000000	0.000052	179.153787	2.9
305	3641.435192	0.000000	0.000052	184.870660	2.9
306	3852.105645	0.000000	0.000052	183.715603	2.7
307	3767.400397	0.000000	0.000052	164.010191	2.8
308	3820.281420	0.000000	0.000052	182.381073	2.9
309	3608.948486	0.000000	0.000052	144.421018	3.0
310	3746.738944	0.000000	0.000052	175.343020	2.9
311	3568.548848	0.000000	0.000052	154.956822	2.9
312	3856.134989	0.000000	0.000052	199.216562	2.9
313	3699.689332	0.000000	0.000052	173.596559	2.9
314	3654.094908	0.000000	0.000052	158.097665	2.9
315	3480.066762	0.000000	0.000052	151.636617	2.9
316	3572.622325	0.000000	0.000052	149.453899	2.9
317	3702.023624	0.000000	0.000052	198.812566	2.9
318	3607.700258	0.000000	0.000052	159.445945	2.8
319	3606.792709	0.000000	0.000052	162.050975	2.8
320	3680.998463	0.000000	0.000052	192.843907	2.9
321	3671.836867	0.000000	0.000052	189.591245	3.0
322	3567.047503	0.000000	0.000052	147.023145	5.0
323	3688.505605	0.000000	0.000052	159.150923	4.5
324	3605.467588	0.000000	0.000052	169.128769	3.6
325	3621.941039	0.000000	0.000052	177.920053	3.5
326	3648.294995	0.000000	0.000052	158.672492	3.4
327	3775.819580	0.000000	0.000052	187.653846	3.0
328	3871.376231	0.000000	0.000052	182.411267	3.0
329	3726.287846	0.000000	0.000052	157.929818	3.3
330	3567.094533	0.000000	0.000052	142.899622	3.1
331	3498.573731	0.000000	0.000052	177.000107	3.1
332	3658.030189	0.000000	0.000052	159.246345	3.1
333	3492.835811	0.000000	0.000052	180.096144	4.5
334	3649.753390	0.000000	0.000052	184.790515	3.6
335	3564.456221	0.000000	0.000052	136.049068	5.2
336	3706.113141	0.000000	0.000052	166.874516	4.9
337	3554.889954	0.000000	0.000052	177.134555	4.4
338	3727.578967	0.000000	0.000052	161.135405	4.3
339	3616.583041	0.000000	0.000052	139.556500	5.4
340	3703.981217	0.000000	0.000052	173.448803	5.6
341	3751.922692	0.000000	0.000052	238.819019	5.2
342	3667.971420	0.000000	0.000052	162.713978	5.4
343	3679.369507	0.000000	0.000052	172.730193	4.2
344	3591.863845	0.000000	0.000052	151.786889	4.5
345	3495.974778	0.000000	0.000052	142.193273	4.3
346	3581.156134	0.000000	0.000052	150.992848	4.5
347	3616.431154	0.000000	0.000052	152.663944	5.0
348	3605.650927	0.000000	0.000052	154.595647	4.1
349	3607.055125	0.000000	0.000052	181.543974	5.4
350	3556.793952	0.000000	0.000052	157.719120	3.8
351	3667.702822	0.000000	0.000052	151.624691	3.8
352	3596.561067	0.000000	0.000052	156.862838	3.9
353	3557.059947	0.000000	0.000052	147.781351	5.3
354	3712.349008	0.000000	0.000052	208.578833	4.7
355	3625.297523	0.000000	0.000052	137.827456	3.6
356	3761.525377	0.000000	0.000052	195.693297	3.7
357	3667.257878	0.000000	0.000052	194.699462	4.3
358	3678.635760	0.000000	0.000052	163.504408	3.5
359	3528.333650	0.000000	0.000052	140.890715	3.7
360	3731.792054	0.000000	0.000052	156.484209	5.2
361	3755.437992	0.000000	0.000052	173.279846	5.2
362	3656.756640	0.000000	0.000052	152.802846	5.1
363	3595.688192	0.000000	0.000052	158.343039	5.1
364	3742.445440	0.000000	0.000052	153.360321	4.4
365	3628.027766	0.000000	0.000052	177.401238	4.0
366	3589.300598	0.000000	0.000052	171.842857	3.5
367	3811.741875	0.000000	0.000052	156.127268	3.5
368	3594.439585	0.000000	0.000052	162.399309	3.5
369	3484.176212	0.000000	0.000052	180.975176	3.2
370	3662.528880	0.000000	0.000052	172.588436	3.2
371	3455.491333	0.000000	0.000052	145.573867	3.1
372	3823.308805	0.000000	0.000052	161.509829	2.9
373	3657.567701	0.000000	0.000052	139.763864	3.0
374	3696.093584	0.000000	0.000052	169.230407	3.0
375	3544.909844	0.000000	0.000052	157.897339	3.0
376	3618.928002	0.000000	0.000052	160.645901	4.4
377	3784.781648	0.000000	0.000052	192.055496	3.6
378	3667.601554	0.000000	0.000052	213.156733	5.0
379	3682.072609	0.000000	0.000052	153.633757	5.2
380	3459.982288	0.000000	0.000052	150.896349	4.9
381	3481.715067	0.000000	0.000052	146.474549	5.2
382	3540.223222	0.000000	0.000052	150.719158	4.1
383	3551.561036	0.000000	0.000052	152.288997	4.7
384	3458.591427	0.000000	0.000052	159.850645	4.7
385	3499.558856	0.000000	0.000052	139.147380	4.5
386	3645.067305	0.000000	0.000052	207.578684	3.8
387	3643.174935	0.000000	0.000052	163.352963	3.7
388	3542.451208	0.000000	0.000052	205.187715	3.7
389	3612.247955	0.000000	0.000052	148.269357	5.0
390	3614.574510	0.000000	0.000052	200.481533	4.8
391	3342.253827	0.000000	0.000052	230.324839	3.7
392	3615.720185	0.000000	0.000052	150.302323	3.9
393	3592.160094	0.000000	0.000052	166.773522	5.1
394	3724.199003	0.000000	0.000052	251.796849	3.5
395	3734.445080	0.000000	0.000052	165.929898	3.3
396	3515.914126	0.000000	0.000052	161.142158	4.0
397	3445.893762	0.000000	0.000052	167.475408	4.4
398	3521.083546	0.000000	0.000052	146.206460	4.8
399	3495.161497	0.000000	0.000052	139.583001	4.9
400	3608.403405	0.000000	0.000052	152.047642	4.7
401	3650.593826	0.000000	0.000052	150.366340	3.8
402	3526.404559	0.000000	0.000052	155.363033	3.8
403	3570.979205	0.000000	0.000052	144.757263	3.1
404	3588.973242	0.000000	0.000052	169.364422	3.3
405	3517.050565	0.000000	0.000052	201.371793	3.1
406	3597.289185	0.000000	0.000052	151.883386	3.2
407	3839.002865	0.000000	0.000052	160.921190	3.1
408	3637.689818	0.000000	0.000052	188.060826	3.2
409	3900.657144	0.000000	0.000052	163.585894	3.1
410	3469.059001	0.000000	0.000052	131.556087	3.0
411	3562.891998	0.000000	0.000052	160.976342	3.1
412	3492.437032	0.000000	0.000052	134.939645	5.2
413	3480.190057	0.000000	0.000052	173.530039	5.3
414	3642.167652	0.000000	0.000052	170.140203	5.4
415	3539.542877	0.000000	0.000052	180.870092	5.2
416	3689.307150	0.000000	0.000052	153.992496	5.2
417	3537.973161	0.000000	0.000052	145.991284	5.1
418	3764.169433	0.000000	0.000052	167.030528	4.2
419	3540.851500	0.000000	0.000052	156.433731	5.5
420	3549.121025	0.000000	0.000052	139.633509	5.5
421	3429.224097	0.000000	0.000052	142.613356	5.3
422	3458.438498	0.000000	0.000052	138.677797	4.0
423	3471.402170	0.000000	0.000052	160.742652	3.1
424	3513.462726	0.000000	0.000052	239.503941	3.3
425	3582.686776	0.000000	0.000052	145.230734	4.3
426	3556.834036	0.000000	0.000052	166.699250	5.2
427	3380.204327	0.000000	0.000052	175.956707	4.9
428	3475.908188	0.000000	0.000052	158.280059	5.0
429	3619.674655	0.000000	0.000052	152.691893	4.5
430	3579.462325	0.000000	0.000052	147.677099	4.0
431	3557.702887	0.000000	0.000052	144.602162	3.5
432	3616.948671	0.000000	0.000052	161.385879	3.8
433	3566.277593	0.000000	0.000052	158.614869	3.3
434	3559.818858	0.000000	0.000052	156.655799	3.3
435	3696.752888	0.000000	0.000052	151.871271	3.3
436	3500.585485	0.000000	0.000052	141.276101	3.0
437	3615.008514	0.000000	0.000052	244.656695	4.4
438	3583.555454	0.000000	0.000052	178.624425	5.0
439	3757.718913	0.000000	0.000052	152.078405	5.3
440	3317.620287	0.000000	0.000052	131.803056	4.9
441	3596.752811	0.000000	0.000052	138.682148	5.0
442	3559.936101	0.000000	0.000052	166.260475	5.0
443	3540.195094	0.000000	0.000052	228.691564	4.3
444	3517.522404	0.000000	0.000052	158.623774	3.9
445	3650.078061	0.000000	0.000052	143.526166	3.4
446	3598.616033	0.000000	0.000052	192.053785	4.4
447	3410.214826	0.000000	0.000052	186.334002	3.8
448	3479.636230	0.000000	0.000052	182.834168	3.8
449	3461.079822	0.000000	0.000052	135.444400	4.1
450	3555.713177	0.000000	0.000052	143.993546	3.8
451	3564.322644	0.000000	0.000052	147.497811	3.9
452	3448.273759	0.000000	0.000052	130.528836	4.0
453	3507.719563	0.000000	0.000052	141.769088	4.1
454	3462.611310	0.000000	0.000052	167.715063	3.4
455	3604.247862	0.000000	0.000052	149.871171	3.5
456	3610.500766	0.000000	0.000052	150.733306	3.4
457	3590.457583	0.000000	0.000052	142.865719	3.9
458	3566.769589	0.000000	0.000052	137.592632	4.2
459	3645.485435	0.000000	0.000052	156.495727	4.7
460	3386.239246	0.000000	0.000052	144.292900	4.8
461	3447.177300	0.000000	0.000052	156.156657	4.0
462	3488.294951	0.000000	0.000052	153.927025	5.5
463	3474.729857	0.000000	0.000052	179.480988	5.4
464	3528.844617	0.000000	0.000052	168.088082	5.7
465	3486.670647	0.000000	0.000052	180.387620	5.5
466	3525.233071	0.000000	0.000052	175.976494	5.4
467	3574.184289	0.000000	0.000052	153.650076	4.6
468	3251.644600	0.000000	0.000052	154.403418	5.5
469	3572.136839	0.000000	0.000052	154.236364	5.5
470	3640.441431	0.000000	0.000052	156.094453	5.6
471	3539.466612	0.000000	0.000052	205.825093	4.6
472	3436.680158	0.000000	0.000052	157.908707	4.3
473	3565.823278	0.000000	0.000052	160.669587	3.6
474	3571.631824	0.000000	0.000052	147.003913	3.9
475	3435.606238	0.000000	0.000052	142.492840	4.1
476	3605.280626	0.000000	0.000052	131.880043	4.0
477	3524.832121	0.000000	0.000052	204.830146	4.2
478	3598.899835	0.000000	0.000052	144.097434	5.4
479	3569.466187	0.000000	0.000052	145.119067	5.3
480	3687.247865	0.000000	0.000052	238.952394	4.9
481	3386.389521	0.000000	0.000052	156.441808	4.9
482	3470.655504	0.000000	0.000052	147.658402	4.5
483	3331.068017	0.000000	0.000052	135.054388	4.5
484	3523.311802	0.000000	0.000052	166.922534	5.2
485	3463.047935	0.000000	0.000052	151.050522	5.2
486	3334.186507	0.000000	0.000052	147.608074	5.2
487	3753.178326	0.000000	0.000052	155.771231	4.7
488	3431.431766	0.000000	0.000052	242.991521	4.2
489	3541.858053	0.000000	0.000052	142.798747	4.7
490	3659.309166	0.000000	0.000052	157.457512	3.7
491	3408.488671	0.000000	0.000052	136.268134	3.6
492	3477.567898	0.000000	0.000052	178.971920	3.7
493	3587.070802	0.000000	0.000052	147.129158	3.6
494	3342.818455	0.000000	0.000052	127.817894	4.1
495	3467.900252	0.000000	0.000052	144.027202	3.2
496	3460.335608	0.000000	0.000052	145.974343	3.2
497	3304.400123	0.000000	0.000052	144.755194	3.2
498	3462.536289	0.000000	0.000052	136.669640	3.3
499	3489.906878	0.000000	0.000052	144.405211	3.4
500	3357.219468	0.000000	0.000052	148.057097	5.4
501	3385.006864	0.000000	0.000052	152.907276	5.5
502	3541.855199	0.000000	0.000052	140.114608	5.3
503	3469.507494	0.000000	0.000052	128.612482	5.1
504	3485.841216	0.000000	0.000052	147.471572	5.2
505	3298.457180	0.000000	0.000052	129.695538	4.3
506	3431.966885	0.000000	0.000052	136.584504	4.1
507	3562.816876	0.000000	0.000052	152.345593	4.1
508	3386.780974	0.000000	0.000052	176.867485	4.2
509	3342.438654	0.000000	0.000052	153.046349	3.5
510	3506.364240	0.000000	0.000052	139.158715	3.1
511	3494.333861	0.000000	0.000052	134.386185	3.0
512	3523.689817	0.000000	0.000052	157.968705	3.2
513	3393.706591	0.000000	0.000052	148.284478	3.2
514	3442.227916	0.000000	0.000052	133.913103	3.2
515	3564.518598	0.000000	0.000052	179.674990	3.2
516	3391.531841	0.000000	0.000052	138.778999	3.0
517	3420.053240	0.000000	0.000052	142.525040	3.2
518	3335.758845	0.000000	0.000052	129.330198	3.3
519	3553.410505	0.000000	0.000052	143.595877	2.8
520	3479.532149	0.000000	0.000052	214.607690	2.9
521	3474.892637	0.000000	0.000052	166.679266	3.0
522	3380.634668	0.000000	0.000052	131.663179	5.3
523	3412.147914	0.000000	0.000052	143.625956	5.1
524	3578.931650	0.000000	0.000052	143.660200	4.0
525	3421.228888	0.000000	0.000052	133.563249	3.1
526	3447.762261	0.000000	0.000052	157.341098	3.1
527	3454.255448	0.000000	0.000052	143.408405	3.3
528	3645.215987	0.000000	0.000052	157.886992	4.0
529	3411.699714	0.000000	0.000052	143.891805	3.3
530	3516.897384	0.000000	0.000052	136.427094	3.5
531	3647.105804	0.000000	0.000052	185.840885	4.5
532	3543.218348	0.000000	0.000052	151.622438	9.4
533	3341.793837	0.000000	0.000052	157.845076	4.2
534	3355.139922	0.000000	0.000052	159.803160	5.1
535	3330.433187	0.000000	0.000052	132.457783	4.3
536	3316.345207	0.000000	0.000052	127.640139	3.5
537	3525.008044	0.000000	0.000052	140.687491	4.1
538	3342.830579	0.000000	0.000052	133.126510	3.4
539	3446.918869	0.000000	0.000052	149.254981	3.7
540	3640.764800	0.000000	0.000052	156.580981	3.6
541	3341.550808	0.000000	0.000052	131.527542	4.0
542	3485.403889	0.000000	0.000052	126.950236	4.2
543	3515.369925	0.000000	0.000052	138.745089	3.8
544	3539.928230	0.000000	0.000052	148.309975	3.4
545	3408.566122	0.000000	0.000052	129.984825	4.9
546	3270.940238	0.000000	0.000052	180.836676	5.0
547	3464.372289	0.000000	0.000052	157.437774	5.3
548	3404.135886	0.000000	0.000052	138.064816	5.3
549	3251.459529	0.000000	0.000052	152.969592	5.3
550	3506.647863	0.000000	0.000052	145.234773	5.3
551	3454.465076	0.000000	0.000052	143.571483	4.7
552	3325.109070	0.000000	0.000052	133.581258	5.0
553	3467.085558	0.000000	0.000052	149.289500	5.4
554	3598.184258	0.000000	0.000052	238.047838	5.4
555	3363.012638	0.000000	0.000052	162.724266	5.2
556	3403.237001	0.000213	0.000052	198.546268	5.6
557	3471.277704	0.000000	0.000052	138.445787	5.7
558	3389.078322	0.000000	0.000052	128.636960	5.5
559	3571.594066	0.000000	0.000052	167.272193	5.5
560	3374.596907	0.000000	0.000052	134.178661	5.4
561	3120.195860	0.000000	0.000052	143.654686	4.1
562	3475.240778	0.000000	0.000052	140.354845	5.4
563	3529.004309	0.000000	0.000052	154.275695	5.7
564	3417.321610	0.000000	0.000052	148.604541	5.4
565	3243.275489	0.000000	0.000052	115.888547	4.4
566	3360.740495	0.000000	0.000052	186.818229	4.5
567	3337.643791	0.000000	0.000052	156.665465	4.4
568	3519.611010	0.000000	0.000052	155.955718	5.2
569	3239.510393	0.000000	0.000052	106.957248	5.5
570	3366.985831	0.000000	0.000052	120.741712	5.2
571	3520.377670	0.000000	0.000052	194.807665	4.3
572	3460.460379	0.000000	0.000052	134.628103	4.4
573	3343.156574	0.000000	0.000052	127.976078	4.0
574	3425.024027	0.000000	0.000052	177.016114	3.9
575	3544.147257	0.000000	0.000052	166.757083	3.7
576	3389.302481	0.000000	0.000052	231.946539	3.4
577	3485.731374	0.000216	0.000052	139.153128	4.1
578	3370.764829	0.000000	0.000052	188.611813	5.5
579	3390.838119	0.000000	0.000052	153.319387	2.8
580	3363.656545	0.000000	0.000052	139.674065	3.8
581	3430.154931	0.000000	0.000052	134.061552	4.0
582	3278.119382	0.000000	0.000052	117.684409	4.4
583	3395.286200	0.000000	0.000052	167.054276	2.5
584	3421.783660	0.000000	0.000052	139.028778	5.9
585	3371.504988	0.000000	0.000052	185.661506	5.4
586	3538.004390	0.000000	0.000052	145.658581	4.0
587	3231.366495	0.000000	0.000052	137.385942	4.1
588	3435.040161	0.000000	0.000052	158.813514	5.3
589	3311.758938	0.000000	0.000052	132.800757	5.4
590	3473.281038	0.000000	0.000052	133.432945	5.3
591	3681.464576	0.000000	0.000052	193.714689	5.0
592	3298.361600	0.000000	0.000052	141.538877	5.1
593	3401.932956	0.000000	0.000052	205.304028	5.2
594	3334.083901	0.000000	0.000052	200.932036	4.0
595	3380.136496	0.001574	0.000052	169.771943	4.1
596	3282.900564	0.000000	0.000052	128.754097	5.3
597	3339.807573	0.000000	0.000052	146.997121	5.3
598	3469.737310	0.000000	0.000052	132.993364	4.3
599	3346.638088	0.000000	0.000052	127.889070	4.8
600	3459.288871	0.000000	0.000052	165.302641	4.5
601	3423.165083	0.000000	0.000052	237.518547	4.4
602	3391.356858	0.000721	0.000052	142.528705	4.4
603	3418.068593	0.000000	0.000052	158.058532	4.2
604	3397.291213	0.000000	0.000052	151.133408	4.4
605	3531.532746	0.000000	0.000052	137.084505	3.3
606	3390.862304	0.000000	0.000052	154.157216	3.4
607	3479.653500	0.000000	0.000052	160.857368	3.4
608	3400.723873	0.000000	0.000052	146.716807	3.2
609	3244.032633	0.000000	0.000052	120.282026	3.4
610	3453.391526	0.000000	0.000052	158.002199	5.5
611	3505.574856	0.000000	0.000052	148.932523	5.3
612	3598.031550	0.000000	0.000052	131.539144	3.7
613	3319.741194	0.000000	0.000052	151.745732	4.0
614	3401.834674	0.000000	0.000052	210.532873	4.0
615	3369.764082	0.000000	0.000052	121.240254	3.7
616	3208.538718	0.000000	0.000052	133.554980	3.4
617	3395.664553	0.000000	0.000052	128.625884	3.1
618	3441.589426	0.000000	0.000052	134.492795	3.0
619	3366.629165	0.000000	0.000052	135.482546	5.4
620	3385.009570	0.000000	0.000052	126.296064	5.8
621	3480.201775	0.000000	0.000052	173.219996	5.1
622	3338.016085	0.000000	0.000052	124.815019	5.2
623	3450.377249	0.000000	0.000052	153.910986	3.1
624	3449.675408	0.000000	0.000052	196.788427	3.3
625	3359.726048	0.000000	0.000052	122.538608	4.9
626	3338.113593	0.000000	0.000052	157.427464	3.8
627	3292.129264	0.000000	0.000052	140.936619	5.3
628	3410.553267	0.000000	0.000052	248.581628	4.3
629	3400.912420	0.000289	0.000052	137.234288	3.6
630	3500.296670	0.000000	0.000052	133.143074	3.7
631	3296.649927	0.000000	0.000052	127.051701	3.8
632	3314.952325	0.000000	0.000052	124.115155	4.0
633	3401.012900	0.000000	0.000052	127.748336	3.4
634	3382.013240	0.000000	0.000052	209.748532	3.5
635	3214.794304	0.000000	0.000052	130.999689	4.3
636	3392.409516	0.000000	0.000052	130.476346	3.5
637	3415.719443	0.000000	0.000052	142.841329	3.0
638	3234.263970	0.000000	0.000052	120.404252	2.9
639	3338.641450	0.000000	0.000052	156.821895	2.9
640	3237.792407	0.000000	0.000052	120.731063	2.9
641	3333.033932	0.000000	0.000052	151.373682	2.8
642	3473.596192	0.000000	0.000052	154.698000	2.8
643	3279.926232	0.000000	0.000052	123.024548	2.8
644	3244.385037	0.000000	0.000052	119.534976	2.8
645	3458.017071	0.000000	0.000052	138.737360	3.0
646	3266.366555	0.000000	0.000052	132.995242	2.9
647	3252.099665	0.000000	0.000052	138.072641	2.9
648	3358.901592	0.000000	0.000052	127.402626	2.9
649	3383.820595	0.000000	0.000052	142.107175	2.9
650	3184.125575	0.000000	0.000052	137.708175	2.9
651	3463.463393	0.000000	0.000052	125.079619	2.8
652	3277.408963	0.000000	0.000052	121.536281	2.8
653	3276.872882	0.000000	0.000052	182.848786	2.8
654	3432.349205	0.000000	0.000052	131.462860	6.1
655	3374.023015	0.000000	0.000052	129.658925	5.2
656	3292.160520	0.000000	0.000052	134.228802	4.9
657	3319.321798	0.000000	0.000052	142.145274	4.8
658	3388.131625	0.000000	0.000052	127.254904	3.8
659	3395.640001	0.000000	0.000052	136.740917	4.0
660	3201.516476	0.000000	0.000052	142.704248	3.6
661	3445.497859	0.000000	0.000052	133.456307	3.4
662	3360.556089	0.000000	0.000052	130.966036	3.6
663	3281.822234	0.000000	0.000052	156.844513	5.8
664	3223.336784	0.000000	0.000052	180.002544	3.3
665	3319.274618	0.000000	0.000052	142.776552	3.3
666	3310.889479	0.000000	0.000052	136.319502	3.6
667	3146.772420	0.000000	0.000052	117.289625	3.5
668	3444.444470	0.000000	0.000052	153.089077	3.6
669	3336.647050	0.000000	0.000052	139.807332	3.2
670	3303.909269	0.000000	0.000052	122.299241	3.6
671	3209.691608	0.000000	0.000052	147.041483	3.9
672	3487.381258	0.000000	0.000052	136.907703	4.0
673	3327.361897	0.000000	0.000052	118.356042	5.4
674	3409.651898	0.000000	0.000052	196.500914	2.7
675	3205.851355	0.000000	0.000052	128.272296	3.7
676	3315.893983	0.000000	0.000052	167.984288	2.9
677	3368.283006	0.000000	0.000052	135.569546	3.3
678	3314.801078	0.000000	0.000052	136.432905	5.0
679	3357.682929	0.000000	0.000052	130.476038	3.9
680	3327.425981	0.000000	0.000052	113.116011	3.8
681	3266.232958	0.000000	0.000052	116.791351	4.0
682	3447.710785	0.000000	0.000052	153.533720	3.3
683	3189.358310	0.000000	0.000052	119.793623	3.4
684	3307.220515	0.000000	0.000052	112.140337	3.3
685	3281.038304	0.000000	0.000052	122.561972	3.2
686	3296.517936	0.000000	0.000052	194.163454	3.3
687	3242.355953	0.000000	0.000052	118.446348	3.1
688	3307.420900	0.000000	0.000052	132.164734	4.2
689	3428.538037	0.000000	0.000052	119.658162	5.4
690	3304.918898	0.000000	0.000052	127.294785	3.5
691	3391.049508	0.000000	0.000052	129.912745	3.5
692	3268.709464	0.000000	0.000052	120.635364	2.9
693	3406.387680	0.000000	0.000052	140.038330	2.5
694	3244.666841	0.000000	0.000052	133.910100	2.5
695	3237.756321	0.000000	0.000052	130.416396	2.5
696	3332.671926	0.000000	0.000052	152.212684	3.0
697	3265.710414	0.000000	0.000052	145.032943	4.8
698	3215.294672	0.000000	0.000052	147.521755	4.7
699	3221.971481	0.000000	0.000052	136.235573	3.8
700	3381.398216	0.000000	0.000052	171.560488	3.8
701	3394.570088	0.000000	0.000052	147.158754	3.8
702	3426.365470	0.000000	0.000052	137.077892	3.4
703	3425.922451	0.000000	0.000052	171.762853	3.3
704	3392.903199	0.000000	0.000052	174.574341	3.4
705	3049.772321	0.000000	0.000052	120.685723	3.3
706	3452.273981	0.000000	0.000052	160.895779	3.3
707	3409.963584	0.000000	0.000052	139.524773	3.6
708	3286.507871	0.000000	0.000052	131.072697	3.7
709	3470.353459	0.000000	0.000052	135.547859	3.8
710	3247.432004	0.000000	0.000052	126.390148	3.6
711	3229.941715	0.000000	0.000052	146.766715	3.5
712	3206.892086	0.000000	0.000052	121.400308	3.6
713	3186.290450	0.000000	0.000052	169.817342	3.7
714	3573.942973	0.000000	0.000052	153.954890	5.2
715	3244.586408	0.000000	0.000052	133.381956	5.2
716	3219.280009	0.000000	0.000052	124.369453	5.1
717	3404.906499	0.000000	0.000052	216.553804	5.1
718	3322.621320	0.000000	0.000052	159.055622	5.1
719	3282.069335	0.000828	0.000052	124.177190	4.0
720	3287.717857	0.000000	0.000052	144.148897	3.9
721	3157.999454	0.000000	0.000052	141.144406	3.8
722	3267.596440	0.000000	0.000052	177.012275	3.5
723	3297.779459	0.000000	0.000052	137.647056	3.9
724	3196.867620	0.000000	0.000052	110.953546	4.2
725	3280.305494	0.000000	0.000052	145.910677	5.8
726	3358.610882	0.000000	0.000052	111.619160	3.2
727	3224.660325	0.000000	0.000052	155.586330	3.1
728	3190.359814	0.000000	0.000052	121.379548	3.1
729	3338.101399	0.000000	0.000052	172.244148	4.8
730	3228.012898	0.000000	0.000052	156.854697	5.2
731	3350.632323	0.000000	0.000052	121.251281	5.0
732	3297.367235	0.000000	0.000052	116.758774	4.4
733	3375.150852	0.000000	0.000052	148.473722	4.5
734	3340.985239	0.000000	0.000052	127.596375	3.5
735	3205.864111	0.000000	0.000052	119.500853	3.5
736	3086.266820	0.000000	0.000052	131.120767	3.6
737	3311.070856	0.000000	0.000052	160.288670	3.8
738	3369.860558	0.000000	0.000052	139.502239	3.9
739	3146.246487	0.000000	0.000052	124.783274	3.3
740	3202.567293	0.000000	0.000052	117.377532	3.1
741	3244.603422	0.000000	0.000052	123.049860	3.1
742	3237.662834	0.000000	0.000052	112.421719	4.6
743	3340.673339	0.000000	0.000052	131.056887	3.1
744	3250.655842	0.000000	0.000052	125.487362	3.3
745	3379.049836	0.000000	0.000052	156.902101	3.4
746	3345.277009	0.000000	0.000052	142.404013	3.5
747	3271.407941	0.000000	0.000052	170.448316	3.5
748	3442.856078	0.000000	0.000052	109.809767	3.4
749	3384.108251	0.000000	0.000052	153.293533	3.3
750	3195.219645	0.000000	0.000052	213.440068	3.2
751	3445.722066	0.000257	0.000052	154.808529	3.2
752	3294.791928	0.000000	0.000052	133.759143	3.1
753	3390.594293	0.000000	0.000052	126.988429	3.2
754	3381.120210	0.000000	0.000052	130.271517	6.8
755	3257.170472	0.000000	0.000052	124.356783	3.0
756	3297.862296	0.000000	0.000052	140.866025	3.4
757	3297.830056	0.000000	0.000052	163.225979	3.4
758	3196.797329	0.000000	0.000052	132.983685	3.5
759	3220.253679	0.000000	0.000052	105.408915	3.4
760	3009.800688	0.000000	0.000052	102.988242	3.3
761	3323.490637	0.000000	0.000052	126.716474	3.5
762	3167.791230	0.000000	0.000052	139.650212	4.7
763	3236.646365	0.000000	0.000052	122.333379	5.7
764	3157.447899	0.000000	0.000052	112.783301	3.3
765	3136.461855	0.000000	0.000052	149.064880	4.0
766	3306.432542	0.000000	0.000052	109.770186	5.3
767	3193.004405	0.000000	0.000052	117.023673	2.7
768	3291.202795	0.000000	0.000052	117.353400	2.7
769	3298.636643	0.000000	0.000052	159.453226	3.3
770	3233.118532	0.000000	0.000052	139.251614	2.8
771	3339.379878	0.000000	0.000052	119.516326	2.9
772	3128.456942	0.000000	0.000052	149.280768	2.7
773	3312.033413	0.000000	0.000052	130.736601	2.9
774	3281.655306	0.000000	0.000052	114.355161	4.1
775	3347.012369	0.000000	0.000052	119.011642	4.9
776	3327.197245	0.000000	0.000052	127.918789	2.9
777	3263.853199	0.000000	0.000052	120.141069	2.8
778	3286.790026	0.000000	0.000052	137.240021	2.5
779	3131.343011	0.000000	0.000052	120.143370	2.4
780	3245.809135	0.000000	0.000052	136.407156	2.5
781	3166.430367	0.000000	0.000052	128.791515	3.8
782	3235.240474	0.000000	0.000052	163.432766	4.3
783	3241.873062	0.000000	0.000052	101.035670	3.2
784	3206.226420	0.000000	0.000052	160.037633	5.3
785	3104.325578	0.000000	0.000052	184.372281	5.1
786	3116.955413	0.001169	0.000052	132.482361	4.8
787	3230.484493	0.000000	0.000052	112.863825	4.5
788	3319.381560	0.000000	0.000052	129.157423	4.4
789	3312.987113	0.000000	0.000052	144.545686	4.3
790	3168.805427	0.000000	0.000052	123.289354	4.2
791	3318.448939	0.000000	0.000052	143.937558	3.6
792	3273.897180	0.000000	0.000052	108.782213	3.4
793	3231.413672	0.000000	0.000052	124.366286	3.3
794	3310.682499	0.000000	0.000052	115.559323	3.1
795	3160.978079	0.000000	0.000052	119.589295	3.6
796	3199.500982	0.000000	0.000052	144.496862	3.2
797	3296.095918	0.000000	0.000052	129.728303	3.5
798	3297.185350	0.000000	0.000052	107.963781	4.1
799	3237.591365	0.000000	0.000052	151.588804	5.0
800	3217.367976	0.000000	0.000052	104.104011	4.9
801	3199.162692	0.000000	0.000052	109.275073	3.9
802	3284.738362	0.000000	0.000052	194.811621	4.2
803	3141.239728	0.000000	0.000052	101.006104	4.2
804	3262.291665	0.000000	0.000052	149.322960	3.3
805	3239.543185	0.000000	0.000052	140.848278	3.4
806	3181.745172	0.000000	0.000052	168.648924	3.4
807	3202.931160	0.000384	0.000052	133.702797	3.5
808	3298.201116	0.000000	0.000052	117.708276	3.6
809	3413.881933	0.000000	0.000052	117.823222	3.7
810	3435.135514	0.000000	0.000052	114.102299	4.1
811	3188.213482	0.000000	0.000052	148.825422	5.1
812	3322.290222	0.000000	0.000052	119.118369	5.1
813	3197.384141	0.000000	0.000052	113.745236	5.0
814	3197.890000	0.000000	0.000052	116.819406	4.3
815	3150.794634	0.000000	0.000052	110.009150	4.2
816	3409.249644	0.000000	0.000052	122.841220	3.8
817	3451.001545	0.000000	0.000052	164.554900	3.7
818	3195.313662	0.000000	0.000052	204.570141	3.7
819	3216.117161	0.000642	0.000052	116.982262	3.8
820	3358.476302	0.000000	0.000052	157.175309	3.7
821	3246.298637	0.000000	0.000052	155.214247	3.5
822	3186.974348	0.000000	0.000052	109.117748	3.5
823	3127.278501	0.000000	0.000052	108.205427	3.6
824	3282.080292	0.000000	0.000052	110.069691	3.5
825	3252.749352	0.000000	0.000052	134.185614	3.5
826	3238.855114	0.000000	0.000052	116.749345	3.6
827	3272.705116	0.000000	0.000052	120.342802	2.9
828	3143.768125	0.000000	0.000052	119.820923	2.9
829	3168.835599	0.000000	0.000052	131.875830	2.9
830	3172.416718	0.000000	0.000052	117.284667	3.1
831	3297.215140	0.000000	0.000052	112.934083	5.1
832	3190.559839	0.000000	0.000052	129.753526	3.2
833	3093.445361	0.000000	0.000052	175.552089	3.3
834	3189.823501	0.000000	0.000052	155.495239	3.2
835	3277.999355	0.000000	0.000052	123.220673	3.2
836	3217.813411	0.000000	0.000052	134.154366	3.2
837	3206.120822	0.000000	0.000052	150.082771	3.2
838	3251.353963	0.000000	0.000052	97.947024	3.1
839	3275.297199	0.000000	0.000052	114.200497	3.2
840	3141.476494	0.000000	0.000052	102.145831	3.3
841	3302.229521	0.000000	0.000052	127.363569	3.3
842	3258.374115	0.000000	0.000052	140.424058	4.9
843	3372.507672	0.000000	0.000052	149.874958	4.8
844	3176.436712	0.000000	0.000052	104.675028	4.1
845	3261.631896	0.000000	0.000052	117.220887	3.7
846	3314.526641	0.000000	0.000052	119.722248	3.8
847	3207.314242	0.000000	0.000052	117.937482	3.7
848	3189.107056	0.000000	0.000052	123.002360	3.8
849	3174.751471	0.000000	0.000052	108.008892	3.8
850	3202.618015	0.000000	0.000052	129.834288	3.5
851	3268.178629	0.000000	0.000052	114.046418	3.5
852	2946.239572	0.000000	0.000052	104.049587	3.5
853	3148.235940	0.000000	0.000052	104.336499	3.7
854	3067.756267	0.000000	0.000052	105.287659	3.5
855	3100.025708	0.000000	0.000052	125.826960	3.5
856	3169.203730	0.000000	0.000052	160.396171	3.3
857	3384.903604	0.000000	0.000052	126.250538	3.3
858	3195.590359	0.000000	0.000052	114.399358	3.1
859	3111.693680	0.000000	0.000052	103.157947	2.9
860	3293.995347	0.000000	0.000052	120.223239	3.1
861	3178.090544	0.000000	0.000052	151.144049	3.0
862	3201.610597	0.000000	0.000052	113.674633	3.0
863	3078.053211	0.000000	0.000052	98.307504	2.8
864	3291.814234	0.000000	0.000052	139.875639	2.9
865	3165.400075	0.000000	0.000052	107.598444	2.9
866	3203.179792	0.000000	0.000052	99.329582	2.9
867	3291.594527	0.000000	0.000052	133.287865	2.9
868	3335.878182	0.000000	0.000052	219.524363	2.9
869	3220.977666	0.000153	0.000052	115.018203	3.0
870	3265.684725	0.000000	0.000052	113.819653	3.0
871	3159.712560	0.000000	0.000052	155.964980	3.1
872	3291.686175	0.000000	0.000052	120.171642	3.1
873	3258.083989	0.000000	0.000052	131.112098	3.1
874	3199.567585	0.000000	0.000052	116.983373	3.1
875	3194.022209	0.000000	0.000052	113.622251	2.9
876	3209.202187	0.000000	0.000052	117.926318	3.0
877	3163.560841	0.000000	0.000052	111.515745	3.1
878	3353.068753	0.000000	0.000052	107.877182	3.0
879	3239.680361	0.000000	0.000052	121.959510	2.9
880	3156.653211	0.000000	0.000052	119.946946	2.9
881	3186.503561	0.000000	0.000052	111.822288	2.9
882	3191.812292	0.000000	0.000052	123.047949	3.2
883	3330.249036	0.000000	0.000052	127.497071	3.2
884	3154.409125	0.000000	0.000052	101.513219	3.3
885	3218.848269	0.000000	0.000052	103.930924	2.7
886	3191.678702	0.000000	0.000052	122.709623	4.2
887	3184.372252	0.000000	0.000052	128.142224	2.7
888	3238.760396	0.000000	0.000052	131.163617	3.1
889	3067.432217	0.000000	0.000052	135.564463	5.2
890	3046.974788	0.000000	0.000052	124.428803	5.2
891	3061.157890	0.000000	0.000052	100.613334	5.4
892	3148.151349	0.000000	0.000052	120.695901	4.4
893	3245.729744	0.000000	0.000052	114.411231	4.2
894	3149.018302	0.000000	0.000052	110.689713	5.3
895	3242.402420	0.000000	0.000052	106.218363	5.3
896	3176.436707	0.000000	0.000052	108.010402	4.8
897	3181.166614	0.000000	0.000052	97.246860	5.7
898	3142.368914	0.000000	0.000052	127.478348	5.5
899	3354.745935	0.000000	0.000052	111.954359	5.4
900	3167.714381	0.000000	0.000052	141.519336	4.3
901	3221.241102	0.000000	0.000052	133.032675	4.4
902	3191.264022	0.000059	0.000052	141.217790	4.0
903	3061.786474	0.000000	0.000052	148.546456	3.9
904	3155.203279	0.000197	0.000052	178.001554	5.3
905	3179.492336	0.000000	0.000052	109.657882	5.0
906	3256.363763	0.000000	0.000052	110.419078	4.9
907	3193.506819	0.000000	0.000052	106.702729	4.7
908	3174.677077	0.000000	0.000052	133.876472	4.6
909	3315.014223	0.000000	0.000052	107.178757	3.8
910	3078.373173	0.000000	0.000052	130.853653	3.8
911	3195.808704	0.000000	0.000052	135.702011	3.7
912	3148.096751	0.000000	0.000052	113.957774	3.5
913	3241.935006	0.000000	0.000052	128.489065	3.7
914	3262.465508	0.000000	0.000052	142.517509	5.3
915	3163.249313	0.000000	0.000052	127.753403	5.2
916	3023.669871	0.000000	0.000052	160.444779	4.2
917	3292.585611	0.000000	0.000052	132.095412	4.3
918	3194.109157	0.000000	0.000052	127.447126	4.1
919	3206.457708	0.000000	0.000052	127.495590	3.9
920	3219.066135	0.000000	0.000052	184.776007	3.9
921	3149.589760	0.000000	0.000052	124.030266	3.2
922	3219.140847	0.000000	0.000052	104.626212	3.2
923	3037.441952	0.000000	0.000052	98.713647	3.2
924	3178.737009	0.000000	0.000052	141.657045	3.0
925	3113.463671	0.000000	0.000052	106.104582	3.1
926	3100.554230	0.000000	0.000052	97.821137	3.1
927	2983.252208	0.000000	0.000052	86.019116	2.9
928	3363.903704	0.000000	0.000052	117.843057	2.9
929	3050.977072	0.000000	0.000052	120.326252	2.9
930	3033.466943	0.000000	0.000052	232.728650	2.8
931	3132.806430	0.000000	0.000052	102.364630	2.7
932	3183.455117	0.000000	0.000052	112.622088	2.8
933	3145.102747	0.000000	0.000052	110.508582	2.9
934	3136.881116	0.000000	0.000052	112.832319	3.0
935	3106.086852	0.000000	0.000052	142.365294	2.9
936	3145.878892	0.000000	0.000052	108.031348	2.8
937	3148.685238	0.000000	0.000052	118.544280	3.0
938	3236.760493	0.000000	0.000052	100.203202	2.8
939	3079.484170	0.000000	0.000052	108.171240	3.0
940	3273.337950	0.000000	0.000052	160.062910	2.9
941	3172.198394	0.000000	0.000052	101.511633	4.7
942	3296.613923	0.000000	0.000052	136.188234	4.7
943	3295.129154	0.000000	0.000052	127.552974	3.9
944	3196.221269	0.000000	0.000052	104.086542	4.0
945	3029.871281	0.000000	0.000052	112.079954	5.1
946	3126.975013	0.000000	0.000052	96.985204	3.7
947	3164.366948	0.000000	0.000052	125.101780	3.6
948	3270.934222	0.000000	0.000052	143.790047	3.8
949	3191.486089	0.000000	0.000052	123.702910	3.7
950	3139.674808	0.000000	0.000052	88.930772	3.7
951	3087.268057	0.000000	0.000052	141.157635	3.1
952	3297.355312	0.000000	0.000052	120.806616	3.1
953	3153.187233	0.000000	0.000052	121.776545	3.4
954	3114.629505	0.000000	0.000052	102.908871	3.3
955	3055.969319	0.000000	0.000052	156.605082	3.5
956	3155.502612	0.000000	0.000052	93.692823	3.0
957	3065.183253	0.000000	0.000052	137.316741	3.0
958	3101.002150	0.000000	0.000052	174.298601	3.0
959	3029.310807	0.000000	0.000052	85.566843	3.0
960	3171.843866	0.000000	0.000052	146.843574	2.9
961	3112.114862	0.000000	0.000052	108.257537	3.0
962	3233.513434	0.000000	0.000052	109.335416	3.0
963	3036.211798	0.000000	0.000052	108.646784	3.0
964	3207.514673	0.000000	0.000052	150.701630	3.4
965	3339.658021	0.000000	0.000052	155.769243	4.9
966	3256.288090	0.000000	0.000052	133.535524	3.7
967	3176.755502	0.000000	0.000052	101.717211	3.8
968	3090.615204	0.000000	0.000052	84.532542	5.2
969	3087.602778	0.000000	0.000052	133.843981	3.9
970	3216.068664	0.000000	0.000052	157.633480	3.9
971	3218.448188	0.000000	0.000052	99.152073	4.1
972	3092.132810	0.000000	0.000052	111.278666	3.1
973	3121.955505	0.000000	0.000052	122.451302	2.4
974	3128.617199	0.000000	0.000052	155.830899	2.3
975	3164.797352	0.000000	0.000052	133.493245	2.3
976	3087.849622	0.000000	0.000052	88.909303	2.3
977	3224.889570	0.000000	0.000052	119.377098	2.3
978	3185.377863	0.000000	0.000052	99.934811	2.5
979	3085.988360	0.000000	0.000052	110.698665	2.4
980	3128.084586	0.000000	0.000052	98.330074	2.4
981	3235.087981	0.000000	0.000052	128.916037	2.3
982	3096.042989	0.000000	0.000052	106.193802	2.4
983	3139.525307	0.000000	0.000052	124.916066	2.5
984	3173.803802	0.000000	0.000052	119.192570	2.5
985	3121.399963	0.000000	0.000052	115.828042	2.4
986	3107.302894	0.000000	0.000052	90.466574	2.4
987	3207.192171	0.000000	0.000052	94.495152	2.4
988	3073.337106	0.000000	0.000052	88.934237	2.5
989	3183.080833	0.000000	0.000052	96.974166	2.4
990	3188.686932	0.000000	0.000052	107.059548	2.4
991	3215.752311	0.000000	0.000052	114.747066	2.4
992	3176.162026	0.000000	0.000052	104.431545	2.5
993	3044.990884	0.000000	0.000052	111.796709	2.5
994	3138.251796	0.000000	0.000052	106.689576	2.4
995	3206.222800	0.000000	0.000052	97.077300	2.4
996	3000.126001	0.000000	0.000052	102.584886	2.4
997	3134.536972	0.000000	0.000052	107.709006	2.4
998	3104.356279	0.000000	0.000052	98.504933	2.4
999	3202.000935	0.000000	0.000052	187.690631	2.5
1000	3076.556236	0.000000	0.000052	135.050010	2.9
1001	3150.516813	0.001233	0.000052	119.963422	2.5
1002	3172.097016	0.000766	0.000052	116.172012	2.3
1003	3222.666102	0.000000	0.000052	145.205382	2.4
1004	3131.528596	0.000000	0.000052	123.413736	2.4
1005	3128.621331	0.000000	0.000052	122.111422	2.4
1006	3300.671949	0.000000	0.000052	145.061587	2.4
1007	3269.754554	0.000000	0.000052	100.155602	2.4
1008	3025.683662	0.000000	0.000052	94.201630	2.4
1009	3211.121401	0.000000	0.000052	121.511200	2.4
1010	3152.603834	0.000000	0.000052	105.978741	2.5
1011	3084.912390	0.000000	0.000052	96.009001	2.4
1012	3113.273518	0.000000	0.000052	116.992682	2.4
1013	3231.509223	0.000000	0.000052	140.557057	2.4
1014	2954.913904	0.000000	0.000052	93.494376	2.4
1015	3132.349647	0.000000	0.000052	125.889401	2.5
1016	3182.122929	0.000000	0.000052	102.633560	2.5
1017	3194.088979	0.000000	0.000052	98.457438	2.5
1018	3102.340920	0.000000	0.000052	89.098368	2.5
1019	2975.087234	0.000000	0.000052	90.220605	5.3
1020	3211.230226	0.000000	0.000052	154.362882	3.8
1021	3175.134336	0.000000	0.000052	126.679102	5.2
1022	3121.162446	0.000000	0.000052	114.920161	4.9
1023	3046.067036	0.000000	0.000052	100.059833	3.3
1024	3320.572612	0.000000	0.000052	127.477966	3.7
1025	3236.963086	0.000000	0.000052	98.537021	3.5
1026	3181.287950	0.000000	0.000052	119.567260	3.5
1027	3065.681832	0.000000	0.000052	97.563397	4.8
1028	3127.015377	0.000000	0.000052	88.983370	4.9
1029	2973.455325	0.000000	0.000052	103.172229	4.4
1030	3018.666586	0.000000	0.000052	104.285825	4.7
1031	3031.310658	0.000000	0.000052	88.228525	5.1
1032	3128.373437	0.000000	0.000052	111.396953	5.1
1033	3036.740468	0.000000	0.000052	104.264698	5.0
1034	3147.255036	0.000000	0.000052	92.900273	3.9
1035	3004.766955	0.000000	0.000052	109.615787	4.6
1036	3171.192689	0.000000	0.000052	92.709008	4.6
1037	3150.003694	0.000000	0.000052	152.307866	3.9
1038	3166.125371	0.000000	0.000052	133.739042	3.6
1039	3087.134702	0.000049	0.000052	117.951980	3.6
1040	3179.858842	0.000000	0.000052	94.650927	3.2
1041	3248.452118	0.000000	0.000052	140.784453	3.2
1042	3140.133841	0.000000	0.000052	91.353059	3.2
1043	3123.266533	0.000000	0.000052	111.498116	3.5
1044	3160.370818	0.000000	0.000052	112.371014	3.6
1045	3119.534624	0.000000	0.000052	115.340899	3.5
1046	3251.308447	0.000000	0.000052	134.697800	3.2
1047	3168.176788	0.000000	0.000052	130.718574	3.3
1048	3071.791012	0.000000	0.000052	135.915282	3.3
1049	3263.771218	0.000000	0.000052	105.075222	3.4
1050	3144.914777	0.000000	0.000052	101.747412	3.5
1051	3057.332271	0.000000	0.000052	97.944710	3.6
1052	3134.363787	0.000000	0.000052	106.068674	3.7
1053	3058.166688	0.000000	0.000052	96.398365	3.7
1054	3094.327236	0.000000	0.000052	128.050809	3.5
1055	3071.766542	0.000000	0.000052	97.019419	3.5
1056	3067.908453	0.000000	0.000052	152.953894	3.4
1057	3254.487715	0.000000	0.000052	155.192150	3.6
1058	3037.570963	0.000000	0.000052	146.384705	4.0
1059	3071.898126	0.000000	0.000052	116.424908	4.0
1060	3203.676676	0.000000	0.000052	129.217419	2.9
1061	2953.612319	0.000000	0.000052	108.894386	2.9
1062	3112.928147	0.000000	0.000052	109.478388	3.2
1063	3053.620289	0.000000	0.000052	101.947312	2.9
1064	3247.288716	0.000000	0.000052	116.847295	3.0
1065	3285.198948	0.000000	0.000052	104.281283	3.0
1066	3122.095000	0.000000	0.000052	106.732576	3.0
1067	3210.904977	0.000000	0.000052	100.421832	3.3
1068	3206.530442	0.000000	0.000052	144.832570	3.6
1069	3041.584711	0.000000	0.000052	90.741137	3.3
1070	3004.944519	0.000000	0.000052	96.725348	3.7
1071	3205.431887	0.000000	0.000052	124.351249	3.4
1072	3202.781491	0.000000	0.000052	120.491954	3.4
1073	3121.138787	0.000000	0.000052	107.688077	4.0
1074	3237.475099	0.000000	0.000052	116.017364	3.2
1075	3040.757863	0.000000	0.000052	96.830578	3.2
1076	3119.467128	0.000000	0.000052	99.368261	3.1
1077	3159.254870	0.000000	0.000052	126.056299	3.1
1078	3256.434864	0.000000	0.000052	115.190270	3.2
1079	3074.911449	0.000000	0.000052	107.719579	3.1
1080	2969.426598	0.000000	0.000052	164.031728	3.1
1081	3011.283313	0.000000	0.000052	78.767719	3.1
1082	3119.934189	0.000000	0.000052	117.394064	3.2
1083	3065.826655	0.000000	0.000052	112.940568	3.9
1084	3348.986890	0.000000	0.000052	194.408215	4.9
1085	3126.974779	0.000195	0.000052	128.339152	3.3
1086	3010.199830	0.000000	0.000052	108.992757	3.4
1087	3119.428711	0.000000	0.000052	105.075578	3.8
1088	3125.304615	0.000000	0.000052	136.431635	3.7
1089	3164.658232	0.000000	0.000052	99.311192	3.7
1090	3084.109494	0.000000	0.000052	91.076524	3.4
1091	3122.849832	0.000000	0.000052	109.979284	3.4
1092	3058.377783	0.000000	0.000052	116.771432	3.4
1093	3116.253388	0.000000	0.000052	93.165205	3.5
1094	3030.059260	0.000000	0.000052	87.677838	3.5
1095	3161.270537	0.000000	0.000052	108.930754	3.5
1096	3181.598319	0.000000	0.000052	101.466500	3.8
1097	3129.246369	0.000000	0.000052	116.657921	3.8
1098	3110.007445	0.000000	0.000052	88.817186	3.6
1099	3125.526433	0.000000	0.000052	144.810099	3.5
1100	3101.108083	0.000000	0.000052	124.360903	3.5
1101	3209.747153	0.000000	0.000052	147.087814	3.4
1102	3039.511486	0.000336	0.000052	94.469612	5.2
1103	3005.697948	0.000000	0.000052	86.308626	5.1
1104	3321.786780	0.000000	0.000052	97.483153	5.0
1105	3231.891179	0.000000	0.000052	107.525920	4.5
1106	3027.780856	0.000000	0.000052	104.051087	5.3
1107	3051.019092	0.000000	0.000052	112.583965	5.5
1108	3205.253620	0.000000	0.000052	82.052206	5.3
1109	3134.548926	0.000000	0.000052	113.150977	5.3
1110	3039.204680	0.000000	0.000052	87.573119	5.2
1111	3111.760860	0.000000	0.000052	143.011919	4.0
1112	3204.273241	0.000000	0.000052	147.737106	4.2
1113	3135.780316	0.000000	0.000052	123.660746	4.0
1114	3007.123746	0.000000	0.000052	91.395145	3.6
1115	3110.701858	0.000000	0.000052	89.760909	4.0
1116	3088.503396	0.000000	0.000052	131.224070	3.4
1117	3014.442903	0.000000	0.000052	105.814941	3.4
1118	2967.884664	0.000000	0.000052	99.238376	3.4
1119	3235.832264	0.000000	0.000052	101.156992	5.5
1120	3099.165090	0.000000	0.000052	89.869143	5.2
1121	3076.547036	0.000000	0.000052	116.610235	5.0
1122	3133.792005	0.000000	0.000052	91.824257	4.9
1123	3124.659006	0.000000	0.000052	120.690418	4.2
1124	3079.525704	0.000000	0.000052	150.642136	5.7
1125	2933.997046	0.000000	0.000052	103.916182	5.1
1126	3213.182103	0.000000	0.000052	115.150513	5.0
1127	3114.502920	0.000000	0.000052	110.277621	4.9
1128	3115.096776	0.000000	0.000052	100.044848	5.1
1129	3045.771378	0.000000	0.000052	129.785600	5.3
1130	3144.716328	0.000000	0.000052	95.026369	4.0
1131	3178.796553	0.000000	0.000052	111.331772	4.2
1132	3190.514430	0.000000	0.000052	94.537585	4.3
1133	3145.769891	0.000000	0.000052	127.759271	4.3
1134	3072.819325	0.000000	0.000052	91.563930	3.8
1135	3107.025189	0.000000	0.000052	123.260435	4.0
1136	3215.249601	0.000000	0.000052	122.538970	3.8
1137	3062.045285	0.000000	0.000052	110.470685	3.8
1138	3164.346718	0.000000	0.000052	96.482840	3.7
1139	3071.762578	0.000000	0.000052	96.090386	3.7
1140	3088.401966	0.000000	0.000052	96.171485	3.5
1141	3040.344252	0.000000	0.000052	90.893519	3.4
1142	3126.361892	0.000000	0.000052	97.661962	3.4
1143	3136.941546	0.000000	0.000052	188.686206	3.4
1144	2953.525459	0.000000	0.000052	96.187260	3.5
1145	3203.094104	0.000000	0.000052	125.227710	3.5
1146	3146.724012	0.000000	0.000052	103.451799	3.4
1147	3029.801346	0.000000	0.000052	85.348683	3.3
1148	3023.457977	0.000000	0.000052	147.356450	3.2
1149	3019.634286	0.000000	0.000052	98.197434	3.2
1150	3199.062417	0.000000	0.000052	111.359827	3.2
1151	3047.673878	0.000000	0.000052	90.223939	3.3
1152	3210.003264	0.000000	0.000052	117.461216	3.1
1153	3141.243980	0.000000	0.000052	122.193229	3.1
1154	2923.517988	0.000000	0.000052	100.697973	3.0
1155	3061.057798	0.000000	0.000052	85.734954	3.0
1156	2981.306354	0.000000	0.000052	108.017802	3.0
1157	3157.517884	0.000000	0.000052	109.292970	2.8
1158	3076.180859	0.000000	0.000052	88.201155	2.9
1159	2979.696073	0.000000	0.000052	85.915857	2.8
1160	3048.461810	0.000000	0.000052	118.625797	2.8
1161	2988.624695	0.000000	0.000052	76.809291	2.7
1162	3109.990319	0.000000	0.000052	92.047336	2.8
1163	3171.292479	0.000000	0.000052	81.947218	2.8
1164	2925.259239	0.000000	0.000052	81.778476	2.9
1165	3300.333602	0.000000	0.000052	146.544767	2.9
1166	3064.407617	0.000000	0.000052	121.440635	3.0
1167	2969.365638	0.000491	0.000052	95.591378	2.7
1168	3131.763685	0.000073	0.000052	101.518491	2.6
1169	3057.157171	0.000000	0.000052	113.219083	2.6
1170	3203.297660	0.000000	0.000052	146.854366	2.7
1171	2997.983774	0.000000	0.000052	88.429815	2.6
1172	3123.360299	0.000000	0.000052	124.905399	2.3
1173	3120.310770	0.000000	0.000052	92.733290	2.4
1174	3273.881784	0.000000	0.000052	97.696021	2.4
1175	3012.800249	0.000000	0.000052	108.405613	2.5
1176	3141.225168	0.000000	0.000052	155.086649	2.8
1177	3104.986484	0.000000	0.000052	88.751599	2.5
1178	3106.336220	0.000000	0.000052	126.469791	2.5
1179	2986.609289	0.000000	0.000052	140.183331	2.5
1180	3184.552370	0.000000	0.000052	162.361393	4.4
1181	2937.768171	0.000734	0.000052	97.945539	2.7
1182	3058.660780	0.000000	0.000052	89.456206	3.0
1183	2925.424444	0.000000	0.000052	111.056404	3.1
1184	3032.228762	0.000000	0.000052	117.506385	3.4
1185	3063.637554	0.000000	0.000052	92.635915	2.6
1186	2930.565020	0.000000	0.000052	107.052437	2.5
1187	3120.983574	0.000000	0.000052	129.818263	2.6
1188	3114.045149	0.000000	0.000052	114.712041	2.8
1189	3109.121198	0.000000	0.000052	97.598153	2.4
1190	3010.938828	0.000000	0.000052	84.456794	2.3
1191	3021.984468	0.000000	0.000052	108.904175	2.3
1192	3087.476734	0.000000	0.000052	94.624861	5.8
1193	2998.226845	0.000000	0.000052	78.245514	5.0
1194	3029.290682	0.000000	0.000052	80.565029	4.7
1195	3128.584537	0.000000	0.000052	106.876936	4.8
1196	3248.254215	0.000000	0.000052	94.589046	4.5
1197	3164.236163	0.000000	0.000052	85.450875	3.5
1198	3080.917256	0.000000	0.000052	86.124126	3.3
1199	3063.842024	0.000000	0.000052	140.569182	3.3
1200	3027.251285	0.000000	0.000052	115.729065	5.2
1201	3154.780177	0.000000	0.000052	128.701985	4.9
1202	3187.858795	0.000284	0.000052	160.981472	2.9
1203	3182.181313	0.001106	0.000052	92.170783	2.4
1204	3086.673060	0.000518	0.000052	81.236769	2.4
1205	3241.047310	0.000000	0.000052	99.511353	4.6
1206	3050.811856	0.000000	0.000052	92.548711	3.0
1207	2996.679869	0.000000	0.000052	74.705142	2.7
1208	2951.900055	0.000000	0.000052	82.162655	3.0
1209	3064.242337	0.000000	0.000052	82.417362	4.6
1210	2799.345021	0.000000	0.000052	82.999830	5.3
1211	3023.907700	0.000000	0.000052	85.725913	5.2
1212	3003.475552	0.000000	0.000052	103.056331	4.1
1213	3102.031401	0.000000	0.000052	103.350701	5.0
1214	3033.896160	0.000000	0.000052	217.708887	4.5
1215	2888.717824	0.000118	0.000052	80.216940	4.9
1216	3129.327637	0.000000	0.000052	107.444583	4.2
1217	3045.552439	0.000000	0.000052	105.175277	5.1
1218	2831.367946	0.000000	0.000052	94.610795	4.2
1219	2988.465298	0.000000	0.000052	93.721384	3.9
1220	3161.413557	0.000000	0.000052	150.239414	4.1
1221	3058.940399	0.000000	0.000052	112.466252	5.1
1222	3032.980588	0.000000	0.000052	119.731482	3.4
1223	3133.654483	0.000000	0.000052	94.243803	5.0
1224	3007.017068	0.000000	0.000052	95.377871	4.6
1225	3102.732797	0.000000	0.000052	134.868188	4.0
1226	3128.042325	0.000000	0.000052	105.140352	3.4
1227	3073.512615	0.000000	0.000052	84.488876	3.3
1228	2997.492717	0.000000	0.000052	145.832472	3.3
1229	3051.553068	0.000000	0.000052	138.820235	2.9
1230	2993.206144	0.000379	0.000052	92.794086	2.8
1231	2913.944294	0.000506	0.000052	125.398849	2.8
1232	3059.772629	0.000004	0.000052	127.961019	2.9
1233	3100.363212	0.000209	0.000052	147.654164	2.9
1234	3086.553894	0.000606	0.000052	131.772594	2.9
1235	3011.368973	0.001535	0.000052	161.819131	3.1
1236	3057.425671	0.000000	0.000052	95.655016	3.0
1237	2954.731374	0.000175	0.000052	92.803811	4.8
1238	3104.280193	0.000000	0.000052	107.547157	4.7
1239	3049.916009	0.000000	0.000052	95.741027	4.8
1240	3104.473987	0.000000	0.000052	83.266658	4.2
1241	3085.671637	0.000000	0.000052	77.958821	3.7
1242	3042.007222	0.000000	0.000052	118.165144	3.8
1243	3201.779120	0.000000	0.000052	90.187967	5.2
1244	2892.429463	0.000000	0.000052	126.657023	4.4
1245	3221.348384	0.000000	0.000052	87.272525	3.6
1246	2981.355989	0.000000	0.000052	96.172991	3.5
1247	2897.148828	0.000000	0.000052	106.330923	3.8
1248	3103.245555	0.000000	0.000052	86.486876	3.8
1249	2915.031018	0.000000	0.000052	89.004089	2.9
1250	3036.119723	0.000000	0.000052	131.717208	5.4
1251	2797.799420	0.000000	0.000052	79.599493	5.2
1252	3005.295213	0.000000	0.000052	89.503559	5.1
1253	3019.617076	0.000000	0.000052	92.000878	5.1
1254	2945.825828	0.000000	0.000052	151.456606	5.9
1255	2968.421166	0.000000	0.000052	95.378276	5.1
1256	3033.870499	0.000211	0.000052	83.725379	4.3
1257	3058.759758	0.000000	0.000052	74.892741	4.3
1258	3036.893427	0.000000	0.000052	134.773032	4.4
1259	3030.166117	0.000000	0.000052	115.455241	3.5
1260	3049.566246	0.000000	0.000052	103.581404	3.4
1261	3051.837813	0.000171	0.000052	84.223168	3.6
1262	2899.836353	0.000000	0.000052	105.201456	5.3
1263	3007.983513	0.000000	0.000052	96.662158	5.4
1264	3052.638809	0.000000	0.000052	130.537911	5.4
1265	2922.435641	0.000000	0.000052	88.319368	5.1
1266	3163.531409	0.000000	0.000052	96.355321	5.1
1267	3081.100514	0.000000	0.000052	86.044820	5.2
1268	3024.457913	0.000000	0.000052	87.936077	5.6
1269	2996.353034	0.000000	0.000052	80.050967	4.4
1270	3147.595518	0.000000	0.000052	99.430365	4.6
1271	2991.393288	0.000000	0.000052	116.317207	4.1
1272	2978.751342	0.000000	0.000052	82.058328	4.0
1273	2969.197064	0.000000	0.000052	104.059958	3.6
1274	2905.417389	0.000000	0.000052	82.347239	3.6
1275	2926.340680	0.000000	0.000052	95.365693	4.0
1276	3058.069933	0.000000	0.000052	79.493787	3.6
1277	3114.124814	0.000000	0.000052	149.880257	3.5
1278	3009.620359	0.000000	0.000052	104.837551	3.4
1279	2976.451246	0.000000	0.000052	78.965647	3.4
1280	3119.973057	0.000000	0.000052	121.431888	3.4
1281	3197.784601	0.000000	0.000052	143.245314	3.6
1282	2930.620808	0.000000	0.000052	98.487358	3.0
1283	3185.486488	0.000000	0.000052	117.378711	4.0
1284	3043.908557	0.000000	0.000052	127.475023	3.0
1285	3233.040984	0.000000	0.000052	99.966397	2.7
1286	2951.325216	0.000000	0.000052	88.199005	3.2
1287	2947.219467	0.000000	0.000052	77.798784	3.4
1288	2987.205191	0.000000	0.000052	98.870451	2.9
1289	2996.254161	0.000000	0.000052	87.387534	2.6
1290	3080.797380	0.000000	0.000052	95.819048	2.5
1291	3029.290488	0.000000	0.000052	89.974039	2.7
1292	2903.338469	0.000000	0.000052	76.888653	4.9
1293	2973.519435	0.000000	0.000052	86.426267	5.2
1294	3002.650368	0.000000	0.000052	97.538115	5.1
1295	3028.815441	0.000000	0.000052	84.761318	5.2
1296	3038.189100	0.000000	0.000052	76.948471	4.3
1297	3137.162774	0.000000	0.000052	104.570001	4.9
1298	2973.411561	0.000000	0.000052	97.462441	5.1
1299	2987.214589	0.000000	0.000052	111.441443	4.9
1300	3093.606190	0.000000	0.000052	131.611622	4.4
1301	3080.615314	0.000000	0.000052	82.121046	4.0
1302	3094.618925	0.000000	0.000052	88.147984	4.0
1303	3166.803337	0.000000	0.000052	105.099047	3.5
1304	3029.901206	0.000000	0.000052	86.255584	3.4
1305	2903.658484	0.000000	0.000052	94.350347	3.5
1306	2952.138495	0.000000	0.000052	101.508322	5.2
1307	3005.949394	0.000000	0.000052	134.342560	5.2
1308	3016.487765	0.000303	0.000052	125.439406	5.0
1309	2972.546502	0.000000	0.000052	119.336329	4.9
1310	3023.601329	0.000000	0.000052	102.619481	3.9
1311	3130.387529	0.000000	0.000052	99.951341	3.9
1312	2956.444529	0.000000	0.000052	82.555037	3.7
1313	2965.545633	0.000000	0.000052	138.035650	3.6
1314	3059.758872	0.000000	0.000052	86.869211	3.5
1315	2971.657573	0.000000	0.000052	113.417560	3.2
1316	2988.500247	0.000000	0.000052	112.042946	3.2
1317	2910.862547	0.000000	0.000052	78.352321	3.2
1318	3064.268322	0.000000	0.000052	94.703430	3.5
1319	2999.363965	0.000000	0.000052	128.782714	5.0
1320	2876.744437	0.000000	0.000052	102.292997	4.9
1321	2881.495485	0.000000	0.000052	94.221024	4.7
1322	3036.780099	0.000000	0.000052	73.936230	4.5
1323	2993.990420	0.000000	0.000052	77.463707	4.0
1324	3056.048901	0.000000	0.000052	96.217257	3.8
1325	2990.891554	0.000000	0.000052	93.013751	3.8
1326	3027.982295	0.000000	0.000052	75.394464	3.9
1327	2922.132801	0.000000	0.000052	113.324139	3.7
1328	3151.289622	0.000000	0.000052	120.951112	3.1
1329	2918.653284	0.000000	0.000052	94.598121	3.3
1330	2874.531419	0.000336	0.000052	94.293242	3.2
1331	2883.817601	0.000000	0.000052	92.564697	3.2
1332	3082.169155	0.000000	0.000052	102.898193	3.4
1333	3113.823223	0.000000	0.000052	97.195204	3.5
1334	3020.990303	0.000000	0.000052	73.379895	3.1
1335	3040.671801	0.000000	0.000052	145.763751	3.1
1336	2865.506105	0.000000	0.000052	76.713525	3.2
1337	3027.397547	0.000000	0.000052	77.595883	3.1
1338	3090.887023	0.000000	0.000052	104.193176	3.1
1339	3081.935884	0.000000	0.000052	139.086607	5.2
1340	3008.266013	0.000000	0.000052	91.213008	5.1
1341	3158.120171	0.000000	0.000052	84.505548	4.9
1342	3013.972531	0.000000	0.000052	101.420572	4.8
1343	3060.671496	0.000000	0.000052	74.376124	5.1
1344	2914.380579	0.000000	0.000052	123.241523	5.1
1345	2929.801890	0.000000	0.000052	74.529407	4.8
1346	3207.830681	0.000000	0.000052	88.692874	4.0
1347	2905.411246	0.000000	0.000052	113.048689	4.0
1348	3149.207741	0.000000	0.000052	102.579031	3.6
1349	3002.281528	0.000132	0.000052	113.129926	3.5
1350	2931.083677	0.000000	0.000052	75.965707	3.4
1351	3038.762164	0.000000	0.000052	99.572657	3.3
1352	3017.830003	0.000000	0.000052	102.260258	5.2
1353	3120.557344	0.000000	0.000052	92.349795	4.9
1354	3062.446282	0.000000	0.000052	109.888248	3.9
1355	3011.923286	0.000000	0.000052	88.735801	4.1
1356	2984.727177	0.000000	0.000052	78.307000	4.4
1357	2912.747710	0.000000	0.000052	107.492063	4.4
1358	3028.635987	0.000000	0.000052	104.637271	3.6
1359	3076.989308	0.000000	0.000052	77.002453	3.5
1360	2973.735624	0.000000	0.000052	98.897979	3.6
1361	2954.809462	0.000000	0.000052	88.465802	5.3
1362	3173.595441	0.000000	0.000052	201.126125	3.1
1363	3144.986249	0.000000	0.000052	94.048803	2.7
1364	3060.387539	0.000000	0.000052	82.580212	2.7
1365	3022.241101	0.000000	0.000052	118.716648	3.7
1366	2894.417348	0.000000	0.000052	94.921776	2.6
1367	3174.521466	0.000000	0.000052	88.384195	2.7
1368	3076.535242	0.000000	0.000052	116.060868	2.7
1369	2962.402168	0.000000	0.000052	70.831752	4.8
1370	3053.161684	0.000000	0.000052	91.626261	4.9
1371	3013.646245	0.000000	0.000052	106.112229	4.8
1372	2947.741723	0.000000	0.000052	96.109898	3.8
1373	2987.185015	0.000000	0.000052	82.494624	3.7
1374	2965.740449	0.000000	0.000052	109.204092	5.8
1375	3037.095603	0.000000	0.000052	99.299121	4.2
1376	2980.715413	0.000000	0.000052	101.424856	4.1
1377	2977.020783	0.000000	0.000052	94.206076	4.1
1378	2975.505404	0.000000	0.000052	108.451100	5.0
1379	3028.112779	0.000000	0.000052	112.167856	3.7
1380	2948.893254	0.000000	0.000052	107.032254	3.7
1381	3140.626618	0.000000	0.000052	85.957041	3.9
1382	3067.077375	0.000000	0.000052	121.046462	4.0
1383	3069.992759	0.000000	0.000052	102.920301	5.5
1384	3088.519509	0.000000	0.000052	131.681642	5.2
1385	2963.229325	0.000000	0.000052	139.825980	4.9
1386	2981.361240	0.000000	0.000052	80.663566	5.5
1387	3044.849277	0.000000	0.000052	154.173778	5.9
1388	2946.039573	0.000000	0.000052	69.661189	5.6
1389	2928.432616	0.000000	0.000052	73.091516	5.2
1390	3077.728785	0.000000	0.000052	82.650554	5.1
1391	3043.078559	0.000000	0.000052	74.420826	5.6
1392	3072.588143	0.000000	0.000052	144.990309	5.8
1393	3030.610099	0.000000	0.000052	83.715640	4.5
1394	3192.321518	0.000000	0.000052	104.742093	4.7
1395	3031.458813	0.000000	0.000052	83.552901	3.8
1396	2905.473726	0.000000	0.000052	76.981432	3.7
1397	2934.237786	0.000000	0.000052	116.153867	3.7
1398	2958.774961	0.000000	0.000052	123.010929	3.7
1399	3095.142019	0.000491	0.000052	118.667613	3.7
1400	2942.219032	0.000000	0.000052	86.470893	4.9
1401	3113.619735	0.000000	0.000052	121.001191	4.7
1402	3010.064515	0.000000	0.000052	99.058626	3.5
1403	3081.837120	0.000000	0.000052	91.830204	3.5
1404	2989.251373	0.000000	0.000052	122.125733	3.4
1405	2959.672555	0.000000	0.000052	79.301324	2.9
1406	3068.866593	0.000000	0.000052	106.201185	2.8
1407	2958.001687	0.000000	0.000052	175.318181	2.8
1408	3015.935727	0.001338	0.000052	160.845987	2.8
1409	2971.756407	0.000000	0.000052	90.379017	2.8
1410	3014.291239	0.000137	0.000052	129.761601	2.8
1411	3046.487989	0.000000	0.000052	84.265144	3.0
1412	3096.061223	0.000000	0.000052	127.269093	4.8
1413	2937.087427	0.000000	0.000052	136.806629	5.0
1414	2910.146056	0.000000	0.000052	91.935511	4.0
1415	3012.374317	0.000070	0.000052	85.929908	3.9
1416	2912.634005	0.000000	0.000052	103.020367	3.9
1417	3139.527437	0.000000	0.000052	99.982002	3.6
1418	2993.012767	0.000000	0.000052	102.204665	3.5
1419	3002.701340	0.000000	0.000052	140.271115	3.4
1420	2993.889348	0.000000	0.000052	111.327278	3.3
1421	3005.666364	0.000848	0.000052	73.543945	3.3
1422	2950.036725	0.000602	0.000052	67.817883	4.1
1423	3086.239762	0.000000	0.000052	77.673325	3.6
1424	3028.081357	0.000000	0.000052	126.310021	3.8
1425	2915.454442	0.000000	0.000052	143.470517	3.3
1426	3012.292177	0.000000	0.000052	79.156292	3.4
1427	3146.771727	0.000000	0.000052	88.076244	3.3
1428	3005.208339	0.000000	0.000052	135.927469	3.0
1429	2956.609679	0.000000	0.000052	136.593934	3.1
1430	2927.698681	0.000000	0.000052	79.317088	3.4
1431	3032.950228	0.000000	0.000052	98.579202	3.1
1432	3123.852235	0.000000	0.000052	161.668519	3.3
1433	2960.956015	0.000000	0.000052	76.185549	3.0
1434	2950.139956	0.000000	0.000052	114.554705	4.4
1435	3004.505129	0.000000	0.000052	94.917770	3.1
1436	3134.924903	0.000097	0.000052	115.569636	3.1
1437	2930.030063	0.000000	0.000052	92.886362	3.3
1438	2923.846771	0.000211	0.000052	98.377231	3.1
1439	2991.373122	0.000225	0.000052	77.152144	3.0
1440	3016.629548	0.000000	0.000052	86.410153	3.1
1441	3001.663397	0.000000	0.000052	81.915257	3.3
1442	3029.289825	0.000000	0.000052	84.910287	3.4
1443	3057.625769	0.000000	0.000052	77.868994	3.4
1444	2868.895929	0.000000	0.000052	142.225256	3.4
1445	2907.910962	0.000000	0.000052	121.861125	3.2
1446	2967.145912	0.001068	0.000052	81.267372	3.6
1447	2969.499964	0.000463	0.000052	78.611199	3.6
1448	2932.873726	0.000000	0.000052	113.168989	3.3
1449	2984.203858	0.000000	0.000052	150.619500	2.9
1450	2958.952299	0.000381	0.000052	78.114670	2.7
1451	3037.511546	0.000000	0.000052	132.625377	2.7
1452	3051.981239	0.000000	0.000052	77.292683	3.3
1453	2830.254869	0.000000	0.000052	69.066654	5.2
1454	3032.765365	0.000000	0.000052	124.391709	2.5
1455	2948.356230	0.000000	0.000052	129.111599	2.5
1456	2810.785516	0.000000	0.000052	108.761263	3.0
1457	3083.469429	0.000000	0.000052	63.150875	3.2
1458	2956.101718	0.000000	0.000052	63.969493	2.9
1459	2875.066077	0.000000	0.000052	74.969702	3.0
1460	3028.307987	0.000000	0.000052	94.498395	2.9
1461	2945.427547	0.000000	0.000052	68.259926	3.0
1462	2999.089276	0.000000	0.000052	93.410411	3.5
1463	2854.760617	0.000000	0.000052	91.732823	3.3
1464	2918.129686	0.000000	0.000052	105.965324	3.3
1465	3106.922680	0.000000	0.000052	122.443163	3.4
1466	3177.051673	0.000000	0.000052	104.708551	3.1
1467	2939.370041	0.000106	0.000052	75.848148	3.2
1468	2905.346136	0.000000	0.000052	83.530212	3.6
1469	2886.103555	0.000000	0.000052	109.388182	3.3
1470	3072.475790	0.000000	0.000052	74.509242	3.3
1471	2977.234835	0.000000	0.000052	87.114477	3.2
1472	3006.295172	0.000000	0.000052	110.743540	3.3
1473	3075.899835	0.000000	0.000052	148.599131	5.3
1474	3042.025654	0.000000	0.000052	79.703324	2.9
1475	2988.906792	0.000000	0.000052	123.760594	2.6
1476	2892.078976	0.000000	0.000052	99.890410	2.6
1477	3101.279556	0.000000	0.000052	92.319684	2.5
1478	2951.321470	0.000000	0.000052	86.605943	2.6
1479	3046.418708	0.000000	0.000052	114.885026	2.6
1480	2879.799046	0.000000	0.000052	83.166525	2.5
1481	2936.341261	0.000000	0.000052	87.630127	2.7
1482	3016.553441	0.000000	0.000052	80.579203	2.7
1483	3023.838179	0.000000	0.000052	80.980184	2.7
1484	2919.903250	0.000000	0.000052	79.301389	5.1
1485	3082.311215	0.000000	0.000052	80.661650	3.6
1486	2930.874294	0.000000	0.000052	86.494614	5.1
1487	3090.983201	0.000000	0.000052	70.386263	4.7
1488	2849.705640	0.000000	0.000052	65.849171	3.5
1489	2947.406776	0.000000	0.000052	169.171546	3.9
1490	3081.359748	0.000000	0.000052	115.997712	3.9
1491	2928.710303	0.000000	0.000052	70.694254	3.9
1492	2830.430793	0.000000	0.000052	87.206563	4.1
1493	2844.764907	0.000000	0.000052	76.369176	5.4
1494	2978.131276	0.000000	0.000052	85.201585	5.3
1495	2838.281793	0.000000	0.000052	73.879811	5.2
1496	2989.156720	0.000000	0.000052	101.947325	4.7
1497	2911.807735	0.000000	0.000052	160.747035	4.8
1498	2923.951759	0.000000	0.000052	100.724539	5.0
1499	2953.680522	0.000533	0.000052	97.499542	5.1
1500	3033.684232	0.000708	0.000052	82.529940	5.5
1501	3157.537390	0.000276	0.000052	89.054422	5.4
1502	3003.652793	0.000000	0.000052	87.533216	6.1
1503	3092.536238	0.000000	0.000052	95.753525	5.1
1504	2957.416211	0.000000	0.000052	120.045021	4.9
1505	2996.418474	0.000000	0.000052	85.079536	4.7
1506	3104.927333	0.000000	0.000052	86.897291	4.1
1507	3076.857951	0.000000	0.000052	80.550155	3.5
1508	2894.062557	0.000000	0.000052	80.986789	3.4
1509	2903.433566	0.000000	0.000052	138.405599	5.2
1510	3000.019216	0.000000	0.000052	128.700892	5.2
1511	2932.799919	0.001370	0.000052	95.212500	5.0
1512	3158.081182	0.001802	0.000052	95.920658	5.5
1513	2988.364576	0.001506	0.000052	100.658602	5.3
1514	3054.170307	0.001065	0.000052	87.413730	5.3
1515	3052.204105	0.000940	0.000052	113.379520	5.2
1516	3090.770175	0.000682	0.000052	109.247631	4.1
1517	2933.488583	0.000392	0.000052	110.024152	5.6
1518	3135.656324	0.000000	0.000052	96.013102	5.4
1519	2999.827241	0.000000	0.000052	123.111086	5.6
1520	2931.002905	0.000000	0.000052	75.347457	5.6
1521	2994.538050	0.000261	0.000052	163.660011	5.4
1522	3021.134402	0.000000	0.000052	70.811971	4.3
1523	3073.043551	0.000000	0.000052	78.416211	4.4
1524	3057.488350	0.000000	0.000052	130.464728	5.5
1525	2985.303625	0.000000	0.000052	96.952816	4.1
1526	2913.416935	0.000000	0.000052	86.475607	4.3
1527	3034.069767	0.000000	0.000052	100.445257	4.1
1528	3049.447002	0.000000	0.000052	80.522812	4.1
1529	2985.394580	0.000000	0.000052	104.777793	5.4
1530	3040.798781	0.000000	0.000052	83.967516	5.1
1531	3051.416702	0.000000	0.000052	72.947991	5.3
1532	2957.396097	0.000000	0.000052	67.462284	4.4
1533	3035.595587	0.000000	0.000052	109.540208	4.4
1534	2874.522114	0.000000	0.000052	91.002198	5.5
1535	2969.388682	0.000000	0.000052	76.830337	5.3
1536	3054.373601	0.000000	0.000052	64.151347	5.7
1537	3005.163497	0.000000	0.000052	121.369501	5.7
1538	2948.737393	0.000000	0.000052	133.610602	4.7
1539	2907.474852	0.000000	0.000052	87.680909	4.5
1540	2975.698145	0.000428	0.000052	104.683197	5.3
1541	2920.504360	0.000000	0.000052	80.111399	5.4
1542	3013.754325	0.000000	0.000052	85.824293	4.6
1543	3053.511319	0.000000	0.000052	75.751401	5.4
1544	2969.652723	0.000000	0.000052	157.258459	5.7
1545	2906.638134	0.000000	0.000052	118.886139	5.5
1546	2925.818623	0.000795	0.000052	105.546245	4.5
1547	3007.168615	0.001154	0.000052	68.632228	4.9
1548	2884.375863	0.000572	0.000052	70.066043	5.3
1549	2982.905234	0.000000	0.000052	84.394419	5.3
1550	2945.807643	0.000000	0.000052	95.535382	4.1
1551	2837.823655	0.000000	0.000052	83.875542	4.1
1552	3041.787535	0.000000	0.000052	140.926642	3.9
1553	2906.420245	0.000000	0.000052	127.875310	3.7
1554	3064.070899	0.001745	0.000052	77.629825	4.9
1555	2873.991688	0.001215	0.000052	79.440495	3.7
1556	2983.251045	0.000469	0.000052	91.394331	3.7
1557	3057.434109	0.000000	0.000052	106.261561	3.7
1558	2925.858058	0.000000	0.000052	132.658339	3.6
1559	2873.833621	0.000000	0.000052	87.654632	3.6
1560	2970.112817	0.000000	0.000052	137.497411	2.9
1561	2950.322144	0.000266	0.000052	60.873756	3.0
1562	3085.605140	0.000000	0.000052	71.963370	3.0
1563	2992.886305	0.000000	0.000052	99.765750	3.0
1564	2809.052304	0.000000	0.000052	84.760954	3.1
1565	3056.304989	0.000000	0.000052	72.906586	3.1
1566	2999.189869	0.000000	0.000052	72.414692	3.1
1567	2973.442816	0.000000	0.000052	136.882832	2.9
1568	2938.769994	0.000000	0.000052	86.883961	2.9
1569	2933.487059	0.000000	0.000052	65.251201	2.9
1570	3002.454028	0.000000	0.000052	95.749154	2.9
1571	2876.442944	0.000000	0.000052	70.052509	2.9
1572	2867.114045	0.000000	0.000052	80.713072	2.8
1573	3095.220678	0.000000	0.000052	82.881779	3.0
1574	2834.137392	0.000000	0.000052	74.549449	3.1
1575	2805.292562	0.000000	0.000052	102.756170	3.1
1576	2841.541318	0.000000	0.000052	84.375335	3.1
1577	2900.686898	0.000000	0.000052	93.043899	3.2
1578	2969.890096	0.000000	0.000052	143.405734	3.3
1579	2984.876418	0.000393	0.000052	72.015444	3.2
1580	2940.917568	0.000000	0.000052	84.980185	3.4
1581	2932.826527	0.000000	0.000052	107.648239	3.4
1582	2844.203422	0.000000	0.000052	102.299844	3.5
1583	2854.945158	0.000000	0.000052	75.167190	5.3
1584	2976.114651	0.000000	0.000052	93.793291	5.3
1585	3050.870104	0.000000	0.000052	68.343286	4.7
1586	2945.669125	0.000000	0.000052	83.638078	5.4
1587	2990.353633	0.000000	0.000052	88.527300	5.0
1588	3034.962459	0.000000	0.000052	90.949490	4.2
1589	2923.791611	0.000000	0.000052	75.919308	5.2
1590	2940.449243	0.000000	0.000052	68.767660	4.9
1591	2903.968838	0.000000	0.000052	70.855421	4.3
1592	2889.910113	0.000000	0.000052	60.376313	4.3
1593	2944.468775	0.000000	0.000052	117.308024	3.4
1594	3043.199753	0.000000	0.000052	142.758288	3.7
1595	2937.152786	0.001183	0.000052	61.491678	5.3
1596	2965.771619	0.000671	0.000052	76.277974	3.8
1597	2918.879658	0.000061	0.000052	160.290119	5.5
1598	2985.988325	0.000000	0.000052	75.696994	5.4
1599	2992.951407	0.000000	0.000052	82.353177	5.4
1600	2953.962154	0.000000	0.000052	116.626599	5.3
1601	2983.183750	0.000074	0.000052	65.467871	5.3
1602	2996.759024	0.000000	0.000052	85.052002	5.3
1603	2936.927933	0.000000	0.000052	86.706987	4.3
1604	2987.139930	0.000000	0.000052	82.434121	4.2
1605	3007.259648	0.000000	0.000052	84.624271	4.1
1606	2973.791390	0.000000	0.000052	120.945509	3.6
1607	2955.859317	0.000000	0.000052	97.299450	3.7
1608	2881.654379	0.000262	0.000052	76.267351	3.6
1609	2845.316683	0.000075	0.000052	77.251446	3.5
1610	2807.944421	0.000000	0.000052	53.521203	5.4
1611	2958.784142	0.000000	0.000052	78.668684	5.1
1612	2846.373853	0.000000	0.000052	100.003774	5.2
1613	2782.463107	0.000000	0.000052	80.574753	5.4
1614	2912.764408	0.000000	0.000052	122.032573	5.7
1615	2816.443414	0.000000	0.000052	91.393747	5.9
1616	2957.488059	0.000172	0.000052	98.517791	6.2
1617	2960.039930	0.000223	0.000052	90.322245	5.3
1618	2855.167395	0.000000	0.000052	81.632457	5.1
1619	3036.496717	0.000000	0.000052	129.078286	5.2
1620	2949.591164	0.000219	0.000052	139.825396	4.1
1621	2992.830333	0.000000	0.000052	130.024086	4.1
1622	2846.653210	0.001208	0.000052	108.143936	4.0
1623	2964.064601	0.000360	0.000052	85.141925	4.1
1624	2988.356383	0.000378	0.000052	75.768870	4.0
1625	2960.952095	0.000150	0.000052	77.382969	3.7
1626	2888.462051	0.000000	0.000052	45.600262	4.7
1627	2870.942775	0.000000	0.000052	66.780903	4.1
1628	2905.651260	0.000000	0.000052	92.915993	4.3
1629	2976.026418	0.000000	0.000052	69.480579	3.5
1630	2904.355906	0.000000	0.000052	100.989504	3.4
1631	2985.904722	0.000000	0.000052	83.435698	3.4
1632	2897.160177	0.000000	0.000052	68.011467	4.0
1633	2852.483371	0.000000	0.000052	101.633751	3.8
1634	3050.100984	0.000000	0.000052	133.344245	5.3
1635	2908.009894	0.000000	0.000052	82.845612	5.0
1636	3003.072195	0.000000	0.000052	63.976621	4.7
1637	2945.563116	0.000000	0.000052	71.296281	5.0
1638	2905.342920	0.000000	0.000052	76.705533	5.0
1639	3026.469430	0.000000	0.000052	117.447292	4.7
1640	3074.597305	0.000000	0.000052	72.993909	4.6
1641	2990.314721	0.000000	0.000052	89.386843	3.6
1642	2937.156123	0.000000	0.000052	77.197986	3.8
1643	2881.562354	0.000000	0.000052	96.173044	5.9
1644	2805.848154	0.000000	0.000052	105.501847	5.1
1645	2929.044968	0.000194	0.000052	102.881532	4.6
1646	2921.132290	0.000355	0.000052	74.414463	4.5
1647	2998.882436	0.000000	0.000052	60.392003	4.3
1648	2805.856010	0.000000	0.000052	99.931117	3.6
1649	2971.151127	0.000000	0.000052	113.183317	3.6
1650	2934.247372	0.000546	0.000052	52.629378	3.4
1651	2876.145322	0.000085	0.000052	71.151097	3.4
1652	3010.785844	0.000000	0.000052	84.843609	3.3
1653	2804.080760	0.000000	0.000052	61.484080	3.2
1654	3031.064208	0.000000	0.000052	142.204316	3.1
1655	2916.361787	0.000000	0.000052	148.926205	3.1
1656	2939.961613	0.000000	0.000052	75.011901	3.1
1657	3068.336465	0.000015	0.000052	70.211228	3.0
1658	3008.556928	0.000000	0.000052	103.216777	3.0
1659	2876.840783	0.000000	0.000052	84.259914	3.0
1660	2965.818032	0.000000	0.000052	66.722695	2.9
1661	2933.608118	0.000000	0.000052	76.226202	2.9
1662	2923.831224	0.000000	0.000052	83.911637	3.0
1663	2890.688569	0.000000	0.000052	112.744073	2.9
1664	3020.672356	0.000000	0.000052	79.313118	3.0
1665	2920.448969	0.000000	0.000052	81.385403	2.9
1666	2920.705047	0.000000	0.000052	81.306534	3.0
1667	3028.430919	0.000000	0.000052	139.376921	3.1
1668	2900.909368	0.000052	0.000052	80.971973	3.1
1669	2947.328956	0.000000	0.000052	75.334816	3.2
1670	2898.930010	0.000000	0.000052	125.723581	3.3
1671	2892.909243	0.000000	0.000052	67.875324	3.3
1672	3028.235089	0.000133	0.000052	109.324953	3.3
1673	2824.432058	0.000000	0.000052	92.726237	3.1
1674	2849.998092	0.000176	0.000052	153.795740	3.2
1675	2952.613356	0.000000	0.000052	78.328235	3.1
1676	2875.207186	0.000000	0.000052	57.868808	3.1
1677	2900.215184	0.000000	0.000052	72.554227	3.1
1678	3086.511836	0.000000	0.000052	73.603237	3.0
1679	2972.536600	0.000000	0.000052	70.357926	3.0
1680	3003.678602	0.000000	0.000052	85.858456	3.1
1681	2995.264039	0.000000	0.000052	77.621326	3.0
1682	2787.399910	0.000000	0.000052	65.000923	3.0
1683	3175.748905	0.000000	0.000052	69.309807	3.6
1684	2918.547476	0.000000	0.000052	51.921392	5.1
1685	3024.757528	0.000000	0.000052	73.825870	3.1
1686	3102.679243	0.000000	0.000052	91.706149	3.2
1687	3027.080430	0.000000	0.000052	61.433191	3.2
1688	2983.943147	0.000000	0.000052	55.427089	4.8
1689	3012.171714	0.000000	0.000052	87.350117	3.3
1690	2911.700194	0.000000	0.000052	60.923859	3.1
1691	2986.156208	0.000000	0.000052	60.083597	3.1
1692	2851.902143	0.000000	0.000052	100.285790	3.3
1693	2786.010549	0.000000	0.000052	128.115024	5.2
1694	2915.597375	0.000192	0.000052	69.990061	5.3
1695	2761.484725	0.000000	0.000052	74.631841	5.1
1696	2863.704086	0.000000	0.000052	58.311789	5.0
1697	2858.140828	0.000000	0.000052	99.892046	4.8
1698	3104.571740	0.000000	0.000052	111.413970	4.7
1699	2950.353897	0.000000	0.000052	99.373609	4.3
1700	2917.584512	0.000000	0.000052	67.985697	3.8
1701	2909.729821	0.000000	0.000052	77.677614	3.9
1702	2890.374418	0.000000	0.000052	77.930439	3.6
1703	2883.183824	0.000000	0.000052	108.741900	3.7
1704	2823.023817	0.000000	0.000052	77.417759	5.1
1705	3016.324625	0.000000	0.000052	103.635847	4.9
1706	2985.424104	0.000000	0.000052	110.672227	4.9
1707	2871.966319	0.000000	0.000052	83.249358	3.9
1708	2888.655655	0.000000	0.000052	63.376896	4.0
1709	2994.991786	0.000000	0.000052	65.985732	3.6
1710	2856.521857	0.000000	0.000052	58.668352	3.6
1711	2921.880650	0.000000	0.000052	80.700385	3.5
1712	2906.449590	0.000000	0.000052	108.509565	3.6
1713	2911.661251	0.000000	0.000052	54.655768	3.6
1714	2939.312472	0.000000	0.000052	70.825948	3.5
1715	2889.772305	0.000000	0.000052	102.199330	3.7
1716	3069.010445	0.000000	0.000052	97.839416	3.7
1717	2854.241368	0.000000	0.000052	102.945808	3.7
1718	2864.120075	0.000132	0.000052	115.291179	3.5
1719	2876.501212	0.000000	0.000052	112.688715	3.4
1720	2894.375721	0.000000	0.000052	71.266204	3.3
1721	2788.866681	0.000075	0.000052	87.011343	3.3
1722	3000.072783	0.000000	0.000052	104.819251	3.2
1723	3032.235893	0.000145	0.000052	77.179238	3.2
1724	2850.847797	0.000000	0.000052	90.393064	3.3
1725	3023.832147	0.000000	0.000052	73.516592	3.2
1726	2913.715906	0.000000	0.000052	75.332873	3.2
1727	2897.864637	0.000000	0.000052	112.256033	3.0
1728	2943.008890	0.000000	0.000052	84.376570	3.1
1729	2856.239031	0.000000	0.000052	125.456513	4.9
1730	2803.940745	0.000395	0.000052	73.613839	3.3
1731	2971.670184	0.000000	0.000052	109.925162	3.3
1732	2909.222346	0.000000	0.000052	71.237111	3.5
1733	2965.653842	0.000000	0.000052	56.433668	3.5
1734	2855.428246	0.000000	0.000052	68.321890	3.4
1735	2997.095900	0.000000	0.000052	70.464903	3.5
1736	2884.930268	0.000000	0.000052	67.208295	3.8
1737	3008.985709	0.000000	0.000052	89.672946	3.6
1738	2958.199031	0.000000	0.000052	64.926224	3.8
1739	3023.567884	0.000000	0.000052	83.309930	3.9
1740	2924.412917	0.000000	0.000052	90.308552	3.8
1741	3021.434348	0.000000	0.000052	70.595509	3.9
1742	2952.967356	0.000000	0.000052	104.140118	3.8
1743	2848.241952	0.000000	0.000052	69.919364	3.4
1744	2909.318906	0.000000	0.000052	75.405668	3.4
1745	2906.825118	0.000000	0.000052	84.714017	3.4
1746	2863.689694	0.000000	0.000052	97.919465	3.2
1747	2804.521453	0.000000	0.000052	71.283507	3.1
1748	2893.543467	0.000000	0.000052	120.458196	3.2
1749	2831.235943	0.000000	0.000052	63.347751	3.6
1750	2887.861069	0.000000	0.000052	88.610469	4.1
1751	3002.508378	0.000000	0.000052	79.625954	4.1
1752	3021.475513	0.000000	0.000052	84.730930	3.4
1753	3088.741097	0.000000	0.000052	131.769636	2.7
1754	2989.213125	0.000000	0.000052	59.978291	2.8
1755	2824.732776	0.000000	0.000052	54.571298	2.6
1756	2922.962467	0.000000	0.000052	100.827553	2.5
1757	2960.585223	0.000000	0.000052	75.050894	2.5
1758	2789.156105	0.000000	0.000052	99.665081	2.6
1759	2904.638333	0.000000	0.000052	110.728320	2.6
1760	2920.828415	0.000000	0.000052	53.282366	2.6
1761	2912.051775	0.000000	0.000052	79.741404	2.6
1762	3013.636682	0.000000	0.000052	67.584231	2.6
1763	2946.856684	0.000000	0.000052	64.621937	2.7
1764	2965.057873	0.000000	0.000052	67.294045	2.7
1765	2899.558268	0.000000	0.000052	115.330342	2.8
1766	3053.970242	0.000000	0.000052	84.976851	2.9
1767	2900.654825	0.000000	0.000052	72.675804	3.2
1768	2995.494246	0.000000	0.000052	95.733470	3.0
1769	2852.154697	0.000024	0.000052	71.176045	3.1
1770	3041.082735	0.000000	0.000052	68.167955	3.3
1771	3108.213427	0.000000	0.000052	74.481335	3.3
1772	2964.254086	0.000000	0.000052	75.313657	3.4
1773	2873.523059	0.000000	0.000052	76.966112	3.6
1774	3017.256591	0.000000	0.000052	89.292408	5.1
1775	2859.726815	0.000000	0.000052	93.192558	5.0
1776	3085.045704	0.000198	0.000052	110.396577	5.1
1777	2919.454775	0.000000	0.000052	75.885940	4.0
1778	2912.193604	0.000000	0.000052	179.608774	4.1
1779	2754.617669	0.000000	0.000052	69.747750	4.3
1780	2936.470519	0.000000	0.000052	62.256100	4.4
1781	2948.808220	0.000000	0.000052	79.303203	4.4
1782	2957.990980	0.000000	0.000052	133.231839	3.5
1783	2935.723742	0.000000	0.000052	56.462518	3.4
1784	2979.136211	0.000000	0.000052	84.745534	3.3
1785	2899.033581	0.000000	0.000052	64.242772	3.3
1786	3009.983671	0.000000	0.000052	70.082151	5.2
1787	2911.461538	0.000000	0.000052	83.417681	6.1
1788	2900.304024	0.000000	0.000052	73.288282	5.9
1789	2972.663927	0.000000	0.000052	97.471732	5.0
1790	3056.117448	0.000000	0.000052	122.985650	5.1
1791	2798.636569	0.000512	0.000052	157.250391	5.5
1792	2845.304424	0.000000	0.000052	124.638230	5.7
1793	2985.146849	0.000000	0.000052	76.084953	5.5
1794	2794.041413	0.000349	0.000052	76.556477	5.4
1795	2742.233188	0.000000	0.000052	67.414741	5.2
1796	2905.738049	0.000000	0.000052	90.260627	4.1
1797	3002.273892	0.000000	0.000052	90.837532	4.0
1798	2989.210483	0.000000	0.000052	99.748183	3.6
1799	2979.657977	0.000000	0.000052	51.134800	3.4
1800	2938.685044	0.000000	0.000052	96.822080	3.5
1801	2922.074095	0.000000	0.000052	95.383242	3.4
1802	2846.974400	0.000352	0.000052	106.240928	3.7
1803	2876.068886	0.000000	0.000052	94.758733	2.9
1804	2829.777680	0.000398	0.000052	66.403279	2.9
1805	2916.931462	0.000139	0.000052	69.624054	2.6
1806	2931.616554	0.000000	0.000052	65.612411	3.9
1807	2988.450781	0.000000	0.000052	57.627993	3.3
1808	2984.229971	0.000000	0.000052	106.000759	3.8
1809	2908.625714	0.000000	0.000052	61.230611	3.9
1810	3003.647137	0.000000	0.000052	62.475916	4.1
1811	2808.671517	0.000000	0.000052	64.405165	2.4
1812	2879.509197	0.000000	0.000052	83.061248	2.5
1813	2947.495075	0.000000	0.000052	95.377246	2.4
1814	2913.143438	0.000000	0.000052	63.280707	2.4
1815	2934.880950	0.000000	0.000052	77.665387	2.2
1816	2942.758169	0.000000	0.000052	98.298915	2.3
1817	3020.683286	0.000091	0.000052	66.918543	2.4
1818	2912.118766	0.000000	0.000052	143.314399	2.7
1819	2909.314330	0.000000	0.000052	68.241604	2.8
1820	2927.604009	0.000000	0.000052	86.354149	2.7
1821	2961.738342	0.000000	0.000052	95.715602	2.7
1822	2960.319092	0.000000	0.000052	107.547384	2.8
1823	3010.371840	0.000491	0.000052	184.671575	2.8
1824	2975.365729	0.000000	0.000052	103.059515	2.8
1825	2845.315128	0.000000	0.000052	63.806342	2.9
1826	2906.549778	0.000000	0.000052	59.157739	2.8
1827	2959.774288	0.000000	0.000052	124.181611	2.9
1828	2883.112850	0.000000	0.000052	83.988227	2.8
1829	2992.267021	0.000502	0.000052	104.330159	3.1
1830	2842.134434	0.000991	0.000052	70.671151	4.6
1831	2972.382734	0.000743	0.000052	112.711610	3.2
1832	2895.375524	0.000000	0.000052	70.604177	3.6
1833	3045.852648	0.000000	0.000052	84.858452	3.6
1834	2897.763204	0.000000	0.000052	112.028257	3.6
1835	2921.741988	0.000389	0.000052	74.293845	3.0
1836	2914.907002	0.000345	0.000052	101.409688	3.0
1837	2932.079440	0.000000	0.000052	111.055233	3.0
1838	2931.336824	0.000000	0.000052	78.509286	3.2
1839	2870.759790	0.000000	0.000052	64.753003	3.2
1840	2928.408281	0.000000	0.000052	69.373636	3.1
1841	2912.443021	0.000000	0.000052	112.629643	3.1
1842	2993.815544	0.000000	0.000052	70.452065	3.0
1843	2888.452904	0.000000	0.000052	65.276142	3.2
1844	2960.767090	0.000000	0.000052	67.800740	3.4
1845	3043.781978	0.000000	0.000052	71.036907	3.2
1846	3044.516122	0.000000	0.000052	89.588739	3.2
1847	2839.623043	0.000000	0.000052	104.642027	3.1
1848	2885.022046	0.000000	0.000052	55.789974	3.1
1849	2895.282145	0.000000	0.000052	74.745993	3.1
1850	2855.136486	0.000000	0.000052	64.563763	3.3
1851	2948.892043	0.000000	0.000052	85.674852	3.3
1852	2960.200904	0.000000	0.000052	87.996873	3.3
1853	2961.785496	0.000000	0.000052	99.308933	3.4
1854	3010.896414	0.000000	0.000052	89.944741	3.4
1855	2887.429415	0.000000	0.000052	64.989315	3.7
1856	2929.551357	0.000000	0.000052	87.064706	2.8
1857	2877.323085	0.000000	0.000052	60.257851	2.7
1858	2942.946664	0.000000	0.000052	81.878619	2.7
1859	2817.311929	0.000000	0.000052	109.252578	5.2
1860	2987.443782	0.000000	0.000052	72.640260	2.7
1861	2877.776246	0.000111	0.000052	112.380001	3.7
1862	2899.478805	0.000000	0.000052	60.605415	3.2
1863	2849.635595	0.000000	0.000052	62.354996	3.2
1864	2958.673713	0.000000	0.000052	64.747117	5.0
1865	2861.879784	0.000000	0.000052	121.861946	5.6
1866	2966.894282	0.000000	0.000052	133.430457	5.1
1867	2921.640958	0.000000	0.000052	103.790543	4.3
1868	2959.281946	0.000000	0.000052	102.502492	5.2
1869	2913.289898	0.000078	0.000052	109.694161	5.1
1870	2837.548734	0.000000	0.000052	89.081330	4.9
1871	2711.409180	0.000000	0.000052	41.986483	3.9
1872	2882.798622	0.000000	0.000052	128.983282	3.9
1873	2868.513286	0.000000	0.000052	70.496518	4.0
1874	2847.034025	0.000373	0.000052	94.539316	4.0
1875	2770.806799	0.000545	0.000052	100.735114	4.0
1876	2920.749820	0.001116	0.000052	83.749636	3.3
1877	2919.473830	0.001217	0.000052	93.938474	3.3
1878	2831.812884	0.001724	0.000052	60.779910	3.3
1879	2796.679297	0.001628	0.000052	92.512483	3.2
1880	3017.044257	0.000943	0.000052	98.303847	3.3
1881	2932.284932	0.001156	0.000052	69.713754	3.3
1882	2853.648800	0.001044	0.000052	100.717966	3.3
1883	3000.451316	0.000075	0.000052	65.891305	3.4
1884	2798.542844	0.000000	0.000052	105.153764	3.5
1885	2944.337097	0.000000	0.000052	120.242873	3.5
1886	2899.980966	0.000748	0.000052	88.451398	3.6
1887	2783.186503	0.000000	0.000052	74.813317	3.5
1888	2875.417311	0.000000	0.000052	78.173870	3.4
1889	2762.146997	0.000000	0.000052	106.750527	3.3
1890	2862.125665	0.000023	0.000052	103.034050	3.4
1891	3018.273380	0.001084	0.000052	79.466588	3.5
1892	3090.580048	0.001224	0.000052	56.440035	3.6
1893	2928.249337	0.000627	0.000052	95.781450	3.6
1894	2823.459004	0.000252	0.000052	66.560049	3.6
1895	2915.379974	0.000031	0.000052	66.558911	3.7
1896	2970.575938	0.000000	0.000052	76.864844	3.0
1897	3018.321990	0.000000	0.000052	85.948048	3.0
1898	2887.541178	0.000000	0.000052	56.807972	3.1
1899	2850.753645	0.000000	0.000052	103.408477	3.2
1900	2891.521661	0.000095	0.000052	60.982976	3.2
1901	2782.510084	0.000000	0.000052	91.582794	3.2
1902	2914.918461	0.000000	0.000052	70.463706	3.2
1903	2865.226247	0.000000	0.000052	60.766110	3.0
1904	2821.786710	0.000000	0.000052	107.415094	3.0
1905	2893.281718	0.000064	0.000052	64.629593	3.2
1906	2812.539601	0.000000	0.000052	100.889548	4.8
1907	3020.811914	0.000000	0.000052	50.675546	4.8
1908	3014.830139	0.000000	0.000052	69.425441	3.9
1909	2754.470367	0.000000	0.000052	112.384864	3.9
1910	2864.095615	0.000000	0.000052	73.745750	3.7
1911	2834.695428	0.000000	0.000052	59.230138	4.2
1912	2945.500156	0.000000	0.000052	98.996022	3.5
1913	3024.854177	0.000000	0.000052	70.245482	3.1
1914	3013.647448	0.000000	0.000052	96.494207	3.0
1915	3001.456026	0.000000	0.000052	79.747001	3.0
1916	2766.032497	0.000000	0.000052	64.998185	2.9
1917	2746.388681	0.000000	0.000052	82.674227	3.0
1918	2792.214420	0.000000	0.000052	107.013356	2.8
1919	2902.540280	0.000397	0.000052	78.786128	5.8
1920	3061.690336	0.000000	0.000052	124.272062	2.8
1921	2999.600797	0.000000	0.000052	62.789645	2.6
1922	2881.836000	0.000000	0.000052	110.324427	2.6
1923	3028.060290	0.000002	0.000052	75.281321	2.5
1924	2861.080239	0.000000	0.000052	65.112613	2.5
1925	3013.892505	0.000000	0.000052	82.981215	2.5
1926	2943.967368	0.000000	0.000052	67.713651	2.5
1927	2890.971786	0.000000	0.000052	108.549116	2.6
1928	2902.596173	0.000000	0.000052	106.497618	6.0
1929	2932.585884	0.000000	0.000052	107.988931	3.6
1930	2831.389996	0.000378	0.000052	65.027915	3.2
1931	2746.666678	0.000381	0.000052	117.230229	2.9
1932	2911.464948	0.000592	0.000052	49.557582	2.6
1933	2936.429410	0.000000	0.000052	88.327915	2.4
1934	2956.927766	0.000000	0.000052	67.300301	2.4
1935	3004.413246	0.000000	0.000052	65.624664	2.4
1936	2958.579760	0.000000	0.000052	139.986266	2.4
1937	2959.393779	0.000271	0.000052	96.703374	2.6
1938	3035.502780	0.001435	0.000052	79.010906	2.5
1939	2941.554748	0.000398	0.000052	84.577062	2.5
1940	2885.444283	0.000356	0.000052	99.915105	2.6
1941	2900.379763	0.000733	0.000052	78.765491	2.8
1942	2879.237540	0.001009	0.000052	81.419251	2.8
1943	2828.032163	0.000137	0.000052	96.439930	2.8
1944	2922.893793	0.000000	0.000052	104.818472	3.1
1945	2928.970021	0.000000	0.000052	157.560339	3.1
1946	2862.195814	0.001716	0.000052	155.121356	3.1
1947	2901.221744	0.001129	0.000052	52.725350	3.1
1948	2872.455374	0.000573	0.000052	87.113406	3.2
1949	2919.876911	0.000253	0.000052	76.488229	3.1
1950	2991.772060	0.000000	0.000052	86.025640	3.3
1951	2938.062800	0.000000	0.000052	52.456364	3.5
1952	2907.533272	0.000000	0.000052	117.057746	3.5
1953	2864.248923	0.000000	0.000052	55.271551	3.2
1954	3000.444684	0.000286	0.000052	136.643322	3.2
1955	2921.008591	0.000513	0.000052	114.300044	3.2
1956	2885.765521	0.001828	0.000052	105.121173	3.4
1957	2854.549285	0.002365	0.000052	50.306104	3.4
1958	2878.989265	0.002118	0.000052	83.739925	3.5
1959	2944.098086	0.001576	0.000052	64.156949	3.3
1960	2921.137851	0.001619	0.000052	111.237363	3.4
1961	2914.169885	0.001490	0.000052	74.407829	5.2
1962	2963.228350	0.000730	0.000052	135.559497	6.1
1963	2875.151174	0.000759	0.000052	78.912789	5.4
1964	2815.341148	0.000000	0.000052	85.971534	5.6
1965	2925.010083	0.000061	0.000052	115.843886	4.5
1966	2915.080603	0.000388	0.000052	76.555370	3.8
1967	2867.372023	0.000000	0.000052	53.271231	4.2
1968	2887.439745	0.000000	0.000052	76.981883	3.3
1969	2970.362454	0.000000	0.000052	124.170438	3.4
1970	2787.847607	0.000000	0.000052	105.817700	4.4
1971	2827.174196	0.000627	0.000052	61.522585	3.8
1972	2944.246444	0.000718	0.000052	77.207583	3.8
1973	2770.429418	0.000564	0.000052	63.726517	3.5
1974	2840.634141	0.000000	0.000052	103.368319	3.6
1975	2827.557551	0.000121	0.000052	65.587208	3.4
1976	3025.046637	0.000007	0.000052	113.295306	3.5
1977	2900.961049	0.000000	0.000052	49.155290	5.3
1978	2906.646185	0.000000	0.000052	84.916967	5.3
1979	2936.612027	0.000000	0.000052	148.763378	4.9
1980	2936.283907	0.000280	0.000052	66.624287	5.0
1981	2904.354680	0.000415	0.000052	151.915941	4.2
1982	2887.687472	0.001095	0.000052	86.734451	4.7
1983	2977.608077	0.001079	0.000052	139.596977	4.9
1984	2987.981394	0.001329	0.000052	70.442859	4.4
1985	2979.885737	0.000000	0.000052	91.038105	5.3
1986	2901.286201	0.000270	0.000052	70.311766	5.3
1987	3013.924620	0.000000	0.000052	91.458399	4.9
1988	2865.436157	0.000000	0.000052	101.890456	4.7
1989	2852.996754	0.000000	0.000052	118.446934	4.9
1990	2872.733646	0.000000	0.000052	70.429794	5.6
1991	2969.899098	0.000475	0.000052	84.020871	5.4
1992	2796.693119	0.000000	0.000052	105.895616	5.0
1993	2961.428690	0.000000	0.000052	57.502067	4.8
1994	2853.043789	0.000000	0.000052	74.209211	4.4
1995	2991.698977	0.000000	0.000052	60.741001	3.9
1996	2794.969940	0.000000	0.000052	67.138975	3.8
1997	2846.784331	0.000000	0.000052	86.887306	3.5
1998	2871.345969	0.000000	0.000052	61.600030	3.4
1999	2888.831592	0.000000	0.000052	55.260960	3.4
