1:ItNr	2:Metric	3a:Time	3b:StepSize	4:||Gradient||	Time[ms]
0	152035.288219	0.000000	0.000073	23779.196377	250.0
1	115805.123112	0.000000	0.000073	20016.394625	2.2
2	90584.036614	0.000000	0.000073	16050.974518	2.0
3	71561.354361	0.000000	0.000073	13490.369394	2.1
4	62693.172592	0.000000	0.000073	12235.795600	2.4
5	49778.060487	0.000000	0.000073	10110.616881	2.1
6	42820.711422	0.000000	0.000073	9840.319670	3.1
7	37025.567189	0.000000	0.000073	8640.174666	2.6
8	31518.306422	0.000000	0.000073	7750.043589	3.3
9	28250.227680	0.000000	0.000073	7348.006784	2.8
10	24044.334363	0.000000	0.000073	6774.583984	3.0
11	21336.405534	0.000000	0.000073	6181.605425	2.9
12	18961.471630	0.000000	0.000073	5611.828113	3.3
13	15703.394732	0.000000	0.000073	5037.419456	3.2
14	14632.306235	0.000000	0.000073	4723.905194	2.7
15	13120.463563	0.000000	0.000073	4264.731626	4.8
16	11628.640008	0.000000	0.000073	3740.235457	4.4
17	10400.618321	0.000000	0.000073	3109.829915	4.7
18	9985.540592	0.000000	0.000073	3033.249752	4.2
19	9517.097271	0.000000	0.000073	2713.514081	4.0
20	8646.755858	0.000000	0.000073	2366.573071	3.6
21	8695.845711	0.000000	0.000073	2250.599841	4.3
22	8283.454486	0.000000	0.000073	1947.714857	4.2
23	8097.260756	0.000000	0.000073	1844.757981	3.9
24	7777.110940	0.000000	0.000073	1640.182983	3.5
25	7575.084707	0.000000	0.000073	1437.673950	5.1
26	7137.690378	0.000000	0.000073	1285.260885	6.4
27	7337.248379	0.000000	0.000073	1178.143399	4.3
28	7060.560865	0.000000	0.000073	1125.491584	4.8
29	7073.722297	0.000000	0.000073	1025.979159	4.7
30	7062.593080	0.000000	0.000073	923.430957	4.0
31	7209.035039	0.000000	0.000073	947.259746	5.3
32	7238.573818	0.000000	0.000073	876.467736	3.0
33	6859.315468	0.000000	0.000073	758.683226	3.1
34	6906.702548	0.000000	0.000073	740.715400	3.7
35	6678.126782	0.000000	0.000073	787.482115	3.4
36	6634.368492	0.000000	0.000073	675.670239	7.9
37	6948.281478	0.000000	0.000073	636.623113	3.8
38	6584.733677	0.000000	0.000073	546.695051	3.1
39	6580.973562	0.000000	0.000073	581.689632	3.7
40	6796.861642	0.000000	0.000073	544.419901	4.0
41	6796.653935	0.000000	0.000073	580.989433	5.4
42	6763.738098	0.000000	0.000073	518.923493	4.8
43	6464.787524	0.000000	0.000073	457.533539	6.1
44	6529.174215	0.000000	0.000073	528.694331	5.9
45	6868.370523	0.000000	0.000073	542.055107	5.9
46	6634.838762	0.000000	0.000073	482.153119	5.0
47	6594.429749	0.000000	0.000073	483.583387	6.6
48	6481.421496	0.000000	0.000073	441.898877	4.6
49	6382.199605	0.000000	0.000073	406.322992	6.7
50	6619.538061	0.000000	0.000073	467.891271	5.0
51	6153.569343	0.000000	0.000073	379.282638	5.2
52	6630.733297	0.000000	0.000073	462.109641	4.9
53	6351.086460	0.000000	0.000073	433.185563	5.5
54	6258.264076	0.000000	0.000073	433.570269	3.6
55	6326.187082	0.000000	0.000073	343.082546	5.3
56	6759.790226	0.000000	0.000073	397.600965	6.8
57	6369.399604	0.000000	0.000073	495.166024	4.2
58	6258.833839	0.000000	0.000073	379.260476	4.7
59	6419.971751	0.000000	0.000073	364.604209	5.0
60	6504.793884	0.000000	0.000073	416.295583	4.8
61	6130.262827	0.000000	0.000073	290.993026	4.2
62	6232.971191	0.000000	0.000073	337.131896	3.6
63	6200.920749	0.000000	0.000073	334.116218	3.7
64	6431.493733	0.000000	0.000073	388.754668	3.6
65	6228.531070	0.000000	0.000073	394.471719	5.2
66	6285.673039	0.000000	0.000073	348.979041	6.0
67	6467.754340	0.000000	0.000073	323.824334	4.4
68	6202.193206	0.000000	0.000073	326.386499	4.4
69	6257.934519	0.000000	0.000073	364.275416	4.3
70	6113.797638	0.000000	0.000073	321.865180	4.6
71	6450.480608	0.000000	0.000073	328.617341	4.3
72	6405.040173	0.000000	0.000073	326.808752	3.8
73	6356.633385	0.000000	0.000073	324.085641	4.4
74	6174.520246	0.000000	0.000073	308.198343	5.4
75	6330.056298	0.000000	0.000073	282.563788	4.9
76	6297.409668	0.000000	0.000073	247.028860	4.7
77	6465.169543	0.000000	0.000073	353.927654	5.7
78	6356.503086	0.000000	0.000073	294.482396	4.4
79	6267.632419	0.000000	0.000073	308.308822	5.8
80	6244.729253	0.000000	0.000073	321.617005	4.4
81	6334.527138	0.000000	0.000073	320.588357	4.5
82	6578.926660	0.000000	0.000073	300.918160	4.8
83	6445.223238	0.000000	0.000073	295.115461	4.8
84	6184.237511	0.000000	0.000073	258.763398	3.7
85	6390.564677	0.000000	0.000073	285.183897	3.6
86	5975.763587	0.000000	0.000073	228.703752	4.1
87	6273.834420	0.000000	0.000073	273.852476	4.3
88	6231.229440	0.000000	0.000073	256.821740	6.1
89	6080.976701	0.000000	0.000073	258.370466	4.7
90	6280.299742	0.000000	0.000073	262.741748	3.6
91	6061.452271	0.000000	0.000073	234.671629	4.4
92	6252.661124	0.000000	0.000073	236.355016	6.3
93	6102.080038	0.000000	0.000073	261.423093	3.9
94	6162.902016	0.000000	0.000073	247.125255	3.9
95	6450.662009	0.000000	0.000073	292.541187	3.8
96	6388.643561	0.000000	0.000073	248.010343	3.9
97	6228.762416	0.000000	0.000073	232.666643	3.9
98	6107.834224	0.000000	0.000073	168.793478	3.2
99	6456.301126	0.000000	0.000073	283.226781	3.6
100	6162.978842	0.000000	0.000073	204.590243	3.2
101	6192.476416	0.000000	0.000073	244.232612	3.1
102	6031.861731	0.000000	0.000073	212.497939	4.0
103	6252.459132	0.000000	0.000073	246.085687	3.1
104	6167.242335	0.000000	0.000073	221.335785	6.2
105	6106.298496	0.000000	0.000073	198.555810	3.1
106	6089.413610	0.000000	0.000073	217.743538	4.4
107	5994.108017	0.000000	0.000073	215.975481	5.3
108	6212.525368	0.000000	0.000073	168.216227	5.3
109	6113.578920	0.000000	0.000073	208.100026	5.2
110	6376.294470	0.000000	0.000073	192.264811	5.2
111	6023.173278	0.000000	0.000073	225.267560	3.1
112	6212.048002	0.000000	0.000073	243.737702	2.9
113	6242.193116	0.000000	0.000073	210.095907	2.7
114	6256.355076	0.000000	0.000073	227.706569	2.9
115	6395.771556	0.000000	0.000073	218.885986	4.0
116	6283.633262	0.000000	0.000073	221.502608	2.7
117	6345.401486	0.000000	0.000073	203.633777	4.7
118	6164.112762	0.000000	0.000073	201.627402	4.0
119	5912.691631	0.000000	0.000073	239.347495	3.1
120	6178.652846	0.000000	0.000073	188.803348	6.0
121	6076.063207	0.000000	0.000073	195.314219	6.3
122	6091.786908	0.000000	0.000073	215.638890	3.4
123	6301.595119	0.000000	0.000073	146.092658	3.9
124	6120.524974	0.000000	0.000073	147.446201	5.2
125	5943.908315	0.000000	0.000073	214.030353	4.3
126	6107.258734	0.000000	0.000073	261.864158	3.8
127	6268.014737	0.000000	0.000073	205.643323	5.4
128	6147.160863	0.000000	0.000073	191.548164	4.6
129	6410.917158	0.000000	0.000073	232.402601	6.7
130	6163.853345	0.000000	0.000073	170.617989	5.2
131	6377.031357	0.000000	0.000073	179.942439	2.6
132	5957.156184	0.000000	0.000073	182.925741	3.6
133	6128.153411	0.000000	0.000073	256.778759	6.9
134	6155.498338	0.000000	0.000073	158.205042	4.3
135	6105.121578	0.000000	0.000073	190.397142	4.8
136	6146.432858	0.000000	0.000073	195.840642	5.1
137	6103.735401	0.000000	0.000073	183.445615	3.9
138	6026.703796	0.000000	0.000073	231.732902	4.8
139	6050.735426	0.000000	0.000073	235.758142	4.3
140	6236.411805	0.000000	0.000073	158.661486	5.5
141	6175.438786	0.000000	0.000073	203.856178	3.7
142	5882.025340	0.000000	0.000073	152.227044	3.9
143	6254.103938	0.000000	0.000073	189.483307	7.6
144	6243.468237	0.000000	0.000073	203.197444	6.6
145	6103.837141	0.000000	0.000073	199.764275	5.0
146	6053.814989	0.000000	0.000073	199.375101	5.0
147	5955.790142	0.000000	0.000073	222.161612	7.0
148	6246.275162	0.000000	0.000073	200.502866	5.1
149	6127.156786	0.000000	0.000073	205.030878	5.1
150	6247.856924	0.000000	0.000073	192.350438	3.0
151	6272.734418	0.000000	0.000073	199.075415	3.2
152	6310.080174	0.000000	0.000073	176.054694	4.3
153	5895.628541	0.000000	0.000073	170.960290	5.1
154	6149.361001	0.000000	0.000073	166.848977	3.7
155	6285.907141	0.000000	0.000073	183.921673	5.9
156	6131.803168	0.000000	0.000073	159.328820	4.9
157	6258.710085	0.000000	0.000073	218.209522	3.9
158	6022.206015	0.000000	0.000073	189.950227	4.8
159	5941.819958	0.000000	0.000073	171.097400	4.9
160	6125.973961	0.000000	0.000073	150.039006	5.4
161	5841.482399	0.000000	0.000073	147.073121	5.1
162	6480.967608	0.000000	0.000073	198.280878	4.0
163	6010.422653	0.000000	0.000073	237.483981	4.2
164	6002.672664	0.000000	0.000073	141.195972	5.4
165	6355.188240	0.000000	0.000073	174.313442	3.8
166	5838.445985	0.000000	0.000073	119.329487	4.8
167	6304.960554	0.000000	0.000073	212.208817	2.7
168	6347.582000	0.000000	0.000073	169.964345	3.2
169	6022.840841	0.000000	0.000073	151.943075	3.5
170	6056.252474	0.000000	0.000073	161.649738	5.6
171	6066.845992	0.000000	0.000073	148.182475	5.4
172	6074.848542	0.000000	0.000073	135.303576	5.4
173	6267.634177	0.000000	0.000073	259.149141	5.0
174	6173.629700	0.000000	0.000073	180.194263	5.4
175	6353.216314	0.000000	0.000073	210.329701	5.9
176	6080.283649	0.000000	0.000073	165.184281	4.9
177	6277.198584	0.000000	0.000073	137.996375	4.7
178	5734.421607	0.000000	0.000073	109.789130	4.2
179	6059.407597	0.000000	0.000073	127.134762	5.1
180	6141.287282	0.000000	0.000073	153.712178	4.8
181	6337.160104	0.000000	0.000073	287.497309	3.1
182	6022.254358	0.000000	0.000073	160.349934	3.3
183	6310.410253	0.000000	0.000073	140.685404	4.8
184	6143.453043	0.000000	0.000073	151.755095	5.2
185	6107.097450	0.000000	0.000073	161.831509	5.6
186	6202.709208	0.000000	0.000073	183.205646	5.4
187	6198.512559	0.000000	0.000073	208.890876	6.2
188	6120.050027	0.000000	0.000073	133.562836	5.1
189	6074.634564	0.000000	0.000073	132.494176	4.1
190	6012.001996	0.000000	0.000073	131.435376	4.7
191	6259.805014	0.000000	0.000073	165.763855	5.6
192	6114.309076	0.000000	0.000073	174.467576	4.1
193	6070.478008	0.000000	0.000073	157.559161	5.3
194	6166.369862	0.000000	0.000073	143.205861	6.2
195	6064.289201	0.000000	0.000073	188.220885	5.7
196	6092.563759	0.000000	0.000073	172.384025	4.1
197	6172.576957	0.000000	0.000073	218.218057	4.0
198	6053.499011	0.000000	0.000073	130.452939	4.2
199	6219.836431	0.000000	0.000073	144.639365	4.2
200	5979.797291	0.000000	0.000073	155.723077	4.1
201	6371.942496	0.000000	0.000073	153.200984	5.1
202	6116.716651	0.000000	0.000073	158.952549	3.2
203	6009.570234	0.000000	0.000073	185.990590	3.1
204	6180.216852	0.000000	0.000073	202.712015	5.0
205	6399.527917	0.000000	0.000073	185.557644	3.4
206	6128.245906	0.000000	0.000073	161.257028	3.5
207	6175.263308	0.000000	0.000073	148.020100	3.9
208	6031.816415	0.000000	0.000073	169.481294	4.5
209	5973.938141	0.000000	0.000073	139.235404	6.5
210	5880.249065	0.000000	0.000073	170.329350	7.0
211	6028.961218	0.000000	0.000073	155.031343	5.3
212	6020.884153	0.000000	0.000073	201.217542	5.4
213	5909.028006	0.000000	0.000073	110.405139	5.5
214	5951.277454	0.000000	0.000073	191.833439	6.1
215	6136.230123	0.000000	0.000073	120.057928	4.2
216	5980.487077	0.000000	0.000073	138.041875	4.1
217	6013.604510	0.000000	0.000073	168.398381	3.8
218	6117.461983	0.000000	0.000073	158.473979	4.0
219	6178.993677	0.000000	0.000073	163.275281	6.3
220	6200.465454	0.000000	0.000073	129.269614	4.9
221	6035.784879	0.000000	0.000073	138.873358	4.2
222	6262.615995	0.000000	0.000073	156.892486	4.9
223	6205.254101	0.000000	0.000073	216.312526	5.2
224	5888.622808	0.000000	0.000073	151.782207	5.7
225	6112.857928	0.000000	0.000073	147.520978	4.1
226	6263.200064	0.000000	0.000073	189.900866	4.4
227	6042.004870	0.000000	0.000073	159.105884	5.9
228	6170.505888	0.000000	0.000073	149.618032	3.2
229	6039.338728	0.000000	0.000073	175.682150	3.3
230	5956.559894	0.000000	0.000073	168.615646	3.5
231	6016.306866	0.000000	0.000073	158.389552	4.4
232	5871.747266	0.000000	0.000073	151.036317	4.8
233	6139.390783	0.000000	0.000073	139.311605	6.3
234	5983.624189	0.000000	0.000073	177.941858	4.9
235	5976.668656	0.000000	0.000073	166.455864	4.1
236	5904.710902	0.000000	0.000073	133.393435	4.4
237	6041.100260	0.000000	0.000073	120.146995	5.0
238	5910.410724	0.000000	0.000073	198.162201	5.0
239	6019.613069	0.000000	0.000073	126.650783	4.5
240	5911.450414	0.000000	0.000073	97.222548	4.5
241	5791.401742	0.000000	0.000073	117.925287	4.6
242	5986.249864	0.000000	0.000073	135.295781	4.5
243	6272.343628	0.000000	0.000073	232.373396	4.0
244	5879.429560	0.000000	0.000073	137.294127	4.0
245	5954.998781	0.000000	0.000073	195.894582	5.5
246	5888.014337	0.000000	0.000073	148.772476	5.1
247	5906.690097	0.000000	0.000073	125.444124	6.4
248	6261.516285	0.000000	0.000073	150.801880	5.0
249	6122.531538	0.000000	0.000073	135.366199	4.7
250	5894.505732	0.000000	0.000073	109.771490	3.0
251	6153.477463	0.000000	0.000073	127.989256	3.4
252	6021.489553	0.000000	0.000073	125.623115	3.5
253	5806.356094	0.000000	0.000073	144.929248	3.5
254	6250.505436	0.000000	0.000073	165.898133	5.0
255	6004.739818	0.000000	0.000073	145.494084	5.2
256	5922.906764	0.000000	0.000073	171.617910	5.0
257	6112.103923	0.000000	0.000073	147.505918	5.6
258	6088.836574	0.000000	0.000073	138.957370	4.8
259	6173.414093	0.000000	0.000073	142.612955	4.9
260	6199.964899	0.000000	0.000073	178.755535	4.5
261	6055.617039	0.000000	0.000073	198.674037	4.9
262	5838.732532	0.000000	0.000073	144.295252	3.8
263	5868.061212	0.000000	0.000073	143.398306	3.2
264	5915.970098	0.000000	0.000073	199.118355	3.0
265	6034.506471	0.000000	0.000073	143.418258	4.3
266	6241.627935	0.000000	0.000073	133.989617	4.5
267	6117.392620	0.000000	0.000073	147.462966	5.5
268	5941.219834	0.000000	0.000073	141.747561	6.7
269	5993.720745	0.000000	0.000073	152.632263	5.0
270	5998.785719	0.000000	0.000073	166.667705	4.9
271	6190.855784	0.000000	0.000073	143.525679	5.1
272	6217.456399	0.000000	0.000073	126.067171	5.1
273	5963.458120	0.000000	0.000073	115.249593	4.6
274	6004.314264	0.000000	0.000073	145.645249	6.5
275	5963.671955	0.000000	0.000073	136.625630	4.9
276	6326.490949	0.000000	0.000073	166.746595	6.1
277	6024.025800	0.000000	0.000073	134.484100	5.8
278	6029.198890	0.000000	0.000073	152.037144	5.4
279	5862.609904	0.000000	0.000073	142.657171	5.2
280	5782.818155	0.000000	0.000073	137.273082	4.7
281	5759.848075	0.000000	0.000073	114.791001	4.7
282	6034.871566	0.000000	0.000073	142.009033	4.3
283	6140.398257	0.000000	0.000073	138.440037	4.0
284	6097.375554	0.000000	0.000073	133.810393	3.6
285	5838.581371	0.000000	0.000073	119.665088	3.3
286	6042.185432	0.000000	0.000073	124.788079	3.6
287	5987.046770	0.000000	0.000073	181.832157	3.3
288	5994.705406	0.000000	0.000073	161.553515	3.2
289	6030.891865	0.000000	0.000073	117.620113	5.6
290	6017.091658	0.000000	0.000073	177.678327	3.0
291	6207.683139	0.000000	0.000073	135.622112	3.2
292	5845.173880	0.000000	0.000073	139.498926	3.1
293	5931.160982	0.000000	0.000073	110.947431	4.0
294	6075.263477	0.000000	0.000073	137.659236	3.3
295	5842.081038	0.000000	0.000073	117.552826	3.3
296	5887.867354	0.000000	0.000073	131.992661	3.4
297	6204.390886	0.000000	0.000073	186.863926	3.6
298	5726.140954	0.000000	0.000073	107.261445	5.9
299	6192.940653	0.000000	0.000073	217.583836	4.5
300	5944.394819	0.000000	0.000073	160.264409	4.8
301	6137.736091	0.002252	0.000073	195.091696	4.5
302	6110.487496	0.002577	0.000073	152.578978	6.0
303	5916.409333	0.001357	0.000073	127.501506	3.9
304	6205.699320	0.000000	0.000073	166.324023	3.8
305	6022.293650	0.000000	0.000073	140.820886	3.8
306	5990.634375	0.000000	0.000073	122.597899	3.8
307	6160.746376	0.000000	0.000073	122.525829	5.0
308	6050.199773	0.000000	0.000073	152.764868	4.3
309	5864.278608	0.000000	0.000073	110.938367	6.2
310	6003.203474	0.000000	0.000073	133.859639	5.1
311	5965.193954	0.000000	0.000073	219.530929	5.6
312	6037.740201	0.000740	0.000073	142.469789	4.5
313	5947.290131	0.000000	0.000073	168.317652	4.7
314	6108.807956	0.000000	0.000073	126.855652	5.5
315	5874.030764	0.000000	0.000073	158.018780	5.2
316	6010.785119	0.000000	0.000073	116.663045	5.3
317	6046.754816	0.000000	0.000073	170.623625	4.9
318	5679.980638	0.000000	0.000073	138.328435	4.6
319	5889.949332	0.000000	0.000073	107.025016	6.1
320	5998.740729	0.000000	0.000073	170.366233	5.9
321	5854.865105	0.000000	0.000073	188.886202	5.3
322	6114.303715	0.000199	0.000073	116.633884	5.4
323	5896.935479	0.000000	0.000073	150.423971	5.1
324	5982.330862	0.000000	0.000073	134.364570	5.1
325	5791.120864	0.000000	0.000073	133.023004	6.7
326	6051.753533	0.000000	0.000073	135.708027	5.3
327	6081.101615	0.000000	0.000073	147.496942	5.3
328	6267.796451	0.000000	0.000073	155.346983	4.7
329	5828.071365	0.000000	0.000073	154.333343	4.5
330	5954.146341	0.000000	0.000073	133.350464	4.3
331	5839.707309	0.000000	0.000073	119.740202	5.0
332	5880.222108	0.000000	0.000073	144.471887	4.9
333	5833.090715	0.000000	0.000073	154.412686	4.7
334	5985.573518	0.000000	0.000073	228.996341	4.5
335	5980.746469	0.000000	0.000073	109.760713	3.6
336	5887.036089	0.000000	0.000073	105.189066	3.5
337	5967.082556	0.000000	0.000073	119.476873	5.2
338	6157.399070	0.000000	0.000073	125.808903	5.0
339	5873.120362	0.000000	0.000073	172.788352	4.8
340	6077.629909	0.000000	0.000073	142.331360	3.4
341	5994.771482	0.000000	0.000073	175.145312	3.4
342	5765.933517	0.000000	0.000073	126.974704	3.6
343	6054.399826	0.000000	0.000073	149.487221	5.9
344	5905.602445	0.000000	0.000073	127.018783	5.7
345	5833.996039	0.000000	0.000073	113.103043	4.1
346	5882.592750	0.000000	0.000073	112.006584	2.6
347	5808.818162	0.000000	0.000073	140.481893	3.1
348	5879.276655	0.000000	0.000073	120.045926	3.8
349	5860.150318	0.000000	0.000073	113.199477	2.6
350	5841.205799	0.000000	0.000073	126.667897	6.1
351	6020.437324	0.000000	0.000073	118.366178	5.2
352	5841.508343	0.000000	0.000073	195.978683	2.9
353	5830.162749	0.000000	0.000073	119.717792	5.8
354	6000.662628	0.000000	0.000073	163.034004	5.8
355	6033.324735	0.000000	0.000073	122.668455	4.9
356	5838.091985	0.000000	0.000073	146.694624	5.2
357	5938.269378	0.000000	0.000073	148.974438	5.0
358	5919.487386	0.000000	0.000073	123.998767	5.7
359	5902.882214	0.000000	0.000073	117.284014	5.6
360	6125.223130	0.000000	0.000073	122.703499	4.9
361	6193.630832	0.000000	0.000073	123.629047	3.7
362	5910.590414	0.000000	0.000073	136.621808	3.8
363	6046.191390	0.000000	0.000073	122.766603	6.5
364	5995.549065	0.000000	0.000073	137.957719	3.3
365	6015.917237	0.000000	0.000073	147.498688	2.8
366	5952.152929	0.000000	0.000073	211.016967	3.0
367	6195.915422	0.000000	0.000073	122.688563	4.3
368	5867.972363	0.000000	0.000073	145.846232	2.9
369	5856.499566	0.000000	0.000073	152.967093	2.9
370	5932.213358	0.000000	0.000073	147.084215	4.5
371	5724.823653	0.000000	0.000073	116.091785	3.1
372	6062.744181	0.000000	0.000073	121.814964	3.5
373	5939.399623	0.000000	0.000073	139.509974	3.6
374	6114.959564	0.000000	0.000073	151.597248	3.5
375	5805.761152	0.000000	0.000073	163.345720	3.3
376	5973.642457	0.000000	0.000073	127.241174	3.3
377	5960.006206	0.000000	0.000073	149.523785	3.3
378	5986.235693	0.000000	0.000073	187.257016	3.2
379	6172.900238	0.000000	0.000073	125.098121	3.0
380	5750.725792	0.000000	0.000073	123.346622	3.1
381	5633.227397	0.000000	0.000073	161.747941	2.9
382	5998.587229	0.000000	0.000073	103.537374	3.8
383	5979.356231	0.000000	0.000073	127.040673	4.3
384	5802.400960	0.000000	0.000073	105.378686	7.8
385	5966.750647	0.000000	0.000073	116.451068	2.9
386	5836.501590	0.000000	0.000073	127.332305	3.2
387	5978.760296	0.000000	0.000073	160.142678	3.3
388	6043.724077	0.000000	0.000073	138.691631	3.3
389	6001.274693	0.000000	0.000073	118.830957	5.0
390	6131.720494	0.000000	0.000073	150.425586	4.0
391	5716.247340	0.000000	0.000073	130.300563	3.3
392	5825.908438	0.000000	0.000073	124.427328	3.5
393	6019.765519	0.000000	0.000073	118.027689	3.4
394	6079.757120	0.000000	0.000073	251.181460	3.8
395	6133.161741	0.000000	0.000073	151.424000	3.9
396	5710.022893	0.000589	0.000073	112.722194	4.0
397	5668.146532	0.000000	0.000073	126.841363	4.1
398	5727.817295	0.000000	0.000073	137.267790	4.2
399	5922.258539	0.000000	0.000073	163.295478	5.1
400	6122.914928	0.000659	0.000073	174.613614	5.4
401	5967.633331	0.000000	0.000073	117.918236	5.5
402	5822.179236	0.000000	0.000073	106.256216	5.2
403	6082.533038	0.000000	0.000073	201.387720	4.3
404	6092.993257	0.000000	0.000073	131.160698	4.0
405	5894.107685	0.000000	0.000073	196.879710	4.2
406	5927.627287	0.000000	0.000073	110.181777	4.0
407	6196.743744	0.000000	0.000073	108.738464	4.1
408	5863.856045	0.000000	0.000073	127.284570	3.7
409	6100.367518	0.000000	0.000073	198.089397	3.7
410	5840.648197	0.000000	0.000073	103.408394	3.0
411	6004.538348	0.000000	0.000073	143.869470	5.6
412	5823.039971	0.000000	0.000073	119.924120	3.5
413	5923.497793	0.000000	0.000073	138.805897	3.7
414	5915.066645	0.000000	0.000073	121.932881	2.8
415	5778.024007	0.000000	0.000073	173.311368	4.1
416	5945.182435	0.000000	0.000073	135.210087	2.9
417	6029.761575	0.000000	0.000073	127.761865	2.9
418	5972.394160	0.000000	0.000073	121.067997	3.8
419	5832.261274	0.000000	0.000073	155.614998	3.4
420	5706.793665	0.000000	0.000073	114.600063	3.8
421	5590.785587	0.000000	0.000073	122.707476	6.0
422	5795.224039	0.000000	0.000073	127.609480	5.8
423	5877.223932	0.000000	0.000073	112.673748	4.7
424	5766.988938	0.000000	0.000073	136.324632	4.3
425	5857.371383	0.000000	0.000073	110.837391	4.4
426	5748.266277	0.000000	0.000073	111.321406	5.3
427	5812.054728	0.000000	0.000073	116.967557	5.2
428	5732.987020	0.000000	0.000073	144.872578	5.1
429	5868.558779	0.000000	0.000073	135.853822	5.4
430	5894.647491	0.000000	0.000073	113.174208	6.1
431	5989.634519	0.000000	0.000073	147.557970	4.9
432	6061.323699	0.000000	0.000073	146.334865	4.9
433	6031.373998	0.000000	0.000073	155.421392	5.4
434	6000.428978	0.000000	0.000073	122.475071	5.2
435	5953.267095	0.000000	0.000073	160.159065	4.2
436	5700.830540	0.000000	0.000073	111.031230	4.4
437	6123.127539	0.000000	0.000073	167.031760	4.6
438	5905.925023	0.000000	0.000073	154.987651	5.6
439	6000.233187	0.000000	0.000073	147.291251	5.7
440	5703.669323	0.000000	0.000073	170.075585	6.5
441	5869.415854	0.000000	0.000073	141.194319	5.4
442	5768.898354	0.000000	0.000073	142.919713	5.4
443	6079.237988	0.000000	0.000073	118.979213	5.7
444	5973.298354	0.000000	0.000073	119.038934	6.2
445	5891.693916	0.000000	0.000073	124.048161	5.4
446	5755.973218	0.000000	0.000073	177.933759	4.7
447	5745.021030	0.000000	0.000073	159.747024	6.7
448	5741.404668	0.001971	0.000073	124.679881	5.8
449	5852.912996	0.000346	0.000073	115.418940	5.5
450	6032.157468	0.000000	0.000073	120.665949	5.8
451	5869.937006	0.000000	0.000073	107.554406	5.2
452	5859.004775	0.000000	0.000073	135.694025	4.8
453	5823.053637	0.000000	0.000073	106.539907	3.9
454	5773.204209	0.000000	0.000073	119.911482	4.6
455	5944.469726	0.000000	0.000073	106.174915	3.6
456	5989.018880	0.000000	0.000073	153.182759	3.7
457	5942.110037	0.000000	0.000073	112.198374	4.4
458	5918.821248	0.000000	0.000073	130.791635	2.6
459	6012.555315	0.000000	0.000073	125.972916	3.3
460	5641.809117	0.000000	0.000073	129.081031	3.2
461	5766.862589	0.000000	0.000073	123.448187	3.4
462	5912.277233	0.000000	0.000073	110.835332	2.7
463	5882.520625	0.000000	0.000073	208.171831	4.7
464	5861.559684	0.000000	0.000073	156.212125	3.9
465	5732.201587	0.000984	0.000073	136.319954	3.7
466	5910.617238	0.000000	0.000073	111.270208	5.8
467	6153.034249	0.000000	0.000073	117.177818	5.3
468	5595.729344	0.000000	0.000073	127.232308	5.0
469	6219.245110	0.000000	0.000073	111.890702	5.2
470	5980.209838	0.000000	0.000073	136.586742	4.1
471	5717.131864	0.000000	0.000073	137.214708	4.3
472	5679.887301	0.000000	0.000073	120.695003	3.2
473	5898.851528	0.000000	0.000073	115.722168	4.5
474	5716.311305	0.000000	0.000073	135.019017	4.0
475	5900.722207	0.000000	0.000073	125.313351	5.2
476	5950.983435	0.000000	0.000073	94.770797	5.5
477	5905.602174	0.000000	0.000073	171.047249	5.3
478	6004.823065	0.000000	0.000073	168.730491	5.5
479	5917.976261	0.000000	0.000073	141.393439	5.1
480	5933.117009	0.000000	0.000073	107.713545	4.5
481	5684.880718	0.000000	0.000073	114.349162	6.4
482	5823.826027	0.000000	0.000073	128.037976	5.5
483	5514.412317	0.000000	0.000073	99.950958	5.5
484	5774.385351	0.000000	0.000073	120.478754	6.4
485	5921.287870	0.000000	0.000073	101.292527	5.9
486	5561.419147	0.000000	0.000073	116.803240	5.3
487	6116.851201	0.000000	0.000073	105.917255	5.4
488	5782.599695	0.000000	0.000073	190.595646	5.7
489	5818.278929	0.000000	0.000073	113.720675	5.0
490	6045.420080	0.000115	0.000073	131.980975	4.1
491	5777.302176	0.000000	0.000073	141.170313	4.7
492	5732.019238	0.000000	0.000073	175.456572	4.1
493	6087.015095	0.000000	0.000073	123.903070	3.3
494	5538.134313	0.000000	0.000073	138.958270	5.5
495	5733.876268	0.000000	0.000073	106.471440	3.5
496	5825.361656	0.000000	0.000073	97.943666	5.1
497	5527.233200	0.000000	0.000073	188.127123	6.4
498	5783.672285	0.000000	0.000073	121.759704	5.6
499	5768.757974	0.000685	0.000073	108.687354	6.5
500	5634.091747	0.000000	0.000073	129.085585	4.1
501	5786.921669	0.000000	0.000073	97.419555	5.3
502	5868.877989	0.000000	0.000073	115.738720	4.1
503	6017.345363	0.000000	0.000073	132.142359	5.3
504	5897.386353	0.000000	0.000073	130.097644	5.4
505	5571.056363	0.000000	0.000073	102.825966	6.1
506	5803.303582	0.000000	0.000073	140.981188	5.2
507	5900.862598	0.000000	0.000073	115.640616	5.5
508	5636.535599	0.000000	0.000073	130.858712	5.2
509	5755.792922	0.000000	0.000073	209.372093	5.0
510	5742.594229	0.000000	0.000073	154.643233	3.8
511	5894.211367	0.000000	0.000073	108.511202	3.6
512	5842.861320	0.000000	0.000073	143.437159	3.4
513	5560.928943	0.000000	0.000073	144.794223	4.3
514	5856.166133	0.000283	0.000073	128.940340	3.4
515	5837.974950	0.000201	0.000073	221.637587	4.7
516	5967.761441	0.001657	0.000073	162.363143	5.1
517	5902.479605	0.002428	0.000073	109.456552	3.4
518	5736.360670	0.000000	0.000073	99.300706	3.6
519	5860.949882	0.000000	0.000073	143.083272	3.3
520	5827.344183	0.000000	0.000073	190.405646	3.3
521	5804.334240	0.000000	0.000073	100.621888	4.2
522	5742.677170	0.000000	0.000073	102.497276	5.3
523	5719.548770	0.000000	0.000073	145.337840	3.4
524	6039.977450	0.000000	0.000073	113.047626	4.6
525	5884.664266	0.000000	0.000073	151.459922	6.0
526	5673.858328	0.000000	0.000073	165.274371	4.8
527	5918.567700	0.000000	0.000073	104.468051	5.6
528	6013.282292	0.000000	0.000073	115.448439	5.0
529	5687.453998	0.000000	0.000073	96.985630	5.3
530	5894.903522	0.000000	0.000073	92.879016	3.7
531	6051.992269	0.000000	0.000073	177.952322	3.8
532	5844.342310	0.000000	0.000073	119.501492	3.9
533	5562.653388	0.000000	0.000073	127.563390	3.4
534	5759.947626	0.000000	0.000073	153.574185	6.5
535	5734.654747	0.000215	0.000073	107.369383	5.0
536	5712.293391	0.000000	0.000073	103.309298	5.0
537	5828.198910	0.000000	0.000073	127.889267	4.4
538	5699.616606	0.000000	0.000073	164.948263	5.3
539	5809.488541	0.000000	0.000073	115.665828	4.0
540	5896.639455	0.000499	0.000073	120.446792	6.3
541	5761.769717	0.000000	0.000073	95.651785	5.1
542	5947.980348	0.000000	0.000073	101.936673	3.3
543	5708.111117	0.000000	0.000073	110.465309	4.7
544	5971.289999	0.000000	0.000073	131.986035	5.1
545	5648.519586	0.000000	0.000073	106.945103	4.0
546	5424.909180	0.000000	0.000073	171.801162	4.8
547	5769.966840	0.000000	0.000073	101.420728	3.7
548	5757.613848	0.000000	0.000073	133.574565	3.8
549	5529.030326	0.000000	0.000073	111.242835	3.8
550	5914.934237	0.000000	0.000073	116.134010	5.1
551	5756.415347	0.000000	0.000073	154.817587	2.5
552	5795.346698	0.000000	0.000073	148.849060	2.3
553	5663.549179	0.000000	0.000073	108.508567	3.3
554	5981.257053	0.000000	0.000073	232.440086	5.3
555	5585.572793	0.000000	0.000073	170.263729	4.2
556	5639.513063	0.004035	0.000073	141.741250	4.0
557	5817.494514	0.000000	0.000073	115.940770	3.0
558	5809.588470	0.000000	0.000073	102.177469	3.1
559	5982.755349	0.000000	0.000073	111.104938	4.3
560	5727.784868	0.000000	0.000073	118.659361	3.1
561	5444.656428	0.000000	0.000073	109.914214	5.2
562	5880.758465	0.000000	0.000073	110.912089	3.2
563	6001.118439	0.000000	0.000073	127.720868	3.3
564	5728.185130	0.000000	0.000073	118.391867	3.6
565	5540.038619	0.000000	0.000073	95.403246	3.6
566	5878.945014	0.000000	0.000073	152.433066	3.3
567	5624.177440	0.000000	0.000073	110.171331	3.1
568	5862.298952	0.000000	0.000073	197.675071	2.9
569	5747.849472	0.000000	0.000073	108.159423	3.4
570	5759.861781	0.000602	0.000073	129.735544	3.7
571	5835.296629	0.000118	0.000073	117.888249	5.2
572	5817.574604	0.000000	0.000073	137.363451	5.1
573	5748.853029	0.000000	0.000073	142.697282	2.7
574	5703.372333	0.000000	0.000073	143.755620	2.8
575	5977.973663	0.000000	0.000073	155.298121	2.7
576	5695.168650	0.000000	0.000073	149.209326	4.3
577	5893.668754	0.001555	0.000073	111.471471	2.8
578	5968.273698	0.001336	0.000073	134.123073	5.2
579	5698.305433	0.000000	0.000073	137.202735	6.4
580	5719.326204	0.000000	0.000073	120.943478	5.2
581	5777.428359	0.000000	0.000073	104.315908	3.7
582	5726.907609	0.000000	0.000073	97.840191	4.0
583	5887.151860	0.000000	0.000073	149.633450	4.2
584	5813.305423	0.000000	0.000073	116.417648	4.7
585	5817.532236	0.000000	0.000073	188.637139	3.9
586	5864.620267	0.000000	0.000073	184.175919	5.2
587	5638.014722	0.001218	0.000073	142.321411	5.1
588	5705.546446	0.003445	0.000073	113.743340	3.8
589	5539.134970	0.001904	0.000073	120.134249	4.6
590	5886.586783	0.000520	0.000073	134.008737	4.4
591	6066.956322	0.000000	0.000073	111.207737	5.7
592	5636.441699	0.000000	0.000073	114.581833	6.0
593	5885.321762	0.000000	0.000073	108.397041	3.3
594	5642.002639	0.000000	0.000073	137.605663	4.3
595	5883.139102	0.000000	0.000073	146.413104	5.0
596	5642.178872	0.000000	0.000073	105.238495	4.2
597	5663.268105	0.000000	0.000073	164.901113	3.1
598	5801.592106	0.000241	0.000073	119.301727	2.9
599	5554.646466	0.000900	0.000073	123.666474	5.3
600	5855.545668	0.000000	0.000073	120.008466	2.8
601	5750.287909	0.000000	0.000073	157.783142	2.8
602	5764.027200	0.000000	0.000073	113.750940	2.8
603	5854.816443	0.000000	0.000073	174.420118	3.6
604	5700.314723	0.000000	0.000073	106.037307	4.0
605	5878.916340	0.000000	0.000073	120.306802	5.7
606	5729.642019	0.000000	0.000073	146.253447	5.1
607	5798.551782	0.000000	0.000073	129.199045	5.2
608	5756.379507	0.000000	0.000073	106.007476	4.2
609	5511.616615	0.000000	0.000073	123.722348	4.2
610	5675.943841	0.000000	0.000073	106.999276	5.0
611	5948.509110	0.000000	0.000073	108.826442	6.3
612	5874.448256	0.000000	0.000073	106.295771	5.1
613	5852.209657	0.000000	0.000073	143.088763	5.3
614	5776.012551	0.000000	0.000073	155.202722	7.4
615	5851.446639	0.000000	0.000073	120.030933	4.7
616	5542.643291	0.000000	0.000073	130.714907	4.7
617	5828.401694	0.000000	0.000073	99.910754	4.5
618	5752.979832	0.000000	0.000073	90.758360	4.4
619	5792.271039	0.000000	0.000073	115.243988	4.1
620	5694.816777	0.000000	0.000073	88.338095	4.4
621	5955.821146	0.000000	0.000073	129.369987	4.0
622	5765.537393	0.000000	0.000073	98.770044	6.2
623	5799.069173	0.000000	0.000073	200.918778	5.7
624	5877.023618	0.000000	0.000073	182.036807	4.4
625	5667.358897	0.000713	0.000073	94.860813	5.0
626	5674.416495	0.000399	0.000073	119.668536	5.5
627	5729.716995	0.000000	0.000073	182.905451	5.2
628	5773.635813	0.000000	0.000073	208.862609	5.0
629	5741.992875	0.002863	0.000073	120.496635	2.9
630	5934.834594	0.000141	0.000073	119.675659	2.8
631	5738.274067	0.000000	0.000073	120.066854	4.0
632	5792.613556	0.000000	0.000073	92.678226	3.7
633	5780.415422	0.000000	0.000073	92.590380	3.2
634	5851.698356	0.000000	0.000073	181.643463	4.8
635	5537.449474	0.000000	0.000073	139.893578	3.7
636	5785.962733	0.000000	0.000073	112.890256	4.0
637	5836.909013	0.000000	0.000073	158.663010	4.0
638	5682.746963	0.000000	0.000073	112.966518	5.5
639	5561.244605	0.000000	0.000073	132.359147	6.1
640	5466.325602	0.000000	0.000073	115.361924	5.1
641	5732.771964	0.000000	0.000073	158.457892	4.6
642	5676.229661	0.000000	0.000073	181.962263	5.2
643	5484.225540	0.001317	0.000073	120.703061	5.2
644	5559.699201	0.000000	0.000073	97.449549	4.9
645	5917.387445	0.000000	0.000073	116.417210	6.4
646	5446.675520	0.000000	0.000073	141.511482	4.2
647	5650.859138	0.000000	0.000073	105.129660	6.1
648	5633.948753	0.000000	0.000073	91.551220	4.3
649	5754.639798	0.000000	0.000073	107.632790	6.1
650	5397.769891	0.000000	0.000073	189.300339	6.1
651	6006.758606	0.000165	0.000073	120.191131	3.9
652	5562.591358	0.001450	0.000073	106.743384	4.0
653	5696.342722	0.000000	0.000073	127.890656	4.3
654	5906.170503	0.000000	0.000073	121.659659	4.7
655	5691.290406	0.000000	0.000073	145.641295	3.9
656	5610.620285	0.000000	0.000073	143.677048	3.8
657	5603.993045	0.000000	0.000073	100.406991	3.7
658	5797.726121	0.000000	0.000073	119.516735	5.1
659	5908.358602	0.000000	0.000073	129.069522	5.0
660	5573.999006	0.000000	0.000073	141.503195	11.0
661	5632.983654	0.000000	0.000073	118.305330	5.0
662	5825.737948	0.000000	0.000073	124.567136	4.9
663	5621.097813	0.000000	0.000073	160.769475	4.6
664	5637.825876	0.000675	0.000073	109.426854	4.6
665	5609.559395	0.000000	0.000073	159.655694	7.0
666	5674.097351	0.000000	0.000073	129.916303	4.2
667	5479.665380	0.001092	0.000073	109.449861	4.3
668	5752.513018	0.000357	0.000073	112.119555	5.3
669	5710.482241	0.000000	0.000073	123.413928	5.6
670	5696.932038	0.000000	0.000073	82.209684	4.7
671	5435.369754	0.000000	0.000073	113.323370	6.6
672	5819.212326	0.000000	0.000073	124.000691	3.6
673	5588.509291	0.000000	0.000073	106.046323	3.8
674	5861.915409	0.000000	0.000073	131.767246	4.3
675	5702.127534	0.000000	0.000073	97.297473	5.1
676	5721.898761	0.000000	0.000073	149.556737	3.2
677	5766.514072	0.000000	0.000073	97.244397	3.3
678	5785.571142	0.000000	0.000073	120.042653	5.2
679	5673.659456	0.000000	0.000073	95.391801	5.2
680	5838.240986	0.000000	0.000073	122.737964	2.5
681	5792.644221	0.000000	0.000073	87.607971	5.3
682	5924.280378	0.000000	0.000073	102.401065	4.9
683	5619.144080	0.000000	0.000073	87.798921	4.7
684	5761.515285	0.000000	0.000073	96.658065	4.9
685	5688.678435	0.000000	0.000073	146.816573	3.4
686	5704.031854	0.000000	0.000073	170.633836	3.4
687	5663.840368	0.001189	0.000073	83.827578	5.4
688	5715.249425	0.000000	0.000073	125.872657	4.2
689	5821.462974	0.000000	0.000073	95.606706	5.3
690	5650.540283	0.000000	0.000073	134.452515	4.4
691	5766.768156	0.000000	0.000073	122.340641	5.8
692	5758.748842	0.000000	0.000073	97.025408	4.7
693	5667.930535	0.000000	0.000073	105.605014	5.5
694	5629.652069	0.000000	0.000073	105.782910	6.2
695	5541.120793	0.000000	0.000073	103.940778	5.3
696	5680.755823	0.000000	0.000073	152.758121	5.6
697	5791.199613	0.000000	0.000073	173.293501	5.5
698	5647.471036	0.000000	0.000073	130.130288	5.7
699	5502.071276	0.001019	0.000073	91.837194	3.9
700	5780.089493	0.000000	0.000073	120.897866	4.0
701	5867.204678	0.000000	0.000073	107.717415	5.7
702	5828.331428	0.000000	0.000073	100.837526	5.2
703	5707.172780	0.000000	0.000073	164.023286	2.8
704	5627.699193	0.000000	0.000073	103.675203	2.7
705	5470.837434	0.000000	0.000073	129.731420	3.2
706	5711.314124	0.000000	0.000073	129.286650	4.5
707	5857.600198	0.000000	0.000073	95.615731	6.8
708	5751.118678	0.000000	0.000073	121.792332	5.1
709	5838.272871	0.000000	0.000073	79.736738	5.1
710	5522.608551	0.000000	0.000073	160.111955	4.9
711	5696.086550	0.000000	0.000073	97.373222	4.2
712	5651.394977	0.000000	0.000073	86.174969	4.2
713	5613.968100	0.000000	0.000073	141.533313	5.2
714	6073.445918	0.000000	0.000073	100.935725	6.1
715	5698.963247	0.000000	0.000073	157.333931	4.7
716	5673.968854	0.000000	0.000073	94.144932	4.2
717	5787.894259	0.000000	0.000073	122.805254	3.9
718	5689.857136	0.000000	0.000073	135.113741	4.4
719	5713.805240	0.000000	0.000073	96.969261	5.1
720	5543.799328	0.000000	0.000073	166.078323	3.4
721	5510.274244	0.000000	0.000073	95.972969	4.5
722	5655.328112	0.000000	0.000073	117.731709	3.7
723	5798.063767	0.000000	0.000073	102.806532	4.6
724	5731.081180	0.000000	0.000073	89.293445	3.4
725	5789.372978	0.000000	0.000073	92.500274	3.2
726	5884.780341	0.000000	0.000073	161.588378	3.2
727	5704.876862	0.000000	0.000073	131.989707	3.1
728	5501.051702	0.000000	0.000073	104.703827	3.2
729	5773.845167	0.000000	0.000073	108.066851	3.2
730	5664.270059	0.000000	0.000073	131.876475	4.9
731	5714.622300	0.000000	0.000073	126.841815	5.0
732	5644.254063	0.000945	0.000073	118.033753	5.1
733	5869.231305	0.001095	0.000073	124.181322	5.8
734	5627.939110	0.000000	0.000073	128.192568	5.4
735	5554.441448	0.000000	0.000073	135.314480	5.5
736	5429.301954	0.000419	0.000073	149.020236	5.8
737	5724.331432	0.000000	0.000073	111.006618	5.1
738	5827.566194	0.000620	0.000073	149.817061	4.9
739	5520.110461	0.000000	0.000073	81.411034	5.0
740	5672.436097	0.000000	0.000073	118.646425	3.9
741	5608.250464	0.000000	0.000073	162.989168	3.5
742	5612.135653	0.000754	0.000073	132.982407	3.5
743	5736.778683	0.001805	0.000073	125.322745	4.9
744	5921.389108	0.000000	0.000073	181.946552	5.6
745	5608.596480	0.001374	0.000073	91.590883	5.1
746	5750.814116	0.000000	0.000073	114.163459	5.2
747	5688.644508	0.000000	0.000073	96.963322	4.4
748	5837.004131	0.000000	0.000073	136.100522	4.8
749	5850.185126	0.000000	0.000073	136.969612	4.1
750	5687.731875	0.000000	0.000073	116.351477	4.2
751	5896.203539	0.000000	0.000073	115.816229	4.1
752	5603.947531	0.000000	0.000073	139.704745	3.8
753	5771.802457	0.000000	0.000073	102.749404	3.4
754	5773.158157	0.000000	0.000073	121.174746	3.5
755	5626.456047	0.000000	0.000073	149.800913	5.1
756	5772.425084	0.000000	0.000073	124.124970	5.8
757	5580.240354	0.000000	0.000073	100.647776	4.2
758	5465.505112	0.000000	0.000073	101.296240	4.0
759	5707.592080	0.000000	0.000073	96.103505	3.9
760	5412.755834	0.000000	0.000073	115.725289	4.3
761	5638.893143	0.000000	0.000073	149.213611	4.0
762	5330.895260	0.000000	0.000073	102.538696	4.6
763	5548.458263	0.000036	0.000073	104.018650	4.0
764	5480.414758	0.000000	0.000073	104.986362	3.7
765	5467.615465	0.000000	0.000073	128.197389	6.4
766	5877.954112	0.000000	0.000073	163.830678	6.3
767	5779.284590	0.000000	0.000073	185.779823	4.0
768	5695.284785	0.003120	0.000073	98.857096	3.5
769	5829.984706	0.001980	0.000073	139.734811	3.4
770	5340.771745	0.000712	0.000073	132.499399	2.7
771	5785.751765	0.000000	0.000073	88.926411	5.4
772	5642.773807	0.000000	0.000073	109.243809	5.5
773	5633.704525	0.000000	0.000073	84.150031	4.7
774	5531.725550	0.000000	0.000073	90.859943	4.8
775	5533.533610	0.000000	0.000073	86.692050	4.9
776	5511.823459	0.000000	0.000073	88.850818	3.9
777	5737.577581	0.000000	0.000073	83.049279	4.5
778	5664.876543	0.000000	0.000073	103.665222	4.2
779	5498.427908	0.000000	0.000073	80.557377	5.8
780	5759.133197	0.000000	0.000073	101.691148	3.1
781	5524.178078	0.000000	0.000073	114.614756	3.3
782	5545.337960	0.000002	0.000073	147.496846	3.3
783	5650.603146	0.000000	0.000073	78.072830	4.6
784	5586.950615	0.000000	0.000073	131.142471	3.8
785	5361.704619	0.000000	0.000073	98.478659	6.7
786	5492.859151	0.000000	0.000073	158.023960	5.4
787	5671.357582	0.000000	0.000073	88.415479	5.5
788	5713.419761	0.000000	0.000073	105.201370	5.1
789	5634.007804	0.000000	0.000073	174.583706	4.6
790	5486.662044	0.000144	0.000073	105.499229	6.1
791	5554.768277	0.000000	0.000073	120.634160	3.9
792	5805.822908	0.000000	0.000073	154.055693	5.6
793	5582.791602	0.000000	0.000073	124.423957	4.7
794	5674.338790	0.000797	0.000073	111.335011	3.7
795	5402.699302	0.001223	0.000073	106.073331	3.6
796	5641.718441	0.001100	0.000073	130.131183	4.4
797	5638.746329	0.000000	0.000073	136.382537	3.1
798	5758.496538	0.000000	0.000073	124.329499	5.2
799	5486.827039	0.000087	0.000073	93.229652	5.0
800	5726.876018	0.000000	0.000073	119.309821	5.0
801	5581.095152	0.000000	0.000073	216.728550	4.1
802	5666.067109	0.000000	0.000073	92.172277	5.1
803	5523.373641	0.000000	0.000073	85.433660	3.7
804	5720.335097	0.000000	0.000073	171.536284	2.6
805	5638.522678	0.000000	0.000073	79.932141	2.5
806	5448.523084	0.000000	0.000073	78.689444	3.4
807	5709.676553	0.000000	0.000073	205.370175	4.0
808	5575.863599	0.000000	0.000073	87.538027	6.0
809	5768.620283	0.000000	0.000073	184.700083	4.8
810	5976.003218	0.000000	0.000073	116.784821	5.1
811	5676.953576	0.000000	0.000073	168.036039	5.6
812	5626.612591	0.000391	0.000073	142.175206	4.9
813	5683.958687	0.000000	0.000073	92.803688	4.3
814	5606.867583	0.000000	0.000073	106.031644	3.4
815	5562.655552	0.000000	0.000073	83.733420	3.6
816	5760.623515	0.000000	0.000073	99.910318	3.4
817	5819.756373	0.000000	0.000073	122.327322	3.1
818	5557.726991	0.000000	0.000073	101.555385	3.2
819	5625.326238	0.000000	0.000073	99.625958	4.5
820	5831.037265	0.000000	0.000073	193.156545	3.7
821	5532.837008	0.000000	0.000073	160.300488	3.2
822	5541.271195	0.003929	0.000073	95.513567	4.8
823	5571.347940	0.004139	0.000073	100.619698	5.1
824	5618.907720	0.002522	0.000073	113.301152	5.3
825	5588.489525	0.002384	0.000073	139.102617	5.0
826	5615.568707	0.000547	0.000073	89.793684	5.1
827	5699.541187	0.000000	0.000073	83.541480	5.5
828	5515.040100	0.000000	0.000073	85.406585	5.3
829	5406.159730	0.000000	0.000073	117.188234	5.4
830	5656.517399	0.000000	0.000073	156.167225	4.7
831	5794.661422	0.000000	0.000073	86.255804	4.7
832	5520.931164	0.000000	0.000073	126.927282	3.5
833	5271.484720	0.000000	0.000073	117.681477	3.7
834	5575.379394	0.000000	0.000073	144.598851	3.7
835	5504.506858	0.001365	0.000073	67.652775	3.8
836	5626.156374	0.000369	0.000073	140.445205	3.7
837	5629.825584	0.000000	0.000073	102.955061	6.6
838	5714.773944	0.000000	0.000073	90.127347	4.5
839	5612.189868	0.000000	0.000073	106.676382	3.4
840	5546.350522	0.000000	0.000073	109.943357	5.8
841	5618.446556	0.000000	0.000073	95.950546	6.2
842	5739.339889	0.000000	0.000073	112.157657	5.0
843	5833.176178	0.000000	0.000073	129.161096	6.5
844	5558.867955	0.000000	0.000073	72.053084	3.6
845	5652.649676	0.000000	0.000073	117.222822	4.0
846	5717.188212	0.000000	0.000073	117.322238	5.5
847	5669.226335	0.000000	0.000073	143.961961	7.7
848	5705.607489	0.001029	0.000073	105.699080	5.3
849	5505.973722	0.000000	0.000073	106.626904	10.3
850	5759.235413	0.000000	0.000073	100.654804	5.2
851	5722.279049	0.000000	0.000073	86.346934	5.2
852	5381.726245	0.000000	0.000073	80.369672	5.2
853	5449.680260	0.000000	0.000073	113.760594	5.0
854	5367.790893	0.000000	0.000073	85.652700	4.9
855	5521.616886	0.000000	0.000073	95.834710	4.9
856	5442.551949	0.000000	0.000073	76.883130	5.0
857	5809.926653	0.000000	0.000073	148.891534	4.5
858	5778.126625	0.000000	0.000073	92.411641	3.6
859	5578.896686	0.000000	0.000073	77.605932	3.6
860	5666.508062	0.000000	0.000073	75.397302	3.6
861	5569.806347	0.000000	0.000073	143.943291	3.3
862	5615.276203	0.000037	0.000073	96.675690	3.3
863	5495.441743	0.000000	0.000073	103.932917	5.0
864	5767.021973	0.000000	0.000073	120.706431	3.1
865	5482.839003	0.000000	0.000073	88.183474	5.8
866	5644.312579	0.000000	0.000073	85.812881	5.0
867	5616.568853	0.000000	0.000073	111.276904	4.7
868	5547.634556	0.000000	0.000073	223.427191	5.1
869	5787.627777	0.001371	0.000073	192.412537	4.9
870	5815.027220	0.009663	0.000073	115.518999	3.0
871	5479.097432	0.011588	0.000073	177.560920	5.0
872	5700.919878	0.007989	0.000073	91.617394	3.3
873	5696.789570	0.006020	0.000073	133.855834	3.2
874	5705.274989	0.005542	0.000073	163.802758	3.2
875	5504.594946	0.001835	0.000073	80.688854	3.2
876	5804.532589	0.000000	0.000073	111.205930	3.4
877	5741.334710	0.000000	0.000073	97.679951	6.4
878	5656.766491	0.000000	0.000073	132.894836	3.8
879	5626.908414	0.000000	0.000073	91.993524	4.0
880	5618.127271	0.000000	0.000073	80.342626	4.6
881	5582.049106	0.000000	0.000073	84.277384	5.5
882	5487.095747	0.000000	0.000073	78.918732	4.2
883	5763.668264	0.000000	0.000073	86.659020	5.3
884	5455.123133	0.000000	0.000073	112.160056	5.0
885	5505.679610	0.000000	0.000073	159.024244	4.8
886	5555.387893	0.000182	0.000073	155.808267	3.7
887	5526.082613	0.002762	0.000073	89.190327	3.8
888	5624.997317	0.001801	0.000073	90.094332	4.7
889	5465.502936	0.001119	0.000073	69.325253	6.5
890	5638.276901	0.000083	0.000073	84.588406	5.0
891	5488.987517	0.000000	0.000073	131.576046	2.8
892	5637.325662	0.000000	0.000073	89.330214	5.1
893	5725.182007	0.000000	0.000073	103.969973	3.1
894	5671.769263	0.000000	0.000073	94.992331	4.9
895	5529.495285	0.000000	0.000073	181.098963	5.2
896	5575.470111	0.000000	0.000073	87.294376	5.2
897	5445.634936	0.000000	0.000073	75.604403	5.1
898	5553.514387	0.000000	0.000073	101.121705	4.8
899	5680.090704	0.000000	0.000073	76.683686	3.4
900	5587.283882	0.000000	0.000073	112.291767	3.6
901	5672.838957	0.000000	0.000073	103.081158	2.4
902	5579.835856	0.000000	0.000073	115.747590	5.8
903	5633.706082	0.000000	0.000073	102.638460	4.9
904	5619.493732	0.000000	0.000073	111.755250	4.4
905	5543.175785	0.000000	0.000073	117.228528	4.4
906	5641.897534	0.000000	0.000073	76.079743	3.4
907	5695.490838	0.000000	0.000073	124.616041	3.5
908	5524.210674	0.000000	0.000073	109.059978	5.7
909	5609.599160	0.000000	0.000073	106.925102	3.9
910	5570.397038	0.000000	0.000073	157.455304	3.9
911	5499.260859	0.000181	0.000073	89.005863	5.6
912	5428.127817	0.000000	0.000073	126.309879	5.5
913	5851.700805	0.000000	0.000073	99.951539	4.3
914	5724.259570	0.000291	0.000073	97.020618	5.8
915	5637.889793	0.000448	0.000073	122.511683	4.0
916	5469.677864	0.000000	0.000073	175.840114	3.9
917	5573.584053	0.001201	0.000073	136.098274	3.8
918	5570.172488	0.004166	0.000073	128.886388	3.9
919	5585.719116	0.000960	0.000073	114.842995	3.7
920	5513.770003	0.000000	0.000073	98.868345	3.3
921	5546.713415	0.000000	0.000073	138.933492	3.2
922	5565.877807	0.000000	0.000073	72.587802	3.4
923	5323.258705	0.000000	0.000073	136.636266	5.2
924	5570.882174	0.000000	0.000073	71.111406	5.2
925	5479.131087	0.000000	0.000073	71.928374	3.8
926	5632.232517	0.000000	0.000073	88.073288	3.8
927	5382.812276	0.000000	0.000073	87.513772	3.7
928	5839.074920	0.000000	0.000073	100.834093	4.3
929	5455.940772	0.000000	0.000073	78.231044	4.7
930	5468.500413	0.000000	0.000073	184.432535	6.3
931	5484.586190	0.000000	0.000073	130.406694	4.8
932	5542.540094	0.000000	0.000073	100.804698	4.5
933	5636.565443	0.000000	0.000073	88.064667	4.4
934	5495.898040	0.000000	0.000073	144.958768	11.6
935	5494.016487	0.000372	0.000073	147.822667	3.8
936	5508.784853	0.000000	0.000073	82.098017	7.4
937	5721.200495	0.000000	0.000073	102.220155	3.8
938	5665.474045	0.000000	0.000073	145.134255	3.7
939	5656.228969	0.000000	0.000073	78.599591	3.9
940	5742.366645	0.000157	0.000073	130.527216	9.3
941	5654.625825	0.000000	0.000073	141.935163	3.0
942	5840.580094	0.000000	0.000073	160.156894	3.0
943	5593.492425	0.001006	0.000073	124.691961	3.7
944	5533.949195	0.002581	0.000073	107.668770	4.1
945	5431.390320	0.002916	0.000073	112.876097	4.0
946	5620.046221	0.002205	0.000073	79.537277	3.6
947	5566.377385	0.000580	0.000073	93.660644	3.8
948	5599.506541	0.000000	0.000073	99.101401	6.5
949	5658.033462	0.000000	0.000073	129.341511	6.6
950	5627.774732	0.000000	0.000073	71.235174	2.7
951	5495.896976	0.000000	0.000073	131.813823	2.6
952	5772.852878	0.000000	0.000073	120.526809	2.7
953	5572.366895	0.001397	0.000073	106.211268	4.5
954	5459.460790	0.000161	0.000073	94.205323	4.9
955	5546.997800	0.000000	0.000073	207.498359	4.4
956	5654.467963	0.001497	0.000073	105.858433	3.5
957	5457.746565	0.000000	0.000073	112.370551	3.7
958	5333.291444	0.000000	0.000073	132.240016	4.1
959	5407.178894	0.000000	0.000073	65.909393	4.1
960	5628.611987	0.000000	0.000073	118.874000	4.4
961	5653.433795	0.000000	0.000073	75.428193	6.8
962	5597.027710	0.000000	0.000073	93.696619	2.7
963	5641.784953	0.000000	0.000073	80.913036	4.5
964	5587.155377	0.000000	0.000073	118.498211	3.0
965	5876.542605	0.000000	0.000073	136.823195	2.8
966	5623.843282	0.000000	0.000073	111.721326	14.6
967	5607.353330	0.000567	0.000073	80.700995	6.1
968	5605.402979	0.000000	0.000073	87.068392	8.7
969	5628.755468	0.000000	0.000073	105.936073	4.7
970	5466.360758	0.000000	0.000073	111.152194	3.2
971	5548.488271	0.000000	0.000073	73.699048	2.2
972	5494.575972	0.000000	0.000073	105.514813	3.5
973	5473.414349	0.000000	0.000073	92.712063	3.7
974	5591.879775	0.000000	0.000073	128.450333	3.2
975	5686.099749	0.000000	0.000073	146.127262	3.8
976	5516.542095	0.000000	0.000073	69.750920	2.9
977	5673.573349	0.000000	0.000073	144.765059	5.3
978	5778.148793	0.000000	0.000073	70.597116	4.3
979	5496.646120	0.000000	0.000073	90.437318	5.1
980	5587.461074	0.000000	0.000073	131.146605	3.8
981	5792.588742	0.000000	0.000073	66.524261	4.6
982	5592.318140	0.000000	0.000073	114.022479	5.1
983	5508.262538	0.000000	0.000073	94.955262	5.6
984	5522.347635	0.000000	0.000073	115.665643	5.1
985	5465.756934	0.000170	0.000073	185.302665	5.1
986	5557.431318	0.000000	0.000073	148.130412	6.2
987	5605.748046	0.003310	0.000073	89.886739	4.3
988	5437.298305	0.002611	0.000073	91.393417	3.1
989	5664.570332	0.001100	0.000073	82.873091	1.9
990	5648.552213	0.000000	0.000073	72.658617	2.8
991	5719.578072	0.000000	0.000073	79.429295	4.5
992	5811.027956	0.000000	0.000073	123.074867	6.7
993	5345.916431	0.000000	0.000073	82.755226	2.5
994	5645.869466	0.000000	0.000073	98.390526	3.7
995	5545.179742	0.000000	0.000073	84.262401	3.1
996	5286.364183	0.000000	0.000073	134.827051	3.0
997	5567.519718	0.000729	0.000073	100.306539	3.9
998	5472.990372	0.000000	0.000073	104.631707	3.4
999	5715.542301	0.000000	0.000073	184.170744	3.3
1000	5572.852925	0.000000	0.000073	127.700035	3.7
1001	5738.508275	0.002892	0.000073	81.725764	4.4
1002	5519.148748	0.002337	0.000073	111.441840	3.3
1003	5720.447649	0.001895	0.000073	97.372089	3.7
1004	5774.139857	0.000558	0.000073	77.844857	3.8
1005	5537.414224	0.000000	0.000073	83.465743	5.3
1006	5881.248134	0.000000	0.000073	126.262008	3.2
1007	5839.889288	0.000000	0.000073	79.172552	3.1
1008	5503.551037	0.000000	0.000073	120.038659	3.3
1009	5499.245601	0.000000	0.000073	78.156793	5.3
1010	5551.345650	0.000000	0.000073	135.788612	4.8
1011	5458.877191	0.000000	0.000073	73.721476	3.8
1012	5593.255681	0.000000	0.000073	84.912085	5.1
1013	5718.282739	0.000000	0.000073	101.624620	3.7
1014	5316.503867	0.000000	0.000073	117.039645	3.7
1015	5608.795627	0.000000	0.000073	85.283801	3.8
1016	5574.823302	0.000000	0.000073	115.771875	3.7
1017	5620.230213	0.000000	0.000073	91.447155	3.7
1018	5557.270451	0.000000	0.000073	75.855057	3.3
1019	5356.681027	0.000000	0.000073	94.025169	4.5
1020	5640.478967	0.000000	0.000073	127.011356	4.1
1021	5686.821238	0.000123	0.000073	190.441684	6.0
1022	5569.379315	0.002360	0.000073	133.298722	5.2
1023	5474.082276	0.000648	0.000073	74.190326	3.9
1024	5745.074010	0.000000	0.000073	91.995243	3.7
1025	5702.971168	0.000000	0.000073	68.360226	2.7
1026	5542.632705	0.000000	0.000073	121.300649	5.0
1027	5295.495241	0.000000	0.000073	91.986205	2.7
1028	5492.296497	0.000000	0.000073	91.496039	5.0
1029	5392.355062	0.000000	0.000073	158.528591	3.7
1030	5426.313060	0.001127	0.000073	102.826959	5.3
1031	5588.205856	0.000000	0.000073	92.501237	5.8
1032	5528.669389	0.000000	0.000073	82.114453	2.6
1033	5537.696344	0.000000	0.000073	107.175771	5.6
1034	5614.071520	0.000000	0.000073	73.981385	2.7
1035	5438.259000	0.000000	0.000073	133.247536	5.5
1036	5445.096543	0.000000	0.000073	75.066754	3.0
1037	5681.871803	0.000000	0.000073	166.682760	4.8
1038	5545.188815	0.000476	0.000073	134.641684	3.8
1039	5511.943750	0.003340	0.000073	140.922754	4.1
1040	5705.940503	0.002033	0.000073	80.854149	3.6
1041	5591.222103	0.001736	0.000073	110.219616	5.5
1042	5537.927713	0.001367	0.000073	107.152108	6.1
1043	5533.095364	0.001326	0.000073	85.013050	4.9
1044	5692.186867	0.001153	0.000073	107.843800	4.8
1045	5604.915504	0.000933	0.000073	107.941572	4.7
1046	5739.768265	0.000115	0.000073	65.869841	4.7
1047	5502.423477	0.000000	0.000073	194.992640	4.4
1048	5586.358941	0.000000	0.000073	94.957105	5.3
1049	5690.184171	0.000000	0.000073	107.510754	5.2
1050	5639.113331	0.000000	0.000073	83.283364	4.9
1051	5584.930857	0.000000	0.000073	83.794244	4.9
1052	5643.003689	0.000000	0.000073	74.663603	4.6
1053	5528.609896	0.000000	0.000073	75.758490	4.9
1054	5418.913003	0.000000	0.000073	77.917819	3.8
1055	5392.697735	0.000000	0.000073	83.688711	3.8
1056	5442.690266	0.000000	0.000073	135.108285	5.1
1057	5748.685835	0.000000	0.000073	143.901079	5.1
1058	5365.234676	0.000000	0.000073	151.089908	4.7
1059	5342.671805	0.002788	0.000073	80.711197	4.0
1060	5713.724174	0.002028	0.000073	96.203890	3.8
1061	5386.802986	0.001468	0.000073	134.665365	5.4
1062	5647.630215	0.000000	0.000073	119.052307	3.6
1063	5376.106426	0.000000	0.000073	75.686997	6.9
1064	5793.531467	0.000000	0.000073	125.321149	5.3
1065	5687.299835	0.000000	0.000073	83.997601	4.1
1066	5586.516320	0.000000	0.000073	150.559914	4.1
1067	5484.408735	0.000000	0.000073	65.467963	4.4
1068	5786.282627	0.000000	0.000073	115.409022	5.5
1069	5462.208268	0.000000	0.000073	110.862210	5.1
1070	5375.698299	0.000331	0.000073	68.535003	5.8
1071	5720.667096	0.000000	0.000073	174.628625	4.6
1072	5726.680174	0.000000	0.000073	109.003422	3.9
1073	5595.602611	0.001001	0.000073	82.605829	4.0
1074	5574.884390	0.000161	0.000073	107.759826	5.6
1075	5351.928045	0.000000	0.000073	62.984386	3.1
1076	5507.165247	0.000000	0.000073	83.745882	3.1
1077	5512.799098	0.000000	0.000073	116.155273	3.0
1078	5776.744608	0.000153	0.000073	123.120313	5.5
1079	5348.118504	0.000000	0.000073	80.386730	5.3
1080	5434.652823	0.000000	0.000073	115.142547	4.8
1081	5448.422439	0.000000	0.000073	130.330714	5.3
1082	5544.071408	0.001126	0.000073	136.880068	3.1
1083	5533.833930	0.000000	0.000073	79.929124	3.1
1084	5825.684648	0.000000	0.000073	160.606188	5.2
1085	5632.363032	0.000000	0.000073	130.185882	3.6
1086	5410.469187	0.000000	0.000073	111.014755	5.3
1087	5575.179439	0.001680	0.000073	96.712484	4.8
1088	5616.177540	0.000123	0.000073	75.518017	4.8
1089	5610.854556	0.000000	0.000073	61.447207	5.3
1090	5696.001068	0.000000	0.000073	107.766322	3.7
1091	5427.282072	0.000000	0.000073	60.427852	4.6
1092	5536.571205	0.000000	0.000073	71.396687	4.4
1093	5475.178500	0.000000	0.000073	94.704892	3.8
1094	5433.135488	0.000000	0.000073	92.038080	4.3
1095	5465.633909	0.000000	0.000073	113.016433	7.3
1096	5670.569407	0.000000	0.000073	93.351102	4.7
1097	5839.036521	0.000000	0.000073	94.413641	5.0
1098	5458.171068	0.000000	0.000073	75.106584	5.2
1099	5665.990150	0.000000	0.000073	94.248935	4.9
1100	5568.586608	0.000000	0.000073	67.882629	5.0
1101	5635.628129	0.000000	0.000073	99.655672	4.8
1102	5360.050913	0.000000	0.000073	63.303968	5.4
1103	5465.519128	0.000000	0.000073	70.683995	5.3
1104	6000.107456	0.000000	0.000073	75.210751	5.3
1105	5737.689634	0.000000	0.000073	154.782152	4.2
1106	5504.683614	0.000000	0.000073	118.790178	5.5
1107	5388.230084	0.000000	0.000073	82.417213	4.4
1108	5670.177938	0.000000	0.000073	71.348976	6.3
1109	5601.532145	0.000000	0.000073	84.938500	4.9
1110	5568.865902	0.000000	0.000073	82.270679	4.9
1111	5446.407623	0.000000	0.000073	125.898828	5.6
1112	5575.364482	0.000000	0.000073	196.318145	5.9
1113	5453.676514	0.001276	0.000073	156.932414	4.2
1114	5558.946411	0.001813	0.000073	95.771904	5.1
1115	5458.209321	0.000000	0.000073	97.400877	6.9
1116	5515.919760	0.000111	0.000073	91.345331	5.3
1117	5414.775043	0.000000	0.000073	67.013658	6.0
1118	5539.167218	0.000000	0.000073	100.678230	5.9
1119	5734.082209	0.000000	0.000073	90.341072	6.1
1120	5706.637807	0.000000	0.000073	115.139696	4.7
1121	5447.083062	0.000729	0.000073	99.959052	3.6
1122	5525.777891	0.000676	0.000073	86.383491	4.5
1123	5649.751737	0.000000	0.000073	104.579916	4.2
1124	5431.492931	0.000000	0.000073	160.603955	4.7
1125	5303.360489	0.000000	0.000073	120.057600	3.4
1126	5666.248708	0.002310	0.000073	103.154014	3.3
1127	5676.816515	0.002807	0.000073	166.668271	3.4
1128	5434.074881	0.004424	0.000073	112.590033	3.3
1129	5569.438514	0.006136	0.000073	131.858552	6.8
1130	5606.987790	0.007170	0.000073	81.415781	3.0
1131	5823.789487	0.005912	0.000073	74.648061	3.2
1132	5579.167635	0.005110	0.000073	85.123815	3.4
1133	5594.365315	0.004233	0.000073	76.228551	3.6
1134	5482.202522	0.003292	0.000073	80.412863	3.6
1135	5831.421227	0.002251	0.000073	133.900289	3.7
1136	5736.206470	0.000487	0.000073	128.877763	6.7
1137	5572.200947	0.000000	0.000073	69.672042	6.7
1138	5693.405011	0.000000	0.000073	123.389022	5.3
1139	5576.774480	0.000000	0.000073	97.488955	5.1
1140	5579.744223	0.000289	0.000073	96.763076	5.3
1141	5325.758364	0.000000	0.000073	73.247088	4.7
1142	5560.404141	0.000000	0.000073	75.200045	4.3
1143	5630.458081	0.000000	0.000073	132.952203	3.9
1144	5232.305917	0.000000	0.000073	103.934916	4.5
1145	5757.630232	0.000000	0.000073	119.570846	5.3
1146	5545.257981	0.000000	0.000073	87.139116	5.0
1147	5545.787141	0.000000	0.000073	127.544442	5.0
1148	5457.614696	0.000000	0.000073	108.906468	5.3
1149	5607.913946	0.000000	0.000073	100.483279	4.4
1150	5580.741884	0.000000	0.000073	125.976629	3.8
1151	5529.522730	0.000000	0.000073	68.932545	4.0
1152	5621.813267	0.000000	0.000073	116.420236	3.1
1153	5378.583970	0.000000	0.000073	110.630342	3.0
1154	5402.066579	0.000000	0.000073	118.855557	2.9
1155	5566.743681	0.000000	0.000073	112.855936	4.5
1156	5578.051998	0.000000	0.000073	102.014451	4.1
1157	5710.567595	0.000000	0.000073	110.561238	6.1
1158	5650.632706	0.000000	0.000073	127.760588	4.6
1159	5310.379659	0.000000	0.000073	68.545941	4.9
1160	5333.084159	0.000000	0.000073	97.203035	4.2
1161	5323.403977	0.000000	0.000073	130.775866	7.8
1162	5626.713486	0.000000	0.000073	88.428222	4.9
1163	5682.282137	0.000000	0.000073	74.854548	3.9
1164	5389.645263	0.000000	0.000073	103.307708	5.8
1165	5743.083518	0.000259	0.000073	139.287978	3.7
1166	5494.548688	0.001640	0.000073	103.474300	3.4
1167	5403.308900	0.002944	0.000073	90.374212	5.2
1168	5547.389882	0.002716	0.000073	107.953235	4.3
1169	5590.335724	0.001180	0.000073	119.284247	4.7
1170	5650.838498	0.000002	0.000073	112.795036	4.6
1171	5412.799985	0.000293	0.000073	74.414353	3.3
1172	5467.902663	0.000000	0.000073	123.491691	5.1
1173	5599.675440	0.000000	0.000073	95.618812	4.6
1174	5883.092093	0.000000	0.000073	79.783110	5.8
1175	5456.267661	0.000000	0.000073	113.926158	4.4
1176	5637.643804	0.000000	0.000073	189.551353	4.9
1177	5629.416413	0.000314	0.000073	116.482169	5.3
1178	5563.019848	0.003593	0.000073	161.370823	5.3
1179	5431.571863	0.005927	0.000073	86.463450	5.4
1180	5517.183553	0.003508	0.000073	127.790702	4.5
1181	5346.446835	0.003514	0.000073	104.691527	6.0
1182	5425.154067	0.000934	0.000073	79.743983	5.0
1183	5431.991887	0.001652	0.000073	169.247262	5.2
1184	5602.805836	0.003157	0.000073	129.842560	5.3
1185	5438.121476	0.000000	0.000073	89.580967	5.5
1186	5227.255527	0.001174	0.000073	93.560077	5.1
1187	5591.979619	0.001440	0.000073	123.093102	5.0
1188	5584.895362	0.002048	0.000073	90.653858	8.2
1189	5578.533217	0.000156	0.000073	79.411906	5.2
1190	5387.418463	0.000000	0.000073	66.465578	4.2
1191	5466.951006	0.000000	0.000073	107.507078	6.5
1192	5500.169401	0.000000	0.000073	81.465527	5.3
1193	5530.967472	0.000000	0.000073	132.102448	5.2
1194	5500.703536	0.000000	0.000073	93.885659	5.1
1195	5661.785376	0.000000	0.000073	121.561175	5.3
1196	5732.551570	0.000820	0.000073	89.093735	4.8
1197	5693.090606	0.000000	0.000073	72.815794	4.6
1198	5681.532351	0.000000	0.000073	86.831684	3.9
1199	5579.833190	0.000000	0.000073	137.648278	5.5
1200	5400.558277	0.000973	0.000073	116.781949	5.2
1201	5676.547236	0.002468	0.000073	133.357823	5.7
1202	5665.654808	0.004601	0.000073	209.586854	5.2
1203	5739.871689	0.009938	0.000073	66.371014	7.6
1204	5594.080484	0.009511	0.000073	103.246402	5.2
1205	5966.313760	0.008446	0.000073	95.652393	4.9
1206	5484.820579	0.007288	0.000073	105.326507	5.8
1207	5305.907894	0.007414	0.000073	60.662040	4.7
1208	5285.155403	0.006680	0.000073	65.819822	5.3
1209	5468.609091	0.006421	0.000073	82.648562	4.9
1210	5226.504484	0.005826	0.000073	99.680034	3.6
1211	5476.213194	0.005685	0.000073	155.523553	4.6
1212	5575.303728	0.006474	0.000073	75.728762	6.4
1213	5508.295268	0.004601	0.000073	123.579229	3.8
1214	5584.158360	0.004628	0.000073	148.321917	3.7
1215	5418.530314	0.006568	0.000073	64.250511	3.8
1216	5424.635508	0.006420	0.000073	67.097454	3.8
1217	5475.607014	0.005623	0.000073	82.836027	5.2
1218	5191.262449	0.005026	0.000073	66.007282	3.3
1219	5549.035632	0.003941	0.000073	98.506087	3.4
1220	5750.611595	0.003012	0.000073	182.949919	3.3
1221	5538.585501	0.000756	0.000073	72.813815	3.7
1222	5529.735538	0.000000	0.000073	98.399814	6.8
1223	5536.207201	0.000000	0.000073	105.439107	3.9
1224	5494.791256	0.000269	0.000073	92.009219	4.7
1225	5434.681218	0.000000	0.000073	133.399466	4.9
1226	5692.249296	0.000201	0.000073	91.712548	4.9
1227	5545.437336	0.000000	0.000073	121.978737	3.9
1228	5607.173508	0.000000	0.000073	163.580319	4.0
1229	5579.172109	0.000000	0.000073	141.093789	3.8
1230	5399.718520	0.000000	0.000073	75.262845	3.5
1231	5415.666339	0.000000	0.000073	77.761615	3.5
1232	5551.657166	0.000000	0.000073	143.656881	3.8
1233	5541.111780	0.000000	0.000073	94.646673	5.1
1234	5524.095480	0.000000	0.000073	134.909593	6.0
1235	5538.570740	0.001119	0.000073	99.052623	3.5
1236	5471.432875	0.000000	0.000073	77.156213	5.2
1237	5319.009172	0.000000	0.000073	83.513541	5.3
1238	5567.180224	0.000000	0.000073	165.899004	4.9
1239	5540.488523	0.000000	0.000073	86.405928	5.8
1240	5636.608176	0.000000	0.000073	107.107859	5.2
1241	5718.234166	0.000000	0.000073	70.099055	4.6
1242	5369.780674	0.000000	0.000073	127.598096	4.1
1243	5690.422245	0.000000	0.000073	99.053731	3.6
1244	5409.200529	0.000524	0.000073	126.129196	4.5
1245	5601.373471	0.000000	0.000073	89.102022	4.0
1246	5359.311386	0.000128	0.000073	82.239022	3.4
1247	5386.297810	0.000472	0.000073	84.688673	3.4
1248	5632.101239	0.000000	0.000073	133.941873	2.9
1249	5311.885461	0.000000	0.000073	67.898191	3.2
1250	5438.400755	0.000000	0.000073	114.556680	4.8
1251	5290.475394	0.000000	0.000073	77.924923	2.4
1252	5396.011871	0.000413	0.000073	81.898289	2.4
1253	5590.495909	0.000490	0.000073	65.222000	5.6
1254	5566.709391	0.000000	0.000073	131.837068	3.0
1255	5400.628398	0.000000	0.000073	108.652294	4.9
1256	5499.790087	0.000000	0.000073	117.404724	5.0
1257	5452.542843	0.001071	0.000073	89.012160	3.7
1258	5500.653929	0.002061	0.000073	85.107785	4.2
1259	5509.747516	0.000706	0.000073	54.581609	4.2
1260	5648.947865	0.000059	0.000073	138.112863	4.2
1261	5580.758972	0.000081	0.000073	77.216487	3.8
1262	5360.922725	0.001082	0.000073	76.554184	3.8
1263	5623.740511	0.000446	0.000073	72.500931	3.5
1264	5680.692675	0.000064	0.000073	149.491396	5.0
1265	5322.444864	0.000000	0.000073	94.593153	3.5
1266	5741.660401	0.000334	0.000073	96.714567	3.0
1267	5448.772819	0.000146	0.000073	102.835673	5.5
1268	5407.056363	0.000167	0.000073	114.580636	5.0
1269	5379.255410	0.000000	0.000073	108.487374	5.1
1270	5700.196318	0.001074	0.000073	194.034309	4.1
1271	5447.749732	0.000000	0.000073	117.105028	4.0
1272	5381.288641	0.001401	0.000073	55.563005	3.9
1273	5514.597520	0.000885	0.000073	58.593359	3.9
1274	5330.711852	0.000285	0.000073	124.668356	4.8
1275	5522.203757	0.000000	0.000073	152.161919	3.9
1276	5596.404199	0.000000	0.000073	73.562511	5.4
1277	5591.007115	0.000237	0.000073	188.619762	5.2
1278	5438.956988	0.000000	0.000073	124.525525	5.3
1279	5584.826011	0.000000	0.000073	69.245614	4.2
1280	5587.428613	0.000000	0.000073	145.254999	4.5
1281	5726.837841	0.000000	0.000073	92.485585	4.6
1282	5428.540029	0.000000	0.000073	137.814789	4.5
1283	5487.214759	0.000000	0.000073	147.455819	3.9
1284	5495.398571	0.000521	0.000073	145.668780	6.1
1285	5855.095587	0.000000	0.000073	98.971594	4.2
1286	5342.994418	0.000000	0.000073	69.440103	4.1
1287	5420.828620	0.000038	0.000073	61.875598	4.4
1288	5534.230920	0.000000	0.000073	104.714162	3.1
1289	5417.248095	0.000000	0.000073	69.185805	3.3
1290	5645.980295	0.000000	0.000073	102.100761	5.0
1291	5401.211538	0.000000	0.000073	76.499563	3.1
1292	5336.120602	0.000162	0.000073	129.982492	5.0
1293	5533.566035	0.000841	0.000073	87.882907	3.4
1294	5383.055885	0.001019	0.000073	70.098961	3.4
1295	5372.905116	0.000321	0.000073	95.096280	3.1
1296	5469.242230	0.000000	0.000073	88.755252	3.8
1297	5564.448545	0.000000	0.000073	75.813507	4.8
1298	5403.613777	0.000000	0.000073	95.322501	3.6
1299	5484.560110	0.000000	0.000073	67.548871	4.4
1300	5433.294381	0.000000	0.000073	93.068338	2.8
1301	5397.310800	0.000000	0.000073	84.931922	5.8
1302	5685.547270	0.000000	0.000073	88.526944	2.5
1303	5564.030406	0.000000	0.000073	74.366239	6.3
1304	5677.718135	0.000000	0.000073	108.099844	3.1
1305	5406.541187	0.000000	0.000073	59.671642	4.7
1306	5393.956319	0.000000	0.000073	97.854646	4.7
1307	5350.187796	0.000000	0.000073	89.765358	4.9
1308	5385.778168	0.000000	0.000073	150.345492	4.5
1309	5417.187560	0.000000	0.000073	76.747072	4.5
1310	5362.898381	0.000000	0.000073	73.959700	4.7
1311	5569.760258	0.000000	0.000073	88.847250	4.6
1312	5427.229827	0.000000	0.000073	152.130069	5.6
1313	5255.062942	0.000000	0.000073	141.427586	5.0
1314	5632.495599	0.003744	0.000073	79.405694	5.3
1315	5506.678220	0.004471	0.000073	142.652456	5.3
1316	5499.337064	0.005294	0.000073	110.094114	4.2
1317	5432.264091	0.006886	0.000073	62.743581	5.0
1318	5573.263441	0.005709	0.000073	85.985682	4.2
1319	5555.053090	0.005638	0.000073	133.368053	4.8
1320	5445.287422	0.006718	0.000073	134.921792	3.2
1321	5440.834290	0.005635	0.000073	59.682766	2.9
1322	5529.871156	0.005540	0.000073	70.850918	3.0
1323	5698.545147	0.005157	0.000073	159.543022	6.1
1324	5534.975357	0.003368	0.000073	68.283700	4.2
1325	5441.934844	0.001322	0.000073	74.803248	4.0
1326	5509.980043	0.000304	0.000073	81.931877	4.6
1327	5384.714158	0.000038	0.000073	54.624855	4.3
1328	5801.308199	0.000000	0.000073	128.384350	4.5
1329	5323.401388	0.000000	0.000073	106.971085	3.9
1330	5256.256674	0.001763	0.000073	67.938230	3.5
1331	5275.829077	0.001673	0.000073	90.086653	5.8
1332	5586.184528	0.000673	0.000073	93.194314	5.6
1333	5550.956875	0.000652	0.000073	92.551883	5.2
1334	5539.994397	0.000000	0.000073	84.076396	4.5
1335	5527.516960	0.000000	0.000073	92.241263	5.7
1336	5310.542873	0.000129	0.000073	64.205020	3.3
1337	5355.271002	0.000000	0.000073	121.187556	4.9
1338	5518.191621	0.000000	0.000073	113.635606	5.1
1339	5620.497561	0.000000	0.000073	152.331961	5.0
1340	5544.448733	0.000000	0.000073	62.687777	4.3
1341	5692.676250	0.000000	0.000073	106.421256	4.0
1342	5570.741492	0.000000	0.000073	95.919706	5.3
1343	5699.846897	0.000000	0.000073	127.830996	5.5
1344	5456.058530	0.000000	0.000073	142.085761	4.4
1345	5437.574836	0.000000	0.000073	117.180535	4.3
1346	5712.926370	0.000000	0.000073	117.455041	5.4
1347	5427.255290	0.001530	0.000073	132.476171	4.5
1348	5512.232586	0.002469	0.000073	60.846368	5.1
1349	5470.379997	0.002565	0.000073	125.829794	5.6
1350	5339.953597	0.001453	0.000073	82.502564	2.5
1351	5511.530657	0.001313	0.000073	82.517049	2.7
1352	5624.143832	0.001564	0.000073	76.795977	4.1
1353	5649.162645	0.001600	0.000073	85.565397	3.5
1354	5647.027868	0.001548	0.000073	84.536451	4.2
1355	5379.704104	0.000405	0.000073	56.411257	4.6
1356	5383.551455	0.000000	0.000073	87.128576	3.2
1357	5341.423389	0.000181	0.000073	127.234680	4.4
1358	5395.304681	0.000000	0.000073	76.414894	5.3
1359	5441.829616	0.000423	0.000073	61.403531	4.9
1360	5473.674714	0.000204	0.000073	127.573494	5.4
1361	5491.768550	0.000142	0.000073	143.909759	8.3
1362	5640.928188	0.000665	0.000073	172.964762	7.3
1363	5744.402065	0.000000	0.000073	88.324160	5.5
1364	5498.492585	0.001594	0.000073	74.216571	5.1
1365	5411.743240	0.000609	0.000073	101.086967	4.8
1366	5505.398181	0.000000	0.000073	77.669407	4.8
1367	5751.878131	0.000000	0.000073	95.178721	4.0
1368	5471.466913	0.000000	0.000073	95.490851	3.8
1369	5379.044249	0.000000	0.000073	102.233876	3.8
1370	5504.598743	0.000000	0.000073	79.299117	4.7
1371	5534.644013	0.000000	0.000073	120.089162	5.8
1372	5325.035154	0.000000	0.000073	112.558186	5.1
1373	5396.881451	0.000000	0.000073	115.372227	5.0
1374	5421.434624	0.000000	0.000073	86.588367	4.4
1375	5385.302838	0.000000	0.000073	172.232214	3.7
1376	5402.837629	0.000000	0.000073	76.451111	3.6
1377	5304.561170	0.000000	0.000073	73.794205	3.6
1378	5373.441302	0.000000	0.000073	69.218763	4.7
1379	5515.948419	0.000000	0.000073	192.782932	3.8
1380	5552.231617	0.000000	0.000073	132.161263	5.4
1381	5581.958179	0.000000	0.000073	94.275934	4.0
1382	5423.255234	0.000912	0.000073	76.308998	4.4
1383	5640.223171	0.000822	0.000073	176.516401	4.4
1384	5756.829470	0.002261	0.000073	65.456099	3.8
1385	5284.268981	0.001466	0.000073	153.453297	5.7
1386	5566.248207	0.000632	0.000073	68.206852	3.8
1387	5424.868443	0.001143	0.000073	94.411589	7.5
1388	5480.086469	0.000026	0.000073	117.523426	4.7
1389	5378.156392	0.000000	0.000073	64.564523	5.5
1390	5539.382821	0.000000	0.000073	66.819894	6.7
1391	5635.496971	0.000000	0.000073	85.719503	2.6
1392	5511.921659	0.000000	0.000073	182.051328	3.2
1393	5486.303315	0.001193	0.000073	100.857655	4.4
1394	5742.286023	0.003887	0.000073	69.890435	2.7
1395	5413.218821	0.003284	0.000073	62.834264	2.5
1396	5308.146442	0.002622	0.000073	68.507022	4.3
1397	5352.876621	0.001765	0.000073	146.396974	4.7
1398	5463.735507	0.002053	0.000073	107.629445	4.8
1399	5586.522971	0.003922	0.000073	75.122524	4.9
1400	5429.198933	0.003314	0.000073	108.145126	5.0
1401	5592.257053	0.002958	0.000073	88.428442	3.4
1402	5304.175096	0.003561	0.000073	107.759606	3.3
1403	5563.921449	0.002248	0.000073	74.140204	3.3
1404	5375.563955	0.001261	0.000073	166.465089	5.6
1405	5438.225562	0.001267	0.000073	61.164502	3.1
1406	5507.484651	0.001360	0.000073	79.577223	3.1
1407	5513.496048	0.001225	0.000073	237.661068	3.3
1408	5429.816243	0.003950	0.000073	157.692979	6.4
1409	5351.314930	0.000000	0.000073	87.670340	3.4
1410	5390.216079	0.000000	0.000073	85.948693	3.3
1411	5438.553989	0.000000	0.000073	94.728461	3.5
1412	5428.291668	0.000000	0.000073	129.008227	4.2
1413	5407.354835	0.000000	0.000073	137.167385	5.2
1414	5419.180708	0.001261	0.000073	67.830857	4.0
1415	5595.430701	0.000520	0.000073	77.903355	4.2
1416	5349.865630	0.000000	0.000073	76.566447	3.3
1417	5671.134958	0.000185	0.000073	126.789410	5.1
1418	5709.540377	0.000636	0.000073	74.871627	5.1
1419	5561.052883	0.000951	0.000073	114.571457	5.3
1420	5544.023534	0.000000	0.000073	93.314022	5.3
1421	5457.203430	0.000840	0.000073	63.419150	5.3
1422	5423.514280	0.000682	0.000073	47.817287	5.4
1423	5591.134538	0.000262	0.000073	84.937131	5.6
1424	5589.873214	0.000000	0.000073	84.188710	5.3
1425	5444.832357	0.000000	0.000073	141.357443	5.5
1426	5437.255439	0.000000	0.000073	69.771796	4.2
1427	5561.612904	0.000841	0.000073	59.763983	4.9
1428	5505.941755	0.000153	0.000073	113.439078	4.4
1429	5363.094809	0.000057	0.000073	135.080170	3.4
1430	5381.599048	0.000000	0.000073	67.583229	3.3
1431	5681.670165	0.000000	0.000073	105.111131	3.0
1432	5578.429215	0.000000	0.000073	146.508392	5.1
1433	5367.064310	0.001937	0.000073	79.140369	3.7
1434	5351.215734	0.000578	0.000073	102.473813	3.0
1435	5460.126865	0.000000	0.000073	87.411935	3.9
1436	5632.123244	0.000000	0.000073	100.463158	5.0
1437	5268.460384	0.000000	0.000073	69.213356	3.9
1438	5355.831095	0.000000	0.000073	135.957434	3.2
1439	5639.472908	0.000789	0.000073	104.876172	3.6
1440	5515.120181	0.000000	0.000073	114.316332	5.0
1441	5568.125588	0.000000	0.000073	113.346512	4.6
1442	5529.268434	0.000000	0.000073	82.709048	4.5
1443	5658.391995	0.000000	0.000073	119.506838	4.4
1444	5301.366089	0.000000	0.000073	123.647715	3.5
1445	5388.695094	0.001354	0.000073	86.501869	4.1
1446	5414.063557	0.001022	0.000073	79.397798	5.4
1447	5478.457972	0.000689	0.000073	82.029151	3.6
1448	5480.036524	0.000566	0.000073	51.989132	3.3
1449	5449.579025	0.000087	0.000073	208.902953	4.1
1450	5558.006099	0.000000	0.000073	72.733530	6.0
1451	5644.949169	0.000373	0.000073	133.951297	3.5
1452	5562.065149	0.000966	0.000073	62.235955	3.7
1453	5361.297180	0.000110	0.000073	58.313917	3.7
1454	5493.053719	0.000000	0.000073	99.752702	4.7
1455	5516.697056	0.000000	0.000073	184.247168	3.7
1456	5314.028729	0.000000	0.000073	116.206937	3.6
1457	5521.748392	0.004524	0.000073	49.376799	3.6
1458	5434.111940	0.004978	0.000073	93.440766	3.1
1459	5345.604155	0.005142	0.000073	61.952468	4.0
1460	5560.359498	0.004999	0.000073	99.796100	3.1
1461	5439.539720	0.004991	0.000073	63.197898	6.3
1462	5467.891667	0.005026	0.000073	116.176838	5.3
1463	5243.533837	0.004404	0.000073	61.451672	6.5
1464	5338.123784	0.003896	0.000073	65.144924	5.2
1465	5595.336758	0.003194	0.000073	129.233686	5.5
1466	5813.395418	0.001784	0.000073	94.471374	5.5
1467	5333.710978	0.003157	0.000073	102.911670	5.1
1468	5214.818518	0.003141	0.000073	78.423008	6.5
1469	5266.070321	0.001671	0.000073	150.217819	5.0
1470	5540.010716	0.000000	0.000073	55.067094	5.4
1471	5424.372813	0.000000	0.000073	140.986569	4.2
1472	5361.194509	0.000000	0.000073	66.081455	6.1
1473	5530.879438	0.000312	0.000073	156.325307	5.3
1474	5570.419231	0.000000	0.000073	94.111239	6.7
1475	5411.365253	0.000000	0.000073	70.943686	5.4
1476	5407.228467	0.000138	0.000073	109.227581	5.4
1477	5694.279238	0.000000	0.000073	86.227018	5.9
1478	5395.325922	0.000000	0.000073	90.677393	4.8
1479	5500.625762	0.000000	0.000073	82.239847	5.3
1480	5339.336566	0.000000	0.000073	89.885886	5.1
1481	5508.350382	0.000000	0.000073	102.949515	5.6
1482	5522.683190	0.000000	0.000073	78.668051	5.7
1483	5550.176622	0.000784	0.000073	81.556318	7.0
1484	5475.724899	0.000795	0.000073	67.907739	6.7
1485	5656.664881	0.000232	0.000073	69.868548	5.3
1486	5358.415772	0.000000	0.000073	66.053189	5.2
1487	5514.024385	0.000000	0.000073	58.742577	4.9
1488	5405.277055	0.000000	0.000073	63.452371	3.9
1489	5555.102410	0.000000	0.000073	126.147022	5.8
1490	5465.167450	0.000000	0.000073	114.431562	4.5
1491	5305.095934	0.000000	0.000073	71.284381	5.0
1492	5183.306904	0.000000	0.000073	64.311400	7.5
1493	5217.690222	0.000000	0.000073	73.324872	5.0
1494	5526.148838	0.000000	0.000073	55.002231	4.9
1495	5248.364964	0.000000	0.000073	81.853276	4.0
1496	5393.368895	0.000000	0.000073	97.845548	3.8
1497	5344.602177	0.000000	0.000073	95.044242	3.8
1498	5423.588396	0.000000	0.000073	137.757760	4.0
1499	5449.713273	0.001625	0.000073	78.009082	3.9
1500	5337.500961	0.003054	0.000073	78.337060	3.7
1501	5791.585445	0.003108	0.000073	79.647887	3.1
1502	5499.605411	0.002328	0.000073	119.877754	3.3
1503	5596.194606	0.002760	0.000073	96.261955	3.5
1504	5412.270919	0.002939	0.000073	116.273248	7.0
1505	5485.487350	0.002045	0.000073	101.824172	5.1
1506	5595.489799	0.000574	0.000073	92.760582	4.9
1507	5591.925313	0.000000	0.000073	64.818226	3.8
1508	5344.656230	0.000000	0.000073	73.458755	4.2
1509	5448.297848	0.000000	0.000073	158.417077	4.0
1510	5511.099271	0.001100	0.000073	121.777079	3.5
1511	5480.220544	0.004221	0.000073	50.600561	3.6
1512	5629.676023	0.003346	0.000073	89.720120	3.0
1513	5465.373172	0.002474	0.000073	79.445843	2.7
1514	5523.484536	0.002692	0.000073	88.368125	3.9
1515	5461.513128	0.001664	0.000073	104.576817	5.0
1516	5583.997205	0.002070	0.000073	68.727839	5.0
1517	5437.298320	0.002410	0.000073	40.813184	4.6
1518	5611.504503	0.001910	0.000073	92.663667	5.7
1519	5553.848074	0.001615	0.000073	130.170429	4.7
1520	5418.112787	0.002150	0.000073	62.318584	4.9
1521	5479.648150	0.001179	0.000073	133.929162	4.1
1522	5507.736598	0.001370	0.000073	69.144723	4.0
1523	5605.341755	0.002168	0.000073	87.752996	3.5
1524	5586.735399	0.001773	0.000073	65.838484	3.4
1525	5389.278220	0.001702	0.000073	69.687359	4.7
1526	5298.040590	0.000866	0.000073	135.116100	4.5
1527	5389.349038	0.000350	0.000073	61.032524	4.4
1528	5609.709552	0.000036	0.000073	131.768151	4.1
1529	5603.947360	0.000000	0.000073	82.453563	3.5
1530	5500.053127	0.000349	0.000073	122.826369	3.4
1531	5485.599368	0.000044	0.000073	47.358845	3.4
1532	5389.746568	0.000000	0.000073	43.721397	2.8
1533	5623.498110	0.000000	0.000073	183.861866	2.7
1534	5390.543482	0.000000	0.000073	151.198263	5.2
1535	5478.767199	0.000000	0.000073	73.747365	4.0
1536	5803.517490	0.000748	0.000073	57.707272	3.2
1537	5493.056203	0.000500	0.000073	79.606197	3.7
1538	5408.168651	0.000229	0.000073	139.897176	3.6
1539	5555.462490	0.000000	0.000073	119.032428	3.7
1540	5392.464610	0.002055	0.000073	132.525613	4.8
1541	5339.699244	0.000701	0.000073	127.705974	4.9
1542	5407.258117	0.000088	0.000073	82.407782	3.6
1543	5551.037360	0.000000	0.000073	78.872914	3.5
1544	5385.292115	0.000000	0.000073	131.305307	3.5
1545	5320.609878	0.000000	0.000073	57.489237	6.7
1546	5395.051580	0.000295	0.000073	98.815353	2.9
1547	5452.278646	0.000000	0.000073	76.841487	3.4
1548	5417.090904	0.000187	0.000073	70.893923	3.4
1549	5578.833779	0.000000	0.000073	78.589934	3.4
1550	5525.655024	0.000051	0.000073	147.281058	5.3
1551	5310.517667	0.000023	0.000073	97.993484	2.8
1552	5607.736833	0.000000	0.000073	107.252016	3.1
1553	5245.722552	0.000000	0.000073	153.837929	3.5
1554	5558.313337	0.001984	0.000073	69.236712	5.1
1555	5322.246056	0.000500	0.000073	68.347312	7.1
1556	5485.527678	0.000000	0.000073	51.314098	7.8
1557	5706.693947	0.000000	0.000073	119.006713	5.2
1558	5436.520226	0.000000	0.000073	111.392505	3.8
1559	5469.632128	0.000000	0.000073	131.634892	3.6
1560	5502.253261	0.000000	0.000073	102.106939	4.9
1561	5510.535391	0.002174	0.000073	75.186726	5.0
1562	5614.919755	0.001586	0.000073	108.972274	3.6
1563	5404.710770	0.001675	0.000073	120.627874	3.1
1564	5155.307535	0.003502	0.000073	73.750671	2.7
1565	5678.200524	0.003851	0.000073	73.292088	2.7
1566	5549.160092	0.002751	0.000073	46.039380	5.6
1567	5275.754915	0.002225	0.000073	121.185363	5.3
1568	5444.361239	0.001908	0.000073	74.071107	4.7
1569	5437.140675	0.002620	0.000073	72.943530	4.6
1570	5512.452033	0.003077	0.000073	79.556541	4.6
1571	5240.513356	0.002096	0.000073	70.713836	4.9
1572	5316.257445	0.002076	0.000073	111.928048	5.1
1573	5601.023031	0.002948	0.000073	79.824841	5.1
1574	5315.997331	0.001719	0.000073	51.604713	5.1
1575	5324.450729	0.001410	0.000073	70.129269	7.1
1576	5222.689114	0.000852	0.000073	105.984355	2.7
1577	5362.041588	0.001184	0.000073	85.566301	2.5
1578	5380.936021	0.000727	0.000073	169.516827	2.5
1579	5551.057762	0.000993	0.000073	98.062991	2.8
1580	5400.308960	0.001940	0.000073	66.391150	2.7
1581	5333.882905	0.002252	0.000073	114.212186	2.7
1582	5402.887664	0.002404	0.000073	64.161053	6.7
1583	5291.326664	0.001675	0.000073	56.284345	2.9
1584	5381.809277	0.001275	0.000073	101.603399	3.0
1585	5574.985535	0.001011	0.000073	55.499283	3.4
1586	5346.892110	0.000242	0.000073	74.862621	3.5
1587	5706.768733	0.000090	0.000073	86.637694	3.5
1588	5442.500194	0.000000	0.000073	104.578833	3.8
1589	5267.160297	0.000541	0.000073	104.327366	3.6
1590	5405.708294	0.001379	0.000073	133.252694	3.5
1591	5389.587723	0.000000	0.000073	66.870159	3.4
1592	5323.660894	0.001359	0.000073	64.474436	3.4
1593	5317.746277	0.000963	0.000073	72.037357	3.1
1594	5510.730829	0.000460	0.000073	151.159549	3.1
1595	5327.635607	0.000948	0.000073	58.257899	3.0
1596	5345.621707	0.000000	0.000073	72.036708	3.1
1597	5438.170654	0.000000	0.000073	198.237148	3.3
1598	5431.732813	0.000361	0.000073	66.811901	5.0
1599	5524.096749	0.000000	0.000073	101.071945	5.0
1600	5397.974967	0.000000	0.000073	176.498670	5.0
1601	5337.801899	0.000029	0.000073	112.053669	5.0
1602	5485.483338	0.003658	0.000073	96.212820	6.8
1603	5508.928577	0.003936	0.000073	91.546881	4.5
1604	5496.630052	0.002865	0.000073	60.683885	5.1
1605	5434.453164	0.002563	0.000073	105.916846	5.1
1606	5467.137470	0.002529	0.000073	122.977335	5.1
1607	5512.133172	0.000721	0.000073	79.854735	5.1
1608	5490.437691	0.001340	0.000073	72.265920	5.0
1609	5233.951159	0.000719	0.000073	45.240754	3.1
1610	5274.439037	0.000240	0.000073	48.912044	5.2
1611	5296.913350	0.000070	0.000073	75.711085	4.2
1612	5184.757790	0.000000	0.000073	58.341520	3.8
1613	5121.828975	0.000000	0.000073	72.349553	4.0
1614	5417.911859	0.000047	0.000073	159.454715	4.9
1615	5236.709218	0.000000	0.000073	127.005619	4.9
1616	5410.481651	0.003121	0.000073	128.176465	4.5
1617	5332.796172	0.004481	0.000073	78.309947	5.3
1618	5542.843734	0.003242	0.000073	68.588917	4.3
1619	5523.312010	0.003202	0.000073	138.834354	5.1
1620	5388.852563	0.002283	0.000073	138.496134	5.1
1621	5477.864158	0.000231	0.000073	77.517782	4.6
1622	5270.320893	0.000966	0.000073	77.823374	3.9
1623	5357.249342	0.000276	0.000073	68.079927	3.9
1624	5518.830888	0.000412	0.000073	79.891943	3.5
1625	5459.946542	0.000239	0.000073	51.948435	4.7
1626	5350.874202	0.000176	0.000073	31.210269	2.8
1627	5388.958641	0.000000	0.000073	89.467099	3.4
1628	5214.050531	0.000000	0.000073	63.079042	3.5
1629	5401.125377	0.000000	0.000073	86.666489	3.5
1630	5373.398414	0.000143	0.000073	79.865162	3.4
1631	5468.332776	0.000000	0.000073	98.805911	3.3
1632	5382.393698	0.000891	0.000073	50.577987	3.3
1633	5505.574714	0.000380	0.000073	125.634346	3.1
1634	5503.981437	0.000000	0.000073	122.459248	3.2
1635	5366.772510	0.000000	0.000073	65.039284	3.2
1636	5498.254502	0.000000	0.000073	118.097215	3.4
1637	5440.542247	0.000120	0.000073	86.555869	3.4
1638	5378.938731	0.000619	0.000073	91.611378	3.4
1639	5535.440510	0.000591	0.000073	83.638998	2.7
1640	5519.307463	0.000000	0.000073	52.790859	2.8
1641	5454.920868	0.000000	0.000073	75.682804	2.8
1642	5513.635745	0.000000	0.000073	73.718283	6.3
1643	5229.380601	0.000000	0.000073	111.679586	2.9
1644	5280.467592	0.000055	0.000073	110.473641	2.8
1645	5555.303623	0.000875	0.000073	54.634413	2.5
1646	5340.831318	0.000317	0.000073	57.094006	2.8
1647	5481.756649	0.000000	0.000073	66.739924	2.4
1648	5345.449821	0.000000	0.000073	151.125556	2.3
1649	5405.119989	0.000000	0.000073	101.807894	2.4
1650	5542.413655	0.001691	0.000073	63.131540	2.5
1651	5330.584692	0.000956	0.000073	44.985444	2.4
1652	5590.338216	0.000508	0.000073	76.864563	2.4
1653	5264.515042	0.000121	0.000073	87.967772	2.6
1654	5558.912601	0.000000	0.000073	219.238757	5.1
1655	5392.509627	0.002914	0.000073	143.632299	5.0
1656	5477.562612	0.000000	0.000073	56.453687	5.1
1657	5759.044405	0.000000	0.000073	70.431283	5.0
1658	5412.377004	0.000000	0.000073	142.907212	4.9
1659	5279.225679	0.000490	0.000073	60.122527	4.8
1660	5316.947721	0.000204	0.000073	97.966722	3.7
1661	5481.427297	0.000000	0.000073	153.273738	3.8
1662	5410.701648	0.000000	0.000073	75.152848	3.9
1663	5474.099221	0.000724	0.000073	132.503579	5.3
1664	5511.655683	0.000000	0.000073	97.239640	4.9
1665	5263.363585	0.001170	0.000073	90.086262	5.0
1666	5397.919616	0.000429	0.000073	114.491074	3.9
1667	5528.181841	0.001177	0.000073	158.751485	3.8
1668	5437.565623	0.004154	0.000073	89.953056	5.2
1669	5609.816959	0.002997	0.000073	76.760806	5.2
1670	5250.824783	0.002523	0.000073	70.591821	3.9
1671	5290.052661	0.001580	0.000073	87.477960	2.6
1672	5580.424539	0.001691	0.000073	61.148837	2.7
1673	5377.997655	0.000844	0.000073	79.797438	4.5
1674	5400.362104	0.000854	0.000073	158.464848	3.4
1675	5507.413177	0.000000	0.000073	77.886971	3.3
1676	5361.673624	0.000000	0.000073	83.458852	3.1
1677	5309.718570	0.000000	0.000073	62.221635	3.7
1678	5631.094151	0.000135	0.000073	58.607189	2.4
1679	5422.224776	0.000000	0.000073	44.987845	2.4
1680	5520.059520	0.000000	0.000073	72.722696	2.6
1681	5451.829771	0.000000	0.000073	95.170963	2.7
1682	5268.475876	0.000212	0.000073	57.039731	2.7
1683	5600.281909	0.000288	0.000073	74.669572	2.7
1684	5630.141553	0.000000	0.000073	90.608040	2.7
1685	5520.959835	0.000429	0.000073	59.923355	2.7
1686	5627.576304	0.000000	0.000073	91.431496	2.6
1687	5432.498777	0.000000	0.000073	71.938662	2.7
1688	5629.473306	0.000453	0.000073	60.656907	2.6
1689	5539.696948	0.000309	0.000073	95.680644	2.7
1690	5534.958962	0.000408	0.000073	87.735041	2.6
1691	5484.324738	0.000013	0.000073	69.127572	2.6
1692	5441.040382	0.000000	0.000073	59.352832	2.6
1693	5264.182127	0.000000	0.000073	178.524599	2.7
1694	5385.673395	0.000458	0.000073	63.547438	2.7
1695	5226.402006	0.000000	0.000073	33.400973	2.7
1696	5451.141547	0.000000	0.000073	65.828835	2.7
1697	5309.352154	0.000000	0.000073	121.381486	2.6
1698	5645.797876	0.000139	0.000073	109.103357	2.6
1699	5292.907200	0.000000	0.000073	56.446578	2.6
1700	5437.836165	0.000096	0.000073	153.953022	2.6
1701	5435.348767	0.000392	0.000073	74.089795	2.6
1702	5517.269910	0.000000	0.000073	72.623649	2.7
1703	5264.688530	0.000000	0.000073	94.706064	2.7
1704	5203.458456	0.000456	0.000073	88.100834	2.8
1705	5611.261794	0.000000	0.000073	52.262038	2.8
1706	5594.285330	0.000000	0.000073	145.127787	2.6
1707	5296.834873	0.000261	0.000073	72.982589	2.7
1708	5343.661391	0.000792	0.000073	63.794368	2.6
1709	5593.256537	0.000141	0.000073	55.272274	3.0
1710	5385.254679	0.000000	0.000073	61.060753	3.0
1711	5447.228335	0.000000	0.000073	75.522479	2.8
1712	5295.019829	0.000000	0.000073	189.881193	2.7
1713	5415.103734	0.000000	0.000073	50.915592	2.7
1714	5591.965202	0.000830	0.000073	88.022611	2.9
1715	5406.649096	0.000795	0.000073	109.992321	3.0
1716	5458.979672	0.000000	0.000073	160.075599	4.9
1717	5353.625929	0.000000	0.000073	185.474305	5.0
1718	5351.186359	0.002221	0.000073	111.243375	5.2
1719	5397.152707	0.005626	0.000073	84.792541	4.9
1720	5359.996996	0.006497	0.000073	78.556510	4.7
1721	5306.288548	0.006415	0.000073	94.815488	3.7
1722	5456.399187	0.005559	0.000073	103.638223	7.0
1723	5501.016676	0.006689	0.000073	121.264188	4.0
1724	5349.632900	0.005004	0.000073	89.867461	3.8
1725	5482.906456	0.006823	0.000073	101.700928	4.0
1726	5390.311010	0.005441	0.000073	80.842398	4.1
1727	5300.572401	0.006297	0.000073	113.273914	3.8
1728	5407.015975	0.006096	0.000073	102.131231	3.8
1729	5512.935603	0.004141	0.000073	120.438088	5.3
1730	5329.744588	0.005148	0.000073	54.460641	5.4
1731	5375.104824	0.004036	0.000073	100.676633	6.5
1732	5373.599768	0.003182	0.000073	49.199949	5.5
1733	5619.304913	0.002973	0.000073	46.444164	5.1
1734	5390.260339	0.002533	0.000073	113.397941	4.8
1735	5584.599263	0.002182	0.000073	68.055816	5.2
1736	5239.122578	0.001140	0.000073	47.310425	5.1
1737	5509.374423	0.000998	0.000073	54.918782	5.0
1738	5447.160236	0.000491	0.000073	100.967714	4.8
1739	5400.890558	0.000083	0.000073	105.352254	4.7
1740	5329.225911	0.001451	0.000073	103.892837	3.0
1741	5417.478906	0.002835	0.000073	111.149614	3.1
1742	5550.862588	0.004524	0.000073	51.641006	3.7
1743	5522.345426	0.004164	0.000073	117.216511	3.6
1744	5327.337138	0.004192	0.000073	133.670271	3.5
1745	5498.696536	0.001323	0.000073	138.935058	3.2
1746	5346.017894	0.000494	0.000073	83.240145	3.1
1747	5271.460927	0.000000	0.000073	124.680118	3.1
1748	5304.198787	0.001183	0.000073	104.643467	3.4
1749	5368.998238	0.000000	0.000073	90.231426	3.5
1750	5463.112255	0.001487	0.000073	101.577433	3.5
1751	5707.888977	0.000000	0.000073	44.874480	2.8
1752	5583.140931	0.000058	0.000073	69.060655	2.8
1753	5702.528860	0.000000	0.000073	115.016251	2.8
1754	5386.897277	0.000000	0.000073	147.887882	3.1
1755	5247.788906	0.002305	0.000073	67.236785	3.5
1756	5553.176435	0.003116	0.000073	137.642911	3.5
1757	5509.936194	0.004091	0.000073	67.741082	3.1
1758	5262.196242	0.005008	0.000073	94.983761	2.8
1759	5479.186875	0.003860	0.000073	77.344354	2.8
1760	5516.402820	0.003952	0.000073	68.742330	2.9
1761	5447.128784	0.003394	0.000073	84.904467	2.8
1762	5588.089755	0.003148	0.000073	91.980805	2.8
1763	5365.955297	0.003568	0.000073	93.714260	2.7
1764	5532.584870	0.004241	0.000073	86.846556	2.9
1765	5462.063519	0.003597	0.000073	137.271747	2.9
1766	5669.633107	0.003731	0.000073	54.555258	4.8
1767	5386.986995	0.003731	0.000073	96.215010	3.2
1768	5622.773858	0.003371	0.000073	87.112298	3.9
1769	5386.065331	0.003970	0.000073	75.154096	4.0
1770	5618.725515	0.003604	0.000073	112.912765	3.1
1771	5691.492757	0.004485	0.000073	66.088087	2.8
1772	5370.663380	0.004323	0.000073	45.726423	2.4
1773	5445.255349	0.003739	0.000073	108.815182	2.5
1774	5447.748985	0.003259	0.000073	134.310338	4.9
1775	5401.873992	0.002556	0.000073	103.074039	4.8
1776	5661.496692	0.005240	0.000073	110.716840	4.9
1777	5544.763255	0.004575	0.000073	66.591748	4.9
1778	5388.428435	0.004055	0.000073	88.805501	3.9
1779	5050.200390	0.004284	0.000073	91.617832	3.8
1780	5225.486722	0.005334	0.000073	117.601065	3.8
1781	5400.698104	0.004641	0.000073	87.577246	3.2
1782	5514.142267	0.003653	0.000073	124.703509	3.5
1783	5480.112239	0.002578	0.000073	66.187118	3.2
1784	5512.334903	0.003570	0.000073	111.647238	4.3
1785	5409.931516	0.002277	0.000073	100.485895	4.8
1786	5538.030592	0.003406	0.000073	49.899989	4.5
1787	5355.496238	0.002950	0.000073	47.946093	4.5
1788	5341.666938	0.002915	0.000073	51.639087	3.6
1789	5489.085824	0.002433	0.000073	88.383970	3.7
1790	5494.636771	0.001678	0.000073	81.653648	3.6
1791	5302.763069	0.001943	0.000073	140.695489	3.7
1792	5308.200309	0.000573	0.000073	109.254662	3.7
1793	5526.290842	0.000770	0.000073	166.926543	3.8
1794	5128.991290	0.004549	0.000073	89.657551	5.1
1795	5247.691790	0.006685	0.000073	66.204527	5.1
1796	5455.098172	0.005756	0.000073	89.369442	4.6
1797	5507.261601	0.005491	0.000073	92.407422	4.4
1798	5639.924843	0.004051	0.000073	141.768167	4.4
1799	5609.332313	0.003557	0.000073	78.331623	4.3
1800	5525.658900	0.005066	0.000073	88.344679	3.5
1801	5599.626112	0.005573	0.000073	123.418557	3.4
1802	5208.539575	0.006351	0.000073	67.268440	3.4
1803	5253.673612	0.005123	0.000073	120.011508	3.1
1804	5175.175735	0.006005	0.000073	48.271913	3.1
1805	5309.300579	0.005933	0.000073	76.074191	3.1
1806	5389.642362	0.005584	0.000073	152.716722	3.0
1807	5454.081969	0.006461	0.000073	61.829944	3.1
1808	5308.804672	0.006858	0.000073	80.531010	3.0
1809	5370.992498	0.006742	0.000073	55.105025	2.9
1810	5527.550332	0.006091	0.000073	81.359392	2.9
1811	5298.994781	0.005539	0.000073	106.147985	2.9
1812	5358.281746	0.006270	0.000073	74.404744	2.9
1813	5433.206774	0.004912	0.000073	86.691438	3.0
1814	5386.227466	0.004564	0.000073	44.359247	3.0
1815	5394.676628	0.003922	0.000073	76.379682	2.9
1816	5580.795013	0.003796	0.000073	57.082050	3.0
1817	5474.896241	0.003341	0.000073	70.050005	2.9
1818	5318.056860	0.002960	0.000073	72.335637	2.9
1819	5442.569839	0.002063	0.000073	54.807211	2.9
1820	5361.794489	0.001428	0.000073	73.595906	2.9
1821	5467.109958	0.000831	0.000073	115.036544	2.9
1822	5482.970466	0.001174	0.000073	88.972216	4.7
1823	5594.068833	0.001648	0.000073	203.815968	3.5
1824	5483.111139	0.000000	0.000073	136.021535	5.3
1825	5233.244802	0.000000	0.000073	62.072827	3.2
1826	5560.727033	0.000000	0.000073	40.738028	3.1
1827	5534.718713	0.000000	0.000073	51.696009	2.6
1828	5436.067566	0.000000	0.000073	43.992335	2.4
1829	5534.453358	0.000000	0.000073	107.475574	2.4
1830	5254.706772	0.000394	0.000073	51.339851	2.4
1831	5301.490981	0.000589	0.000073	78.128563	2.4
1832	5307.151214	0.000073	0.000073	69.100685	2.4
1833	5675.531430	0.000000	0.000073	66.218382	2.3
1834	5381.481703	0.000000	0.000073	104.770379	2.4
1835	5291.906497	0.000462	0.000073	151.992014	5.4
1836	5444.405316	0.002634	0.000073	61.235789	3.1
1837	5373.548042	0.001260	0.000073	91.434165	3.0
1838	5312.821139	0.000470	0.000073	81.207872	3.2
1839	5382.682758	0.000068	0.000073	60.501095	4.1
1840	5465.987514	0.000000	0.000073	66.139101	2.4
1841	5414.501070	0.000000	0.000073	67.360630	4.3
1842	5617.262062	0.000000	0.000073	58.225394	2.7
1843	5291.928753	0.000000	0.000073	78.510130	2.8
1844	5336.514256	0.000000	0.000073	74.126879	2.8
1845	5514.928714	0.000000	0.000073	78.325388	3.6
1846	5703.083535	0.000693	0.000073	104.783442	3.7
1847	5399.449517	0.001550	0.000073	67.844766	5.1
1848	5435.252898	0.000940	0.000073	66.051685	3.2
1849	5403.181803	0.000021	0.000073	51.347298	5.0
1850	5308.198555	0.000000	0.000073	49.641071	5.0
1851	5549.738637	0.000000	0.000073	92.933514	4.8
1852	5458.258325	0.000084	0.000073	45.373013	4.9
1853	5456.291223	0.000236	0.000073	80.439826	5.2
1854	5551.296541	0.000027	0.000073	54.125024	3.6
1855	5367.314039	0.000000	0.000073	70.923469	3.7
1856	5437.071635	0.000000	0.000073	99.616757	5.0
1857	5360.836796	0.000760	0.000073	39.793642	4.3
1858	5449.715984	0.000327	0.000073	80.500004	4.2
1859	5314.940034	0.000387	0.000073	141.489542	4.3
1860	5468.096740	0.001439	0.000073	55.834847	4.1
1861	5435.639976	0.001023	0.000073	82.371897	4.0
1862	5465.925194	0.000764	0.000073	76.127309	3.8
1863	5537.986961	0.000000	0.000073	121.416620	4.0
1864	5337.286859	0.000000	0.000073	85.399682	5.2
1865	5317.880624	0.000000	0.000073	85.914554	5.0
1866	5462.046612	0.000000	0.000073	162.142761	5.0
1867	5371.352476	0.000000	0.000073	47.197015	5.0
1868	5414.803413	0.000000	0.000073	80.354283	4.8
1869	5464.856174	0.000000	0.000073	101.056019	5.0
1870	5362.152756	0.000000	0.000073	94.435037	5.3
1871	5251.828998	0.000000	0.000073	100.659819	5.0
1872	5304.588932	0.001166	0.000073	136.769147	5.1
1873	5476.389371	0.001822	0.000073	92.664483	4.8
1874	5285.097926	0.003611	0.000073	91.240363	4.0
1875	5239.586884	0.004218	0.000073	142.640834	4.1
1876	5336.067203	0.006515	0.000073	55.959486	5.3
1877	5475.299669	0.005671	0.000073	156.924466	5.4
1878	5302.286845	0.005422	0.000073	48.639091	4.0
1879	5439.062723	0.005507	0.000073	109.425650	4.0
1880	5463.851842	0.005470	0.000073	105.330376	3.7
1881	5448.208406	0.005604	0.000073	78.372057	3.7
1882	5438.420749	0.004567	0.000073	59.591605	5.1
1883	5617.921010	0.004366	0.000073	62.228230	5.4
1884	5354.218522	0.004080	0.000073	105.622252	5.0
1885	5348.886783	0.004701	0.000073	80.239667	4.2
1886	5451.919785	0.004661	0.000073	96.820943	4.1
1887	5327.183442	0.003261	0.000073	59.936478	3.3
1888	5441.692871	0.002580	0.000073	153.515703	4.7
1889	5232.166112	0.002365	0.000073	76.653913	5.1
1890	5427.265006	0.002926	0.000073	77.263315	5.3
1891	5442.079344	0.003797	0.000073	126.812680	4.2
1892	5598.973244	0.004190	0.000073	55.823687	3.8
1893	5369.021460	0.003757	0.000073	135.106041	4.0
1894	5359.732941	0.002836	0.000073	59.440113	5.1
1895	5458.089479	0.001551	0.000073	97.927712	5.0
1896	5518.652439	0.000813	0.000073	61.411631	3.6
1897	5460.838461	0.000000	0.000073	90.078287	3.5
1898	5348.319667	0.000000	0.000073	58.201176	3.8
1899	5285.719416	0.000000	0.000073	140.378848	3.6
1900	5408.002585	0.000406	0.000073	52.855343	3.7
1901	5275.278061	0.001061	0.000073	94.787532	3.3
1902	5364.810191	0.000356	0.000073	111.718550	3.0
1903	5347.514776	0.000000	0.000073	90.093845	3.0
1904	5339.202743	0.001055	0.000073	108.107437	3.0
1905	5403.040941	0.001885	0.000073	56.677915	3.0
1906	5227.302085	0.002071	0.000073	111.153755	3.0
1907	5554.223103	0.002497	0.000073	65.078317	3.0
1908	5679.661515	0.002361	0.000073	98.747667	3.1
1909	5283.864612	0.001833	0.000073	61.029213	3.2
1910	5332.457437	0.002175	0.000073	75.520608	3.2
1911	5412.570170	0.001292	0.000073	53.128735	2.7
1912	5514.973096	0.001105	0.000073	108.892609	3.1
1913	5655.214173	0.000397	0.000073	80.690588	2.6
1914	5483.220846	0.000684	0.000073	94.897057	2.5
1915	5718.702356	0.000260	0.000073	144.218682	2.5
1916	5165.844528	0.000000	0.000073	93.441257	2.7
1917	5117.748706	0.002681	0.000073	109.351881	2.6
1918	5298.007093	0.002063	0.000073	150.242838	2.7
1919	5285.855333	0.003621	0.000073	52.055642	5.0
1920	5782.017786	0.003888	0.000073	87.439778	5.0
1921	5619.602488	0.003599	0.000073	95.299973	4.7
1922	5448.417433	0.002915	0.000073	127.767243	4.6
1923	5702.859635	0.003133	0.000073	89.883161	3.6
1924	5522.102953	0.002536	0.000073	54.632712	3.6
1925	5615.483856	0.002893	0.000073	109.077623	3.7
1926	5525.237631	0.003194	0.000073	106.278609	3.3
1927	5477.063448	0.001575	0.000073	87.246484	3.4
1928	5520.171151	0.001728	0.000073	96.313563	5.3
1929	5407.370091	0.001171	0.000073	94.872109	3.2
1930	5344.164235	0.001878	0.000073	80.644550	3.3
1931	5180.882936	0.001097	0.000073	95.172150	3.3
1932	5419.463586	0.001110	0.000073	72.638133	3.4
1933	5490.455156	0.000000	0.000073	83.922404	3.3
1934	5539.707081	0.000000	0.000073	73.353465	2.8
1935	5596.663861	0.000226	0.000073	148.404413	2.9
1936	5512.486695	0.000000	0.000073	111.396645	2.7
1937	5485.157124	0.002851	0.000073	121.641364	2.9
1938	5552.940010	0.003099	0.000073	101.647987	3.0
1939	5363.528236	0.002080	0.000073	108.825850	4.3
1940	5438.450980	0.003902	0.000073	102.711322	3.2
1941	5393.670101	0.005451	0.000073	89.446130	3.7
1942	5626.505849	0.005241	0.000073	66.845680	5.6
1943	5394.000923	0.005865	0.000073	75.466473	4.0
1944	5377.024824	0.005208	0.000073	79.303305	4.5
1945	5461.794686	0.005898	0.000073	152.853179	4.5
1946	5303.924209	0.007126	0.000073	179.957910	4.7
1947	5502.135502	0.003194	0.000073	52.035028	3.9
1948	5383.594854	0.001834	0.000073	138.363158	3.7
1949	5403.478630	0.002575	0.000073	110.577190	4.9
1950	5624.083781	0.000387	0.000073	67.057489	4.7
1951	5380.296117	0.000000	0.000073	57.165901	4.8
1952	5371.379025	0.000000	0.000073	41.550674	3.9
1953	5397.352109	0.000000	0.000073	77.275111	3.7
1954	5459.887169	0.000000	0.000073	73.252521	3.9
1955	5581.120885	0.000112	0.000073	100.132858	4.1
1956	5403.561034	0.000401	0.000073	56.490144	4.1
1957	5350.753795	0.000000	0.000073	58.955143	3.2
1958	5279.198390	0.000000	0.000073	70.193300	3.2
1959	5664.943424	0.000007	0.000073	51.349860	3.2
1960	5657.166635	0.000000	0.000073	127.705734	3.0
1961	5286.088447	0.000000	0.000073	82.966207	3.0
1962	5465.499872	0.000000	0.000073	84.735966	3.0
1963	5283.280643	0.000000	0.000073	213.617812	2.8
1964	5290.444086	0.000000	0.000073	142.738371	2.8
1965	5416.773959	0.006029	0.000073	121.792730	2.9
1966	5433.044115	0.004282	0.000073	62.184376	2.8
1967	5179.449110	0.004765	0.000073	92.446662	2.9
1968	5527.109652	0.004741	0.000073	55.004572	3.0
1969	5475.943782	0.004981	0.000073	136.064446	3.0
1970	5426.453334	0.004657	0.000073	130.079133	3.1
1971	5200.395154	0.007905	0.000073	66.024847	3.2
1972	5477.879078	0.008563	0.000073	65.293624	3.1
1973	5332.744048	0.007998	0.000073	57.832493	3.2
1974	5335.260044	0.007290	0.000073	127.884476	3.0
1975	5386.901739	0.008320	0.000073	53.030678	3.0
1976	5532.799334	0.008236	0.000073	70.156273	3.0
1977	5386.143082	0.008290	0.000073	72.877937	3.2
1978	5303.245340	0.008424	0.000073	91.774949	3.1
1979	5438.293427	0.007693	0.000073	196.725288	3.1
1980	5476.142335	0.011366	0.000073	46.953684	3.2
1981	5364.890675	0.012242	0.000073	162.797504	3.2
1982	5516.904419	0.012876	0.000073	72.986492	3.2
1983	5455.886941	0.011671	0.000073	187.334627	3.2
1984	5645.066161	0.012821	0.000073	118.829201	3.4
1985	5470.680695	0.009718	0.000073	97.729866	5.4
1986	5332.912291	0.010183	0.000073	54.883935	5.2
1987	5579.495107	0.010432	0.000073	95.633053	5.3
1988	5271.280838	0.010058	0.000073	110.617682	5.3
1989	5364.771117	0.008521	0.000073	83.989684	5.1
1990	5433.070847	0.007127	0.000073	79.566876	5.1
1991	5461.770485	0.006615	0.000073	104.074995	4.7
1992	5384.670888	0.007504	0.000073	69.951609	5.6
1993	5400.397734	0.006041	0.000073	91.655044	5.6
1994	5332.424790	0.006245	0.000073	98.556627	5.3
1995	5482.361821	0.004440	0.000073	68.445949	4.9
1996	5341.183958	0.004370	0.000073	55.078487	5.0
1997	5360.084739	0.003613	0.000073	82.081527	8.0
1998	5368.305807	0.002832	0.000073	58.390496	4.9
1999	5400.624040	0.002765	0.000073	60.968975	5.2
