1:ItNr	2:Metric	3a:Time	3b:StepSize	4:||Gradient||	Time[ms]
0	374906.527193	0.000000	0.000048	36497.150714	233.1
1	321851.873625	0.000000	0.000048	35342.391454	1.8
2	275244.169732	0.000000	0.000048	32680.567527	1.7
3	225637.267709	0.000000	0.000048	29188.146243	2.1
4	194015.443839	0.000000	0.000048	27139.266252	2.7
5	157873.304795	0.000000	0.000048	23826.644700	1.9
6	129942.826508	0.000000	0.000048	21975.943763	1.9
7	108712.644674	0.000000	0.000048	19837.430108	2.0
8	92485.964725	0.000000	0.000048	18286.715028	2.5
9	77545.647650	0.000000	0.000048	15923.304563	3.4
10	67718.804920	0.000000	0.000048	15645.866655	2.6
11	54246.456477	0.000000	0.000048	13856.370069	2.8
12	47049.418567	0.000000	0.000048	12641.048265	2.9
13	37761.011679	0.000000	0.000048	10799.409734	2.9
14	33705.532495	0.000000	0.000048	10358.005243	2.9
15	27760.418527	0.000000	0.000048	9114.202433	3.7
16	24460.244597	0.000000	0.000048	8161.491277	3.8
17	21419.410010	0.000000	0.000048	7437.211943	5.2
18	19270.807315	0.000000	0.000048	6615.092857	4.2
19	17550.259436	0.000000	0.000048	5953.356744	4.1
20	15512.101532	0.000000	0.000048	5263.091015	3.9
21	14840.588461	0.000000	0.000048	4729.750918	3.9
22	13627.288029	0.000000	0.000048	4130.997579	3.3
23	12830.125008	0.000000	0.000048	3767.554227	3.2
24	12229.347570	0.000000	0.000048	3210.133992	3.0
25	11800.488048	0.000000	0.000048	2878.543270	2.9
26	11163.793267	0.000000	0.000048	2509.710946	2.7
27	10377.975613	0.000000	0.000048	2214.472640	2.9
28	10997.693820	0.000000	0.000048	2085.376420	5.0
29	11410.302178	0.000000	0.000048	1976.418831	5.0
30	10659.465156	0.000000	0.000048	1637.870308	4.7
31	10557.253200	0.000000	0.000048	1507.836625	3.8
32	10371.755005	0.000000	0.000048	1388.119955	3.7
33	9843.313857	0.000000	0.000048	1238.958413	3.9
34	10183.958567	0.000000	0.000048	1068.692086	4.0
35	9913.481274	0.000000	0.000048	768.862084	3.9
36	9446.379480	0.000000	0.000048	907.808800	3.0
37	9996.614373	0.000000	0.000048	850.350355	3.1
38	10094.654127	0.000000	0.000048	706.559377	5.1
39	10719.923127	0.000000	0.000048	945.625513	4.9
40	9867.593318	0.000000	0.000048	593.505511	4.9
41	9595.450909	0.000000	0.000048	605.231807	5.2
42	9718.121458	0.000000	0.000048	596.751805	5.1
43	9896.923907	0.000000	0.000048	527.507872	4.9
44	9890.488575	0.000000	0.000048	643.883869	5.3
45	10136.078805	0.000000	0.000048	477.923055	5.2
46	9803.994448	0.000000	0.000048	669.958792	5.2
47	9679.381413	0.000000	0.000048	504.773304	5.0
48	9355.057811	0.000000	0.000048	438.164652	5.0
49	9632.543845	0.000000	0.000048	424.518829	5.1
50	9406.635588	0.000000	0.000048	411.784809	4.4
51	9694.537101	0.000000	0.000048	417.431781	4.0
52	9529.257723	0.000000	0.000048	427.123309	3.9
53	10061.543688	0.000000	0.000048	501.700705	3.4
54	10374.850251	0.000000	0.000048	412.837161	3.3
55	9905.813135	0.000000	0.000048	366.577481	3.4
56	9780.421490	0.000000	0.000048	421.386028	2.9
57	9189.785012	0.000000	0.000048	387.448831	3.0
58	9131.752168	0.000000	0.000048	385.740508	3.1
59	9785.962442	0.000000	0.000048	396.585654	2.9
60	9422.770830	0.000000	0.000048	339.975786	3.2
61	9429.217098	0.000000	0.000048	306.882451	2.7
62	9498.174141	0.000000	0.000048	434.366614	5.0
63	9630.087719	0.000000	0.000048	345.530708	3.0
64	9602.406258	0.000000	0.000048	423.015992	3.0
65	9466.531662	0.000000	0.000048	306.964520	3.5
66	10004.779395	0.000000	0.000048	371.415568	3.5
67	9515.539250	0.000000	0.000048	323.246952	3.7
68	9205.306554	0.000000	0.000048	354.676037	3.2
69	9722.737504	0.000000	0.000048	340.490265	3.1
70	9700.777764	0.000000	0.000048	360.830270	3.3
71	10045.589556	0.000000	0.000048	368.746941	3.1
72	9614.423403	0.000000	0.000048	330.954440	3.2
73	9473.704651	0.000000	0.000048	414.235725	3.0
74	9691.828455	0.000000	0.000048	353.936317	3.1
75	10233.569043	0.000000	0.000048	436.947642	2.9
76	10164.350597	0.000000	0.000048	427.602601	2.8
77	10047.763310	0.000000	0.000048	378.874648	2.8
78	9587.988434	0.000000	0.000048	391.441891	2.6
79	9475.876054	0.000000	0.000048	359.997011	2.6
80	9737.346803	0.000000	0.000048	360.308362	2.6
81	9958.579032	0.000000	0.000048	324.305060	2.6
82	9253.233976	0.000000	0.000048	334.218577	2.7
83	9718.531999	0.000000	0.000048	359.763231	5.1
84	9975.289546	0.000000	0.000048	320.596012	4.8
85	9706.689764	0.000000	0.000048	311.601615	4.8
86	10019.802434	0.000000	0.000048	289.448097	3.9
87	9379.225284	0.000000	0.000048	327.244653	3.7
88	9678.140110	0.000000	0.000048	277.970598	3.7
89	9792.417702	0.000000	0.000048	397.183138	3.3
90	9345.159268	0.000000	0.000048	340.002153	3.2
91	9321.845875	0.000000	0.000048	330.672164	3.2
92	9228.740143	0.000000	0.000048	390.390864	3.0
93	9429.649241	0.000000	0.000048	283.181375	3.0
94	9959.245832	0.000000	0.000048	322.685968	3.0
95	9764.594089	0.000000	0.000048	338.355106	3.1
96	9941.715176	0.000000	0.000048	355.586348	2.8
97	9918.422405	0.000000	0.000048	348.140147	2.8
98	9263.980575	0.000000	0.000048	401.867494	2.9
99	9544.053622	0.000000	0.000048	288.599139	2.9
100	9742.310800	0.000000	0.000048	307.234906	2.8
101	9761.493477	0.000000	0.000048	302.597370	2.9
102	10398.329942	0.000000	0.000048	311.251919	2.8
103	10098.723053	0.000000	0.000048	363.725373	2.7
104	9703.046758	0.000000	0.000048	296.820819	2.8
105	9720.546631	0.000000	0.000048	282.746430	2.8
106	9814.457276	0.000000	0.000048	310.410664	3.1
107	9406.156091	0.000000	0.000048	259.951278	3.2
108	9725.731423	0.000000	0.000048	316.456944	3.0
109	9426.284164	0.000000	0.000048	311.484002	3.0
110	9588.090696	0.000000	0.000048	387.006866	3.2
111	9955.050681	0.000000	0.000048	347.327623	5.1
112	9753.381687	0.000000	0.000048	269.809992	5.2
113	9487.611110	0.000000	0.000048	324.360766	5.4
114	9888.803476	0.000000	0.000048	294.221271	5.4
115	9614.558623	0.000000	0.000048	253.928685	5.1
116	9327.617047	0.000000	0.000048	303.425745	4.9
117	9452.465963	0.000000	0.000048	364.325746	4.9
118	9614.813165	0.000000	0.000048	307.532388	3.7
119	9630.541104	0.000000	0.000048	315.042102	3.8
120	9775.954905	0.000000	0.000048	272.944077	3.6
121	9828.915972	0.000000	0.000048	380.727097	3.3
122	9931.006814	0.000000	0.000048	322.590343	3.2
123	9579.435316	0.000000	0.000048	311.413191	3.2
124	9338.705626	0.000000	0.000048	275.157031	3.1
125	9719.182203	0.000000	0.000048	264.452177	3.0
126	9854.963845	0.000000	0.000048	326.912881	2.9
127	9492.292620	0.000000	0.000048	279.454394	2.8
128	9557.147624	0.000000	0.000048	277.987481	2.8
129	9714.088703	0.000000	0.000048	290.777815	2.9
130	9439.437367	0.000000	0.000048	298.248688	2.8
131	9498.886269	0.000000	0.000048	303.243412	2.8
132	10199.931998	0.000000	0.000048	286.279702	2.8
133	9309.770685	0.000000	0.000048	295.708784	2.6
134	9945.002720	0.000000	0.000048	304.317023	2.8
135	9481.100564	0.000000	0.000048	400.836667	3.6
136	9776.924441	0.000000	0.000048	310.320290	3.7
137	9804.921751	0.000000	0.000048	301.285341	3.6
138	9354.319482	0.000000	0.000048	288.779313	3.6
139	9619.496605	0.000000	0.000048	259.501682	3.8
140	9290.719865	0.000000	0.000048	271.213496	4.0
141	9092.258184	0.000000	0.000048	268.873917	3.9
142	9320.202926	0.000000	0.000048	255.224460	3.1
143	9844.077419	0.000000	0.000048	346.458774	3.1
144	9417.933569	0.000000	0.000048	330.945372	3.1
145	9341.599251	0.000000	0.000048	286.872071	2.9
146	9744.079845	0.000000	0.000048	368.907353	2.8
147	9423.665501	0.000000	0.000048	274.713362	2.9
148	9617.034260	0.000000	0.000048	316.547311	2.8
149	9097.728828	0.000000	0.000048	318.606468	2.7
150	9639.449295	0.000000	0.000048	292.696851	2.8
151	9772.598140	0.000000	0.000048	362.171045	2.7
152	9545.970199	0.000000	0.000048	298.862723	2.6
153	9151.338052	0.000000	0.000048	242.041433	2.7
154	9376.130786	0.000000	0.000048	264.275983	2.6
155	9972.941436	0.000000	0.000048	301.782655	2.6
156	9950.924723	0.000000	0.000048	271.915371	2.5
157	9499.113679	0.000000	0.000048	260.603657	2.6
158	9338.918920	0.000000	0.000048	273.812847	2.7
159	9523.164801	0.000000	0.000048	259.343173	2.5
160	9449.824313	0.000000	0.000048	368.922234	2.6
161	9235.734549	0.000000	0.000048	286.781026	2.5
162	9434.558195	0.000000	0.000048	282.623252	2.7
163	9055.352589	0.000000	0.000048	269.164925	4.3
164	9965.670555	0.000000	0.000048	308.716222	3.1
165	10417.243960	0.000000	0.000048	340.434489	3.1
166	9454.674146	0.000000	0.000048	282.278075	3.1
167	9267.872151	0.000000	0.000048	257.526188	3.1
168	9624.502410	0.000000	0.000048	436.282604	3.0
169	9957.302180	0.000000	0.000048	394.351306	3.1
170	9617.627816	0.000000	0.000048	342.665359	2.8
171	9214.732770	0.000000	0.000048	382.382630	3.0
172	9978.514474	0.000000	0.000048	357.954140	5.0
173	9598.315828	0.000000	0.000048	259.790181	4.9
174	9079.983237	0.000000	0.000048	268.258350	4.7
175	10192.109750	0.000000	0.000048	293.928311	3.7
176	9160.759956	0.000000	0.000048	322.744828	3.9
177	9447.033317	0.000000	0.000048	259.636682	5.2
178	9414.264958	0.000000	0.000048	359.029441	3.6
179	9367.869135	0.000000	0.000048	359.227251	3.5
180	8950.463150	0.000000	0.000048	275.552075	3.7
181	8927.658579	0.000000	0.000048	378.084775	4.9
182	9271.761354	0.000000	0.000048	294.252478	4.8
183	9160.053643	0.000000	0.000048	250.118436	4.6
184	9582.195166	0.000000	0.000048	293.865791	4.3
185	9585.543101	0.000000	0.000048	309.247211	3.6
186	9463.279522	0.000000	0.000048	266.473509	3.5
187	9351.736528	0.000000	0.000048	304.204860	3.4
188	9317.116508	0.000000	0.000048	256.307925	3.4
189	9244.189791	0.000000	0.000048	261.902972	3.7
190	9850.178837	0.000000	0.000048	251.441786	3.1
191	9182.851152	0.000000	0.000048	259.042643	3.2
192	9308.369455	0.000000	0.000048	358.060159	3.1
193	9853.307074	0.000000	0.000048	287.799015	2.5
194	9048.110695	0.000000	0.000048	275.578851	2.5
195	9649.159473	0.000000	0.000048	356.811480	2.7
196	9387.660068	0.000000	0.000048	270.507878	2.6
197	9421.177778	0.000000	0.000048	274.943278	2.6
198	8997.673049	0.000000	0.000048	280.647560	2.5
199	9024.758293	0.000000	0.000048	251.132044	2.5
200	9244.320618	0.000000	0.000048	305.115044	2.5
201	9251.468295	0.000000	0.000048	289.846510	2.5
202	9505.079205	0.000000	0.000048	351.534672	2.5
203	9158.878566	0.000000	0.000048	260.457757	2.4
204	9710.803122	0.000000	0.000048	303.280580	2.5
205	9261.773983	0.000000	0.000048	435.637616	2.7
206	8612.135616	0.000000	0.000048	264.591710	2.7
207	9303.875911	0.000000	0.000048	265.811081	2.7
208	9058.035331	0.000000	0.000048	301.560702	2.8
209	9761.632351	0.000000	0.000048	296.357211	2.9
210	9798.095190	0.000000	0.000048	357.091708	2.9
211	9556.728816	0.000000	0.000048	315.605063	2.9
212	9118.239761	0.000000	0.000048	276.600407	2.7
213	9279.140730	0.000000	0.000048	352.516555	2.8
214	9313.032581	0.000000	0.000048	326.671480	2.7
215	9400.710550	0.000000	0.000048	285.993880	2.8
216	9819.803317	0.000000	0.000048	341.967334	2.6
217	9108.019124	0.000000	0.000048	261.527654	2.7
218	9473.988702	0.000000	0.000048	379.887075	2.7
219	9166.502175	0.000000	0.000048	249.769895	2.9
220	9253.249930	0.000000	0.000048	309.840117	3.0
221	9134.257625	0.000000	0.000048	295.077093	2.9
222	9444.982274	0.000000	0.000048	382.321531	3.0
223	9071.902830	0.000000	0.000048	371.301838	2.7
224	9327.858650	0.000956	0.000048	419.842152	2.7
225	9541.461596	0.000000	0.000048	284.644494	2.8
226	9344.408804	0.000000	0.000048	248.714249	2.7
227	9546.789691	0.000000	0.000048	267.895600	2.8
228	9116.542513	0.000000	0.000048	263.326451	2.7
229	9373.105369	0.000000	0.000048	326.362656	2.8
230	8712.482166	0.000000	0.000048	307.921957	2.9
231	9671.572621	0.000000	0.000048	336.338786	2.8
232	9554.519353	0.000000	0.000048	363.251857	2.7
233	9543.640033	0.000000	0.000048	252.929313	2.7
234	9588.267072	0.000000	0.000048	264.360702	2.8
235	9170.507986	0.000000	0.000048	322.953591	2.9
236	8815.313742	0.000000	0.000048	243.004081	5.2
237	9117.304006	0.000000	0.000048	263.632379	5.2
238	9074.142281	0.000000	0.000048	275.246356	5.2
239	8950.834991	0.000000	0.000048	250.237671	5.3
240	9435.978474	0.000000	0.000048	275.590015	3.4
241	9262.040701	0.000000	0.000048	296.125806	2.8
242	9617.632612	0.000000	0.000048	262.792800	2.9
243	9627.530597	0.000000	0.000048	274.678902	2.9
244	8781.627127	0.000000	0.000048	287.604921	3.1
245	9513.111435	0.000000	0.000048	272.424381	3.2
246	9233.566657	0.000000	0.000048	325.324244	3.0
247	9466.151145	0.000000	0.000048	264.557472	2.9
248	9046.450302	0.000000	0.000048	258.193127	2.8
249	8942.510001	0.000000	0.000048	258.714828	2.7
250	9017.889418	0.000000	0.000048	260.975380	2.7
251	9222.902879	0.000000	0.000048	296.533897	2.6
252	9558.950778	0.000000	0.000048	270.385265	2.6
253	9733.752968	0.000000	0.000048	305.705087	2.7
254	9177.774550	0.000000	0.000048	243.406176	2.6
255	9234.626172	0.000000	0.000048	275.895111	3.5
256	9063.575002	0.000000	0.000048	254.823020	2.6
257	9576.385956	0.000000	0.000048	274.165719	2.6
258	9183.962877	0.000000	0.000048	259.969505	2.5
259	9436.055324	0.000000	0.000048	316.706321	3.6
260	9379.560417	0.000000	0.000048	281.756354	2.7
261	9407.336573	0.000000	0.000048	254.918741	2.6
262	8957.599507	0.000000	0.000048	240.783123	2.6
263	9262.129187	0.000000	0.000048	459.912584	2.9
264	8903.108251	0.000000	0.000048	245.342425	2.7
265	9133.355341	0.000000	0.000048	280.054959	2.8
266	9253.213080	0.000000	0.000048	324.061590	2.7
267	9164.315215	0.000000	0.000048	268.709206	2.7
268	9031.590800	0.000000	0.000048	241.634165	2.7
269	9621.060357	0.000000	0.000048	280.204547	2.6
270	9366.031413	0.000000	0.000048	489.263451	2.6
271	9363.300339	0.000000	0.000048	264.265724	2.6
272	9040.278962	0.000000	0.000048	260.757725	2.4
273	9094.938788	0.000000	0.000048	273.697285	2.4
274	9213.099425	0.000000	0.000048	336.959675	2.4
275	9493.017487	0.000000	0.000048	263.670172	2.4
276	9145.805361	0.000000	0.000048	320.130035	2.4
277	8982.527866	0.000000	0.000048	278.894031	2.3
278	9564.324082	0.000000	0.000048	285.254461	2.3
279	9049.880474	0.000000	0.000048	397.835264	2.3
280	9269.419350	0.000000	0.000048	356.666829	2.4
281	8807.822160	0.001860	0.000048	325.048011	2.2
282	9002.663529	0.000000	0.000048	295.806316	2.3
283	8581.190083	0.000000	0.000048	226.811544	2.3
284	9405.955790	0.000000	0.000048	413.975696	2.4
285	8439.879529	0.000000	0.000048	248.641433	2.3
286	9506.363598	0.000000	0.000048	284.648534	2.2
287	9391.128094	0.000000	0.000048	262.987354	2.3
288	9375.305456	0.000000	0.000048	291.595949	2.2
289	8795.812317	0.000000	0.000048	299.602652	2.3
290	9173.704001	0.000000	0.000048	280.436342	2.2
291	8959.134644	0.000000	0.000048	242.429920	2.2
292	9140.215104	0.000000	0.000048	246.891145	2.2
293	9500.486120	0.000000	0.000048	292.494779	2.3
294	9187.972437	0.000000	0.000048	270.276463	2.4
295	8699.612540	0.000000	0.000048	249.535713	2.4
296	8736.247892	0.000000	0.000048	318.342050	2.4
297	9490.411543	0.000000	0.000048	333.312027	2.3
298	9396.095032	0.000000	0.000048	244.265733	2.5
299	9718.306365	0.000000	0.000048	303.747525	2.6
300	9197.248149	0.000000	0.000048	246.912332	2.6
301	9053.647443	0.000000	0.000048	248.845690	2.6
302	9171.736057	0.000000	0.000048	269.981409	2.7
303	8954.765837	0.000000	0.000048	270.268137	2.8
304	8945.334872	0.000000	0.000048	275.437284	2.8
305	9159.083559	0.000000	0.000048	246.424103	2.8
306	9087.634409	0.000000	0.000048	261.480257	2.8
307	9081.157106	0.000000	0.000048	286.312908	2.8
308	9048.325404	0.000000	0.000048	351.493288	3.3
309	8567.545196	0.000000	0.000048	239.978673	2.9
310	9213.477184	0.000000	0.000048	251.347613	3.0
311	8831.088576	0.000000	0.000048	254.142596	3.0
312	8917.441426	0.000000	0.000048	256.174876	3.1
313	9344.327484	0.000000	0.000048	323.345869	3.1
314	9459.730156	0.000000	0.000048	274.116351	3.0
315	8729.283388	0.000000	0.000048	228.581170	5.4
316	9095.430865	0.000000	0.000048	257.788165	3.2
317	9158.690863	0.000000	0.000048	321.657503	3.1
318	9007.858997	0.000000	0.000048	271.351867	3.4
319	8816.582145	0.000000	0.000048	289.035138	3.3
320	8588.550251	0.000000	0.000048	238.860346	3.3
321	9260.381289	0.000000	0.000048	268.377554	3.1
322	9452.024240	0.000000	0.000048	272.999558	3.0
323	9007.652308	0.000000	0.000048	246.397889	5.5
324	8912.889167	0.000000	0.000048	232.567614	5.2
325	8693.552268	0.000000	0.000048	223.472463	2.8
326	9011.310826	0.000000	0.000048	271.258505	2.7
327	9042.728546	0.000000	0.000048	261.744051	2.4
328	8803.215966	0.000000	0.000048	281.118069	2.4
329	8998.131260	0.000000	0.000048	343.466255	2.3
330	9151.157435	0.000000	0.000048	263.039471	2.4
331	8158.227225	0.000000	0.000048	237.451810	2.3
332	9274.962894	0.000000	0.000048	256.264806	2.3
333	9126.841879	0.000000	0.000048	252.988401	3.0
334	8854.531916	0.000000	0.000048	228.430275	2.3
335	8573.876186	0.000000	0.000048	257.668638	2.6
336	8804.351953	0.000000	0.000048	267.323835	2.6
337	8956.576710	0.000000	0.000048	259.942985	2.5
338	9298.540163	0.000000	0.000048	259.578163	2.6
339	8774.278913	0.000000	0.000048	271.954264	2.8
340	8420.418341	0.000000	0.000048	229.957324	2.7
341	9199.555986	0.000000	0.000048	366.260995	2.6
342	9009.472835	0.000000	0.000048	279.017267	2.7
343	8728.157472	0.000000	0.000048	274.316836	2.8
344	8836.154208	0.000000	0.000048	279.602518	2.9
345	8889.391972	0.000000	0.000048	266.008372	2.9
346	8724.013082	0.000000	0.000048	284.142945	2.8
347	9299.503363	0.000000	0.000048	262.091842	2.8
348	8935.524330	0.000000	0.000048	272.585892	2.7
349	8859.004880	0.000000	0.000048	232.622385	2.8
350	8690.962878	0.000000	0.000048	241.029221	2.6
351	9033.879541	0.000000	0.000048	248.029689	2.7
352	8483.198735	0.000000	0.000048	342.163213	2.6
353	8851.252390	0.000000	0.000048	249.416401	2.8
354	9253.758421	0.000000	0.000048	273.241137	2.8
355	8731.103847	0.000000	0.000048	318.536572	2.9
356	9096.760783	0.000000	0.000048	351.387933	2.9
357	9386.482565	0.000000	0.000048	285.265319	2.9
358	9076.687845	0.000000	0.000048	243.276108	5.0
359	9430.055826	0.000000	0.000048	243.403378	4.9
360	8487.306600	0.000000	0.000048	252.268615	4.8
361	9152.710153	0.000000	0.000048	247.262851	4.2
362	8589.070830	0.000000	0.000048	240.938220	3.9
363	9260.635086	0.000000	0.000048	266.731243	3.9
364	8671.279955	0.000000	0.000048	247.310771	3.3
365	9091.735031	0.000000	0.000048	305.093506	3.4
366	9239.625954	0.000000	0.000048	285.792175	3.3
367	8798.575238	0.000000	0.000048	233.321450	3.1
368	9298.934944	0.000000	0.000048	320.052705	3.4
369	8530.967385	0.000000	0.000048	424.622448	3.1
370	8878.094590	0.003160	0.000048	288.527264	2.7
371	8999.477070	0.003374	0.000048	300.044341	2.7
372	8863.898456	0.000000	0.000048	345.216708	2.7
373	8926.557337	0.000000	0.000048	230.907477	2.7
374	9439.687983	0.000000	0.000048	280.882564	2.9
375	9156.726096	0.000000	0.000048	308.423668	3.0
376	8890.856607	0.000000	0.000048	297.143080	3.1
377	8961.219246	0.000000	0.000048	279.726479	5.0
378	8834.548165	0.000000	0.000048	249.227731	5.4
379	8378.791124	0.000000	0.000048	262.131677	5.4
380	8830.519179	0.000000	0.000048	235.996393	3.0
381	8238.294721	0.000000	0.000048	290.878048	2.8
382	8745.037122	0.000000	0.000048	286.373869	2.7
383	8535.299948	0.000000	0.000048	294.234161	2.7
384	9181.928738	0.000000	0.000048	254.676275	2.9
385	8664.046902	0.000000	0.000048	268.830991	3.0
386	8575.084868	0.000000	0.000048	266.941668	4.8
387	8618.636993	0.000000	0.000048	233.848015	4.8
388	8991.620174	0.000000	0.000048	286.635126	5.2
389	8315.214640	0.000000	0.000048	229.169086	3.6
390	8660.281441	0.000000	0.000048	250.592534	4.1
391	8986.353522	0.000000	0.000048	267.779270	4.2
392	9163.728007	0.000000	0.000048	245.112402	3.4
393	8711.834891	0.000000	0.000048	227.915357	3.2
394	8627.059770	0.000000	0.000048	251.610695	3.1
395	9152.733334	0.000000	0.000048	260.571829	3.0
396	8486.406021	0.000000	0.000048	225.793476	2.9
397	8834.650778	0.000000	0.000048	230.432836	2.9
398	8365.730867	0.000000	0.000048	284.031307	2.9
399	8595.899161	0.000000	0.000048	374.414958	2.8
400	8462.551144	0.001090	0.000048	236.242550	2.8
401	8584.803627	0.000000	0.000048	236.867969	2.7
402	8760.291687	0.000000	0.000048	225.928656	2.7
403	8352.739501	0.000000	0.000048	280.422427	2.7
404	9095.692323	0.000000	0.000048	229.226565	2.7
405	8558.427886	0.000000	0.000048	259.921260	2.7
406	8853.931997	0.000000	0.000048	257.926479	2.6
407	8992.453967	0.000000	0.000048	260.698628	2.6
408	9054.682873	0.000000	0.000048	247.810703	2.6
409	8828.843084	0.000000	0.000048	220.018768	2.6
410	8247.926015	0.000000	0.000048	206.423505	2.5
411	9105.788965	0.000000	0.000048	284.783851	2.4
412	9030.338550	0.000000	0.000048	359.723332	2.5
413	9095.610535	0.000000	0.000048	319.532488	2.5
414	8498.947384	0.000274	0.000048	236.238052	2.3
415	9019.345976	0.000000	0.000048	277.021922	2.4
416	9038.297489	0.000000	0.000048	282.909876	2.4
417	8754.247022	0.000000	0.000048	261.249853	2.3
418	8630.150484	0.000000	0.000048	488.175343	2.5
419	8481.280505	0.001554	0.000048	261.890297	2.5
420	8441.815177	0.000000	0.000048	251.657791	2.5
421	8631.921027	0.000000	0.000048	289.736722	2.5
422	9116.698918	0.000000	0.000048	226.085690	2.8
423	9211.732808	0.000000	0.000048	249.257221	2.8
424	8716.037587	0.000000	0.000048	233.178236	2.8
425	8583.958745	0.000000	0.000048	263.724368	2.8
426	8635.532197	0.000000	0.000048	262.603220	2.9
427	8391.326604	0.000000	0.000048	290.025063	2.9
428	8396.447145	0.000000	0.000048	257.317716	2.9
429	8625.228310	0.000000	0.000048	229.969423	2.9
430	8713.047966	0.000000	0.000048	294.939258	2.9
431	8660.232028	0.000000	0.000048	265.072174	3.0
432	8678.566119	0.000000	0.000048	332.775035	2.9
433	8915.540399	0.000000	0.000048	342.168193	2.9
434	8842.741946	0.000762	0.000048	314.482334	5.3
435	8890.100148	0.001510	0.000048	303.942391	3.4
436	8262.768485	0.000132	0.000048	217.022969	3.3
437	8776.797139	0.000000	0.000048	324.353497	3.1
438	8901.428310	0.000000	0.000048	252.145268	2.3
439	8516.633070	0.000000	0.000048	234.475634	2.3
440	8474.315126	0.000000	0.000048	232.557307	2.4
441	8441.798384	0.000000	0.000048	250.245202	2.2
442	9085.289599	0.000000	0.000048	283.940167	2.3
443	8757.482737	0.000000	0.000048	265.527173	2.3
444	8781.969351	0.000000	0.000048	260.213339	2.3
445	8555.442192	0.000000	0.000048	295.136078	2.4
446	8659.148484	0.000000	0.000048	267.638656	2.3
447	8484.130027	0.000000	0.000048	250.509822	2.5
448	8854.855401	0.000000	0.000048	245.881690	2.4
449	8457.755504	0.000000	0.000048	240.510624	2.4
450	8518.226502	0.000000	0.000048	249.521126	2.3
451	9079.599280	0.000000	0.000048	288.273023	3.1
452	8624.163526	0.000000	0.000048	211.838094	3.4
453	8535.408852	0.000000	0.000048	232.403847	3.3
454	8761.862722	0.000000	0.000048	303.210234	4.8
455	8973.450603	0.000000	0.000048	263.069750	2.5
456	8359.886257	0.000000	0.000048	230.883087	2.2
457	9040.584963	0.000000	0.000048	242.520423	2.3
458	8959.803374	0.000000	0.000048	283.569441	5.1
459	9086.014710	0.000000	0.000048	282.738268	2.9
460	8646.549667	0.000000	0.000048	370.805654	2.7
461	8431.648569	0.000000	0.000048	255.961443	2.5
462	8216.350532	0.000000	0.000048	220.848662	2.3
463	8766.114306	0.000000	0.000048	257.750356	2.2
464	8766.133084	0.000000	0.000048	252.560562	2.2
465	8563.149592	0.000000	0.000048	310.491396	2.2
466	9102.612002	0.000000	0.000048	265.400132	2.3
467	9287.374836	0.000000	0.000048	239.488111	2.3
468	8616.266761	0.000000	0.000048	302.286670	2.3
469	8574.575642	0.000000	0.000048	289.303408	2.4
470	8712.124695	0.000000	0.000048	269.823186	2.4
471	8497.742295	0.000000	0.000048	279.704966	2.4
472	8484.519507	0.000000	0.000048	229.209934	2.4
473	8801.272189	0.000000	0.000048	330.179600	2.6
474	8828.223119	0.000000	0.000048	234.814088	2.7
475	8747.862397	0.000000	0.000048	308.452994	2.6
476	8297.088863	0.000000	0.000048	244.217936	2.5
477	8785.034536	0.000000	0.000048	251.147212	2.4
478	8879.014104	0.000000	0.000048	261.960876	2.4
479	8196.532327	0.000000	0.000048	243.862532	2.5
480	8658.200576	0.000000	0.000048	259.863468	2.5
481	8310.212790	0.000000	0.000048	235.742819	2.7
482	8313.728555	0.000000	0.000048	274.007831	2.6
483	8435.920064	0.000000	0.000048	257.930982	2.7
484	8500.849529	0.000000	0.000048	229.877981	2.7
485	8871.627927	0.000000	0.000048	291.711969	2.8
486	8434.452146	0.000000	0.000048	333.349248	4.8
487	8738.502280	0.000000	0.000048	245.299252	4.7
488	8630.671274	0.000000	0.000048	350.029035	4.5
489	8836.490578	0.000000	0.000048	269.670329	4.2
490	8467.013591	0.000000	0.000048	245.700377	3.7
491	8391.845827	0.000000	0.000048	229.366818	3.7
492	8675.785118	0.000000	0.000048	376.570714	3.4
493	8856.676627	0.000000	0.000048	240.702825	3.3
494	8529.297343	0.000000	0.000048	238.730219	3.3
495	8566.965413	0.000000	0.000048	311.225306	3.5
496	8489.046995	0.000000	0.000048	214.811629	3.5
497	8581.478876	0.000000	0.000048	476.217488	3.4
498	8441.198016	0.000000	0.000048	242.751787	3.2
499	8374.457556	0.000000	0.000048	239.171008	3.1
500	8640.547498	0.000000	0.000048	223.733682	3.2
501	7892.400549	0.000000	0.000048	298.753931	3.6
502	9129.419290	0.000000	0.000048	320.927407	3.7
503	8471.771202	0.000000	0.000048	215.637649	5.1
504	8605.886448	0.000000	0.000048	277.586641	5.3
505	8412.112429	0.000000	0.000048	249.662804	5.3
506	8798.441383	0.000000	0.000048	232.112718	5.3
507	8927.660510	0.000000	0.000048	240.039268	5.2
508	9241.537418	0.000000	0.000048	240.195498	5.1
509	8343.770861	0.000000	0.000048	222.374005	4.4
510	7998.451362	0.000000	0.000048	213.457835	4.2
511	8694.999420	0.000000	0.000048	273.592667	3.8
512	8789.978223	0.000000	0.000048	273.784599	3.9
513	8330.015099	0.000000	0.000048	227.050043	5.7
514	8461.288742	0.000000	0.000048	280.534430	5.0
515	8420.112194	0.000000	0.000048	248.417268	2.9
516	8357.780744	0.000000	0.000048	304.980440	4.7
517	8424.407402	0.000000	0.000048	232.600408	4.9
518	8363.992618	0.000000	0.000048	243.802783	5.2
519	8228.482363	0.000000	0.000048	237.007555	3.4
520	8321.159984	0.000000	0.000048	212.294933	2.9
521	8784.575368	0.000000	0.000048	264.543131	3.2
522	8706.449904	0.000000	0.000048	251.627509	3.4
523	7908.375772	0.000000	0.000048	248.428793	3.8
524	8248.726082	0.000000	0.000048	225.222347	5.1
525	8554.446467	0.000000	0.000048	239.664371	5.2
526	8689.836694	0.000000	0.000048	326.802414	4.1
527	8322.076749	0.000000	0.000048	263.197841	3.7
528	8083.612702	0.000000	0.000048	240.068496	3.2
529	8409.795237	0.000000	0.000048	295.503777	4.0
530	8331.851994	0.000000	0.000048	275.174264	4.0
531	8306.514365	0.000000	0.000048	263.359407	3.6
532	8949.136113	0.000000	0.000048	327.397096	3.0
533	8398.266533	0.000000	0.000048	268.131409	3.0
534	8644.584698	0.000000	0.000048	321.371389	3.1
535	9177.190822	0.000000	0.000048	246.336550	2.8
536	8652.009533	0.000000	0.000048	243.160414	2.8
537	8336.739655	0.000000	0.000048	398.778674	2.7
538	8319.945118	0.000000	0.000048	297.340950	2.6
539	8650.357150	0.000514	0.000048	292.209880	2.6
540	8831.905947	0.000000	0.000048	232.507404	2.6
541	8282.560060	0.000000	0.000048	209.844509	2.6
542	7961.298362	0.000000	0.000048	220.370230	2.4
543	8520.654631	0.000000	0.000048	211.398319	2.5
544	8486.349110	0.000000	0.000048	252.441523	2.4
545	8374.442183	0.000000	0.000048	240.709457	2.4
546	7853.079870	0.000000	0.000048	266.497337	2.4
547	8482.883357	0.000000	0.000048	280.981661	2.5
548	8176.443191	0.000000	0.000048	243.152222	2.4
549	8927.407420	0.000000	0.000048	241.752716	2.5
550	8265.468386	0.000000	0.000048	219.408928	2.5
551	8856.844065	0.000000	0.000048	307.346885	2.5
552	8669.269726	0.000000	0.000048	241.066758	2.5
553	8588.701895	0.000000	0.000048	242.198503	2.4
554	8364.784277	0.000000	0.000048	260.099931	2.9
555	8728.881897	0.000000	0.000048	279.396547	2.8
556	8440.716101	0.000000	0.000048	223.362013	2.8
557	8566.447593	0.000000	0.000048	235.473272	2.9
558	8320.681257	0.000000	0.000048	221.810953	3.2
559	8386.894399	0.000000	0.000048	245.195145	3.1
560	8457.198154	0.000000	0.000048	260.849308	3.3
561	8657.018292	0.000000	0.000048	243.511583	2.6
562	8167.757312	0.000000	0.000048	220.829830	2.6
563	8453.759333	0.000000	0.000048	218.509178	2.6
564	8348.016692	0.000000	0.000048	207.505078	2.5
565	8456.300784	0.000000	0.000048	229.472647	2.5
566	8527.514594	0.000000	0.000048	259.640533	2.4
567	8821.353455	0.000000	0.000048	260.440239	3.1
568	8455.552828	0.000000	0.000048	228.290663	2.5
569	8491.194116	0.000000	0.000048	255.495690	2.5
570	8609.568970	0.000000	0.000048	247.832392	2.6
571	8366.993055	0.000000	0.000048	231.147354	5.1
572	8597.525859	0.000000	0.000048	270.603028	2.6
573	8954.641621	0.000000	0.000048	330.958694	5.1
574	8160.110579	0.000000	0.000048	208.431502	5.1
575	8756.729018	0.000000	0.000048	381.519295	4.9
576	8121.697890	0.000000	0.000048	217.439564	3.9
577	8223.710433	0.000000	0.000048	277.799264	4.0
578	8301.181586	0.000000	0.000048	225.742874	3.8
579	8293.658376	0.000000	0.000048	252.900490	3.3
580	8007.108711	0.000000	0.000048	278.493315	5.8
581	8191.221223	0.000000	0.000048	217.537656	5.0
582	8376.219204	0.000000	0.000048	338.035769	5.2
583	8239.941525	0.000000	0.000048	228.397301	6.4
584	8250.769523	0.000000	0.000048	229.268900	4.7
585	8579.735882	0.000000	0.000048	234.042896	5.3
586	8345.268327	0.000000	0.000048	248.193451	4.9
587	8340.114967	0.000000	0.000048	242.118897	3.7
588	8261.273017	0.000000	0.000048	219.109322	3.8
589	8252.385767	0.000000	0.000048	315.398368	4.0
590	8184.415570	0.000000	0.000048	210.320371	4.1
591	8383.375624	0.000000	0.000048	231.115244	4.3
592	7841.973419	0.000000	0.000048	242.104650	5.1
593	8707.280972	0.000000	0.000048	281.330748	5.0
594	8177.810038	0.000000	0.000048	203.115019	3.8
595	8570.959820	0.000000	0.000048	252.921808	3.8
596	8715.870608	0.000000	0.000048	226.069389	3.5
597	8545.032679	0.000000	0.000048	237.207282	3.6
598	8667.024759	0.000000	0.000048	224.004002	3.6
599	7929.082190	0.000000	0.000048	244.277791	3.2
600	8740.496611	0.000000	0.000048	265.487087	5.0
601	8063.874469	0.000000	0.000048	243.192593	4.9
602	7944.080752	0.000000	0.000048	264.160825	5.0
603	8615.119702	0.000000	0.000048	298.932032	4.2
604	8195.223436	0.000000	0.000048	219.983475	3.7
605	8619.661583	0.000000	0.000048	259.179721	3.8
606	8511.249990	0.000000	0.000048	265.885912	3.1
607	8848.724546	0.000000	0.000048	271.380431	3.1
608	8324.893615	0.000000	0.000048	260.478414	3.0
609	8017.777488	0.000000	0.000048	217.914047	3.1
610	8203.759936	0.000000	0.000048	266.120138	3.6
611	8616.727632	0.000000	0.000048	226.246877	3.5
612	8324.178419	0.000000	0.000048	220.654091	5.1
613	8194.154244	0.000000	0.000048	287.427831	4.8
614	8500.720854	0.000000	0.000048	280.219950	5.0
615	8336.233792	0.000000	0.000048	219.543477	5.1
616	7903.505609	0.000000	0.000048	288.347971	4.0
617	7958.214079	0.000000	0.000048	224.098558	3.8
618	8632.421259	0.000000	0.000048	258.130278	3.7
619	8116.884044	0.000000	0.000048	241.076665	3.2
620	8283.112943	0.000000	0.000048	273.498446	4.0
621	8358.324392	0.000000	0.000048	300.306031	3.7
622	8081.154988	0.000000	0.000048	216.561126	3.5
623	7809.895000	0.000000	0.000048	207.703881	5.2
624	8418.216427	0.000000	0.000048	217.361197	5.0
625	8122.797261	0.000000	0.000048	207.844727	4.9
626	8612.267320	0.000000	0.000048	270.211714	4.3
627	8449.298074	0.000000	0.000048	242.201171	4.5
628	8198.022132	0.000000	0.000048	321.244200	4.5
629	8357.221531	0.000000	0.000048	226.856807	5.0
630	8194.834757	0.000000	0.000048	276.054403	5.4
631	7982.617657	0.000000	0.000048	214.250600	5.4
632	8038.122768	0.000000	0.000048	395.206616	5.2
633	8208.339405	0.000000	0.000048	290.385007	5.1
634	8336.982763	0.001549	0.000048	248.083965	3.9
635	8243.925464	0.000000	0.000048	236.326592	4.0
636	8342.968681	0.000000	0.000048	206.393472	3.7
637	8208.672206	0.000000	0.000048	221.783194	3.4
638	8553.113940	0.000000	0.000048	209.742031	3.4
639	7745.812817	0.000000	0.000048	225.972946	3.5
640	8667.926198	0.000000	0.000048	280.514897	3.5
641	8512.211318	0.000000	0.000048	297.358806	3.5
642	8440.101881	0.000000	0.000048	237.474179	3.6
643	7262.556445	0.000000	0.000048	209.040982	3.5
644	8191.162105	0.000000	0.000048	228.961378	3.5
645	8232.047649	0.000000	0.000048	211.425719	3.2
646	8283.663288	0.000000	0.000048	234.010691	3.2
647	8244.864515	0.000000	0.000048	233.445263	3.1
648	8295.830046	0.000000	0.000048	226.112171	2.9
649	8122.984804	0.000000	0.000048	344.997075	2.9
650	8260.422537	0.000000	0.000048	272.614457	2.8
651	8142.211386	0.000609	0.000048	254.716580	2.9
652	8433.761744	0.000000	0.000048	196.139833	2.8
653	8424.369096	0.000000	0.000048	246.944412	2.8
654	8013.469197	0.000000	0.000048	213.119109	2.7
655	8633.374219	0.000000	0.000048	236.703454	2.9
656	7835.500672	0.000000	0.000048	215.976385	3.0
657	8707.690697	0.000000	0.000048	238.339339	3.2
658	8512.665674	0.000000	0.000048	276.793236	5.2
659	8437.211425	0.000000	0.000048	249.631984	5.2
660	8147.100802	0.000000	0.000048	212.989820	5.3
661	8399.338427	0.000000	0.000048	263.956405	5.1
662	8355.900655	0.000000	0.000048	219.112539	4.9
663	8497.748644	0.000000	0.000048	291.983131	4.5
664	8079.382420	0.000000	0.000048	225.220278	4.3
665	8591.988835	0.000000	0.000048	266.323461	3.6
666	8428.724311	0.000000	0.000048	331.539390	3.6
667	8177.014430	0.000000	0.000048	208.260413	3.4
668	8483.083632	0.000000	0.000048	251.883266	4.9
669	8765.228992	0.000000	0.000048	237.942209	4.9
670	7880.578357	0.000000	0.000048	192.725911	6.0
671	8419.355248	0.000000	0.000048	244.607261	5.1
672	8344.439475	0.000000	0.000048	278.793480	4.9
673	7817.540662	0.000000	0.000048	336.114055	5.4
674	8286.768034	0.001441	0.000048	211.605333	5.5
675	8578.018934	0.000000	0.000048	285.195143	4.1
676	7913.652238	0.000000	0.000048	209.655258	4.2
677	8611.467356	0.000000	0.000048	224.848230	4.5
678	7930.949643	0.000000	0.000048	251.129529	4.9
679	8109.638333	0.000000	0.000048	230.058713	5.7
680	8056.236661	0.000000	0.000048	197.304212	5.6
681	8091.894534	0.000000	0.000048	222.078100	5.2
682	8527.021673	0.000000	0.000048	228.858719	5.0
683	7976.099812	0.000000	0.000048	250.718212	4.6
684	8308.538372	0.000000	0.000048	281.695789	4.7
685	8191.285184	0.000000	0.000048	235.468282	4.0
686	8416.702142	0.000000	0.000048	280.554636	3.7
687	8375.365573	0.000000	0.000048	229.037965	3.8
688	7805.826831	0.000000	0.000048	205.120365	3.7
689	8031.251562	0.000000	0.000048	207.514986	3.1
690	7612.004702	0.000000	0.000048	194.820078	3.1
691	8159.255405	0.000000	0.000048	215.469618	3.0
692	8133.198132	0.000000	0.000048	238.153972	3.1
693	8510.731108	0.000000	0.000048	219.581374	3.0
694	8322.736828	0.000000	0.000048	260.063858	3.0
695	8196.951522	0.000000	0.000048	207.957974	2.9
696	7915.180971	0.000000	0.000048	319.449550	2.8
697	8715.725686	0.000000	0.000048	234.468347	2.8
698	7850.824358	0.000000	0.000048	202.988673	2.6
699	7977.317218	0.000000	0.000048	265.639227	2.6
700	8686.924906	0.000000	0.000048	222.512001	2.6
701	8606.988108	0.000000	0.000048	243.519024	2.6
702	8379.639729	0.000000	0.000048	241.316493	2.5
703	8021.609224	0.000000	0.000048	257.216110	2.5
704	8138.797660	0.000000	0.000048	215.629553	2.5
705	7927.031791	0.000000	0.000048	289.473673	2.6
706	8364.593290	0.000000	0.000048	240.338527	2.7
707	7964.509266	0.000000	0.000048	229.416480	2.6
708	8139.240743	0.000000	0.000048	221.607792	2.6
709	7852.621711	0.000000	0.000048	257.148237	2.7
710	7878.842462	0.000000	0.000048	250.216010	2.5
711	8426.617691	0.000000	0.000048	240.499653	2.6
712	7967.515952	0.000000	0.000048	256.238555	2.6
713	8019.613206	0.000000	0.000048	263.853212	2.4
714	8066.686273	0.000000	0.000048	248.135231	2.4
715	8182.824544	0.000000	0.000048	218.580951	2.3
716	8216.627314	0.000000	0.000048	249.488970	2.5
717	8243.872366	0.000000	0.000048	329.043510	4.1
718	7809.258361	0.000000	0.000048	223.933155	2.7
719	8599.857567	0.000000	0.000048	248.628172	2.6
720	8163.617452	0.000000	0.000048	250.271454	2.7
721	7643.934777	0.000000	0.000048	229.070063	2.8
722	7865.014870	0.000000	0.000048	254.814575	2.9
723	8230.827515	0.000000	0.000048	213.305445	2.8
724	8535.680677	0.000000	0.000048	209.208607	3.0
725	8388.483161	0.000000	0.000048	201.071528	3.2
726	7994.948095	0.000000	0.000048	237.599246	3.1
727	7965.678788	0.000000	0.000048	248.254137	3.1
728	7802.355664	0.000000	0.000048	335.813507	8.8
729	8474.239926	0.000000	0.000048	219.406083	4.6
730	7951.732687	0.000000	0.000048	185.418115	2.6
731	8441.086988	0.000000	0.000048	239.178225	3.6
732	7662.572080	0.000000	0.000048	195.460657	2.8
733	8507.666517	0.000000	0.000048	332.117142	2.8
734	8332.538151	0.000000	0.000048	216.286345	2.8
735	8392.763192	0.000000	0.000048	261.317187	3.1
736	8152.709410	0.000000	0.000048	195.026467	3.2
737	8114.787867	0.000000	0.000048	290.280260	3.0
738	7940.323059	0.000000	0.000048	193.390305	2.5
739	7979.941622	0.000000	0.000048	362.960950	2.5
740	7659.930010	0.000000	0.000048	204.406634	2.5
741	7998.213996	0.000000	0.000048	239.453893	2.4
742	7604.123820	0.000000	0.000048	210.036241	2.5
743	8338.232539	0.000000	0.000048	265.384705	2.5
744	8235.028540	0.000000	0.000048	281.260220	2.5
745	7911.035476	0.000000	0.000048	274.857668	2.6
746	8069.031466	0.000000	0.000048	211.252583	4.1
747	7925.262094	0.000000	0.000048	237.563332	2.6
748	8117.271131	0.000000	0.000048	205.461821	2.5
749	8059.004026	0.000000	0.000048	206.993066	2.8
750	8137.622122	0.000000	0.000048	205.157332	3.1
751	8238.700087	0.000000	0.000048	486.177585	3.0
752	8132.629377	0.000000	0.000048	242.571850	3.0
753	8372.073841	0.000000	0.000048	246.003524	2.8
754	7868.703682	0.000000	0.000048	233.848077	2.8
755	8539.012304	0.000000	0.000048	254.099821	2.8
756	8205.061786	0.000000	0.000048	204.576080	4.3
757	7986.437792	0.000000	0.000048	205.611218	5.1
758	7760.890558	0.000000	0.000048	240.430752	3.4
759	8102.978541	0.000000	0.000048	201.168320	3.5
760	7740.669580	0.000000	0.000048	250.646433	3.6
761	7873.928651	0.000000	0.000048	203.724930	3.6
762	7987.204148	0.000000	0.000048	263.912068	3.6
763	8381.734784	0.000000	0.000048	221.951612	3.5
764	8121.715522	0.000000	0.000048	212.865442	3.2
765	7737.954883	0.000000	0.000048	217.505048	3.3
766	8106.283068	0.000000	0.000048	277.075135	3.2
767	8090.530719	0.000000	0.000048	198.784183	3.0
768	8206.926022	0.000000	0.000048	336.176329	3.8
769	8577.102902	0.000000	0.000048	232.160389	3.9
770	8084.608722	0.000000	0.000048	268.444955	3.4
771	8105.548802	0.000000	0.000048	238.286485	5.1
772	7902.471944	0.000000	0.000048	250.314510	3.9
773	8149.436880	0.000000	0.000048	241.623375	4.0
774	7938.756960	0.000000	0.000048	258.072873	4.0
775	8290.111085	0.000000	0.000048	308.792569	3.2
776	8017.528920	0.001348	0.000048	183.031424	3.2
777	8250.431524	0.000000	0.000048	228.362778	3.1
778	8194.031092	0.000000	0.000048	207.877550	2.9
779	8003.422709	0.000000	0.000048	252.673334	2.9
780	8045.354968	0.000000	0.000048	248.710088	2.9
781	7812.793384	0.000000	0.000048	221.625501	2.9
782	7788.583574	0.000000	0.000048	189.014122	2.8
783	8197.991106	0.000000	0.000048	219.066054	2.9
784	7749.491258	0.000000	0.000048	208.331740	2.9
785	8337.287946	0.000000	0.000048	258.584715	2.8
786	7834.841227	0.000000	0.000048	210.689093	2.8
787	8345.020096	0.000000	0.000048	224.597341	2.9
788	7907.770757	0.000000	0.000048	218.706809	2.9
789	8430.870484	0.000000	0.000048	333.191285	3.1
790	7974.256210	0.000000	0.000048	215.761457	5.4
791	8116.485572	0.000000	0.000048	194.930487	3.4
792	8204.742470	0.000000	0.000048	220.280237	3.3
793	7765.000779	0.000000	0.000048	251.276348	3.7
794	7986.123662	0.000000	0.000048	240.132261	3.8
795	7740.954445	0.000000	0.000048	206.655126	3.6
796	7859.504891	0.000000	0.000048	190.856665	3.7
797	8457.953005	0.000000	0.000048	245.707280	3.6
798	8025.629115	0.000000	0.000048	206.778752	4.1
799	8234.472714	0.000000	0.000048	195.506303	3.4
800	7924.599072	0.000000	0.000048	187.937174	5.1
801	7945.738762	0.000000	0.000048	260.492793	3.8
802	7916.097466	0.000000	0.000048	241.727700	4.8
803	7706.800129	0.000000	0.000048	276.151673	5.4
804	8031.236549	0.000000	0.000048	191.149944	5.4
805	8136.546232	0.000000	0.000048	269.919207	5.1
806	7937.027041	0.000000	0.000048	213.801315	5.1
807	7830.095125	0.000000	0.000048	227.098696	4.5
808	7733.942446	0.000000	0.000048	207.731851	3.8
809	7996.062397	0.000000	0.000048	210.015858	3.8
810	8415.997106	0.000000	0.000048	208.211264	3.2
811	8037.838532	0.000000	0.000048	245.065375	5.2
812	7940.599097	0.000000	0.000048	232.619693	5.2
813	8048.955328	0.000000	0.000048	257.476063	5.3
814	7854.356185	0.000000	0.000048	199.143636	4.4
815	7993.013545	0.000000	0.000048	208.778952	4.6
816	7878.286661	0.000000	0.000048	195.725572	4.1
817	7928.988764	0.000000	0.000048	196.765450	3.5
818	7892.763310	0.000000	0.000048	224.524113	3.5
819	7587.570492	0.000000	0.000048	256.141096	3.5
820	8263.773907	0.000000	0.000048	198.094995	3.5
821	7956.289982	0.000000	0.000048	205.605917	3.6
822	7606.650974	0.000000	0.000048	221.236366	2.9
823	8006.016910	0.000000	0.000048	225.149562	2.8
824	7728.700740	0.000000	0.000048	242.572074	2.9
825	8295.743131	0.000000	0.000048	238.470734	2.7
826	7925.816242	0.000000	0.000048	215.039658	2.6
827	8121.051788	0.000000	0.000048	213.977288	2.6
828	8485.805901	0.000000	0.000048	252.169259	2.7
829	7859.826141	0.000000	0.000048	220.170135	2.7
830	8008.393269	0.000000	0.000048	206.329244	4.3
831	7882.890906	0.000000	0.000048	200.166643	2.7
832	7886.660954	0.000000	0.000048	186.429541	3.9
833	8148.295276	0.000000	0.000048	205.073334	3.1
834	7767.422108	0.000000	0.000048	233.758586	3.0
835	7974.509521	0.000000	0.000048	227.099445	3.1
836	7923.213920	0.000000	0.000048	217.434500	3.7
837	7739.514669	0.000000	0.000048	205.187562	3.1
838	7906.393734	0.000000	0.000048	228.833318	3.0
839	8211.992775	0.000000	0.000048	289.671163	3.2
840	8218.072294	0.000000	0.000048	230.134027	3.3
841	8054.460748	0.000000	0.000048	192.803553	3.2
842	8164.948060	0.000000	0.000048	217.042271	3.2
843	8138.591577	0.000000	0.000048	236.557520	3.2
844	7913.406108	0.000000	0.000048	244.170781	3.3
845	8064.957436	0.000000	0.000048	252.921227	2.6
846	7974.771325	0.000000	0.000048	252.126459	2.7
847	7870.478918	0.000000	0.000048	260.757369	2.7
848	7579.182337	0.000000	0.000048	246.248286	2.6
849	8115.478098	0.000000	0.000048	324.797884	2.5
850	7520.984305	0.000000	0.000048	200.704454	2.5
851	7988.398201	0.000000	0.000048	238.579665	2.4
852	7841.856864	0.000000	0.000048	198.339071	3.4
853	7732.074728	0.000000	0.000048	216.017334	2.4
854	7590.216605	0.000000	0.000048	208.977485	2.5
855	7600.947868	0.000000	0.000048	179.254327	5.8
856	7983.912442	0.000000	0.000048	201.315825	3.4
857	7777.268742	0.000000	0.000048	209.847145	2.8
858	8006.498880	0.000000	0.000048	309.631328	3.2
859	7888.997780	0.000000	0.000048	217.587519	3.3
860	7805.646116	0.000000	0.000048	207.112943	3.3
861	7885.796689	0.000000	0.000048	213.819485	3.2
862	8038.684832	0.000000	0.000048	324.514015	3.1
863	7634.701017	0.000000	0.000048	198.490697	3.1
864	7907.772625	0.000000	0.000048	220.577789	3.1
865	7963.283540	0.000000	0.000048	196.622806	2.9
866	7553.846105	0.000000	0.000048	191.612695	2.9
867	8035.163224	0.000000	0.000048	228.942474	2.9
868	7744.405727	0.000000	0.000048	240.181058	3.6
869	7740.580274	0.000000	0.000048	220.838888	3.0
870	7495.385964	0.000000	0.000048	264.537663	3.1
871	7938.495308	0.000000	0.000048	197.194877	3.0
872	7881.759056	0.000000	0.000048	206.186938	3.0
873	7528.787919	0.000000	0.000048	193.289694	3.0
874	7953.057850	0.000000	0.000048	194.851284	3.2
875	7268.482453	0.000000	0.000048	182.323465	3.6
876	7788.109558	0.000000	0.000048	200.631530	3.3
877	7674.504778	0.000000	0.000048	203.271278	3.2
878	7703.221731	0.000000	0.000048	193.120976	3.1
879	7618.405807	0.000000	0.000048	192.765654	3.1
880	7718.913539	0.000000	0.000048	199.752472	3.0
881	7944.504235	0.000000	0.000048	287.504664	2.9
882	8014.647310	0.000000	0.000048	191.069752	3.1
883	7621.174721	0.000000	0.000048	273.968429	5.1
884	7867.404181	0.000000	0.000048	205.098956	4.8
885	8024.111356	0.000000	0.000048	292.434112	4.9
886	7726.524667	0.000000	0.000048	338.519017	4.9
887	7404.542524	0.002766	0.000048	210.187895	4.4
888	7992.695693	0.002614	0.000048	246.600038	3.8
889	7440.814358	0.000074	0.000048	316.027148	3.8
890	7695.178943	0.000000	0.000048	220.222158	3.0
891	7741.702810	0.000000	0.000048	200.101972	3.1
892	7754.948538	0.000000	0.000048	216.816673	3.1
893	7783.083878	0.000000	0.000048	249.128552	3.2
894	8107.601696	0.000000	0.000048	271.968203	3.5
895	8113.144573	0.000000	0.000048	230.091459	4.8
896	7875.587878	0.000000	0.000048	196.671139	4.9
897	7892.486275	0.000000	0.000048	224.692421	4.9
898	7824.255013	0.000000	0.000048	184.446865	3.9
899	7838.170095	0.000000	0.000048	185.434119	3.9
900	7704.228736	0.000000	0.000048	193.046036	3.8
901	8022.356487	0.000000	0.000048	191.768332	3.6
902	7727.446050	0.000000	0.000048	233.900229	3.6
903	8124.108301	0.000000	0.000048	244.892057	3.3
904	7707.869198	0.000000	0.000048	202.086595	3.2
905	7575.331821	0.000000	0.000048	265.911027	3.4
906	7744.198537	0.000000	0.000048	176.425885	5.2
907	7738.868579	0.000000	0.000048	239.278811	4.3
908	7543.511625	0.000000	0.000048	236.658037	2.5
909	7697.679516	0.000000	0.000048	185.436791	2.7
910	8026.115191	0.000000	0.000048	196.193356	2.6
911	8053.598193	0.000000	0.000048	250.659895	2.5
912	8058.543093	0.000000	0.000048	182.496055	2.6
913	8074.065666	0.000000	0.000048	190.020566	2.6
914	7716.371230	0.000000	0.000048	188.199256	3.1
915	7693.947160	0.000000	0.000048	222.294228	3.2
916	7481.411096	0.000000	0.000048	253.957664	3.1
917	7928.033519	0.000000	0.000048	254.240855	2.7
918	7864.813062	0.000000	0.000048	209.038888	2.4
919	8109.387213	0.000000	0.000048	197.827937	2.5
920	7418.210229	0.000000	0.000048	196.349169	2.3
921	7481.464860	0.000000	0.000048	190.084471	2.5
922	7559.341987	0.000000	0.000048	205.830030	2.9
923	7833.725944	0.000000	0.000048	230.593905	2.5
924	8046.836518	0.000000	0.000048	262.352987	2.6
925	7468.702062	0.000000	0.000048	214.688284	2.6
926	7624.048571	0.000000	0.000048	274.002077	2.6
927	7598.456714	0.000000	0.000048	214.964848	2.5
928	7975.621137	0.000000	0.000048	205.303749	2.6
929	7776.889335	0.000000	0.000048	209.607599	2.5
930	7408.900850	0.000000	0.000048	200.887724	2.5
931	7723.802626	0.000000	0.000048	205.199513	2.5
932	7492.290484	0.000000	0.000048	201.489011	2.4
933	7565.928564	0.000000	0.000048	201.342874	2.4
934	8300.202974	0.000000	0.000048	208.136651	2.4
935	7822.667683	0.000000	0.000048	190.277085	2.4
936	7485.724253	0.000000	0.000048	186.521405	2.4
937	7765.350807	0.000000	0.000048	255.042785	2.5
938	7822.801576	0.000000	0.000048	216.126651	4.5
939	7811.170520	0.000000	0.000048	209.215744	4.7
940	7872.614129	0.000000	0.000048	198.823144	4.7
941	7904.665821	0.000000	0.000048	178.177486	4.0
942	7890.404247	0.000000	0.000048	205.383098	3.9
943	7889.628957	0.000000	0.000048	194.751927	3.9
944	7856.732774	0.000000	0.000048	219.013188	3.4
945	7583.132163	0.000000	0.000048	242.744250	3.3
946	7313.235865	0.000000	0.000048	233.520738	3.3
947	7827.332288	0.000000	0.000048	187.317261	3.1
948	7843.645627	0.000000	0.000048	211.961086	4.9
949	7955.163876	0.000000	0.000048	340.484199	5.0
950	8085.178850	0.000000	0.000048	230.167862	4.7
951	7654.751667	0.001004	0.000048	195.137321	3.9
952	7510.287848	0.000000	0.000048	196.542392	3.8
953	7598.928898	0.000000	0.000048	210.991930	3.8
954	7497.229788	0.000000	0.000048	195.043620	5.0
955	7908.415840	0.000000	0.000048	191.566930	3.3
956	7412.394186	0.000000	0.000048	196.865716	3.5
957	7697.773166	0.000000	0.000048	200.316088	3.5
958	7657.753768	0.000000	0.000048	176.705643	3.5
959	7449.103664	0.000000	0.000048	201.124244	2.8
960	7817.948681	0.000000	0.000048	233.694569	2.9
961	7751.053521	0.000000	0.000048	198.530138	2.8
962	7529.307769	0.000000	0.000048	226.132870	2.7
963	7920.606368	0.000000	0.000048	216.295904	4.8
964	7676.411200	0.000000	0.000048	241.156200	2.7
965	7961.244944	0.000000	0.000048	185.639612	2.8
966	8065.640014	0.000000	0.000048	280.569987	5.5
967	7430.444145	0.000000	0.000048	179.546586	3.0
968	8056.752247	0.000000	0.000048	236.479312	3.3
969	7813.804664	0.000000	0.000048	206.536706	3.3
970	8050.608064	0.000000	0.000048	303.166908	3.3
971	7799.020167	0.000000	0.000048	317.421220	3.6
972	7334.573860	0.004143	0.000048	222.469855	5.8
973	7932.783519	0.002065	0.000048	182.353659	3.9
974	7941.943369	0.000000	0.000048	319.739742	3.8
975	7444.509199	0.000000	0.000048	218.587016	4.2
976	7819.830298	0.000000	0.000048	188.109451	5.3
977	7668.155064	0.000000	0.000048	175.949357	5.0
978	8016.957561	0.000000	0.000048	185.899535	3.8
979	7989.350543	0.000000	0.000048	220.580834	2.5
980	7902.107840	0.000000	0.000048	193.452692	2.4
981	7851.325652	0.000000	0.000048	201.655341	2.7
982	7605.664129	0.000000	0.000048	188.395307	2.6
983	7890.357416	0.000000	0.000048	260.373585	2.6
984	8050.596695	0.000000	0.000048	275.898525	2.5
985	7462.876639	0.000000	0.000048	179.924780	2.7
986	7543.534320	0.000000	0.000048	204.751954	2.6
987	7842.310659	0.000000	0.000048	248.655759	2.5
988	7571.462662	0.000000	0.000048	203.278067	2.6
989	8130.984427	0.000000	0.000048	297.332078	2.7
990	7385.063403	0.000000	0.000048	213.843098	2.7
991	7813.705579	0.000322	0.000048	176.937274	2.7
992	7747.066034	0.000000	0.000048	198.177464	2.7
993	7675.552767	0.000000	0.000048	196.342177	2.6
994	7693.383040	0.000000	0.000048	221.093363	2.6
995	7764.162530	0.000000	0.000048	203.339407	2.6
996	7450.949959	0.000000	0.000048	160.547903	2.5
997	8229.395694	0.000000	0.000048	292.262704	2.5
998	7859.037985	0.000000	0.000048	279.626122	2.4
999	7488.699798	0.001215	0.000048	182.929074	2.5
1000	7545.356056	0.000000	0.000048	213.404548	2.5
1001	7605.982077	0.000000	0.000048	168.314462	2.4
1002	7759.038736	0.000000	0.000048	223.752276	2.5
1003	7503.391170	0.000000	0.000048	205.349303	2.5
1004	7668.291201	0.000000	0.000048	178.284560	2.5
1005	7642.848532	0.000000	0.000048	205.407586	2.6
1006	7257.205209	0.000000	0.000048	168.336290	2.7
1007	7437.858661	0.000000	0.000048	264.285054	2.6
1008	7519.485609	0.000000	0.000048	201.300321	2.5
1009	7903.150715	0.000000	0.000048	199.596912	2.5
1010	7436.273836	0.000000	0.000048	193.712914	2.6
1011	7837.156443	0.000000	0.000048	260.169086	4.8
1012	8073.968859	0.000000	0.000048	185.782851	4.8
1013	7707.955728	0.000000	0.000048	193.259373	4.6
1014	7249.982221	0.000000	0.000048	213.996676	3.2
1015	7469.738965	0.000000	0.000048	199.388940	3.2
1016	7994.542867	0.000000	0.000048	328.784114	3.3
1017	7630.295532	0.000000	0.000048	196.726530	3.3
1018	7358.911162	0.000000	0.000048	214.632402	3.4
1019	8004.015597	0.000000	0.000048	200.149612	3.4
1020	7526.388190	0.000000	0.000048	217.986504	3.3
1021	7720.892178	0.000000	0.000048	203.277228	3.5
1022	7328.242336	0.000000	0.000048	200.447366	3.2
1023	7458.860749	0.000000	0.000048	248.148131	2.7
1024	8494.858789	0.000000	0.000048	212.669675	2.7
1025	7542.424301	0.000000	0.000048	225.362883	2.9
1026	7277.464256	0.000000	0.000048	175.900609	4.9
1027	7470.819727	0.000000	0.000048	192.380467	4.9
1028	7666.106846	0.000000	0.000048	204.114855	5.0
1029	7910.038290	0.000000	0.000048	177.026621	2.8
1030	7681.053809	0.000000	0.000048	195.991726	2.8
1031	7613.455376	0.000000	0.000048	193.846924	3.0
1032	7980.313781	0.000000	0.000048	260.582341	3.1
1033	7698.037467	0.000000	0.000048	296.633519	3.1
1034	7957.765629	0.000000	0.000048	250.718511	3.1
1035	7951.281138	0.000000	0.000048	218.680345	4.9
1036	7661.562026	0.000000	0.000048	230.804630	4.5
1037	7381.111762	0.000000	0.000048	193.419395	3.6
1038	7811.098675	0.000000	0.000048	200.548075	3.7
1039	7510.589890	0.000000	0.000048	177.124664	3.7
1040	7786.851877	0.000000	0.000048	182.961149	3.6
1041	7373.077344	0.000000	0.000048	178.313809	3.6
1042	8056.937428	0.000000	0.000048	201.184600	2.7
1043	7657.963168	0.000000	0.000048	184.793205	2.8
1044	7817.628241	0.000000	0.000048	182.787745	2.8
1045	7457.329630	0.000000	0.000048	194.297543	3.0
1046	7474.932557	0.000000	0.000048	341.249397	3.1
1047	7403.979574	0.000374	0.000048	223.553259	3.1
1048	7432.677068	0.000000	0.000048	164.127894	3.1
1049	7431.158946	0.000000	0.000048	232.586090	2.8
1050	7538.420958	0.000000	0.000048	195.726219	2.9
1051	7608.924409	0.000000	0.000048	333.077537	2.8
1052	7482.026683	0.000000	0.000048	228.269190	2.9
1053	7538.200491	0.000000	0.000048	178.584604	2.9
1054	7645.270079	0.000000	0.000048	170.158100	2.9
1055	7636.027881	0.000000	0.000048	209.734990	2.9
1056	7514.121015	0.000000	0.000048	223.727609	2.7
1057	7652.930841	0.000000	0.000048	214.619679	2.8
1058	7626.004387	0.000000	0.000048	224.105316	2.7
1059	7762.237617	0.000000	0.000048	226.238795	2.6
1060	7805.779581	0.000000	0.000048	206.222265	2.6
1061	7740.912013	0.000000	0.000048	174.478695	2.7
1062	7524.167784	0.000000	0.000048	240.202801	2.6
1063	7602.408292	0.000000	0.000048	181.067158	2.6
1064	7755.929495	0.000000	0.000048	230.576770	2.5
1065	7728.516082	0.000000	0.000048	235.715602	2.4
1066	7733.451079	0.000237	0.000048	223.728150	2.5
1067	7733.123845	0.000000	0.000048	218.923209	2.3
1068	7549.274166	0.000000	0.000048	179.251828	2.3
1069	7775.792846	0.000000	0.000048	225.561897	2.4
1070	7229.652124	0.000000	0.000048	171.620022	2.3
1071	7415.507285	0.000000	0.000048	240.814729	2.3
1072	7854.828946	0.000000	0.000048	174.735685	2.4
1073	7640.855679	0.000000	0.000048	196.153320	4.4
1074	8130.501280	0.000000	0.000048	276.777789	4.6
1075	7602.758915	0.000000	0.000048	179.001752	4.7
1076	7590.060573	0.000000	0.000048	178.816977	4.2
1077	7521.196512	0.000000	0.000048	194.385028	3.6
1078	7860.644563	0.000000	0.000048	226.120239	3.6
1079	7050.731445	0.000000	0.000048	191.233306	3.6
1080	7400.832273	0.000000	0.000048	165.950190	5.2
1081	8069.957586	0.000000	0.000048	189.138429	5.0
1082	7780.724568	0.000000	0.000048	225.903725	4.9
1083	7890.046192	0.000000	0.000048	194.765445	4.6
1084	7653.557563	0.000000	0.000048	221.826484	4.3
1085	7450.797872	0.000000	0.000048	171.385309	4.1
1086	7282.229874	0.000000	0.000048	175.399940	3.3
1087	7710.268177	0.000000	0.000048	205.956320	3.4
1088	7707.753982	0.000000	0.000048	199.754395	3.3
1089	7468.546507	0.000000	0.000048	178.445164	3.0
1090	7522.704134	0.000000	0.000048	246.694499	3.0
1091	7464.988571	0.000000	0.000048	224.864980	3.0
1092	7728.581546	0.000000	0.000048	187.426690	2.8
1093	7602.934828	0.000000	0.000048	235.638303	2.8
1094	7552.593193	0.000000	0.000048	186.616172	2.9
1095	7123.074142	0.000000	0.000048	217.564840	3.5
1096	7653.633528	0.000000	0.000048	192.892359	5.2
1097	7256.888105	0.000000	0.000048	190.234176	5.0
1098	7674.462996	0.000000	0.000048	198.196863	4.9
1099	7340.083178	0.000000	0.000048	184.443449	2.4
1100	7454.307601	0.000000	0.000048	185.569617	3.1
1101	7575.429854	0.000000	0.000048	174.237332	3.2
1102	7325.529506	0.000000	0.000048	239.031289	3.2
1103	7460.338789	0.000000	0.000048	191.328095	3.2
1104	7981.991514	0.000000	0.000048	177.174609	2.7
1105	7429.294081	0.000000	0.000048	177.708334	4.5
1106	7657.563512	0.000000	0.000048	341.810526	2.7
1107	7261.451754	0.000000	0.000048	183.407595	2.7
1108	7850.657001	0.000000	0.000048	203.302524	2.6
1109	7327.184562	0.000000	0.000048	207.823288	2.6
1110	7302.118222	0.000000	0.000048	247.094542	2.3
1111	7901.395287	0.000000	0.000048	194.880054	2.3
1112	7280.690449	0.000000	0.000048	207.268485	2.3
1113	7376.869247	0.000000	0.000048	181.575114	2.3
1114	7501.825375	0.000000	0.000048	176.022470	2.3
1115	7659.848526	0.000000	0.000048	243.614446	2.3
1116	7456.097591	0.000000	0.000048	174.477686	2.4
1117	7312.066176	0.000000	0.000048	197.328450	2.3
1118	7650.367275	0.000000	0.000048	232.038804	2.5
1119	7593.534762	0.000000	0.000048	171.818530	2.6
1120	7489.704716	0.000000	0.000048	252.684145	2.4
1121	7526.962103	0.000000	0.000048	245.078825	2.4
1122	7438.859864	0.001245	0.000048	336.481475	2.6
1123	7350.196615	0.000318	0.000048	202.314498	2.7
1124	7696.191310	0.000000	0.000048	161.498865	2.8
1125	7358.667564	0.000000	0.000048	212.193310	2.7
1126	7057.754997	0.000000	0.000048	165.654333	2.9
1127	7472.205974	0.000000	0.000048	203.220115	3.0
1128	7519.080874	0.000000	0.000048	187.411659	3.0
1129	7812.716232	0.000000	0.000048	193.788850	3.0
1130	7667.437188	0.000000	0.000048	214.011098	3.2
1131	7723.744608	0.000000	0.000048	267.464300	3.2
1132	7573.361348	0.000000	0.000048	182.397038	3.3
1133	7993.451744	0.000000	0.000048	223.351383	3.0
1134	7631.294870	0.000000	0.000048	196.100343	2.9
1135	7676.671663	0.000000	0.000048	218.137677	2.9
1136	7297.409516	0.000000	0.000048	195.664474	2.9
1137	7367.965479	0.000000	0.000048	176.157076	2.9
1138	7384.624574	0.000000	0.000048	193.721942	2.9
1139	7728.699606	0.000000	0.000048	230.651346	3.0
1140	7486.990651	0.000000	0.000048	169.932732	3.0
1141	7232.162927	0.000000	0.000048	230.566244	3.0
1142	7138.555557	0.000000	0.000048	171.952850	3.0
1143	7684.445660	0.000000	0.000048	206.202731	2.8
1144	7564.740928	0.000000	0.000048	214.566425	2.8
1145	7678.906201	0.000000	0.000048	225.682136	2.9
1146	7326.790394	0.000000	0.000048	264.092006	4.9
1147	7374.880406	0.000000	0.000048	174.540331	5.2
1148	7772.166880	0.000000	0.000048	213.149475	5.1
1149	7394.344723	0.000000	0.000048	250.486165	4.9
1150	7546.708896	0.000000	0.000048	178.568980	4.5
1151	7319.045856	0.000000	0.000048	169.523944	4.4
1152	7536.696641	0.000000	0.000048	176.669125	4.1
1153	6935.079473	0.000000	0.000048	262.922313	3.4
1154	7594.061172	0.000000	0.000048	229.913265	3.6
1155	7537.307924	0.000705	0.000048	207.054061	3.4
1156	7432.798063	0.000000	0.000048	183.785354	3.1
1157	7632.102624	0.000000	0.000048	284.530177	3.5
1158	7691.586499	0.000000	0.000048	218.442016	3.4
1159	7138.536038	0.000000	0.000048	174.500689	3.2
1160	7785.297411	0.000000	0.000048	197.498365	3.2
1161	7412.080369	0.000000	0.000048	199.320629	3.6
1162	7573.170869	0.000000	0.000048	178.872137	3.8
1163	7250.134397	0.000000	0.000048	168.649909	3.8
1164	7477.611529	0.000000	0.000048	225.158038	3.1
1165	7457.674308	0.000000	0.000048	251.554565	2.5
1166	7137.708651	0.000000	0.000048	187.639142	2.5
1167	7609.961537	0.000000	0.000048	203.299228	2.4
1168	7590.400252	0.000000	0.000048	241.762728	2.6
1169	7569.253021	0.000000	0.000048	168.163846	5.1
1170	7442.182816	0.000000	0.000048	164.441879	4.8
1171	7542.593540	0.000000	0.000048	246.597098	4.9
1172	7410.097670	0.000000	0.000048	194.655996	4.5
1173	7549.959794	0.000000	0.000048	156.379352	5.0
1174	7287.047365	0.000000	0.000048	201.221051	4.3
1175	7282.626503	0.000000	0.000048	147.678571	2.9
1176	7910.710221	0.000000	0.000048	190.318455	2.9
1177	7336.272663	0.000000	0.000048	161.347006	3.0
1178	7374.400928	0.000000	0.000048	178.533941	2.8
1179	7632.787243	0.000000	0.000048	250.866539	2.9
1180	7182.267824	0.000000	0.000048	227.812900	2.8
1181	7416.096046	0.000000	0.000048	186.927855	3.0
1182	7466.602681	0.000000	0.000048	204.869877	3.0
1183	7533.007701	0.000000	0.000048	176.323193	3.0
1184	7459.771861	0.000000	0.000048	231.699945	3.0
1185	7530.133632	0.000000	0.000048	235.385977	3.1
1186	7630.195526	0.000000	0.000048	217.617857	3.1
1187	7386.213271	0.000000	0.000048	164.354880	3.1
1188	7729.851137	0.000000	0.000048	234.820021	3.2
1189	7495.611080	0.000000	0.000048	264.444327	3.1
1190	7788.470042	0.001490	0.000048	203.566337	3.1
1191	7520.879245	0.001408	0.000048	155.577894	3.2
1192	7650.669630	0.000000	0.000048	220.273415	3.1
1193	7743.646182	0.000000	0.000048	215.276484	3.1
1194	7462.340356	0.000000	0.000048	324.062573	3.2
1195	7663.251516	0.000000	0.000048	198.931333	3.3
1196	7907.962707	0.000000	0.000048	245.985837	3.3
1197	7118.707082	0.000000	0.000048	186.932727	3.0
1198	7646.591553	0.000000	0.000048	186.261428	2.9
1199	7403.083821	0.000000	0.000048	248.150878	3.0
1200	7297.480331	0.000000	0.000048	169.084139	3.0
1201	7233.884890	0.000000	0.000048	240.049363	3.0
1202	7756.045869	0.000000	0.000048	237.990759	3.0
1203	7576.568225	0.000226	0.000048	191.398119	3.0
1204	7592.164285	0.000000	0.000048	177.481081	3.2
1205	7382.499606	0.000000	0.000048	184.332958	4.0
1206	7348.605477	0.000000	0.000048	201.317043	3.1
1207	7227.362309	0.000000	0.000048	180.898894	3.0
1208	7341.500919	0.000000	0.000048	286.922892	3.0
1209	7220.520487	0.000000	0.000048	179.638803	3.1
1210	7385.449182	0.000000	0.000048	211.965432	2.9
1211	7716.611974	0.000000	0.000048	246.779300	2.9
1212	7484.213242	0.000000	0.000048	196.009120	2.9
1213	7428.881557	0.000000	0.000048	234.528855	3.0
1214	7515.517279	0.000000	0.000048	171.447350	2.9
1215	7589.188458	0.000000	0.000048	306.633585	3.6
1216	7078.100779	0.000000	0.000048	162.168759	2.9
1217	7617.555346	0.000000	0.000048	237.306644	2.9
1218	7192.130368	0.000000	0.000048	164.336175	2.8
1219	7520.294471	0.000000	0.000048	280.611237	2.8
1220	7610.613076	0.000000	0.000048	192.656476	2.7
1221	7459.574409	0.000000	0.000048	176.750262	4.9
1222	7166.748102	0.000000	0.000048	182.325254	2.7
1223	7252.597116	0.000000	0.000048	221.579146	2.8
1224	7077.669763	0.000000	0.000048	158.410456	5.5
1225	7495.442859	0.000000	0.000048	231.522362	5.0
1226	7347.424772	0.000000	0.000048	214.436814	3.5
1227	7452.647061	0.000000	0.000048	206.736564	3.0
1228	7387.373679	0.000000	0.000048	154.822649	2.5
1229	7699.261873	0.000000	0.000048	167.216102	2.3
1230	7133.025547	0.000000	0.000048	188.004084	2.6
1231	7277.423403	0.000000	0.000048	160.972752	2.5
1232	7450.631116	0.000000	0.000048	210.687702	2.9
1233	7746.596890	0.000000	0.000048	181.323855	3.0
1234	7696.063929	0.000000	0.000048	255.828957	3.0
1235	7235.250620	0.000000	0.000048	175.857097	4.9
1236	7234.816089	0.000000	0.000048	217.492005	4.8
1237	7484.447345	0.000000	0.000048	180.734338	4.8
1238	7221.678948	0.000000	0.000048	184.865323	4.7
1239	7701.349239	0.000000	0.000048	165.422221	4.1
1240	7819.245206	0.000000	0.000048	196.240870	3.6
1241	7608.061062	0.000000	0.000048	156.334530	3.6
1242	7095.631621	0.000000	0.000048	160.275418	3.1
1243	7785.918408	0.000000	0.000048	184.039604	3.2
1244	7407.548654	0.000000	0.000048	157.794185	3.2
1245	7108.463796	0.000000	0.000048	156.846870	3.6
1246	7502.165211	0.000000	0.000048	151.187853	4.8
1247	7216.285363	0.000000	0.000048	186.304687	4.9
1248	7554.968854	0.000000	0.000048	168.079547	4.5
1249	7114.743403	0.000000	0.000048	174.040816	4.4
1250	7420.787415	0.000000	0.000048	239.486172	3.4
1251	7470.327525	0.000000	0.000048	231.477173	3.5
1252	7654.870461	0.000000	0.000048	157.879946	5.1
1253	7228.526208	0.000000	0.000048	168.207488	4.8
1254	7382.787776	0.000000	0.000048	179.683187	4.6
1255	6899.192215	0.000000	0.000048	150.223102	3.9
1256	7306.172931	0.000000	0.000048	163.196277	3.8
1257	7376.812817	0.000000	0.000048	163.171005	3.5
1258	7345.513770	0.000000	0.000048	132.333326	5.2
1259	7177.187938	0.000000	0.000048	172.387452	5.4
1260	7349.994226	0.000000	0.000048	184.639349	5.3
1261	7407.298754	0.000000	0.000048	196.447978	4.3
1262	6962.916729	0.000000	0.000048	198.411641	4.2
1263	7215.445205	0.000000	0.000048	242.560639	3.9
1264	7086.292886	0.000000	0.000048	161.749932	3.4
1265	7593.990773	0.000000	0.000048	212.358362	3.4
1266	7437.854637	0.000000	0.000048	214.902893	3.6
1267	7249.033085	0.000000	0.000048	195.563767	5.1
1268	7486.810282	0.000000	0.000048	270.482742	5.1
1269	7237.294118	0.000000	0.000048	161.889691	5.0
1270	7243.964603	0.000000	0.000048	172.018195	5.1
1271	7975.907658	0.000000	0.000048	212.820345	5.1
1272	7285.925654	0.000000	0.000048	255.737698	4.3
1273	7575.222924	0.000000	0.000048	176.721744	3.2
1274	7132.548430	0.000000	0.000048	207.964846	5.4
1275	7446.772211	0.000000	0.000048	160.175095	3.6
1276	7619.780352	0.000000	0.000048	232.493717	3.5
1277	7666.772366	0.000000	0.000048	162.219106	3.6
1278	7693.670874	0.000000	0.000048	195.557738	5.2
1279	7700.680492	0.000000	0.000048	207.127583	5.0
1280	7639.061426	0.000000	0.000048	232.095843	5.0
1281	7915.635055	0.000000	0.000048	262.039024	5.6
1282	7074.932263	0.000000	0.000048	246.053841	4.7
1283	7086.592940	0.000000	0.000048	246.185287	4.6
1284	7673.144863	0.000000	0.000048	228.262563	4.4
1285	7594.267771	0.000000	0.000048	189.411262	5.4
1286	7239.352546	0.000000	0.000048	171.534769	5.3
1287	7174.917648	0.000000	0.000048	164.147236	5.3
1288	7468.190561	0.000000	0.000048	161.026364	4.2
1289	7374.035861	0.000000	0.000048	223.131664	4.2
1290	7301.193238	0.000000	0.000048	204.118475	3.4
1291	7168.621879	0.000000	0.000048	153.106869	3.5
1292	7482.438832	0.000000	0.000048	220.561247	3.5
1293	7181.361695	0.000000	0.000048	206.099293	3.5
1294	7845.659847	0.000000	0.000048	201.523142	3.4
1295	7584.478395	0.000000	0.000048	182.401171	3.4
1296	7197.996140	0.000000	0.000048	236.563528	3.2
1297	7130.188850	0.000000	0.000048	244.115734	3.1
1298	7321.465621	0.000914	0.000048	208.606600	3.2
1299	7786.743728	0.000000	0.000048	210.276840	3.3
1300	7490.060256	0.000000	0.000048	203.847687	3.5
1301	7560.417065	0.000000	0.000048	200.236326	3.4
1302	7603.128892	0.000000	0.000048	273.530378	2.7
1303	7564.083954	0.000984	0.000048	162.102052	2.8
1304	6847.035203	0.000000	0.000048	167.442625	2.7
1305	6642.741427	0.000000	0.000048	172.069328	2.8
1306	7220.542094	0.000000	0.000048	236.006716	2.8
1307	7038.646584	0.000000	0.000048	285.491817	2.9
1308	7292.577935	0.000439	0.000048	220.034488	3.2
1309	7273.859659	0.001504	0.000048	191.376958	5.3
1310	7359.330606	0.000110	0.000048	275.122046	5.1
1311	7812.311114	0.000000	0.000048	210.123034	3.4
1312	7461.603016	0.000057	0.000048	182.973406	4.8
1313	7424.278940	0.000000	0.000048	234.304980	4.8
1314	7049.608975	0.000000	0.000048	215.190908	4.9
1315	7166.002297	0.000700	0.000048	195.283769	4.1
1316	7447.539487	0.000489	0.000048	227.901629	5.8
1317	6816.091174	0.000000	0.000048	149.548708	4.6
1318	7279.734710	0.000000	0.000048	211.448261	6.9
1319	7338.731929	0.000000	0.000048	259.277870	5.0
1320	7101.124372	0.000173	0.000048	217.297694	4.9
1321	7447.364704	0.000901	0.000048	184.604298	4.6
1322	7201.993621	0.000000	0.000048	166.556482	3.9
1323	7291.237862	0.000000	0.000048	203.426112	3.6
1324	6818.287693	0.000000	0.000048	139.347775	3.4
1325	7113.409627	0.000000	0.000048	161.694372	3.4
1326	7327.520968	0.000000	0.000048	159.470013	3.1
1327	7393.884326	0.000000	0.000048	153.129463	3.4
1328	7318.884948	0.000000	0.000048	242.705903	3.1
1329	7113.782851	0.000000	0.000048	182.310010	2.8
1330	7123.954113	0.000000	0.000048	223.903291	2.8
1331	7488.795397	0.000000	0.000048	184.974098	2.8
1332	7086.792764	0.000000	0.000048	156.559123	2.8
1333	7455.487997	0.000000	0.000048	153.247737	2.5
1334	7485.647164	0.000000	0.000048	157.524714	2.8
1335	7063.426117	0.000000	0.000048	180.526252	2.5
1336	7450.472676	0.000000	0.000048	269.394881	2.5
1337	7243.351963	0.000000	0.000048	173.123535	2.5
1338	7363.020826	0.000000	0.000048	153.688345	2.6
1339	7213.568979	0.000000	0.000048	228.128910	2.5
1340	7277.428674	0.000000	0.000048	142.260547	2.5
1341	6902.017261	0.000000	0.000048	157.119051	2.7
1342	7364.034396	0.000000	0.000048	209.593035	2.6
1343	6999.234166	0.000000	0.000048	212.301728	2.6
1344	7149.657024	0.000000	0.000048	230.097363	4.6
1345	7315.502798	0.000000	0.000048	233.665687	2.8
1346	7599.399625	0.000000	0.000048	177.762934	2.6
1347	7134.910522	0.000000	0.000048	155.935232	2.8
1348	7524.120350	0.000000	0.000048	174.762463	2.8
1349	7276.125719	0.000000	0.000048	202.522907	2.9
1350	6805.898489	0.000000	0.000048	167.145964	2.8
1351	7471.706424	0.000000	0.000048	189.895420	3.2
1352	7284.714499	0.000000	0.000048	195.167904	3.2
1353	7392.896730	0.000000	0.000048	220.582707	3.1
1354	7391.375515	0.000000	0.000048	293.929080	2.5
1355	7214.154684	0.000000	0.000048	195.411824	2.6
1356	7148.975479	0.000000	0.000048	162.785794	2.5
1357	6943.360846	0.000000	0.000048	232.566729	2.5
1358	7131.143756	0.000000	0.000048	156.935274	2.5
1359	7177.267177	0.000000	0.000048	164.623136	2.4
1360	7128.917318	0.000000	0.000048	150.330191	2.5
1361	7578.192267	0.000000	0.000048	174.968906	2.5
1362	7553.296635	0.000000	0.000048	190.207947	2.4
1363	7607.574185	0.000000	0.000048	179.550368	2.4
1364	7087.189175	0.000000	0.000048	171.086731	2.4
1365	7534.394641	0.000000	0.000048	220.785900	2.4
1366	7479.074437	0.000000	0.000048	172.858457	2.4
1367	7550.204083	0.000000	0.000048	247.808221	2.5
1368	7178.619644	0.000000	0.000048	184.808609	2.4
1369	7100.185769	0.000000	0.000048	187.733393	2.5
1370	7310.955187	0.000000	0.000048	172.365345	2.5
1371	7203.150520	0.000000	0.000048	165.185533	4.3
1372	7130.301701	0.000000	0.000048	242.517953	4.6
1373	7435.920547	0.000000	0.000048	181.310109	4.4
1374	7417.581250	0.000000	0.000048	168.813495	5.1
1375	6977.940934	0.000000	0.000048	199.743035	5.1
1376	7368.300328	0.000000	0.000048	193.322916	5.0
1377	7309.320768	0.000000	0.000048	193.998254	3.9
1378	7397.299632	0.000000	0.000048	275.590266	3.9
1379	7440.633433	0.000000	0.000048	178.035157	3.7
1380	7386.163042	0.000000	0.000048	215.735023	5.1
1381	7485.809437	0.000000	0.000048	209.265972	3.5
1382	7122.663648	0.000000	0.000048	137.992378	4.1
1383	7448.824250	0.000000	0.000048	202.150787	4.5
1384	7156.980124	0.000000	0.000048	209.296235	3.7
1385	7119.406506	0.000000	0.000048	153.740092	5.1
1386	7643.890111	0.000000	0.000048	169.860413	4.1
1387	7156.187091	0.000000	0.000048	219.501912	3.7
1388	7503.041101	0.000000	0.000048	219.799805	3.3
1389	7016.709592	0.000000	0.000048	237.342895	3.4
1390	7446.589489	0.000000	0.000048	153.225733	3.3
1391	7274.755650	0.000000	0.000048	171.921579	3.2
1392	7399.056122	0.000000	0.000048	201.479146	4.2
1393	7174.753560	0.000000	0.000048	155.532639	3.1
1394	7677.228369	0.000000	0.000048	189.878907	3.6
1395	7257.066292	0.000000	0.000048	159.721671	3.4
1396	7530.725042	0.000000	0.000048	279.082006	3.4
1397	7302.474706	0.000000	0.000048	306.774260	3.7
1398	7102.368583	0.000000	0.000048	154.157316	2.8
1399	7528.679329	0.000000	0.000048	185.355533	2.7
1400	6889.769494	0.000000	0.000048	168.069664	2.7
1401	6905.992157	0.000000	0.000048	176.246844	2.7
1402	7153.751129	0.000000	0.000048	189.681859	2.6
1403	7319.087340	0.000000	0.000048	197.048455	2.6
1404	7120.403389	0.000000	0.000048	157.360715	2.6
1405	7101.633676	0.000000	0.000048	298.405474	4.6
1406	7072.511195	0.000000	0.000048	280.327018	4.7
1407	7774.965017	0.000000	0.000048	221.033625	4.0
1408	7334.013344	0.002355	0.000048	236.258924	3.7
1409	7195.849483	0.001511	0.000048	147.937541	4.7
1410	7085.409132	0.000000	0.000048	187.479850	5.3
1411	7024.101824	0.000000	0.000048	174.731656	5.3
1412	6962.242184	0.000000	0.000048	261.431986	5.2
1413	7486.425821	0.000000	0.000048	198.223650	5.2
1414	7471.536611	0.000000	0.000048	195.747179	5.1
1415	7431.916904	0.000000	0.000048	192.002944	4.9
1416	7307.078155	0.000000	0.000048	175.844253	4.8
1417	7153.499327	0.000000	0.000048	165.574179	4.4
1418	7592.375793	0.000000	0.000048	208.054088	3.6
1419	7108.263962	0.000000	0.000048	173.381665	3.7
1420	7049.665547	0.000000	0.000048	179.143861	5.3
1421	7244.070441	0.000000	0.000048	153.595469	5.3
1422	6842.241521	0.000000	0.000048	153.456839	4.2
1423	6960.576957	0.000000	0.000048	143.006644	4.9
1424	7167.425386	0.000000	0.000048	193.843741	3.8
1425	7196.875468	0.000000	0.000048	197.023600	3.7
1426	6874.881367	0.000000	0.000048	173.790900	3.5
1427	7221.876726	0.000000	0.000048	174.351692	3.1
1428	7562.453118	0.000000	0.000048	214.077091	3.1
1429	7338.646052	0.000000	0.000048	248.346788	3.1
1430	7193.573099	0.000000	0.000048	205.841337	2.9
1431	7105.331100	0.000000	0.000048	236.721729	3.3
1432	7045.342085	0.000104	0.000048	164.301837	2.8
1433	7007.606276	0.000000	0.000048	174.199628	2.9
1434	7016.248792	0.000000	0.000048	163.348800	5.4
1435	7416.328190	0.000000	0.000048	166.249510	3.1
1436	7055.011326	0.000000	0.000048	141.859144	3.8
1437	7130.275603	0.000000	0.000048	296.912214	4.3
1438	7080.832049	0.000000	0.000048	237.051344	3.6
1439	7351.712206	0.000000	0.000048	246.389876	4.4
1440	7097.087946	0.002181	0.000048	146.891847	4.6
1441	7036.674560	0.000000	0.000048	254.332118	4.6
1442	7062.871270	0.000000	0.000048	180.824586	4.9
1443	7256.544245	0.000262	0.000048	204.590460	4.2
1444	6969.145796	0.000000	0.000048	210.340980	4.3
1445	7003.104385	0.000000	0.000048	177.869190	4.1
1446	7219.093138	0.000000	0.000048	149.329483	3.8
1447	7233.225594	0.000000	0.000048	161.681506	3.7
1448	6978.617499	0.000000	0.000048	238.282443	3.3
1449	7264.955043	0.000000	0.000048	171.930174	3.1
1450	7463.749808	0.000000	0.000048	172.225403	3.0
1451	7342.638045	0.000000	0.000048	157.307923	3.3
1452	7286.287741	0.000000	0.000048	203.435779	3.1
1453	7244.932674	0.000000	0.000048	205.482891	3.1
1454	7406.201059	0.000000	0.000048	157.616897	3.0
1455	6851.529475	0.000000	0.000048	141.186767	3.0
1456	7400.958654	0.000000	0.000048	149.674058	2.9
1457	7082.913237	0.000000	0.000048	267.633836	2.9
1458	7187.664729	0.000000	0.000048	154.696896	2.7
1459	6997.007609	0.000000	0.000048	141.961356	2.7
1460	6990.235463	0.000000	0.000048	154.289660	2.7
1461	7111.013878	0.000000	0.000048	145.892825	2.7
1462	6789.136153	0.000000	0.000048	178.241531	2.7
1463	7388.362441	0.000000	0.000048	193.512543	2.7
1464	7261.428321	0.000000	0.000048	178.257977	2.6
1465	7369.889552	0.000000	0.000048	280.489016	2.6
1466	7504.849902	0.000000	0.000048	175.218150	2.5
1467	7330.065908	0.000000	0.000048	226.146937	2.5
1468	7180.935772	0.000000	0.000048	142.551892	2.6
1469	6775.748774	0.000000	0.000048	213.758349	2.7
1470	6984.026560	0.000000	0.000048	142.639174	2.6
1471	7337.947702	0.000000	0.000048	142.906870	2.6
1472	7010.326214	0.000000	0.000048	157.001582	2.6
1473	7433.873422	0.000000	0.000048	212.849905	2.6
1474	6883.625523	0.000000	0.000048	151.054986	2.5
1475	7529.052348	0.000000	0.000048	214.528252	2.6
1476	6756.381953	0.000000	0.000048	135.700433	2.6
1477	7078.502800	0.000000	0.000048	197.169922	2.5
1478	7046.991369	0.000000	0.000048	155.474996	2.4
1479	7384.427149	0.000000	0.000048	200.792934	2.5
1480	7487.224946	0.000000	0.000048	147.255036	2.5
1481	7445.478189	0.000000	0.000048	188.330230	2.5
1482	7232.958995	0.000000	0.000048	170.271975	2.4
1483	7314.239513	0.000000	0.000048	183.734191	2.4
1484	7444.943327	0.000000	0.000048	157.713676	2.4
1485	7055.334128	0.000000	0.000048	150.558080	2.7
1486	7120.776185	0.000000	0.000048	212.865892	2.6
1487	6903.299662	0.000000	0.000048	175.123748	2.7
1488	7396.386451	0.000000	0.000048	215.682098	2.7
1489	6828.475070	0.000000	0.000048	160.978450	4.5
1490	7452.751451	0.000000	0.000048	143.060827	2.7
1491	7160.747176	0.000000	0.000048	237.060265	2.6
1492	7439.501342	0.000000	0.000048	193.551169	2.8
1493	7469.389816	0.000000	0.000048	148.550096	2.7
1494	6890.792510	0.000000	0.000048	165.610846	2.7
1495	7546.369820	0.000000	0.000048	162.809231	2.8
1496	7016.145591	0.000000	0.000048	164.468983	2.9
1497	7053.043165	0.000000	0.000048	149.165577	2.9
1498	6914.319732	0.000000	0.000048	166.221604	2.9
1499	7530.058008	0.000000	0.000048	199.783166	2.4
1500	6800.045512	0.000000	0.000048	166.339774	3.1
1501	7499.688152	0.000000	0.000048	174.429658	2.3
1502	7107.229699	0.000000	0.000048	191.185278	2.3
1503	7445.785364	0.000000	0.000048	195.186924	2.4
1504	6754.119472	0.000000	0.000048	147.123392	2.4
1505	7317.296181	0.000000	0.000048	176.783118	5.7
1506	7227.682548	0.000000	0.000048	144.650781	5.0
1507	7140.790731	0.000000	0.000048	188.777439	4.9
1508	7453.481567	0.000000	0.000048	149.876247	4.9
1509	7393.290623	0.000000	0.000048	277.278406	4.9
1510	6916.358200	0.000000	0.000048	207.940303	4.9
1511	6702.304895	0.001908	0.000048	168.963731	5.3
1512	7100.169912	0.000000	0.000048	264.531671	5.3
1513	7019.505620	0.000000	0.000048	141.401264	5.3
1514	7191.121062	0.000000	0.000048	169.058534	5.3
1515	7068.070521	0.000000	0.000048	209.314663	5.0
1516	7114.999404	0.000000	0.000048	241.378922	4.8
1517	7252.198127	0.000210	0.000048	224.109699	4.6
1518	7499.248876	0.000000	0.000048	154.194906	5.1
1519	7313.832567	0.000000	0.000048	213.560424	5.0
1520	6999.001394	0.000000	0.000048	167.802014	4.7
1521	7234.999585	0.000000	0.000048	200.345159	4.6
1522	6999.358029	0.000000	0.000048	146.774027	4.9
1523	7080.565263	0.000000	0.000048	184.656354	4.7
1524	7282.998820	0.000000	0.000048	166.350525	3.6
1525	6963.624625	0.000000	0.000048	147.993064	3.8
1526	7009.881853	0.000000	0.000048	211.651551	5.1
1527	7214.572192	0.000000	0.000048	227.297904	4.9
1528	7159.941448	0.000360	0.000048	191.522315	4.9
1529	7041.539499	0.000000	0.000048	154.459309	5.0
1530	7109.639731	0.000000	0.000048	174.648169	4.0
1531	7037.926918	0.000000	0.000048	151.474750	3.9
1532	6928.561913	0.000000	0.000048	153.944999	3.8
1533	7072.053768	0.000000	0.000048	142.175402	3.1
1534	6934.863304	0.000000	0.000048	132.030248	3.1
1535	7181.436250	0.000000	0.000048	181.001979	3.1
1536	7446.088820	0.000000	0.000048	142.214700	2.9
1537	7284.888723	0.000000	0.000048	149.748981	2.8
1538	7104.065918	0.000000	0.000048	163.973931	2.7
1539	7187.779023	0.000000	0.000048	161.708957	2.9
1540	6938.150777	0.000000	0.000048	150.761088	4.9
1541	7150.223199	0.000000	0.000048	140.405664	4.8
1542	7317.736956	0.000000	0.000048	148.259332	4.1
1543	7390.550974	0.000000	0.000048	181.102330	4.0
1544	7319.678284	0.000000	0.000048	192.571721	3.7
1545	7088.143019	0.000000	0.000048	156.254978	3.7
1546	7043.184089	0.000000	0.000048	149.435712	3.6
1547	7364.568919	0.000000	0.000048	183.712003	3.4
1548	7363.834446	0.000000	0.000048	192.206643	3.2
1549	7003.640386	0.000000	0.000048	138.298643	3.2
1550	6976.272451	0.000000	0.000048	133.794016	3.0
1551	7262.739702	0.000000	0.000048	191.516443	2.9
1552	7078.811543	0.000000	0.000048	163.813899	3.1
1553	6926.619943	0.000000	0.000048	234.277276	3.0
1554	7254.573922	0.000000	0.000048	177.360552	3.0
1555	6668.943524	0.000000	0.000048	223.884246	3.1
1556	7452.301557	0.000000	0.000048	158.006807	3.1
1557	7256.979908	0.000000	0.000048	163.820703	3.1
1558	7037.407426	0.000000	0.000048	192.013344	3.1
1559	7225.073658	0.000000	0.000048	137.215030	3.1
1560	6886.899108	0.000000	0.000048	161.545414	3.0
1561	6870.475279	0.000000	0.000048	170.084688	2.8
1562	7009.409473	0.000000	0.000048	191.951147	3.0
1563	7220.997196	0.000000	0.000048	172.205602	2.9
1564	7226.797693	0.000000	0.000048	153.549017	2.9
1565	7248.719141	0.000000	0.000048	253.535701	3.0
1566	7071.347381	0.000000	0.000048	167.705456	5.1
1567	6860.747660	0.000000	0.000048	146.984777	4.9
1568	7348.680993	0.000000	0.000048	162.909765	4.5
1569	6936.470489	0.000000	0.000048	168.557966	4.1
1570	7183.045303	0.000000	0.000048	163.927314	4.3
1571	6844.861079	0.000000	0.000048	165.920535	4.2
1572	6845.945149	0.000000	0.000048	294.480609	4.1
1573	6765.323091	0.000000	0.000048	192.885334	3.5
1574	7090.468977	0.000000	0.000048	174.219211	3.3
1575	7287.052971	0.000000	0.000048	206.976233	3.3
1576	6785.677665	0.000000	0.000048	248.610286	3.1
1577	7205.858372	0.000000	0.000048	187.021794	3.0
1578	7149.543070	0.000238	0.000048	164.498872	3.0
1579	7069.927455	0.000000	0.000048	178.535780	3.0
1580	7187.694522	0.000000	0.000048	160.261834	2.8
1581	7089.384026	0.000000	0.000048	270.264278	2.7
1582	7061.630145	0.000000	0.000048	195.640207	2.7
1583	7028.433245	0.000000	0.000048	161.924507	2.7
1584	6851.141260	0.000000	0.000048	167.102691	2.7
1585	6966.690024	0.000000	0.000048	216.153269	2.6
1586	7384.892614	0.000000	0.000048	160.805316	3.7
1587	6991.701705	0.000000	0.000048	157.902092	4.8
1588	7510.747346	0.000000	0.000048	174.378801	4.8
1589	6823.482140	0.000000	0.000048	173.528024	3.7
1590	6730.463280	0.000000	0.000048	142.273115	3.6
1591	7033.285958	0.000000	0.000048	180.701114	3.7
1592	7325.393486	0.000000	0.000048	170.580442	4.4
1593	7213.959309	0.000000	0.000048	226.537031	4.4
1594	7309.278830	0.000000	0.000048	284.161208	4.9
1595	7487.334846	0.000000	0.000048	171.050976	4.9
1596	7164.714079	0.000000	0.000048	137.018870	4.3
1597	7302.455979	0.000000	0.000048	177.889658	4.3
1598	7057.891170	0.000000	0.000048	154.792845	3.2
1599	6911.222972	0.000000	0.000048	146.024815	3.0
1600	7405.432601	0.000000	0.000048	167.680886	3.5
1601	6916.232501	0.000000	0.000048	185.254834	5.2
1602	7162.045655	0.000000	0.000048	190.189844	5.4
1603	7184.989799	0.000000	0.000048	208.985691	5.2
1604	6818.860052	0.000000	0.000048	183.797363	5.4
1605	7228.669205	0.000000	0.000048	160.583107	6.1
1606	6752.921529	0.000000	0.000048	243.815938	6.1
1607	7202.228114	0.000000	0.000048	140.756841	4.4
1608	7160.576239	0.000000	0.000048	240.879584	3.9
1609	7022.435359	0.000000	0.000048	161.834595	3.6
1610	7081.980972	0.000000	0.000048	147.290973	3.4
1611	6731.671349	0.000000	0.000048	158.732890	3.5
1612	6755.477724	0.000000	0.000048	150.962895	3.4
1613	7205.808987	0.000000	0.000048	172.980555	3.4
1614	7057.196783	0.000000	0.000048	138.550083	3.3
1615	6914.448021	0.000000	0.000048	135.627881	3.4
1616	7242.176728	0.000000	0.000048	169.503892	3.6
1617	7275.512303	0.000000	0.000048	217.689273	4.0
1618	7339.429070	0.000000	0.000048	208.604891	3.6
1619	7161.374199	0.000000	0.000048	155.548299	3.5
1620	6645.807301	0.000000	0.000048	162.629205	3.4
1621	6931.023033	0.000000	0.000048	210.587897	3.7
1622	6973.882685	0.000167	0.000048	159.732412	3.4
1623	7099.453061	0.000000	0.000048	243.971356	3.1
1624	7102.903285	0.000000	0.000048	174.627366	2.9
1625	6823.571539	0.000363	0.000048	181.157378	2.9
1626	6909.802114	0.000000	0.000048	185.313723	3.8
1627	7492.934107	0.000035	0.000048	250.810156	2.7
1628	7128.129365	0.000000	0.000048	139.360301	2.7
1629	7146.317376	0.000000	0.000048	161.497321	2.7
1630	6866.486219	0.000000	0.000048	222.817743	2.7
1631	7037.273096	0.000000	0.000048	175.778362	2.6
1632	6901.135012	0.000000	0.000048	172.639695	2.7
1633	6998.696303	0.000000	0.000048	209.364739	2.7
1634	6908.813996	0.000000	0.000048	164.529180	2.5
1635	7150.134352	0.000000	0.000048	197.379694	2.6
1636	7107.550776	0.000000	0.000048	243.675375	2.6
1637	7029.470305	0.000000	0.000048	140.720800	2.5
1638	6759.837850	0.000000	0.000048	163.752976	2.5
1639	6723.577637	0.000000	0.000048	133.466481	2.4
1640	7100.496054	0.000000	0.000048	195.230347	2.5
1641	6869.953289	0.000000	0.000048	208.459536	2.5
1642	6973.750961	0.000000	0.000048	170.834626	2.4
1643	7183.811709	0.000000	0.000048	146.475455	2.4
1644	7134.812001	0.000000	0.000048	210.997801	2.4
1645	6485.982729	0.000000	0.000048	202.847541	2.5
1646	7237.438580	0.000877	0.000048	216.908701	2.6
1647	7085.718659	0.002716	0.000048	207.458858	2.7
1648	6922.365233	0.000517	0.000048	178.900337	2.7
1649	6942.941422	0.000249	0.000048	208.283911	2.6
1650	6986.716463	0.000000	0.000048	176.746438	2.5
1651	6722.900446	0.000000	0.000048	166.371144	2.6
1652	6723.378907	0.000000	0.000048	328.907301	2.6
1653	7083.922245	0.000000	0.000048	165.945325	2.4
1654	7043.561458	0.000000	0.000048	154.727022	2.4
1655	7344.954258	0.000000	0.000048	162.563321	2.4
1656	7101.665708	0.000000	0.000048	167.570337	2.5
1657	7159.972085	0.000000	0.000048	188.455277	2.6
1658	6976.792481	0.000000	0.000048	144.375036	2.7
1659	6660.030234	0.000000	0.000048	155.821365	3.1
1660	6886.596420	0.000000	0.000048	161.105817	2.6
1661	6893.592774	0.000000	0.000048	200.587686	2.7
1662	6791.437928	0.000000	0.000048	129.827805	2.6
1663	7280.081256	0.000000	0.000048	186.064024	2.7
1664	6905.671433	0.000000	0.000048	176.064168	2.8
1665	7128.763406	0.000000	0.000048	199.734065	2.9
1666	6991.347171	0.000000	0.000048	157.710350	2.9
1667	7010.426589	0.000000	0.000048	187.020907	2.9
1668	7117.975352	0.000000	0.000048	158.615538	2.4
1669	7263.554847	0.000000	0.000048	144.288517	2.4
1670	6914.517453	0.000000	0.000048	168.770707	2.4
1671	6835.016880	0.000000	0.000048	132.670494	3.3
1672	6686.222600	0.000000	0.000048	172.068439	4.9
1673	6780.322112	0.000000	0.000048	174.581009	4.9
1674	6643.341526	0.000322	0.000048	166.854053	3.2
1675	6630.065017	0.000000	0.000048	210.369963	6.0
1676	6927.473728	0.000000	0.000048	247.469788	5.1
1677	7050.701353	0.001379	0.000048	142.810746	4.9
1678	7138.144250	0.000000	0.000048	164.735900	5.1
1679	7172.153138	0.000000	0.000048	154.069424	5.0
1680	7208.810316	0.000000	0.000048	208.217274	4.9
1681	6904.098137	0.000000	0.000048	135.814647	4.8
1682	6871.355538	0.000000	0.000048	195.906262	3.8
1683	7091.437362	0.000000	0.000048	173.891439	5.0
1684	7035.688224	0.000572	0.000048	132.358522	4.1
1685	6900.925831	0.000000	0.000048	144.889477	3.3
1686	7001.048535	0.000000	0.000048	216.994572	3.3
1687	6966.562071	0.000000	0.000048	147.105395	3.2
1688	7286.694349	0.000000	0.000048	217.507804	3.2
1689	7168.899207	0.000000	0.000048	260.158418	3.2
1690	7002.712814	0.000000	0.000048	183.326275	3.3
1691	6869.765041	0.001052	0.000048	145.294858	3.3
1692	7179.445745	0.000000	0.000048	135.518992	3.2
1693	6734.182470	0.000000	0.000048	144.897755	3.5
1694	7125.867163	0.000000	0.000048	162.792423	3.5
1695	6413.386993	0.000000	0.000048	167.867587	3.6
1696	7478.032180	0.000000	0.000048	246.912475	3.0
1697	6943.815219	0.000000	0.000048	159.775072	2.9
1698	6799.971234	0.000000	0.000048	152.569837	3.0
1699	6856.764397	0.000000	0.000048	126.049025	5.2
1700	6683.720933	0.000000	0.000048	188.043830	5.3
1701	6876.876621	0.000000	0.000048	130.978514	5.1
1702	6935.085434	0.000000	0.000048	146.414802	4.9
1703	6695.918180	0.000000	0.000048	142.635336	5.0
1704	6822.005395	0.000000	0.000048	178.864985	4.1
1705	6766.896916	0.000000	0.000048	172.598153	4.8
1706	6851.164390	0.000000	0.000048	139.064365	5.1
1707	6830.663506	0.000000	0.000048	155.785264	4.2
1708	6724.498976	0.000000	0.000048	142.906567	3.8
1709	7074.574660	0.000000	0.000048	181.953687	3.7
1710	6961.251371	0.000000	0.000048	141.118245	3.0
1711	6892.721649	0.000000	0.000048	255.533427	3.2
1712	7172.014380	0.000000	0.000048	208.600833	5.3
1713	6824.521263	0.000000	0.000048	166.378361	5.5
1714	6926.502727	0.000000	0.000048	151.384521	5.2
1715	7183.885185	0.000000	0.000048	151.266851	5.1
1716	6894.999154	0.000000	0.000048	150.561042	2.6
1717	7114.265095	0.000000	0.000048	146.009548	2.8
1718	7037.238596	0.000000	0.000048	188.392077	2.8
1719	6910.046846	0.000000	0.000048	153.608783	2.8
1720	6967.449149	0.000000	0.000048	150.363034	2.8
1721	6779.149509	0.000000	0.000048	201.416467	3.0
1722	7144.820860	0.000000	0.000048	147.942574	2.9
1723	7132.687373	0.000000	0.000048	117.155803	4.9
1724	7137.466559	0.000000	0.000048	146.516446	5.1
1725	6880.216758	0.000000	0.000048	123.628853	5.5
1726	6940.774961	0.000000	0.000048	152.681515	6.0
1727	6912.768479	0.000000	0.000048	162.139781	5.7
1728	7453.378276	0.000000	0.000048	202.785752	6.1
1729	7038.977521	0.000000	0.000048	135.885417	4.1
1730	7137.047849	0.000000	0.000048	209.979961	4.8
1731	6905.848992	0.000000	0.000048	318.421804	4.4
1732	6613.393582	0.004362	0.000048	177.685701	4.7
1733	7111.986143	0.006944	0.000048	131.381631	5.1
1734	6805.154992	0.005484	0.000048	131.218251	5.3
1735	6610.321336	0.003838	0.000048	292.020459	4.3
1736	6546.465074	0.001736	0.000048	170.992333	4.1
1737	6948.201026	0.000000	0.000048	207.207820	4.1
1738	7027.847189	0.000000	0.000048	217.455428	4.3
1739	6777.216023	0.000000	0.000048	161.604325	5.1
1740	6894.724407	0.000000	0.000048	262.539896	5.0
1741	6985.693818	0.000000	0.000048	182.926248	5.0
1742	7219.403259	0.000000	0.000048	160.170883	4.0
1743	6949.377743	0.000000	0.000048	150.101133	4.0
1744	6913.412734	0.000000	0.000048	148.667455	3.5
1745	6879.921800	0.000000	0.000048	129.188880	3.4
1746	6754.966830	0.000000	0.000048	177.268390	3.4
1747	7175.845547	0.000000	0.000048	237.237799	2.9
1748	6678.091508	0.000000	0.000048	180.141393	3.0
1749	7141.792665	0.001047	0.000048	191.971773	2.9
1750	7038.574546	0.000905	0.000048	177.123579	3.1
1751	6837.974167	0.000000	0.000048	227.840909	5.1
1752	6761.232836	0.000686	0.000048	141.097907	5.1
1753	7355.897028	0.000000	0.000048	169.206712	5.2
1754	6976.998065	0.000000	0.000048	144.040713	5.0
1755	6697.182244	0.000000	0.000048	114.671555	4.1
1756	6938.093721	0.000000	0.000048	176.020874	3.8
1757	6593.238863	0.000000	0.000048	124.476443	4.6
1758	6720.819538	0.000000	0.000048	223.971050	4.6
1759	6620.911341	0.000000	0.000048	184.967954	3.6
1760	6631.497118	0.000000	0.000048	165.574813	3.5
1761	6722.449012	0.000000	0.000048	177.035790	3.6
1762	6585.541657	0.000000	0.000048	207.959001	5.0
1763	7238.527064	0.000000	0.000048	125.793531	4.8
1764	6762.911471	0.000000	0.000048	155.779067	4.1
1765	7072.530925	0.000000	0.000048	182.516442	3.9
1766	7021.244272	0.000000	0.000048	210.192171	3.8
1767	6819.773336	0.000347	0.000048	182.142673	3.6
1768	6959.756578	0.000000	0.000048	118.929058	3.5
1769	7173.428809	0.000000	0.000048	160.406067	3.3
1770	6813.389184	0.000000	0.000048	263.075759	3.2
1771	7184.907360	0.000000	0.000048	140.405474	3.5
1772	7210.234974	0.000000	0.000048	139.331382	3.2
1773	6874.474879	0.000000	0.000048	187.900718	3.2
1774	7144.042263	0.000000	0.000048	144.183410	5.8
1775	6379.601210	0.000000	0.000048	154.728673	5.1
1776	7171.208504	0.000000	0.000048	147.327862	5.4
1777	7083.793898	0.000000	0.000048	253.410093	4.5
1778	7013.437957	0.000000	0.000048	148.815052	4.1
1779	7062.995983	0.000000	0.000048	231.140538	4.7
1780	7136.750845	0.000000	0.000048	141.196593	4.6
1781	6705.592704	0.000000	0.000048	209.136307	3.9
1782	6961.629762	0.000000	0.000048	186.355621	5.3
1783	7114.678048	0.000000	0.000048	130.402392	3.8
1784	6932.069640	0.000000	0.000048	143.834523	4.0
1785	6806.151471	0.000000	0.000048	197.349008	3.9
1786	6983.279049	0.000000	0.000048	175.733017	3.2
1787	6495.757250	0.000000	0.000048	129.384418	3.0
1788	6807.231012	0.000000	0.000048	227.181147	3.0
1789	6748.378505	0.000000	0.000048	135.340714	3.1
1790	6951.131151	0.000000	0.000048	147.146829	3.9
1791	6629.711819	0.000000	0.000048	146.134391	2.9
1792	6722.539229	0.000000	0.000048	210.484831	3.0
1793	6900.904341	0.000000	0.000048	192.871579	3.1
1794	7139.946757	0.001965	0.000048	195.231055	3.1
1795	6902.451460	0.000000	0.000048	174.557404	3.1
1796	7249.962954	0.000000	0.000048	151.703477	3.2
1797	7253.716209	0.000000	0.000048	172.354622	3.2
1798	6999.570343	0.000000	0.000048	244.830198	3.2
1799	6813.190115	0.000000	0.000048	169.867552	3.5
1800	6665.542239	0.001170	0.000048	160.480498	3.7
1801	6985.683562	0.001095	0.000048	238.294677	3.3
1802	7052.029756	0.001405	0.000048	156.738871	2.8
1803	6761.001106	0.000000	0.000048	178.611402	2.8
1804	7207.300585	0.000000	0.000048	172.298906	2.8
1805	6650.144427	0.000000	0.000048	143.459272	2.8
1806	6484.679567	0.000000	0.000048	146.522459	2.8
1807	6603.078861	0.000000	0.000048	224.942299	2.9
1808	6677.105332	0.000000	0.000048	123.270984	2.8
1809	6949.387741	0.000000	0.000048	172.020639	2.9
1810	6915.890739	0.000000	0.000048	196.174810	2.8
1811	6735.996081	0.000000	0.000048	210.709627	2.9
1812	6923.093064	0.000371	0.000048	176.402153	3.0
1813	6998.502120	0.000000	0.000048	160.835269	3.0
1814	6895.176145	0.000000	0.000048	213.329141	3.1
1815	6678.401751	0.000343	0.000048	132.345425	4.5
1816	6863.624462	0.000000	0.000048	177.955973	3.4
1817	7000.232531	0.000000	0.000048	124.754754	3.3
1818	6845.884823	0.000000	0.000048	131.169027	2.7
1819	6816.329909	0.000000	0.000048	212.220372	2.7
1820	6809.077502	0.000000	0.000048	142.579150	2.7
1821	6720.276606	0.000000	0.000048	168.208059	2.7
1822	7083.913108	0.000000	0.000048	150.527211	2.5
1823	6930.448163	0.000000	0.000048	140.573637	2.7
1824	6723.394000	0.000000	0.000048	194.041447	2.7
1825	6962.118472	0.000000	0.000048	161.451421	2.7
1826	6788.689801	0.000000	0.000048	120.472028	2.9
1827	6649.208569	0.000000	0.000048	179.790491	2.6
1828	7020.330809	0.000000	0.000048	147.908693	2.5
1829	6765.133117	0.000000	0.000048	160.216414	2.5
1830	6906.196383	0.000000	0.000048	206.489408	2.4
1831	6804.998041	0.000000	0.000048	127.549221	3.0
1832	7137.852550	0.000000	0.000048	148.188836	2.5
1833	6654.428631	0.000000	0.000048	150.576871	2.6
1834	7077.753492	0.000000	0.000048	204.984121	4.4
1835	6941.893855	0.000072	0.000048	139.118119	4.5
1836	6491.975006	0.000000	0.000048	126.633454	4.8
1837	6919.796461	0.000000	0.000048	141.696014	4.7
1838	6658.638387	0.000000	0.000048	174.492796	3.7
1839	6851.350072	0.000000	0.000048	149.619774	3.7
1840	7011.404313	0.000000	0.000048	134.547858	3.6
1841	6560.181702	0.000000	0.000048	189.904128	3.2
1842	7051.899886	0.000000	0.000048	133.716920	3.1
1843	6927.578726	0.000000	0.000048	219.994473	3.2
1844	6655.428225	0.000000	0.000048	160.224272	4.8
1845	7060.011766	0.000000	0.000048	126.732512	2.9
1846	6732.094110	0.000000	0.000048	165.195819	3.3
1847	6976.768139	0.000000	0.000048	182.120708	3.3
1848	6648.829078	0.000000	0.000048	200.181383	3.4
1849	6945.990457	0.000139	0.000048	151.413587	2.6
1850	6254.796044	0.000000	0.000048	279.176185	2.6
1851	6581.503704	0.000000	0.000048	120.518168	2.7
1852	6714.876643	0.000000	0.000048	138.035788	2.7
1853	7035.043294	0.000000	0.000048	158.684093	2.6
1854	7037.773522	0.000000	0.000048	171.023295	2.7
1855	7286.965699	0.000000	0.000048	163.793753	2.6
1856	6786.080848	0.000000	0.000048	133.010094	2.6
1857	6436.627397	0.000000	0.000048	144.791335	4.6
1858	6946.978028	0.000000	0.000048	121.578416	5.0
1859	6820.049682	0.000000	0.000048	157.314716	5.1
1860	6763.888364	0.000000	0.000048	135.464865	4.9
1861	6754.019267	0.000000	0.000048	133.110158	4.9
1862	6873.809921	0.000000	0.000048	188.472690	5.0
1863	6907.481794	0.000000	0.000048	129.942054	3.6
1864	7089.051040	0.000000	0.000048	167.965947	3.7
1865	6786.277866	0.000000	0.000048	128.671471	3.6
1866	6731.842372	0.000000	0.000048	184.903308	3.2
1867	6742.902019	0.000000	0.000048	174.624519	3.2
1868	6815.751208	0.000000	0.000048	183.438053	3.2
1869	6830.429925	0.000000	0.000048	150.201235	2.9
1870	7195.796145	0.000208	0.000048	154.634160	2.9
1871	6762.256684	0.000000	0.000048	147.635642	2.9
1872	6762.425821	0.000000	0.000048	162.271087	2.9
1873	6846.904386	0.000000	0.000048	171.051857	2.8
1874	6997.758738	0.000000	0.000048	121.607627	2.7
1875	7045.304173	0.000000	0.000048	133.376043	3.0
1876	7033.574368	0.000000	0.000048	128.935532	5.0
1877	6832.416937	0.000000	0.000048	200.354775	2.6
1878	6876.328388	0.000000	0.000048	158.051674	2.6
1879	6273.229640	0.000000	0.000048	122.560173	3.3
1880	7040.780090	0.000000	0.000048	180.199933	2.8
1881	6743.345171	0.000000	0.000048	157.372703	2.8
1882	7140.494105	0.000000	0.000048	164.802671	5.0
1883	6860.620697	0.000000	0.000048	143.701563	4.7
1884	7089.081172	0.000000	0.000048	196.344410	3.2
1885	6849.064704	0.000000	0.000048	112.368915	3.4
1886	6979.518919	0.000000	0.000048	142.823927	4.4
1887	6898.289769	0.000000	0.000048	199.871962	3.3
1888	6934.042219	0.000000	0.000048	150.193797	3.5
1889	6659.698990	0.000000	0.000048	136.250696	5.1
1890	6856.319076	0.000000	0.000048	148.613702	4.0
1891	6439.100117	0.000000	0.000048	154.521380	3.1
1892	7471.233305	0.000000	0.000048	209.477236	3.4
1893	6496.570011	0.000000	0.000048	154.642971	3.5
1894	7238.113184	0.000419	0.000048	245.511474	3.8
1895	6780.158484	0.000000	0.000048	199.297549	2.7
1896	6820.495763	0.000000	0.000048	163.751367	2.7
1897	7112.647688	0.000000	0.000048	148.102016	2.7
1898	6874.138957	0.000000	0.000048	133.947800	2.7
1899	6367.111264	0.000000	0.000048	113.985763	2.5
1900	6884.350305	0.000000	0.000048	108.037371	2.6
1901	7014.758937	0.000000	0.000048	156.171057	2.5
1902	6998.467970	0.000000	0.000048	137.382429	2.5
1903	6636.317481	0.000000	0.000048	172.421557	3.0
1904	6560.868925	0.000000	0.000048	214.599613	4.8
1905	6742.509666	0.000000	0.000048	121.701871	4.8
1906	6533.656587	0.000000	0.000048	175.147033	4.8
1907	6953.417674	0.000000	0.000048	150.656029	3.2
1908	6970.627849	0.000000	0.000048	135.947629	3.4
1909	6541.399940	0.000000	0.000048	139.764769	3.4
1910	6709.690561	0.000000	0.000048	129.143897	3.1
1911	6636.378235	0.000000	0.000048	122.519674	2.8
1912	7078.061850	0.000000	0.000048	155.978331	2.7
1913	6752.449910	0.000000	0.000048	239.981025	2.9
1914	7070.686357	0.000000	0.000048	163.099716	4.8
1915	6731.965384	0.000000	0.000048	145.182856	4.8
1916	6741.391577	0.000000	0.000048	124.955454	3.8
1917	6881.614879	0.000000	0.000048	126.498588	3.9
1918	6938.015031	0.000000	0.000048	196.721384	3.7
1919	6676.364483	0.000000	0.000048	136.282306	3.5
1920	6911.319571	0.000000	0.000048	112.760605	3.4
1921	6935.205417	0.000000	0.000048	127.426315	3.4
1922	6969.155000	0.000000	0.000048	133.719497	3.4
1923	7170.634865	0.000000	0.000048	137.133243	3.4
1924	6598.179447	0.000000	0.000048	131.641280	3.4
1925	7291.948905	0.000000	0.000048	219.232875	5.3
1926	6814.080472	0.000000	0.000048	145.294290	3.5
1927	6745.195998	0.000000	0.000048	153.199744	4.0
1928	6908.776826	0.000000	0.000048	129.576286	4.2
1929	6526.583673	0.000000	0.000048	126.952722	3.5
1930	6903.988185	0.000000	0.000048	207.397656	5.2
1931	6715.210035	0.000000	0.000048	255.121716	5.3
1932	6890.671435	0.000000	0.000048	125.957425	5.4
1933	6913.550338	0.000000	0.000048	267.392609	5.3
1934	7024.080242	0.000000	0.000048	163.615674	4.1
1935	6539.169913	0.001815	0.000048	183.199735	4.1
1936	7047.668848	0.000000	0.000048	145.789891	4.1
1937	6999.592850	0.000000	0.000048	186.250013	5.0
1938	6687.568072	0.000000	0.000048	206.028163	5.1
1939	6650.077446	0.000027	0.000048	127.251210	5.1
1940	6904.751381	0.000000	0.000048	188.922180	4.0
1941	6650.911516	0.000000	0.000048	114.810388	3.8
1942	6666.588396	0.000000	0.000048	162.379588	3.7
1943	6940.448800	0.000000	0.000048	176.995533	3.5
1944	6430.507581	0.000000	0.000048	143.117758	3.6
1945	6693.931704	0.000000	0.000048	121.125464	3.3
1946	6740.287319	0.000000	0.000048	181.445097	3.2
1947	7047.304232	0.000000	0.000048	144.131054	3.3
1948	6698.170397	0.000000	0.000048	201.320818	3.0
1949	6758.199622	0.000000	0.000048	164.686083	3.0
1950	6935.624403	0.000000	0.000048	326.414375	3.0
1951	6977.527463	0.003033	0.000048	141.750620	3.1
1952	6748.000584	0.001558	0.000048	164.224514	3.3
1953	6474.902307	0.000000	0.000048	202.208272	3.2
1954	6748.781066	0.000000	0.000048	118.711619	3.1
1955	6568.114181	0.000000	0.000048	147.287768	2.5
1956	6849.796711	0.000000	0.000048	212.797591	2.5
1957	6933.861409	0.000449	0.000048	150.378441	2.5
1958	6548.268809	0.000000	0.000048	210.550140	2.7
1959	6925.062411	0.000000	0.000048	116.663300	4.4
1960	6881.350732	0.000000	0.000048	181.973253	5.1
1961	6774.740890	0.000000	0.000048	141.560593	3.9
1962	6882.148654	0.000000	0.000048	149.566198	3.0
1963	6542.764527	0.000000	0.000048	127.602727	3.2
1964	6457.788074	0.000000	0.000048	125.931964	3.4
1965	6549.302645	0.000000	0.000048	135.698431	3.4
1966	6788.210367	0.000000	0.000048	213.855208	3.3
1967	6820.359576	0.000000	0.000048	221.014073	2.8
1968	6848.331068	0.000000	0.000048	125.234826	2.8
1969	7152.361273	0.000000	0.000048	143.774979	2.7
1970	6840.391913	0.000000	0.000048	153.332237	2.7
1971	7062.005432	0.000000	0.000048	190.291936	2.7
1972	6809.861407	0.000326	0.000048	114.059512	2.6
1973	6773.447976	0.000000	0.000048	177.293376	2.7
1974	7030.690174	0.000000	0.000048	268.100565	2.9
1975	6954.869309	0.001419	0.000048	134.966634	2.9
1976	6426.641777	0.000000	0.000048	168.223264	2.8
1977	6676.804651	0.000000	0.000048	168.685223	3.0
1978	6865.880982	0.000000	0.000048	135.331243	3.0
1979	6766.984951	0.000000	0.000048	112.298703	3.0
1980	6624.388765	0.000000	0.000048	144.937240	3.0
1981	6667.131829	0.000000	0.000048	230.035714	3.1
1982	6616.590315	0.000000	0.000048	129.153995	3.0
1983	6644.561187	0.000000	0.000048	147.324030	3.0
1984	6990.676426	0.000000	0.000048	165.844932	3.1
1985	6612.674849	0.000000	0.000048	180.405412	3.1
1986	6551.918810	0.000000	0.000048	159.885433	3.1
1987	6707.438482	0.000000	0.000048	128.982945	3.3
1988	6793.525396	0.000000	0.000048	213.328640	3.3
1989	7194.973670	0.000000	0.000048	165.066211	3.3
1990	7023.116704	0.000000	0.000048	289.527010	3.4
1991	6795.328278	0.002228	0.000048	176.261715	3.6
1992	6371.289500	0.000000	0.000048	131.445860	4.5
1993	6973.563448	0.000000	0.000048	140.181811	5.4
1994	6549.867288	0.000000	0.000048	265.725223	5.1
1995	6940.164207	0.000000	0.000048	153.936300	2.7
1996	6934.728422	0.001629	0.000048	151.396387	2.6
1997	6826.979824	0.000959	0.000048	162.303750	2.6
1998	6808.111545	0.000000	0.000048	120.654920	2.8
1999	6678.606850	0.000000	0.000048	127.860236	2.4
