1:ItNr	2:Metric	3a:Time	3b:StepSize	4:||Gradient||	Time[ms]
0	65564.214176	0.000000	0.000526	3565.196204	233.2
1	57642.140202	0.000000	0.000526	3643.752290	3.4
2	51536.968072	0.000000	0.000526	3966.806308	1.7
3	40633.893441	0.000000	0.000526	3829.511406	3.4
4	35089.008227	0.000000	0.000526	4351.028691	3.7
5	23308.121640	0.000000	0.000526	3965.900349	2.2
6	15801.804161	0.000000	0.000526	3566.354065	2.4
7	9964.574400	0.000000	0.000526	2733.099654	2.5
8	6770.431315	0.000000	0.000526	1787.472569	3.1
9	5461.232102	0.000000	0.000526	1136.265397	4.6
10	4557.938132	0.000000	0.000526	671.468206	3.6
11	4399.838869	0.000000	0.000526	624.897363	3.6
12	4526.916359	0.000000	0.000526	528.692002	5.5
13	3949.487978	0.000000	0.000526	505.517526	3.4
14	3769.701720	0.000000	0.000526	398.461909	4.2
15	4001.281416	0.000000	0.000526	324.651304	2.3
16	3770.887241	0.000000	0.000526	339.575711	2.6
17	3714.538748	0.000000	0.000526	311.540012	3.4
18	3624.397823	0.000000	0.000526	321.838635	5.3
19	3551.144841	0.000000	0.000526	218.010080	3.1
20	3454.568421	0.000000	0.000526	297.240282	4.1
21	3543.660352	0.000000	0.000526	192.366211	4.8
22	3339.736703	0.000000	0.000526	188.757100	5.2
23	3639.646164	0.000000	0.000526	170.250330	4.2
24	3554.280084	0.000000	0.000526	132.621979	5.8
25	3622.865960	0.000000	0.000526	218.589696	5.1
26	3180.275236	0.000000	0.000526	81.204914	4.0
27	3406.470198	0.000000	0.000526	92.986234	4.3
28	3752.681924	0.000000	0.000526	174.505286	4.2
29	3520.589359	0.000000	0.000526	151.292216	3.0
30	3621.777289	0.000000	0.000526	99.859018	4.8
31	3427.938147	0.000000	0.000526	146.792773	3.4
32	3474.374057	0.000000	0.000526	82.892410	3.5
33	3529.743712	0.000000	0.000526	151.606727	3.5
34	3693.234735	0.000000	0.000526	36.985523	3.6
35	3407.098966	0.000000	0.000526	157.436602	3.5
36	3355.207644	0.000000	0.000526	78.391615	3.2
37	3572.013938	0.000000	0.000526	43.677266	3.2
38	3539.287688	0.000000	0.000526	99.449592	5.5
39	3312.845025	0.006345	0.000526	80.712827	4.2
40	3245.312307	0.008027	0.000526	112.195313	2.2
41	3436.723923	0.057321	0.000525	45.793229	4.6
42	3550.795102	0.087696	0.000524	145.766207	2.6
43	3228.928658	0.098166	0.000524	101.568235	3.8
44	3400.664995	0.085106	0.000524	137.187630	5.3
45	3574.976625	0.904433	0.000505	34.899268	4.2
46	3446.853686	0.909867	0.000505	105.346125	1.9
47	3349.353468	0.912884	0.000505	64.121490	5.2
48	3449.488067	0.924662	0.000504	54.487377	3.5
49	3432.031645	0.914938	0.000504	99.355767	4.7
50	3467.102844	0.912060	0.000505	84.154385	5.4
51	3417.134103	0.899171	0.000505	81.793807	4.4
52	3517.194042	0.891307	0.000505	49.250329	3.7
53	3691.928209	0.881039	0.000505	108.066391	3.9
54	3465.928546	0.886393	0.000505	109.616336	3.3
55	3437.639056	0.897830	0.000505	59.610109	2.8
56	3556.617486	0.899146	0.000505	31.915256	2.8
57	3462.863410	0.894248	0.000505	76.388579	4.1
58	3334.265546	0.891883	0.000505	115.605658	5.0
59	3610.111358	0.949555	0.000504	58.414777	5.1
60	3546.232230	0.939129	0.000504	70.685994	3.1
61	3594.570366	0.938860	0.000504	102.702532	4.7
62	3501.793623	0.927956	0.000504	129.514421	4.8
63	3333.410774	0.915503	0.000504	117.358640	4.4
64	3251.200493	1.084670	0.000501	97.615983	5.7
65	3319.280446	1.676923	0.000488	78.369908	4.5
66	3489.051955	1.789932	0.000485	109.012498	4.1
67	3672.217469	1.779795	0.000485	134.972279	4.1
68	3190.254824	1.859835	0.000484	143.392847	3.9
69	3381.818540	1.854543	0.000484	114.237097	3.1
70	3233.400314	2.297122	0.000475	89.538184	3.0
71	3540.997187	2.297208	0.000475	107.386477	2.9
72	3487.729215	2.288445	0.000475	77.715463	3.4
73	3375.745759	2.276669	0.000475	59.716762	4.7
74	3383.426398	2.276492	0.000475	76.010812	4.7
75	3563.055642	2.303816	0.000474	75.675986	4.8
76	3453.893152	2.358482	0.000473	111.199732	4.5
77	3478.356466	2.356415	0.000473	75.423130	4.7
78	3372.565470	2.542233	0.000470	112.558972	3.8
79	3309.073469	2.580556	0.000469	76.013988	3.1
80	3432.807793	2.567937	0.000469	145.606842	3.1
81	3281.951856	2.555738	0.000469	85.982367	3.1
82	3504.400211	2.749095	0.000466	157.337237	2.4
83	3660.583966	2.736294	0.000466	111.217831	2.6
84	3364.798878	3.412031	0.000453	132.196722	3.1
85	3321.975897	3.887831	0.000444	33.636101	3.2
86	3362.685976	3.879127	0.000444	122.676192	2.2
87	3432.599499	3.882649	0.000444	85.691805	2.1
88	3293.975953	3.884783	0.000444	52.350557	2.1
89	3410.780626	3.882509	0.000444	77.023786	2.2
90	3347.974812	3.872829	0.000444	88.023043	2.0
91	3292.832937	3.980052	0.000443	130.619259	1.9
92	3450.208801	4.407334	0.000435	64.235567	1.9
93	3340.730782	4.449555	0.000434	67.797256	1.9
94	3529.093871	4.440716	0.000435	77.970325	1.9
95	3444.917212	4.436532	0.000435	136.851721	2.1
96	3584.589785	4.425723	0.000435	95.371608	1.9
97	3379.326882	4.817192	0.000428	43.174627	1.8
98	3369.554128	4.812307	0.000428	91.017992	2.0
99	3475.064656	4.802573	0.000428	75.003746	1.8
100	3426.804555	4.794969	0.000429	81.566478	2.0
101	3518.072627	4.782789	0.000429	35.323209	1.8
102	3290.199557	4.790324	0.000429	43.870760	2.1
103	3440.921093	4.785245	0.000429	62.649142	5.8
104	3572.656659	4.776451	0.000429	61.953588	1.9
105	3315.940274	4.773860	0.000429	85.150739	1.8
106	3317.669853	4.768837	0.000429	71.811770	5.6
107	3292.070706	4.760987	0.000429	126.655510	2.3
108	3455.855468	4.809892	0.000428	97.312789	3.3
109	3582.720607	4.976585	0.000426	41.727836	4.7
110	3782.927700	4.983384	0.000425	83.662499	4.2
111	3443.979887	4.977232	0.000426	51.622920	4.2
112	3423.839710	5.011684	0.000425	43.739284	3.5
113	3670.527562	5.006579	0.000425	66.832558	6.1
114	3504.390681	5.001379	0.000425	79.184641	3.7
115	3361.619340	4.990675	0.000425	64.072740	4.7
116	3620.517622	5.003833	0.000425	56.100195	3.1
117	3671.431628	4.999681	0.000425	60.587106	2.8
118	3620.046969	5.023439	0.000425	57.203565	2.9
119	3395.700322	5.023820	0.000425	89.708483	4.4
120	3278.306248	5.065286	0.000424	123.294980	3.2
121	3202.170286	5.074483	0.000424	153.238741	3.7
122	3396.962215	5.072347	0.000424	79.339388	3.2
123	3475.535853	5.059449	0.000424	121.951116	4.0
124	3430.616178	5.090844	0.000424	85.318407	4.1
125	3416.955629	5.078075	0.000424	72.361377	3.5
126	3601.163316	5.065852	0.000424	50.633056	2.9
127	3288.556244	5.058095	0.000424	103.613292	3.1
128	3340.989706	5.052685	0.000424	79.979517	3.0
129	3580.128589	5.141051	0.000423	72.909962	2.8
130	3502.145589	5.218211	0.000422	70.189330	5.1
131	3537.145938	5.212857	0.000422	192.272621	4.5
132	3150.074119	5.245206	0.000421	37.853803	7.4
133	3503.139905	5.240401	0.000421	48.158159	4.4
134	3413.105138	5.240910	0.000421	48.059706	4.5
135	3321.915873	5.243862	0.000421	131.156152	3.8
136	3361.708095	5.299002	0.000420	146.990861	3.9
137	3306.150885	5.942158	0.000410	87.154253	4.2
138	3325.333852	6.253682	0.000406	94.752643	5.7
139	3495.595689	6.240814	0.000406	100.297208	4.3
140	3301.877819	6.229707	0.000406	126.451465	3.6
141	3377.392061	6.216733	0.000406	73.809371	3.5
142	3357.863545	6.209427	0.000406	60.736643	3.1
143	3736.882619	6.200765	0.000406	57.378243	2.0
144	3859.362035	6.207174	0.000406	119.238648	4.1
145	3501.926648	6.199169	0.000406	50.562857	2.1
146	3368.062428	6.203315	0.000406	63.982300	5.1
147	3397.577290	6.208346	0.000406	81.026911	4.3
148	3310.432843	6.222146	0.000406	105.927817	3.2
149	3124.456947	6.209326	0.000406	36.519118	3.4
150	3466.693236	6.226259	0.000406	48.947867	4.8
151	3399.214445	6.227281	0.000406	30.294570	5.2
152	3676.580294	6.226464	0.000406	87.717694	2.8
153	3331.666783	6.219296	0.000406	161.714943	5.2
154	3604.152336	6.209100	0.000406	99.406215	3.1
155	3724.489598	7.124710	0.000393	83.693566	3.2
156	3532.050250	7.112318	0.000393	104.127028	3.6
157	3602.669423	7.378976	0.000390	43.369695	3.7
158	3311.320159	7.387221	0.000389	66.451165	5.5
159	3454.504190	7.385363	0.000389	81.232696	3.4
160	3374.437736	7.389059	0.000389	69.862788	4.4
161	3165.545809	7.380067	0.000390	120.717696	3.7
162	3671.761915	7.381812	0.000390	30.311584	4.2
163	3427.573728	7.373027	0.000390	67.924672	4.9
164	3443.475352	7.366262	0.000390	77.289699	3.5
165	3992.299962	7.393738	0.000389	65.207681	3.6
166	3145.092336	7.397368	0.000389	86.865570	4.7
167	3505.408773	7.422167	0.000389	99.866160	4.3
168	3506.594154	7.563769	0.000387	47.754291	3.4
169	3404.782552	7.552942	0.000387	87.224998	3.0
170	3611.526136	7.570345	0.000387	30.095847	3.0
171	3342.296473	7.565346	0.000387	40.096567	4.9
172	3168.736166	7.560258	0.000387	40.052046	3.5
173	3728.548549	7.555932	0.000387	112.071170	3.1
174	3536.909713	7.547643	0.000387	95.276466	3.7
175	3183.816174	7.543968	0.000387	89.051610	3.3
176	3416.102997	7.534636	0.000387	69.610073	3.7
177	3371.940602	7.554014	0.000387	184.294846	4.0
178	3173.417616	7.547476	0.000387	77.029614	2.5
179	3307.085625	7.534395	0.000387	109.426159	4.9
180	3588.030513	7.616929	0.000386	136.494008	3.6
181	3620.377321	8.125610	0.000380	49.396269	3.7
182	3380.062498	8.116634	0.000380	72.684886	2.9
183	3525.857058	8.106678	0.000380	31.489598	2.9
184	3394.119399	8.100087	0.000380	79.266345	2.8
185	3413.217150	8.095421	0.000380	65.085088	2.9
186	3258.841977	8.097612	0.000380	106.290622	2.6
187	3323.177249	8.100951	0.000380	91.616325	3.0
188	3488.752377	8.114555	0.000380	97.904650	2.7
189	3592.422209	8.105899	0.000380	75.165190	2.2
190	3420.353752	8.093736	0.000380	80.663992	2.1
191	3442.042664	8.166644	0.000379	82.799864	2.1
192	3326.410214	8.154100	0.000379	57.505087	2.5
193	3361.980004	8.160141	0.000379	104.288800	2.8
194	3304.169934	8.155211	0.000379	98.285493	1.9
195	3462.456538	8.248099	0.000378	168.744081	1.9
196	3467.036168	9.112883	0.000367	149.258401	1.9
197	3528.347578	10.111895	0.000355	78.857536	1.9
198	3482.455100	10.187695	0.000354	81.375485	2.2
199	3510.505742	10.234393	0.000354	114.436201	1.8
200	3191.851495	10.432218	0.000352	100.868880	1.9
201	3630.553699	11.024310	0.000345	83.743447	1.8
202	3262.344784	11.193998	0.000343	54.630100	1.8
203	3436.712461	11.182476	0.000344	41.892405	1.8
204	3359.714219	11.174681	0.000344	67.408808	1.8
205	3800.512352	11.173281	0.000344	46.056968	1.8
206	3344.507176	11.165171	0.000344	179.135411	1.8
207	3456.874688	11.152968	0.000344	103.311904	1.8
208	3187.409016	12.066589	0.000334	62.092054	1.7
209	3327.746650	12.056928	0.000334	110.183456	1.9
210	3432.772700	12.062254	0.000334	60.298152	1.8
211	3518.316756	12.051085	0.000335	82.748234	2.0
212	3391.307869	12.080499	0.000334	94.935383	1.9
213	3364.579597	12.067696	0.000334	196.898451	1.8
214	3321.179941	12.919950	0.000326	116.486327	1.8
215	3445.871177	12.906778	0.000326	121.256653	1.7
216	3235.573942	13.613410	0.000319	65.813445	1.8
217	3445.550440	13.600910	0.000320	60.288696	1.7
218	3573.625583	13.596465	0.000320	55.540318	1.8
219	3243.538565	13.586348	0.000320	64.703369	1.8
220	3599.225764	13.581136	0.000320	53.878515	4.3
221	3523.760732	13.606117	0.000319	88.009133	4.4
222	3209.313202	13.607402	0.000319	112.889875	4.6
223	3449.790620	13.597134	0.000320	115.867199	4.4
224	3265.330398	13.585814	0.000320	67.415944	4.2
225	3212.450854	13.696655	0.000319	65.905358	3.3
226	3462.195249	13.693714	0.000319	79.966426	4.5
227	3200.270257	13.681799	0.000319	78.295621	2.3
228	3632.408424	13.705579	0.000319	54.059266	2.6
229	3651.340188	13.698894	0.000319	40.040786	4.6
230	3370.278288	13.695433	0.000319	118.242759	4.4
231	3205.239428	13.692019	0.000319	84.070658	4.2
232	3300.867989	13.680064	0.000319	99.833223	4.2
233	3637.700158	13.678724	0.000319	95.568088	3.7
234	3417.914942	13.778379	0.000318	41.555194	3.8
235	3191.059271	13.785278	0.000318	104.975009	3.0
236	3146.505855	13.796563	0.000318	74.638974	2.8
237	3516.607787	13.966102	0.000316	64.556602	2.8
238	3348.805938	13.980177	0.000316	47.180063	2.7
239	3575.983280	13.981137	0.000316	53.067103	5.6
240	3452.003357	13.981448	0.000316	47.231676	3.2
241	3178.372909	13.973727	0.000316	92.619284	3.3
242	3295.609852	13.994873	0.000316	33.858829	4.0
243	3384.944976	13.988103	0.000316	23.984946	4.2
244	3032.086609	13.987273	0.000316	56.538729	2.7
245	3370.206890	13.982334	0.000316	44.475922	2.9
246	3380.066054	13.994462	0.000316	101.689738	4.6
247	3241.109485	13.989361	0.000316	54.879117	4.7
248	3491.601801	14.034652	0.000316	101.686656	6.3
249	3220.340168	14.024374	0.000316	107.393899	4.1
250	3494.811217	14.011415	0.000316	72.579745	4.0
251	3460.323286	14.037693	0.000316	55.119096	3.5
252	3412.548087	14.057658	0.000315	96.396608	5.6
253	3261.867656	14.047415	0.000315	89.035566	3.9
254	3681.167993	14.034612	0.000316	26.233626	4.5
255	3377.588834	14.029161	0.000316	68.502773	3.6
256	3481.633774	14.030379	0.000316	50.165096	6.3
257	3451.815641	14.025166	0.000316	57.839161	3.9
258	3507.370103	14.016167	0.000316	109.949663	2.9
259	3542.027072	14.005367	0.000316	51.982015	3.0
260	3383.308244	14.014436	0.000316	66.343591	4.5
261	3456.014583	14.030926	0.000316	92.802604	3.2
262	3340.900581	14.022308	0.000316	73.087666	3.1
263	3254.026590	14.068256	0.000315	44.753726	3.0
264	3245.293602	14.083058	0.000315	98.405991	2.4
265	3461.261329	14.099423	0.000315	88.090085	2.4
266	3351.985207	14.186480	0.000314	170.350001	2.4
267	3419.908040	15.020133	0.000307	112.570499	2.7
268	3477.002031	15.979228	0.000299	109.095029	2.6
269	3541.757308	15.966129	0.000299	93.092459	2.5
270	3608.999750	16.106190	0.000298	99.965870	2.3
271	3198.990848	16.118196	0.000298	114.289882	2.4
272	3477.376580	16.105138	0.000298	51.464210	2.4
273	3371.214770	16.103102	0.000298	50.419228	5.4
274	3456.081785	16.097615	0.000298	64.376022	1.9
275	3308.333000	16.111160	0.000298	90.711430	2.4
276	3430.089947	16.127529	0.000298	94.804478	3.1
277	3511.405175	16.330032	0.000296	67.359056	5.0
278	3611.438331	16.318474	0.000296	75.230843	2.1
279	3328.181767	16.345710	0.000296	74.487718	2.1
280	3057.219154	16.346552	0.000296	67.738579	3.5
281	3353.963512	16.349914	0.000296	72.642514	2.2
282	3293.861741	16.339773	0.000296	77.559043	2.4
283	3448.028559	16.327714	0.000296	102.792068	2.3
284	3555.609597	16.459019	0.000295	130.565062	5.1
285	3280.357586	16.446194	0.000295	37.444695	2.0
286	3337.328754	16.446738	0.000295	55.523147	4.6
287	3346.351242	16.439138	0.000295	35.450602	2.4
288	2999.678950	16.432358	0.000295	72.596523	2.9
289	3463.082556	16.440655	0.000295	137.199328	4.0
290	3230.087470	16.428995	0.000295	32.803242	2.5
291	3425.401408	16.421053	0.000295	61.968772	5.5
292	3403.781934	16.417715	0.000295	48.706620	2.1
293	3455.708889	16.411826	0.000296	39.599790	5.5
294	3496.237607	16.405134	0.000296	60.920522	4.4
295	3239.556722	16.398011	0.000296	41.046628	4.7
296	3343.809142	16.399100	0.000296	49.275302	5.7
297	3389.391681	16.392519	0.000296	90.099619	4.6
298	3395.103531	16.400362	0.000296	37.011029	4.4
299	3377.495811	16.391822	0.000296	36.961242	4.4
300	3441.896305	16.386443	0.000296	106.044451	3.5
301	3651.359516	16.379790	0.000296	42.371361	3.1
302	3583.402540	16.389436	0.000296	45.466180	3.4
303	3388.134915	16.385332	0.000296	62.114337	2.6
304	3342.533040	16.387372	0.000296	102.105632	2.5
305	3571.412848	16.476953	0.000295	96.856154	2.6
306	3383.981767	16.819307	0.000292	67.545469	2.4
307	3500.321718	16.809009	0.000292	79.859748	2.2
308	3241.960591	16.820932	0.000292	71.229034	4.6
309	3199.771092	16.842491	0.000292	73.357898	2.2
310	3363.242087	16.830649	0.000292	37.743976	2.9
311	3628.584928	16.832462	0.000292	128.012317	4.4
312	3232.834618	16.838718	0.000292	81.228276	2.6
313	3571.934666	16.826038	0.000292	45.464901	2.7
314	3454.923124	16.850823	0.000292	65.681820	5.8
315	3391.756412	16.853696	0.000292	68.552954	2.8
316	3435.820502	16.885554	0.000292	108.834573	2.9
317	3289.879268	16.873120	0.000292	75.721867	2.9
318	3288.726083	16.898384	0.000292	108.005277	2.8
319	3356.051587	16.926958	0.000292	68.888502	2.2
320	3200.026754	16.914221	0.000292	41.269787	4.3
321	3508.295255	16.907908	0.000292	36.500731	3.5
322	3181.589285	16.907592	0.000292	119.918651	2.8
323	3178.629939	16.905111	0.000292	103.518371	2.4
324	3152.846386	16.892541	0.000292	131.715982	2.3
325	3433.970007	16.879395	0.000292	107.235084	2.5
326	3503.667820	17.714762	0.000286	85.554371	4.5
327	3486.390599	17.780157	0.000285	104.945749	4.5
328	3358.890826	17.794722	0.000285	108.611968	4.1
329	3113.140775	17.781924	0.000285	68.088172	3.5
330	3201.445631	17.772221	0.000285	59.898092	3.5
331	3378.140925	17.787779	0.000285	111.089218	3.3
332	3367.019948	17.919278	0.000284	42.053916	4.7
333	3610.197646	17.912322	0.000284	66.840250	3.4
334	3123.116461	17.916157	0.000284	60.197599	3.0
335	3460.119314	17.907197	0.000284	58.485994	3.1
336	3244.937245	17.901717	0.000284	55.992087	3.0
337	3154.653441	17.895868	0.000284	112.483425	3.4
338	3455.576688	17.949156	0.000284	85.408108	4.7
339	3443.764650	18.183084	0.000282	78.515048	4.9
340	3560.243162	18.170722	0.000282	67.324244	3.3
341	3144.613940	18.244585	0.000282	46.950920	4.0
342	3076.879696	18.248467	0.000282	82.267068	5.2
343	3449.069352	18.246097	0.000282	115.896060	4.4
344	3407.456729	18.233131	0.000282	55.166729	3.9
345	3246.038954	18.311717	0.000281	40.070756	3.9
346	3353.473452	18.309987	0.000281	40.759520	3.3
347	3291.863992	18.313043	0.000281	49.804880	2.9
348	3401.035730	18.308577	0.000281	107.136468	4.2
349	3167.774646	18.335156	0.000281	80.607470	6.6
350	3322.199201	18.322215	0.000281	116.402594	2.6
351	3687.122032	18.406352	0.000281	63.039583	2.6
352	3232.265212	18.408010	0.000281	71.945695	3.1
353	3335.631082	18.402410	0.000281	63.303689	3.2
354	3286.093751	18.452880	0.000280	54.639662	3.2
355	3109.766999	18.455945	0.000280	48.053660	5.3
356	3334.087915	18.453418	0.000280	75.851032	3.7
357	3297.267385	18.454322	0.000280	47.598115	2.4
358	3401.947935	18.446393	0.000280	77.467306	3.4
359	3078.378375	18.480731	0.000280	87.293790	5.3
360	3506.781842	18.569936	0.000279	98.754260	6.9
361	3545.814505	18.562560	0.000279	98.495700	6.9
362	3429.384073	18.552053	0.000280	60.309500	4.6
363	3680.355759	18.569073	0.000279	91.114457	4.6
364	3497.299304	18.559175	0.000279	34.946055	5.5
365	3498.256020	18.558775	0.000279	33.009121	4.1
366	3548.210466	18.559422	0.000279	111.467587	3.9
367	3504.161103	18.556734	0.000279	72.755519	3.8
368	3422.555379	18.548366	0.000280	141.454726	3.0
369	3319.961872	18.855735	0.000277	80.610938	3.0
370	3344.575134	18.842841	0.000277	73.651681	3.0
371	3217.442902	18.899906	0.000277	53.737110	2.5
372	3515.140273	18.920606	0.000277	55.150070	2.5
373	3260.872692	18.918758	0.000277	89.990170	3.4
374	3469.352228	18.916608	0.000277	77.813867	3.4
375	3291.580941	18.976939	0.000277	115.133147	2.2
376	3310.864175	18.998783	0.000276	59.506103	5.2
377	3379.446267	18.990233	0.000276	80.285179	7.6
378	3481.115029	18.999034	0.000276	99.551585	5.0
379	3545.007049	18.989191	0.000276	40.893262	3.1
380	3293.398545	19.006549	0.000276	94.485107	4.0
381	3406.212673	18.996069	0.000276	75.330193	3.3
382	3414.984362	19.140032	0.000275	84.622376	3.4
383	3313.098384	19.214433	0.000275	76.766957	5.2
384	3310.901897	19.225161	0.000275	33.803164	2.7
385	3251.940992	19.217116	0.000275	89.177370	8.9
386	3153.880509	19.220207	0.000275	33.821902	4.4
387	3319.643662	19.225043	0.000275	114.501177	3.9
388	3393.274231	19.214301	0.000275	69.356452	4.0
389	3503.278563	19.206031	0.000275	92.279452	4.1
390	3381.694641	19.206520	0.000275	82.278506	5.7
391	3329.196692	19.271661	0.000275	88.050084	3.8
392	3357.969141	19.259256	0.000275	91.846971	4.0
393	3464.156587	19.247559	0.000275	106.226828	4.7
394	3460.610233	19.255822	0.000275	83.173646	4.8
395	3583.143571	19.401730	0.000274	72.435079	4.7
396	3370.819938	19.395565	0.000274	107.523380	4.5
397	3252.904809	19.384643	0.000274	109.273340	4.2
398	3279.090730	19.372294	0.000274	126.992406	4.8
399	3617.326974	19.402940	0.000274	40.372550	3.0
400	3381.004247	19.392802	0.000274	39.242996	3.5
401	3443.400546	19.386330	0.000274	85.410428	5.2
402	3453.624887	19.394108	0.000274	48.904983	2.6
403	3432.610528	19.389719	0.000274	55.150863	2.5
404	3208.905302	19.396778	0.000274	48.136951	2.6
405	3470.690668	19.407093	0.000274	104.446262	3.4
406	3438.370954	19.396095	0.000274	120.095217	3.4
407	3411.648904	19.383182	0.000274	82.143823	3.8
408	3501.566302	19.535915	0.000273	110.622458	3.8
409	3394.153655	19.532521	0.000273	121.586434	2.2
410	3129.699311	19.520099	0.000273	144.417022	5.7
411	3368.170663	19.510456	0.000273	66.671041	2.3
412	3210.727450	19.660663	0.000272	171.801522	2.3
413	3376.569826	19.684567	0.000272	106.130988	3.2
414	3224.242190	19.767977	0.000271	98.424357	4.3
415	3406.497965	19.881354	0.000270	43.660529	2.9
416	3474.795724	19.882533	0.000270	101.699425	2.8
417	3245.222489	19.871176	0.000271	64.365834	2.8
418	3487.591236	19.858634	0.000271	48.202915	3.2
419	3350.825034	19.860809	0.000271	101.944328	4.0
420	3245.813016	19.867658	0.000271	77.786712	4.5
421	3312.078908	19.854939	0.000271	69.703485	4.5
422	3344.219888	19.877595	0.000270	67.606679	4.6
423	3350.049896	19.867466	0.000271	33.146594	4.4
424	3341.851229	19.877734	0.000270	139.765442	4.5
425	3649.268762	19.867723	0.000271	65.144930	4.5
426	3354.327435	19.855164	0.000271	120.300077	4.3
427	3566.894055	19.846353	0.000271	53.660279	3.3
428	3389.217749	19.836595	0.000271	35.130846	3.5
429	3530.787334	19.832346	0.000271	90.349381	3.2
430	3368.621546	19.845694	0.000271	51.995387	2.7
431	3225.924146	19.846571	0.000271	130.982663	2.8
432	3317.668779	19.885491	0.000270	86.607913	4.8
433	3420.884508	20.155440	0.000269	84.294744	4.5
434	3271.438401	20.142794	0.000269	63.636907	4.5
435	3345.055709	20.216848	0.000268	96.600160	3.2
436	3260.768916	20.207298	0.000268	66.423198	3.2
437	3519.879324	20.256292	0.000268	69.213475	3.4
438	3387.191170	20.276509	0.000268	57.962032	3.4
439	3084.647480	20.281822	0.000268	68.684378	3.7
440	3270.464433	20.274432	0.000268	99.074424	3.4
441	3325.813098	20.262306	0.000268	86.401309	3.0
442	3582.701588	20.422577	0.000267	83.340619	3.0
443	3449.584452	20.415445	0.000267	55.220775	4.1
444	3220.671331	20.435226	0.000267	62.565140	2.5
445	3673.152662	20.438224	0.000267	114.640360	2.4
446	3330.062890	20.475760	0.000267	75.290865	2.4
447	3283.249238	20.463041	0.000267	108.210988	2.3
448	3461.551405	20.500295	0.000266	99.797497	2.3
449	3306.387982	20.991576	0.000263	50.851983	2.5
450	3265.781478	20.982321	0.000263	152.726318	4.5
451	3457.688640	21.024290	0.000263	113.111104	4.7
452	3554.027045	21.011120	0.000263	27.087545	2.7
453	3750.473987	21.022618	0.000263	109.497515	5.5
454	3571.169174	21.029290	0.000263	78.941315	1.9
455	3212.174726	21.017886	0.000263	20.059372	4.4
456	3404.747438	21.014322	0.000263	57.481032	2.4
457	3627.730500	21.012061	0.000263	120.387413	4.3
458	3275.803034	21.031854	0.000263	77.061745	4.5
459	3383.042446	21.313018	0.000261	64.039360	4.5
460	3282.162413	21.303558	0.000261	22.941650	3.6
461	3167.709465	21.303418	0.000261	84.951894	6.1
462	3273.044322	21.298923	0.000261	43.378569	6.8
463	3450.680367	21.308811	0.000261	83.556229	6.1
464	3160.002325	21.336070	0.000261	61.044742	2.9
465	3396.090945	21.340316	0.000261	58.243686	6.6
466	3364.715769	21.361746	0.000261	77.830725	4.8
467	3631.345335	21.350147	0.000261	140.689373	4.7
468	3438.740959	21.337216	0.000261	138.915594	4.4
469	3424.680544	22.314845	0.000255	87.496494	4.3
470	3422.492716	22.320675	0.000255	64.740245	4.3
471	3334.284796	22.351457	0.000255	96.950114	3.1
472	3281.044137	22.355795	0.000255	72.486132	3.1
473	3177.284583	22.343308	0.000255	57.511636	4.5
474	3178.522155	22.379555	0.000255	49.835957	4.3
475	3526.381739	22.391089	0.000255	75.603572	4.4
476	3292.857439	22.400978	0.000255	68.742311	3.2
477	3512.468542	22.413904	0.000255	54.108587	3.0
478	3534.488032	22.424406	0.000255	66.436543	3.3
479	3512.534533	22.434197	0.000255	155.876768	3.4
480	3313.300708	22.739357	0.000253	104.446893	3.1
481	3307.673970	23.329192	0.000249	38.950938	3.1
482	3360.272479	23.319961	0.000249	50.477459	2.8
483	3296.629836	23.314976	0.000249	47.124793	4.0
484	3267.166115	23.310608	0.000250	71.917066	2.2
485	3519.886848	23.339672	0.000249	42.715345	2.0
486	3239.209094	23.346578	0.000249	57.351294	4.8
487	3312.690713	23.341976	0.000249	105.763280	4.0
488	3271.998749	23.354399	0.000249	113.363359	1.9
489	3461.856162	23.377097	0.000249	90.015455	4.5
490	3443.721561	23.415640	0.000249	44.745556	4.9
491	3276.280492	23.409052	0.000249	83.393736	2.7
492	3398.523531	23.424844	0.000249	59.484701	2.7
493	3282.968778	23.418784	0.000249	54.761788	2.7
494	3202.135525	23.417354	0.000249	103.490973	2.7
495	3210.589214	23.413187	0.000249	64.999675	2.4
496	3213.360485	23.400934	0.000249	116.678391	3.5
497	3349.536736	23.389698	0.000249	64.951823	4.5
498	3353.868217	23.379937	0.000249	26.817998	4.5
499	3420.048120	23.375464	0.000249	40.535024	4.0
500	3321.959954	23.370537	0.000249	71.758814	5.3
501	3411.110672	23.374367	0.000249	80.381700	4.7
502	3290.176142	23.362148	0.000249	103.951266	3.9
503	3573.885430	23.658835	0.000248	123.775974	4.8
504	3165.477517	24.427228	0.000243	114.391124	3.4
505	3319.850683	24.414454	0.000243	47.053500	4.4
506	3482.821675	24.402874	0.000244	26.621130	2.9
507	3681.565851	24.402594	0.000244	48.175384	3.8
508	3361.711696	24.399656	0.000244	62.110667	4.2
509	3557.808057	24.398891	0.000244	76.796911	3.9
510	3341.989993	24.397237	0.000244	67.320626	3.5
511	3314.044137	24.385744	0.000244	62.019109	3.4
512	3481.355020	24.381554	0.000244	82.733268	3.2
513	3236.823517	24.371916	0.000244	79.725670	2.7
514	3431.039320	24.441227	0.000243	68.252984	3.9
515	3425.684280	24.429728	0.000243	42.291482	3.0
516	3362.181741	24.423253	0.000243	45.765830	2.4
517	3247.088179	24.419249	0.000243	88.791364	2.3
518	3132.070431	24.415867	0.000243	45.840793	4.1
519	3134.142255	24.406068	0.000243	113.829889	2.1
520	3284.473479	24.395505	0.000244	37.616643	2.2
521	3524.988342	24.396219	0.000244	81.706017	4.8
522	3395.980928	24.396824	0.000244	114.529349	2.4
523	3035.452466	24.774726	0.000242	95.027203	3.0
524	3444.691861	25.338749	0.000239	76.292434	4.6
525	3248.888412	25.522965	0.000238	55.951103	2.8
526	3204.833973	25.527177	0.000238	62.459561	6.2
527	3325.160874	25.527627	0.000238	58.993526	4.0
528	3229.534720	25.526929	0.000238	80.835023	4.4
529	3413.302782	25.522491	0.000238	89.029282	4.6
530	3449.341814	25.510940	0.000238	79.771975	4.5
531	3460.323588	25.671902	0.000237	28.744708	4.4
532	3539.479611	25.668400	0.000237	25.513815	3.2
533	3310.975091	25.665035	0.000237	50.402808	3.3
534	3252.414310	25.661104	0.000237	56.954831	3.1
535	3251.312389	25.665948	0.000237	68.191636	4.1
536	3518.870596	25.675294	0.000237	34.032310	4.5
537	3427.468956	25.679161	0.000237	30.398580	5.3
538	3436.348729	25.675575	0.000237	80.183280	5.2
539	3618.825386	25.674862	0.000237	27.542226	3.4
540	3456.656963	25.672007	0.000237	54.298132	3.1
541	3295.686183	25.670966	0.000237	72.360671	3.0
542	3714.178738	25.666811	0.000237	105.723097	2.7
543	3138.171132	25.677288	0.000237	90.182792	2.9
544	3594.218811	25.665519	0.000237	110.822870	3.1
545	3023.792914	25.666642	0.000237	35.575426	2.8
546	3132.400906	25.661335	0.000237	99.362688	2.3
547	3156.056167	25.667734	0.000237	75.746894	2.2
548	3221.025750	25.655141	0.000237	54.266643	2.2
549	3125.898387	25.661962	0.000237	29.346580	2.2
550	3364.563308	25.662376	0.000237	81.438006	1.9
551	3328.469685	25.654827	0.000237	42.156709	5.9
552	3293.965911	25.670960	0.000237	62.333258	4.3
553	3492.380017	25.669132	0.000237	111.650764	4.4
554	3627.503838	25.657385	0.000237	142.662429	4.5
555	3187.349882	26.151314	0.000234	82.693040	3.2
556	3230.860127	26.550853	0.000233	59.380557	3.3
557	3397.949481	26.575345	0.000232	46.366794	4.0
558	3327.872300	26.567723	0.000232	44.881903	3.1
559	3394.803105	26.561940	0.000232	76.872240	2.9
560	3128.349149	26.586682	0.000232	33.395914	4.5
561	3093.370325	26.581430	0.000232	36.516950	3.9
562	3681.658151	26.577411	0.000232	99.387950	2.1
563	3540.930680	26.586214	0.000232	126.923463	5.7
564	3191.204412	26.574823	0.000232	36.294151	4.2
565	3333.260880	26.590396	0.000232	43.094781	4.0
566	3272.167094	26.585218	0.000232	70.174296	3.5
567	3521.458698	26.592686	0.000232	79.844301	3.6
568	3201.545957	26.665323	0.000232	53.160195	3.2
569	3169.899841	26.664190	0.000232	66.042153	2.7
570	3262.422292	26.671588	0.000232	40.052655	2.8
571	3713.960596	26.664145	0.000232	130.985308	3.1
572	3308.274192	26.653899	0.000232	46.473740	4.4
573	3418.654670	26.642998	0.000232	28.887003	2.3
574	3492.068415	26.640614	0.000232	111.463328	2.2
575	3522.147424	26.633553	0.000232	35.104058	2.3
576	3032.794226	26.632788	0.000232	45.904517	2.2
577	3311.049583	26.626191	0.000232	51.273053	2.3
578	3497.592242	26.617850	0.000232	67.647726	5.2
579	3446.623554	26.632191	0.000232	84.064904	2.2
580	3458.212932	26.619960	0.000232	67.400338	5.1
581	3179.474759	26.618310	0.000232	130.213237	2.4
582	3347.897675	26.609168	0.000232	97.034155	7.6
583	3597.175839	26.909059	0.000231	72.381795	2.8
584	3459.719946	26.952082	0.000231	70.828233	2.6
585	3443.599102	26.943871	0.000231	24.149310	2.7
586	3382.283650	26.940013	0.000231	108.433640	2.7
587	3128.503409	26.935088	0.000231	42.196059	2.1
588	3241.683459	26.939633	0.000231	79.555777	5.5
589	3241.925103	26.931283	0.000231	91.509742	4.4
590	3493.336545	26.925102	0.000231	35.372561	2.9
591	3532.082850	26.926360	0.000231	52.880837	2.9
592	3367.760386	26.920705	0.000231	186.471875	5.7
593	3221.801510	26.910968	0.000231	54.165852	2.5
594	3084.415046	26.899290	0.000231	114.879121	2.4
595	3374.185057	26.902922	0.000231	165.684967	2.4
596	3261.450781	27.887631	0.000226	84.041444	2.5
597	3537.876503	27.896718	0.000226	81.888909	2.8
598	3414.806389	27.929812	0.000226	83.627757	2.5
599	3402.746073	27.994759	0.000226	73.779000	2.5
600	3476.659964	28.060525	0.000225	144.378498	2.3
601	3098.624680	28.047478	0.000225	39.445014	4.3
602	3403.106599	28.102951	0.000225	84.880062	4.3
603	3529.630835	28.093490	0.000225	61.676667	2.7
604	3259.636684	28.099423	0.000225	37.076889	2.7
605	3557.932721	28.110514	0.000225	59.250978	2.7
606	3462.356811	28.112986	0.000225	121.434197	2.5
607	3462.737979	28.163029	0.000225	99.348609	2.5
608	3444.406185	28.359320	0.000224	52.396168	2.5
609	3213.928048	28.347547	0.000224	52.168767	2.4
610	3330.044360	28.364771	0.000224	105.824097	1.9
611	3913.467647	28.352916	0.000224	38.288804	2.3
612	3598.611962	28.345648	0.000224	44.017685	1.9
613	3648.583282	28.341265	0.000224	117.317729	2.0
614	3609.792688	28.359218	0.000224	77.586048	1.9
615	3528.687126	28.346389	0.000224	72.511703	1.8
616	3605.362828	28.344575	0.000224	93.041437	1.8
617	3212.270378	28.405408	0.000224	70.643808	1.8
618	3394.546301	28.395754	0.000224	37.217807	1.8
619	3441.193932	28.400918	0.000224	50.916911	1.8
620	3300.964656	28.409062	0.000224	62.466036	1.7
621	3323.897758	28.405515	0.000224	88.075480	1.7
622	3474.546164	28.446032	0.000224	71.785989	1.7
623	3656.759708	28.434186	0.000224	63.224131	1.8
624	3531.473302	28.423379	0.000224	102.435755	2.0
625	3144.517063	28.427212	0.000224	40.955640	2.6
626	3426.947452	28.455602	0.000224	83.409872	2.6
627	3476.025559	28.445473	0.000224	63.758356	2.0
628	3383.869935	28.433944	0.000224	69.806492	2.2
629	3304.772075	28.453519	0.000224	30.224620	2.1
630	3447.162804	28.448885	0.000224	59.708892	1.9
631	3212.145879	28.453292	0.000224	49.027187	1.9
632	3488.430631	28.445766	0.000224	59.498002	1.9
633	3512.051882	28.463282	0.000224	23.905164	1.8
634	3477.853348	28.462266	0.000224	78.849966	1.8
635	3120.960705	28.460556	0.000224	135.608848	1.9
636	3516.584925	28.457019	0.000224	74.840184	1.8
637	3374.668547	28.476082	0.000223	142.503926	3.2
638	3309.230881	28.497681	0.000223	146.765536	4.5
639	3334.712263	29.388747	0.000219	69.837504	4.3
640	3367.051377	29.640435	0.000218	59.142042	4.6
641	3276.490231	29.681144	0.000218	76.112706	2.3
642	3523.849595	29.671380	0.000218	116.346692	3.0
643	3228.772130	29.658533	0.000218	77.061590	4.7
644	3285.537951	29.815396	0.000218	67.864081	2.9
645	3332.104273	29.859299	0.000217	47.635400	3.2
646	3209.035714	29.859094	0.000217	70.679329	3.1
647	3222.208179	29.849374	0.000217	76.985138	3.0
648	3355.692395	29.837233	0.000217	139.217675	2.7
649	3399.369795	29.850623	0.000217	69.550681	2.2
650	3164.105611	29.840533	0.000217	35.902379	2.1
651	3624.374533	29.837439	0.000217	84.801375	2.2
652	3277.305290	29.832765	0.000217	84.624419	3.0
653	3452.657552	29.831832	0.000217	58.021939	2.0
654	3686.123603	29.837217	0.000217	64.958971	1.9
655	3324.774043	29.828030	0.000218	131.140103	3.1
656	3132.899966	29.833239	0.000217	75.825279	4.8
657	3307.440584	29.820302	0.000218	87.888232	1.8
658	3286.810054	29.815528	0.000218	87.579279	2.1
659	3395.383254	29.917380	0.000217	75.849969	1.9
660	3195.962346	29.904963	0.000217	128.784373	2.0
661	3618.616056	30.361329	0.000215	111.696613	2.1
662	3453.532612	30.348199	0.000215	66.150629	2.1
663	3252.100217	30.335842	0.000215	107.369175	2.1
664	3335.201364	30.420454	0.000215	66.698168	1.9
665	3415.855634	30.409555	0.000215	82.452482	1.8
666	3376.362665	30.409507	0.000215	76.620179	1.8
667	3368.708865	30.519761	0.000215	84.081878	1.8
668	3427.275632	30.606375	0.000214	32.663723	1.8
669	3336.127119	30.604900	0.000214	27.799467	1.7
670	3401.565523	30.600905	0.000214	116.467548	1.8
671	3004.199519	30.599638	0.000214	66.083262	1.8
672	3448.851019	30.587063	0.000214	103.178307	1.7
673	3218.987959	30.574851	0.000214	121.642976	1.8
674	3289.954183	30.566076	0.000214	87.629053	1.8
675	3557.115027	30.938271	0.000213	82.496797	1.8
676	3460.408938	30.926279	0.000213	38.079552	1.8
677	3243.665560	30.918504	0.000213	89.050086	1.8
678	3094.308112	30.909113	0.000213	68.460847	1.8
679	3103.009994	30.896934	0.000213	61.384949	1.7
680	3619.317408	30.920081	0.000213	26.346598	1.9
681	3206.895551	30.922225	0.000213	40.228543	1.8
682	3530.458992	30.917532	0.000213	60.624147	1.8
683	3181.139292	30.913416	0.000213	130.729285	1.8
684	3259.886059	30.963797	0.000213	66.417098	1.8
685	3397.412120	31.073596	0.000212	131.502178	1.8
686	3510.068956	31.092828	0.000212	56.823019	1.8
687	3339.294159	31.218515	0.000212	60.369292	1.9
688	3373.529898	31.209217	0.000212	38.816671	1.8
689	3353.253100	31.211507	0.000212	45.812793	1.8
690	3536.873370	31.205498	0.000212	54.268826	1.8
691	3449.125271	31.200992	0.000212	80.789029	1.9
692	3160.269512	31.205762	0.000212	81.494316	1.8
693	3293.904123	31.210493	0.000212	49.140062	1.8
694	3179.047660	31.213489	0.000212	75.471682	1.8
695	3308.977760	31.221282	0.000212	49.650374	1.8
696	3216.914438	31.242842	0.000212	64.210485	1.8
697	3354.383817	31.242314	0.000212	103.832337	1.8
698	3349.426780	31.230305	0.000212	78.782749	1.8
699	3151.370343	31.217482	0.000212	48.181777	1.8
700	3552.230852	31.242829	0.000212	30.796600	1.8
701	3431.861850	31.238180	0.000212	76.115069	1.7
702	3298.741863	31.238946	0.000212	129.195295	1.7
703	3356.509189	31.461123	0.000211	97.528729	1.8
704	3084.825647	31.448123	0.000211	84.561820	1.7
705	3158.711208	31.763961	0.000210	88.776620	1.8
706	3448.138748	31.751264	0.000210	59.697100	1.8
707	3533.682767	31.739300	0.000210	35.166444	1.8
708	3252.187523	31.731830	0.000210	59.342456	1.8
709	3275.212777	31.726373	0.000210	32.169901	1.8
710	3304.587610	31.719499	0.000210	59.267066	1.8
711	3347.991004	31.713667	0.000210	63.610460	1.8
712	3217.785143	31.703276	0.000210	33.088237	1.8
713	3415.854428	31.697334	0.000210	74.299559	1.8
714	3505.921596	31.692226	0.000210	90.956821	1.8
715	3502.110450	31.693178	0.000210	36.459781	1.9
716	2994.570399	31.691924	0.000210	58.394257	1.8
717	3294.454438	31.697144	0.000210	52.691172	1.8
718	3415.425558	31.704248	0.000210	64.404245	1.9
719	3392.304041	31.699809	0.000210	67.546151	3.6
720	3214.439389	31.706089	0.000210	70.518538	1.8
721	3137.807578	31.744121	0.000210	85.705936	1.8
722	3447.984261	31.735386	0.000210	97.446628	1.8
723	3646.221882	31.774861	0.000209	31.896813	1.9
724	3384.603086	31.774124	0.000209	73.965887	1.9
725	3453.431162	31.766176	0.000210	82.321486	2.3
726	3495.338706	31.886384	0.000209	78.068587	2.2
727	3293.301047	31.874783	0.000209	52.813000	2.2
728	3499.275284	31.891931	0.000209	50.205604	2.2
729	3381.476220	31.904737	0.000209	120.345233	2.0
730	3445.589781	31.903904	0.000209	36.084077	1.8
731	3573.934212	31.900253	0.000209	91.559568	1.8
732	3272.756123	31.896833	0.000209	53.201758	4.1
733	3596.864245	31.888186	0.000209	58.430573	2.0
734	3372.322654	31.879850	0.000209	116.432861	2.0
735	3360.262760	31.877330	0.000209	57.299265	1.9
736	3210.924192	32.035286	0.000208	101.030738	2.0
737	3290.976139	32.025333	0.000209	54.969590	4.4
738	3575.127431	32.041500	0.000208	124.101207	3.9
739	3315.344368	32.040429	0.000208	95.857937	4.0
740	3083.864181	32.066610	0.000208	72.863813	4.4
741	3430.520035	32.055631	0.000208	88.229672	4.6
742	3278.187621	32.077680	0.000208	109.308181	3.6
743	3053.774569	32.356214	0.000207	40.873244	3.4
744	3859.625678	32.367485	0.000207	77.744241	4.6
745	3316.684708	32.358051	0.000207	110.862189	4.7
746	3597.649877	32.345204	0.000207	40.081409	5.2
747	3181.124284	32.374900	0.000207	56.781439	4.3
748	3464.083905	32.366947	0.000207	75.505153	4.3
749	3179.501197	32.411426	0.000207	58.092260	4.4
750	3540.280033	32.413591	0.000207	26.070804	5.2
751	3259.900872	32.414119	0.000207	81.425469	3.4
752	3342.575802	32.408213	0.000207	96.557132	3.2
753	3314.698889	32.399205	0.000207	101.660271	4.4
754	3384.888627	32.421877	0.000207	64.907627	4.6
755	3139.029781	32.451269	0.000207	81.093841	4.3
756	3121.926923	32.441478	0.000207	56.355972	4.4
757	3406.089499	32.458276	0.000207	58.586960	4.4
758	3285.671562	32.457493	0.000207	108.976707	3.9
759	3471.792607	32.447311	0.000207	73.274041	3.1
760	3045.914148	32.453306	0.000207	64.329834	3.2
761	3200.708023	32.457884	0.000207	88.126317	3.1
762	3301.802953	32.446085	0.000207	115.314756	2.4
763	3597.221052	32.737975	0.000206	46.627102	2.4
764	3200.669876	32.727272	0.000206	65.474479	2.4
765	3287.875225	32.738641	0.000206	80.602759	2.4
766	3685.292432	32.737256	0.000206	62.586729	2.1
767	3284.667010	32.728018	0.000206	141.142080	2.1
768	3649.391113	32.911644	0.000205	128.871153	2.2
769	3413.855880	32.898473	0.000205	45.147697	4.0
770	3320.229325	32.906104	0.000205	150.542853	4.3
771	3275.203277	32.895354	0.000205	113.146300	4.1
772	3353.469978	32.883340	0.000205	101.467539	3.4
773	3391.549917	32.994362	0.000205	48.697636	3.1
774	3291.968548	32.987480	0.000205	35.927031	3.1
775	3467.614874	32.982848	0.000205	76.759310	3.0
776	3284.867893	32.990837	0.000205	70.724976	5.2
777	3397.237373	33.009319	0.000205	54.896929	3.2
778	3145.852088	33.019107	0.000205	99.912309	2.2
779	3162.703000	33.021008	0.000205	71.376170	2.0
780	3608.088479	33.015587	0.000205	65.048802	2.3
781	3215.003543	33.074294	0.000204	51.284225	4.4
782	3097.765102	33.065849	0.000204	35.247665	3.6
783	3674.463214	33.068228	0.000204	59.652427	3.6
784	3114.326985	33.064125	0.000204	57.057077	3.3
785	3322.147924	33.055813	0.000205	48.953834	2.9
786	3123.893814	33.050067	0.000205	24.915627	2.8
787	3343.235215	33.052559	0.000205	118.544412	2.9
788	3383.297011	33.046506	0.000205	78.183575	4.0
789	3395.217759	33.053389	0.000205	89.340239	3.0
790	3228.484615	33.199584	0.000204	109.110460	4.5
791	3533.335104	33.315680	0.000204	52.392048	4.5
792	3396.058365	33.370541	0.000203	66.737364	4.5
793	3379.257300	33.360542	0.000203	144.157565	3.4
794	3356.448484	33.748423	0.000202	36.872177	3.3
795	3194.449499	33.804716	0.000202	57.175688	3.1
796	3229.572057	33.806915	0.000202	54.075164	2.7
797	3330.741675	33.801195	0.000202	97.564677	1.9
798	3244.962210	33.808879	0.000202	84.684022	1.8
799	3450.261287	33.900012	0.000201	91.418377	1.9
800	3226.121103	33.887224	0.000201	28.055538	1.8
801	3158.036953	33.879888	0.000201	79.080692	1.7
802	3390.005038	33.873231	0.000201	69.309388	2.1
803	3053.866943	33.955365	0.000201	73.388533	3.2
804	3609.159881	33.944379	0.000201	116.069933	1.8
805	3411.340897	33.933859	0.000201	79.015901	2.1
806	3236.214287	33.978654	0.000201	68.825110	1.9
807	3359.259894	34.017758	0.000201	33.690636	3.1
808	3244.883939	34.014540	0.000201	79.650903	1.7
809	3359.098259	34.007136	0.000201	91.412268	1.8
810	3630.233934	34.061461	0.000201	143.276620	1.8
811	3413.645599	34.048938	0.000201	86.665986	1.7
812	3540.641197	34.333065	0.000200	129.479837	1.8
813	3413.610747	34.321727	0.000200	69.443004	2.3
814	3144.891239	34.361889	0.000200	85.414096	4.4
815	3245.505080	34.349694	0.000200	43.332553	4.3
816	3276.288581	34.339874	0.000200	32.449973	4.2
817	3230.759504	34.335534	0.000200	21.677034	4.1
818	3108.162904	34.333747	0.000200	68.450630	4.1
819	3448.119094	34.331609	0.000200	102.628887	3.0
820	3224.909686	34.472881	0.000199	78.797354	2.9
821	3159.648500	34.460518	0.000199	35.567250	2.9
822	3060.825534	34.453579	0.000199	70.065346	2.8
823	3357.054997	34.464454	0.000199	42.080014	2.2
824	3132.969703	34.454925	0.000199	56.255319	2.2
825	3426.657799	34.459666	0.000199	104.512539	2.3
826	3306.953355	34.447721	0.000199	65.697020	2.1
827	3089.863291	34.507044	0.000199	39.777677	2.6
828	3119.433322	34.515181	0.000199	40.380251	2.6
829	3250.366619	34.519474	0.000199	77.492697	2.6
830	3277.892011	34.521415	0.000199	72.130822	2.5
831	3414.145438	34.624729	0.000199	52.637730	2.0
832	3365.196161	34.614035	0.000199	105.510642	2.0
833	3317.104611	34.625118	0.000199	65.988584	2.0
834	3372.280115	34.612617	0.000199	36.120515	2.0
835	3303.933574	34.604654	0.000199	78.783657	2.0
836	3109.807006	34.597464	0.000199	66.519696	1.8
837	3313.218652	34.612200	0.000199	33.291328	1.7
838	3272.858380	34.621286	0.000199	35.829159	1.8
839	3065.528344	34.618607	0.000199	63.234816	1.8
840	3452.721052	34.630108	0.000199	69.422848	1.8
841	3409.162385	34.629456	0.000199	71.765461	1.9
842	3387.402733	34.628514	0.000199	91.449504	1.9
843	3401.398717	34.617300	0.000199	76.631462	1.8
844	3429.945052	34.780803	0.000198	51.313736	1.8
845	3390.599242	34.782546	0.000198	71.008609	1.8
846	3362.899336	34.808868	0.000198	87.273742	1.8
847	3538.078863	34.804304	0.000198	81.912222	1.8
848	3619.476887	34.799124	0.000198	69.063879	1.8
849	3070.787973	34.788096	0.000198	172.581624	1.8
850	3439.655974	34.775124	0.000198	58.375325	1.8
851	3395.289555	35.056749	0.000197	32.262814	1.8
852	3169.329828	35.049884	0.000197	43.811216	1.8
853	3289.339424	35.048031	0.000197	72.656820	1.8
854	3082.657144	35.038835	0.000197	85.432849	1.8
855	3350.860343	35.055347	0.000197	106.119075	1.8
856	3195.788225	35.070876	0.000197	61.316157	1.8
857	3540.647047	35.059947	0.000197	77.743750	1.8
858	3663.233482	35.115813	0.000197	68.625494	1.8
859	3067.133441	35.107573	0.000197	42.977304	1.7
860	3449.438782	35.098292	0.000197	42.177053	1.7
861	3177.459143	35.102814	0.000197	88.957382	1.8
862	3395.231432	35.094122	0.000197	91.679586	1.7
863	3125.146860	35.284803	0.000196	92.644474	1.8
864	3391.022540	35.460293	0.000196	55.782599	1.7
865	3297.076808	35.485745	0.000196	74.111787	1.8
866	3362.837569	35.483103	0.000196	67.339337	1.8
867	3382.960795	35.472478	0.000196	126.621772	1.8
868	3296.951940	35.460490	0.000196	112.270750	1.9
869	3298.904610	35.447402	0.000196	18.493343	1.8
870	3534.552787	35.444927	0.000196	54.270348	1.8
871	3222.691894	35.443413	0.000196	103.582318	1.8
872	3363.518219	35.481622	0.000196	74.435169	1.8
873	3552.577963	35.475414	0.000196	56.519548	1.8
874	3275.452312	35.468057	0.000196	88.821735	2.1
875	3176.797339	35.476788	0.000196	99.610150	4.4
876	3365.567898	35.479758	0.000196	54.752401	4.4
877	3375.601992	35.505818	0.000196	81.907634	4.3
878	3153.932458	35.499763	0.000196	75.212483	4.1
879	3304.855123	35.522609	0.000196	45.782602	3.5
880	3371.944589	35.512707	0.000196	60.054791	3.0
881	3643.734547	35.508775	0.000196	40.574448	3.0
882	3220.779339	35.521347	0.000196	83.903081	2.8
883	3429.968538	35.514773	0.000196	107.316605	2.3
884	3251.408033	35.900498	0.000194	55.951278	2.4
885	3158.101672	35.894471	0.000194	57.389881	2.4
886	3185.587239	35.922857	0.000194	147.250993	2.4
887	3127.664012	35.965156	0.000194	49.239132	2.0
888	3456.585036	35.953328	0.000194	72.194718	2.0
889	3479.418693	35.946017	0.000194	90.791455	2.0
890	3470.122025	35.938057	0.000194	69.123736	4.7
891	3232.395599	35.926467	0.000194	92.330388	2.0
892	3520.020800	35.914027	0.000194	58.225715	2.0
893	3137.671666	35.902703	0.000194	45.140031	2.0
894	3202.549072	35.911582	0.000194	136.948453	2.4
895	3264.633897	35.933690	0.000194	47.428117	2.7
896	3483.647752	35.997925	0.000194	86.349619	2.4
897	3233.588168	36.000985	0.000194	32.934667	2.2
898	3342.354151	35.998319	0.000194	58.161368	4.9
899	3438.748633	36.001601	0.000194	67.723091	4.6
900	3227.725078	35.993437	0.000194	96.746481	4.4
901	3517.408687	36.090338	0.000194	41.045282	4.6
902	3099.193122	36.111479	0.000194	51.308941	3.4
903	3342.451694	36.122625	0.000194	52.288195	2.5
904	3549.376403	36.134036	0.000194	124.466105	2.8
905	3327.712238	36.134875	0.000194	16.930700	2.7
906	3062.195032	36.133516	0.000194	69.345738	2.7
907	3260.132222	36.128838	0.000194	79.063997	2.6
908	3244.968603	36.149315	0.000193	50.922110	2.3
909	3408.216723	36.155964	0.000193	49.953437	2.4
910	3325.715147	36.154429	0.000193	51.668442	2.4
911	3006.976404	36.145206	0.000193	33.892131	2.3
912	3311.161604	36.151155	0.000193	80.157021	2.0
913	3501.298826	36.151414	0.000193	69.452606	2.1
914	3264.094220	36.249301	0.000193	26.250574	2.0
915	3273.281674	36.248133	0.000193	77.744303	2.1
916	3114.539176	36.251523	0.000193	42.699382	2.0
917	3438.206814	36.247918	0.000193	21.745710	2.0
918	3452.055427	36.247218	0.000193	72.762634	2.0
919	3318.542896	36.252918	0.000193	58.711834	2.0
920	3448.796909	36.256379	0.000193	25.830251	1.9
921	3229.257175	36.256216	0.000193	34.811609	1.9
922	3377.086850	36.251938	0.000193	41.395691	1.8
923	3146.359642	36.247071	0.000193	90.698629	1.8
924	3357.119984	36.253297	0.000193	63.979622	1.8
925	3188.716981	36.284116	0.000193	34.387061	1.8
926	3374.380203	36.276963	0.000193	109.196701	1.8
927	3137.101620	36.285723	0.000193	89.200638	1.8
928	3493.593813	36.559012	0.000192	72.630221	1.8
929	3303.197970	36.547551	0.000192	84.388127	1.8
930	3080.590409	36.631892	0.000192	68.165358	1.8
931	3410.298346	36.622061	0.000192	54.765415	1.8
932	3217.764396	36.641992	0.000192	78.810055	1.8
933	3401.609952	36.631721	0.000192	93.143316	1.8
934	3362.930343	36.712073	0.000192	83.053551	1.8
935	3405.332277	36.699326	0.000192	117.472779	1.8
936	3244.579180	37.080921	0.000190	41.705520	1.8
937	3625.761721	37.070028	0.000190	51.638518	1.8
938	3150.784343	37.064553	0.000190	52.975930	1.8
939	3435.552769	37.056279	0.000190	93.216110	1.8
940	3402.707762	37.044637	0.000190	51.178993	1.7
941	3190.359737	37.044554	0.000190	88.172672	1.8
942	3168.773839	37.052757	0.000190	111.721394	1.8
943	3406.440417	37.051749	0.000190	64.703264	1.8
944	3420.087979	37.046592	0.000190	89.569227	1.8
945	3227.200479	37.042508	0.000190	36.206672	1.8
946	3440.147833	37.049274	0.000190	31.700490	1.8
947	3381.755428	37.045518	0.000190	42.231450	1.8
948	3080.564757	37.042156	0.000190	82.446882	1.8
949	3357.589566	37.060485	0.000190	58.460851	1.7
950	3088.004543	37.061917	0.000190	57.700630	1.7
951	3054.299128	37.059784	0.000190	106.925433	1.8
952	3274.059264	37.051056	0.000190	41.540632	1.7
953	3345.611232	37.050350	0.000190	54.155605	3.7
954	3356.400399	37.058828	0.000190	33.108672	3.6
955	3298.310344	37.063829	0.000190	184.332080	2.4
956	3208.309114	37.056778	0.000190	90.952370	2.4
957	3453.489921	37.043624	0.000190	66.803154	2.3
958	3191.889636	37.040242	0.000190	56.059847	2.2
959	3149.558024	37.033700	0.000191	119.462564	1.8
960	3023.025159	37.060705	0.000190	28.840428	1.9
961	3130.647848	37.059247	0.000190	34.748483	1.8
962	3282.873185	37.055370	0.000190	59.074473	1.8
963	3309.305978	37.047818	0.000190	142.675488	1.7
964	3326.116336	37.035289	0.000191	70.979894	1.8
965	3382.997236	37.273548	0.000190	140.834880	3.7
966	3148.851972	37.552278	0.000189	61.999701	1.9
967	3295.239299	37.543613	0.000189	104.567867	2.0
968	3158.620353	37.584498	0.000189	60.652609	2.0
969	3443.880361	37.589952	0.000189	54.411146	2.0
970	3473.935974	37.579696	0.000189	66.156583	1.8
971	3287.053822	37.584048	0.000189	50.922637	1.8
972	3233.446368	37.584564	0.000189	78.281257	1.8
973	3028.537651	37.606832	0.000189	65.351525	1.8
974	3237.787365	37.597004	0.000189	71.059634	1.8
975	3088.520038	37.597826	0.000189	43.838989	1.8
976	3453.808493	37.611864	0.000189	82.140836	4.0
977	3595.158693	37.614434	0.000189	68.247948	2.0
978	3687.120144	37.608728	0.000189	74.011733	1.9
979	3088.049027	37.597000	0.000189	61.635894	1.8
980	3311.267081	37.657787	0.000188	91.794220	1.8
981	3707.448901	37.645626	0.000189	68.857762	1.9
982	3039.068213	37.653051	0.000188	89.565632	1.8
983	3513.801331	37.729166	0.000188	60.233749	1.8
984	3422.981978	37.721772	0.000188	66.075564	1.8
985	3257.505845	37.759083	0.000188	97.185876	1.8
986	3171.481641	37.747562	0.000188	63.263686	1.8
987	3166.730061	37.781793	0.000188	93.949861	1.9
988	3373.495477	37.834534	0.000188	88.956119	2.0
989	3581.197012	37.863079	0.000188	82.843470	2.0
990	3407.317727	37.852250	0.000188	84.181614	2.2
991	3356.664087	38.006804	0.000187	65.501316	3.6
992	3492.169336	38.037908	0.000187	50.251549	3.1
993	3332.364214	38.033535	0.000187	58.493028	2.7
994	3243.780925	38.054513	0.000187	63.797817	4.4
995	3385.514033	38.048134	0.000187	76.141638	4.7
996	2984.259990	38.061076	0.000187	97.032777	4.3
997	3640.146386	38.051330	0.000187	128.119237	3.3
998	3215.285599	38.084025	0.000187	87.029595	4.1
999	3623.632068	38.076561	0.000187	68.311623	4.3
1000	3196.037693	38.090134	0.000187	68.422422	4.2
1001	3515.727347	38.093823	0.000187	139.496931	4.1
1002	3498.550248	38.541715	0.000186	27.761250	3.0
1003	3540.229136	38.554686	0.000186	48.433666	3.1
1004	3290.903234	38.552161	0.000186	32.098686	3.1
1005	3353.466643	38.555525	0.000186	75.081735	2.9
1006	3381.894425	38.558096	0.000186	70.296075	2.6
1007	3625.369788	38.564875	0.000186	59.680870	2.6
1008	3288.041300	38.575139	0.000186	61.464725	2.6
1009	3371.077686	38.578736	0.000186	25.569433	2.3
1010	3291.859765	38.583339	0.000186	82.083420	2.2
1011	3207.466076	38.577948	0.000186	47.699182	2.1
1012	3459.685893	38.580400	0.000186	41.917458	2.2
1013	3240.934584	38.590752	0.000186	47.828924	2.1
1014	3070.586562	38.587356	0.000186	41.802940	1.8
1015	3291.923888	38.591210	0.000186	57.566729	1.9
1016	2957.076369	38.610362	0.000185	62.708987	1.9
1017	3308.509122	38.600638	0.000185	108.439319	2.0
1018	3510.369656	38.753669	0.000185	103.230798	1.9
1019	3271.753434	38.741957	0.000185	102.666875	1.8
1020	3251.432804	39.171553	0.000184	81.043156	1.8
1021	3506.523985	39.210686	0.000184	103.140547	1.8
1022	3189.161591	39.341927	0.000183	72.072827	2.0
1023	3291.955281	39.426850	0.000183	91.759441	1.8
1024	3498.382938	39.414766	0.000183	49.253299	1.8
1025	3360.112026	39.405100	0.000183	108.404714	1.8
1026	3134.143588	39.394258	0.000183	112.916558	1.8
1027	3115.102840	39.403416	0.000183	139.907867	1.8
1028	3179.736403	40.320465	0.000180	80.048297	1.8
1029	3328.848260	40.482427	0.000180	37.360861	1.8
1030	3237.066177	40.476173	0.000180	74.916683	1.8
1031	3215.599288	40.484595	0.000180	44.020539	1.8
1032	3291.685846	40.475579	0.000180	81.174349	1.9
1033	3265.487155	40.478878	0.000180	46.774617	1.8
1034	3278.030085	40.493088	0.000180	95.296420	1.9
1035	3195.003552	40.500404	0.000180	49.195774	1.8
1036	3169.565941	40.527520	0.000180	51.748967	1.8
1037	3276.282461	40.518401	0.000180	108.296894	1.8
1038	3519.084938	40.507648	0.000180	53.625600	1.8
1039	3503.784507	40.592583	0.000180	63.526011	1.8
1040	3412.149355	40.593554	0.000179	200.934211	1.9
1041	3172.176425	40.580420	0.000180	40.384446	1.9
1042	3373.629507	40.572436	0.000180	61.526298	1.8
1043	3466.608397	40.566027	0.000180	108.084296	1.9
1044	3392.932485	40.555065	0.000180	80.762137	2.0
1045	3397.680703	40.542834	0.000180	41.475429	1.8
1046	3614.617031	40.557691	0.000180	35.835120	1.8
1047	3540.948240	40.564170	0.000180	70.673321	1.9
1048	3284.859075	40.563595	0.000180	92.962616	1.8
1049	3405.560513	40.652593	0.000179	52.351752	1.7
1050	3285.210998	40.726060	0.000179	97.075282	1.8
1051	3350.383401	40.718880	0.000179	71.273429	1.8
1052	3426.675993	40.752176	0.000179	57.525538	1.8
1053	3103.476405	40.749755	0.000179	76.001858	2.2
1054	3170.805369	40.765135	0.000179	20.765309	2.0
1055	3442.161117	40.763953	0.000179	44.061793	2.1
1056	3230.108247	40.762516	0.000179	29.699805	3.1
1057	3174.779688	40.762833	0.000179	40.843301	1.8
1058	3188.006519	40.757887	0.000179	95.242899	2.6
1059	3181.870209	40.803056	0.000179	43.041865	4.5
1060	3431.928357	40.792889	0.000179	45.172594	4.3
1061	3206.709239	40.796571	0.000179	107.829353	4.2
1062	3149.323697	40.797051	0.000179	41.765727	4.1
1063	3215.980576	40.817742	0.000179	55.877754	4.2
1064	3515.440070	40.816092	0.000179	113.441422	4.0
1065	3253.938233	40.821993	0.000179	30.621385	4.9
1066	3017.959023	40.812059	0.000179	121.258450	3.0
1067	2990.316082	40.833013	0.000179	46.713998	4.0
1068	3300.728075	40.824139	0.000179	35.622857	3.3
1069	3198.940935	40.821175	0.000179	86.075858	3.3
1070	3077.720724	40.837031	0.000179	76.013620	3.6
1071	3472.965703	40.889233	0.000179	65.268788	3.4
1072	3267.481451	40.879109	0.000179	101.102452	3.5
1073	3078.211989	41.006252	0.000178	141.325038	4.5
1074	3285.483233	40.997061	0.000178	178.899220	4.4
1075	3132.762609	41.541530	0.000177	35.728582	4.5
1076	3288.146798	41.543991	0.000177	47.928969	4.5
1077	3407.119467	41.544627	0.000177	108.235408	3.7
1078	3394.578801	41.538553	0.000177	122.933578	3.3
1079	3229.901741	41.543650	0.000177	99.868743	3.3
1080	3417.674757	42.315581	0.000175	68.687829	2.6
1081	3310.048238	42.386362	0.000174	49.762159	3.9
1082	3317.978848	42.409928	0.000174	62.462913	4.3
1083	3051.216257	42.400845	0.000174	90.195015	4.0
1084	3343.873674	42.395743	0.000174	79.379542	4.1
1085	3166.626250	42.385475	0.000174	49.650384	3.5
1086	3490.048108	42.420112	0.000174	70.745177	3.0
1087	3457.729431	42.426670	0.000174	90.444859	3.1
1088	3482.665262	42.496189	0.000174	53.090158	2.9
1089	3065.987192	42.531016	0.000174	78.859783	2.4
1090	3348.286752	42.522890	0.000174	126.426601	2.3
1091	3292.589625	42.628802	0.000174	30.433526	2.3
1092	3376.447644	42.671926	0.000174	92.394429	2.3
1093	3381.408976	42.667488	0.000174	63.794018	2.0
1094	3360.203634	42.697137	0.000174	128.191298	2.0
1095	3109.869451	42.686040	0.000174	72.925749	2.0
1096	3320.324576	42.704382	0.000174	55.139484	2.0
1097	3260.893875	42.696754	0.000174	32.599607	2.0
1098	3218.485935	42.691688	0.000174	46.230179	1.9
1099	3311.577697	42.693137	0.000174	107.936701	1.8
1100	3257.550348	42.684107	0.000174	41.223977	1.8
1101	3388.843448	42.675984	0.000174	36.529542	1.9
1102	3136.817395	42.670069	0.000174	51.968908	2.0
1103	3091.024312	42.677423	0.000174	26.464595	4.2
1104	3518.077425	42.675232	0.000174	111.432277	4.2
1105	3490.183050	42.690271	0.000174	42.067212	3.4
1106	3243.208124	42.678906	0.000174	92.638207	2.9
1107	3080.746378	42.706564	0.000174	142.177160	3.0
1108	3451.925110	42.693904	0.000174	35.475743	3.2
1109	3059.848164	42.737981	0.000173	67.697316	2.9
1110	3419.939751	42.730410	0.000173	71.147087	2.8
1111	3229.391637	42.775150	0.000173	60.587702	2.7
1112	3276.036906	42.842390	0.000173	69.401849	2.0
1113	3326.831335	42.852041	0.000173	70.333281	1.9
1114	3638.370543	42.917890	0.000173	89.552196	1.7
1115	3172.622288	43.014013	0.000173	104.994762	2.0
1116	3158.340981	43.347974	0.000172	55.193510	1.8
1117	3320.914229	43.410270	0.000172	51.522270	1.8
1118	3237.427360	43.400740	0.000172	72.030155	1.8
1119	3308.260408	43.396058	0.000172	77.847382	3.6
1120	3312.615128	43.407810	0.000172	59.895140	1.9
1121	3443.259270	43.479575	0.000171	122.550229	1.8
1122	3264.096789	43.467576	0.000171	91.246753	1.8
1123	3510.262489	43.454490	0.000172	58.622994	1.8
1124	3221.579436	43.458048	0.000172	70.487420	1.8
1125	3148.161767	43.502251	0.000171	90.596231	1.8
1126	3431.130419	43.500716	0.000171	100.275343	2.0
1127	3091.275036	43.489382	0.000171	23.991402	4.6
1128	3126.558787	43.482812	0.000171	48.169375	4.5
1129	3321.421214	43.483659	0.000171	70.614860	4.3
1130	3193.906659	43.478057	0.000171	48.952975	3.2
1131	3339.536741	43.469319	0.000171	100.730526	2.2
1132	3282.639342	43.479197	0.000171	108.900761	2.4
1133	3802.815912	43.466538	0.000171	54.251641	4.3
1134	3274.188480	43.456001	0.000172	97.192172	4.1
1135	3217.906379	43.471128	0.000171	131.508651	3.9
1136	3422.166922	43.473125	0.000171	38.831508	3.4
1137	3473.647708	43.461682	0.000172	80.468148	4.6
1138	3474.330073	43.455712	0.000172	32.911272	4.6
1139	3379.930763	43.450462	0.000172	34.800137	4.1
1140	3280.955663	43.453080	0.000172	94.165978	4.4
1141	3214.483841	43.464383	0.000172	134.211921	4.3
1142	3269.715496	43.451279	0.000172	44.479659	4.2
1143	3367.752597	43.439001	0.000172	32.755113	3.1
1144	3207.188834	43.441145	0.000172	99.582411	3.1
1145	3397.252961	43.439824	0.000172	108.133574	3.1
1146	3400.061987	43.427158	0.000172	92.682997	2.6
1147	3205.623364	43.415421	0.000172	35.166951	2.5
1148	3310.125704	43.411613	0.000172	73.752072	2.6
1149	3272.171732	43.415273	0.000172	87.664539	2.5
1150	3147.068954	43.580100	0.000171	49.767223	2.2
1151	3189.227012	43.588373	0.000171	16.324544	2.1
1152	3223.998566	43.586757	0.000171	65.597246	2.1
1153	3100.041738	43.586340	0.000171	17.758957	2.2
1154	3155.658161	43.586775	0.000171	127.277178	1.9
1155	3251.670315	43.580652	0.000171	132.311091	1.9
1156	3386.782195	43.567738	0.000171	126.436242	1.9
1157	3534.255980	43.563928	0.000171	105.936952	1.9
1158	3355.445201	44.177514	0.000170	111.712673	1.9
1159	3295.393126	44.165107	0.000170	32.511821	1.9
1160	3229.270734	44.170749	0.000170	67.047969	2.1
1161	3293.997731	44.165538	0.000170	124.725442	2.1
1162	3443.246272	44.187672	0.000170	83.518297	2.1
1163	3383.591702	44.371097	0.000169	36.076587	2.0
1164	3211.855981	44.363783	0.000169	72.994409	1.9
1165	3623.142567	44.356270	0.000169	55.720071	1.8
1166	3383.840296	44.345386	0.000169	61.964268	1.9
1167	3337.382844	44.340955	0.000169	135.594558	1.8
1168	3358.061979	44.328432	0.000169	37.113249	1.8
1169	3196.273062	44.319839	0.000169	23.657413	1.8
1170	3212.985204	44.320542	0.000169	124.731495	1.8
1171	3282.299268	44.326444	0.000169	60.952552	1.8
1172	3352.551276	44.391805	0.000169	128.081796	1.9
1173	3435.242322	44.475803	0.000169	19.300926	1.8
1174	3363.907071	44.476967	0.000169	34.969310	1.8
1175	3344.459564	44.474910	0.000169	87.345057	1.9
1176	3365.622799	44.483450	0.000169	156.825148	2.0
1177	3315.853998	44.470317	0.000169	18.243213	4.4
1178	3181.231827	44.472004	0.000169	101.633708	4.2
1179	3360.911238	44.468905	0.000169	65.390134	4.2
1180	2979.999935	44.525693	0.000169	71.397797	4.1
1181	3285.378020	44.572369	0.000169	64.510846	3.1
1182	3388.472537	44.592807	0.000169	125.797668	3.0
1183	3254.710591	44.583203	0.000169	56.937984	3.0
1184	3276.522540	44.716768	0.000168	88.233598	3.1
1185	3400.782721	44.744222	0.000168	69.363889	3.0
1186	3060.797095	44.736450	0.000168	95.479809	3.0
1187	2993.786383	44.728618	0.000168	30.185994	2.8
1188	3291.488051	44.739349	0.000168	38.469546	2.3
1189	3344.881795	44.735235	0.000168	92.409091	2.3
1190	3179.174376	44.724761	0.000168	66.682316	2.3
1191	3164.315665	44.771215	0.000168	56.168210	2.3
1192	3372.883481	44.780689	0.000168	34.445855	2.0
1193	3393.634388	44.773313	0.000168	88.635555	2.0
1194	3509.815016	44.802618	0.000168	65.019153	2.0
1195	3707.243373	44.819057	0.000168	107.363565	2.0
1196	3372.094352	44.840306	0.000168	70.970378	4.2
1197	3466.106362	44.886999	0.000168	57.783153	4.4
1198	3436.502536	44.950743	0.000168	99.796497	2.0
1199	3439.970343	44.962568	0.000168	95.324251	4.2
1200	3314.881644	45.052701	0.000167	74.242788	4.2
1201	3072.724712	45.041300	0.000167	100.718806	3.7
1202	3609.902441	45.031968	0.000167	88.943703	3.2
1203	3535.689691	45.070434	0.000167	53.988863	3.2
1204	3363.389998	45.061023	0.000167	80.531790	3.1
1205	3264.475262	45.100383	0.000167	105.430944	4.4
1206	3215.881903	45.088873	0.000167	27.755236	4.0
1207	3221.006642	45.109238	0.000167	69.651913	3.3
1208	3032.772967	45.124713	0.000167	122.100040	3.3
1209	3321.951558	45.220727	0.000167	46.901881	3.3
1210	2999.306527	45.269284	0.000167	132.414375	2.6
1211	3176.178460	45.330468	0.000167	78.230555	2.5
1212	2991.987856	45.326493	0.000167	38.945411	2.6
1213	3009.967043	45.347434	0.000167	63.949893	2.5
1214	3562.459197	45.349255	0.000167	139.906174	2.8
1215	3338.256721	45.351270	0.000167	100.856502	2.6
1216	3279.725454	45.338134	0.000167	128.508599	2.6
1217	3479.035713	46.013615	0.000165	55.921170	2.6
1218	3093.727542	46.027928	0.000165	123.889132	2.3
1219	3357.396752	46.162062	0.000165	64.270392	2.3
1220	3421.859040	46.338632	0.000164	111.632496	2.5
1221	3250.574249	46.326169	0.000164	121.558244	4.2
1222	3236.156307	46.313277	0.000164	57.745528	4.3
1223	3392.021517	46.348417	0.000164	71.873799	4.2
1224	3345.836823	46.337457	0.000164	81.513901	3.0
1225	3387.621195	46.327797	0.000164	49.528543	3.1
1226	3571.847664	46.320217	0.000164	42.114558	3.1
1227	3383.431801	46.327622	0.000164	65.800669	2.6
1228	3498.569967	46.322684	0.000164	113.904601	2.6
1229	3021.740146	46.351919	0.000164	119.190853	2.5
1230	3456.179260	46.338782	0.000164	89.064129	2.6
1231	3184.487907	46.326366	0.000164	33.204630	1.9
1232	3449.108426	46.334474	0.000164	50.043257	2.0
1233	3216.451357	46.335238	0.000164	39.139755	2.1
1234	3437.257284	46.339965	0.000164	71.883717	2.0
1235	3228.600765	46.346979	0.000164	72.584091	2.0
1236	3273.556952	46.362450	0.000164	144.373639	2.1
1237	3201.414698	46.403934	0.000164	103.823921	2.1
1238	3521.695685	46.859803	0.000163	79.020899	2.1
1239	3252.282636	46.922404	0.000163	79.372175	2.1
1240	3338.693732	46.912033	0.000163	117.719119	2.0
1241	3445.642494	46.902989	0.000163	74.150114	1.9
1242	3167.501069	46.944858	0.000163	110.860000	1.9
1243	3765.101449	46.932393	0.000163	113.941069	1.9
1244	3291.988222	47.263118	0.000162	35.247676	1.8
1245	3267.798824	47.255081	0.000162	60.758232	1.8
1246	3152.540435	47.265010	0.000162	61.153314	1.8
1247	3342.007986	47.265235	0.000162	93.505713	1.9
1248	3485.860872	47.254803	0.000162	52.623230	1.9
1249	3210.026796	47.243990	0.000162	21.013487	1.8
1250	3298.136468	47.240910	0.000162	73.360378	1.8
1251	3207.603975	47.235958	0.000162	59.312142	1.8
1252	3371.597950	47.240411	0.000162	70.862578	1.8
1253	3417.838824	47.231044	0.000162	63.255974	1.8
1254	3240.626231	47.227843	0.000162	82.435460	1.8
1255	3494.182136	47.216402	0.000162	105.050019	1.8
1256	3344.079971	47.203857	0.000162	88.207973	1.8
1257	3483.035422	47.271544	0.000162	81.540581	2.0
1258	3454.949275	47.259778	0.000162	75.844591	2.0
1259	3272.422902	47.249726	0.000162	20.190359	2.0
1260	3443.841415	47.244650	0.000162	50.773268	2.0
1261	3176.474822	47.241199	0.000162	94.435962	1.9
1262	3379.699932	47.257305	0.000162	72.143004	1.8
1263	3493.767736	47.265991	0.000162	61.234860	1.8
1264	3620.745008	47.260702	0.000162	132.014979	1.8
1265	3217.654499	47.250983	0.000162	57.390297	1.8
1266	3610.441420	47.489290	0.000161	31.228386	1.8
1267	3261.515930	47.495843	0.000161	74.120713	2.2
1268	3199.182586	47.504654	0.000161	32.957759	5.4
1269	3315.140549	47.500301	0.000161	69.327126	4.8
1270	3329.393285	47.498548	0.000161	115.358153	4.0
1271	3402.680621	47.492450	0.000161	64.388325	3.7
1272	3411.943415	47.480496	0.000161	44.733719	3.0
1273	3273.183550	47.506898	0.000161	31.557741	2.8
1274	3166.226997	47.501606	0.000161	133.433341	2.8
1275	3473.893828	47.490551	0.000161	110.815592	3.3
1276	3424.658759	47.481642	0.000161	81.731040	2.4
1277	3657.798972	47.470617	0.000161	69.327305	3.8
1278	3244.106592	47.458544	0.000161	48.497027	3.8
1279	3491.799175	47.479213	0.000161	38.826623	4.1
1280	3264.286293	47.487620	0.000161	44.958517	4.6
1281	3460.762771	47.482433	0.000161	49.244089	4.5
1282	3132.456534	47.496265	0.000161	161.875596	4.5
1283	3534.843689	47.486290	0.000161	54.288495	4.7
1284	3539.391318	47.482996	0.000161	49.839225	4.5
1285	3667.345570	47.496259	0.000161	60.803471	4.4
1286	3310.840736	47.515853	0.000161	42.101436	4.4
1287	3520.691371	47.514720	0.000161	81.689065	4.3
1288	3444.868866	47.528640	0.000161	70.984352	3.2
1289	3402.725507	47.649662	0.000161	145.804162	3.3
1290	3355.523416	47.637544	0.000161	32.443671	3.1
1291	2980.688860	47.657253	0.000161	52.403855	2.6
1292	3080.130818	47.658207	0.000161	103.428138	2.7
1293	3288.002274	47.689010	0.000161	46.161994	2.6
1294	3157.668578	47.677358	0.000161	39.228087	2.5
1295	3366.796509	47.688849	0.000161	53.715149	2.3
1296	3040.661505	47.689970	0.000161	39.082580	2.2
1297	3305.154083	47.684572	0.000161	59.353352	2.2
1298	3110.810425	47.689108	0.000161	69.059093	2.2
1299	3431.984608	47.678545	0.000161	81.766500	1.9
1300	3243.640040	47.695700	0.000161	55.154355	1.9
1301	3191.264555	47.719783	0.000161	27.440454	1.9
1302	3332.928077	47.714834	0.000161	64.426762	1.9
1303	3495.259189	47.717754	0.000161	133.514465	2.0
1304	3541.018476	47.767550	0.000161	71.359396	1.9
1305	3447.495365	47.775078	0.000161	88.852817	1.9
1306	3128.694398	47.764096	0.000161	56.507949	1.9
1307	3258.420527	47.768699	0.000161	69.925203	1.9
1308	3008.624872	47.772382	0.000161	63.763561	1.9
1309	3313.392755	47.776488	0.000161	30.856423	1.9
1310	3389.349084	47.784838	0.000161	79.575120	1.9
1311	3345.693979	47.781315	0.000161	62.633094	1.9
1312	3552.289044	47.845846	0.000161	140.752648	1.9
1313	2972.236355	47.833127	0.000161	46.636492	1.8
1314	3170.367025	47.960456	0.000160	81.792151	1.8
1315	3211.256867	47.952759	0.000160	70.466152	1.8
1316	3536.662302	47.989794	0.000160	68.860415	1.9
1317	3086.032248	47.980455	0.000160	132.095611	1.8
1318	3404.392078	48.138336	0.000160	58.892485	1.8
1319	3400.173362	48.172625	0.000160	74.957269	1.8
1320	3344.747470	48.163503	0.000160	65.715057	1.8
1321	3312.770148	48.154922	0.000160	79.247779	1.9
1322	3072.525397	48.156093	0.000160	75.023052	1.8
1323	3533.817374	48.145939	0.000160	66.170389	1.8
1324	3302.957496	48.161798	0.000160	26.138632	1.8
1325	3116.293467	48.166917	0.000160	47.265944	1.8
1326	3320.767515	48.163484	0.000160	119.298972	1.9
1327	3341.224123	48.151576	0.000160	79.557268	1.9
1328	3274.555670	48.187069	0.000160	92.153009	1.9
1329	2963.112741	48.180947	0.000160	64.737881	1.9
1330	3169.549410	48.318464	0.000159	104.305174	1.9
1331	3371.927655	48.349337	0.000159	40.493282	1.8
1332	3295.605760	48.391392	0.000159	52.278976	1.8
1333	3616.665117	48.405000	0.000159	76.897286	1.8
1334	3147.835493	48.395880	0.000159	51.615165	1.8
1335	3261.997855	48.402340	0.000159	22.507901	1.8
1336	3263.290112	48.404782	0.000159	122.134620	1.8
1337	3195.881683	48.420086	0.000159	66.912801	1.8
1338	3468.398696	48.413281	0.000159	46.836263	1.8
1339	3616.126971	48.421799	0.000159	85.486628	1.8
1340	3248.404349	48.410812	0.000159	24.730784	1.8
1341	3287.013861	48.414713	0.000159	75.085345	1.8
1342	3286.596723	48.410370	0.000159	68.964648	1.8
1343	3352.945361	48.403934	0.000159	25.271131	1.8
1344	3132.643346	48.396966	0.000159	50.166004	1.8
1345	3474.492177	48.394675	0.000159	77.985281	1.8
1346	3422.778024	48.383724	0.000159	96.249914	2.2
1347	3170.085797	48.547647	0.000159	45.755915	2.5
1348	3468.820935	48.554055	0.000159	80.192094	2.1
1349	3307.616884	48.582183	0.000159	91.147737	2.1
1350	3324.319439	48.587447	0.000159	58.171945	2.1
1351	3248.392283	48.645034	0.000159	76.593850	2.1
1352	3434.069162	48.676835	0.000159	41.321648	3.4
1353	3556.952181	48.674784	0.000159	83.518403	2.2
1354	3286.426552	48.685754	0.000159	51.698979	2.2
1355	3131.422961	48.683398	0.000159	28.672590	2.2
1356	3388.557217	48.677617	0.000159	63.669447	2.1
1357	3094.781548	48.674611	0.000159	121.808862	2.1
1358	3199.240288	48.675468	0.000159	54.277529	2.2
1359	3305.426972	48.768562	0.000158	84.833946	2.1
1360	3168.930288	48.763663	0.000158	28.994479	2.1
1361	3281.699447	48.755772	0.000158	83.372633	2.1
1362	3615.488220	48.762610	0.000158	45.063330	4.4
1363	3408.506325	48.755538	0.000158	52.748305	2.0
1364	3385.712947	48.770680	0.000158	91.159130	2.4
1365	3263.419037	48.762027	0.000158	73.587430	4.3
1366	3439.440207	48.771118	0.000158	76.676129	2.3
1367	3546.852591	48.825309	0.000158	68.894630	2.6
1368	3483.665983	48.844267	0.000158	53.920173	2.9
1369	3301.764084	48.835183	0.000158	47.981069	2.9
1370	3008.775871	48.828958	0.000158	96.219383	3.1
1371	3372.311975	48.826180	0.000158	55.244090	4.4
1372	3225.335255	48.925632	0.000158	106.274491	4.3
1373	3211.651153	49.046906	0.000158	107.133785	3.6
1374	3175.055216	49.039043	0.000158	55.394599	3.4
1375	3287.128266	49.069514	0.000158	128.428456	3.4
1376	3462.969049	49.058545	0.000158	131.619516	2.8
1377	3060.423977	49.069369	0.000158	30.408423	2.6
1378	3318.788343	49.066735	0.000158	68.017076	2.7
1379	3272.532637	49.062983	0.000158	155.688351	2.6
1380	3486.121033	49.054863	0.000158	39.944699	2.2
1381	3440.312769	49.045356	0.000158	49.727092	2.8
1382	3228.897153	49.055554	0.000158	88.090176	2.4
1383	3734.504285	49.051185	0.000158	127.499041	4.5
1384	3619.089416	49.306556	0.000157	23.674285	4.5
1385	3264.315400	49.304116	0.000157	104.578209	4.4
1386	3440.216293	49.296226	0.000157	46.979555	3.4
1387	3374.056371	49.285011	0.000157	47.894491	2.8
1388	3393.486145	49.280313	0.000157	88.236109	2.8
1389	3033.012667	49.298906	0.000157	72.466257	3.5
1390	3365.889185	49.286694	0.000157	45.384464	3.6
1391	3335.409110	49.303288	0.000157	26.951604	3.5
1392	3600.306430	49.299609	0.000157	61.640225	2.6
1393	3301.306298	49.301019	0.000157	67.609302	2.6
1394	3515.439206	49.308150	0.000157	82.192088	2.6
1395	3341.292569	49.355971	0.000157	104.995567	2.6
1396	3411.353458	49.717389	0.000156	84.948124	2.3
1397	3180.690036	49.719264	0.000156	122.973279	3.0
1398	3390.916060	50.123907	0.000155	38.289181	3.3
1399	3382.087867	50.113823	0.000155	59.301546	2.3
1400	3351.136585	50.105485	0.000155	50.939510	2.3
1401	3567.535765	50.099729	0.000155	53.811585	2.3
1402	3126.404813	50.099297	0.000155	53.698520	2.3
1403	3208.633985	50.090194	0.000156	74.115458	3.1
1404	3377.169731	50.079387	0.000156	43.895449	3.5
1405	3276.588456	50.069972	0.000156	71.531043	2.3
1406	3279.978430	50.096955	0.000156	101.123293	2.4
1407	3307.958241	50.084349	0.000156	81.658359	2.7
1408	3333.976358	50.406921	0.000155	54.886007	2.7
1409	3392.808959	50.396018	0.000155	54.954162	2.7
1410	3263.808878	50.415840	0.000155	50.402961	2.6
1411	3487.991067	50.415553	0.000155	68.143132	2.3
1412	3220.496024	50.407706	0.000155	64.127885	4.6
1413	3755.095084	50.402697	0.000155	46.344043	4.6
1414	3089.645091	50.403494	0.000155	65.398027	4.5
1415	3337.373467	50.405360	0.000155	74.598624	4.2
1416	3126.894698	50.394126	0.000155	63.379437	3.2
1417	3399.111203	50.385561	0.000155	68.340016	3.6
1418	3514.712366	50.414063	0.000155	42.633676	3.3
1419	3324.011821	50.417358	0.000155	83.530886	3.1
1420	3354.432180	50.407389	0.000155	167.998037	3.2
1421	3329.818308	50.598344	0.000154	109.930637	3.1
1422	3398.523047	50.585186	0.000154	92.556096	2.4
1423	3255.106415	50.773389	0.000154	38.629037	2.4
1424	3483.612641	50.764486	0.000154	36.676914	2.4
1425	3390.969108	50.763115	0.000154	51.577614	2.4
1426	3414.503191	50.765015	0.000154	116.349888	2.3
1427	3340.000403	50.759063	0.000154	31.935886	2.2
1428	3206.590962	50.762926	0.000154	86.122413	2.2
1429	3195.567597	50.757140	0.000154	48.904496	2.2
1430	3165.741198	50.746413	0.000154	32.384861	2.3
1431	3361.868940	50.743752	0.000154	65.798527	2.3
1432	3277.341184	50.737270	0.000154	106.999153	2.3
1433	3203.209229	50.855170	0.000154	64.190851	2.3
1434	3383.631732	51.014862	0.000154	55.386227	2.3
1435	3277.472213	51.025901	0.000153	40.675912	1.9
1436	3384.545355	51.019572	0.000154	67.763371	1.9
1437	3288.843000	51.017726	0.000154	63.142731	1.9
1438	3173.644490	51.010634	0.000154	56.198389	1.8
1439	3597.086144	51.036614	0.000153	33.648379	4.7
1440	3182.918206	51.035168	0.000153	118.349038	2.5
1441	3382.352934	51.032758	0.000153	86.612102	2.0
1442	3306.060394	51.060338	0.000153	42.438373	1.9
1443	3532.888490	51.050255	0.000153	102.053235	2.0
1444	3267.652433	51.045037	0.000153	21.207378	2.1
1445	3472.663313	51.048716	0.000153	46.982659	2.4
1446	3367.699053	51.048621	0.000153	49.477668	2.5
1447	3279.911434	51.052989	0.000153	44.296154	2.1
1448	3360.216131	51.048867	0.000153	55.785611	1.8
1449	3357.370855	51.060215	0.000153	143.851375	1.9
1450	3651.983658	51.048634	0.000153	22.274639	1.9
1451	3279.026465	51.049334	0.000153	86.057538	1.9
1452	3472.745844	51.044399	0.000153	70.780122	1.9
1453	3277.536505	51.032948	0.000153	69.497225	1.8
1454	3277.623154	51.021877	0.000154	93.778384	3.2
1455	3270.203622	51.010201	0.000154	70.901206	1.8
1456	3243.388053	51.188900	0.000153	117.036217	1.8
1457	3735.396243	51.235813	0.000153	96.529074	1.8
1458	3152.177123	51.243886	0.000153	48.046624	1.8
1459	3494.726793	51.280199	0.000153	16.391612	1.8
1460	3371.880532	51.277207	0.000153	56.561661	1.9
1461	3251.880564	51.273118	0.000153	54.163944	1.8
1462	3146.151543	51.277071	0.000153	142.996720	1.8
1463	3315.390788	51.572073	0.000152	142.937821	1.8
1464	3291.123802	51.561652	0.000152	87.721219	1.8
1465	3587.609781	51.775045	0.000152	106.906613	1.8
1466	3530.696633	51.762661	0.000152	106.506458	1.8
1467	3278.403472	51.762229	0.000152	109.830615	1.8
1468	3324.286559	51.928838	0.000152	47.283043	1.9
1469	3300.672731	51.979882	0.000151	65.793047	2.0
1470	3231.061634	51.974139	0.000152	95.108552	2.1
1471	3314.917559	51.966575	0.000152	46.286809	2.0
1472	3344.670027	51.960662	0.000152	80.346019	2.0
1473	3538.875459	51.977523	0.000151	117.078866	1.9
1474	3431.936154	52.048146	0.000151	55.064510	1.8
1475	3251.668729	52.062114	0.000151	72.665015	1.9
1476	3307.553394	52.062489	0.000151	45.679490	1.9
1477	3456.081532	52.055418	0.000151	67.095806	1.8
1478	3412.426463	52.058783	0.000151	35.681770	1.9
1479	3362.741476	52.056448	0.000151	77.404885	1.8
1480	3400.252583	52.054742	0.000151	39.187975	1.8
1481	3424.317093	52.059461	0.000151	40.353245	1.8
1482	3484.146610	52.056477	0.000151	71.843237	1.8
1483	3176.631914	52.054356	0.000151	104.335065	1.8
1484	3351.359782	52.048069	0.000151	60.340172	1.8
1485	3479.515729	52.051875	0.000151	62.335877	1.8
1486	3350.822329	52.044071	0.000151	28.856774	1.8
1487	3209.108612	52.047011	0.000151	46.223660	1.8
1488	3225.921307	52.045405	0.000151	75.199337	1.8
1489	3167.938806	52.043105	0.000151	67.545544	1.8
1490	3246.444149	52.033769	0.000151	79.291377	1.8
1491	3104.433420	52.024272	0.000151	71.592237	1.8
1492	3175.388851	52.021882	0.000151	145.623428	1.8
1493	2861.617233	52.019296	0.000151	20.136342	1.8
1494	3173.686626	52.013895	0.000151	38.457420	1.8
1495	3136.640517	52.012893	0.000151	134.400874	1.8
1496	3354.266140	52.002483	0.000151	139.969910	1.8
1497	3356.932648	51.989881	0.000151	24.059854	1.7
1498	3158.975861	51.980702	0.000151	47.561918	1.8
1499	3644.559423	51.982301	0.000151	44.821501	1.7
1500	3151.842556	51.977118	0.000151	21.036923	1.8
1501	3468.729239	51.976123	0.000152	80.107359	1.7
1502	3295.065941	51.976750	0.000151	102.464949	1.8
1503	3522.661974	52.010195	0.000151	67.241961	1.8
1504	3121.306100	51.998848	0.000151	66.406630	1.8
1505	3592.509781	51.992836	0.000151	109.457139	1.8
1506	3462.518864	52.020332	0.000151	66.645108	1.8
1507	3366.370963	52.040455	0.000151	67.445839	1.8
1508	3206.357581	52.029643	0.000151	74.171476	1.8
1509	3369.044541	52.029967	0.000151	62.867929	1.8
1510	3093.119254	52.036506	0.000151	51.822409	1.8
1511	3174.834302	52.046838	0.000151	82.615364	1.8
1512	3259.716876	52.047503	0.000151	74.049356	4.2
1513	3443.041928	52.086169	0.000151	56.858722	4.4
1514	3232.309423	52.077785	0.000151	46.161605	4.5
1515	3411.166911	52.081903	0.000151	23.871291	4.4
1516	3468.893336	52.087391	0.000151	41.781950	4.2
1517	3228.949260	52.088599	0.000151	63.105949	4.0
1518	3293.962951	52.086598	0.000151	108.481137	4.1
1519	3197.914984	52.129935	0.000151	120.001158	3.7
1520	3083.296836	52.132944	0.000151	73.891754	2.9
1521	3273.230941	52.120474	0.000151	106.628542	3.0
1522	3062.119096	52.149881	0.000151	55.340231	2.9
1523	3567.414992	52.148091	0.000151	46.571628	3.2
1524	3358.177057	52.148931	0.000151	53.140011	2.5
1525	3170.600367	52.143890	0.000151	47.549570	2.4
1526	3083.206242	52.150556	0.000151	76.775696	2.6
1527	3180.575061	52.189120	0.000151	50.254768	2.4
1528	3287.610873	52.234482	0.000151	28.896848	2.3
1529	3486.240511	52.228411	0.000151	43.367414	2.3
1530	3204.844323	52.224679	0.000151	87.243367	3.5
1531	3396.914718	52.217151	0.000151	85.941379	4.0
1532	3138.026094	52.246798	0.000151	116.271333	2.2
1533	3315.875148	52.238045	0.000151	72.621741	2.1
1534	3090.143417	52.226638	0.000151	76.057087	2.3
1535	3228.323896	52.233426	0.000151	59.420133	5.3
1536	3467.389980	52.242598	0.000151	166.911695	4.6
1537	3376.288011	52.229793	0.000151	53.424677	4.6
1538	3659.918514	52.217615	0.000151	21.500087	4.6
1539	3204.822207	52.215732	0.000151	101.090411	4.2
1540	3288.128685	52.209251	0.000151	135.486593	3.6
1541	3204.540842	52.200365	0.000151	63.020155	4.4
1542	3380.755313	52.188082	0.000151	135.464857	4.4
1543	3469.786042	52.228763	0.000151	62.651510	3.6
1544	3238.140813	52.216459	0.000151	50.167522	3.2
1545	3270.820289	52.207378	0.000151	35.448978	3.1
1546	3229.722233	52.201439	0.000151	37.210996	3.0
1547	3365.757350	52.198036	0.000151	47.812374	2.6
1548	3192.500454	52.202557	0.000151	73.657213	2.8
1549	3319.075271	52.226093	0.000151	46.967796	2.7
1550	3544.089860	52.215837	0.000151	110.372377	2.4
1551	3224.344411	52.307710	0.000151	36.569784	2.3
1552	3196.059046	52.296928	0.000151	86.447082	2.2
1553	3231.486061	52.301571	0.000151	42.531913	2.2
1554	3387.045083	52.328928	0.000151	92.118761	2.2
1555	3235.098265	52.329681	0.000151	111.061123	2.0
1556	3409.487925	52.868192	0.000150	31.303322	1.9
1557	3518.774567	52.860260	0.000150	76.605454	1.9
1558	3305.444047	52.857765	0.000150	41.671969	1.9
1559	3273.219813	52.847949	0.000150	50.401944	1.9
1560	3262.602406	52.852950	0.000150	58.291305	1.9
1561	3294.912443	52.869705	0.000150	116.292075	1.9
1562	3474.598783	52.978370	0.000149	170.838160	1.9
1563	3492.431626	53.478546	0.000148	34.322939	1.9
1564	3250.626941	53.501763	0.000148	53.517800	1.9
1565	3388.616660	53.506605	0.000148	96.818076	1.9
1566	3469.085236	53.496109	0.000148	96.037946	2.0
1567	3474.479621	53.609029	0.000148	64.873797	4.1
1568	3238.046118	53.634968	0.000148	94.613304	4.2
1569	3469.390350	53.744359	0.000148	137.887300	3.9
1570	3323.207567	54.544686	0.000146	32.094724	3.9
1571	3336.529747	54.573425	0.000146	86.081121	3.0
1572	3130.733708	54.578577	0.000146	80.399895	2.9
1573	3307.551104	54.711442	0.000146	99.644834	2.9
1574	3306.290364	54.700664	0.000146	50.937943	2.6
1575	3251.382556	54.696670	0.000146	23.874194	2.6
1576	3533.100599	54.692628	0.000146	69.742023	2.5
1577	3052.614384	54.686333	0.000146	85.479278	2.7
1578	3353.654304	54.694543	0.000146	29.728361	2.3
1579	3346.497087	54.694649	0.000146	81.248402	2.2
1580	3446.204863	54.710451	0.000146	53.332212	4.9
1581	3470.091696	54.701203	0.000146	106.321887	4.6
1582	3243.132393	54.735440	0.000146	122.872162	4.8
1583	3170.473912	55.133099	0.000145	39.943516	4.3
1584	3223.091902	55.134564	0.000145	50.006152	4.8
1585	3390.790635	55.142523	0.000145	56.370754	4.1
1586	3199.111763	55.147731	0.000145	52.673981	3.7
1587	3494.688733	55.141297	0.000145	75.723266	3.8
1588	3405.593555	55.141574	0.000145	35.117514	3.2
1589	3433.245240	55.133955	0.000145	139.182999	2.8
1590	3306.830836	55.137902	0.000145	38.618347	2.8
1591	3511.339247	55.129520	0.000145	72.628723	3.4
1592	3423.268112	55.125437	0.000145	73.433738	2.6
1593	3400.398880	55.116951	0.000145	80.196139	2.6
1594	3147.848388	55.113006	0.000145	95.552449	2.4
1595	3628.874439	55.174443	0.000145	126.187178	2.2
1596	3273.463234	55.188920	0.000145	49.385625	2.0
1597	3553.872510	55.177296	0.000145	86.794922	2.2
1598	3262.743195	55.175999	0.000145	49.881866	1.9
1599	3344.527293	55.190735	0.000145	86.018856	1.9
1600	3365.525475	55.236933	0.000145	68.096159	1.9
1601	3122.254532	55.224737	0.000145	173.233010	3.0
1602	3469.164390	55.686183	0.000144	88.334794	1.9
1603	3361.379408	56.546085	0.000143	89.488899	2.0
1604	3330.110826	56.537954	0.000143	104.222228	1.9
1605	3272.884671	56.525116	0.000143	71.783080	1.9
1606	3218.068183	56.683299	0.000142	56.163869	1.9
1607	3330.031973	56.672965	0.000142	37.355796	1.9
1608	3249.864937	56.669391	0.000142	137.501305	1.9
1609	3208.716029	56.662470	0.000142	71.783017	2.5
1610	3242.211066	56.991706	0.000142	77.272743	2.1
1611	3219.092417	56.983968	0.000142	83.566251	2.0
1612	3467.739986	56.974274	0.000142	22.559728	2.6
1613	3389.433798	56.984399	0.000142	87.566418	2.4
1614	3303.760359	56.982868	0.000142	88.727874	1.9
1615	3185.523150	56.976803	0.000142	49.734948	1.9
1616	3058.972922	56.969943	0.000142	36.226966	2.2
1617	3362.055798	56.963069	0.000142	84.371220	2.0
1618	3263.449711	56.953460	0.000142	86.313916	4.5
1619	3278.952492	56.958409	0.000142	20.596962	2.2
1620	3090.347762	56.955365	0.000142	46.285735	1.9
1621	3649.609184	56.951040	0.000142	97.493062	1.9
1622	3370.340325	56.998432	0.000142	68.902306	2.1
1623	2985.260708	57.000315	0.000142	65.852934	4.9
1624	3427.583813	56.988914	0.000142	65.844225	4.2
1625	3177.458551	57.042486	0.000142	47.328388	2.3
1626	3318.332076	57.032851	0.000142	45.465477	2.4
1627	3252.726349	57.040751	0.000142	80.878393	2.6
1628	3272.811359	57.076623	0.000142	60.543331	2.4
1629	3291.975854	57.117578	0.000142	46.502715	2.3
1630	3267.602025	57.117187	0.000142	55.908529	2.3
1631	3118.411741	57.139073	0.000141	49.658496	2.4
1632	3231.374781	57.133940	0.000141	107.793377	3.6
1633	3055.875274	57.207876	0.000141	100.781732	2.9
1634	3119.031507	57.194877	0.000141	103.168947	2.3
1635	3165.851788	57.183730	0.000141	24.009441	2.3
1636	3289.752668	57.178986	0.000141	75.481717	2.3
1637	3285.239879	57.178945	0.000141	52.484391	2.1
1638	3248.137651	57.198392	0.000141	89.397326	2.1
1639	3207.208801	57.195405	0.000141	60.358011	2.1
1640	3476.640834	57.194047	0.000141	65.929507	2.3
1641	3465.029704	57.195281	0.000141	114.315356	4.4
1642	3209.691696	57.182601	0.000141	27.562286	4.7
1643	3175.560471	57.174792	0.000141	33.278020	4.2
1644	2986.586023	57.174126	0.000141	66.654100	4.2
1645	3567.142591	57.187190	0.000141	54.145345	4.1
1646	3383.973132	57.195957	0.000141	68.015272	3.1
1647	3332.866791	57.190241	0.000141	79.184003	3.0
1648	3084.541549	57.184370	0.000141	110.261320	3.0
1649	3145.962162	57.172453	0.000141	126.391789	2.6
1650	3354.276804	57.167266	0.000141	83.831198	2.8
1651	3057.539501	57.248265	0.000141	45.592513	2.8
1652	3330.100079	57.238395	0.000141	125.979458	2.5
1653	3110.655353	57.252116	0.000141	57.930928	2.1
1654	3570.606802	57.255933	0.000141	151.151838	2.3
1655	3435.892999	57.247038	0.000141	126.377909	2.1
1656	3125.384030	57.234137	0.000141	57.620536	2.5
1657	3618.403868	57.225896	0.000141	54.726295	1.9
1658	3385.188270	57.225611	0.000141	57.629536	1.8
1659	3327.047006	57.217374	0.000141	46.945699	2.7
1660	3173.059544	57.227375	0.000141	112.744738	1.8
1661	3273.332222	57.271671	0.000141	94.641620	4.4
1662	3270.877265	57.258986	0.000141	64.288913	4.3
1663	3517.851288	57.260758	0.000141	46.443828	4.2
1664	3274.953993	57.279656	0.000141	82.903950	3.7
1665	3288.831597	57.286180	0.000141	95.455523	3.9
1666	3241.772281	57.303824	0.000141	62.985162	3.3
1667	3160.149961	57.340830	0.000141	78.363002	2.7
1668	3089.671996	57.378323	0.000141	86.892606	2.7
1669	3368.371623	57.384964	0.000141	30.637547	2.8
1670	3209.820621	57.383972	0.000141	63.562943	4.4
1671	3239.562546	57.376668	0.000141	52.755664	4.4
1672	3514.644151	57.366568	0.000141	92.169747	3.7
1673	2975.648812	57.369748	0.000141	60.987670	2.6
1674	3253.545793	57.357846	0.000141	42.529209	2.7
1675	3177.653357	57.357531	0.000141	73.758279	2.6
1676	3045.047879	57.381866	0.000141	157.207173	3.3
1677	3189.288394	57.383899	0.000141	56.656165	3.4
1678	3537.802455	57.391072	0.000141	138.377223	4.1
1679	3431.430505	57.544622	0.000141	64.586900	4.7
1680	3527.800666	57.531705	0.000141	22.864073	2.7
1681	3309.490013	57.529308	0.000141	54.285594	2.5
1682	3471.508635	57.527119	0.000141	43.984056	2.5
1683	3307.364548	57.525187	0.000141	159.499878	2.5
1684	3356.035220	57.555267	0.000141	168.494102	2.8
1685	3333.804718	58.554703	0.000139	42.326349	2.4
1686	3497.561380	58.544854	0.000139	64.610385	5.2
1687	3080.393152	58.535760	0.000139	66.504500	2.3
1688	3473.415133	58.562955	0.000139	111.060040	2.5
1689	3509.772040	58.561114	0.000139	33.633506	2.8
1690	3205.020977	58.604868	0.000139	39.649892	2.8
1691	3195.402688	58.600653	0.000139	37.256723	2.8
1692	3386.602688	58.595950	0.000139	37.446417	2.3
1693	3425.270363	58.594662	0.000139	84.003879	4.5
1694	3440.331810	58.621828	0.000139	52.045876	4.6
1695	3002.122598	58.611392	0.000139	184.578738	4.1
1696	3259.339570	58.805944	0.000139	66.342523	2.6
1697	3081.606232	58.940143	0.000138	87.411344	2.7
1698	3505.025437	58.934633	0.000138	106.690408	4.6
1699	3180.218882	59.381138	0.000138	55.836620	4.6
1700	3112.261556	59.372207	0.000138	94.474655	3.5
1701	3265.891159	59.449080	0.000137	58.917335	3.8
1702	3263.526058	59.490791	0.000137	96.473122	3.7
1703	3427.536462	59.481105	0.000137	70.014747	3.3
1704	3366.424952	59.478901	0.000137	64.339535	3.2
1705	3305.741068	59.475431	0.000137	47.728384	3.1
1706	3198.241049	59.475964	0.000137	80.198495	2.6
1707	3128.872873	59.466077	0.000137	54.711235	2.6
1708	3304.728427	59.462281	0.000137	58.610877	2.6
1709	3358.063327	59.453931	0.000137	34.341852	2.6
1710	3519.341832	59.447565	0.000137	57.870089	2.4
1711	3116.806561	59.460602	0.000137	121.355823	2.4
1712	3039.832350	59.448076	0.000137	56.808405	2.4
1713	3262.371918	59.435712	0.000137	71.658873	2.4
1714	3176.712696	59.446331	0.000137	24.909565	2.1
1715	3193.443964	59.440241	0.000137	69.396056	2.2
1716	3398.000292	59.445492	0.000137	56.595160	2.2
1717	3070.805976	59.444603	0.000137	101.802382	2.2
1718	3250.234700	59.559255	0.000137	113.022699	2.2
1719	3161.920523	59.931531	0.000137	110.129961	2.1
1720	3278.617954	60.094231	0.000136	99.712587	2.1
1721	3314.080366	60.129845	0.000136	105.954728	1.9
1722	3270.066239	60.121432	0.000136	64.621129	1.9
1723	3439.501252	60.135149	0.000136	86.912863	2.1
1724	3218.057557	60.129452	0.000136	34.477517	3.2
1725	3305.589263	60.120023	0.000136	137.911957	1.9
1726	3256.905250	60.142654	0.000136	37.888500	2.0
1727	3191.196271	60.188154	0.000136	59.543710	1.9
1728	3185.029295	60.189306	0.000136	59.088059	2.2
1729	3419.443268	60.203570	0.000136	20.801540	4.5
1730	3102.361463	60.203206	0.000136	70.573340	4.2
1731	3103.798836	60.200279	0.000136	43.499260	4.2
1732	3315.961227	60.190460	0.000136	71.674346	4.3
1733	3365.226351	60.210273	0.000136	46.775601	3.1
1734	3257.233214	60.200104	0.000136	51.507086	3.7
1735	3429.211446	60.216056	0.000136	28.262240	2.8
1736	3065.669152	60.223099	0.000136	85.429789	3.2
1737	3281.427027	60.230847	0.000136	88.088653	4.5
1738	3218.230091	60.221754	0.000136	70.071793	3.5
1739	3489.911782	60.266310	0.000136	137.803755	2.5
1740	3218.244019	60.254219	0.000136	70.352864	2.5
1741	3343.840876	60.303732	0.000136	31.960983	2.8
1742	3448.163351	60.297362	0.000136	106.589928	2.5
1743	3525.703780	60.294799	0.000136	110.707635	2.2
1744	3364.234987	60.718361	0.000135	91.763469	2.1
1745	3449.125093	60.709782	0.000135	76.306528	2.1
1746	3306.917610	60.763889	0.000135	75.934165	3.1
1747	3283.597159	60.755312	0.000135	73.449406	2.4
1748	3333.665097	60.743359	0.000135	45.359255	2.4
1749	3276.379766	60.740206	0.000135	86.830639	2.4
1750	3182.828601	60.736118	0.000135	110.406774	3.3
1751	3551.875639	60.740152	0.000135	49.408046	1.9
1752	3593.271236	60.737345	0.000135	92.028800	1.8
1753	3753.414541	60.732146	0.000135	213.759942	2.1
1754	3697.870591	60.718983	0.000135	120.910362	4.6
1755	3404.111950	60.858233	0.000135	38.507306	4.7
1756	3222.156794	60.846741	0.000135	43.900576	3.5
1757	3287.963425	60.857028	0.000135	125.964519	2.4
1758	3321.186832	60.845468	0.000135	65.482208	2.9
1759	3244.205237	60.927126	0.000135	31.033489	4.5
1760	3354.532594	60.922281	0.000135	68.433650	4.7
1761	3450.110283	60.921273	0.000135	48.572703	4.6
1762	3336.810940	60.928798	0.000135	56.652954	4.3
1763	3349.832148	60.938853	0.000135	92.784810	4.2
1764	3370.970085	60.936857	0.000135	59.454895	3.5
1765	3528.658524	60.929986	0.000135	65.758477	2.8
1766	3442.440943	60.922745	0.000135	59.631593	4.3
1767	3442.575208	60.912523	0.000135	40.209171	4.3
1768	3200.582446	60.905197	0.000135	26.363183	4.3
1769	3455.685150	60.900996	0.000135	56.157215	4.0
1770	3255.606764	60.904459	0.000135	42.555975	3.1
1771	3579.165463	60.896955	0.000135	49.013311	3.1
1772	3301.779863	60.891056	0.000135	28.695547	3.1
1773	3497.037268	60.899026	0.000135	34.137511	2.4
1774	3417.565609	60.896806	0.000135	60.688172	2.4
1775	3183.644020	60.897143	0.000135	81.429074	2.4
1776	3846.874643	60.885327	0.000135	32.237902	2.4
1777	3234.502063	60.877702	0.000135	58.899322	2.1
1778	3694.217770	60.885348	0.000135	22.328263	2.1
1779	3159.941795	60.889851	0.000135	94.730435	2.0
1780	3129.072686	60.884629	0.000135	65.775785	2.3
1781	3502.365441	60.877413	0.000135	38.666462	4.6
1782	3361.913163	60.879775	0.000135	43.686625	4.6
1783	3456.708682	60.876485	0.000135	41.566085	4.5
1784	3380.073915	60.883277	0.000135	41.927457	3.4
1785	3449.622004	60.887561	0.000135	105.204412	2.5
1786	3296.335828	60.877940	0.000135	41.702148	4.5
1787	3012.898716	60.904932	0.000135	38.730981	4.4
1788	3444.338908	60.913623	0.000135	48.171456	4.1
1789	3520.115622	60.916327	0.000135	62.227491	3.4
1790	3360.443315	60.911853	0.000135	20.964815	3.4
1791	3252.394057	60.913614	0.000135	52.209310	4.7
1792	3514.647206	60.911425	0.000135	49.090807	4.3
1793	3341.775348	60.905581	0.000135	64.354239	3.5
1794	3198.321046	60.913720	0.000135	42.351613	4.4
1795	3093.477288	60.918733	0.000135	44.593636	4.4
1796	3284.485047	60.911371	0.000135	63.387276	3.5
1797	3451.112122	60.902287	0.000135	99.319625	3.4
1798	3552.648219	60.909351	0.000135	88.831052	3.3
1799	3547.442888	60.898052	0.000135	49.270773	3.1
1800	3273.112037	60.896412	0.000135	65.968873	3.3
1801	3241.478827	60.891582	0.000135	58.772099	4.8
1802	3115.036140	60.919308	0.000135	47.485525	4.6
1803	3208.608970	60.912711	0.000135	50.885078	4.5
1804	3171.110160	60.915849	0.000135	72.780592	4.2
1805	3254.081088	60.906604	0.000135	56.892697	4.1
1806	3214.340479	60.897828	0.000135	105.373305	3.6
1807	3474.702086	60.914264	0.000135	111.098725	3.2
1808	3496.563780	60.910226	0.000135	28.011933	3.2
1809	3142.714410	60.922646	0.000135	48.634762	2.9
1810	3130.463303	60.921318	0.000135	35.811922	2.6
1811	3520.993274	60.931781	0.000135	74.029092	2.6
1812	3349.555494	60.944269	0.000135	115.020251	2.6
1813	3362.854246	60.932269	0.000135	27.170466	2.5
1814	3137.769485	60.925248	0.000135	139.412496	2.2
1815	3385.056384	60.923258	0.000135	110.936072	2.2
1816	3324.761490	61.779321	0.000134	21.830430	2.4
1817	3490.807845	61.789508	0.000134	46.439548	2.1
1818	3311.256197	61.791390	0.000134	50.160175	2.5
1819	3336.146934	61.797890	0.000134	36.496350	1.9
1820	3322.906196	61.791890	0.000134	91.760408	1.9
1821	3482.171119	61.793849	0.000134	52.712263	2.1
1822	3389.036624	61.835689	0.000133	30.060123	2.0
1823	3285.318365	61.835283	0.000133	66.615620	2.0
1824	3410.659831	61.827668	0.000133	76.152012	1.9
1825	3159.737938	61.850647	0.000133	102.197632	1.8
1826	3577.679171	61.838053	0.000133	65.389966	1.9
1827	3223.913405	61.827403	0.000133	68.948495	1.9
1828	3349.428790	61.825389	0.000133	17.128717	1.8
1829	3229.500616	61.829704	0.000133	88.008844	4.2
1830	3178.786387	61.823929	0.000133	57.194235	1.9
1831	3201.019338	61.818779	0.000133	131.526545	1.9
1832	3351.239822	61.992026	0.000133	76.324984	2.0
1833	3425.106437	61.981814	0.000133	61.854819	2.1
1834	3496.375580	61.975372	0.000133	50.485627	4.1
1835	3299.477174	61.965243	0.000133	111.076536	4.3
1836	3317.772815	62.055959	0.000133	69.890754	4.2
1837	3296.650881	62.044694	0.000133	94.413074	3.9
1838	3268.557061	62.141419	0.000133	34.002373	2.7
1839	3486.737143	62.136262	0.000133	96.435654	2.8
1840	3264.335024	62.134896	0.000133	69.439387	2.8
1841	3468.326396	62.278779	0.000133	75.079336	4.6
1842	3547.646805	62.267201	0.000133	35.501181	4.5
1843	3264.220489	62.277397	0.000133	59.039388	4.6
1844	3128.745434	62.282112	0.000133	40.642881	4.7
1845	3063.974397	62.294451	0.000133	46.968974	4.5
1846	3500.918941	62.294852	0.000133	65.977236	4.3
1847	3387.676663	62.323259	0.000133	136.997077	4.3
1848	3114.259185	62.700007	0.000132	114.569888	4.7
1849	3266.845854	62.687168	0.000132	74.132175	4.3
1850	3059.570433	62.674799	0.000132	95.325312	3.9
1851	3452.127817	62.746546	0.000132	21.745531	4.2
1852	3525.763217	62.763854	0.000132	32.163424	4.5
1853	3297.001964	62.762071	0.000132	53.615762	4.6
1854	3398.653923	62.766304	0.000132	140.673094	4.4
1855	3171.966280	62.771166	0.000132	49.504585	3.4
1856	3213.616879	62.930626	0.000132	42.369958	3.2
1857	3293.755475	62.922524	0.000132	60.356869	3.1
1858	3396.461872	62.914913	0.000132	53.136387	2.9
1859	3444.706174	62.936217	0.000132	76.313769	2.8
1860	3156.685966	62.994706	0.000132	57.221520	2.7
1861	3509.691600	62.983759	0.000132	93.028372	2.5
1862	3445.612569	62.995157	0.000132	67.899259	2.3
1863	3224.708961	62.983686	0.000132	105.193724	2.3
1864	3119.882775	62.982852	0.000132	37.610936	2.3
1865	3193.265581	63.001310	0.000132	44.571869	2.9
1866	3247.067493	63.002167	0.000132	88.052004	2.1
1867	3038.678345	62.996112	0.000132	52.900869	2.0
1868	3279.267867	63.025516	0.000132	58.381125	2.2
1869	3174.689524	63.038204	0.000132	98.466807	4.6
1870	2989.206305	63.034855	0.000132	127.884065	4.5
1871	3120.787199	63.036703	0.000132	107.217370	4.4
1872	3216.220604	63.896807	0.000130	77.008340	2.4
1873	3325.464979	63.884485	0.000130	91.302456	2.3
1874	3402.070826	64.103550	0.000130	85.961092	2.9
1875	3296.561171	64.126650	0.000130	106.017242	5.2
1876	3266.115439	64.113810	0.000130	41.373954	2.6
1877	3368.174759	64.103051	0.000130	78.537724	2.7
1878	2971.138200	64.099286	0.000130	67.268933	3.3
1879	3251.580400	64.171551	0.000130	66.726746	3.2
1880	3316.243558	64.244441	0.000130	139.695563	3.5
1881	3237.019520	64.317010	0.000130	32.788513	2.5
1882	3394.115715	64.307069	0.000130	100.474844	2.4
1883	3404.236478	64.297174	0.000130	61.817126	2.5
1884	3405.614032	64.292598	0.000130	163.549972	2.5
1885	3198.931418	64.283757	0.000130	113.521692	2.5
1886	3259.006603	65.100386	0.000128	76.841557	2.5
1887	3242.095241	65.088224	0.000128	64.066706	2.6
1888	3218.444844	65.077010	0.000128	65.915341	4.6
1889	3139.887582	65.070334	0.000128	67.231633	4.5
1890	3122.884606	65.059399	0.000128	65.975952	4.5
1891	3402.834411	65.047887	0.000128	43.016973	3.9
1892	3474.591579	65.068737	0.000128	71.306214	2.7
1893	3526.145271	65.060541	0.000128	40.354211	2.7
1894	3461.791435	65.055061	0.000128	74.731309	3.1
1895	3239.115222	65.052843	0.000128	115.130572	3.1
1896	3664.024382	65.174300	0.000128	80.095460	3.1
1897	3628.150454	65.262676	0.000128	53.529812	2.3
1898	3115.462865	65.252436	0.000128	105.827742	2.4
1899	3170.127623	65.241475	0.000128	98.214873	3.2
1900	3144.646268	65.230367	0.000128	48.802878	2.3
1901	3209.525101	65.230434	0.000128	100.906938	1.9
1902	3400.664456	65.219083	0.000128	115.081424	1.9
1903	3254.865569	65.514497	0.000128	61.500441	1.9
1904	3086.160291	65.546698	0.000128	53.912851	1.9
1905	3085.669733	65.544387	0.000128	139.763871	2.0
1906	3247.704855	65.580207	0.000128	52.864039	1.9
1907	3174.707203	65.574202	0.000128	76.331294	1.9
1908	3186.218347	65.569105	0.000128	45.904681	1.9
1909	3178.168437	65.560447	0.000128	66.308868	1.9
1910	3165.548217	65.560886	0.000128	64.876256	1.9
1911	3223.286704	65.555883	0.000128	121.433844	1.9
1912	3470.874871	65.543457	0.000128	41.803587	1.9
1913	3763.845487	65.546250	0.000128	116.643846	2.1
1914	3377.086549	65.535798	0.000128	119.017577	1.9
1915	3799.694635	65.522692	0.000128	45.418063	1.9
1916	3265.439700	65.642210	0.000128	86.744919	1.9
1917	3263.473790	65.634471	0.000128	55.900848	1.9
1918	3320.724816	65.630274	0.000128	81.894649	1.8
1919	3191.215286	65.624153	0.000128	93.915612	1.8
1920	3402.723022	65.611816	0.000128	100.663719	1.9
1921	3094.049489	65.666876	0.000128	42.570314	2.9
1922	3335.687844	65.665413	0.000128	90.538627	1.9
1923	3708.412353	65.682643	0.000128	80.942736	1.8
1924	3411.505874	65.670270	0.000128	43.537885	1.8
1925	3771.590044	65.688447	0.000128	58.121326	1.9
1926	3054.224831	65.689882	0.000128	28.784967	1.9
1927	3427.307581	65.701253	0.000128	40.451894	1.8
1928	3351.237317	65.698226	0.000128	86.896451	1.9
1929	3648.915776	65.702943	0.000128	101.360919	2.4
1930	3100.413108	65.694470	0.000128	38.556939	1.9
1931	3329.889092	65.696238	0.000128	42.524290	1.9
1932	3335.615485	65.706531	0.000128	72.937874	2.1
1933	3284.717318	65.714278	0.000127	66.811935	3.4
1934	3284.360597	65.740124	0.000127	45.050113	4.5
1935	3284.238809	65.738688	0.000127	152.884103	4.1
1936	3259.824312	65.728554	0.000127	77.413575	4.1
1937	3216.125786	66.327205	0.000127	54.162554	4.3
1938	3306.484080	66.318255	0.000127	82.358909	4.2
1939	3166.027234	66.310515	0.000127	68.162689	4.1
1940	3285.054089	66.433371	0.000126	119.001024	3.1
1941	3188.368105	66.498416	0.000126	97.058471	3.1
1942	3117.532700	66.978024	0.000126	113.240357	3.0
1943	3095.237391	66.982479	0.000126	46.233469	2.6
1944	3133.479957	66.991879	0.000126	105.539219	2.6
1945	3440.253813	66.990469	0.000126	87.658291	2.6
1946	3462.913523	67.010603	0.000126	93.151074	2.5
1947	3385.619384	66.998066	0.000126	71.826241	2.2
1948	3086.827722	66.986360	0.000126	45.265819	2.2
1949	3243.486034	67.017878	0.000126	39.240877	2.2
1950	3419.845121	67.021100	0.000126	136.818826	2.3
1951	3368.672225	67.019921	0.000126	122.015457	2.0
1952	3152.725163	67.228102	0.000125	38.733630	3.2
1953	3385.774810	67.290962	0.000125	105.479345	1.9
1954	3302.814657	67.282743	0.000125	72.685560	2.2
1955	3577.863788	67.271388	0.000125	97.298357	1.9
1956	3572.056846	67.260305	0.000125	83.516651	1.9
1957	3121.315068	67.247496	0.000125	58.582269	1.9
1958	3012.189114	67.307974	0.000125	69.297151	1.8
1959	3289.884349	67.319413	0.000125	142.149154	1.8
1960	3560.310203	67.307613	0.000125	142.375469	1.9
1961	3195.206274	67.294441	0.000125	68.598340	1.9
1962	3364.015145	67.317380	0.000125	61.369792	2.0
1963	3026.629239	67.342810	0.000125	39.354320	2.1
1964	3152.336626	67.335330	0.000125	110.770397	2.9
1965	3272.787870	67.384917	0.000125	127.456326	3.2
1966	3306.012316	67.371785	0.000125	65.091221	2.3
1967	3132.673903	67.546733	0.000125	123.663368	2.7
1968	3366.324098	67.884273	0.000124	40.677222	2.3
1969	3589.767432	67.925294	0.000124	99.194542	2.0
1970	3403.889235	67.919234	0.000124	86.747134	1.9
1971	3370.812504	67.952339	0.000124	172.045992	2.0
1972	3387.398482	67.940729	0.000124	50.191927	2.0
1973	3476.726153	67.951570	0.000124	79.332121	2.5
1974	2952.682429	67.972850	0.000124	63.652278	2.6
1975	3414.976194	67.961555	0.000124	75.107278	1.8
1976	3356.487785	67.951844	0.000124	81.076226	1.9
1977	3216.957177	67.947331	0.000124	39.816748	2.0
1978	3053.462843	67.937586	0.000124	74.633271	2.0
1979	3588.057335	67.945027	0.000124	50.899438	2.3
1980	3310.506711	67.959611	0.000124	70.044830	2.9
1981	3273.895887	67.985422	0.000124	64.874859	2.4
1982	3372.873771	68.030600	0.000124	115.648990	2.2
1983	3303.639450	68.044790	0.000124	42.171713	2.0
1984	3182.844618	68.037617	0.000124	74.078678	2.0
1985	3608.527508	68.046028	0.000124	87.673719	1.9
1986	3443.317173	68.034161	0.000124	31.160573	2.0
1987	3234.152416	68.042487	0.000124	122.180132	1.9
1988	3038.830084	68.082543	0.000124	75.365158	1.7
1989	3160.404619	68.116789	0.000124	82.685883	1.8
1990	3380.367747	68.104565	0.000124	65.047915	2.1
1991	3299.222476	68.133471	0.000124	79.541760	1.7
1992	3133.472365	68.175333	0.000124	73.309156	1.8
1993	3458.103879	68.205913	0.000124	92.161754	3.2
1994	3305.133331	68.391140	0.000124	81.080654	2.5
1995	3355.762659	68.393545	0.000124	47.722496	2.5
1996	3314.356253	68.402322	0.000124	41.566489	2.6
1997	3347.964471	68.410966	0.000124	82.352265	2.5
1998	3125.392859	68.413518	0.000124	111.693906	2.4
1999	3394.589200	68.642521	0.000123	55.390888	2.3
