1:ItNr	2:Metric	3a:Time	3b:StepSize	4:||Gradient||	Time[ms]
0	1449.801276	0.000000	0.000201	2207.681497	199.4
1	1220.500163	0.000000	0.000201	2100.113951	3.9
2	1184.298819	1.000000	0.000192	2162.502734	2.8
3	1151.595181	2.000000	0.000184	1971.797390	3.0
4	1077.529660	3.000000	0.000176	1664.519383	4.9
5	1017.177574	4.000000	0.000169	1210.713422	4.6
6	951.460084	5.000000	0.000163	697.406567	4.6
7	930.149312	6.000000	0.000157	382.885679	4.0
8	938.726858	7.000000	0.000151	210.454222	3.5
9	951.225010	7.999999	0.000146	94.944217	5.0
10	946.255564	8.330011	0.000144	83.113169	4.9
11	918.408087	8.324415	0.000144	48.878816	4.9
12	922.730799	8.327099	0.000144	37.810280	5.5
13	922.768397	8.324051	0.000144	63.641291	6.2
14	908.919465	8.320184	0.000144	177.972077	4.5
15	910.443479	8.335041	0.000144	144.861594	5.2
16	912.467166	9.270276	0.000140	54.487040	3.7
17	923.040377	9.261323	0.000140	103.071110	3.7
18	935.358168	9.276474	0.000140	55.024198	3.2
19	925.150077	9.283335	0.000140	78.448608	3.3
20	924.870858	9.281229	0.000140	60.118500	3.2
21	929.163013	9.280013	0.000140	112.067537	2.6
22	914.253907	9.285706	0.000140	135.653826	2.5
23	908.210902	9.612202	0.000138	63.811411	3.0
24	928.703321	9.648854	0.000138	81.488690	2.8
25	917.288664	9.641442	0.000138	159.267947	2.2
26	930.717944	9.743381	0.000138	208.693745	2.1
27	921.311828	10.736276	0.000133	158.829190	5.7
28	923.053224	11.732596	0.000129	98.763328	2.6
29	940.673611	11.724441	0.000129	140.666138	4.0
30	906.371044	11.715498	0.000129	79.136018	2.6
31	916.502943	11.766429	0.000129	143.056977	2.6
32	908.946564	11.756194	0.000129	132.299065	2.6
33	902.821822	12.007238	0.000128	65.986837	5.4
34	899.160402	12.015213	0.000128	124.039783	4.4
35	917.702791	12.008654	0.000128	64.539432	4.8
36	918.511763	12.033136	0.000128	44.572764	4.9
37	921.319282	12.033280	0.000128	159.184359	5.1
38	931.082609	12.027043	0.000128	87.090461	4.1
39	906.242857	12.179949	0.000127	172.913136	4.2
40	921.009531	12.170671	0.000127	133.819046	4.2
41	927.252278	12.824073	0.000125	42.399588	3.6
42	919.218598	12.836296	0.000125	35.221880	3.6
43	918.152939	12.832408	0.000125	84.506141	3.3
44	931.606415	12.832180	0.000125	73.546083	3.1
45	913.144043	12.826132	0.000125	140.942229	3.1
46	932.606525	12.927700	0.000125	123.887531	3.7
47	907.023743	13.360462	0.000123	35.017688	4.9
48	919.801914	13.355010	0.000123	103.066991	4.8
49	896.853237	13.352966	0.000123	123.700919	4.5
50	911.692793	13.615284	0.000122	93.911416	3.9
51	924.432095	13.751548	0.000122	109.547140	4.5
52	906.545446	13.832708	0.000121	83.151773	4.2
53	927.341216	13.915287	0.000121	29.905054	3.4
54	919.623816	13.912648	0.000121	56.412461	5.3
55	913.494724	13.910153	0.000121	47.061889	5.0
56	923.368893	13.904860	0.000121	40.253208	4.6
57	903.638644	13.902861	0.000121	52.233105	4.4
58	919.533725	13.902296	0.000121	61.444914	5.7
59	912.174759	13.899810	0.000121	125.956994	5.1
60	905.798861	13.912077	0.000121	95.237081	4.9
61	911.717418	14.054601	0.000121	114.442117	3.5
62	920.383080	14.170591	0.000120	120.756012	6.2
63	918.258438	14.426826	0.000119	48.793123	3.8
64	915.754259	14.420512	0.000119	77.346053	4.2
65	905.342474	14.425445	0.000119	50.703133	2.6
66	896.645823	14.435189	0.000119	95.524725	5.1
67	914.398786	14.444717	0.000119	97.687904	4.1
68	904.338566	14.448224	0.000119	118.742725	5.0
69	914.172076	14.495694	0.000119	176.186510	5.4
70	933.307216	15.068327	0.000117	136.763335	5.4
71	922.212818	15.993407	0.000114	101.064639	6.3
72	916.479946	16.050508	0.000114	79.724494	4.6
73	895.527217	16.107819	0.000114	75.825022	4.6
74	912.311095	16.098771	0.000114	44.846233	3.5
75	918.125969	16.101155	0.000114	50.042907	5.1
76	913.067099	16.097767	0.000114	44.144774	6.7
77	918.553408	16.094803	0.000114	66.394933	3.2
78	909.351273	16.090116	0.000114	91.945569	3.4
79	915.701810	16.081927	0.000114	55.080490	2.9
80	916.072687	16.087599	0.000114	82.720689	2.9
81	912.703966	16.093119	0.000114	49.714553	2.9
82	902.781369	16.086550	0.000114	54.189371	3.0
83	904.511788	16.085900	0.000114	41.545633	2.9
84	932.286718	16.081307	0.000114	72.107195	3.0
85	900.506534	16.079508	0.000114	119.731414	8.4
86	937.415872	16.074052	0.000114	87.403941	3.6
87	900.781332	16.077632	0.000114	88.726548	4.4
88	921.574252	16.078824	0.000114	60.728488	3.9
89	926.869355	16.099025	0.000114	78.437251	5.0
90	921.633737	16.100651	0.000114	35.671527	5.2
91	908.077434	16.097101	0.000114	72.821842	5.0
92	915.190927	16.097377	0.000114	115.182342	5.1
93	907.554677	16.150169	0.000114	72.026888	3.3
94	930.587396	16.212058	0.000114	60.718107	3.4
95	916.246632	16.215909	0.000114	53.365524	3.3
96	917.215628	16.219845	0.000114	70.570215	3.0
97	903.138101	16.214274	0.000114	67.023172	2.6
98	895.425983	16.217254	0.000114	66.176183	2.6
99	918.251636	16.214421	0.000114	45.659363	3.9
100	885.705522	16.217562	0.000114	94.523568	6.4
101	896.225037	16.227352	0.000114	46.300908	2.2
102	913.180651	16.235585	0.000114	53.723887	3.8
103	910.726600	16.232876	0.000114	120.656086	2.7
104	923.404980	16.241356	0.000114	140.311175	2.6
105	922.980978	16.847185	0.000112	54.653404	2.7
106	908.529684	16.877309	0.000112	34.079163	5.0
107	909.039722	16.873040	0.000112	47.244774	3.8
108	879.057629	16.873293	0.000112	61.030328	5.7
109	886.574023	16.868471	0.000112	113.279299	5.2
110	905.347836	16.873985	0.000112	106.990167	6.2
111	899.087980	17.092275	0.000111	66.127409	4.7
112	922.291287	17.128701	0.000111	44.119536	4.9
113	903.345644	17.123551	0.000111	83.155006	5.3
114	926.364042	17.117330	0.000111	89.168329	5.1
115	916.720656	17.148340	0.000111	49.884655	5.2
116	908.152964	17.160105	0.000111	41.584818	2.5
117	903.901407	17.158420	0.000111	130.252413	2.4
118	888.964596	17.167194	0.000111	72.690891	2.4
119	907.181154	17.173718	0.000111	104.113100	3.2
120	904.966649	17.164880	0.000111	140.786091	2.1
121	910.084397	17.449128	0.000110	97.719858	2.0
122	907.368273	17.649971	0.000109	106.314118	2.6
123	914.575612	17.698259	0.000109	63.143432	3.8
124	902.179691	17.715709	0.000109	85.621669	3.5
125	934.874650	17.709370	0.000109	112.773062	4.7
126	914.048686	17.785593	0.000109	63.654339	4.5
127	899.992398	17.778222	0.000109	52.169653	4.2
128	912.988596	17.776466	0.000109	92.184936	3.2
129	907.351581	17.787649	0.000109	131.577273	3.2
130	903.886492	17.906100	0.000109	46.208158	3.7
131	888.557109	17.901633	0.000109	61.029995	3.2
132	898.582207	17.900325	0.000109	90.390534	2.4
133	901.210140	17.891574	0.000109	71.383220	2.4
134	907.404734	17.926929	0.000109	48.371825	2.4
135	907.843057	17.923824	0.000109	50.681467	2.3
136	932.213562	17.919178	0.000109	65.846787	2.4
137	906.375129	17.913964	0.000109	160.202866	2.3
138	911.885029	18.005589	0.000108	149.075384	2.3
139	914.570196	18.938668	0.000106	125.259782	2.4
140	927.433411	19.630861	0.000104	128.824976	2.0
141	917.113926	20.002467	0.000103	103.135733	2.0
142	926.012034	20.060413	0.000103	85.928435	2.0
143	912.517447	20.141233	0.000103	37.048576	4.7
144	887.515403	20.141934	0.000103	73.908727	1.9
145	891.319464	20.136313	0.000103	41.044472	1.9
146	918.278245	20.139112	0.000103	75.427154	1.9
147	899.716494	20.139350	0.000103	64.627499	2.3
148	906.060117	20.161441	0.000103	43.725176	4.0
149	916.070942	20.163075	0.000103	58.816415	2.1
150	896.576693	20.163411	0.000103	49.575719	4.7
151	887.734626	20.167631	0.000103	67.374142	2.2
152	910.356475	20.164235	0.000103	54.886337	2.2
153	884.675884	20.163311	0.000103	69.917744	2.2
154	911.567922	20.159397	0.000103	86.132405	2.2
155	907.432207	20.169942	0.000103	55.701385	2.5
156	896.179307	20.174196	0.000103	37.239693	2.6
157	919.175215	20.172615	0.000103	47.276766	2.5
158	894.313088	20.172291	0.000103	28.168275	2.5
159	916.672567	20.170343	0.000103	39.380549	2.0
160	895.388625	20.167626	0.000103	87.680982	5.7
161	893.910679	20.176186	0.000103	66.467771	2.2
162	886.715979	20.204166	0.000103	93.093733	2.3
163	922.526264	20.211935	0.000103	74.156383	2.4
164	896.395381	20.211296	0.000103	44.233610	4.6
165	911.038154	20.205223	0.000103	66.751246	3.7
166	909.946871	20.206969	0.000103	73.440726	2.6
167	913.734743	20.199429	0.000103	33.728713	4.4
168	906.916698	20.202085	0.000103	81.676311	3.0
169	913.670703	20.205384	0.000103	61.451120	2.9
170	887.922683	20.208525	0.000103	53.776740	3.1
171	898.144451	20.204622	0.000103	93.392290	3.2
172	911.782663	20.207251	0.000103	105.178318	3.1
173	919.414642	20.319765	0.000102	66.175429	4.8
174	916.552784	20.311305	0.000102	52.991931	2.7
175	900.092820	20.311565	0.000102	95.969428	2.6
176	919.012153	20.305489	0.000102	100.214678	2.6
177	896.351468	20.383514	0.000102	137.338210	3.9
178	911.107348	20.675830	0.000101	106.695168	2.6
179	908.982982	21.105121	0.000100	42.342142	6.3
180	900.180837	21.102437	0.000100	92.235773	4.3
181	907.250147	21.095697	0.000100	35.131577	2.7
182	919.344315	21.090758	0.000100	39.434400	4.0
183	898.423908	21.090896	0.000100	69.380416	3.2
184	909.058250	21.085037	0.000100	91.184277	2.4
185	909.592090	21.086710	0.000100	72.660913	2.2
186	889.650833	21.110489	0.000100	72.770125	4.0
187	907.965010	21.102546	0.000100	132.171346	2.3
188	881.425194	21.196129	0.000100	95.079743	4.0
189	905.494461	21.371727	0.000100	26.832472	5.5
190	900.572980	21.369262	0.000100	65.680458	2.6
191	906.832003	21.368623	0.000100	78.885465	2.6
192	890.072337	21.373947	0.000100	37.641198	3.0
193	898.258039	21.377499	0.000100	69.912863	2.9
194	905.306120	21.380321	0.000100	143.376041	2.8
195	902.910775	21.526590	0.000099	56.952160	2.4
196	906.576234	21.573568	0.000099	42.623061	4.7
197	903.778240	21.575450	0.000099	85.685278	4.5
198	896.045779	21.576323	0.000099	51.114410	2.7
199	898.376232	21.572581	0.000099	54.880755	2.7
200	904.722348	21.572703	0.000099	61.498352	2.7
201	898.328497	21.574996	0.000099	26.779242	2.5
202	888.762782	21.572479	0.000099	68.560009	7.6
203	896.533130	21.570755	0.000099	67.196362	3.3
204	889.314106	21.573973	0.000099	53.149683	3.2
205	903.291984	21.566907	0.000099	71.551630	4.1
206	895.721254	21.565500	0.000099	100.937341	3.5
207	919.355907	21.565645	0.000099	105.249600	3.3
208	887.926571	21.597418	0.000099	60.762279	2.9
209	875.036706	21.642569	0.000099	43.282608	2.3
210	901.112029	21.639017	0.000099	68.814375	7.4
211	882.455383	21.645239	0.000099	60.295793	4.8
212	883.608478	21.655917	0.000099	114.456808	3.0
213	902.733118	21.698172	0.000099	108.114995	3.4
214	918.529556	21.804127	0.000099	61.691579	5.2
215	913.588882	21.827642	0.000099	31.583117	3.2
216	900.076375	21.829113	0.000099	50.051916	3.7
217	897.323179	21.825610	0.000099	83.316692	5.9
218	901.333197	21.841865	0.000099	51.664281	3.5
219	898.408901	21.859468	0.000099	31.759560	3.6
220	905.143017	21.857327	0.000099	102.170700	5.0
221	887.466657	21.859857	0.000099	49.364385	5.0
222	913.299998	21.852138	0.000099	93.465547	3.4
223	877.823946	21.848216	0.000099	31.012646	4.1
224	912.383731	21.843702	0.000099	101.992680	4.9
225	889.821440	21.842472	0.000099	100.915769	3.7
226	915.480535	21.912390	0.000099	54.454179	3.5
227	918.456866	21.915139	0.000099	52.274647	4.7
228	907.558043	21.921660	0.000099	86.556586	4.9
229	897.105133	21.934811	0.000098	39.144392	4.9
230	911.159477	21.930242	0.000098	76.867915	4.9
231	910.808030	21.932063	0.000098	140.466652	4.7
232	916.749617	22.088309	0.000098	102.497000	3.6
233	899.466020	22.503155	0.000097	44.713132	3.6
234	894.696364	22.510777	0.000097	77.210844	3.8
235	918.408877	22.509227	0.000097	86.718355	3.3
236	901.300322	22.529859	0.000097	98.795370	3.2
237	893.298326	22.599644	0.000097	91.450622	3.8
238	874.170094	22.678298	0.000097	62.637902	2.8
239	908.265137	22.680483	0.000097	109.215859	2.9
240	896.583346	22.691399	0.000097	59.922885	2.8
241	893.342826	22.684741	0.000097	109.303473	4.9
242	897.747429	22.677460	0.000097	211.425634	2.8
243	896.569773	23.614205	0.000095	83.386834	6.2
244	911.655498	24.308830	0.000093	60.068290	2.1
245	913.911333	24.301576	0.000093	53.230123	5.2
246	909.224601	24.299415	0.000093	67.773075	4.8
247	918.493996	24.296094	0.000093	69.182133	4.4
248	904.866097	24.291459	0.000093	38.625496	3.2
249	902.596054	24.289735	0.000093	64.680779	3.1
250	927.370626	24.285144	0.000093	26.722866	3.5
251	873.348083	24.285798	0.000093	46.975965	4.6
252	889.141013	24.284418	0.000093	55.758088	3.3
253	911.335276	24.288374	0.000093	116.680231	3.7
254	894.329074	24.323959	0.000093	85.947481	4.0
255	895.627963	24.382480	0.000093	33.383608	3.9
256	901.237456	24.380752	0.000093	55.249383	3.0
257	910.643233	24.383730	0.000093	63.768117	3.2
258	891.008362	24.382963	0.000093	25.773128	6.3
259	889.167562	24.381324	0.000093	55.125686	2.7
260	912.143893	24.380381	0.000093	40.478738	2.6
261	904.786421	24.376768	0.000093	88.795702	2.8
262	889.474609	24.371873	0.000093	93.860662	3.6
263	910.782350	24.424854	0.000093	60.706918	3.2
264	910.448308	24.416507	0.000093	74.924518	5.2
265	882.441581	24.440135	0.000093	67.077558	5.0
266	904.051424	24.466691	0.000093	36.232870	4.8
267	903.882727	24.472488	0.000093	74.551035	4.7
268	903.955796	24.469963	0.000093	35.096995	5.2
269	896.783040	24.465112	0.000093	88.675439	5.1
270	881.384650	24.470819	0.000093	30.953506	4.6
271	909.748183	24.474098	0.000093	39.616295	4.6
272	905.334669	24.472024	0.000093	47.730448	4.5
273	919.751833	24.475407	0.000093	52.613958	3.4
274	886.840656	24.474273	0.000093	56.994673	3.5
275	887.522975	24.480757	0.000093	49.804541	3.3
276	895.454967	24.489567	0.000093	30.471987	6.6
277	908.469133	24.487615	0.000093	46.597486	3.0
278	892.565585	24.485682	0.000093	62.642473	3.8
279	892.335298	24.479795	0.000093	109.313137	4.0
280	886.892547	24.501911	0.000093	84.251967	3.2
281	906.570535	24.547583	0.000093	36.802000	2.9
282	908.966991	24.551600	0.000093	139.519455	3.0
283	908.226317	24.561069	0.000093	144.872809	2.9
284	892.525903	25.388709	0.000091	43.945077	4.8
285	904.050094	25.419058	0.000091	41.962183	4.8
286	903.589242	25.418602	0.000091	38.832017	4.5
287	905.586823	25.422354	0.000091	56.052431	4.7
288	885.685756	25.417358	0.000091	63.226954	3.7
289	896.968616	25.410560	0.000091	76.331692	4.9
290	899.279726	25.433510	0.000091	70.774378	5.9
291	891.616379	25.426340	0.000091	74.619274	4.0
292	909.037445	25.435241	0.000091	54.346900	3.7
293	902.207313	25.447623	0.000091	50.247505	3.8
294	898.592638	25.455210	0.000091	55.311600	5.1
295	892.785799	25.450309	0.000091	29.182463	5.1
296	878.167468	25.447644	0.000091	138.656354	4.9
297	892.661144	25.450664	0.000091	98.643544	2.9
298	900.669918	25.675075	0.000091	80.373283	2.8
299	885.760527	25.669556	0.000091	54.007955	2.8
300	914.597708	25.669360	0.000091	55.853834	3.6
301	911.362383	25.674529	0.000091	34.392558	8.2
302	899.918089	25.673620	0.000091	98.984307	4.9
303	906.700678	25.670108	0.000091	67.962176	4.8
304	903.939259	25.673887	0.000091	94.725259	4.7
305	905.371516	25.689622	0.000091	100.845564	5.4
306	890.555347	25.683578	0.000091	96.624155	4.9
307	914.628269	25.842222	0.000090	46.179421	4.9
308	899.567525	25.842097	0.000090	49.820783	5.9
309	908.163742	25.847821	0.000090	99.295283	4.2
310	885.772116	25.862109	0.000090	72.814967	3.9
311	880.398187	25.914930	0.000090	55.331170	3.8
312	910.501214	25.919733	0.000090	91.154633	4.0
313	904.377358	25.918174	0.000090	46.096152	3.7
314	897.576643	25.925060	0.000090	68.434076	3.5
315	913.216789	25.925266	0.000090	144.416970	3.1
316	875.292670	26.082212	0.000090	110.841876	4.1
317	894.815047	26.647663	0.000089	61.352246	3.4
318	902.861423	26.684088	0.000089	35.067620	3.8
319	894.112983	26.680283	0.000089	49.822819	4.7
320	908.328086	26.678500	0.000089	98.408133	4.7
321	900.821183	26.671007	0.000089	99.109657	4.8
322	900.511979	26.808233	0.000088	78.629916	3.6
323	878.963498	26.824227	0.000088	74.033881	4.2
324	912.003397	26.816571	0.000088	34.798301	3.8
325	892.457722	26.816935	0.000088	71.216427	3.6
326	904.454510	26.820482	0.000088	114.270429	4.0
327	882.585075	26.879972	0.000088	83.249367	3.9
328	907.779040	26.877888	0.000088	113.385345	4.3
329	893.252686	26.888274	0.000088	43.999301	5.2
330	888.617078	26.896160	0.000088	33.626032	4.2
331	884.731069	26.892396	0.000088	86.879357	2.4
332	905.275477	26.896351	0.000088	32.318799	2.8
333	909.445503	26.904420	0.000088	37.232981	2.9
334	894.648734	26.905347	0.000088	43.851161	2.8
335	890.046005	26.901368	0.000088	42.231517	3.5
336	886.167756	26.901035	0.000088	75.888125	2.6
337	902.293178	26.904308	0.000088	47.323340	5.0
338	908.126140	26.905526	0.000088	54.166560	4.4
339	920.883921	26.908447	0.000088	37.770249	2.4
340	909.786104	26.906991	0.000088	90.711975	3.0
341	897.944340	26.917564	0.000088	108.229863	2.1
342	906.063199	27.035174	0.000088	51.295757	3.4
343	895.163987	27.053483	0.000088	48.881640	3.2
344	885.768993	27.052841	0.000088	87.828602	4.3
345	896.535604	27.048124	0.000088	101.214647	2.9
346	875.557620	27.170045	0.000088	45.766170	4.6
347	884.012873	27.186218	0.000088	32.473669	2.1
348	889.682721	27.182279	0.000088	34.108327	2.6
349	906.012012	27.182314	0.000088	58.895407	3.4
350	908.981459	27.182791	0.000088	65.638526	4.3
351	896.805008	27.197470	0.000088	57.220951	4.9
352	890.980183	27.207445	0.000088	45.742944	3.7
353	897.718161	27.213039	0.000088	35.759808	4.4
354	901.315807	27.209126	0.000088	70.344279	4.3
355	914.579695	27.211145	0.000088	72.773474	5.7
356	888.567519	27.202620	0.000088	101.818889	4.9
357	890.832773	27.276385	0.000088	95.853740	5.6
358	895.284776	27.271976	0.000088	42.550841	6.0
359	903.725471	27.276632	0.000088	54.376742	5.5
360	890.923315	27.274684	0.000088	83.770237	4.6
361	916.485700	27.281980	0.000088	68.866866	4.3
362	896.426382	27.320024	0.000087	21.713527	5.1
363	905.961126	27.320162	0.000087	94.088338	5.5
364	893.675147	27.318068	0.000088	56.452019	5.0
365	890.585549	27.333892	0.000087	30.099863	3.9
366	875.462049	27.334361	0.000087	64.702383	5.0
367	891.254929	27.338209	0.000087	90.890041	5.8
368	906.030487	27.374835	0.000087	79.543873	5.0
369	882.287470	27.369836	0.000087	70.249887	4.4
370	891.833876	27.406577	0.000087	102.558171	4.5
371	895.408436	27.413794	0.000087	60.121701	3.3
372	901.560861	27.442094	0.000087	54.894670	3.3
373	917.869600	27.438247	0.000087	116.060046	5.5
374	898.213414	27.445457	0.000087	63.925503	3.0
375	892.304800	27.482519	0.000087	25.333979	3.2
376	854.654545	27.481360	0.000087	78.977424	3.6
377	902.809714	27.479861	0.000087	51.167999	4.7
378	893.061700	27.473411	0.000087	43.856787	2.9
379	878.955831	27.473508	0.000087	86.684708	3.2
380	898.323107	27.466650	0.000087	38.490620	4.6
381	886.698343	27.476138	0.000087	82.235126	3.3
382	875.426017	27.470744	0.000087	74.099532	3.1
383	886.828693	27.478598	0.000087	54.663514	2.9
384	896.782350	27.471341	0.000087	80.831577	5.5
385	911.336413	27.488881	0.000087	79.462106	2.6
386	906.175796	27.502256	0.000087	60.830619	5.2
387	902.165029	27.515087	0.000087	34.536709	5.0
388	887.297948	27.520212	0.000087	53.563932	5.0
389	918.095388	27.523155	0.000087	78.105857	3.5
390	900.002903	27.527088	0.000087	165.332588	4.7
391	917.471735	27.828818	0.000087	110.615010	4.6
392	910.300161	27.818422	0.000087	131.289381	4.7
393	881.219408	28.085751	0.000086	25.479714	4.3
394	911.744818	28.090795	0.000086	75.240289	3.6
395	888.529043	28.093652	0.000086	125.432519	4.0
396	886.066593	28.103506	0.000086	92.997197	3.3
397	898.997671	28.245171	0.000086	94.183846	3.3
398	896.082061	28.266570	0.000086	124.128254	6.3
399	889.400211	28.356887	0.000086	108.241235	3.3
400	881.327878	28.515462	0.000085	80.866420	3.2
401	878.254062	28.531342	0.000085	104.336349	3.4
402	891.084654	28.542772	0.000085	52.829300	5.0
403	895.795371	28.557006	0.000085	60.045490	5.0
404	896.059680	28.566270	0.000085	109.359085	7.3
405	912.241313	28.562460	0.000085	63.124421	5.2
406	905.912897	28.561792	0.000085	28.802960	4.7
407	899.709668	28.560590	0.000085	77.012954	4.1
408	904.060462	28.564529	0.000085	79.692866	3.9
409	886.333366	28.587143	0.000085	72.137859	3.7
410	910.103274	28.579077	0.000085	28.504673	3.1
411	898.433890	28.580604	0.000085	28.913855	3.2
412	876.174081	28.579211	0.000085	76.910904	3.7
413	889.402622	28.585814	0.000085	108.580123	3.2
414	889.074354	28.651702	0.000085	80.795120	2.8
415	905.226606	28.685893	0.000085	86.664492	3.7
416	893.614427	28.717751	0.000085	80.651638	2.8
417	914.086928	28.709246	0.000085	113.151334	2.7
418	888.685484	28.701072	0.000085	93.154557	2.8
419	882.475772	28.883612	0.000085	71.653133	3.0
420	899.944403	28.874312	0.000085	45.733601	4.6
421	901.639892	28.870008	0.000085	85.463718	4.0
422	900.819296	28.874846	0.000085	32.355556	4.4
423	899.806349	28.883073	0.000085	33.095121	2.6
424	890.513259	28.881403	0.000085	106.464630	2.8
425	886.739298	28.882730	0.000085	41.880194	4.1
426	892.156245	28.875744	0.000085	35.203432	3.2
427	900.461594	28.872745	0.000085	54.395199	4.4
428	884.786036	28.868288	0.000085	60.327890	3.1
429	904.233672	28.875823	0.000085	51.165637	3.2
430	899.530245	28.886075	0.000085	38.464789	4.1
431	874.976039	28.892332	0.000085	61.341292	3.7
432	915.233155	28.899216	0.000085	113.120817	3.3
433	869.966378	28.900337	0.000085	57.622618	2.5
434	898.153356	28.910380	0.000085	58.409612	2.6
435	862.791606	28.903532	0.000085	34.080954	3.2
436	897.887491	28.903649	0.000085	50.275868	5.2
437	882.258152	28.902948	0.000085	23.560767	3.0
438	904.514993	28.903561	0.000085	68.318581	2.8
439	895.502976	28.904709	0.000085	33.094996	5.0
440	885.463337	28.901062	0.000085	65.528382	5.1
441	879.993760	28.903064	0.000085	86.729643	5.2
442	915.551494	28.907890	0.000085	57.544501	5.1
443	879.215152	28.937051	0.000085	46.082627	2.8
444	900.613177	28.934050	0.000085	40.563351	7.5
445	875.849946	28.931149	0.000085	82.405948	5.1
446	887.614109	28.933379	0.000085	34.052190	5.1
447	901.251884	28.938847	0.000085	32.025115	8.0
448	901.426870	28.935867	0.000085	49.149122	5.3
449	925.853315	28.932253	0.000085	54.120775	5.1
450	890.356112	28.937520	0.000085	54.527459	4.1
451	900.471732	28.935719	0.000085	59.322070	3.9
452	899.972217	28.932052	0.000085	51.805202	3.9
453	878.409535	28.926279	0.000085	22.844866	3.0
454	911.993531	28.927462	0.000085	107.982947	3.0
455	907.815099	28.923519	0.000085	77.512833	3.5
456	882.990239	28.957683	0.000085	44.656447	2.4
457	883.758333	28.959401	0.000085	47.099103	2.3
458	908.690244	28.964818	0.000085	38.413157	2.3
459	895.941303	28.965104	0.000085	63.565571	2.3
460	890.560640	28.966512	0.000085	40.569194	2.0
461	877.016524	28.971870	0.000085	35.989263	2.0
462	909.715279	28.969497	0.000085	85.825414	2.5
463	884.747027	28.965671	0.000085	79.054028	2.0
464	890.619542	28.988689	0.000085	64.193935	2.2
465	893.181073	28.982942	0.000085	40.093289	2.6
466	894.620957	28.984154	0.000085	33.663705	2.4
467	886.151497	28.981023	0.000085	16.186960	2.0
468	907.926610	28.980270	0.000085	39.254066	3.4
469	881.573152	28.979010	0.000085	112.725665	2.0
470	897.197599	28.992326	0.000085	103.633244	2.5
471	895.479134	29.129667	0.000084	61.518507	2.0
472	885.632636	29.170435	0.000084	31.373569	3.0
473	897.016426	29.171939	0.000084	83.736016	5.9
474	900.320361	29.173144	0.000084	78.595518	5.2
475	882.320902	29.234362	0.000084	50.402923	2.2
476	899.152000	29.234349	0.000084	47.337128	3.0
477	894.520175	29.228741	0.000084	87.619654	3.1
478	880.727548	29.221055	0.000084	47.111886	4.0
479	904.667521	29.215136	0.000084	119.318204	2.5
480	881.938374	29.214325	0.000084	111.308548	2.5
481	905.258898	29.226102	0.000084	103.659574	3.3
482	886.704949	29.226954	0.000084	71.893030	3.7
483	886.506739	29.231141	0.000084	133.692578	4.2
484	896.485689	29.230272	0.000084	70.526035	3.2
485	884.814916	29.380159	0.000084	34.147947	4.3
486	888.726328	29.385349	0.000084	91.393009	4.2
487	917.960259	29.392012	0.000084	51.101793	4.1
488	897.703098	29.402452	0.000084	70.887010	3.8
489	903.910856	29.417899	0.000084	45.964260	2.9
490	909.132727	29.421699	0.000084	60.886538	2.8
491	877.219844	29.425831	0.000084	69.155706	5.6
492	893.901898	29.449008	0.000084	57.148559	2.6
493	879.623783	29.454409	0.000084	17.577703	2.6
494	878.702519	29.453595	0.000084	131.471120	3.6
495	905.324253	29.455866	0.000084	41.682157	2.5
496	885.983157	29.448476	0.000084	58.506669	2.7
497	895.549495	29.454149	0.000084	40.033982	2.5
498	898.965009	29.448735	0.000084	32.618087	4.5
499	901.008756	29.450637	0.000084	39.739444	4.7
500	870.403861	29.449546	0.000084	81.274251	5.6
501	884.304401	29.447370	0.000084	79.276202	4.7
502	895.931132	29.451443	0.000084	38.996552	5.6
503	893.009844	29.458672	0.000084	23.771010	3.4
504	896.381623	29.457913	0.000084	56.825900	3.3
505	897.182215	29.458186	0.000084	41.179272	4.0
506	898.218681	29.459421	0.000084	89.973577	3.1
507	873.597822	29.455194	0.000084	41.960937	3.0
508	886.155397	29.454654	0.000084	87.834563	4.1
509	885.628820	29.457970	0.000084	85.243372	3.7
510	889.095064	29.462856	0.000084	106.046866	2.9
511	913.091310	29.588810	0.000084	89.684527	4.2
512	890.560341	29.720153	0.000083	36.991669	3.4
513	891.614021	29.723846	0.000083	36.836673	2.7
514	869.628835	29.725540	0.000083	28.604289	3.9
515	916.442078	29.722670	0.000083	116.436477	3.3
516	912.879864	29.726704	0.000083	44.483977	2.6
517	913.816243	29.731979	0.000083	41.605842	2.5
518	868.095874	29.729845	0.000083	72.397961	2.6
519	865.512597	29.735764	0.000083	109.227370	3.9
520	894.716378	29.726271	0.000083	98.998712	3.5
521	878.864308	29.844268	0.000083	56.551027	4.6
522	894.701310	29.844956	0.000083	86.986524	4.7
523	899.688902	29.857601	0.000083	58.625384	4.7
524	892.797413	29.881274	0.000083	46.661885	3.0
525	893.497837	29.883581	0.000083	61.338201	3.7
526	878.375417	29.881464	0.000083	59.870528	3.6
527	885.688832	29.876869	0.000083	85.855309	3.8
528	900.363740	29.874171	0.000083	45.081306	3.2
529	899.070473	29.873424	0.000083	101.631290	2.9
530	889.962323	29.871559	0.000083	65.325723	3.7
531	907.732979	29.890481	0.000083	69.336294	2.8
532	884.626410	29.900264	0.000083	87.745738	3.7
533	893.341360	29.902093	0.000083	55.943824	2.4
534	906.933259	29.909592	0.000083	65.026511	2.5
535	878.384239	29.905296	0.000083	43.888598	4.9
536	874.104576	29.908289	0.000083	38.772056	6.0
537	905.393633	29.907976	0.000083	44.116308	4.9
538	893.742444	29.912498	0.000083	48.849909	5.3
539	887.420694	29.909396	0.000083	69.280458	4.2
540	896.218043	29.913779	0.000083	33.596688	4.3
541	878.188507	29.911381	0.000083	51.367732	4.9
542	886.084475	29.910399	0.000083	68.374082	5.0
543	911.284042	29.907872	0.000083	61.446776	4.6
544	897.807411	29.931165	0.000083	59.231603	5.0
545	877.861269	29.925746	0.000083	72.057066	4.6
546	891.291539	29.942798	0.000083	48.322914	3.9
547	887.180132	29.951901	0.000083	66.752073	4.8
548	902.251310	29.959101	0.000083	66.796450	4.8
549	894.082616	29.957859	0.000083	15.920260	4.9
550	928.758333	29.958382	0.000083	65.813568	5.1
551	896.952133	29.958725	0.000083	37.708405	5.1
552	890.870738	29.964703	0.000083	86.335028	2.9
553	913.672144	29.964074	0.000083	90.190103	3.2
554	886.054829	30.009599	0.000083	88.862332	3.5
555	893.392190	30.000440	0.000083	83.510096	3.5
556	884.368895	30.085686	0.000083	47.006559	3.5
557	904.790123	30.088371	0.000083	79.231645	3.0
558	887.338022	30.081979	0.000083	56.781096	3.8
559	874.919421	30.095562	0.000083	44.357532	4.3
560	909.942841	30.090797	0.000083	31.870380	4.2
561	901.198510	30.092250	0.000083	76.075686	3.4
562	892.139987	30.088302	0.000083	64.496816	4.6
563	867.773290	30.107692	0.000083	25.566612	3.1
564	880.494260	30.103805	0.000083	78.882957	4.5
565	890.069335	30.105050	0.000083	44.062605	3.1
566	872.948655	30.122592	0.000083	57.862691	3.1
567	900.149580	30.125206	0.000083	75.351540	3.0
568	887.701281	30.149932	0.000083	23.612808	3.1
569	884.399739	30.152803	0.000083	70.314023	4.6
570	876.119743	30.149715	0.000083	63.638264	3.1
571	887.490983	30.164731	0.000083	23.957200	3.3
572	889.926003	30.163601	0.000083	91.924204	4.8
573	873.539983	30.164844	0.000083	24.571864	3.7
574	873.303337	30.162677	0.000083	27.092759	5.1
575	887.991644	30.160878	0.000083	76.323221	3.4
576	899.500271	30.156562	0.000083	85.252786	3.6
577	876.055606	30.190488	0.000083	67.223068	3.3
578	903.443754	30.183019	0.000083	59.233374	3.7
579	899.966552	30.192123	0.000083	35.081722	2.9
580	903.238497	30.196659	0.000083	89.009417	3.7
581	887.058989	30.196523	0.000083	127.694265	4.4
582	887.088981	30.459570	0.000082	86.463692	3.8
583	897.460069	30.693780	0.000082	86.866012	3.6
584	883.336155	30.782216	0.000082	99.780855	2.4
585	902.021924	30.886941	0.000081	80.402988	2.4
586	892.564052	30.960354	0.000081	66.971394	2.5
587	894.893146	30.989789	0.000081	89.511898	3.4
588	888.739185	31.031421	0.000081	49.456619	2.1
589	890.668197	31.058064	0.000081	53.954993	3.2
590	897.338106	31.052307	0.000081	33.577561	5.4
591	899.724509	31.053829	0.000081	55.574105	5.0
592	886.615205	31.057389	0.000081	30.039282	4.9
593	876.862490	31.059417	0.000081	63.083571	8.0
594	917.015066	31.058245	0.000081	71.588215	4.8
595	912.731625	31.062489	0.000081	50.065105	4.9
596	902.288455	31.056460	0.000081	38.422396	6.4
597	892.313018	31.057403	0.000081	37.025635	4.9
598	901.825213	31.060796	0.000081	82.874521	4.5
599	889.521542	31.058966	0.000081	18.803742	3.7
600	891.113224	31.061218	0.000081	22.449316	3.6
601	906.572643	31.061007	0.000081	26.921406	3.6
602	896.069349	31.061737	0.000081	51.569125	4.8
603	878.722325	31.059951	0.000081	133.225526	3.3
604	883.112777	31.096501	0.000081	80.843888	3.8
605	908.195343	31.130138	0.000081	54.370480	5.0
606	890.439970	31.138372	0.000081	27.324995	3.5
607	863.738870	31.139609	0.000081	75.931379	4.1
608	889.328622	31.139163	0.000081	30.689404	2.7
609	901.316328	31.137246	0.000081	35.721296	4.2
610	898.281878	31.134083	0.000081	58.435998	2.7
611	877.159377	31.135212	0.000081	67.278672	5.1
612	891.060264	31.154553	0.000081	59.131997	4.6
613	905.267476	31.147277	0.000081	82.270860	4.2
614	887.761845	31.177368	0.000081	42.892020	6.4
615	881.614109	31.170525	0.000081	87.680526	2.7
616	888.415962	31.171861	0.000081	66.943891	2.8
617	886.100062	31.165428	0.000081	130.760422	2.5
618	889.176768	31.218326	0.000081	30.840461	2.9
619	923.739505	31.213439	0.000081	123.595472	4.5
620	886.456622	31.219328	0.000081	115.990811	3.0
621	892.120614	31.516812	0.000081	123.668266	2.9
622	871.397979	31.506462	0.000081	101.918716	3.3
623	924.616158	31.842101	0.000080	98.599944	3.1
624	890.242006	31.832384	0.000080	57.975153	4.9
625	890.537184	31.863798	0.000080	93.531924	3.3
626	908.187725	31.871563	0.000080	76.479662	3.3
627	879.616866	31.878075	0.000080	59.308200	3.5
628	918.294151	31.899273	0.000080	76.114888	3.7
629	887.907055	31.896996	0.000080	74.985737	3.2
630	890.462416	31.898368	0.000080	95.089577	3.2
631	866.997364	31.896066	0.000080	48.906587	2.7
632	881.775714	31.894890	0.000080	43.416874	2.7
633	903.548886	31.890145	0.000080	100.278286	4.3
634	886.586203	31.896935	0.000080	37.506132	5.0
635	872.883615	31.893447	0.000080	135.817780	4.2
636	887.402837	31.904587	0.000080	79.954507	3.0
637	870.453725	31.935926	0.000080	64.208848	2.8
638	886.111232	31.938170	0.000080	49.256910	3.0
639	898.307160	31.933886	0.000080	75.338026	2.9
640	881.747175	31.942174	0.000080	39.083415	3.0
641	894.575407	31.936513	0.000080	62.686618	4.8
642	913.331610	31.931522	0.000080	80.449485	2.7
643	877.407558	31.927697	0.000080	43.617120	2.6
644	893.411469	31.929151	0.000080	63.495479	6.2
645	905.154849	31.924722	0.000080	125.537185	9.3
646	868.560098	31.989282	0.000080	156.376246	3.7
647	898.873886	32.790564	0.000079	59.302838	4.9
648	891.778576	32.823467	0.000079	71.212176	4.8
649	909.417035	32.826482	0.000079	94.315124	4.4
650	876.072264	32.822579	0.000079	65.384253	3.5
651	893.634093	32.835932	0.000079	56.487602	3.6
652	905.309041	32.834404	0.000079	34.258782	3.3
653	893.077455	32.835315	0.000079	46.270519	5.9
654	904.849300	32.838497	0.000079	57.236234	5.1
655	876.044443	32.836076	0.000079	79.756424	5.3
656	902.858727	32.846646	0.000079	71.847043	4.7
657	881.256180	32.863454	0.000078	59.931712	4.0
658	899.107258	32.881249	0.000078	97.567847	4.2
659	896.731164	32.879972	0.000078	64.566767	3.6
660	884.210603	32.884532	0.000078	100.047548	3.5
661	892.562962	32.876317	0.000078	57.910416	4.7
662	891.927036	32.886526	0.000078	34.384673	4.7
663	875.339974	32.892679	0.000078	26.654497	4.7
664	882.027375	32.891505	0.000078	56.173191	4.7
665	852.580338	32.890578	0.000078	71.447182	4.1
666	922.219535	32.884508	0.000078	91.446057	3.6
667	883.467804	32.911133	0.000078	73.113062	3.8
668	896.557471	32.902317	0.000078	87.450585	2.9
669	903.880797	32.921779	0.000078	33.709847	3.0
670	883.528569	32.928335	0.000078	43.750040	3.0
671	878.179937	32.925151	0.000078	89.167745	4.4
672	914.764714	32.923187	0.000078	84.533732	2.8
673	891.679749	32.951277	0.000078	24.756670	2.7
674	883.536597	32.947184	0.000078	42.989140	7.7
675	884.665279	32.944566	0.000078	25.032497	2.3
676	903.184360	32.946667	0.000078	42.343712	2.5
677	907.055988	32.943832	0.000078	33.225118	2.7
678	869.181742	32.946515	0.000078	35.110577	5.3
679	884.332591	32.947872	0.000078	46.428931	3.0
680	898.429911	32.949391	0.000078	94.882850	3.0
681	895.280623	32.963493	0.000078	73.608467	3.1
682	900.617313	33.029757	0.000078	57.401516	3.0
683	888.614637	33.027207	0.000078	57.753049	2.5
684	895.884313	33.043848	0.000078	61.464374	2.7
685	901.477186	33.038134	0.000078	13.340587	2.5
686	886.062732	33.037355	0.000078	44.949288	4.6
687	879.116365	33.036448	0.000078	53.109088	4.9
688	900.358596	33.039818	0.000078	43.598845	4.7
689	911.913081	33.046976	0.000078	73.167029	5.2
690	901.066624	33.059402	0.000078	103.045214	4.0
691	862.327646	33.088869	0.000078	58.160331	3.0
692	888.516214	33.103271	0.000078	59.750878	3.1
693	891.630224	33.100983	0.000078	45.022306	3.0
694	875.756387	33.112224	0.000078	46.884758	4.1
695	890.142413	33.116717	0.000078	42.692127	4.6
696	876.021880	33.120920	0.000078	33.505793	4.6
697	888.782271	33.120573	0.000078	60.455898	4.6
698	902.899472	33.121517	0.000078	26.668534	5.5
699	891.001372	33.124851	0.000078	24.010468	3.6
700	900.551258	33.123137	0.000078	48.103200	3.5
701	900.539307	33.122417	0.000078	92.246049	3.5
702	883.724072	33.123811	0.000078	92.571213	3.2
703	877.259528	33.138374	0.000078	96.378603	3.6
704	887.926826	33.182512	0.000078	34.808371	3.7
705	895.476785	33.177502	0.000078	34.670054	3.9
706	885.884190	33.174645	0.000078	52.884594	2.7
707	883.515660	33.172932	0.000078	114.704098	2.6
708	894.087182	33.164060	0.000078	73.734538	5.2
709	890.415658	33.279142	0.000078	45.585019	3.1
710	880.740628	33.273301	0.000078	25.705643	2.5
711	874.540531	33.271727	0.000078	95.433111	2.8
712	888.730886	33.268342	0.000078	77.206835	2.6
713	883.677411	33.268739	0.000078	76.341594	6.4
714	894.221977	33.262747	0.000078	78.145855	3.1
715	886.652274	33.290267	0.000078	60.049029	4.8
716	896.979907	33.294216	0.000078	66.396482	5.5
717	896.905267	33.308939	0.000078	43.543592	4.9
718	853.854996	33.311040	0.000078	54.614833	4.9
719	876.862181	33.307979	0.000078	48.825234	4.4
720	881.862476	33.312815	0.000078	60.251930	4.9
721	886.105960	33.313992	0.000078	51.065240	3.6
722	909.120882	33.316811	0.000078	101.713133	3.6
723	876.728020	33.313916	0.000078	114.624825	4.1
724	866.557586	33.412627	0.000078	123.780104	3.2
725	897.047273	33.402416	0.000078	32.697725	3.1
726	897.065410	33.401502	0.000078	128.759882	3.2
727	875.658553	33.402532	0.000078	86.443151	2.5
728	892.203608	33.419803	0.000078	60.984692	4.4
729	879.062065	33.418200	0.000078	107.866663	2.5
730	886.295441	33.431770	0.000078	145.238575	3.2
731	883.643431	33.851924	0.000077	36.767663	3.9
732	880.551637	33.855507	0.000077	34.592998	4.7
733	869.804976	33.853761	0.000077	43.115727	4.6
734	881.901344	33.856629	0.000077	62.661363	4.4
735	885.770235	33.850530	0.000077	45.183288	3.4
736	918.376182	33.849512	0.000077	47.404247	3.4
737	901.128038	33.846672	0.000077	30.347161	4.1
738	885.645893	33.847646	0.000077	64.803042	6.7
739	891.301001	33.846112	0.000077	51.406072	3.1
740	873.958217	33.842297	0.000077	61.211903	3.3
741	864.036162	33.835677	0.000077	79.076456	3.2
742	895.448264	33.834506	0.000077	62.366716	3.0
743	887.303372	33.851120	0.000077	54.444478	4.3
744	893.740290	33.845756	0.000077	67.254616	2.6
745	870.235441	33.853941	0.000077	18.851277	2.6
746	880.472832	33.853594	0.000077	34.238008	6.9
747	883.965647	33.854315	0.000077	34.205915	3.9
748	894.851956	33.852116	0.000077	76.941608	3.7
749	885.051061	33.856241	0.000077	58.417426	2.6
750	858.909978	33.854573	0.000077	50.410718	3.6
751	876.004036	33.863728	0.000077	58.853569	2.3
752	896.954384	33.867839	0.000077	41.473519	5.0
753	897.971456	33.870425	0.000077	149.857706	4.3
754	901.472659	33.864814	0.000077	102.608599	3.2
755	892.435789	33.869147	0.000077	47.799922	3.2
756	882.314067	33.867424	0.000077	72.376507	3.2
757	894.190865	33.868115	0.000077	94.337223	3.2
758	886.797395	33.900499	0.000077	33.645569	3.2
759	887.823552	33.893942	0.000077	58.198709	2.7
760	865.344679	33.893605	0.000077	115.375618	2.7
761	887.193307	33.897363	0.000077	31.544426	4.7
762	885.470486	33.914471	0.000077	67.990819	3.7
763	889.722409	33.922443	0.000077	138.494699	3.8
764	881.853253	34.023050	0.000077	105.277368	3.9
765	897.670444	34.555083	0.000076	70.480933	3.5
766	907.541174	34.614428	0.000076	24.019787	2.3
767	899.925180	34.613528	0.000076	45.336596	2.5
768	883.552227	34.614282	0.000076	58.621198	3.9
769	886.578573	34.615889	0.000076	41.673413	7.5
770	900.475913	34.619199	0.000076	57.202296	2.6
771	889.777313	34.614978	0.000076	62.300507	2.5
772	881.079131	34.624823	0.000076	78.193950	2.5
773	899.909049	34.622309	0.000076	34.484957	8.8
774	889.101443	34.618807	0.000076	72.892892	4.0
775	883.471589	34.626911	0.000076	46.551524	3.2
776	893.205221	34.625066	0.000076	105.908595	2.8
777	919.838580	34.652104	0.000076	65.833146	2.7
778	899.724601	34.642717	0.000076	66.177521	2.0
779	864.686635	34.645120	0.000076	65.276092	5.3
780	872.498218	34.659441	0.000076	97.853581	3.9
781	893.161353	34.653516	0.000076	84.988995	5.2
782	868.200904	34.652607	0.000076	112.401905	4.6
783	883.026947	34.656966	0.000076	50.912443	4.6
784	879.276911	34.664975	0.000076	72.029677	4.2
785	881.002585	34.667462	0.000076	104.324943	5.1
786	889.718624	34.736716	0.000076	76.977043	6.6
787	912.546751	34.825810	0.000076	61.187432	5.5
788	894.186322	34.819412	0.000076	38.539528	5.9
789	883.646705	34.815150	0.000076	79.109261	5.1
790	891.990064	34.808584	0.000076	56.743219	4.2
791	909.260792	34.820046	0.000076	54.384651	4.3
792	884.572541	34.825514	0.000076	65.909587	5.1
793	900.928431	34.838705	0.000076	28.092817	5.5
794	890.981449	34.835116	0.000076	108.905102	4.7
795	888.872549	34.832485	0.000076	52.819859	4.2
796	881.191220	34.845985	0.000076	57.945919	2.3
797	891.308457	34.852424	0.000076	30.015492	2.5
798	884.528963	34.849958	0.000076	109.703649	3.7
799	886.995095	34.849762	0.000076	37.672140	3.6
800	887.285307	34.854681	0.000076	73.740064	2.6
801	887.701256	34.857414	0.000076	61.485562	3.5
802	884.819846	34.885814	0.000076	55.716529	2.5
803	881.787081	34.893557	0.000076	23.871984	3.6
804	889.914420	34.893677	0.000076	101.337317	2.9
805	879.840037	34.890620	0.000076	110.342346	3.3
806	881.598687	35.132166	0.000075	77.097674	3.0
807	875.653933	35.136785	0.000075	46.379103	3.8
808	886.041266	35.131238	0.000075	68.876849	4.8
809	878.702927	35.143969	0.000075	75.138829	3.4
810	867.664718	35.166015	0.000075	89.257991	3.3
811	865.433281	35.216818	0.000075	24.486515	4.0
812	880.280185	35.216816	0.000075	91.571062	4.4
813	878.540263	35.217937	0.000075	143.108167	4.4
814	875.257770	35.295676	0.000075	33.569828	4.1
815	905.745260	35.302423	0.000075	71.878870	3.2
816	899.782625	35.298146	0.000075	59.407909	4.4
817	908.917026	35.318980	0.000075	65.092771	3.2
818	885.352158	35.317140	0.000075	66.403784	4.2
819	890.396754	35.341255	0.000075	47.149793	3.2
820	869.984045	35.335068	0.000075	52.795916	4.6
821	900.097485	35.332329	0.000075	35.380596	5.7
822	904.406707	35.335427	0.000075	19.864686	5.4
823	886.742134	35.334414	0.000075	28.321270	4.9
824	875.320404	35.334031	0.000075	86.130099	5.1
825	894.719838	35.339404	0.000075	52.032673	4.8
826	893.742934	35.331690	0.000075	68.402759	3.8
827	889.387608	35.334735	0.000075	54.252151	4.2
828	907.665278	35.329480	0.000075	52.562888	3.5
829	887.863919	35.339739	0.000075	55.880233	2.8
830	893.509817	35.348106	0.000075	57.437889	2.8
831	881.975878	35.342489	0.000075	100.115629	5.0
832	895.068706	35.335097	0.000075	49.375439	6.0
833	866.526414	35.342950	0.000075	101.053776	3.4
834	884.776209	35.339427	0.000075	68.040747	3.7
835	903.293808	35.332058	0.000075	54.882545	5.7
836	913.963351	35.349499	0.000075	35.597199	5.9
837	904.806226	35.354381	0.000075	115.942136	5.3
838	928.812244	35.376033	0.000075	79.416443	5.2
839	916.025272	35.397863	0.000075	37.463094	5.1
840	911.934798	35.394819	0.000075	41.395899	4.9
841	882.888289	35.399410	0.000075	65.148607	5.0
842	881.759958	35.394279	0.000075	39.914887	4.8
843	884.871305	35.398079	0.000075	70.927897	4.3
844	883.119900	35.397768	0.000075	63.109667	3.3
845	900.339827	35.415515	0.000075	33.796066	4.4
846	893.739071	35.420586	0.000075	108.819493	3.2
847	896.751734	35.420333	0.000075	97.896899	3.3
848	891.413194	35.539838	0.000075	42.517817	4.1
849	887.401805	35.562036	0.000075	62.944691	4.4
850	890.715439	35.572631	0.000075	103.689397	3.3
851	868.341059	35.609264	0.000075	54.866858	4.3
852	889.707055	35.608729	0.000075	124.929049	4.5
853	891.124146	35.611112	0.000075	74.221585	3.5
854	893.821759	35.739332	0.000075	100.865212	4.8
855	894.938187	35.731952	0.000075	62.459520	3.6
856	862.432781	35.776484	0.000074	48.422591	3.7
857	903.736954	35.788256	0.000074	80.880444	3.7
858	885.688709	35.810269	0.000074	117.198289	3.4
859	901.569564	35.812577	0.000074	94.999026	4.1
860	892.667041	35.918287	0.000074	52.913668	3.9
861	888.866020	35.914617	0.000074	76.208101	4.6
862	895.604618	35.908023	0.000074	40.116225	4.4
863	871.075433	35.909046	0.000074	101.714823	3.8
864	884.522690	35.921268	0.000074	51.394987	3.9
865	875.566031	35.959803	0.000074	100.360098	3.9
866	884.548265	35.975485	0.000074	101.389190	3.2
867	865.105199	36.045061	0.000074	112.096725	4.0
868	889.478428	36.036311	0.000074	58.505972	3.1
869	887.725681	36.032880	0.000074	33.892039	3.0
870	909.135649	36.036070	0.000074	39.201032	2.9
871	888.356827	36.038090	0.000074	49.637293	4.3
872	870.473220	36.035492	0.000074	92.672504	3.6
873	890.123553	36.038336	0.000074	42.615666	3.0
874	881.049615	36.047761	0.000074	48.018493	4.9
875	887.172975	36.043508	0.000074	83.113639	4.8
876	892.237469	36.066981	0.000074	101.043533	4.8
877	895.737258	36.122723	0.000074	53.440623	4.6
878	874.808705	36.128405	0.000074	58.588707	5.3
879	874.212479	36.126745	0.000074	71.694337	6.4
880	872.997987	36.132454	0.000074	49.860943	3.9
881	880.982144	36.150360	0.000074	154.310628	4.6
882	885.049020	36.142395	0.000074	73.715057	3.9
883	892.826482	36.314872	0.000074	66.508566	3.7
884	905.570860	36.307814	0.000074	74.890716	3.6
885	897.172838	36.318722	0.000074	24.111350	4.8
886	896.351384	36.316166	0.000074	34.381178	4.0
887	869.400582	36.315652	0.000074	29.502534	2.9
888	877.265550	36.312891	0.000074	50.371364	3.1
889	889.191801	36.311609	0.000074	45.248746	2.8
890	885.779079	36.312482	0.000074	67.971026	4.0
891	895.652456	36.320755	0.000074	95.626354	4.8
892	888.279088	36.314148	0.000074	61.022846	5.5
893	884.263578	36.306868	0.000074	100.467421	5.0
894	879.734928	36.310231	0.000074	70.092646	2.5
895	888.211125	36.318680	0.000074	69.643902	2.7
896	892.352043	36.310276	0.000074	83.234446	5.1
897	900.497910	36.347589	0.000074	67.653186	4.9
898	881.789907	36.339302	0.000074	54.000170	4.3
899	884.518737	36.343771	0.000074	69.670849	4.7
900	889.327598	36.352059	0.000074	27.458585	3.8
901	879.635163	36.348475	0.000074	108.020640	4.7
902	931.605633	36.344286	0.000074	38.908501	3.1
903	898.943216	36.355588	0.000074	47.186479	3.0
904	894.845421	36.358602	0.000074	90.048923	2.8
905	878.895561	36.355097	0.000074	61.561254	2.9
906	892.544635	36.346408	0.000074	40.831619	3.6
907	900.691236	36.345492	0.000074	59.407826	3.6
908	882.855136	36.343208	0.000074	39.921218	2.4
909	866.790336	36.352787	0.000074	35.576207	3.7
910	884.954496	36.351512	0.000074	36.321357	2.8
911	890.504193	36.349618	0.000074	63.900681	2.6
912	896.415342	36.353299	0.000074	41.713698	2.5
913	877.532623	36.364088	0.000074	89.876209	3.5
914	883.833682	36.377922	0.000074	16.430499	5.2
915	874.692818	36.378765	0.000074	59.736106	2.7
916	876.122007	36.378065	0.000074	80.181230	2.8
917	898.930811	36.374489	0.000074	35.764545	5.1
918	870.083631	36.382669	0.000074	74.932123	5.4
919	881.611878	36.380353	0.000074	74.118872	4.6
920	882.050569	36.386208	0.000074	58.088581	3.3
921	868.013991	36.410891	0.000074	74.570753	3.7
922	908.125893	36.431400	0.000074	54.163522	3.7
923	867.429431	36.447927	0.000074	90.544273	3.7
924	897.591973	36.481832	0.000074	49.684167	3.8
925	899.505010	36.502159	0.000074	54.634116	3.5
926	895.975202	36.498985	0.000074	52.789251	5.8
927	894.406647	36.508506	0.000074	32.286406	5.5
928	895.007809	36.508930	0.000074	97.237076	5.1
929	865.461951	36.514885	0.000074	47.526242	6.4
930	877.856526	36.510668	0.000074	82.539385	6.2
931	893.986065	36.511727	0.000074	43.467232	5.1
932	902.282417	36.510843	0.000074	64.124616	6.2
933	886.824519	36.524083	0.000073	68.314821	6.6
934	872.388969	36.520240	0.000074	31.846626	5.4
935	884.282456	36.517787	0.000074	30.722673	5.4
936	902.615449	36.520119	0.000074	65.349580	5.5
937	890.384913	36.523488	0.000073	46.830709	5.2
938	886.335410	36.524004	0.000073	48.039948	5.1
939	906.744134	36.530026	0.000073	74.519739	5.2
940	896.234619	36.539234	0.000073	70.027534	4.8
941	885.163937	36.534112	0.000073	58.033568	4.4
942	884.266376	36.557353	0.000073	22.958734	4.0
943	905.665530	36.555906	0.000073	38.043008	5.4
944	873.316770	36.558193	0.000073	54.280868	5.2
945	909.542721	36.562660	0.000073	72.297388	4.7
946	896.569729	36.556261	0.000073	38.629730	5.5
947	898.046952	36.564937	0.000073	67.712202	5.8
948	893.742875	36.574023	0.000073	111.600442	5.1
949	874.797118	36.647004	0.000073	56.001703	6.4
950	875.843737	36.682519	0.000073	50.549944	4.7
951	881.636263	36.676709	0.000073	64.778285	4.7
952	878.560338	36.681994	0.000073	57.379764	5.9
953	874.642629	36.678071	0.000073	77.657563	4.9
954	874.503578	36.704642	0.000073	36.724346	3.1
955	891.487516	36.700929	0.000073	32.188434	3.0
956	877.495669	36.699155	0.000073	70.600449	4.6
957	919.479518	36.698306	0.000073	142.362002	5.3
958	881.100463	36.749209	0.000073	27.501655	2.9
959	867.783307	36.743995	0.000073	72.701392	3.1
960	866.607864	36.746835	0.000073	78.503698	3.2
961	871.600138	36.787581	0.000073	107.883161	3.2
962	879.188152	36.817726	0.000073	62.309476	2.8
963	895.347116	36.887189	0.000073	24.319363	4.5
964	879.657207	36.884555	0.000073	19.799527	2.6
965	876.362581	36.884452	0.000073	87.580734	2.7
966	895.300234	36.881247	0.000073	106.197470	2.8
967	911.966057	36.992433	0.000073	47.728348	2.6
968	900.381028	36.984933	0.000073	29.497156	6.0
969	907.912495	36.982189	0.000073	40.770230	2.5
970	877.516934	36.982739	0.000073	77.155989	2.5
971	884.831973	36.978578	0.000073	31.812483	2.6
972	892.754427	36.980224	0.000073	36.410752	3.0
973	911.312044	36.978531	0.000073	101.843404	6.2
974	898.544930	36.994766	0.000073	53.851997	4.9
975	873.061663	36.986064	0.000073	135.294871	4.9
976	884.395488	37.039891	0.000073	48.799736	3.7
977	891.124083	37.032274	0.000073	68.139210	4.6
978	876.252723	37.036215	0.000073	40.553413	3.6
979	892.020239	37.040188	0.000073	60.016391	3.6
980	893.169585	37.048190	0.000073	68.881007	3.8
981	901.117426	37.051504	0.000073	15.596308	3.3
982	876.534405	37.053382	0.000073	58.203498	3.9
983	892.832315	37.051972	0.000073	86.383368	3.1
984	882.465746	37.050101	0.000073	58.813858	4.1
985	904.802979	37.068253	0.000073	58.308555	2.8
986	887.621220	37.061991	0.000073	20.412134	2.8
987	895.364468	37.062852	0.000073	70.858380	4.5
988	889.925504	37.060582	0.000073	63.240451	3.5
989	900.123679	37.062746	0.000073	62.552532	4.1
990	895.636057	37.065127	0.000073	36.163308	3.5
991	876.018919	37.073549	0.000073	59.173784	3.2
992	891.598492	37.078542	0.000073	26.581216	5.7
993	899.542399	37.080444	0.000073	52.421777	2.6
994	883.812947	37.080470	0.000073	45.310840	5.5
995	891.940750	37.082395	0.000073	74.980387	3.3
996	879.564224	37.085905	0.000073	87.912627	2.8
997	884.263915	37.113495	0.000073	41.092194	2.7
998	887.892771	37.113285	0.000073	64.003830	3.4
999	878.061777	37.120202	0.000073	71.105543	4.9
1000	903.597449	37.129634	0.000073	94.824937	4.5
1001	896.247769	37.123055	0.000073	74.713101	4.9
1002	890.261288	37.191610	0.000073	62.940376	3.0
1003	881.236987	37.224219	0.000073	108.239140	3.8
1004	883.305796	37.292868	0.000073	58.821703	3.0
1005	895.929080	37.298103	0.000073	64.753676	4.8
1006	867.532902	37.292429	0.000073	88.708329	5.2
1007	884.924320	37.285069	0.000073	92.768550	4.3
1008	899.489678	37.312401	0.000073	85.086871	3.7
1009	885.366687	37.391151	0.000072	88.380823	4.7
1010	893.213549	37.427300	0.000072	42.302098	5.1
1011	886.474043	37.439527	0.000072	30.668523	4.0
1012	887.624642	37.437656	0.000072	70.717223	4.3
1013	898.405316	37.438570	0.000072	73.794165	3.2
1014	860.899979	37.443429	0.000072	110.989880	3.2
1015	878.921358	37.445384	0.000072	76.740890	3.5
1016	872.653705	37.562094	0.000072	83.003519	3.7
1017	899.679360	37.588825	0.000072	87.644894	3.4
1018	877.577781	37.672283	0.000072	27.262798	5.6
1019	863.229137	37.679981	0.000072	46.094260	2.5
1020	895.384285	37.677585	0.000072	86.231908	2.9
1021	894.778455	37.699901	0.000072	52.108946	3.2
1022	861.056373	37.701958	0.000072	28.986639	4.9
1023	877.980235	37.706657	0.000072	29.074331	3.5
1024	878.251963	37.706089	0.000072	25.110769	3.5
1025	870.385725	37.705250	0.000072	73.870094	3.4
1026	892.154045	37.703811	0.000072	128.654302	3.5
1027	864.461528	37.856160	0.000072	56.823909	3.4
1028	867.010340	37.938695	0.000072	46.948584	4.3
1029	875.263992	37.933555	0.000072	90.148370	5.8
1030	884.299360	37.941751	0.000072	47.841404	4.1
1031	885.247171	37.957633	0.000072	40.948283	3.8
1032	888.144271	37.963861	0.000072	105.258851	3.7
1033	884.859907	37.981107	0.000072	45.667169	3.2
1034	894.757310	37.998245	0.000072	33.586718	6.9
1035	871.854819	37.996993	0.000072	36.245339	4.7
1036	866.196426	37.999919	0.000072	32.574403	3.0
1037	870.194828	37.999115	0.000072	53.653789	5.1
1038	882.705770	38.005547	0.000072	62.491529	5.7
1039	888.132888	38.013160	0.000072	65.149299	5.2
1040	889.312701	38.033594	0.000072	25.484934	6.0
1041	864.331717	38.038026	0.000072	33.465430	5.0
1042	880.869438	38.036776	0.000072	22.834382	3.8
1043	884.611790	38.037638	0.000072	21.475321	4.1
1044	888.439178	38.038316	0.000072	149.460069	4.3
1045	887.745328	38.043978	0.000072	76.836426	4.5
1046	892.108582	38.073293	0.000072	49.088404	3.1
1047	896.753823	38.081558	0.000072	38.734790	2.4
1048	878.989838	38.078931	0.000072	68.762792	2.7
1049	868.071514	38.076483	0.000072	145.924716	4.6
1050	876.998527	38.146453	0.000071	69.026749	4.1
1051	889.592926	38.186923	0.000071	22.868853	2.0
1052	884.060132	38.190018	0.000071	52.068242	2.4
1053	894.340139	38.193239	0.000071	84.463781	2.4
1054	879.415776	38.203662	0.000071	72.522927	4.9
1055	887.655789	38.195895	0.000071	34.908303	3.4
1056	882.343637	38.197814	0.000071	57.372938	4.2
1057	900.975370	38.206100	0.000071	117.771907	3.3
1058	868.889168	38.236563	0.000071	82.870160	5.1
1059	902.193517	38.348254	0.000071	81.083855	2.4
1060	880.279200	38.379036	0.000071	124.743371	2.6
1061	870.361686	38.482562	0.000071	86.489039	2.9
1062	881.518234	38.618257	0.000071	59.513103	5.0
1063	899.507699	38.616689	0.000071	57.122720	3.2
1064	885.506211	38.611965	0.000071	58.606946	3.0
1065	885.536697	38.612407	0.000071	66.030705	3.1
1066	897.497561	38.635151	0.000071	91.485793	2.8
1067	885.225058	38.628051	0.000071	33.794202	2.5
1068	887.660872	38.630425	0.000071	61.347356	4.3
1069	889.698874	38.638469	0.000071	102.961837	2.6
1070	905.074826	38.693416	0.000071	81.448772	4.4
1071	882.995910	38.687341	0.000071	78.856486	2.6
1072	886.707323	38.714472	0.000071	46.297437	2.7
1073	878.319603	38.708449	0.000071	50.135309	4.9
1074	889.047212	38.704465	0.000071	79.283459	4.9
1075	881.631918	38.700133	0.000071	114.114970	3.7
1076	843.084852	38.851731	0.000071	99.594136	3.6
1077	886.985627	38.841491	0.000071	115.024172	3.2
1078	887.877551	38.990043	0.000070	31.715016	4.4
1079	875.562856	38.991130	0.000070	53.961561	3.6
1080	876.133690	38.988786	0.000070	14.643025	3.5
1081	893.156829	38.989286	0.000070	84.159566	3.3
1082	877.635758	38.989597	0.000070	46.739911	3.2
1083	880.640896	38.993723	0.000070	68.205924	2.9
1084	896.889514	38.990967	0.000070	62.987455	2.6
1085	881.609848	39.011798	0.000070	78.433332	3.7
1086	864.457997	39.012899	0.000070	59.319356	3.9
1087	891.012589	39.009769	0.000070	71.245194	2.4
1088	871.025092	39.036885	0.000070	24.722858	4.0
1089	901.743388	39.033608	0.000070	54.990950	2.5
1090	882.895530	39.032284	0.000070	26.657354	2.8
1091	909.084009	39.036707	0.000070	48.254988	5.5
1092	888.368540	39.035450	0.000070	60.514573	5.0
1093	872.590294	39.039245	0.000070	77.355626	4.8
1094	893.613078	39.042007	0.000070	42.939111	4.2
1095	905.084552	39.038870	0.000070	52.038402	3.8
1096	895.657601	39.048165	0.000070	37.834839	3.7
1097	876.102180	39.045000	0.000070	102.700312	3.1
1098	904.635235	39.051428	0.000070	61.802495	3.2
1099	885.504122	39.045496	0.000070	77.943200	5.6
1100	876.537656	39.062700	0.000070	43.399378	6.7
1101	898.592299	39.062619	0.000070	50.379475	4.8
1102	910.866531	39.070975	0.000070	41.020665	4.8
1103	874.928942	39.068771	0.000070	94.571695	4.7
1104	909.049183	39.074610	0.000070	64.951871	6.9
1105	896.645533	39.066342	0.000070	111.258606	4.6
1106	876.058558	39.069287	0.000070	49.043267	4.8
1107	910.997464	39.110551	0.000070	74.646944	6.0
1108	880.935567	39.119185	0.000070	105.889414	4.3
1109	886.345013	39.129261	0.000070	76.086709	4.4
1110	903.443488	39.186474	0.000070	60.688490	4.4
1111	887.841775	39.204618	0.000070	70.151193	3.9
1112	882.583130	39.230654	0.000070	50.213999	3.8
1113	883.272088	39.224138	0.000070	112.094362	4.5
1114	883.762851	39.229259	0.000070	33.222679	5.0
1115	881.835901	39.249091	0.000070	32.201717	5.7
1116	875.295025	39.248403	0.000070	76.962030	3.6
1117	897.696828	39.252147	0.000070	80.864117	4.0
1118	879.284512	39.281664	0.000070	94.220535	3.4
1119	882.929504	39.337942	0.000070	47.571493	4.0
1120	874.180371	39.350611	0.000070	67.855121	3.2
1121	869.472270	39.344515	0.000070	47.814554	4.0
1122	885.649204	39.356866	0.000070	76.292582	2.9
1123	877.343622	39.364021	0.000070	62.724201	5.5
1124	872.990447	39.372173	0.000070	85.429348	2.7
1125	902.422540	39.370111	0.000070	77.278262	2.7
1126	889.681600	39.424545	0.000070	27.621774	3.0
1127	875.555217	39.425441	0.000070	27.620127	5.1
1128	877.972357	39.426014	0.000070	39.810293	4.8
1129	890.631494	39.424443	0.000070	118.400755	4.7
1130	883.174093	39.429267	0.000070	56.677771	7.0
1131	890.208595	39.475525	0.000070	74.789560	5.0
1132	884.463682	39.469555	0.000070	65.950418	2.9
1133	881.041755	39.492414	0.000070	95.389395	4.0
1134	888.724668	39.491915	0.000070	103.041760	4.1
1135	885.941656	39.519270	0.000070	60.983186	3.5
1136	878.437051	39.510818	0.000070	32.299390	2.8
1137	866.278704	39.510335	0.000070	36.893139	4.8
1138	883.855250	39.512743	0.000070	34.132470	2.8
1139	895.600140	39.516863	0.000070	162.620475	2.7
1140	869.251512	39.511486	0.000070	149.815847	2.7
1141	897.291843	40.207173	0.000069	68.591930	3.0
1142	857.234418	40.242228	0.000069	90.273597	4.9
1143	904.310697	40.290669	0.000069	69.670826	2.4
1144	865.901854	40.294188	0.000069	75.455761	2.3
1145	895.093906	40.323028	0.000069	41.377752	2.6
1146	870.794789	40.328599	0.000069	29.286747	6.6
1147	895.300089	40.328318	0.000069	65.379781	6.2
1148	868.661152	40.330336	0.000069	96.835198	4.6
1149	879.108345	40.322213	0.000069	154.345695	4.5
1150	912.831258	40.629469	0.000069	68.497068	5.7
1151	877.274543	40.817773	0.000068	29.966561	4.9
1152	879.544323	40.821737	0.000068	46.880106	4.8
1153	900.558968	40.824933	0.000068	41.696632	4.6
1154	877.645809	40.826218	0.000068	65.919201	5.1
1155	879.133421	40.825803	0.000068	64.301574	3.9
1156	869.501566	40.830485	0.000068	76.217874	4.9
1157	876.839865	40.841841	0.000068	53.663531	3.6
1158	886.436987	40.841400	0.000068	47.785927	3.5
1159	900.669862	40.837902	0.000068	112.630424	4.8
1160	891.281736	40.878007	0.000068	19.682463	7.0
1161	884.677423	40.883174	0.000068	29.648030	2.6
1162	924.470459	40.883604	0.000068	82.562567	2.8
1163	874.389856	40.882030	0.000068	108.074592	2.4
1164	875.678686	41.001125	0.000068	70.488095	5.6
1165	874.978336	40.991529	0.000068	51.775633	3.9
1166	858.558384	40.991106	0.000068	54.410040	2.3
1167	890.867112	40.997422	0.000068	77.587235	3.5
1168	895.857759	41.024358	0.000068	76.756488	2.7
1169	896.394299	41.015361	0.000068	55.638602	2.8
1170	878.031286	41.027102	0.000068	108.011099	2.8
1171	878.545569	41.023721	0.000068	66.982828	3.8
1172	904.148256	41.032100	0.000068	72.895880	3.7
1173	862.957762	41.025761	0.000068	59.363200	2.8
1174	868.203659	41.033740	0.000068	91.881201	2.9
1175	887.295661	41.051975	0.000068	58.242039	3.1
1176	883.510958	41.060322	0.000068	65.037895	3.2
1177	882.558158	41.069540	0.000068	59.322023	3.1
1178	895.951156	41.084686	0.000068	91.895131	3.2
1179	867.974873	41.075973	0.000068	60.141724	3.3
1180	892.705944	41.093458	0.000068	74.932389	3.1
1181	881.179129	41.090201	0.000068	69.823138	2.6
1182	877.054538	41.087756	0.000068	102.268464	3.2
1183	877.835880	41.146849	0.000068	37.066772	2.6
1184	891.609646	41.149723	0.000068	124.911362	4.9
1185	886.563221	41.144972	0.000068	48.370035	4.2
1186	885.376194	41.173815	0.000068	77.770433	2.9
1187	877.205696	41.167477	0.000068	87.718945	5.0
1188	888.196930	41.200724	0.000068	60.429256	2.6
1189	862.731141	41.231842	0.000068	90.254678	2.6
1190	891.471467	41.223838	0.000068	43.402023	6.6
1191	868.698030	41.246904	0.000068	83.281646	4.9
1192	895.100195	41.263856	0.000068	90.226892	5.2
1193	896.852303	41.327012	0.000068	79.406553	4.9
1194	893.058741	41.341312	0.000068	51.079369	5.0
1195	891.642044	41.335290	0.000068	45.608580	4.8
1196	884.610445	41.341642	0.000068	15.744000	4.8
1197	877.707750	41.342855	0.000068	77.756198	3.5
1198	891.438456	41.345657	0.000068	96.314796	3.1
1199	911.230172	41.369263	0.000068	90.095445	3.0
1200	875.733780	41.363227	0.000068	52.520527	4.2
1201	879.237810	41.381931	0.000068	34.966878	4.1
1202	869.921511	41.384705	0.000068	92.066092	3.2
1203	897.946168	41.387643	0.000068	54.871261	3.2
1204	897.978795	41.388896	0.000068	75.650418	3.4
1205	873.407957	41.383980	0.000068	39.973389	4.1
1206	867.135272	41.385027	0.000068	40.533005	3.2
1207	911.082587	41.382385	0.000068	74.510848	3.3
1208	874.073036	41.392103	0.000068	51.055159	6.8
1209	876.368104	41.413147	0.000068	61.358187	4.7
1210	878.822243	41.406814	0.000068	25.708150	2.2
1211	894.155898	41.405535	0.000068	37.350195	2.1
1212	887.263674	41.403718	0.000068	46.224551	7.1
1213	883.529112	41.403222	0.000068	24.424412	5.0
1214	883.230139	41.404687	0.000068	46.133841	4.9
1215	898.621156	41.402899	0.000068	57.447400	4.0
1216	871.770003	41.408260	0.000068	63.646852	3.3
1217	891.047080	41.425796	0.000068	70.019146	5.1
1218	873.071965	41.428963	0.000068	87.756723	5.1
1219	881.996502	41.429135	0.000068	22.229524	4.0
1220	888.420175	41.428033	0.000068	86.098739	4.7
1221	862.892247	41.431930	0.000068	107.748874	4.8
1222	877.001684	41.573063	0.000068	31.093752	4.8
1223	897.326166	41.579236	0.000068	80.542293	5.0
1224	883.928433	41.574438	0.000068	119.559156	4.9
1225	867.735087	41.636761	0.000067	13.097646	4.0
1226	885.167505	41.634696	0.000068	52.544967	3.8
1227	875.206791	41.634732	0.000068	45.577151	5.8
1228	890.782074	41.644251	0.000067	68.214830	3.8
1229	889.956544	41.645369	0.000067	38.248517	3.5
1230	880.104362	41.640353	0.000067	58.587745	4.1
1231	869.894168	41.635685	0.000067	108.750055	3.5
1232	880.335912	41.632468	0.000068	34.965383	3.5
1233	890.566639	41.643495	0.000067	47.430109	3.4
1234	889.360070	41.641411	0.000067	46.793991	3.2
1235	893.747921	41.647514	0.000067	93.928310	3.4
1236	884.675561	41.661269	0.000067	94.578959	4.6
1237	896.261010	41.773624	0.000067	62.426741	2.9
1238	908.153749	41.807515	0.000067	30.356422	4.5
1239	898.581980	41.813362	0.000067	56.332577	3.0
1240	876.880073	41.811772	0.000067	45.448741	3.0
1241	892.590639	41.809311	0.000067	36.096865	3.0
1242	875.033401	41.808641	0.000067	74.426604	3.9
1243	862.380389	41.819792	0.000067	76.833069	3.1
1244	875.153318	41.811290	0.000067	68.206303	4.3
1245	893.309501	41.814532	0.000067	41.549586	5.0
1246	916.532710	41.828418	0.000067	77.051660	4.8
1247	873.120975	41.830763	0.000067	57.750489	5.2
1248	898.285186	41.826804	0.000067	77.433241	4.3
1249	886.626723	41.819049	0.000067	50.780726	4.7
1250	889.450539	41.815265	0.000067	95.814336	4.6
1251	884.227740	41.826735	0.000067	31.833927	3.5
1252	886.384771	41.823750	0.000067	72.519720	3.4
1253	879.566034	41.825678	0.000067	89.061174	3.7
1254	869.347540	41.864265	0.000067	83.148899	3.8
1255	877.714352	41.858430	0.000067	22.946063	3.0
1256	884.832533	41.856172	0.000067	55.269892	2.8
1257	857.272658	41.854490	0.000067	19.523440	4.4
1258	901.710639	41.851686	0.000067	43.959700	3.0
1259	875.119447	41.849491	0.000067	20.758223	3.5
1260	863.866965	41.850743	0.000067	33.218767	3.0
1261	875.736924	41.850969	0.000067	81.934042	2.9
1262	892.729615	41.851399	0.000067	104.167135	2.8
1263	899.366530	41.850833	0.000067	77.450407	5.2
1264	900.845618	41.902697	0.000067	72.586867	2.7
1265	872.811759	41.928558	0.000067	119.287279	2.5
1266	865.632988	42.062754	0.000067	38.987586	2.6
1267	875.228103	42.088129	0.000067	60.103391	2.7
1268	882.066710	42.096437	0.000067	52.802433	4.8
1269	890.367306	42.102673	0.000067	70.754936	2.9
1270	882.122014	42.099279	0.000067	76.667072	3.4
1271	876.544819	42.101630	0.000067	63.416561	4.9
1272	864.842499	42.131915	0.000067	62.132110	4.7
1273	878.015131	42.132054	0.000067	62.140541	2.4
1274	874.843548	42.125490	0.000067	53.034328	5.3
1275	886.574245	42.121340	0.000067	99.942283	2.6
1276	898.828191	42.118459	0.000067	81.045443	4.6
1277	901.823337	42.109092	0.000067	79.885578	3.5
1278	889.164776	42.123163	0.000067	72.564250	3.4
1279	887.926446	42.129111	0.000067	65.873293	6.1
1280	883.279618	42.122113	0.000067	56.348278	5.0
1281	901.694545	42.132636	0.000067	58.020743	3.4
1282	891.660995	42.127930	0.000067	79.299323	3.8
1283	871.621284	42.121653	0.000067	45.553533	3.8
1284	873.101371	42.124682	0.000067	95.413867	3.1
1285	869.990922	42.120408	0.000067	28.455856	4.5
1286	893.479393	42.117892	0.000067	67.508164	3.0
1287	892.890243	42.123833	0.000067	48.773859	2.8
1288	881.595125	42.121866	0.000067	51.543525	5.2
1289	880.709342	42.127032	0.000067	63.522791	3.1
1290	880.076513	42.120689	0.000067	35.062283	2.8
1291	879.048366	42.126775	0.000067	99.206986	7.1
1292	888.022084	42.122551	0.000067	38.042101	3.1
1293	874.717745	42.129124	0.000067	107.002559	3.0
1294	893.917984	42.121776	0.000067	86.858075	3.0
1295	881.453804	42.171331	0.000067	56.689143	2.8
1296	900.783552	42.162969	0.000067	54.455892	2.8
1297	869.507613	42.169705	0.000067	52.746186	2.8
1298	881.869661	42.167929	0.000067	52.365403	3.7
1299	888.467492	42.174653	0.000067	56.191281	4.1
1300	889.092896	42.183586	0.000067	75.522349	2.6
1301	903.437391	42.180591	0.000067	89.552353	2.9
1302	869.250235	42.217539	0.000067	102.814926	5.2
1303	870.414720	42.256476	0.000067	88.299276	6.2
1304	879.032964	42.311187	0.000067	129.950501	4.6
1305	899.488443	42.320342	0.000067	75.878532	4.5
1306	883.832989	42.328171	0.000067	48.507213	4.0
1307	897.198150	42.321994	0.000067	57.828543	4.2
1308	883.667196	42.332110	0.000067	63.051540	4.6
1309	870.578430	42.326757	0.000067	53.235178	6.8
1310	879.265530	42.328212	0.000067	49.638743	2.0
1311	890.312740	42.324479	0.000067	41.441176	2.5
1312	900.118388	42.325225	0.000067	18.512851	3.9
1313	885.394603	42.324079	0.000067	24.583136	2.1
1314	876.472811	42.324465	0.000067	22.425714	3.6
1315	886.143892	42.325027	0.000067	42.155552	6.2
1316	860.541933	42.323809	0.000067	27.169489	4.9
1317	916.751845	42.320765	0.000067	47.224603	4.6
1318	868.395241	42.317886	0.000067	43.649891	4.5
1319	868.818304	42.314329	0.000067	33.206204	5.0
1320	885.406506	42.318738	0.000067	82.166427	3.6
1321	891.236267	42.315304	0.000067	27.165100	3.5
1322	885.781219	42.322137	0.000067	58.131106	3.8
1323	867.592908	42.322012	0.000067	32.003122	4.6
1324	885.574090	42.318361	0.000067	34.703278	5.2
1325	898.553016	42.320454	0.000067	29.811426	4.4
1326	892.498869	42.318834	0.000067	62.729526	4.4
1327	890.556653	42.318470	0.000067	27.295440	2.4
1328	879.173636	42.314734	0.000067	69.657558	5.7
1329	894.535237	42.314097	0.000067	84.327084	2.6
1330	868.836211	42.357221	0.000067	31.162613	3.1
1331	890.027376	42.359721	0.000067	74.492036	3.0
1332	889.421302	42.369475	0.000067	108.382736	5.2
1333	880.558098	42.371880	0.000067	100.820230	4.8
1334	902.053415	42.621240	0.000066	21.244719	4.4
1335	889.901977	42.616309	0.000066	64.803956	4.7
1336	904.008451	42.612930	0.000066	52.781087	3.9
1337	888.316696	42.625590	0.000066	29.890670	3.8
1338	893.301484	42.624289	0.000066	72.873500	3.8
1339	854.433702	42.622111	0.000066	91.985394	3.7
1340	909.061809	42.613185	0.000066	102.499564	5.3
1341	880.434523	42.752733	0.000066	20.327916	4.9
1342	871.327273	42.759160	0.000066	19.127416	5.1
1343	885.483129	42.758863	0.000066	59.420091	5.0
1344	895.736675	42.758084	0.000066	54.325197	4.5
1345	872.239617	42.773925	0.000066	30.359691	3.4
1346	889.689650	42.773239	0.000066	23.983264	4.2
1347	909.924244	42.775085	0.000066	68.490668	5.6
1348	889.123926	42.775455	0.000066	29.689625	5.8
1349	872.021890	42.781149	0.000066	45.896813	5.0
1350	881.384441	42.778076	0.000066	66.190960	4.8
1351	890.049205	42.774873	0.000066	76.987223	4.8
1352	886.224203	42.787781	0.000066	62.336237	3.4
1353	894.701334	42.788383	0.000066	61.851676	3.4
1354	894.821663	42.797921	0.000066	37.005632	3.3
1355	893.343497	42.804361	0.000066	76.490241	2.9
1356	857.661063	42.808494	0.000066	55.836945	5.6
1357	885.146145	42.803482	0.000066	102.768687	3.0
1358	892.221500	42.819639	0.000066	47.798885	3.1
1359	878.142559	42.857686	0.000066	68.062279	3.3
1360	898.081601	42.851472	0.000066	56.177059	3.8
1361	879.181851	42.864796	0.000066	51.754212	5.1
1362	886.651690	42.859059	0.000066	74.829857	4.9
1363	896.586246	42.862291	0.000066	29.316850	4.0
1364	867.441425	42.860340	0.000066	62.951590	3.6
1365	887.152393	42.857169	0.000066	28.671183	2.3
1366	884.709882	42.854056	0.000066	105.272376	4.1
1367	871.572186	42.861323	0.000066	85.680983	4.1
1368	882.396691	42.879481	0.000066	43.734875	4.0
1369	885.398045	42.872940	0.000066	49.529532	2.3
1370	899.218131	42.881020	0.000066	46.396835	2.2
1371	872.645920	42.878997	0.000066	47.117947	2.4
1372	874.737349	42.876452	0.000066	65.361057	3.2
1373	884.043523	42.888171	0.000066	62.442300	2.7
1374	887.713851	42.893169	0.000066	44.501383	2.4
1375	858.142524	42.892333	0.000066	56.603972	4.6
1376	893.873145	42.901234	0.000066	50.757864	2.8
1377	890.135521	42.909954	0.000066	52.303889	5.0
1378	897.387237	42.909527	0.000066	41.674341	2.8
1379	895.023192	42.908768	0.000066	98.655736	2.7
1380	885.529335	42.915279	0.000066	97.303755	2.7
1381	870.428302	43.043275	0.000066	68.343689	4.0
1382	868.020285	43.097949	0.000066	44.067250	2.7
1383	909.654309	43.101763	0.000066	57.634740	4.6
1384	881.363641	43.101149	0.000066	71.389419	3.1
1385	907.838603	43.105801	0.000066	86.168681	3.2
1386	905.807362	43.133059	0.000066	24.818739	3.0
1387	886.300123	43.132949	0.000066	32.090714	3.1
1388	899.328677	43.133666	0.000066	23.695390	3.0
1389	888.253106	43.135045	0.000066	27.500004	5.0
1390	889.080905	43.134891	0.000066	61.120930	2.4
1391	877.314300	43.136858	0.000066	41.316436	2.3
1392	871.911251	43.143466	0.000066	44.336574	3.4
1393	882.878872	43.145185	0.000066	49.338951	3.9
1394	886.800394	43.147031	0.000066	36.893920	2.5
1395	887.736138	43.150023	0.000066	104.488784	4.8
1396	866.402646	43.146907	0.000066	73.452711	2.7
1397	899.491635	43.176564	0.000066	68.717386	2.7
1398	895.634325	43.187674	0.000066	48.528560	2.8
1399	894.236829	43.186965	0.000066	92.470687	2.8
1400	885.498421	43.195800	0.000066	63.136264	2.8
1401	889.167008	43.203643	0.000066	114.425599	2.8
1402	886.513221	43.197732	0.000066	97.910158	3.8
1403	879.533257	43.448092	0.000066	27.789442	3.9
1404	860.019582	43.456508	0.000066	27.137360	4.4
1405	907.850281	43.455860	0.000066	64.166755	3.3
1406	873.254068	43.451690	0.000066	76.018081	3.7
1407	885.920980	43.450458	0.000066	54.424578	5.1
1408	886.158856	43.452061	0.000066	115.909740	5.2
1409	895.706423	43.446020	0.000066	28.108405	5.7
1410	880.290679	43.439427	0.000066	41.765141	6.7
1411	879.473202	43.442775	0.000066	87.554863	4.4
1412	891.979287	43.435742	0.000066	128.476990	5.2
1413	884.331439	43.673117	0.000065	145.656634	5.9
1414	864.171390	44.496713	0.000065	27.332275	6.1
1415	904.553271	44.495308	0.000065	63.395392	4.2
1416	902.596429	44.494941	0.000065	107.828513	3.7
1417	874.937040	44.490426	0.000065	107.426353	3.7
1418	873.339221	44.752164	0.000064	65.366710	3.1
1419	891.133487	44.781325	0.000064	66.157274	4.3
1420	867.271707	44.773634	0.000064	57.185147	2.6
1421	893.876703	44.784911	0.000064	47.422583	5.0
1422	878.376869	44.791287	0.000064	93.836138	5.0
1423	867.642082	44.786060	0.000064	49.423843	3.0
1424	873.450179	44.784322	0.000064	70.636567	2.9
1425	873.134287	44.780450	0.000064	169.093800	3.1
1426	905.427341	45.006705	0.000064	116.326031	6.4
1427	889.616508	45.732092	0.000063	72.642398	3.4
1428	884.584738	45.724550	0.000063	66.656656	3.5
1429	889.723323	45.723544	0.000063	50.559982	3.6
1430	912.528248	45.718665	0.000063	84.871617	4.2
1431	890.108033	45.710903	0.000063	35.370176	3.2
1432	891.473789	45.713260	0.000063	30.605240	2.8
1433	870.891640	45.715760	0.000063	55.025035	3.0
1434	880.952109	45.717376	0.000063	46.589199	4.4
1435	889.238509	45.723909	0.000063	85.222134	2.7
1436	877.993114	45.735626	0.000063	75.072831	2.6
1437	885.202261	45.766594	0.000063	29.008184	2.7
1438	881.605416	45.771274	0.000063	45.502947	3.9
1439	896.403982	45.767851	0.000063	57.548448	5.4
1440	882.469817	45.764686	0.000063	19.374794	4.8
1441	894.895512	45.765084	0.000063	53.319928	4.8
1442	878.052763	45.765941	0.000063	51.997945	4.9
1443	869.697708	45.775115	0.000063	77.555473	5.9
1444	881.969968	45.771300	0.000063	39.048930	4.7
1445	873.089348	45.771913	0.000063	148.765962	4.2
1446	894.666660	45.764728	0.000063	89.613127	4.4
1447	889.153951	46.095762	0.000063	42.616651	3.9
1448	891.293335	46.088483	0.000063	120.966277	4.3
1449	890.954616	46.129333	0.000063	52.442369	3.4
1450	870.892321	46.154994	0.000063	57.302878	3.0
1451	896.572049	46.157987	0.000063	42.227572	4.5
1452	883.156793	46.157927	0.000063	61.121788	3.8
1453	883.820965	46.165505	0.000063	70.980371	3.0
1454	890.094973	46.183408	0.000063	71.903161	4.5
1455	892.229666	46.177778	0.000063	141.750983	4.8
1456	863.683837	46.169139	0.000063	81.419056	3.3
1457	907.082933	46.256697	0.000063	76.765984	3.5
1458	881.816348	46.310072	0.000063	89.272867	3.2
1459	875.284431	46.330502	0.000063	26.124901	3.4
1460	871.268314	46.331712	0.000063	72.925977	5.4
1461	880.359650	46.329517	0.000063	69.341657	5.2
1462	881.221486	46.323546	0.000063	32.411323	5.9
1463	866.869932	46.319145	0.000063	62.524036	6.4
1464	893.480207	46.325727	0.000063	53.533269	4.8
1465	884.091872	46.325544	0.000063	36.258203	5.5
1466	884.247065	46.328653	0.000063	63.234856	3.8
1467	881.782685	46.325313	0.000063	74.893233	3.7
1468	887.402031	46.335102	0.000063	81.041804	4.2
1469	900.541078	46.350226	0.000063	51.282852	2.9
1470	882.684373	46.349785	0.000063	53.835685	4.2
1471	870.204855	46.343568	0.000063	47.774511	3.3
1472	873.460037	46.352885	0.000063	29.664674	2.7
1473	889.053021	46.358240	0.000063	59.894910	3.7
1474	885.400680	46.360192	0.000063	40.490699	4.6
1475	907.180836	46.361112	0.000063	40.845966	4.4
1476	870.028923	46.362668	0.000063	65.579339	2.7
1477	874.433090	46.358232	0.000063	142.231507	3.0
1478	895.300064	46.506758	0.000063	16.110619	5.7
1479	876.940823	46.510951	0.000063	47.699971	3.1
1480	887.204880	46.512865	0.000063	92.231590	2.9
1481	896.590524	46.532916	0.000063	83.940346	3.3
1482	887.847231	46.528941	0.000063	36.673601	2.7
1483	885.149821	46.525435	0.000063	62.798996	4.0
1484	893.482902	46.527633	0.000063	37.897946	4.8
1485	881.784404	46.528194	0.000063	82.541514	3.0
1486	881.636852	46.532688	0.000063	47.040429	2.6
1487	893.529950	46.542935	0.000063	60.298051	2.8
1488	903.836422	46.542933	0.000063	92.998463	4.7
1489	867.284639	46.574047	0.000063	117.684945	4.6
1490	882.710277	46.813785	0.000062	85.909972	4.6
1491	877.248151	46.806658	0.000062	99.509831	3.6
1492	875.436846	46.824800	0.000062	17.364785	3.7
1493	895.659015	46.822990	0.000062	114.879793	5.6
1494	875.253439	46.829064	0.000062	106.632621	3.0
1495	896.154400	46.999972	0.000062	43.399696	4.2
1496	890.337613	46.997211	0.000062	37.194104	3.2
1497	882.983297	47.003478	0.000062	54.897177	3.0
1498	870.784035	47.012348	0.000062	54.594032	3.0
1499	880.569660	47.009241	0.000062	144.209670	3.0
1500	875.952220	47.084056	0.000062	105.531828	3.0
1501	888.362039	47.682266	0.000062	50.146706	6.1
1502	865.648158	47.704960	0.000062	39.892617	2.5
1503	867.648355	47.703402	0.000062	43.721931	2.4
1504	881.618044	47.707616	0.000062	66.160477	3.1
1505	891.405353	47.721374	0.000062	18.147678	4.1
1506	884.185771	47.724495	0.000062	57.070675	2.6
1507	890.431165	47.722953	0.000062	81.183896	5.3
1508	891.565175	47.741583	0.000062	49.060435	3.6
1509	871.540811	47.746846	0.000061	18.084570	3.3
1510	873.014270	47.746598	0.000061	58.452808	5.1
1511	872.442193	47.743744	0.000062	68.807550	4.0
1512	882.205537	47.762125	0.000061	67.642340	2.9
1513	885.645614	47.771948	0.000061	22.118274	5.1
1514	903.157197	47.777191	0.000061	107.425011	3.9
1515	898.133610	47.781587	0.000061	61.232886	3.3
1516	909.437182	47.776536	0.000061	49.650481	5.1
1517	875.231485	47.770716	0.000061	48.785902	3.3
1518	892.090134	47.777818	0.000061	58.366368	4.1
1519	869.251606	47.787726	0.000061	129.436584	4.0
1520	886.323058	47.781299	0.000061	42.272798	3.1
1521	891.046904	47.813662	0.000061	29.028061	2.7
1522	897.873121	47.810985	0.000061	41.098797	3.7
1523	894.186000	47.810652	0.000061	78.264661	5.5
1524	873.234826	47.806680	0.000061	82.386308	4.6
1525	892.156454	47.830722	0.000061	42.521998	4.8
1526	886.244294	47.824732	0.000061	48.053399	5.0
1527	884.506680	47.823854	0.000061	54.592740	4.0
1528	881.563990	47.818893	0.000061	30.951468	5.1
1529	876.456136	47.820808	0.000061	31.602547	5.2
1530	870.045311	47.818735	0.000061	78.294945	4.9
1531	896.623789	47.821489	0.000061	75.849746	5.0
1532	884.834741	47.877928	0.000061	131.203187	6.0
1533	870.961382	47.869372	0.000061	74.821904	4.8
1534	882.962529	47.925886	0.000061	16.933728	6.7
1535	868.246413	47.924791	0.000061	71.684563	3.9
1536	879.582033	47.928712	0.000061	42.340120	4.0
1537	882.985080	47.936663	0.000061	32.128340	4.6
1538	891.067030	47.936622	0.000061	63.240539	4.4
1539	887.662374	47.934349	0.000061	75.343237	5.3
1540	885.364060	47.927310	0.000061	51.222053	5.0
1541	886.366203	47.928676	0.000061	29.940293	5.1
1542	888.391406	47.932612	0.000061	34.749558	5.1
1543	854.423705	47.933491	0.000061	73.512598	4.7
1544	889.633625	47.928235	0.000061	42.074994	4.0
1545	859.550670	47.939241	0.000061	74.620053	3.6
1546	891.300739	47.951394	0.000061	108.926110	4.2
1547	894.369561	47.997357	0.000061	34.166647	4.5
1548	882.259446	47.991194	0.000061	94.621506	3.5
1549	889.960808	47.991831	0.000061	75.454125	3.6
1550	889.263507	48.077937	0.000061	72.541843	3.6
1551	874.010159	48.073036	0.000061	60.394773	4.1
1552	896.464501	48.078837	0.000061	43.792631	4.0
1553	858.193896	48.075010	0.000061	94.737886	3.5
1554	859.895810	48.072516	0.000061	50.820350	3.1
1555	889.360167	48.109306	0.000061	183.297775	4.1
1556	897.430983	48.099799	0.000061	85.438186	3.0
1557	870.845696	48.679707	0.000061	84.231146	3.2
1558	859.402312	48.670230	0.000061	42.757085	3.1
1559	897.784127	48.665058	0.000061	32.646103	2.7
1560	896.266781	48.670252	0.000061	75.747668	2.6
1561	859.667195	48.668924	0.000061	115.196342	2.6
1562	872.152504	48.701315	0.000061	65.716606	2.6
1563	886.963804	48.712882	0.000061	104.085097	2.6
1564	891.116339	48.729768	0.000061	56.492490	3.6
1565	875.776982	48.735524	0.000061	65.111877	3.3
1566	867.044193	48.728416	0.000061	59.961896	5.0
1567	893.319010	48.721585	0.000061	56.541879	2.9
1568	871.106628	48.719581	0.000061	51.655717	5.6
1569	879.978578	48.730317	0.000061	34.065876	3.6
1570	863.798429	48.735003	0.000061	96.730703	5.2
1571	885.636325	48.737780	0.000061	87.961823	4.9
1572	901.304179	48.781881	0.000061	48.889582	4.5
1573	883.668999	48.778118	0.000061	101.289937	3.5
1574	882.068904	48.778731	0.000061	105.477737	4.6
1575	873.564057	48.932214	0.000060	76.240930	5.5
1576	865.891992	48.991628	0.000060	66.879478	4.7
1577	864.184124	48.983264	0.000060	95.082391	4.1
1578	884.314855	49.044889	0.000060	61.445676	4.1
1579	866.888659	49.039441	0.000060	36.221230	6.3
1580	887.041043	49.041099	0.000060	53.198056	3.3
1581	890.271446	49.038388	0.000060	26.417877	3.3
1582	905.991057	49.043320	0.000060	35.417583	4.5
1583	873.758802	49.041532	0.000060	54.671077	4.5
1584	877.697743	49.048434	0.000060	111.028673	3.6
1585	882.831562	49.048357	0.000060	44.823594	3.2
1586	875.297986	49.042484	0.000060	64.074698	2.9
1587	877.634672	49.049965	0.000060	47.805138	5.1
1588	874.927503	49.053812	0.000060	51.681707	5.4
1589	890.971217	49.049118	0.000060	58.034646	4.9
1590	900.112402	49.049752	0.000060	155.003071	4.7
1591	880.140205	49.062103	0.000060	69.889598	3.4
1592	902.229365	49.297744	0.000060	76.319793	3.5
1593	869.886204	49.292810	0.000060	54.618311	3.4
1594	874.803587	49.286986	0.000060	15.296473	3.6
1595	877.824499	49.289395	0.000060	31.903099	4.3
1596	877.155968	49.288520	0.000060	64.715523	4.1
1597	876.576987	49.285804	0.000060	76.733003	2.8
1598	869.494999	49.323495	0.000060	50.108678	4.2
1599	882.240093	49.334403	0.000060	32.469773	2.9
1600	868.209086	49.340453	0.000060	50.672771	3.6
1601	880.588644	49.346445	0.000060	67.339973	3.5
1602	871.101008	49.344101	0.000060	55.460158	2.3
1603	870.867564	49.366479	0.000060	45.684061	2.0
1604	878.100053	49.360992	0.000060	30.238397	3.0
1605	877.281061	49.362219	0.000060	69.673031	4.3
1606	877.634165	49.357551	0.000060	52.757524	5.0
1607	860.828431	49.369252	0.000060	80.063285	6.7
1608	882.833263	49.387222	0.000060	96.820965	5.0
1609	855.168157	49.446606	0.000060	91.111780	5.0
1610	883.564848	49.578106	0.000060	96.023189	5.5
1611	892.809995	49.655405	0.000060	47.687625	4.7
1612	883.149859	49.685777	0.000060	50.996340	3.8
1613	887.664823	49.687449	0.000060	90.716751	2.3
1614	888.053201	49.692572	0.000060	61.556013	3.9
1615	866.685738	49.700908	0.000060	44.682714	2.9
1616	882.458900	49.703109	0.000060	45.382653	2.6
1617	904.065686	49.707528	0.000060	75.508325	5.1
1618	858.785534	49.717466	0.000060	40.608665	3.0
1619	881.722489	49.711285	0.000060	14.972403	2.7
1620	873.933283	49.710318	0.000060	74.910793	5.1
1621	889.604890	49.710258	0.000060	31.887141	3.1
1622	865.634139	49.704763	0.000060	97.685709	5.2
1623	896.635184	49.718322	0.000060	134.938248	4.8
1624	899.781917	50.146313	0.000059	72.153044	4.9
1625	892.425360	50.244874	0.000059	50.131033	4.6
1626	885.511136	50.257833	0.000059	60.924362	4.5
1627	899.067468	50.251473	0.000059	68.006658	4.6
1628	876.657564	50.268507	0.000059	39.988661	3.8
1629	873.037195	50.271957	0.000059	88.151475	5.1
1630	892.561840	50.276789	0.000059	44.415180	3.5
1631	897.829148	50.285300	0.000059	64.151593	3.7
1632	881.147411	50.279612	0.000059	86.243936	4.1
1633	907.414291	50.317189	0.000059	62.296509	5.2
1634	890.385333	50.320048	0.000059	51.023203	2.6
1635	879.527922	50.316537	0.000059	117.601535	3.8
1636	881.108923	50.336587	0.000059	24.585649	2.6
1637	883.315366	50.330685	0.000059	114.938337	5.2
1638	883.812735	50.341880	0.000059	53.667899	2.8
1639	877.501794	50.348263	0.000059	33.775481	4.0
1640	879.922388	50.352149	0.000059	70.181259	3.8
1641	863.010459	50.357200	0.000059	42.812874	3.4
1642	895.188124	50.360049	0.000059	52.664458	4.5
1643	893.041753	50.360049	0.000059	43.064790	2.4
1644	887.820327	50.354863	0.000059	56.130796	2.4
1645	854.261794	50.358255	0.000059	44.591558	3.4
1646	877.436853	50.353237	0.000059	44.173573	2.5
1647	859.543725	50.352854	0.000059	77.828983	2.5
1648	895.363686	50.352413	0.000059	67.436213	2.5
1649	882.718308	50.358562	0.000059	68.754610	3.3
1650	877.822773	50.351179	0.000059	129.515426	3.3
1651	880.057020	50.341328	0.000059	45.780018	2.8
1652	896.518948	50.380227	0.000059	56.745776	4.1
1653	873.519854	50.375132	0.000059	59.227796	4.0
1654	867.755107	50.368296	0.000059	39.841863	4.0
1655	874.834378	50.363464	0.000059	86.389766	3.4
1656	901.294280	50.378766	0.000059	44.374668	3.6
1657	882.170023	50.390934	0.000059	62.990555	3.1
1658	863.028264	50.388486	0.000059	37.025773	2.9
1659	869.275320	50.388532	0.000059	11.224168	3.2
1660	863.096286	50.387871	0.000059	42.247895	3.0
1661	878.390808	50.388932	0.000059	46.861513	3.7
1662	905.062342	50.392585	0.000059	113.151961	4.9
1663	872.534587	50.387070	0.000059	71.426565	4.7
1664	890.855616	50.445747	0.000059	43.817933	3.5
1665	889.517332	50.444476	0.000059	36.856608	4.1
1666	880.910991	50.440628	0.000059	48.914585	6.8
1667	885.663782	50.442086	0.000059	40.122099	5.0
1668	844.921263	50.444233	0.000059	56.880899	5.6
1669	874.115270	50.446397	0.000059	45.534694	2.8
1670	891.586484	50.452753	0.000059	60.530036	3.1
1671	863.684115	50.446591	0.000059	36.569453	3.0
1672	892.577975	50.453895	0.000059	75.524992	3.3
1673	878.386066	50.453427	0.000059	85.119792	4.6
1674	889.934861	50.456539	0.000059	71.869299	2.7
1675	880.638812	50.468215	0.000059	86.715789	4.8
1676	877.175413	50.474174	0.000059	60.951532	2.8
1677	886.842025	50.497454	0.000059	102.105167	3.6
1678	860.306333	50.525230	0.000059	56.265389	6.9
1679	891.714270	50.542042	0.000059	121.651816	4.9
1680	913.589135	50.533128	0.000059	79.157440	4.5
1681	877.687108	50.528146	0.000059	59.672544	3.0
1682	882.338187	50.520096	0.000059	49.596216	3.7
1683	880.198534	50.518107	0.000059	83.939126	4.9
1684	876.824390	50.511040	0.000059	40.650525	3.6
1685	897.530418	50.522187	0.000059	67.358753	3.4
1686	875.759510	50.516326	0.000059	82.086943	3.4
1687	876.430363	50.508374	0.000059	54.367991	4.2
1688	871.180365	50.541146	0.000059	111.229332	3.2
1689	879.434235	50.532420	0.000059	26.761973	3.3
1690	888.248023	50.526980	0.000059	62.409693	4.9
1691	875.926261	50.527722	0.000059	39.298602	2.9
1692	894.661472	50.536801	0.000059	83.617198	2.8
1693	869.711062	50.532389	0.000059	66.754123	2.8
1694	887.996145	50.565485	0.000059	104.574472	4.0
1695	893.841977	50.634055	0.000059	27.415483	2.9
1696	865.062942	50.643205	0.000059	53.514870	4.5
1697	889.721755	50.643702	0.000059	40.582958	2.8
1698	852.763652	50.644689	0.000059	59.668980	2.8
1699	907.428397	50.653640	0.000059	78.855236	3.4
1700	875.385276	50.661599	0.000059	69.800758	4.2
1701	871.758478	50.665735	0.000059	58.946578	4.9
1702	894.427870	50.684064	0.000059	51.908963	5.0
1703	888.599892	50.678119	0.000059	53.085189	5.2
1704	888.077892	50.683945	0.000059	89.857108	4.9
1705	895.116035	50.676814	0.000059	103.525079	5.3
1706	885.021512	50.688786	0.000059	87.030151	4.8
1707	891.134519	50.797588	0.000059	55.690740	5.6
1708	879.393396	50.802353	0.000059	22.218537	5.3
1709	867.895148	50.801443	0.000059	46.279815	4.5
1710	892.061360	50.800919	0.000059	26.116470	5.5
1711	903.957045	50.798132	0.000059	57.786758	4.8
1712	878.071620	50.801151	0.000059	59.674337	3.9
1713	893.759306	50.802676	0.000059	17.418012	3.8
1714	891.079358	50.800436	0.000059	20.486688	3.0
1715	887.031643	50.800910	0.000059	12.078331	3.1
1716	893.378009	50.800351	0.000059	117.903673	5.8
1717	866.420001	50.801256	0.000059	46.041121	3.1
1718	877.358767	50.798589	0.000059	124.229681	3.9
1719	894.912405	50.833019	0.000059	48.396611	5.1
1720	865.619714	50.875059	0.000059	45.584771	3.0
1721	882.670276	50.872455	0.000059	64.023064	4.9
1722	885.073978	50.868147	0.000059	62.657863	2.2
1723	876.304106	50.886008	0.000059	95.477398	4.7
1724	901.546057	50.898919	0.000059	83.065728	3.3
1725	898.503736	50.989201	0.000059	14.214960	2.6
1726	895.098532	50.991460	0.000059	21.927639	5.2
1727	895.427227	50.990634	0.000059	57.907035	2.5
1728	872.802978	50.992359	0.000059	24.076248	2.4
1729	887.749223	50.995567	0.000059	67.329077	2.4
1730	884.210455	50.993234	0.000059	57.399055	4.7
1731	879.927952	50.986013	0.000059	33.060196	2.9
1732	875.806174	50.982666	0.000059	54.686796	2.4
1733	871.112726	50.989622	0.000059	25.548567	3.2
1734	867.080369	50.987627	0.000059	43.335989	3.0
1735	905.736835	50.990843	0.000059	65.826254	3.7
1736	888.882293	50.985187	0.000059	80.351093	4.7
1737	868.714216	50.990041	0.000059	15.148676	6.0
1738	884.389587	50.990284	0.000059	81.246251	4.0
1739	867.986255	50.989423	0.000059	55.072455	4.3
1740	913.076904	50.982713	0.000059	88.446197	6.2
1741	878.875614	51.014217	0.000059	40.630162	3.2
1742	878.260632	51.007806	0.000059	78.825420	3.2
1743	866.083103	51.005369	0.000059	64.264644	3.9
1744	902.922444	51.004691	0.000059	47.733436	3.8
1745	883.255473	51.002452	0.000059	20.101718	3.3
1746	884.725972	51.004332	0.000059	95.710564	2.7
1747	890.365603	51.008022	0.000059	55.608985	4.9
1748	891.372329	51.000986	0.000059	65.651454	5.1
1749	879.716982	50.996928	0.000059	69.077754	5.1
1750	886.948503	51.015862	0.000059	99.602947	3.9
1751	893.486927	51.045633	0.000059	34.291911	3.9
1752	881.806942	51.052841	0.000059	62.281767	3.5
1753	916.802954	51.051836	0.000059	152.010875	3.1
1754	883.990535	51.053101	0.000059	27.823790	3.2
1755	879.646290	51.080237	0.000059	148.755300	3.1
1756	868.815983	51.074333	0.000059	116.157325	4.3
1757	892.246773	51.063847	0.000059	58.786339	3.9
1758	895.438801	51.081353	0.000059	49.884759	5.0
1759	882.924629	51.075236	0.000059	121.241431	4.7
1760	874.172500	51.066175	0.000059	43.980919	4.1
1761	862.245322	51.082183	0.000059	110.461593	3.9
1762	897.083922	51.079621	0.000059	72.534994	3.8
1763	903.857545	51.153462	0.000059	63.227156	3.1
1764	851.794162	51.146346	0.000059	69.298889	3.3
1765	891.702357	51.142078	0.000059	41.569436	5.6
1766	873.934727	51.147813	0.000059	77.690523	3.1
1767	886.493343	51.154268	0.000059	30.456586	4.4
1768	889.112109	51.157155	0.000059	152.432449	4.7
1769	889.154023	51.168487	0.000059	82.589533	4.1
1770	879.844958	51.460472	0.000058	57.431612	4.0
1771	888.418329	51.452904	0.000058	37.145536	3.7
1772	880.911321	51.454792	0.000058	75.124876	5.3
1773	872.878839	51.459008	0.000058	46.720576	4.5
1774	879.140218	51.464361	0.000058	58.113899	3.4
1775	878.251942	51.466832	0.000058	82.146666	3.8
1776	866.280918	51.468565	0.000058	58.002844	4.7
1777	856.671786	51.482762	0.000058	62.368229	4.2
1778	873.567948	51.484258	0.000058	40.541096	3.8
1779	880.378900	51.496658	0.000058	21.667812	3.9
1780	900.111960	51.494686	0.000058	56.987937	3.2
1781	892.107848	51.493544	0.000058	95.400597	3.4
1782	904.512418	51.521057	0.000058	108.287383	4.2
1783	865.302293	51.687422	0.000058	47.434217	4.8
1784	873.372478	51.718820	0.000058	74.504696	2.3
1785	892.630072	51.732055	0.000058	62.282447	3.1
1786	905.179164	51.734383	0.000058	84.811582	4.5
1787	876.440875	51.761721	0.000058	36.655906	3.9
1788	901.109755	51.771340	0.000058	39.450141	3.9
1789	885.720803	51.767428	0.000058	63.805680	4.1
1790	906.627726	51.766042	0.000058	67.359515	4.3
1791	890.217900	51.780850	0.000058	22.892076	4.1
1792	883.002871	51.777410	0.000058	29.722996	5.0
1793	881.438052	51.778930	0.000058	23.437771	3.5
1794	884.496857	51.779249	0.000058	8.025322	3.5
1795	884.886278	51.779067	0.000058	81.736236	3.5
1796	892.730381	51.778515	0.000058	72.493321	3.4
1797	878.718073	51.811534	0.000058	48.036175	3.1
1798	862.192297	51.804585	0.000058	67.405265	3.1
1799	887.102494	51.804772	0.000058	41.150111	2.6
1800	881.484151	51.813949	0.000058	62.276382	5.8
1801	896.420648	51.809262	0.000058	55.477380	4.4
1802	875.579056	51.812184	0.000058	49.275727	4.0
1803	858.701809	51.809097	0.000058	30.851025	2.7
1804	880.984608	51.805678	0.000058	54.609848	3.9
1805	891.981715	51.803524	0.000058	39.892729	4.2
1806	880.270063	51.805195	0.000058	59.298319	3.8
1807	877.466655	51.806552	0.000058	24.838818	3.7
1808	872.139355	51.804069	0.000058	36.570556	4.4
1809	873.110880	51.801863	0.000058	111.134025	3.7
1810	877.126912	51.816199	0.000058	97.607823	3.5
1811	902.412230	51.998140	0.000058	63.700737	3.6
1812	869.732683	52.020731	0.000058	79.743371	3.5
1813	874.529371	52.023406	0.000058	69.308232	3.2
1814	860.522161	52.059946	0.000058	49.964935	3.1
1815	881.441239	52.072465	0.000058	23.911013	4.4
1816	872.675866	52.071683	0.000058	119.609016	5.0
1817	871.335089	52.067466	0.000058	34.539966	5.3
1818	899.892475	52.066358	0.000058	103.746356	5.0
1819	901.985722	52.067114	0.000058	50.472733	4.6
1820	876.215320	52.060579	0.000058	39.688722	4.6
1821	877.987299	52.058315	0.000058	90.983917	5.0
1822	876.432741	52.075368	0.000058	56.507071	3.3
1823	886.603067	52.114043	0.000058	64.814427	3.3
1824	853.847440	52.119499	0.000058	91.864623	6.0
1825	876.644279	52.115334	0.000058	28.294763	3.0
1826	883.394573	52.121316	0.000058	74.355578	3.1
1827	868.828816	52.120319	0.000058	44.481435	4.0
1828	874.044393	52.116444	0.000058	70.462291	5.0
1829	883.515000	52.109808	0.000058	61.086390	2.9
1830	885.618403	52.108196	0.000058	66.911189	2.8
1831	888.731377	52.116129	0.000058	76.862359	2.7
1832	889.160624	52.109344	0.000058	50.808914	4.4
1833	909.868729	52.110884	0.000058	102.062224	2.9
1834	879.785311	52.134572	0.000058	18.281925	3.6
1835	895.579953	52.133023	0.000058	71.682125	4.2
1836	873.680905	52.134482	0.000058	93.859847	4.4
1837	884.572277	52.143909	0.000058	100.304266	3.2
1838	885.007675	52.152610	0.000058	61.703324	3.1
1839	885.355379	52.146535	0.000058	35.265691	3.2
1840	867.172763	52.152086	0.000058	112.699520	3.3
1841	902.206184	52.145412	0.000058	40.025023	2.7
1842	867.659641	52.140386	0.000058	24.795688	2.7
1843	866.090345	52.141417	0.000058	134.045585	2.7
1844	878.549594	52.145217	0.000058	81.057403	3.9
1845	888.950277	52.382293	0.000058	85.918491	4.0
1846	869.664135	52.404467	0.000058	64.134348	2.8
1847	877.745660	52.401108	0.000058	50.207022	4.1
1848	882.222128	52.395019	0.000058	20.164222	3.1
1849	899.879898	52.397909	0.000058	112.271071	5.0
1850	872.166084	52.402319	0.000058	149.048731	4.9
1851	885.325847	52.530717	0.000057	84.304342	4.7
1852	865.773139	52.557294	0.000057	30.914183	4.5
1853	883.204390	52.552751	0.000057	52.296791	4.7
1854	889.149315	52.554518	0.000057	28.217826	3.7
1855	881.445343	52.552487	0.000057	29.352746	6.1
1856	886.536743	52.550278	0.000057	29.660417	3.0
1857	886.306333	52.548015	0.000057	131.073566	3.3
1858	884.727337	52.541972	0.000057	195.561318	3.9
1859	888.372115	53.238462	0.000057	94.326546	3.7
1860	860.883317	53.771774	0.000057	48.052677	2.7
1861	907.401296	53.769762	0.000057	99.116749	4.6
1862	888.252808	53.762552	0.000057	97.639061	4.0
1863	879.527378	53.753417	0.000057	51.293203	3.5
1864	868.954383	53.791831	0.000057	104.640672	2.8
1865	874.438768	53.783785	0.000057	100.829566	2.8
1866	884.411726	53.773935	0.000057	107.544174	4.0
1867	873.889235	53.814164	0.000057	29.158336	3.7
1868	894.831025	53.816878	0.000057	38.043697	3.1
1869	885.150081	53.815205	0.000057	20.865925	2.3
1870	879.437321	53.816293	0.000057	80.535163	5.0
1871	879.606729	53.821762	0.000057	47.400276	3.8
1872	895.192587	53.815994	0.000057	19.912557	2.7
1873	877.820063	53.815102	0.000057	86.406118	6.5
1874	885.807539	53.814781	0.000057	52.280452	5.0
1875	901.581002	53.810404	0.000057	59.656806	2.5
1876	878.700953	53.817685	0.000057	44.507391	4.8
1877	885.267060	53.820341	0.000057	67.119240	5.3
1878	888.430062	53.826274	0.000057	52.942139	2.4
1879	883.555837	53.837936	0.000056	27.510307	2.5
1880	886.779176	53.835142	0.000056	54.879100	4.9
1881	895.196557	53.841110	0.000056	67.249943	2.8
1882	891.630376	53.841768	0.000056	54.020082	3.7
1883	888.997313	53.839795	0.000056	63.083084	2.9
1884	886.463623	53.851002	0.000056	66.713810	2.9
1885	874.956310	53.855106	0.000056	38.336225	4.8
1886	885.643891	53.853898	0.000056	85.031650	4.2
1887	876.342536	53.853024	0.000056	34.301980	3.4
1888	882.725980	53.855183	0.000056	64.904913	3.9
1889	880.569110	53.850509	0.000056	105.411191	3.6
1890	886.419401	53.846985	0.000056	70.780219	3.1
1891	873.923314	53.913350	0.000056	53.367849	2.8
1892	871.738046	53.932859	0.000056	55.168302	3.4
1893	894.995801	53.944950	0.000056	81.190179	4.8
1894	866.166600	53.943021	0.000056	42.679378	4.8
1895	883.886917	53.962068	0.000056	41.139290	4.5
1896	892.053025	53.968133	0.000056	68.458119	3.2
1897	870.868490	53.973418	0.000056	53.548904	3.2
1898	878.275372	53.984746	0.000056	59.677993	3.5
1899	903.735027	53.985900	0.000056	108.420296	2.6
1900	870.093641	53.983394	0.000056	60.634101	4.8
1901	890.679257	54.006852	0.000056	63.004698	2.9
1902	863.477779	53.999881	0.000056	59.759858	4.0
1903	876.688947	53.994455	0.000056	63.410162	2.8
1904	881.464740	53.989316	0.000056	68.711379	3.2
1905	906.564824	53.986038	0.000056	95.720655	4.9
1906	885.772094	54.002052	0.000056	82.846502	6.0
1907	880.942461	54.031850	0.000056	80.367846	4.9
1908	901.664732	54.067686	0.000056	32.775569	4.7
1909	846.170276	54.064815	0.000056	82.782050	5.1
1910	878.235914	54.069275	0.000056	68.224640	4.0
1911	891.731327	54.117077	0.000056	75.133572	3.3
1912	883.819457	54.158313	0.000056	56.168178	2.7
1913	882.278297	54.151264	0.000056	80.201158	2.4
1914	892.987481	54.161601	0.000056	64.248010	4.9
1915	901.050113	54.175054	0.000056	68.390489	4.9
1916	868.049008	54.185540	0.000056	76.330052	4.6
1917	898.767067	54.198706	0.000056	45.098602	4.5
1918	874.972169	54.205124	0.000056	36.669294	3.8
1919	883.216887	54.201796	0.000056	97.066836	3.3
1920	873.566053	54.196218	0.000056	66.031362	4.6
1921	882.021820	54.193978	0.000056	94.751177	3.7
1922	892.192595	54.208345	0.000056	89.861697	3.3
1923	863.141214	54.207842	0.000056	61.522073	4.4
1924	873.732305	54.241411	0.000056	54.577181	3.2
1925	899.997968	54.236292	0.000056	45.793608	5.5
1926	873.177692	54.241153	0.000056	68.245981	4.6
1927	881.004649	54.236960	0.000056	39.943347	3.2
1928	885.037305	54.246280	0.000056	100.712397	3.6
1929	864.353295	54.257534	0.000056	59.652732	4.0
1930	874.364999	54.307819	0.000056	22.783813	5.5
1931	872.656348	54.309550	0.000056	49.549809	5.2
1932	898.611087	54.310467	0.000056	56.860857	4.7
1933	866.463159	54.319986	0.000056	39.404245	4.2
1934	891.924752	54.316849	0.000056	38.863371	4.1
1935	854.827204	54.321027	0.000056	91.862320	3.2
1936	886.551766	54.320361	0.000056	36.396347	4.8
1937	883.264895	54.327969	0.000056	36.406440	5.7
1938	892.115103	54.324473	0.000056	62.565346	2.9
1939	887.001054	54.327871	0.000056	57.467895	5.1
1940	905.361418	54.346517	0.000056	65.515020	3.3
1941	877.339135	54.339550	0.000056	44.686863	3.2
1942	860.887244	54.344923	0.000056	78.791050	3.3
1943	863.115710	54.341502	0.000056	68.706851	3.5
1944	866.829206	54.342390	0.000056	120.295963	3.7
1945	885.593485	54.335095	0.000056	72.407372	6.0
1946	886.264732	54.381733	0.000056	81.965375	3.1
1947	846.612659	54.374683	0.000056	71.179213	3.2
1948	860.620257	54.404591	0.000056	49.342109	4.1
1949	871.010428	54.424048	0.000056	51.554838	3.6
1950	872.387457	54.419953	0.000056	64.635997	3.3
1951	881.992306	54.421757	0.000056	81.155546	3.3
1952	897.314487	54.447338	0.000056	72.405761	3.4
1953	878.118410	54.439822	0.000056	93.686806	3.3
1954	892.402894	54.431208	0.000056	60.816893	4.7
1955	866.553109	54.484526	0.000056	43.177441	3.4
1956	898.549112	54.484083	0.000056	74.163062	3.0
1957	882.803401	54.484536	0.000056	89.127420	3.0
1958	883.624866	54.511114	0.000056	68.756240	4.0
1959	874.949923	54.530956	0.000056	81.282771	3.9
1960	877.739262	54.522470	0.000056	39.653569	3.1
1961	856.336561	54.522733	0.000056	91.488962	3.1
1962	888.079745	54.516513	0.000056	51.760685	3.4
1963	870.123764	54.551619	0.000056	89.712343	5.1
1964	884.262351	54.582438	0.000056	138.301878	4.9
1965	879.312604	54.890810	0.000056	52.563437	3.1
1966	871.609259	54.917618	0.000056	45.468995	2.4
1967	881.495200	54.924229	0.000056	45.502073	2.7
1968	864.797422	54.922454	0.000056	75.406008	4.1
1969	880.724506	54.917522	0.000056	27.350370	2.1
1970	885.793410	54.918410	0.000056	92.965772	4.3
1971	864.499504	54.914329	0.000056	106.649797	2.4
1972	895.403485	54.973828	0.000056	49.283953	2.1
1973	907.094784	54.991020	0.000056	120.397573	2.1
1974	869.866300	54.987151	0.000056	106.462927	2.0
1975	871.864310	55.369325	0.000055	31.263322	2.1
1976	897.017268	55.365919	0.000055	60.038102	2.1
1977	872.388817	55.368590	0.000055	82.093371	3.4
1978	899.687830	55.400716	0.000055	65.916193	3.8
1979	874.955483	55.440397	0.000055	68.147035	2.1
1980	869.602979	55.434352	0.000055	31.511563	3.4
1981	895.265398	55.443337	0.000055	28.317709	4.5
1982	896.967446	55.443497	0.000055	34.660095	2.1
1983	877.719267	55.443003	0.000055	47.587187	2.3
1984	868.398275	55.440712	0.000055	68.313971	2.0
1985	891.996720	55.454630	0.000055	66.043920	9.1
1986	886.762097	55.471906	0.000055	34.967653	2.5
1987	874.819277	55.475678	0.000055	92.209957	5.5
1988	868.010983	55.491386	0.000055	101.200234	3.1
1989	887.033504	55.482333	0.000055	59.531621	3.3
1990	873.878377	55.479366	0.000055	62.351418	4.0
1991	865.404103	55.475100	0.000055	34.341352	4.0
1992	898.130333	55.474435	0.000055	93.902501	4.0
1993	883.428303	55.470029	0.000055	12.290229	5.1
1994	879.340563	55.470404	0.000055	38.002045	4.6
1995	898.853172	55.471024	0.000055	61.331763	4.5
1996	896.433231	55.466987	0.000055	44.604446	4.0
1997	881.313003	55.463385	0.000055	25.381324	4.2
1998	880.810558	55.466049	0.000055	31.771331	4.2
1999	869.717591	55.465769	0.000055	64.508580	3.1
