1:ItNr	2:Metric	3a:Time	3b:StepSize	4:||Gradient||	Time[ms]
0	98431.377990	0.000000	0.000300	7366.750014	213.1
1	81527.241049	0.000000	0.000300	7333.179101	1.6
2	64376.291225	0.000000	0.000300	9857.643435	1.5
3	35037.005712	0.000000	0.000300	8893.448586	1.5
4	13983.117904	0.000000	0.000300	7185.700761	1.4
5	4407.196812	0.000000	0.000300	2306.418614	1.6
6	2958.890943	0.000000	0.000300	867.672796	1.6
7	2851.893915	0.000000	0.000300	629.521938	1.6
8	2758.146576	0.000000	0.000300	278.039628	1.6
9	2826.425074	0.000000	0.000300	263.013174	1.6
10	2589.368865	0.000000	0.000300	201.485316	1.6
11	2628.641193	0.000000	0.000300	228.467420	1.7
12	2676.553126	0.000000	0.000300	227.511003	1.7
13	2579.352414	0.000000	0.000300	197.022242	1.7
14	2597.394041	0.000000	0.000300	207.342887	1.6
15	2745.897324	0.000000	0.000300	207.000127	1.7
16	2622.472072	0.000000	0.000300	189.570584	1.7
17	2740.528279	0.000000	0.000300	201.821708	1.8
18	2662.453314	0.000000	0.000300	217.162596	2.0
19	2661.386039	0.000000	0.000300	197.827272	3.2
20	2548.424223	0.000000	0.000300	188.147115	3.6
21	2534.843669	0.000000	0.000300	186.495816	3.3
22	2659.470542	0.000000	0.000300	196.993815	2.6
23	2449.896431	0.000000	0.000300	206.793766	2.4
24	2595.516508	0.000000	0.000300	234.349261	2.6
25	2474.357069	0.000000	0.000300	236.515762	4.5
26	2493.045674	0.000000	0.000300	178.891529	2.4
27	2588.460941	0.000000	0.000300	202.206470	2.4
28	2507.697053	0.000000	0.000300	302.357079	2.7
29	2357.027504	0.000000	0.000300	251.449379	2.9
30	2505.512203	0.023509	0.000300	185.177597	4.8
31	2487.431966	0.013957	0.000300	170.781257	2.9
32	2552.929314	0.001068	0.000300	191.049715	2.7
33	2494.988238	0.000000	0.000300	212.118835	2.6
34	2490.271230	0.000000	0.000300	285.387166	2.8
35	2437.786792	0.000000	0.000300	253.769334	2.9
36	2418.607646	0.049556	0.000299	164.886955	2.9
37	2394.934708	0.035804	0.000299	225.783317	2.8
38	2418.012428	0.021570	0.000300	246.546696	2.4
39	2386.526968	0.016995	0.000300	157.368347	2.2
40	2208.267303	0.004739	0.000300	253.346034	2.2
41	2496.791858	0.000000	0.000300	233.468507	2.1
42	2451.960589	0.018771	0.000300	165.632629	2.1
43	2438.838957	0.007143	0.000300	163.213485	2.0
44	2344.790258	0.000000	0.000300	188.871065	2.1
45	2461.368301	0.000000	0.000300	235.151754	2.0
46	2351.157308	0.000000	0.000300	185.294460	2.1
47	2328.222073	0.000000	0.000300	211.810842	2.0
48	2443.429029	0.000000	0.000300	206.939673	1.9
49	2352.025435	0.000623	0.000300	204.440334	2.0
50	2453.867077	0.000000	0.000300	234.539379	2.0
51	2341.277281	0.000000	0.000300	159.833732	2.0
52	2286.767093	0.000000	0.000300	153.965747	2.0
53	2329.180474	0.000000	0.000300	144.265475	2.0
54	2402.088596	0.000000	0.000300	359.223760	2.0
55	2279.350172	0.000000	0.000300	435.676573	1.9
56	2334.193515	0.971736	0.000287	168.854637	2.0
57	2316.153401	0.976908	0.000287	249.715158	1.9
58	2332.442555	0.961813	0.000287	208.132682	2.0
59	2354.085026	0.968650	0.000287	155.248370	1.9
60	2268.951153	0.956218	0.000287	186.496678	2.0
61	2252.599694	0.943032	0.000287	164.088724	1.9
62	2237.678299	0.937060	0.000287	164.390845	1.9
63	2279.033935	0.933242	0.000287	205.502125	1.9
64	2304.602435	0.933602	0.000287	135.319425	1.9
65	2289.573490	0.923505	0.000287	197.413337	1.9
66	2309.413017	0.911045	0.000287	300.673079	1.9
67	2222.793071	0.976619	0.000287	161.377192	1.9
68	2232.979816	0.979530	0.000286	166.551436	2.0
69	2269.495008	0.966556	0.000287	142.745224	1.9
70	2159.279127	0.954225	0.000287	175.460872	1.9
71	2126.817248	0.942359	0.000287	166.812265	2.0
72	2245.537182	0.936525	0.000287	161.586923	2.1
73	2154.887041	0.929485	0.000287	180.581142	4.4
74	2243.593056	0.923965	0.000287	156.134625	4.4
75	2201.497685	0.918279	0.000287	143.419990	3.7
76	2261.148973	0.906590	0.000287	201.405231	3.7
77	2102.038991	0.894226	0.000288	166.874620	3.5
78	2267.536075	0.891808	0.000288	177.975965	2.8
79	2113.580917	0.879397	0.000288	166.648035	2.9
80	2256.032431	0.867257	0.000288	170.478935	2.9
81	2148.973272	0.856480	0.000288	264.685483	2.7
82	2154.825733	0.864158	0.000288	261.205704	2.5
83	2226.647853	0.994208	0.000286	166.504267	2.6
84	2181.390526	0.983656	0.000286	222.062710	2.5
85	2216.524240	0.979393	0.000286	164.785170	2.4
86	2210.988010	0.979459	0.000286	411.941869	2.5
87	2063.906403	0.963645	0.000287	242.943853	4.7
88	2144.313787	1.679807	0.000278	153.189713	5.2
89	1999.393206	1.665160	0.000278	203.891094	4.8
90	2098.199493	1.651089	0.000278	147.608044	3.7
91	2071.396867	1.650582	0.000278	137.694112	3.5
92	2069.292781	1.642075	0.000278	129.147416	3.4
93	2121.595132	1.633112	0.000278	149.233681	3.4
94	2097.421193	1.622257	0.000278	195.191470	4.1
95	2127.552958	1.618752	0.000278	167.083223	4.1
96	2017.035181	1.611438	0.000278	171.705594	4.3
97	2071.300822	1.598718	0.000279	135.972033	4.4
98	2102.951568	1.593420	0.000279	138.069541	3.5
99	2066.232736	1.583279	0.000279	165.197505	4.8
100	1951.028532	1.574805	0.000279	161.969707	3.4
101	2086.698992	1.578061	0.000279	135.020356	3.5
102	2162.539432	1.571541	0.000279	241.878966	3.4
103	2183.904064	1.558458	0.000279	166.416040	2.8
104	1965.837624	1.581203	0.000279	235.802998	2.5
105	2030.505759	1.566058	0.000279	167.093217	2.6
106	2030.672899	1.595467	0.000279	181.448366	2.5
107	2052.191572	1.586468	0.000279	108.263599	2.3
108	1954.656204	1.577207	0.000279	182.710398	2.2
109	1977.106070	1.567947	0.000279	154.724047	2.2
110	1998.407947	1.568918	0.000279	117.278794	2.2
111	1997.384421	1.560766	0.000279	130.278758	2.4
112	2117.466260	1.556261	0.000279	139.177145	4.4
113	2090.403293	1.549342	0.000279	149.547322	4.5
114	2053.361569	1.538359	0.000279	150.771554	3.7
115	1917.214210	1.532073	0.000279	150.160584	3.6
116	1991.793616	1.534825	0.000279	157.671750	3.6
117	2077.909948	1.526890	0.000280	143.820193	2.8
118	2057.997994	1.526658	0.000280	142.614985	2.8
119	1994.875937	1.517586	0.000280	133.289481	2.8
120	1968.684122	1.509498	0.000280	125.442859	2.5
121	2007.197379	1.499520	0.000280	110.028883	2.6
122	1933.456303	1.490657	0.000280	162.146177	2.5
123	2038.403839	1.481341	0.000280	176.540568	2.4
124	1976.124788	1.467971	0.000280	142.414000	2.3
125	1959.658054	1.466324	0.000280	162.969512	2.3
126	1959.156670	1.464164	0.000280	191.817760	2.2
127	2047.802192	1.455310	0.000280	131.423893	2.3
128	1972.723151	1.445043	0.000281	130.601645	2.2
129	2022.748325	1.434896	0.000281	129.532080	2.0
130	2021.474232	1.426446	0.000281	125.690399	2.0
131	1949.654362	1.421477	0.000281	194.954224	2.2
132	1948.845645	1.410707	0.000281	193.146076	4.7
133	1935.924223	1.454224	0.000280	104.107529	4.4
134	2007.086667	1.445542	0.000281	202.714095	4.4
135	1918.950509	1.437934	0.000281	153.304878	3.8
136	1873.462916	1.458530	0.000280	111.557183	3.8
137	1916.640568	1.450966	0.000280	106.383713	3.6
138	1995.821930	1.445287	0.000281	182.271513	2.9
139	1927.667774	1.434891	0.000281	108.929594	2.9
140	1953.808230	1.426423	0.000281	142.449434	2.9
141	1884.014542	1.417184	0.000281	122.483453	2.5
142	1953.380858	1.408819	0.000281	137.418271	2.5
143	1962.828582	1.407433	0.000281	153.221127	2.5
144	1897.115793	1.395495	0.000281	245.851300	2.5
145	1942.901876	1.443246	0.000281	132.981072	2.6
146	1969.831775	1.468060	0.000280	87.154895	2.6
147	1928.148398	1.460893	0.000280	110.651863	2.6
148	1971.482722	1.453404	0.000280	109.901865	2.5
149	1859.619163	1.445568	0.000281	157.377935	2.4
150	1916.023919	1.439807	0.000281	185.393119	2.3
151	1953.568028	1.462189	0.000280	129.449419	2.3
152	1943.028564	1.462572	0.000280	108.961194	2.4
153	1835.992995	1.462185	0.000280	136.641661	4.7
154	1887.622957	1.453569	0.000280	122.050811	4.7
155	1939.201835	1.453656	0.000280	103.968375	3.6
156	1928.097610	1.445916	0.000281	116.314624	4.0
157	1849.496165	1.441280	0.000281	80.836444	2.6
158	1976.703389	1.436457	0.000281	107.728374	3.0
159	1874.918681	1.430292	0.000281	172.778275	3.1
160	1924.560216	1.424959	0.000281	167.055188	3.0
161	1952.375756	1.452664	0.000280	163.108437	2.6
162	1794.357556	1.439267	0.000281	232.245447	2.3
163	1876.009766	1.495759	0.000280	195.533695	2.3
164	1949.285546	1.634851	0.000278	108.981863	2.3
165	1903.866674	1.625698	0.000278	154.504044	4.5
166	1828.824400	1.622278	0.000278	89.172474	2.2
167	1881.479988	1.614893	0.000278	92.115457	2.7
168	1862.568169	1.609170	0.000279	111.840127	4.8
169	1903.160544	1.603686	0.000279	95.886983	4.6
170	1821.829088	1.597485	0.000279	95.071395	4.6
171	1882.388076	1.592788	0.000279	84.518912	4.5
172	1894.139949	1.588332	0.000279	115.490907	4.3
173	1869.891990	1.585091	0.000279	141.425587	3.6
174	1885.579368	1.573986	0.000279	106.615326	3.6
175	1827.823863	1.576062	0.000279	93.185773	3.1
176	1781.938212	1.570750	0.000279	119.736465	2.8
177	1865.556521	1.564469	0.000279	93.065146	2.7
178	1873.350940	1.556454	0.000279	133.318969	2.7
179	1793.832107	1.556246	0.000279	89.210228	2.3
180	1868.458979	1.548347	0.000279	95.253218	2.4
181	1814.251484	1.545909	0.000279	157.347298	2.5
182	1832.863720	1.538412	0.000279	182.042080	2.4
183	1779.559524	1.570981	0.000279	80.139544	2.2
184	1886.216937	1.561579	0.000279	141.580857	2.2
185	1776.438205	1.562778	0.000279	116.063465	2.2
186	1822.509683	1.574524	0.000279	149.007756	2.2
187	1849.307365	1.585983	0.000279	110.902190	2.1
188	1816.326641	1.596388	0.000279	73.198864	2.0
189	1773.442633	1.591170	0.000279	112.054872	2.0
190	1799.208205	1.585034	0.000279	87.871551	2.0
191	1847.552068	1.582202	0.000279	82.709726	1.9
192	1856.538096	1.579914	0.000279	116.595518	2.0
193	1890.736937	1.578772	0.000279	164.727370	2.0
194	1880.545740	1.566589	0.000279	123.722042	2.0
195	1797.630934	1.586577	0.000279	112.803995	1.9
196	1766.790321	1.591145	0.000279	216.153872	2.0
197	1793.959647	1.602813	0.000279	81.099175	1.9
198	1795.949747	1.609813	0.000279	90.205275	2.0
199	1847.042110	1.603535	0.000279	123.294163	2.0
200	1867.662594	1.595847	0.000279	60.134528	1.9
201	1791.901951	1.592790	0.000279	68.728451	1.9
202	1840.520437	1.588620	0.000279	151.967305	2.0
203	1814.808275	1.587895	0.000279	249.049843	1.9
204	1771.461912	1.685184	0.000278	91.419901	1.9
205	1857.501264	1.694735	0.000277	151.370901	1.9
206	1798.056998	1.686259	0.000278	202.471427	1.9
207	1797.628266	1.746889	0.000277	146.517377	2.0
208	1823.425590	1.802755	0.000276	141.116964	2.1
209	1827.890939	1.827443	0.000276	112.069606	2.2
210	1772.632955	1.838557	0.000276	61.887750	2.3
211	1797.880735	1.834072	0.000276	100.625203	2.2
212	1724.444949	1.832447	0.000276	139.237081	2.3
213	1817.886581	1.845588	0.000276	109.968601	2.3
214	1835.934125	1.865301	0.000275	173.198242	2.3
215	1744.748752	1.884474	0.000275	117.365622	2.3
216	1825.013180	1.916465	0.000275	122.519382	2.3
217	1746.275588	1.925082	0.000275	154.894199	2.4
218	1796.787429	1.939411	0.000275	117.046716	2.3
219	1776.601265	1.944961	0.000274	82.671613	2.5
220	1786.451691	1.948752	0.000274	58.577977	4.9
221	1769.431599	1.945031	0.000274	76.897672	3.4
222	1813.423702	1.941603	0.000274	81.388916	2.9
223	1798.566550	1.936049	0.000275	132.176865	2.8
224	1741.834853	1.941607	0.000274	123.096242	3.0
225	1789.666405	1.960301	0.000274	88.741783	3.0
226	1838.623778	1.965646	0.000274	159.713292	3.0
227	1849.504707	1.955529	0.000274	174.878449	2.5
228	1803.877316	2.018500	0.000274	92.668915	2.5
229	1854.864276	2.033261	0.000273	164.390564	2.4
230	1809.175887	2.036025	0.000273	82.335749	2.4
231	1740.310067	2.034695	0.000273	127.931189	3.3
232	1875.030049	2.029362	0.000273	141.675057	2.2
233	1785.607160	2.036350	0.000273	83.213365	2.2
234	1774.125305	2.041887	0.000273	66.924006	2.4
235	1702.667763	2.039282	0.000273	154.398777	5.0
236	1773.611209	2.043592	0.000273	69.152253	4.8
237	1759.366584	2.046419	0.000273	63.542046	4.9
238	1781.204597	2.044200	0.000273	125.701710	4.9
239	1759.438055	2.043780	0.000273	71.684042	3.0
240	1743.423346	2.048066	0.000273	113.201982	3.1
241	1820.405729	2.042877	0.000273	143.886296	3.1
242	1761.600270	2.063656	0.000273	97.285120	2.8
243	1783.477911	2.073592	0.000273	91.536662	2.4
244	1820.843400	2.079716	0.000273	74.794291	2.7
245	1770.869495	2.081004	0.000273	121.926134	2.5
246	1742.111588	2.086903	0.000273	73.777209	2.3
247	1804.452881	2.094579	0.000273	97.342496	2.3
248	1709.308386	2.088718	0.000273	191.527797	2.2
249	1764.135156	2.079811	0.000273	276.090333	3.2
250	1789.143751	2.428781	0.000269	146.955996	2.2
251	1793.297122	2.561596	0.000267	59.731698	2.2
252	1775.270608	2.558228	0.000267	153.707616	2.2
253	1766.595323	2.558373	0.000267	170.850382	2.1
254	1792.071722	2.596697	0.000267	163.109128	2.2
255	1718.789884	2.626393	0.000267	59.262399	2.0
256	1767.489894	2.633479	0.000266	49.711467	2.0
257	1767.905293	2.631143	0.000266	105.549188	2.0
258	1715.491129	2.631815	0.000266	80.876829	1.9
259	1772.966861	2.635099	0.000266	82.700841	2.0
260	1794.299409	2.631709	0.000266	90.385421	2.1
261	1888.302029	2.627442	0.000267	46.146260	2.0
262	1754.361832	2.627370	0.000267	82.060882	2.0
263	1745.937688	2.624830	0.000267	56.086752	2.0
264	1773.653648	2.620309	0.000267	70.773872	2.1
265	1741.742430	2.621145	0.000267	44.141249	2.0
266	1713.666692	2.619358	0.000267	53.645283	2.0
267	1796.035123	2.618142	0.000267	73.578150	2.0
268	1825.463591	2.614746	0.000267	74.772863	2.0
269	1802.233371	2.615079	0.000267	205.902403	2.0
270	1815.567574	2.614365	0.000267	115.806453	2.0
271	1733.180991	2.668910	0.000266	87.500373	2.0
272	1755.780328	2.661939	0.000266	53.618217	1.9
273	1802.776782	2.660235	0.000266	150.617694	1.9
274	1767.208269	2.656315	0.000266	130.930909	2.0
275	1756.863976	2.693967	0.000266	114.546861	1.9
276	1823.138261	2.707208	0.000266	121.171708	2.0
277	1730.200268	2.718486	0.000265	92.089392	2.0
278	1796.263654	2.721112	0.000265	53.213913	2.0
279	1720.181372	2.723436	0.000265	100.116519	2.0
280	1727.932086	2.718335	0.000265	105.503486	2.0
281	1724.663586	2.728901	0.000265	110.254736	2.0
282	1767.707206	2.719607	0.000265	99.617533	2.0
283	1761.306842	2.721357	0.000265	136.803720	2.0
284	1776.402316	2.722425	0.000265	143.840809	2.0
285	1720.895150	2.752906	0.000265	226.895056	2.0
286	1786.088576	2.868262	0.000264	145.631370	2.0
287	1768.590853	2.989866	0.000262	120.834466	2.0
288	1700.118670	3.022796	0.000262	138.958396	2.0
289	1778.175524	3.049043	0.000262	94.070847	1.9
290	1788.983732	3.058176	0.000262	73.662348	1.9
291	1741.513328	3.061445	0.000262	83.527919	1.9
292	1834.128098	3.058704	0.000262	146.008640	2.0
293	1776.272754	3.069783	0.000262	80.218270	2.0
294	1705.091342	3.081628	0.000261	49.346528	2.0
295	1702.725821	3.081141	0.000261	70.983477	2.0
296	1736.266541	3.083239	0.000261	105.032359	2.0
297	1787.671394	3.090157	0.000261	144.779684	2.0
298	1687.909223	3.108281	0.000261	81.522101	2.0
299	1739.076903	3.123489	0.000261	175.648095	1.9
300	1796.253750	3.119750	0.000261	163.240688	2.0
301	1784.743073	3.210122	0.000260	60.303169	2.0
302	1817.216417	3.209751	0.000260	60.423820	2.0
303	1867.394541	3.209743	0.000260	51.588733	2.0
304	1747.160961	3.209875	0.000260	122.678826	2.0
305	1766.847968	3.209290	0.000260	65.882932	2.0
306	1703.846248	3.217616	0.000260	121.323891	3.6
307	1828.216168	3.213407	0.000260	64.395437	2.5
308	1754.723432	3.216698	0.000260	43.941915	2.1
309	1741.389143	3.217842	0.000260	45.384566	2.1
310	1745.270348	3.215930	0.000260	44.314417	2.1
311	1833.129360	3.214172	0.000260	101.970477	2.1
312	1710.503156	3.215150	0.000260	69.801666	2.0
313	1754.313018	3.213560	0.000260	126.375624	2.1
314	1748.024674	3.222548	0.000260	73.856160	2.0
315	1724.128087	3.218509	0.000260	145.367900	2.0
316	1780.518339	3.221686	0.000260	54.735558	2.0
317	1737.197044	3.226475	0.000260	53.711531	2.0
318	1725.580499	3.227898	0.000260	86.346956	2.0
319	1744.529679	3.225829	0.000260	83.307897	2.0
320	1649.984499	3.224575	0.000260	92.986243	1.9
321	1852.453403	3.227369	0.000260	107.563263	1.9
322	1684.839392	3.237395	0.000260	69.117355	1.9
323	1668.339215	3.242483	0.000260	64.393425	2.0
324	1714.107317	3.239889	0.000260	70.872743	2.0
325	1757.406438	3.243086	0.000260	56.315258	3.4
326	1746.506981	3.245369	0.000260	78.192868	4.6
327	1787.388888	3.250217	0.000260	97.165408	4.0
328	1779.474826	3.259079	0.000260	108.995603	4.4
329	1695.427377	3.254133	0.000260	121.698849	4.5
330	1714.573980	3.273212	0.000259	54.791304	4.5
331	1780.735224	3.269814	0.000259	138.128185	3.9
332	1853.778000	3.274500	0.000259	47.670979	3.3
333	1780.654706	3.270778	0.000259	135.519447	3.6
334	1748.910450	3.274760	0.000259	50.376900	3.0
335	1786.989736	3.272135	0.000259	87.829141	2.8
336	1777.778226	3.274643	0.000259	78.544691	2.7
337	1687.592490	3.269708	0.000259	172.680840	2.8
338	1854.779420	3.274848	0.000259	183.549138	2.8
339	1761.997059	3.395392	0.000258	105.306182	2.7
340	1707.032481	3.428497	0.000258	88.174159	3.0
341	1769.579518	3.432326	0.000258	75.792896	2.7
342	1746.929548	3.437972	0.000258	115.882124	2.5
343	1736.420375	3.432344	0.000258	179.140296	2.5
344	1714.771362	3.466853	0.000257	106.366092	2.7
345	1745.736641	3.495570	0.000257	102.291432	3.7
346	1764.144250	3.496113	0.000257	87.950178	3.8
347	1647.434139	3.498390	0.000257	40.171957	3.8
348	1759.500050	3.498592	0.000257	42.040083	2.9
349	1779.077798	3.498462	0.000257	72.758173	2.9
350	1739.165615	3.498324	0.000257	36.431153	2.9
351	1778.005687	3.495908	0.000257	98.289665	2.7
352	1726.682808	3.496760	0.000257	57.797603	2.4
353	1761.964249	3.498074	0.000257	94.634082	2.5
354	1693.257825	3.493301	0.000257	57.928566	2.5
355	1667.186597	3.498350	0.000257	108.698855	2.5
356	1741.797849	3.493152	0.000257	102.072160	2.2
357	1733.958124	3.508857	0.000257	171.110390	2.2
358	1757.007679	3.498525	0.000257	183.336156	2.2
359	1760.303916	3.617635	0.000256	69.582086	2.3
360	1779.424383	3.640031	0.000256	117.673068	2.0
361	1828.895036	3.632863	0.000256	161.525927	2.0
362	1755.405319	3.673060	0.000255	72.303603	2.0
363	1748.578302	3.665244	0.000255	60.831076	2.0
364	1735.938461	3.669788	0.000255	38.337440	2.0
365	1797.970682	3.668830	0.000255	138.386320	2.0
366	1719.850228	3.673491	0.000255	126.863622	2.0
367	1685.846096	3.684069	0.000255	69.357185	2.0
368	1735.017711	3.678893	0.000255	61.453089	2.0
369	1737.745158	3.678579	0.000255	44.415712	2.0
370	1731.131582	3.675899	0.000255	42.393613	2.0
371	1755.242909	3.675694	0.000255	155.312230	2.0
372	1755.645813	3.682930	0.000255	151.361895	2.0
373	1717.738389	3.727457	0.000255	79.044025	2.0
374	1774.353021	3.746330	0.000254	62.624495	2.2
375	1732.785386	3.752818	0.000254	79.943325	4.7
376	1754.374976	3.755065	0.000254	62.873830	4.7
377	1795.867968	3.760860	0.000254	90.034807	4.7
378	1754.972520	3.762595	0.000254	119.111753	3.3
379	1706.839439	3.778104	0.000254	53.857210	2.5
380	1789.912398	3.784768	0.000254	43.819447	2.9
381	1625.251279	3.782883	0.000254	101.380199	2.9
382	1750.167987	3.780065	0.000254	153.028645	2.9
383	1751.287841	3.795202	0.000254	89.305641	2.3
384	1740.921045	3.791189	0.000254	28.568665	2.3
385	1764.346964	3.791782	0.000254	43.131058	2.2
386	1757.949124	3.791262	0.000254	61.528845	2.2
387	1734.068273	3.791891	0.000254	70.091760	2.3
388	1693.180892	3.789321	0.000254	36.068885	4.7
389	1685.098912	3.790215	0.000254	59.707403	4.6
390	1725.433191	3.788703	0.000254	49.279399	4.8
391	1679.415142	3.786105	0.000254	97.648082	4.6
392	1747.533935	3.791070	0.000254	54.037441	5.2
393	1771.302054	3.795665	0.000254	95.979843	3.6
394	1720.743738	3.791786	0.000254	125.427852	3.5
395	1763.283819	3.807693	0.000254	59.816389	3.6
396	1763.307788	3.809351	0.000254	44.498019	3.6
397	1751.291163	3.806644	0.000254	120.255050	3.6
398	1721.675711	3.804982	0.000254	75.292733	3.5
399	1630.202767	3.808292	0.000254	147.421667	3.5
400	1765.641298	3.812826	0.000254	68.846487	2.7
401	1710.835995	3.807556	0.000254	159.681447	2.7
402	1709.362131	3.811627	0.000254	61.431761	2.7
403	1771.177171	3.814343	0.000254	45.179107	2.8
404	1736.042276	3.815151	0.000254	39.918922	2.8
405	1691.724173	3.813527	0.000254	50.570091	3.1
406	1722.532003	3.813013	0.000254	71.886532	3.0
407	1780.495624	3.815468	0.000254	60.124331	2.6
408	1751.831195	3.817540	0.000254	43.600748	2.1
409	1731.766294	3.815043	0.000254	16.876589	2.1
410	1754.688374	3.814228	0.000254	61.324743	2.1
411	1826.994152	3.815157	0.000254	83.273402	2.1
412	1724.834705	3.812187	0.000254	104.547825	2.0
413	1783.052900	3.821423	0.000254	149.971810	2.0
414	1709.616464	3.852633	0.000253	139.373224	2.1
415	1823.059079	3.900982	0.000253	138.280992	4.8
416	1726.526463	3.947120	0.000252	108.074762	4.7
417	1701.683294	3.970176	0.000252	86.279814	4.5
418	1708.768050	3.980162	0.000252	70.665257	2.9
419	1778.965180	3.988100	0.000252	41.810746	2.9
420	1709.109154	3.986836	0.000252	76.144657	3.0
421	1722.916281	3.986449	0.000252	109.238526	2.8
422	1755.684473	3.998233	0.000252	38.399356	2.8
423	1729.928482	3.998578	0.000252	126.690316	2.8
424	1732.225070	4.002640	0.000252	159.640047	2.7
425	1706.592142	4.027206	0.000252	138.734661	2.7
426	1703.536225	4.030799	0.000252	48.935158	4.8
427	1731.014400	4.028466	0.000252	39.438575	4.8
428	1775.394225	4.028526	0.000252	67.800097	5.0
429	1661.269735	4.028892	0.000252	57.022913	3.9
430	1795.775020	4.025073	0.000252	136.878429	3.9
431	1678.413449	4.034095	0.000252	98.873224	3.7
432	1740.407901	4.056427	0.000251	90.347697	3.4
433	1720.815317	4.055006	0.000251	117.853024	3.4
434	1660.135185	4.072257	0.000251	47.127417	3.4
435	1783.123335	4.074868	0.000251	53.860324	2.6
436	1711.240641	4.072171	0.000251	27.476658	2.6
437	1759.472742	4.072266	0.000251	151.510915	2.7
438	1694.792666	4.075799	0.000251	145.967874	2.6
439	1713.314110	4.127071	0.000251	122.139152	2.6
440	1786.139823	4.167537	0.000250	103.772652	2.6
441	1683.540025	4.183526	0.000250	87.845977	2.5
442	1805.176834	4.196269	0.000250	237.514160	2.6
443	1789.815373	4.249649	0.000249	194.582487	2.5
444	1723.167549	4.552886	0.000246	53.137716	2.5
445	1735.759685	4.547902	0.000246	117.096385	2.5
446	1737.416886	4.551808	0.000246	68.099084	2.5
447	1745.190029	4.559540	0.000246	43.555238	3.4
448	1804.879777	4.561520	0.000246	54.992081	2.7
449	1732.740053	4.560275	0.000246	75.890449	4.8
450	1684.576038	4.564191	0.000246	86.027421	5.0
451	1731.378009	4.571904	0.000246	83.346237	2.4
452	1727.291646	4.580845	0.000246	58.335239	2.1
453	1736.196869	4.576971	0.000246	141.559462	2.0
454	1717.205585	4.588456	0.000246	110.483281	2.1
455	1760.771350	4.615441	0.000246	47.393136	3.3
456	1694.119614	4.615711	0.000246	121.575685	2.1
457	1795.803861	4.615108	0.000246	131.754360	2.2
458	1737.399020	4.649834	0.000245	76.225666	2.1
459	1734.449921	4.654956	0.000245	57.134075	2.1
460	1746.433582	4.660582	0.000245	47.624498	2.2
461	1711.800929	4.660115	0.000245	51.021242	2.8
462	1634.431483	4.661710	0.000245	68.744173	4.5
463	1686.609813	4.658763	0.000245	61.222685	2.7
464	1757.031100	4.663358	0.000245	72.354637	2.1
465	1813.489599	4.666297	0.000245	44.508079	1.9
466	1710.904757	4.664785	0.000245	55.670650	1.9
467	1778.307215	4.667470	0.000245	22.516406	1.9
468	1758.383905	4.667808	0.000245	85.746688	2.0
469	1667.161948	4.668555	0.000245	25.391931	4.2
470	1768.263721	4.669097	0.000245	76.018870	2.0
471	1816.298400	4.667155	0.000245	111.270753	2.1
472	1715.798454	4.663928	0.000245	26.303955	4.8
473	1721.716232	4.661777	0.000245	53.112566	4.7
474	1709.204491	4.662685	0.000245	63.090399	4.2
475	1769.858662	4.662315	0.000245	69.207778	3.5
476	1688.353587	4.664299	0.000245	50.145895	3.4
477	1689.385595	4.662252	0.000245	76.539606	3.1
478	1814.289879	4.662639	0.000245	118.691565	3.4
479	1680.653928	4.675150	0.000245	140.542189	3.2
480	1723.970492	4.685678	0.000245	77.916821	3.0
481	1747.378437	4.692044	0.000245	77.703215	4.1
482	1748.255327	4.686439	0.000245	110.673453	4.1
483	1796.634119	4.699223	0.000245	115.543454	4.4
484	1750.367080	4.722352	0.000245	71.027470	4.5
485	1775.579212	4.726984	0.000245	82.070569	3.7
486	1819.240908	4.732630	0.000245	101.639621	3.3
487	1766.644026	4.740517	0.000245	78.183456	3.2
488	1731.245759	4.736785	0.000245	50.466971	2.9
489	1713.567828	4.741260	0.000245	145.166473	2.7
490	1733.164454	4.736152	0.000245	125.511260	2.7
491	1766.288898	4.770398	0.000244	84.300414	2.7
492	1746.466671	4.788588	0.000244	53.255160	2.4
493	1797.045466	4.784961	0.000244	31.213840	2.4
494	1787.305438	4.784097	0.000244	103.459047	2.3
495	1692.584724	4.784620	0.000244	59.439711	2.4
496	1717.120551	4.779991	0.000244	49.158092	2.3
497	1694.475395	4.781611	0.000244	66.810724	2.2
498	1797.985976	4.783530	0.000244	114.455667	2.2
499	1831.416435	4.792861	0.000244	72.219713	2.1
500	1645.818325	4.803205	0.000244	100.949882	2.1
501	1705.079641	4.807591	0.000244	117.014880	2.2
502	1847.578303	4.829649	0.000244	56.066746	2.2
503	1765.849709	4.824554	0.000244	130.191274	2.2
504	1771.144599	4.829395	0.000244	87.685956	2.3
505	1770.413355	4.848744	0.000244	75.680743	2.2
506	1683.155158	4.848852	0.000244	71.148396	2.2
507	1746.321991	4.849800	0.000244	159.108904	2.1
508	1696.846407	4.844780	0.000244	66.795540	2.1
509	1782.606726	4.839077	0.000244	120.859430	2.1
510	1687.769887	4.849075	0.000244	66.828418	2.0
511	1723.279093	4.854808	0.000244	47.572193	2.0
512	1762.254299	4.858242	0.000244	73.954539	2.0
513	1791.079391	4.854834	0.000244	218.075024	2.0
514	1774.157391	4.876214	0.000243	221.933037	1.9
515	1747.382917	5.258424	0.000240	110.061808	1.9
516	1758.355314	5.321777	0.000239	19.470031	1.9
517	1749.848727	5.322080	0.000239	94.666841	2.0
518	1731.818100	5.323115	0.000239	56.783048	1.9
519	1723.863294	5.324368	0.000239	148.871373	1.9
520	1736.313571	5.321793	0.000239	34.402201	1.9
521	1775.615052	5.318329	0.000239	119.375930	1.9
522	1822.045754	5.321630	0.000239	93.257345	4.7
523	1749.884526	5.340541	0.000239	77.147852	2.0
524	1739.520133	5.347953	0.000239	80.487912	2.1
525	1680.717258	5.344942	0.000239	128.104056	2.0
526	1793.519022	5.357688	0.000239	75.405271	2.0
527	1774.630333	5.350439	0.000239	124.521627	2.1
528	1685.840156	5.362708	0.000239	36.561890	2.5
529	1679.498604	5.365551	0.000239	32.105780	4.7
530	1702.375554	5.364433	0.000239	37.628130	4.7
531	1700.498555	5.365196	0.000239	173.849494	4.5
532	1749.284569	5.366234	0.000239	127.825376	4.4
533	1721.597034	5.423571	0.000238	128.924001	3.7
534	1762.235087	5.414180	0.000238	36.765413	3.3
535	1752.307512	5.411685	0.000238	83.600789	3.3
536	1763.221937	5.413622	0.000238	96.940762	2.9
537	1760.676383	5.412171	0.000238	114.030334	2.7
538	1702.602550	5.426536	0.000238	76.789635	7.0
539	1761.497204	5.418845	0.000238	95.777851	3.1
540	1767.323450	5.430373	0.000238	64.676632	2.9
541	1762.455955	5.435271	0.000238	125.448595	5.0
542	1723.480591	5.443305	0.000238	43.984654	4.4
543	1744.492659	5.450392	0.000238	60.900893	4.4
544	1650.439946	5.450505	0.000238	76.525516	3.0
545	1718.486966	5.456776	0.000238	75.758487	2.6
546	1694.476650	5.455424	0.000238	56.720066	2.4
547	1693.383224	5.460262	0.000238	104.114875	2.3
548	1740.840018	5.456963	0.000238	152.725682	2.2
549	1700.773902	5.489932	0.000238	50.274711	2.2
550	1656.978089	5.487561	0.000238	110.745217	3.0
551	1790.474622	5.490634	0.000238	7.387141	4.9
552	1723.316873	5.490670	0.000238	112.847884	4.9
553	1710.149297	5.490628	0.000238	53.358427	4.6
554	1707.940069	5.495952	0.000238	88.946706	4.5
555	1746.165337	5.493529	0.000238	122.992883	4.0
556	1765.925918	5.495546	0.000238	151.952962	4.0
557	1708.959161	5.542096	0.000237	117.238130	3.6
558	1700.557882	5.541659	0.000237	115.155894	3.0
559	1750.454179	5.565675	0.000237	103.882393	2.9
560	1811.369445	5.569555	0.000237	33.858444	2.9
561	1710.458099	5.566412	0.000237	156.163208	2.3
562	1718.861173	5.572486	0.000237	86.785762	2.3
563	1695.468315	5.596337	0.000237	84.925935	2.4
564	1763.243906	5.589875	0.000237	88.344663	2.3
565	1731.893888	5.600071	0.000237	61.017623	2.2
566	1677.201224	5.596426	0.000237	58.340178	2.1
567	1785.325391	5.600622	0.000237	72.058568	2.1
568	1686.393783	5.605750	0.000237	47.292601	2.0
569	1754.530482	5.604489	0.000237	52.710919	2.1
570	1778.079555	5.604277	0.000237	138.378195	1.9
571	1740.136589	5.614902	0.000237	100.679521	2.0
572	1774.972713	5.641769	0.000236	143.077589	2.0
573	1732.970366	5.666588	0.000236	74.033553	1.9
574	1744.920661	5.684604	0.000236	67.658779	2.0
575	1822.687321	5.680711	0.000236	39.232438	1.9
576	1703.236909	5.679096	0.000236	108.689826	2.0
577	1722.909751	5.677796	0.000236	104.209186	2.0
578	1695.415866	5.698065	0.000236	66.786482	1.9
579	1759.265453	5.708557	0.000236	144.962707	2.0
580	1665.066250	5.723511	0.000236	96.200031	4.7
581	1728.144599	5.751031	0.000235	53.225251	4.1
582	1804.152321	5.746483	0.000235	43.867307	2.0
583	1761.650386	5.745277	0.000235	48.602422	2.4
584	1686.387654	5.744929	0.000235	21.970410	2.4
585	1685.764604	5.745678	0.000235	50.510375	2.4
586	1682.594565	5.746696	0.000235	177.365315	2.4
587	1739.454182	5.754056	0.000235	22.581489	2.2
588	1691.337610	5.756048	0.000235	140.278632	2.2
589	1646.198453	5.753801	0.000235	267.594860	2.3
590	1781.306094	5.951886	0.000234	254.370736	2.3
591	1754.204725	6.685357	0.000227	107.616945	2.4
592	1674.125948	6.780133	0.000227	46.045011	2.6
593	1765.611363	6.776273	0.000227	86.666326	2.5
594	1785.437870	6.777744	0.000227	44.402397	2.5
595	1723.491828	6.781199	0.000227	20.494395	2.4
596	1832.317243	6.781271	0.000227	138.522402	2.3
597	1716.251692	6.783819	0.000227	78.180361	2.3
598	1725.398913	6.782243	0.000227	76.880030	2.3
599	1683.778752	6.785088	0.000227	60.972223	2.3
600	1841.393815	6.783342	0.000227	51.970986	2.5
601	1728.017122	6.781641	0.000227	125.188840	2.5
602	1689.327815	6.786807	0.000227	75.493073	2.7
603	1769.041969	6.789481	0.000227	43.938982	2.7
604	1757.501943	6.786090	0.000227	172.669594	2.8
605	1775.596373	6.781638	0.000227	125.302055	2.9
606	1758.528983	6.790671	0.000227	58.967683	2.9
607	1756.146241	6.785702	0.000227	258.853842	2.4
608	1764.325311	6.814775	0.000226	72.675966	2.2
609	1707.084995	6.840239	0.000226	37.091117	4.8
610	1769.075010	6.840642	0.000226	83.829851	2.3
611	1792.710800	6.841774	0.000226	103.605915	2.3
612	1794.676101	6.851950	0.000226	221.463324	2.3
613	1655.115185	6.861616	0.000226	177.782364	2.3
614	1695.487063	7.091823	0.000224	74.675620	2.3
615	1792.494260	7.104127	0.000224	86.858738	4.6
616	1787.072715	7.099282	0.000224	25.279669	2.0
617	1652.775851	7.101402	0.000224	176.440890	2.1
618	1763.945725	7.097954	0.000224	188.810573	3.5
619	1701.350110	7.245112	0.000223	101.118708	2.5
620	1798.787223	7.280963	0.000223	39.007649	3.3
621	1712.903229	7.283145	0.000223	61.602529	3.1
622	1702.834519	7.284265	0.000223	91.974452	2.8
623	1735.277254	7.285453	0.000223	35.676154	2.9
624	1747.195244	7.286780	0.000223	90.576901	2.8
625	1673.755609	7.290418	0.000223	98.886700	2.4
626	1707.844058	7.296423	0.000223	64.351499	2.5
627	1766.693673	7.291908	0.000223	56.465174	2.2
628	1728.425918	7.294733	0.000223	75.436986	2.1
629	1737.611687	7.291940	0.000223	45.325417	2.3
630	1710.547427	7.290137	0.000223	33.445234	2.1
631	1729.897814	7.290482	0.000223	62.632001	1.9
632	1683.527820	7.290969	0.000223	56.790897	2.2
633	1736.622522	7.291304	0.000223	137.475667	1.9
634	1704.110235	7.303430	0.000222	85.306316	1.9
635	1719.509411	7.324888	0.000222	146.313502	2.0
636	1708.005216	7.343207	0.000222	66.474627	1.9
637	1815.949283	7.341316	0.000222	162.862047	2.0
638	1785.475771	7.359106	0.000222	113.640464	1.9
639	1825.499049	7.374367	0.000222	50.409169	2.0
640	1734.512583	7.373803	0.000222	87.759240	1.9
641	1709.461449	7.379752	0.000222	39.905622	1.9
642	1750.754397	7.381341	0.000222	55.495129	2.0
643	1727.116865	7.382993	0.000222	123.925884	1.9
644	1725.646576	7.381656	0.000222	138.539430	2.0
645	1742.520848	7.413350	0.000222	82.493445	1.9
646	1806.326687	7.404173	0.000222	146.545637	2.0
647	1769.103414	7.423635	0.000222	25.772324	1.9
648	1722.640236	7.425195	0.000222	89.216972	1.9
649	1733.078577	7.424430	0.000222	50.997003	1.9
650	1648.449472	7.428330	0.000222	33.411724	1.9
651	1755.740902	7.429522	0.000221	88.793082	1.9
652	1663.345212	7.433322	0.000221	138.700668	1.9
653	1749.799231	7.453880	0.000221	26.020539	2.0
654	1680.773392	7.454185	0.000221	135.548622	2.0
655	1767.661278	7.456399	0.000221	150.114914	2.0
656	1716.184191	7.487911	0.000221	22.886480	1.9
657	1736.390722	7.485504	0.000221	57.490469	2.0
658	1751.627793	7.486968	0.000221	50.540222	2.0
659	1715.504844	7.489608	0.000221	82.799777	2.0
660	1713.925533	7.490762	0.000221	79.233489	2.1
661	1727.593763	7.494872	0.000221	94.764271	2.3
662	1726.069198	7.502204	0.000221	130.395459	4.6
663	1711.989583	7.492615	0.000221	53.550588	4.6
664	1736.024835	7.496697	0.000221	118.745401	4.5
665	1781.088579	7.500784	0.000221	68.015896	4.6
666	1706.077723	7.509711	0.000221	59.981902	4.4
667	1840.809539	7.507828	0.000221	77.167867	4.1
668	1683.779318	7.510599	0.000221	110.659390	3.3
669	1789.876157	7.520815	0.000221	49.654276	3.4
670	1732.575478	7.524853	0.000221	79.553200	3.2
671	1753.804259	7.522561	0.000221	117.214808	2.8
672	1765.383045	7.535280	0.000221	127.135343	4.7
673	1743.102390	7.561248	0.000220	86.540130	3.2
674	1744.218768	7.580857	0.000220	68.255503	3.2
675	1723.755492	7.581796	0.000220	110.003572	3.2
676	1724.195890	7.577061	0.000220	170.785806	2.8
677	1796.649552	7.619478	0.000220	122.861083	2.6
678	1720.308749	7.607196	0.000220	92.998912	2.5
679	1679.215835	7.617159	0.000220	125.591350	2.5
680	1665.555171	7.621025	0.000220	66.267611	2.3
681	1691.863816	7.624693	0.000220	111.495281	3.1
682	1707.680081	7.634996	0.000220	39.247832	2.6
683	1702.298805	7.631351	0.000220	42.435761	2.8
684	1747.545928	7.633296	0.000220	109.226679	2.7
685	1733.751863	7.631153	0.000220	87.177166	2.6
686	1732.668996	7.641755	0.000220	99.208591	3.0
687	1724.075546	7.654518	0.000220	79.750433	4.6
688	1681.400002	7.658326	0.000220	16.677064	2.0
689	1664.813193	7.659357	0.000220	211.832891	4.6
690	1773.408068	7.662132	0.000220	62.998615	2.4
691	1695.086278	7.676221	0.000220	70.450780	2.4
692	1774.844009	7.678543	0.000220	118.682484	2.4
693	1690.476784	7.671553	0.000220	102.754732	2.5
694	1746.292581	7.693624	0.000219	62.504003	2.8
695	1737.646158	7.693290	0.000219	75.392200	2.9
696	1748.776551	7.696819	0.000219	146.719552	4.2
697	1708.337450	7.712277	0.000219	139.764607	5.4
698	1720.879470	7.752607	0.000219	81.271414	4.5
699	1727.519581	7.750793	0.000219	60.957793	3.8
700	1731.320668	7.755930	0.000219	49.498880	3.5
701	1773.963708	7.753526	0.000219	67.944950	3.5
702	1669.187251	7.754224	0.000219	129.255255	2.7
703	1700.416218	7.764135	0.000219	98.952461	2.7
704	1769.433278	7.784891	0.000219	62.735454	2.7
705	1696.496925	7.789852	0.000219	54.681538	2.7
706	1774.902847	7.789897	0.000219	75.791925	2.8
707	1726.905422	7.793154	0.000219	136.908506	2.7
708	1737.883892	7.808518	0.000219	82.581650	2.7
709	1765.225763	7.825212	0.000218	78.473527	2.6
710	1761.554548	7.830332	0.000218	100.899597	2.4
711	1714.411024	7.825986	0.000218	87.165226	2.5
712	1726.455130	7.839404	0.000218	50.691981	2.5
713	1739.879772	7.844313	0.000218	145.564498	2.6
714	1801.351144	7.854166	0.000218	76.212236	2.5
715	1748.502374	7.869416	0.000218	91.777428	2.6
716	1768.407052	7.865978	0.000218	20.533634	2.5
717	1664.661351	7.867972	0.000218	51.565666	2.3
718	1730.895035	7.867884	0.000218	86.896839	2.3
719	1744.268082	7.870674	0.000218	31.257918	2.3
720	1753.054807	7.869750	0.000218	74.171181	2.3
721	1741.751632	7.870143	0.000218	85.990252	2.3
722	1771.812746	7.866730	0.000218	75.710881	2.5
723	1756.597241	7.873115	0.000218	97.623852	2.5
724	1802.101355	7.879471	0.000218	49.592573	2.5
725	1723.752094	7.882841	0.000218	52.441135	2.4
726	1724.174840	7.882124	0.000218	36.301342	2.3
727	1648.523390	7.883038	0.000218	65.636323	2.3
728	1719.026393	7.885122	0.000218	81.052590	2.3
729	1737.552199	7.880149	0.000218	48.358317	2.2
730	1761.760143	7.883712	0.000218	95.938743	2.3
731	1741.242954	7.883932	0.000218	113.343783	2.2
732	1780.290289	7.889513	0.000218	190.154966	2.2
733	1826.151816	7.947168	0.000218	91.433116	2.3
734	1705.846324	7.987558	0.000217	25.211524	2.3
735	1793.096875	7.986783	0.000217	97.275354	2.3
736	1723.949517	7.988738	0.000217	86.652775	2.3
737	1700.989562	7.981438	0.000217	105.126474	2.3
738	1720.826683	7.993100	0.000217	79.977861	2.3
739	1715.340661	7.986227	0.000217	60.948611	2.1
740	1649.223533	7.991945	0.000217	45.997107	2.0
741	1699.695501	7.989200	0.000217	63.721912	2.1
742	1679.687723	7.992381	0.000217	95.307502	2.1
743	1681.585740	7.987182	0.000217	90.147115	2.2
744	1797.839154	7.994404	0.000217	75.228858	3.5
745	1767.235501	8.001438	0.000217	49.930048	2.0
746	1712.515064	7.997628	0.000217	118.068914	2.0
747	1740.471260	8.005279	0.000217	68.133935	2.0
748	1762.465384	8.017819	0.000217	63.670708	2.2
749	1658.964882	8.018139	0.000217	27.351094	2.2
750	1715.317907	8.017153	0.000217	54.576029	2.3
751	1712.320072	8.018972	0.000217	32.854597	2.3
752	1834.126095	8.017497	0.000217	125.369938	4.7
753	1647.733952	8.020952	0.000217	94.881561	4.4
754	1775.662704	8.039151	0.000217	67.842234	4.4
755	1719.164107	8.047695	0.000217	72.739481	4.5
756	1736.180548	8.052928	0.000217	87.170926	4.1
757	1702.684969	8.049633	0.000217	39.583355	3.2
758	1845.813039	8.049743	0.000217	36.734460	3.3
759	1707.098053	8.050293	0.000217	23.096113	3.6
760	1730.802521	8.049475	0.000217	44.359787	3.5
761	1712.617543	8.049671	0.000217	77.592673	3.3
762	1698.526454	8.049676	0.000217	71.430189	2.9
763	1698.023779	8.044602	0.000217	109.137267	2.1
764	1686.522017	8.057070	0.000217	130.636562	2.1
765	1657.159252	8.047600	0.000217	202.152174	2.5
766	1707.850168	8.087402	0.000216	140.706529	2.2
767	1674.410312	8.193383	0.000216	67.104141	2.2
768	1753.630786	8.192255	0.000216	69.483612	2.0
769	1764.673815	8.187978	0.000216	64.606241	2.0
770	1745.399327	8.192125	0.000216	50.653080	2.0
771	1756.768608	8.195236	0.000216	108.407836	2.0
772	1750.028623	8.200002	0.000216	84.839707	2.0
773	1777.038794	8.208857	0.000216	101.514431	2.0
774	1680.550922	8.208305	0.000216	154.323791	2.2
775	1717.370305	8.216038	0.000216	104.581447	4.7
776	1723.248162	8.240569	0.000215	69.807659	4.8
777	1774.915055	8.244850	0.000215	51.095178	4.7
778	1850.629668	8.246545	0.000215	56.736405	4.5
779	1684.211092	8.243598	0.000215	58.639094	4.4
780	1819.452666	8.240968	0.000215	147.303929	3.3
781	1812.570279	8.255396	0.000215	157.567930	3.2
782	1798.854802	8.249330	0.000215	46.961720	3.2
783	1784.018369	8.248673	0.000215	144.999895	2.7
784	1673.794671	8.255424	0.000215	18.029014	2.6
785	1760.096941	8.253227	0.000215	79.248843	2.6
786	1723.704536	8.254479	0.000215	91.121363	2.6
787	1639.212574	8.248174	0.000215	103.024482	2.4
788	1796.874113	8.263409	0.000215	40.658100	2.4
789	1724.001199	8.267504	0.000215	43.434991	2.4
790	1753.127830	8.268022	0.000215	64.421240	2.4
791	1741.097492	8.268381	0.000215	74.286470	2.1
792	1723.073004	8.269489	0.000215	46.822563	2.1
793	1718.096457	8.272579	0.000215	60.746969	2.1
794	1694.936897	8.272841	0.000215	53.316796	2.1
795	1685.789942	8.275923	0.000215	64.445386	2.0
796	1646.527985	8.273796	0.000215	130.446856	1.9
797	1716.090492	8.280344	0.000215	67.158593	2.0
798	1758.875869	8.275507	0.000215	129.499472	1.9
799	1800.258906	8.286084	0.000215	156.013830	1.9
800	1714.435932	8.297665	0.000215	87.376631	2.0
801	1807.179521	8.292267	0.000215	81.284128	1.9
802	1691.685740	8.301666	0.000215	147.720342	2.0
803	1740.291845	8.313640	0.000215	122.759393	2.0
804	1749.476207	8.351867	0.000215	63.879059	1.9
805	1736.232888	8.363225	0.000214	38.348993	1.9
806	1760.641263	8.365660	0.000214	67.746743	2.0
807	1766.319725	8.368301	0.000214	59.224939	1.9
808	1676.493818	8.373450	0.000214	106.861278	2.0
809	1736.974066	8.367651	0.000214	92.788202	1.9
810	1766.510896	8.381604	0.000214	52.789958	2.0
811	1672.053499	8.388089	0.000214	72.457156	1.9
812	1726.500025	8.386816	0.000214	22.789455	1.9
813	1730.198688	8.388787	0.000214	99.859107	1.9
814	1724.476756	8.387411	0.000214	126.027857	1.9
815	1723.089545	8.399735	0.000214	65.260615	1.9
816	1808.339299	8.406805	0.000214	93.893682	2.0
817	1766.785004	8.401215	0.000214	92.690016	2.0
818	1743.281386	8.406415	0.000214	93.504909	2.0
819	1710.805779	8.398842	0.000214	85.842400	2.0
820	1722.935308	8.408645	0.000214	73.764454	2.0
821	1773.396878	8.406342	0.000214	111.728387	1.9
822	1698.974454	8.408486	0.000214	137.294991	2.0
823	1709.950623	8.423091	0.000214	72.979368	2.0
824	1694.756898	8.417200	0.000214	66.213917	2.2
825	1772.279454	8.423246	0.000214	65.461500	4.7
826	1781.186631	8.419039	0.000214	70.711319	3.1
827	1711.292556	8.415172	0.000214	45.312291	2.0
828	1694.473001	8.419315	0.000214	131.975967	2.2
829	1687.530916	8.414206	0.000214	74.841234	2.5
830	1703.704476	8.422088	0.000214	48.595985	2.5
831	1803.492145	8.422649	0.000214	25.460393	2.4
832	1777.736649	8.422358	0.000214	39.148668	2.4
833	1698.660898	8.422129	0.000214	105.039769	2.0
834	1802.720958	8.423427	0.000214	43.534160	2.0
835	1759.756643	8.424832	0.000214	49.665719	1.9
836	1696.674496	8.423416	0.000214	36.665280	1.9
837	1691.323606	8.423836	0.000214	95.772459	2.0
838	1644.949648	8.421495	0.000214	138.424044	2.6
839	1716.273306	8.443817	0.000214	99.285984	4.7
840	1708.684415	8.468236	0.000214	75.532843	4.4
841	1723.448862	8.472483	0.000214	113.785712	2.4
842	1724.831034	8.485686	0.000214	101.806936	2.4
843	1746.158825	8.492210	0.000214	58.198802	2.3
844	1707.159659	8.499886	0.000213	70.468279	2.4
845	1664.050078	8.498555	0.000213	87.081765	2.5
846	1763.867498	8.499078	0.000213	82.782194	2.5
847	1776.573991	8.493898	0.000213	86.264637	2.4
848	1675.055428	8.498884	0.000213	46.101050	2.5
849	1767.725802	8.498188	0.000213	84.996257	2.6
850	1641.078059	8.494429	0.000213	84.749928	3.9
851	1743.529423	8.494405	0.000213	92.637336	2.7
852	1709.099874	8.505639	0.000213	201.800781	2.5
853	1768.802928	8.536360	0.000213	89.790267	2.5
854	1664.360566	8.542558	0.000213	114.295095	2.8
855	1682.307699	8.537121	0.000213	118.612996	2.6
856	1757.676833	8.546557	0.000213	27.944440	2.8
857	1769.591586	8.546570	0.000213	86.152496	4.4
858	1746.605543	8.545075	0.000213	124.616318	3.7
859	1725.727421	8.563923	0.000213	62.350566	3.4
860	1760.086175	8.574471	0.000213	45.837160	3.6
861	1746.825520	8.575455	0.000213	23.008727	3.1
862	1699.152546	8.574857	0.000213	35.060493	2.9
863	1723.179304	8.574823	0.000213	69.262492	3.0
864	1661.468664	8.575380	0.000213	61.397636	2.9
865	1699.736659	8.581281	0.000213	62.245807	2.4
866	1713.245453	8.585202	0.000213	41.547752	2.3
867	1764.361949	8.585286	0.000213	37.493556	2.4
868	1730.723816	8.583781	0.000213	29.645623	2.3
869	1754.821977	8.584581	0.000213	126.152784	2.1
870	1722.450686	8.583025	0.000213	22.294372	2.1
871	1789.927116	8.580656	0.000213	160.996213	2.1
872	1762.367008	8.584569	0.000213	167.565724	2.2
873	1782.806808	8.646498	0.000212	120.952787	2.2
874	1746.119792	8.700326	0.000212	57.403236	2.3
875	1719.930430	8.703257	0.000212	35.975741	2.2
876	1810.398502	8.701432	0.000212	89.165139	2.3
877	1735.164273	8.702339	0.000212	126.641742	2.4
878	1713.341373	8.699229	0.000212	107.253371	4.7
879	1701.893341	8.719593	0.000212	114.988948	4.6
880	1739.471049	8.710098	0.000212	118.385971	4.5
881	1781.698842	8.731997	0.000212	35.440003	4.4
882	1673.203079	8.736603	0.000212	88.616422	3.9
883	1697.678788	8.740791	0.000212	19.908401	3.3
884	1723.926347	8.740571	0.000212	85.443173	3.2
885	1747.580420	8.739518	0.000212	46.378322	3.0
886	1715.230767	8.743542	0.000212	38.560765	2.7
887	1781.777487	8.744926	0.000212	127.575771	2.8
888	1835.869965	8.747699	0.000212	125.904825	2.8
889	1730.218975	8.783076	0.000211	134.228336	2.4
890	1768.794701	8.782438	0.000211	124.843445	2.5
891	1742.132312	8.816990	0.000211	64.283823	4.8
892	1711.048158	8.827290	0.000211	105.307771	4.6
893	1727.340028	8.837323	0.000211	38.125657	4.8
894	1778.113564	8.833464	0.000211	143.105682	3.7
895	1728.005409	8.840002	0.000211	170.567512	3.5
896	1702.667063	8.903189	0.000211	112.527856	3.5
897	1755.523275	8.902753	0.000211	35.847059	2.7
898	1785.898845	8.899834	0.000211	67.834255	2.7
899	1680.778348	8.898674	0.000211	74.053899	2.7
900	1722.178367	8.901157	0.000211	35.074015	2.7
901	1701.515843	8.903912	0.000211	95.916844	2.4
902	1613.209920	8.901704	0.000211	85.435292	2.4
903	1767.863379	8.895046	0.000211	79.491550	2.6
904	1757.681102	8.901742	0.000211	51.305824	2.3
905	1729.879818	8.900060	0.000211	57.487388	2.1
906	1721.602663	8.898506	0.000211	42.242593	2.1
907	1753.445474	8.898627	0.000211	72.984092	2.1
908	1703.658641	8.900228	0.000211	52.114303	2.1
909	1695.149369	8.902191	0.000211	67.006293	2.1
910	1727.328871	8.906521	0.000211	80.802436	2.2
911	1756.269824	8.907247	0.000211	24.261371	4.8
912	1752.263646	8.907680	0.000211	64.546578	4.6
913	1771.916730	8.906615	0.000211	192.009111	4.7
914	1674.445988	8.925886	0.000210	59.976160	4.7
915	1741.378357	8.947334	0.000210	107.678989	4.6
916	1746.110534	8.941914	0.000210	92.016023	4.5
917	1696.666322	8.957683	0.000210	83.100758	4.3
918	1751.374359	8.969322	0.000210	161.229422	4.3
919	1721.603982	8.993076	0.000210	148.561283	3.2
920	1714.973129	9.061683	0.000209	32.019663	3.2
921	1771.954439	9.065383	0.000209	38.825282	3.4
922	1736.279006	9.066224	0.000209	43.927059	5.0
923	1771.268790	9.068284	0.000209	50.588266	2.7
924	1749.486215	9.066595	0.000209	86.348327	2.6
925	1730.085018	9.072678	0.000209	68.980183	2.7
926	1700.580556	9.077710	0.000209	23.224619	2.8
927	1741.847277	9.078968	0.000209	53.732654	2.7
928	1739.854058	9.079256	0.000209	68.156596	2.8
929	1681.691518	9.078486	0.000209	72.176145	2.4
930	1769.409991	9.081656	0.000209	37.493447	2.3
931	1690.755226	9.079858	0.000209	99.454451	2.4
932	1649.674824	9.082872	0.000209	87.282028	2.5
933	1756.792890	9.093104	0.000209	44.290703	2.2
934	1740.530566	9.089642	0.000209	88.486745	2.2
935	1735.178706	9.086946	0.000209	31.272533	2.5
936	1719.567435	9.087148	0.000209	82.210442	2.2
937	1693.887034	9.088986	0.000209	40.446780	2.1
938	1728.801017	9.093426	0.000209	43.762005	2.1
939	1735.432557	9.091609	0.000209	26.321475	2.2
940	1708.417336	9.092591	0.000209	167.465288	2.2
941	1775.513087	9.090754	0.000209	216.048287	2.2
942	1729.963694	9.270739	0.000208	174.485654	2.0
943	1801.522756	9.378069	0.000207	51.595903	2.0
944	1754.511227	9.392156	0.000207	101.438611	2.0
945	1697.329295	9.389456	0.000207	101.596855	2.0
946	1740.424195	9.405218	0.000207	81.600376	2.0
947	1728.183433	9.410410	0.000207	92.766580	2.0
948	1778.770423	9.419385	0.000207	73.691838	1.9
949	1751.414935	9.416074	0.000207	48.599641	2.0
950	1768.149864	9.413577	0.000207	36.034559	2.0
951	1709.124296	9.412477	0.000207	155.905426	2.0
952	1701.037572	9.413983	0.000207	51.808029	2.0
953	1725.105752	9.408628	0.000207	45.061139	2.0
954	1698.490636	9.407479	0.000207	65.650306	2.0
955	1729.506798	9.406338	0.000207	92.300692	1.9
956	1773.571861	9.414504	0.000207	123.541279	2.0
957	1709.284352	9.422684	0.000207	67.625085	2.0
958	1744.661777	9.425242	0.000207	40.138213	2.0
959	1647.680581	9.427837	0.000207	88.952822	2.0
960	1679.315161	9.425300	0.000207	164.330155	2.1
961	1792.900430	9.454851	0.000207	73.991027	1.9
962	1730.964215	9.460105	0.000207	26.784363	1.9
963	1663.357791	9.458948	0.000207	66.494381	1.9
964	1794.443581	9.457865	0.000207	113.955960	2.0
965	1695.186961	9.459747	0.000207	125.923325	2.0
966	1776.258458	9.468671	0.000207	113.698047	2.0
967	1683.915473	9.487277	0.000207	71.373786	1.9
968	1728.387420	9.496860	0.000206	36.749403	1.9
969	1715.769947	9.498489	0.000206	147.351010	1.9
970	1741.411975	9.496591	0.000206	40.308112	2.6
971	1729.684892	9.494667	0.000206	63.742932	4.6
972	1706.758068	9.496516	0.000206	80.797319	2.1
973	1730.181121	9.491857	0.000207	19.005896	2.0
974	1748.841418	9.492843	0.000207	111.563178	2.1
975	1737.531935	9.494452	0.000206	41.317483	2.1
976	1762.037894	9.498349	0.000206	88.335339	2.3
977	1761.470031	9.496862	0.000206	32.611333	2.3
978	1732.123209	9.494710	0.000206	24.735109	2.3
979	1713.352488	9.495084	0.000206	111.470564	2.3
980	1743.590240	9.496304	0.000206	134.039360	2.0
981	1729.336397	9.527147	0.000206	125.260475	3.3
982	1726.375253	9.559654	0.000206	97.680683	2.0
983	1715.101507	9.581560	0.000206	92.123679	2.0
984	1812.954847	9.595640	0.000206	156.453420	2.2
985	1720.997715	9.624853	0.000206	123.183514	2.3
986	1724.960955	9.615397	0.000206	168.350858	2.3
987	1701.538128	9.652191	0.000205	81.307836	2.3
988	1751.201427	9.654830	0.000205	66.210986	2.4
989	1745.487859	9.658250	0.000205	33.026837	2.0
990	1812.466827	9.657353	0.000205	83.528944	1.8
991	1716.599836	9.656169	0.000205	22.447538	4.8
992	1708.244040	9.657390	0.000205	59.953611	2.2
993	1746.643577	9.656824	0.000205	123.022152	2.2
994	1680.833283	9.666764	0.000205	59.486242	2.2
995	1771.145699	9.661477	0.000205	88.029821	2.3
996	1705.815841	9.665704	0.000205	44.860914	2.3
997	1782.343552	9.665507	0.000205	29.652361	2.1
998	1703.477610	9.664292	0.000205	115.817492	2.4
999	1782.629112	9.668045	0.000205	98.976874	4.8
1000	1742.942311	9.663801	0.000205	258.035448	4.6
1001	1707.224909	9.712205	0.000205	75.146156	4.7
1002	1689.149574	9.734601	0.000205	108.860401	3.6
1003	1670.720482	9.731228	0.000205	28.110554	3.5
1004	1704.762092	9.728001	0.000205	101.219282	3.5
1005	1714.253317	9.728548	0.000205	50.289639	2.7
1006	1700.162765	9.728134	0.000205	107.919659	3.4
1007	1765.868913	9.732059	0.000205	50.531107	3.4
1008	1692.651841	9.730603	0.000205	175.468241	3.1
1009	1774.496349	9.744578	0.000205	31.730098	3.1
1010	1753.733182	9.742767	0.000205	118.271277	3.0
1011	1649.748746	9.743579	0.000205	53.452862	2.7
1012	1811.592751	9.744305	0.000205	85.027447	2.6
1013	1751.788356	9.740808	0.000205	27.119364	2.6
1014	1761.955591	9.742547	0.000205	62.090195	2.7
1015	1731.608596	9.741977	0.000205	58.227519	2.4
1016	1813.756037	9.743940	0.000205	155.360179	4.7
1017	1723.443887	9.757234	0.000205	76.710560	4.8
1018	1703.636737	9.777512	0.000205	128.993909	4.6
1019	1744.997825	9.769184	0.000205	199.382321	4.5
1020	1665.515976	9.856286	0.000204	154.954558	4.5
1021	1730.289375	9.951223	0.000203	8.871441	4.5
1022	1777.706784	9.950018	0.000203	65.923476	3.3
1023	1756.450554	9.949482	0.000203	85.678397	3.3
1024	1704.695483	9.954840	0.000203	133.717559	3.4
1025	1736.266686	9.946940	0.000203	44.473350	2.6
1026	1726.479764	9.953061	0.000203	9.755582	2.7
1027	1751.621346	9.952938	0.000203	93.793369	3.3
1028	1780.550106	9.952236	0.000203	103.357506	4.4
1029	1736.873136	9.965753	0.000203	63.970893	2.1
1030	1723.491734	9.965810	0.000203	50.000446	2.2
1031	1780.694190	9.966571	0.000203	59.147428	2.1
1032	1743.131387	9.964899	0.000203	16.802565	2.1
1033	1739.569388	9.965536	0.000203	63.008744	2.2
1034	1751.518835	9.965727	0.000203	119.479401	2.1
1035	1773.361025	9.976588	0.000203	57.412521	2.2
1036	1678.751946	9.985724	0.000203	100.493543	2.1
1037	1740.248369	9.988200	0.000203	82.853213	2.2
1038	1696.992696	9.986308	0.000203	131.498794	2.2
1039	1659.921532	9.994980	0.000203	124.183428	2.2
1040	1727.303451	10.032414	0.000203	75.372600	2.3
1041	1752.320643	10.045670	0.000203	67.614396	2.0
1042	1747.952268	10.044640	0.000203	78.405860	4.9
1043	1709.438254	10.048656	0.000203	194.994253	2.0
1044	1729.307980	10.063832	0.000203	112.953855	2.0
1045	1711.750548	10.110329	0.000202	96.792059	2.0
1046	1698.487383	10.114138	0.000202	108.121120	2.2
1047	1706.738164	10.113674	0.000202	141.871837	2.1
1048	1753.400559	10.141385	0.000202	92.475405	2.1
1049	1718.087368	10.149829	0.000202	63.982935	2.0
1050	1676.861527	10.157579	0.000202	106.993042	2.0
1051	1670.422192	10.165671	0.000202	63.099917	2.0
1052	1736.706749	10.175439	0.000202	73.565443	2.0
1053	1751.433672	10.171491	0.000202	46.313478	2.0
1054	1683.104599	10.175168	0.000202	92.129196	2.1
1055	1757.533331	10.175072	0.000202	76.324689	2.0
1056	1720.210037	10.177648	0.000202	79.610883	2.0
1057	1736.387555	10.183407	0.000202	75.343389	2.0
1058	1761.130883	10.190548	0.000202	20.221139	2.1
1059	1728.804538	10.190915	0.000202	56.584531	2.0
1060	1744.179382	10.189736	0.000202	66.287659	2.3
1061	1748.399644	10.194512	0.000202	144.621315	5.0
1062	1601.047971	10.210693	0.000202	168.094185	2.5
1063	1676.975722	10.259383	0.000201	31.173591	2.1
1064	1705.929693	10.263908	0.000201	40.770109	2.2
1065	1702.990622	10.265368	0.000201	111.407516	1.9
1066	1831.327710	10.268916	0.000201	53.830012	1.9
1067	1702.407546	10.265343	0.000201	125.190898	1.9
1068	1689.342750	10.273631	0.000201	33.177028	2.7
1069	1706.033955	10.275469	0.000201	62.755556	2.1
1070	1738.558895	10.274563	0.000201	151.681251	2.0
1071	1689.697143	10.290595	0.000201	65.424570	2.0
1072	1811.652170	10.306005	0.000201	58.267516	2.2
1073	1672.488825	10.310044	0.000201	75.903591	2.9
1074	1814.954424	10.306993	0.000201	18.818267	3.9
1075	1745.877020	10.308108	0.000201	37.185222	3.5
1076	1722.082336	10.307770	0.000201	60.393166	2.4
1077	1760.669346	10.308790	0.000201	62.740264	2.6
1078	1713.288340	10.311669	0.000201	72.651786	4.8
1079	1702.645045	10.307916	0.000201	89.887732	5.1
1080	1732.069524	10.316259	0.000201	98.516508	3.0
1081	1780.310305	10.330141	0.000201	50.625259	4.3
1082	1771.215498	10.337131	0.000201	104.118266	4.5
1083	1742.047723	10.341405	0.000201	116.307097	4.5
1084	1817.560037	10.360789	0.000201	68.023776	4.5
1085	1757.114042	10.354620	0.000201	93.776891	4.1
1086	1835.300152	10.354347	0.000201	153.085899	3.3
1087	1764.255978	10.358967	0.000201	149.124923	3.4
1088	1767.545344	10.409200	0.000200	180.410068	3.3
1089	1712.225544	10.504455	0.000200	59.116360	3.5
1090	1716.402151	10.511675	0.000200	88.606863	3.5
1091	1652.013821	10.509987	0.000200	26.450332	3.1
1092	1679.995054	10.509741	0.000200	80.525358	2.7
1093	1726.947505	10.510816	0.000200	34.621899	2.6
1094	1768.909646	10.513904	0.000200	92.045302	3.8
1095	1677.115133	10.512937	0.000200	65.484555	4.8
1096	1715.007814	10.522043	0.000200	38.546630	4.6
1097	1711.685317	10.525131	0.000200	60.391888	4.9
1098	1744.564049	10.527956	0.000200	30.990538	4.7
1099	1718.000630	10.528202	0.000200	151.827272	4.8
1100	1763.218565	10.525534	0.000200	131.795049	4.6
1101	1749.921110	10.576509	0.000199	127.604026	3.5
1102	1664.601323	10.567061	0.000199	52.024951	3.5
1103	1735.055522	10.576870	0.000199	37.309532	3.4
1104	1708.784587	10.578108	0.000199	85.954631	2.8
1105	1678.456160	10.582276	0.000199	108.488768	2.9
1106	1713.888679	10.585055	0.000199	21.415460	2.8
1107	1717.722370	10.587676	0.000199	123.658104	4.5
1108	1780.651296	10.585575	0.000199	107.554198	2.6
1109	1730.549220	10.609093	0.000199	54.546091	2.6
1110	1722.031641	10.604338	0.000199	46.689416	2.5
1111	1704.194094	10.606277	0.000199	139.799936	2.5
1112	1757.914644	10.606310	0.000199	143.244784	2.4
1113	1768.925901	10.655300	0.000199	61.110072	2.5
1114	1742.341726	10.667172	0.000199	41.062834	2.4
1115	1732.573059	10.669747	0.000199	28.174555	2.2
1116	1707.972548	10.669002	0.000199	132.425975	2.2
1117	1741.889303	10.673355	0.000199	61.343704	2.2
1118	1763.452709	10.683213	0.000199	88.784659	4.9
1119	1728.048785	10.687464	0.000199	62.775377	4.9
1120	1675.905622	10.694579	0.000199	184.512893	4.8
1121	1731.316062	10.685527	0.000199	95.748103	4.5
1122	1737.518500	10.718993	0.000199	73.350798	4.7
1123	1724.221503	10.713642	0.000199	15.375564	4.8
1124	1691.157453	10.713359	0.000199	148.777780	4.1
1125	1698.796669	10.712519	0.000199	110.953128	3.3
1126	1688.063319	10.716645	0.000199	137.863919	3.0
1127	1732.016415	10.729193	0.000198	33.598047	3.0
1128	1690.217480	10.725661	0.000198	70.865989	3.5
1129	1780.919437	10.723084	0.000198	83.656794	2.2
1130	1705.114998	10.720996	0.000199	115.016432	2.2
1131	1702.353452	10.722201	0.000199	72.471937	2.2
1132	1747.751027	10.715268	0.000199	90.937133	2.2
1133	1759.014557	10.722350	0.000199	69.844087	2.2
1134	1673.471036	10.732030	0.000198	90.392101	2.3
1135	1682.790656	10.726689	0.000198	49.616200	2.2
1136	1704.761743	10.731960	0.000198	131.043817	2.2
1137	1753.230932	10.726077	0.000198	40.008303	2.5
1138	1743.899881	10.731907	0.000198	56.357602	3.7
1139	1663.584250	10.734691	0.000198	162.603109	2.5
1140	1710.389137	10.748845	0.000198	25.544992	2.6
1141	1734.562240	10.744667	0.000198	143.538333	2.6
1142	1693.799163	10.749534	0.000198	106.695705	2.6
1143	1689.608582	10.775283	0.000198	76.089554	2.6
1144	1731.074720	10.776687	0.000198	139.066164	2.3
1145	1757.335163	10.788142	0.000198	97.273610	2.1
1146	1768.563182	10.814835	0.000198	101.892608	2.0
1147	1629.480834	10.832224	0.000198	65.249497	2.1
1148	1783.735893	10.839807	0.000198	52.909262	2.0
1149	1701.669571	10.840449	0.000198	83.153181	2.0
1150	1755.379930	10.846215	0.000198	60.329574	2.0
1151	1754.900519	10.848333	0.000198	43.203853	2.0
1152	1758.040497	10.849872	0.000198	74.930759	2.0
1153	1720.129441	10.846613	0.000198	85.487822	2.0
1154	1721.570300	10.854753	0.000198	72.390604	2.0
1155	1748.926046	10.851597	0.000198	71.556082	2.0
1156	1750.249322	10.853978	0.000198	132.194058	2.0
1157	1695.151382	10.852377	0.000198	49.783874	1.9
1158	1695.398867	10.858130	0.000198	89.955851	2.0
1159	1741.141682	10.855259	0.000198	20.078534	2.0
1160	1718.194147	10.855463	0.000198	38.250776	2.0
1161	1764.019488	10.856096	0.000198	146.083895	1.9
1162	1671.929751	10.858623	0.000198	115.276070	2.0
1163	1702.615120	10.879787	0.000198	45.799226	2.0
1164	1791.969987	10.886441	0.000197	51.363909	2.0
1165	1740.563143	10.889188	0.000197	129.863499	2.0
1166	1719.257722	10.898723	0.000197	72.465704	1.9
1167	1667.543431	10.912172	0.000197	86.916357	2.0
1168	1791.990830	10.912775	0.000197	47.683208	2.0
1169	1771.213499	10.915768	0.000197	91.907804	1.9
1170	1751.596859	10.912229	0.000197	121.122880	1.9
1171	1713.194300	10.922880	0.000197	52.716453	1.9
1172	1741.064245	10.929835	0.000197	66.391826	1.9
1173	1761.997864	10.928769	0.000197	67.408621	2.0
1174	1798.247565	10.925628	0.000197	29.101741	2.0
1175	1713.524085	10.927911	0.000197	77.121085	2.1
1176	1801.760946	10.929001	0.000197	78.383536	2.2
1177	1787.021276	10.928455	0.000197	88.488085	2.1
1178	1736.497445	10.928657	0.000197	65.532175	2.1
1179	1782.155411	10.925122	0.000197	122.370052	2.0
1180	1694.275045	10.934638	0.000197	77.654613	2.0
1181	1734.994536	10.948874	0.000197	69.865435	2.2
1182	1723.704745	10.956223	0.000197	143.146386	4.6
1183	1679.064922	10.955614	0.000197	69.211186	4.7
1184	1731.249392	10.971844	0.000197	48.218245	4.3
1185	1760.105565	10.974119	0.000197	19.667853	3.1
1186	1701.156816	10.973984	0.000197	39.339166	4.6
1187	1719.679978	10.974834	0.000197	66.939990	3.0
1188	1838.388782	10.973886	0.000197	204.719718	4.5
1189	1731.237366	10.999850	0.000197	133.647248	4.4
1190	1700.484830	11.086389	0.000196	57.228758	3.7
1191	1716.625662	11.087341	0.000196	29.566201	3.6
1192	1721.811336	11.085567	0.000196	55.207048	3.6
1193	1758.212740	11.085644	0.000196	153.159148	2.8
1194	1699.316871	11.089566	0.000196	54.010522	2.9
1195	1687.968689	11.091233	0.000196	56.107854	2.9
1196	1715.203527	11.090693	0.000196	163.053852	3.1
1197	1711.476642	11.100074	0.000196	84.721650	3.1
1198	1688.866166	11.126537	0.000196	41.839498	7.0
1199	1749.121481	11.129625	0.000196	23.245940	2.4
1200	1793.037374	11.130237	0.000196	157.327492	2.5
1201	1756.568834	11.129165	0.000196	62.590913	2.5
1202	1746.806922	11.136849	0.000196	62.408882	2.1
1203	1824.957493	11.133118	0.000196	173.854738	2.3
1204	1730.386787	11.145669	0.000196	60.629589	2.1
1205	1803.939808	11.147460	0.000196	193.046599	2.1
1206	1713.944806	11.148480	0.000196	36.002465	2.2
1207	1744.908986	11.148524	0.000196	92.473565	5.0
1208	1725.739571	11.149662	0.000196	91.111750	4.5
1209	1783.162309	11.149706	0.000196	96.055455	4.7
1210	1752.861079	11.163908	0.000196	41.768212	3.1
1211	1713.361360	11.164969	0.000196	37.772174	2.5
1212	1721.493159	11.164543	0.000196	87.698575	2.9
1213	1753.503426	11.167213	0.000196	113.921330	3.0
1214	1736.033509	11.158849	0.000196	90.770731	2.9
1215	1754.675884	11.165618	0.000196	115.048036	2.4
1216	1728.225009	11.173571	0.000196	150.192124	2.4
1217	1765.067420	11.197376	0.000196	112.239918	2.3
1218	1714.129822	11.231811	0.000195	77.363160	2.3
1219	1757.507012	11.226090	0.000195	36.391647	2.3
1220	1744.943751	11.228906	0.000195	106.680938	2.2
1221	1706.054890	11.232310	0.000195	141.942204	2.3
1222	1683.937766	11.244410	0.000195	71.628378	2.3
1223	1721.792724	11.262483	0.000195	74.015256	2.3
1224	1763.097518	11.260658	0.000195	96.181977	2.3
1225	1807.496505	11.267940	0.000195	50.174549	2.2
1226	1721.073098	11.268102	0.000195	60.302893	2.3
1227	1725.668017	11.270996	0.000195	50.017933	2.3
1228	1666.177686	11.274166	0.000195	4.816842	2.1
1229	1734.998740	11.273995	0.000195	99.471377	2.1
1230	1716.049615	11.274172	0.000195	101.431583	2.2
1231	1725.728322	11.282423	0.000195	100.720528	2.1
1232	1716.987030	11.299314	0.000195	62.150036	2.1
1233	1725.678907	11.293520	0.000195	27.660544	1.9
1234	1748.243879	11.292111	0.000195	125.875660	1.9
1235	1650.191027	11.294594	0.000195	15.164398	2.0
1236	1724.335651	11.294288	0.000195	62.847558	1.9
1237	1780.486956	11.294004	0.000195	60.014931	1.9
1238	1712.909496	11.295183	0.000195	35.396088	2.0
1239	1690.240403	11.297075	0.000195	95.843718	2.0
1240	1807.975576	11.294054	0.000195	108.324562	2.0
1241	1776.730201	11.309012	0.000195	49.877503	1.9
1242	1788.166403	11.306135	0.000195	112.090075	2.0
1243	1856.759758	11.307643	0.000195	91.819845	1.9
1244	1751.279436	11.299417	0.000195	126.177473	2.0
1245	1808.615986	11.315805	0.000195	79.571104	1.9
1246	1758.074180	11.309204	0.000195	65.311509	2.0
1247	1727.635345	11.311193	0.000195	112.604867	2.0
1248	1756.363367	11.308685	0.000195	55.367933	1.9
1249	1711.338577	11.308916	0.000195	102.920553	1.9
1250	1752.093069	11.303742	0.000195	130.318760	1.9
1251	1742.058822	11.295711	0.000195	116.156053	1.9
1252	1763.561874	11.314250	0.000195	121.118566	1.9
1253	1744.529785	11.304622	0.000195	41.382530	1.9
1254	1694.798613	11.309130	0.000195	24.477504	2.0
1255	1701.755297	11.309250	0.000195	163.867672	1.9
1256	1746.848345	11.311606	0.000195	69.672965	1.9
1257	1667.760150	11.310243	0.000195	71.568024	2.0
1258	1788.028453	11.314136	0.000195	100.319808	2.0
1259	1704.724645	11.323981	0.000195	123.563108	1.9
1260	1807.098928	11.343655	0.000195	80.991337	2.0
1261	1755.987749	11.337246	0.000195	39.580913	1.9
1262	1714.949866	11.338209	0.000195	108.199142	2.0
1263	1744.808518	11.338641	0.000195	67.953969	1.9
1264	1802.619863	11.349852	0.000195	113.063891	1.9
1265	1746.022529	11.343446	0.000195	72.166222	2.1
1266	1683.455048	11.348783	0.000195	145.524271	2.1
1267	1702.376281	11.350003	0.000195	108.707612	2.0
1268	1692.257125	11.376249	0.000194	59.986565	2.0
1269	1709.871595	11.370271	0.000195	79.303469	1.9
1270	1755.746045	11.368492	0.000195	47.003541	1.9
1271	1761.498905	11.369741	0.000195	96.093879	1.9
1272	1682.188689	11.365562	0.000195	20.603826	1.9
1273	1743.721156	11.364085	0.000195	48.541309	1.9
1274	1745.654987	11.364498	0.000195	51.845787	1.9
1275	1789.606666	11.362456	0.000195	68.418879	1.9
1276	1686.460550	11.366308	0.000195	34.927214	1.9
1277	1792.191405	11.369178	0.000195	72.463798	1.9
1278	1666.478794	11.368279	0.000195	54.029064	1.9
1279	1708.104775	11.373447	0.000195	128.615264	2.1
1280	1774.968950	11.367642	0.000195	76.121129	2.6
1281	1819.393561	11.384147	0.000194	61.048888	2.6
1282	1737.215464	11.379447	0.000194	89.869154	2.6
1283	1738.539536	11.386085	0.000194	109.696454	5.8
1284	1746.738042	11.383206	0.000194	144.530063	2.0
1285	1711.135011	11.393446	0.000194	100.973434	1.9
1286	1708.290555	11.422224	0.000194	69.071324	1.9
1287	1742.097741	11.432895	0.000194	109.377087	1.9
1288	1736.953332	11.440410	0.000194	56.085125	3.7
1289	1683.499854	11.447068	0.000194	148.523085	2.1
1290	1776.215372	11.441720	0.000194	44.008020	2.0
1291	1679.974967	11.440547	0.000194	37.682429	2.1
1292	1719.717968	11.439610	0.000194	39.813798	2.6
1293	1706.572621	11.438354	0.000194	140.934149	4.7
1294	1731.010935	11.445490	0.000194	51.248066	4.3
1295	1673.233451	11.439846	0.000194	69.185666	2.4
1296	1688.015871	11.441096	0.000194	39.779761	2.3
1297	1672.265921	11.443977	0.000194	87.288602	2.5
1298	1707.129787	11.446845	0.000194	56.324349	2.8
1299	1761.351051	11.449698	0.000194	57.777840	2.9
1300	1767.431779	11.448649	0.000194	51.341008	2.8
1301	1786.335820	11.447524	0.000194	103.899795	2.3
1302	1780.091974	11.447144	0.000194	86.056577	2.2
1303	1740.611025	11.460937	0.000194	29.989880	2.2
1304	1731.945454	11.462000	0.000194	143.519465	3.0
1305	1721.233159	11.463925	0.000194	131.035459	2.1
1306	1746.830300	11.460773	0.000194	141.634499	2.2
1307	1717.314608	11.480924	0.000194	6.370745	2.0
1308	1734.873771	11.481098	0.000194	89.676518	2.0
1309	1735.963777	11.481278	0.000194	69.473455	2.0
1310	1700.397893	11.490075	0.000194	36.010873	1.9
1311	1801.868739	11.492847	0.000194	40.719754	1.9
1312	1709.130721	11.494410	0.000194	126.256277	1.9
1313	1695.072165	11.490193	0.000194	95.432628	1.9
1314	1688.045739	11.496359	0.000194	44.836510	1.9
1315	1720.372485	11.492019	0.000194	95.429036	1.9
1316	1769.710656	11.497327	0.000194	120.619254	1.9
1317	1624.646040	11.508854	0.000194	76.711725	1.9
1318	1735.317961	11.503376	0.000194	69.949129	1.9
1319	1682.994150	11.501366	0.000194	27.057677	2.0
1320	1656.622018	11.502619	0.000194	55.376814	1.9
1321	1701.910244	11.502518	0.000194	86.203498	1.9
1322	1687.743620	11.498594	0.000194	21.117191	2.0
1323	1768.161493	11.498844	0.000194	163.270013	1.9
1324	1784.174774	11.501483	0.000194	139.500552	1.9
1325	1710.380171	11.566730	0.000193	69.830533	1.9
1326	1724.148520	11.560425	0.000193	92.479869	1.9
1327	1701.195604	11.565634	0.000193	93.335503	1.9
1328	1744.126089	11.576195	0.000193	47.138870	2.0
1329	1675.195201	11.574234	0.000193	103.929351	2.0
1330	1683.805743	11.578677	0.000193	95.881019	1.9
1331	1709.258047	11.596297	0.000193	68.518791	1.9
1332	1724.312481	11.605853	0.000193	56.604952	2.0
1333	1732.033898	11.606031	0.000193	42.934282	1.9
1334	1748.717223	11.605734	0.000193	106.327528	2.0
1335	1723.251671	11.611911	0.000193	170.143698	1.9
1336	1751.408784	11.655984	0.000193	157.191851	2.0
1337	1667.047960	11.751758	0.000192	101.105726	1.9
1338	1847.347289	11.760588	0.000192	46.076908	2.0
1339	1741.399795	11.762941	0.000192	122.560855	2.0
1340	1725.371460	11.770137	0.000192	82.008716	2.0
1341	1673.409672	11.787033	0.000192	85.051748	1.9
1342	1629.590786	11.794104	0.000192	15.382924	2.0
1343	1696.018873	11.795040	0.000192	64.470531	2.0
1344	1771.011903	11.794077	0.000192	116.900532	2.0
1345	1689.700220	11.798832	0.000192	115.099570	2.0
1346	1735.617223	11.793923	0.000192	95.946181	2.0
1347	1798.985393	11.813709	0.000192	104.782738	1.9
1348	1734.554668	11.810517	0.000192	170.511245	2.0
1349	1658.791616	11.838991	0.000192	116.032413	2.0
1350	1711.090241	11.879682	0.000192	157.030492	1.9
1351	1723.156848	11.892041	0.000191	136.185112	1.9
1352	1721.760767	11.899401	0.000191	125.899415	1.9
1353	1675.573376	11.937002	0.000191	62.028829	1.9
1354	1720.094243	11.947052	0.000191	110.135597	1.9
1355	1715.828618	11.940768	0.000191	94.253702	2.0
1356	1675.107871	11.947283	0.000191	45.837913	2.0
1357	1733.456608	11.943290	0.000191	190.631553	2.0
1358	1748.835320	11.941128	0.000191	68.708396	1.9
1359	1778.417084	11.966985	0.000191	85.182016	1.9
1360	1725.371719	11.961470	0.000191	70.282850	2.0
1361	1739.257800	11.964872	0.000191	95.028140	2.1
1362	1716.518839	11.959159	0.000191	139.116700	5.2
1363	1812.180894	11.977269	0.000191	80.722147	4.8
1364	1667.468115	11.984905	0.000191	80.416251	4.7
1365	1719.446197	11.979603	0.000191	113.995130	3.6
1366	1769.335673	11.991164	0.000191	40.868624	2.0
1367	1726.549222	11.991572	0.000191	61.914209	2.0
1368	1772.577646	11.990674	0.000191	131.809618	2.0
1369	1768.695966	11.988468	0.000191	84.354867	2.2
1370	1793.613542	12.004357	0.000191	125.312892	2.3
1371	1763.140047	12.008036	0.000191	41.372706	4.7
1372	1677.930074	12.003026	0.000191	85.174519	4.4
1373	1735.720765	12.007642	0.000191	161.651351	2.5
1374	1767.607897	12.026418	0.000191	86.107546	2.4
1375	1728.079068	12.050835	0.000191	88.614901	2.3
1376	1691.521109	12.060657	0.000190	121.725601	4.0
1377	1738.175481	12.077312	0.000190	87.819458	2.5
1378	1757.498717	12.091491	0.000190	79.539024	2.6
1379	1711.659196	12.085913	0.000190	139.970274	2.4
1380	1707.793947	12.103636	0.000190	5.470558	2.4
1381	1750.200771	12.104038	0.000190	54.555384	2.0
1382	1763.501124	12.103942	0.000190	96.948024	1.9
1383	1700.539794	12.100987	0.000190	23.026574	2.0
1384	1742.704657	12.101307	0.000190	192.733546	2.0
1385	1725.457668	12.102144	0.000190	110.304532	2.0
1386	1713.560883	12.154734	0.000190	52.987516	2.1
1387	1692.179116	12.156054	0.000190	59.833343	2.0
1388	1723.515041	12.155990	0.000190	114.168590	2.0
1389	1668.081631	12.154951	0.000190	89.913734	2.3
1390	1732.929193	12.148465	0.000190	104.201175	2.0
1391	1809.201690	12.156069	0.000190	24.651016	2.0
1392	1729.188603	12.158866	0.000190	134.594328	2.0
1393	1710.499234	12.162513	0.000190	75.343160	2.2
1394	1757.930609	12.177158	0.000190	52.426290	2.0
1395	1716.561492	12.175134	0.000190	94.284333	4.1
1396	1803.949507	12.182181	0.000190	32.715298	4.7
1397	1767.097418	12.181443	0.000190	80.895022	4.8
1398	1669.692036	12.182251	0.000190	18.527144	4.8
1399	1725.189186	12.181219	0.000190	133.902848	4.9
1400	1676.953122	12.179361	0.000190	65.873652	3.3
1401	1718.923293	12.192824	0.000190	38.985164	3.2
1402	1747.706063	12.194408	0.000190	185.682038	3.3
1403	1728.698434	12.199186	0.000190	44.485160	3.3
1404	1716.446877	12.204745	0.000190	51.059435	3.4
1405	1645.691964	12.202618	0.000190	22.534935	2.8
1406	1780.854454	12.202066	0.000190	55.505442	2.5
1407	1730.181409	12.201669	0.000190	117.110338	2.5
1408	1737.815815	12.206328	0.000190	71.705223	2.6
1409	1700.160885	12.220244	0.000190	98.922998	2.7
1410	1764.060544	12.213910	0.000190	122.014139	2.8
1411	1769.679367	12.228270	0.000190	74.820955	2.8
1412	1815.056459	12.239989	0.000189	73.137805	2.7
1413	1746.185425	12.245681	0.000189	200.988159	2.5
1414	1730.634634	12.275148	0.000189	124.881490	2.4
1415	1676.353174	12.357034	0.000189	57.947992	2.6
1416	1653.372627	12.351357	0.000189	53.166737	4.8
1417	1743.127042	12.352416	0.000189	154.704545	4.6
1418	1637.805445	12.349906	0.000189	127.656837	4.5
1419	1696.530290	12.395652	0.000189	32.988584	4.5
1420	1740.855414	12.400463	0.000189	131.179746	4.5
1421	1728.422057	12.404413	0.000189	82.078485	3.4
1422	1760.718314	12.404144	0.000189	57.745904	3.3
1423	1765.282535	12.399823	0.000189	117.849889	3.3
1424	1678.725490	12.401986	0.000189	155.117688	2.8
1425	1727.963420	12.431861	0.000188	32.945752	2.8
1426	1652.919975	12.429143	0.000188	79.087370	2.8
1427	1703.119355	12.428466	0.000188	54.806122	2.8
1428	1718.912364	12.428039	0.000188	77.769953	2.8
1429	1788.825176	12.431532	0.000188	66.422736	2.5
1430	1707.086293	12.434368	0.000188	30.027273	2.5
1431	1705.321064	12.433782	0.000188	144.718160	2.3
1432	1787.054742	12.433865	0.000188	73.585732	2.2
1433	1722.618407	12.431723	0.000188	83.964966	2.3
1434	1740.379315	12.429328	0.000188	115.390936	2.3
1435	1759.561131	12.442900	0.000188	59.260508	2.4
1436	1767.063446	12.448696	0.000188	81.189384	4.8
1437	1691.588633	12.452935	0.000188	95.863965	4.7
1438	1710.771449	12.460267	0.000188	55.973264	3.9
1439	1750.321037	12.467753	0.000188	96.677184	4.1
1440	1674.699156	12.464277	0.000188	41.491774	3.4
1441	1751.903240	12.460924	0.000188	57.080155	3.5
1442	1727.783757	12.461704	0.000188	119.396992	3.3
1443	1704.749376	12.462564	0.000188	64.958804	2.8
1444	1719.491782	12.473041	0.000188	50.836115	2.5
1445	1753.179238	12.476891	0.000188	89.409648	2.3
1446	1705.907286	12.477421	0.000188	27.334192	4.1
1447	1764.531688	12.475839	0.000188	95.164207	2.6
1448	1747.833754	12.476473	0.000188	51.401134	2.6
1449	1759.510231	12.471760	0.000188	45.104552	2.5
1450	1772.657667	12.470471	0.000188	75.665786	2.5
1451	1814.175326	12.471405	0.000188	34.299597	2.7
1452	1777.042281	12.472303	0.000188	60.994900	2.4
1453	1755.387259	12.473178	0.000188	89.256918	2.5
1454	1761.626228	12.469300	0.000188	78.310903	2.6
1455	1730.069196	12.474511	0.000188	131.470267	2.6
1456	1744.308330	12.470478	0.000188	168.221131	2.7
1457	1713.058325	12.519742	0.000188	78.505491	2.7
1458	1683.200489	12.532058	0.000188	26.933140	2.2
1459	1740.639992	12.534142	0.000188	32.557141	2.4
1460	1723.279028	12.535102	0.000188	148.079127	2.2
1461	1618.886052	12.530519	0.000188	121.832560	2.1
1462	1704.945510	12.569631	0.000188	81.056262	2.1
1463	1762.509237	12.576790	0.000188	109.087120	2.1
1464	1761.248555	12.580751	0.000188	89.233371	2.0
1465	1749.990382	12.580479	0.000188	138.812648	2.1
1466	1748.963766	12.583915	0.000187	108.432506	2.1
1467	1723.849526	12.599000	0.000187	142.300625	2.0
1468	1731.383726	12.627785	0.000187	67.050890	2.1
1469	1765.512047	12.622761	0.000187	210.839630	2.1
1470	1698.396293	12.644112	0.000187	40.770356	2.1
1471	1789.309749	12.654383	0.000187	116.828367	2.0
1472	1730.899619	12.656204	0.000187	72.660554	2.1
1473	1678.777207	12.659297	0.000187	51.483102	2.0
1474	1742.992879	12.656364	0.000187	80.563538	2.1
1475	1714.634374	12.659174	0.000187	67.823438	2.1
1476	1706.971449	12.667070	0.000187	52.216521	2.1
1477	1753.264867	12.663568	0.000187	138.156798	2.1
1478	1741.630216	12.672306	0.000187	47.785382	2.1
1479	1740.801735	12.680519	0.000187	119.017980	2.1
1480	1770.500201	12.676161	0.000187	144.968088	2.1
1481	1784.523826	12.697615	0.000187	67.851918	2.1
1482	1694.362906	12.694094	0.000187	73.048780	2.3
1483	1753.031568	12.700337	0.000187	106.364503	2.4
1484	1779.857972	12.711976	0.000187	115.680517	2.4
1485	1732.757925	12.705329	0.000187	75.136611	2.3
1486	1758.916160	12.710830	0.000187	34.712468	2.0
1487	1661.325329	12.708246	0.000187	29.096197	2.0
1488	1712.572416	12.707796	0.000187	20.459769	1.9
1489	1673.405893	12.707642	0.000187	37.801883	2.0
1490	1792.687538	12.707917	0.000187	53.757346	2.0
1491	1761.317370	12.705829	0.000187	73.257645	2.0
1492	1742.918491	12.711036	0.000187	69.410297	2.0
1493	1756.940723	12.714334	0.000187	115.640725	2.0
1494	1652.661349	12.714788	0.000187	102.854840	2.0
1495	1691.471070	12.735114	0.000187	82.121517	2.0
1496	1794.044266	12.730164	0.000187	64.428152	1.9
1497	1691.864982	12.735014	0.000187	88.244502	2.0
1498	1752.884829	12.739932	0.000187	116.873679	2.0
1499	1740.466855	12.755514	0.000187	97.785794	2.0
1500	1723.494438	12.747010	0.000187	134.445510	2.0
1501	1672.174896	12.744623	0.000187	50.090613	1.9
1502	1684.347653	12.739355	0.000187	171.549652	1.9
1503	1701.039017	12.741244	0.000187	45.653518	2.1
1504	1742.121550	12.749525	0.000187	136.757182	4.2
1505	1729.702388	12.746559	0.000187	156.224703	2.4
1506	1761.535510	12.787589	0.000186	69.006413	2.4
1507	1728.004257	12.788571	0.000186	56.847172	2.4
1508	1728.655050	12.793145	0.000186	34.670969	2.4
1509	1756.032739	12.795053	0.000186	136.368830	2.0
1510	1783.913549	12.801564	0.000186	170.262447	2.0
1511	1746.673649	12.821321	0.000186	53.848937	2.5
1512	1706.076182	12.823204	0.000186	105.831414	2.0
1513	1805.570605	12.820025	0.000186	29.031875	1.9
1514	1743.673432	12.821215	0.000186	25.226947	2.0
1515	1798.558551	12.820547	0.000186	41.222301	2.0
1516	1696.240901	12.820357	0.000186	63.328968	1.9
1517	1705.626514	12.822581	0.000186	82.748795	1.9
1518	1774.843207	12.817934	0.000186	91.322953	2.0
1519	1759.182494	12.820359	0.000186	66.058351	2.0
1520	1686.327939	12.820689	0.000186	55.676489	1.9
1521	1679.149186	12.817840	0.000186	128.386938	1.9
1522	1793.673497	12.821500	0.000186	117.399733	1.9
1523	1863.006587	12.853300	0.000186	58.774910	5.4
1524	1747.123324	12.864063	0.000186	92.846348	4.6
1525	1779.713490	12.871249	0.000186	75.380992	4.9
1526	1659.296905	12.879216	0.000186	83.246835	4.6
1527	1731.157493	12.883881	0.000186	102.967905	4.6
1528	1684.337079	12.897425	0.000186	13.278551	4.9
1529	1661.026970	12.898307	0.000186	17.097991	3.0
1530	1693.055184	12.898358	0.000186	44.214117	3.4
1531	1749.385882	12.898355	0.000186	77.852797	3.6
1532	1730.982938	12.897633	0.000186	82.063517	3.5
1533	1719.961917	12.906167	0.000186	120.211959	2.9
1534	1681.202767	12.915672	0.000186	106.627994	2.7
1535	1756.630381	12.924263	0.000186	72.650336	2.9
1536	1649.582510	12.918284	0.000186	90.448397	2.7
1537	1796.573911	12.925404	0.000186	60.773172	2.4
1538	1765.999224	12.930710	0.000186	34.730447	2.6
1539	1743.380503	12.929546	0.000186	90.781179	2.5
1540	1822.678148	12.926256	0.000186	90.946464	3.8
1541	1699.000145	12.937480	0.000186	75.163755	3.3
1542	1684.727133	12.931956	0.000186	154.612966	3.3
1543	1778.475330	12.924051	0.000186	100.046117	3.1
1544	1729.572578	12.956468	0.000185	87.157439	2.7
1545	1789.228885	12.950191	0.000185	47.939972	2.7
1546	1647.632871	12.951123	0.000185	53.768151	2.8
1547	1806.318149	12.948864	0.000185	57.655543	2.3
1548	1793.848194	12.951652	0.000185	116.758118	2.3
1549	1706.049230	12.961388	0.000185	148.502608	2.3
1550	1722.896274	13.002467	0.000185	67.950787	2.2
1551	1732.377474	13.011384	0.000185	69.823305	2.2
1552	1776.350066	13.007729	0.000185	85.861310	2.1
1553	1766.677146	13.005703	0.000185	97.926188	2.2
1554	1699.421649	13.017288	0.000185	83.660275	2.1
1555	1762.036284	13.011595	0.000185	57.258374	2.2
1556	1797.140098	13.012717	0.000185	45.561439	2.0
1557	1710.921596	13.011208	0.000185	73.378033	2.0
1558	1662.859321	13.009607	0.000185	75.913407	2.0
1559	1740.381645	13.016039	0.000185	71.928450	2.0
1560	1716.398960	13.018578	0.000185	98.275510	2.0
1561	1783.922378	13.012340	0.000185	53.521376	1.9
1562	1817.683094	13.011228	0.000185	194.697591	2.0
1563	1743.267844	13.013670	0.000185	73.202022	1.9
1564	1754.422068	13.014180	0.000185	85.009634	1.9
1565	1727.747318	13.022516	0.000185	54.859661	1.9
1566	1638.808081	13.024788	0.000185	82.246334	1.9
1567	1666.187190	13.024829	0.000185	145.348311	2.0
1568	1775.212191	13.047765	0.000185	108.884809	2.0
1569	1714.873669	13.082598	0.000185	134.124342	2.0
1570	1739.798750	13.072067	0.000185	210.930207	1.9
1571	1678.935842	13.171613	0.000184	101.420713	2.0
1572	1694.081027	13.161921	0.000184	37.938596	1.9
1573	1695.958997	13.163453	0.000184	77.722385	2.0
1574	1712.370172	13.162022	0.000184	116.979310	1.9
1575	1701.691419	13.159387	0.000184	73.171432	2.0
1576	1710.793936	13.163611	0.000184	72.022796	1.9
1577	1756.432668	13.161483	0.000184	34.732489	1.9
1578	1722.050892	13.159871	0.000184	40.092497	1.9
1579	1717.670503	13.159972	0.000184	59.089221	2.0
1580	1704.348868	13.159963	0.000184	88.339950	2.0
1581	1735.703038	13.163655	0.000184	86.357812	1.9
1582	1773.619887	13.159970	0.000184	28.739551	1.9
1583	1801.593818	13.161395	0.000184	43.735475	1.9
1584	1704.662736	13.161386	0.000184	43.917121	1.9
1585	1737.703915	13.160510	0.000184	110.371448	1.9
1586	1695.829228	13.158874	0.000184	91.852058	1.9
1587	1739.299728	13.170561	0.000184	88.601360	1.9
1588	1760.750712	13.164273	0.000184	130.303110	1.9
1589	1747.058396	13.171194	0.000184	20.411321	2.1
1590	1752.331106	13.169311	0.000184	64.643132	4.2
1591	1776.490157	13.169765	0.000184	36.331695	3.1
1592	1804.793236	13.169668	0.000184	35.118885	2.2
1593	1719.084986	13.171028	0.000184	32.251311	2.3
1594	1778.979566	13.170587	0.000184	160.774688	2.2
1595	1752.381259	13.176521	0.000184	136.760826	5.4
1596	1814.132943	13.238759	0.000184	23.531217	4.8
1597	1746.813710	13.241747	0.000184	60.684553	4.8
1598	1670.854190	13.243201	0.000184	59.317020	5.2
1599	1778.501515	13.247912	0.000184	150.228870	5.0
1600	1760.887764	13.259961	0.000184	100.212556	4.7
1601	1778.460686	13.253034	0.000184	193.594236	3.7
1602	1779.209416	13.298593	0.000184	117.660387	3.6
1603	1729.790319	13.350357	0.000183	244.417292	3.3
1604	1745.123320	13.462485	0.000183	28.593077	2.9
1605	1653.363506	13.469685	0.000183	86.813382	3.8
1606	1732.266418	13.467416	0.000183	73.080514	4.7
1607	1731.596863	13.462051	0.000183	118.790442	4.6
1608	1717.986805	13.475969	0.000183	80.470791	4.2
1609	1756.807887	13.485135	0.000183	33.779215	4.9
1610	1732.591660	13.486644	0.000183	56.093017	4.8
1611	1699.451748	13.485067	0.000183	67.277492	4.5
1612	1717.585606	13.482704	0.000183	184.045031	4.5
1613	1793.979860	13.503647	0.000183	95.370419	4.6
1614	1731.832183	13.491897	0.000183	49.708073	4.8
1615	1718.924757	13.496851	0.000183	179.136909	5.2
1616	1696.301517	13.493539	0.000183	106.835181	5.2
1617	1683.399263	13.488811	0.000183	102.453441	4.9
1618	1792.354626	13.489920	0.000183	94.948369	4.8
1619	1721.277497	13.488839	0.000183	96.495928	3.7
1620	1687.757273	13.481475	0.000183	164.750861	3.6
1621	1802.367201	13.502783	0.000183	120.103611	3.5
1622	1773.445295	13.545844	0.000182	125.458250	2.8
1623	1761.537837	13.577922	0.000182	73.566552	2.8
1624	1797.781618	13.591905	0.000182	37.936107	2.8
1625	1774.775582	13.592915	0.000182	109.069795	2.2
1626	1727.202234	13.598097	0.000182	137.918007	2.2
1627	1723.521615	13.630320	0.000182	79.520070	2.2
1628	1736.928713	13.644739	0.000182	25.411476	3.1
1629	1709.154943	13.643010	0.000182	71.717981	4.5
1630	1698.440484	13.645157	0.000182	56.722615	4.6
1631	1700.043434	13.649668	0.000182	50.731628	3.7
1632	1711.390794	13.649527	0.000182	56.254362	3.3
1633	1748.113697	13.652495	0.000182	37.844792	3.3
1634	1760.362445	13.652033	0.000182	33.170477	3.0
1635	1767.131627	13.650732	0.000182	101.469961	2.5
1636	1793.038891	13.647454	0.000182	146.311159	2.6
1637	1686.407740	13.675879	0.000182	7.730104	2.5
1638	1760.032637	13.675071	0.000182	84.375722	2.4
1639	1737.402165	13.675439	0.000182	57.288192	2.3
1640	1747.515055	13.675304	0.000182	84.791222	2.2
1641	1723.581841	13.679242	0.000182	36.257557	2.2
1642	1768.652996	13.676374	0.000182	102.449880	2.4
1643	1692.807818	13.678127	0.000182	39.093239	4.8
1644	1709.728001	13.677269	0.000182	51.360739	4.8
1645	1666.331698	13.679308	0.000182	111.554976	4.9
1646	1776.536920	13.687430	0.000182	84.334263	4.8
1647	1727.634512	13.697944	0.000181	92.884209	3.6
1648	1641.319653	13.693670	0.000182	29.675450	3.7
1649	1706.242225	13.693906	0.000181	181.733685	3.6
1650	1745.211067	13.689714	0.000182	153.747391	4.2
1651	1679.577115	13.789947	0.000181	58.504390	4.3
1652	1744.026893	13.802494	0.000181	42.499051	3.4
1653	1700.499223	13.800781	0.000181	172.462521	3.2
1654	1672.364421	13.804199	0.000181	84.876805	3.3
1655	1719.499700	13.816370	0.000181	73.789696	2.8
1656	1691.284675	13.813450	0.000181	113.549859	3.0
1657	1760.590672	13.809647	0.000181	34.038308	3.2
1658	1743.391499	13.813437	0.000181	148.895244	2.8
1659	1768.574717	13.808978	0.000181	72.603506	4.1
1660	1738.430370	13.808127	0.000181	18.352670	4.1
1661	1784.091211	13.807080	0.000181	103.928447	3.5
1662	1721.351606	13.805786	0.000181	80.205570	3.5
1663	1668.715355	13.805476	0.000181	84.394778	7.5
1664	1751.427421	13.813238	0.000181	80.238018	3.7
1665	1695.362590	13.807031	0.000181	112.761683	3.9
1666	1698.454787	13.817272	0.000181	67.484072	4.2
1667	1694.923075	13.812421	0.000181	88.843247	2.3
1668	1722.951235	13.820515	0.000181	73.755346	2.4
1669	1666.729892	13.827556	0.000181	96.528603	4.6
1670	1716.686253	13.827671	0.000181	123.941126	2.6
1671	1654.423580	13.834463	0.000181	125.579144	2.7
1672	1661.441952	13.863374	0.000181	98.443569	3.6
1673	1709.979054	13.854606	0.000181	69.100472	3.2
1674	1765.577739	13.862915	0.000181	94.609899	3.1
1675	1700.116892	13.857802	0.000181	110.183408	2.9
1676	1749.995270	13.871642	0.000181	81.536082	3.0
1677	1790.669314	13.881760	0.000181	61.054568	5.0
1678	1720.848126	13.877545	0.000181	213.627160	4.7
1679	1801.674423	13.884383	0.000181	192.188933	4.6
1680	1826.109077	14.090828	0.000179	81.521047	4.1
1681	1658.494877	14.084802	0.000179	127.266407	4.2
1682	1691.041010	14.102175	0.000179	119.109662	3.6
1683	1805.876520	14.135337	0.000179	80.706102	4.9
1684	1678.125803	14.136182	0.000179	88.004317	5.1
1685	1743.403620	14.139664	0.000179	43.609940	5.0
1686	1756.984929	14.139971	0.000179	86.621539	4.6
1687	1642.369481	14.141554	0.000179	37.037453	4.7
1688	1659.893748	14.142024	0.000179	114.715815	4.8
1689	1756.125976	14.142006	0.000179	54.821414	4.8
1690	1738.386687	14.147016	0.000179	74.040278	4.8
1691	1753.154294	14.144583	0.000179	79.882605	3.7
1692	1754.990520	14.151982	0.000179	70.311590	3.7
1693	1741.128253	14.159920	0.000179	56.194997	3.4
1694	1755.492926	14.159327	0.000179	20.608405	3.1
1695	1762.124147	14.158395	0.000179	126.256483	3.1
1696	1751.085262	14.156555	0.000179	142.966045	3.0
1697	1712.336754	14.192667	0.000179	154.688115	2.7
1698	1671.833125	14.228395	0.000179	125.077903	2.6
1699	1692.471087	14.277671	0.000178	55.415509	4.4
1700	1690.084918	14.275020	0.000179	32.648314	3.2
1701	1701.839075	14.274227	0.000179	52.758341	2.5
1702	1706.743051	14.275297	0.000179	93.209375	2.5
1703	1654.518874	14.278427	0.000178	106.486040	2.6
1704	1663.707773	14.293993	0.000178	64.149079	2.8
1705	1615.927376	14.294718	0.000178	112.337924	2.9
1706	1760.621484	14.296445	0.000178	40.684564	4.3
1707	1704.449377	14.300422	0.000178	83.821388	3.1
1708	1707.400995	14.303609	0.000178	100.344825	3.9
1709	1743.435423	14.307670	0.000178	95.103810	3.6
1710	1757.092301	14.300329	0.000178	217.333621	3.5
1711	1767.472347	14.330959	0.000178	116.124033	3.6
1712	1808.440194	14.370271	0.000178	66.933139	2.9
1713	1727.538110	14.369334	0.000178	47.943001	2.9
1714	1689.993876	14.369006	0.000178	76.188001	3.5
1715	1662.247260	14.369687	0.000178	181.490515	2.9
1716	1723.535551	14.389477	0.000178	51.118044	2.8
1717	1799.102547	14.391925	0.000178	57.656970	2.9
1718	1715.155231	14.392711	0.000178	66.762655	3.0
1719	1768.161019	14.389455	0.000178	119.310707	2.3
1720	1696.397515	14.388404	0.000178	95.485982	2.3
1721	1727.658687	14.405486	0.000178	42.117244	2.3
1722	1732.298207	14.404165	0.000178	98.523593	3.0
1723	1713.326057	14.403202	0.000178	121.688726	2.4
1724	1707.592616	14.417216	0.000178	27.256161	2.6
1725	1707.047758	14.416649	0.000178	44.230457	4.1
1726	1719.850541	14.416396	0.000178	81.570313	2.8
1727	1679.635050	14.417093	0.000178	102.537272	2.8
1728	1701.188208	14.411494	0.000178	46.571657	2.7
1729	1710.560656	14.414533	0.000178	208.737235	2.7
1730	1713.248058	14.408232	0.000178	55.699671	2.6
1731	1713.491345	14.417699	0.000178	172.694434	2.6
1732	1755.382175	14.412514	0.000178	104.268259	2.5
1733	1677.269191	14.450814	0.000178	109.766110	2.6
1734	1764.125394	14.466495	0.000178	70.945338	2.7
1735	1700.794989	14.472595	0.000178	21.793591	2.7
1736	1732.674636	14.473723	0.000178	62.506913	2.6
1737	1738.012917	14.474756	0.000178	99.389258	2.5
1738	1828.980467	14.483433	0.000177	56.891186	2.4
1739	1665.659629	14.483012	0.000177	130.478683	2.6
1740	1696.512374	14.481179	0.000177	92.381430	4.9
1741	1776.595039	14.503121	0.000177	84.035461	4.8
1742	1751.551291	14.513979	0.000177	23.728858	4.8
1743	1762.528640	14.516252	0.000177	76.583748	3.5
1744	1701.440459	14.517419	0.000177	40.295407	3.6
1745	1727.081368	14.514395	0.000177	28.014956	3.3
1746	1718.307148	14.513296	0.000177	127.970832	2.9
1747	1782.996223	14.514788	0.000177	75.005216	2.9
1748	1664.482356	14.522984	0.000177	91.212465	3.1
1749	1684.038307	14.533639	0.000177	17.653858	4.5
1750	1675.573540	14.535219	0.000177	100.500524	4.4
1751	1705.718290	14.534290	0.000177	68.671299	3.7
1752	1749.562488	14.539181	0.000177	56.430300	3.5
1753	1878.027966	14.540512	0.000177	71.430699	4.8
1754	1741.690139	14.537241	0.000177	74.384117	4.8
1755	1688.302383	14.533238	0.000177	117.244121	4.7
1756	1707.766755	14.533281	0.000177	89.039093	4.8
1757	1738.878165	14.525208	0.000177	40.368397	4.7
1758	1756.965907	14.529631	0.000177	87.289995	3.5
1759	1679.866375	14.533495	0.000177	110.880315	3.5
1760	1709.136642	14.548390	0.000177	122.502341	3.5
1761	1726.888066	14.572032	0.000177	174.185394	2.9
1762	1688.058370	14.595394	0.000177	48.073388	2.9
1763	1728.464413	14.608997	0.000177	100.084664	3.0
1764	1783.579760	14.613499	0.000177	114.750090	4.6
1765	1707.635782	14.634673	0.000177	79.236387	4.6
1766	1702.489571	14.646446	0.000177	25.226366	3.7
1767	1759.104097	14.646883	0.000177	88.430915	3.4
1768	1615.700491	14.648193	0.000177	85.392012	3.6
1769	1779.855141	14.659567	0.000177	63.609250	3.2
1770	1755.493575	14.665550	0.000177	52.427712	3.4
1771	1740.093671	14.669082	0.000177	48.673705	3.2
1772	1829.814129	14.671134	0.000177	63.327608	2.6
1773	1753.177693	14.673018	0.000177	124.767376	2.5
1774	1762.467350	14.676243	0.000177	77.214059	2.5
1775	1673.375758	14.687113	0.000176	54.853192	2.4
1776	1769.615190	14.687585	0.000176	25.882699	3.8
1777	1735.702526	14.687924	0.000176	77.783510	2.9
1778	1762.500694	14.686065	0.000176	14.942310	4.8
1779	1783.498172	14.685356	0.000176	74.421746	4.2
1780	1713.012856	14.685721	0.000176	41.999576	4.2
1781	1744.472590	14.686393	0.000176	60.185821	3.1
1782	1711.710229	14.685983	0.000176	110.985942	3.2
1783	1746.366385	14.695349	0.000176	93.888996	3.3
1784	1725.741133	14.710420	0.000176	54.199930	4.8
1785	1684.468705	14.712708	0.000176	55.884113	4.7
1786	1700.364605	14.711453	0.000176	73.934237	2.4
1787	1671.755699	14.717272	0.000176	67.780559	2.3
1788	1718.152353	14.723451	0.000176	133.509330	3.1
1789	1711.528814	14.738187	0.000176	177.754579	2.3
1790	1665.587632	14.804411	0.000176	42.324019	2.2
1791	1779.572402	14.809745	0.000176	149.470342	2.2
1792	1732.588284	14.806020	0.000176	151.670896	2.2
1793	1681.764330	14.866089	0.000176	64.847216	2.2
1794	1737.718905	14.869820	0.000176	57.444654	2.2
1795	1722.575650	14.868597	0.000176	73.855110	2.5
1796	1755.174912	14.870421	0.000176	45.918911	2.4
1797	1673.994899	14.871495	0.000176	102.973933	2.2
1798	1745.890672	14.877895	0.000176	157.113974	2.3
1799	1774.574354	14.873152	0.000176	136.105304	2.5
1800	1712.964517	14.921955	0.000175	76.750700	2.5
1801	1724.325296	14.937850	0.000175	83.070314	2.5
1802	1723.580115	14.939223	0.000175	172.650139	2.5
1803	1678.019864	14.940609	0.000175	193.768627	2.1
1804	1754.433306	15.056099	0.000175	51.895359	2.0
1805	1734.916961	15.070960	0.000175	51.257286	2.0
1806	1770.743967	15.072372	0.000175	35.819100	2.0
1807	1768.908815	15.071580	0.000175	114.794495	2.0
1808	1701.212889	15.075731	0.000175	42.682894	2.0
1809	1739.144509	15.073911	0.000175	16.224656	2.0
1810	1772.873222	15.073559	0.000175	53.478335	2.0
1811	1707.161071	15.073913	0.000175	127.330556	1.9
1812	1804.300884	15.082403	0.000175	68.104845	1.9
1813	1752.129915	15.090699	0.000174	72.989008	2.0
1814	1687.847910	15.097067	0.000174	51.136384	1.9
1815	1712.711448	15.101209	0.000174	107.339441	2.0
1816	1702.722681	15.101397	0.000174	136.134770	1.9
1817	1692.520911	15.091485	0.000174	50.613149	1.9
1818	1753.701908	15.101490	0.000174	104.098625	1.9
1819	1691.499418	15.100754	0.000174	45.075233	1.9
1820	1718.510572	15.100850	0.000174	72.249987	2.0
1821	1738.935882	15.100026	0.000174	118.466573	2.0
1822	1760.202531	15.097833	0.000174	12.884316	1.9
1823	1741.937279	15.099342	0.000174	33.140106	2.0
1824	1631.532990	15.099752	0.000174	50.459441	2.0
1825	1776.649951	15.100989	0.000174	145.100072	2.0
1826	1740.323125	15.106875	0.000174	103.123005	1.9
1827	1738.736442	15.135854	0.000174	49.897809	2.0
1828	1746.482601	15.131127	0.000174	82.910298	2.0
1829	1733.941154	15.135598	0.000174	83.337911	2.0
1830	1692.394062	15.140090	0.000174	74.552941	2.0
1831	1744.694601	15.136043	0.000174	60.788630	1.9
1832	1710.560109	15.139612	0.000174	88.828802	1.9
1833	1753.144227	15.142172	0.000174	113.310534	1.9
1834	1758.601885	15.154725	0.000174	81.389511	2.0
1835	1734.144589	15.168423	0.000174	113.903385	1.9
1836	1698.362909	15.177629	0.000174	125.475644	1.9
1837	1658.327454	15.201327	0.000174	55.330255	2.0
1838	1714.307742	15.195162	0.000174	97.756569	2.0
1839	1652.815027	15.202871	0.000174	50.029373	1.9
1840	1718.021521	15.204366	0.000174	80.671994	2.5
1841	1676.218538	15.206584	0.000174	79.144524	4.6
1842	1831.896735	15.212957	0.000174	81.062725	4.7
1843	1804.703141	15.211990	0.000174	138.677855	4.8
1844	1645.839923	15.217271	0.000174	29.976244	4.4
1845	1751.460023	15.220107	0.000174	41.971841	3.7
1846	1817.907374	15.219870	0.000174	35.656965	4.2
1847	1763.176632	15.219654	0.000174	46.906415	4.4
1848	1698.854195	15.220414	0.000174	49.451467	4.5
1849	1755.704689	15.222086	0.000174	60.588701	3.4
1850	1775.654915	15.221182	0.000174	50.629320	3.4
1851	1703.290479	15.221198	0.000174	89.886651	3.3
1852	1753.803329	15.218357	0.000174	61.355966	2.8
1853	1694.008292	15.226221	0.000174	99.074068	2.9
1854	1686.065533	15.223998	0.000174	136.443431	4.5
1855	1723.572660	15.240482	0.000174	202.404247	4.5
1856	1704.055217	15.332901	0.000173	139.905917	7.1
1857	1713.039375	15.318954	0.000173	141.522006	3.8
1858	1776.417991	15.368232	0.000173	67.700823	5.0
1859	1738.659273	15.360409	0.000173	113.221144	4.4
1860	1685.518830	15.353966	0.000173	169.649664	3.0
1861	1743.737850	15.388832	0.000173	57.582270	3.2
1862	1730.389105	15.396435	0.000173	122.627785	3.5
1863	1734.261575	15.403222	0.000173	205.196548	3.6
1864	1767.951577	15.481066	0.000173	75.402537	3.1
1865	1706.556567	15.513386	0.000172	166.495457	2.7
1866	1746.072378	15.504846	0.000172	38.706951	2.8
1867	1742.582773	15.509225	0.000172	91.504270	2.7
1868	1752.512141	15.511206	0.000172	104.272948	2.8
1869	1665.414190	15.509952	0.000172	75.163445	2.7
1870	1653.293624	15.520261	0.000172	61.347942	2.7
1871	1725.476040	15.516858	0.000172	121.069076	2.6
1872	1759.446008	15.511169	0.000172	99.300500	2.4
1873	1661.719605	15.501973	0.000173	47.816199	2.4
1874	1831.098843	15.501707	0.000173	187.320865	2.4
1875	1783.145241	15.514020	0.000172	80.817069	2.4
1876	1734.162473	15.545115	0.000172	38.373134	2.2
1877	1686.374734	15.547246	0.000172	140.429368	2.3
1878	1680.755971	15.552472	0.000172	54.765511	2.2
1879	1696.067457	15.563069	0.000172	102.702731	2.2
1880	1698.902301	15.562524	0.000172	51.481824	2.3
1881	1780.197774	15.560492	0.000172	24.638927	2.3
1882	1650.090763	15.559893	0.000172	44.052922	2.3
1883	1726.897604	15.559393	0.000172	45.157172	2.3
1884	1799.875288	15.559762	0.000172	132.420099	2.1
1885	1751.000583	15.554677	0.000172	86.552052	2.1
1886	1796.893067	15.573092	0.000172	102.142459	2.1
1887	1648.782775	15.566749	0.000172	92.454466	2.2
1888	1715.113053	15.575285	0.000172	71.897214	2.1
1889	1715.158252	15.584833	0.000172	128.579606	2.0
1890	1717.791537	15.588171	0.000172	149.035848	2.0
1891	1753.857909	15.637423	0.000172	25.044874	2.0
1892	1703.640382	15.641107	0.000172	18.344443	2.0
1893	1667.732055	15.641592	0.000172	85.821207	2.0
1894	1744.232449	15.640425	0.000172	88.256422	2.0
1895	1713.431281	15.650385	0.000172	111.980451	1.9
1896	1782.897697	15.647717	0.000172	91.647862	1.9
1897	1769.289839	15.664717	0.000172	80.702873	2.0
1898	1780.547587	15.660164	0.000172	22.748673	2.0
1899	1788.793690	15.659213	0.000172	42.743004	2.0
1900	1702.923269	15.659664	0.000172	167.483766	2.0
1901	1709.919343	15.661429	0.000172	28.606266	1.9
1902	1780.863932	15.663217	0.000172	42.239829	2.0
1903	1730.216757	15.664108	0.000172	136.985606	2.0
1904	1688.653292	15.661482	0.000172	94.492862	1.9
1905	1753.827128	15.671279	0.000172	71.883143	1.9
1906	1708.971981	15.673358	0.000172	45.321598	2.0
1907	1734.896307	15.674966	0.000172	36.599138	2.0
1908	1775.125857	15.675726	0.000172	63.562405	1.9
1909	1747.354595	15.677727	0.000172	29.953279	2.0
1910	1772.928436	15.675761	0.000172	56.936656	2.0
1911	1713.522441	15.674833	0.000172	124.819854	4.2
1912	1734.432277	15.683360	0.000172	56.780859	2.5
1913	1678.590093	15.691714	0.000172	65.626985	2.3
1914	1712.701676	15.691190	0.000172	140.474555	2.3
1915	1731.408766	15.697324	0.000172	164.823915	2.3
1916	1734.242117	15.686640	0.000172	172.174294	2.3
1917	1706.076288	15.744826	0.000171	52.082820	2.1
1918	1728.130187	15.737337	0.000171	87.953204	1.9
1919	1690.964291	15.737596	0.000171	41.815241	2.0
1920	1773.139514	15.737629	0.000171	44.710629	1.9
1921	1771.736753	15.737895	0.000171	110.118567	2.0
1922	1747.014668	15.733045	0.000171	47.904537	2.0
1923	1720.679850	15.740037	0.000171	48.623024	2.2
1924	1693.807851	15.737868	0.000171	38.641546	4.8
1925	1791.897537	15.736268	0.000171	25.054665	4.8
1926	1744.474590	15.737212	0.000171	135.644531	4.6
1927	1738.761463	15.739616	0.000171	44.609776	4.3
1928	1710.854849	15.747330	0.000171	44.681179	4.5
1929	1784.294332	15.748949	0.000171	141.986380	2.1
1930	1701.250833	15.745391	0.000171	47.593370	2.0
1931	1735.868734	15.752014	0.000171	31.076567	3.0
1932	1671.325460	15.753596	0.000171	92.589291	2.4
1933	1682.015259	15.756870	0.000171	45.277266	2.5
1934	1727.235774	15.761901	0.000171	74.204630	2.5
1935	1669.661693	15.759860	0.000171	161.744863	2.4
1936	1728.302544	15.773527	0.000171	177.083312	2.4
1937	1759.903791	15.856397	0.000171	67.741190	2.4
1938	1767.728679	15.861929	0.000171	87.534585	2.5
1939	1672.047525	15.864039	0.000171	70.736338	2.1
1940	1684.687294	15.859629	0.000171	114.413857	2.4
1941	1698.147680	15.870138	0.000171	57.774918	2.1
1942	1723.756789	15.868025	0.000171	16.329617	2.0
1943	1798.420350	15.868056	0.000171	46.773763	2.1
1944	1761.059748	15.868163	0.000171	82.096966	2.1
1945	1717.159086	15.872000	0.000171	131.004966	2.0
1946	1834.370068	15.891063	0.000171	122.376633	2.0
1947	1722.501562	15.893366	0.000171	73.082362	2.0
1948	1747.756893	15.907176	0.000171	45.156048	1.9
1949	1733.842371	15.906727	0.000171	93.054155	2.0
1950	1772.481742	15.912513	0.000171	108.035449	1.9
1951	1715.564668	15.904826	0.000171	39.007815	1.9
1952	1774.800686	15.908210	0.000171	128.857551	1.9
1953	1768.083362	15.903392	0.000171	98.277754	2.0
1954	1759.127653	15.923461	0.000171	58.398474	2.0
1955	1719.607458	15.926222	0.000171	101.635780	2.0
1956	1769.233319	15.934542	0.000170	67.032201	1.9
1957	1755.785999	15.942781	0.000170	20.251400	1.9
1958	1739.360739	15.943743	0.000170	92.303011	2.0
1959	1718.867898	15.943056	0.000170	60.291875	1.9
1960	1699.842438	15.950813	0.000170	199.534478	2.0
1961	1757.302094	15.947792	0.000170	118.160710	1.9
1962	1687.600588	15.987896	0.000170	59.365905	1.9
1963	1692.480085	15.987079	0.000170	38.353333	2.0
1964	1705.267395	15.987880	0.000170	109.363335	1.9
1965	1705.280908	15.984987	0.000170	160.346988	1.9
1966	1750.331801	16.014819	0.000170	148.897908	2.0
1967	1735.757120	16.002950	0.000170	116.776230	1.9
1968	1699.982290	16.021802	0.000170	61.354794	2.0
1969	1698.530222	16.017915	0.000170	106.605926	1.9
1970	1780.022331	16.024734	0.000170	114.799742	2.0
1971	1779.883830	16.032569	0.000170	51.895222	2.0
1972	1776.714556	16.028102	0.000170	43.534024	1.9
1973	1664.279476	16.030301	0.000170	53.519272	1.9
1974	1747.696046	16.031485	0.000170	63.861331	1.9
1975	1747.443501	16.035583	0.000170	98.831720	1.9
1976	1704.534157	16.038138	0.000170	56.570039	1.9
1977	1676.880987	16.044651	0.000170	32.334030	2.0
1978	1767.572570	16.046947	0.000170	84.944905	2.0
1979	1690.038057	16.049967	0.000170	52.480102	2.0
1980	1741.608431	16.046055	0.000170	99.859676	2.0
1981	1745.710299	16.043135	0.000170	117.366084	2.0
1982	1777.520106	16.053539	0.000170	57.033823	2.0
1983	1702.640942	16.062679	0.000170	140.906460	2.1
1984	1687.269802	16.064407	0.000170	68.237286	1.9
1985	1740.362314	16.058833	0.000170	81.577422	1.9
1986	1693.628602	16.067082	0.000170	172.619814	2.0
1987	1765.812026	16.057248	0.000170	74.759163	1.9
1988	1742.493131	16.082493	0.000170	68.831578	1.9
1989	1685.761256	16.089311	0.000170	81.416587	1.9
1990	1748.713672	16.089601	0.000170	49.695620	1.9
1991	1663.997417	16.090275	0.000170	82.900771	2.0
1992	1737.655611	16.086733	0.000170	119.558261	1.9
1993	1752.763971	16.100152	0.000170	90.533202	2.0
1994	1721.408446	16.114209	0.000170	67.083333	1.9
1995	1716.671111	16.116252	0.000170	32.169123	2.0
1996	1759.571667	16.117538	0.000170	116.945258	1.9
1997	1718.864379	16.119333	0.000170	116.434928	2.0
1998	1731.628037	16.139723	0.000170	21.611783	1.8
1999	1749.366437	16.141645	0.000170	15.514059	2.0
