1:ItNr	2:Metric	3a:Time	3b:StepSize	4:||Gradient||	Time[ms]
0	14187.627008	0.000000	0.000087	16354.163419	198.0
1	3314.590006	0.000000	0.000087	1341.726939	4.9
2	3198.486228	1.000000	0.000083	933.707833	5.0
3	3054.210041	0.989773	0.000083	958.025263	4.3
4	3210.058753	0.979546	0.000083	651.442960	4.8
5	3008.204252	0.969319	0.000083	550.740221	5.4
6	3068.135776	0.959091	0.000083	425.476614	5.0
7	3019.835105	0.948864	0.000083	397.304191	3.9
8	2922.849620	0.938637	0.000083	204.429040	4.3
9	3094.305757	0.928419	0.000083	306.083267	3.2
10	2944.949051	0.918198	0.000083	284.783035	3.0
11	3063.252047	0.907971	0.000083	326.231471	3.1
12	2943.399680	0.897760	0.000083	155.894145	4.9
13	3040.635248	0.887544	0.000083	155.829134	6.1
14	2952.294676	0.878178	0.000083	87.885542	4.8
15	2992.750019	0.870251	0.000083	214.740784	4.7
16	2932.950456	0.863393	0.000083	381.842479	4.5
17	2930.872021	1.534760	0.000081	188.606110	3.5
18	2966.193642	2.104288	0.000079	269.149697	3.5
19	2972.703283	2.094180	0.000079	103.462629	4.9
20	3035.907970	2.097291	0.000079	320.563535	4.8
21	3097.371711	2.087274	0.000079	178.836228	4.8
22	2898.932166	2.088173	0.000079	132.562943	5.0
23	3068.632002	2.111682	0.000079	177.126829	4.7
24	2950.261511	2.160483	0.000079	192.673304	4.7
25	3060.558686	2.157242	0.000079	216.686440	3.3
26	3036.455269	2.378630	0.000078	102.039604	2.4
27	2968.619988	2.381683	0.000078	171.479197	4.5
28	2941.776502	2.373698	0.000078	115.067282	5.2
29	3007.608875	2.366138	0.000078	169.522611	3.8
30	3003.942477	2.356799	0.000078	124.993794	2.7
31	2977.090090	2.350597	0.000078	200.712246	2.6
32	2822.012609	2.368710	0.000078	154.445223	5.6
33	2921.895612	2.435744	0.000078	103.301792	6.0
34	3045.456637	2.426698	0.000078	162.713602	4.8
35	3010.326079	2.420168	0.000078	119.748634	4.5
36	2948.225163	2.410941	0.000078	157.414790	4.4
37	2994.327778	2.406610	0.000078	195.231384	3.2
38	3046.786980	2.398491	0.000078	77.330410	3.3
39	2881.551256	2.395286	0.000078	135.852438	3.1
40	3011.161099	2.388793	0.000078	112.928221	2.8
41	3014.783045	2.379873	0.000078	102.008430	2.7
42	3117.280759	2.381564	0.000078	148.917620	2.8
43	3087.989697	2.372665	0.000078	128.974731	3.9
44	2992.734322	2.363289	0.000078	132.949524	2.9
45	2983.785978	2.357015	0.000078	210.085457	3.2
46	3131.593208	2.386862	0.000078	320.274460	2.9
47	2977.490971	3.010868	0.000076	131.598743	3.7
48	3024.276462	3.233732	0.000075	197.194732	3.3
49	2957.305704	3.289659	0.000075	131.639731	3.3
50	3121.920612	3.351344	0.000075	184.792823	3.2
51	2968.979189	3.377838	0.000075	239.229163	3.2
52	3000.125536	3.690701	0.000074	104.737571	4.3
53	3085.102444	3.695882	0.000074	96.371936	3.1
54	2928.841783	3.689359	0.000074	150.205733	3.1
55	2984.545121	3.683132	0.000074	132.468185	3.2
56	2984.547115	3.673997	0.000074	148.464583	7.2
57	2882.058390	3.689126	0.000074	140.682606	2.9
58	2963.292175	3.711364	0.000074	93.689578	3.7
59	2951.961259	3.706612	0.000074	147.012044	3.4
60	2880.816302	3.702727	0.000074	125.040400	3.8
61	2802.847972	3.710165	0.000074	84.303581	4.4
62	2977.741278	3.702723	0.000074	283.546406	3.3
63	2939.502618	3.732898	0.000074	222.781519	3.9
64	2969.984640	4.601285	0.000071	82.677176	2.8
65	2892.193262	4.600962	0.000071	122.686558	4.1
66	2869.107780	4.594906	0.000071	91.673557	4.9
67	2939.592544	4.591359	0.000071	151.995650	5.5
68	2966.926677	4.583101	0.000071	81.980617	3.4
69	3039.032724	4.575987	0.000071	353.446408	3.3
70	2950.359656	4.584953	0.000071	143.825829	4.7
71	3071.217018	5.014714	0.000070	92.521365	5.4
72	2980.688528	5.021246	0.000070	140.411599	4.4
73	3058.482522	5.023658	0.000070	115.542627	4.0
74	2965.934427	5.019137	0.000070	145.259773	4.1
75	3075.781402	5.010727	0.000070	192.768114	2.5
76	2826.830957	5.049053	0.000070	75.555845	3.5
77	2914.402946	5.041945	0.000070	158.183176	4.7
78	2974.458120	5.043339	0.000070	267.966256	3.5
79	2970.520466	5.215030	0.000069	140.801358	2.4
80	2912.982225	5.239589	0.000069	194.031356	2.3
81	2940.857959	5.232528	0.000069	74.405355	2.6
82	2923.586231	5.233127	0.000069	110.343521	4.9
83	2993.591064	5.226677	0.000069	94.045196	2.6
84	3019.573468	5.222922	0.000069	202.687630	5.4
85	2986.609601	5.221585	0.000069	125.048265	3.3
86	3007.610844	5.240667	0.000069	125.985668	3.2
87	2966.284241	5.231944	0.000069	139.973106	3.2
88	2901.666770	5.230455	0.000069	128.528357	3.3
89	2928.408280	5.238275	0.000069	168.361791	3.2
90	2924.994676	5.266959	0.000069	130.620391	2.9
91	2986.119411	5.257315	0.000069	134.328967	2.9
92	3008.108332	5.249816	0.000069	158.297110	3.0
93	3011.835025	5.274827	0.000069	143.719019	6.5
94	2959.536166	5.279603	0.000069	176.534157	2.6
95	2986.968000	5.269854	0.000069	105.020905	2.9
96	2973.705110	5.271007	0.000069	134.288921	3.2
97	2897.975986	5.265919	0.000069	75.375969	3.1
98	2991.893632	5.263459	0.000069	90.056183	3.0
99	2956.971736	5.258425	0.000069	88.506203	2.5
100	2942.591288	5.256817	0.000069	152.249125	3.0
101	2895.893982	5.258361	0.000069	167.931971	3.6
102	2905.005134	5.248623	0.000069	183.343569	4.1
103	2889.411350	5.266747	0.000069	250.971027	3.8
104	2932.523139	5.606752	0.000068	166.195402	2.5
105	3054.880762	6.044161	0.000067	86.622035	4.7
106	3086.235556	6.046943	0.000067	112.451283	5.5
107	2959.624489	6.040768	0.000067	106.862571	5.0
108	2934.861836	6.044010	0.000067	136.118022	5.0
109	2856.252331	6.035398	0.000067	210.722583	4.6
110	2923.872675	6.054367	0.000067	222.550963	4.6
111	2863.097689	6.743685	0.000066	98.223984	5.2
112	2920.785524	6.746456	0.000066	117.189788	4.7
113	2860.548728	6.752092	0.000066	120.268884	3.7
114	3007.041048	6.747373	0.000066	114.989744	4.9
115	3043.616121	6.747030	0.000066	222.455303	3.9
116	2956.827435	6.759126	0.000066	105.703313	4.0
117	2967.577768	6.782498	0.000066	181.241192	5.0
118	2904.428986	6.775072	0.000066	150.940234	5.8
119	3002.629639	6.765324	0.000066	153.169355	4.4
120	3057.949305	6.771640	0.000066	134.064987	5.4
121	2949.434592	6.762625	0.000066	112.748015	4.4
122	3020.836560	6.764212	0.000066	108.568358	3.9
123	2962.607036	6.756610	0.000066	166.342693	8.6
124	2874.795884	6.752323	0.000066	202.846869	4.3
125	3052.069637	6.833943	0.000065	192.949615	7.3
126	2898.848202	6.854523	0.000065	79.112620	3.2
127	2918.044917	6.850133	0.000065	86.747134	3.4
128	2937.579457	6.846903	0.000065	71.866701	3.8
129	2919.282159	6.842313	0.000065	82.861595	4.4
130	2904.661562	6.838856	0.000065	134.280313	2.8
131	2926.911835	6.841914	0.000065	99.243772	5.6
132	2947.569941	6.842462	0.000065	126.517232	3.1
133	3079.728785	6.836879	0.000065	134.877817	3.2
134	2961.301182	6.832076	0.000065	91.741912	3.1
135	3032.520306	6.831314	0.000065	127.402712	2.9
136	2957.850095	6.830009	0.000065	115.490425	4.5
137	2970.485304	6.827550	0.000065	83.384095	2.7
138	2958.198496	6.828722	0.000065	70.200427	4.9
139	2916.734974	6.823314	0.000065	110.760043	2.7
140	3020.578106	6.817233	0.000065	148.892225	5.7
141	2930.028021	6.808876	0.000065	211.242898	4.9
142	3152.337312	6.932010	0.000065	171.052350	4.9
143	2861.987595	7.212519	0.000065	112.179419	4.9
144	2883.172907	7.217781	0.000065	196.462841	3.2
145	2856.142445	7.209160	0.000065	114.407030	3.9
146	2992.221586	7.204343	0.000065	152.234331	3.9
147	2916.133663	7.223042	0.000065	167.149817	4.4
148	2956.567668	7.330081	0.000064	129.170076	3.0
149	3043.922149	7.364780	0.000064	119.453875	2.9
150	3037.009472	7.357131	0.000064	123.659586	2.8
151	2931.741830	7.349346	0.000064	198.204275	2.8
152	2942.831023	7.341218	0.000064	263.157908	4.9
153	2896.771376	7.585255	0.000064	339.237483	2.8
154	2951.656097	8.580194	0.000062	171.499961	6.2
155	2981.008359	9.450703	0.000060	129.571170	2.8
156	2925.729056	9.441226	0.000060	110.925810	3.2
157	2934.659500	9.436194	0.000060	149.555922	3.2
158	2934.956787	9.436369	0.000060	128.402312	3.1
159	3013.213871	9.474029	0.000060	115.836762	2.5
160	2983.991716	9.474829	0.000060	102.260711	2.4
161	2952.244993	9.470707	0.000060	132.802593	5.5
162	2889.280911	9.462410	0.000060	133.507553	3.5
163	2960.315788	9.473834	0.000060	97.378534	3.8
164	2828.446191	9.470258	0.000060	272.158821	6.4
165	2984.737596	9.480798	0.000060	160.803752	2.9
166	2865.654868	9.470660	0.000060	78.239554	3.9
167	2874.607161	9.471559	0.000060	96.575772	3.7
168	3010.205003	9.465306	0.000060	299.317438	3.4
169	2809.298594	9.455983	0.000060	125.309018	3.5
170	3004.850537	9.515788	0.000060	129.922477	3.1
171	2959.649080	9.507851	0.000060	79.718100	3.1
172	2979.410279	9.509795	0.000060	126.326280	3.8
173	2917.996364	9.509803	0.000060	138.615916	3.9
174	2856.960831	9.504963	0.000060	79.296742	3.5
175	2948.983832	9.501580	0.000060	143.886827	4.5
176	3003.331283	9.502076	0.000060	113.127487	3.2
177	2895.110909	9.493635	0.000060	159.050927	2.1
178	2893.952594	9.511977	0.000060	120.070103	2.6
179	3026.244987	9.503218	0.000060	118.489364	4.0
180	2837.085669	9.514092	0.000060	149.357301	2.1
181	2983.950657	9.504997	0.000060	83.532309	2.1
182	2929.131187	9.499180	0.000060	82.831402	2.3
183	2828.256605	9.493599	0.000060	187.118342	5.4
184	3034.283923	9.486545	0.000060	126.664919	4.3
185	3087.997465	9.550823	0.000060	109.424855	4.5
186	2866.851998	9.557843	0.000060	161.411566	4.6
187	2963.062255	9.552201	0.000060	156.680645	3.4
188	2960.729455	9.622025	0.000059	120.024331	3.4
189	2931.576616	9.612675	0.000059	103.792186	3.6
190	2853.021461	9.604223	0.000059	95.806624	3.3
191	2896.391681	9.607056	0.000059	104.806125	3.1
192	2925.259335	9.599733	0.000059	110.442298	3.3
193	2918.954459	9.600043	0.000059	97.450222	3.3
194	3002.788313	9.603784	0.000059	82.918295	3.4
195	2951.019376	9.597366	0.000059	101.041969	4.9
196	3027.042997	9.596502	0.000059	95.111316	5.0
197	2784.240845	9.589759	0.000060	241.192990	5.3
198	2884.166120	9.588452	0.000060	180.429581	5.0
199	2908.325351	9.651239	0.000059	148.781856	4.0
200	2972.582492	9.641405	0.000059	105.776249	3.1
201	2903.585536	9.647445	0.000059	120.612904	3.1
202	2894.405357	9.640184	0.000059	118.643907	2.9
203	2970.411229	9.652064	0.000059	60.306765	4.7
204	2893.263457	9.646721	0.000059	141.421513	3.7
205	2956.201666	9.643689	0.000059	175.919747	6.5
206	2965.567950	9.637329	0.000059	113.494825	5.1
207	2947.268885	9.627809	0.000059	160.634056	4.9
208	3092.042003	9.627370	0.000059	205.450104	4.5
209	2862.200358	9.617491	0.000059	119.675816	4.7
210	2974.208900	9.666445	0.000059	71.382640	4.5
211	2848.867351	9.661055	0.000059	167.240861	3.3
212	2957.782417	9.655927	0.000059	155.999482	3.4
213	2953.291869	9.732273	0.000059	91.117446	3.3
214	3017.307080	9.724918	0.000059	190.924336	2.7
215	2910.753330	9.716388	0.000059	117.591034	2.5
216	2993.114420	9.708635	0.000059	105.292111	3.4
217	2977.360748	9.700347	0.000059	138.630765	2.6
218	2956.179482	9.709415	0.000059	80.374523	2.8
219	2975.281940	9.704411	0.000059	103.438868	4.3
220	2959.650183	9.697820	0.000059	254.539342	3.0
221	2947.841668	9.693526	0.000059	101.396389	3.0
222	2815.217616	9.719908	0.000059	175.012270	2.9
223	2915.136091	9.716764	0.000059	131.187642	4.4
224	2954.880434	9.740021	0.000059	125.701071	2.3
225	2942.271975	9.760817	0.000059	83.756866	2.3
226	2905.436673	9.756543	0.000059	118.699045	4.3
227	2931.210212	9.754411	0.000059	268.745662	2.8
228	3067.057556	9.822527	0.000059	166.731245	3.6
229	2885.061056	10.005789	0.000059	180.627898	2.6
230	2962.101273	9.997404	0.000059	103.420792	2.6
231	2848.670696	10.011175	0.000059	112.296766	2.8
232	2896.572385	10.013140	0.000059	89.357355	3.0
233	2880.372712	10.008308	0.000059	140.175568	3.1
234	2859.249912	10.011501	0.000059	89.466579	6.0
235	2989.113064	10.004055	0.000059	104.329478	3.4
236	2959.283959	10.004790	0.000059	121.100829	3.8
237	2817.477129	9.996880	0.000059	105.984240	3.8
238	3075.350976	9.990173	0.000059	78.721086	3.4
239	2864.032544	9.987051	0.000059	152.060122	3.0
240	3013.851013	9.985047	0.000059	101.150634	3.8
241	3033.534866	9.976944	0.000059	107.904086	6.4
242	2963.746930	9.973218	0.000059	106.421040	3.9
243	2895.073898	9.977834	0.000059	173.949847	4.1
244	2959.665792	9.968653	0.000059	108.901802	4.1
245	2888.934335	9.965497	0.000059	102.401031	4.2
246	2994.491056	9.960539	0.000059	253.563490	3.2
247	2964.576834	9.982500	0.000059	138.967546	3.1
248	2878.656165	9.992281	0.000059	69.298848	3.1
249	2948.141171	9.990917	0.000059	138.173591	2.7
250	2880.204187	9.989432	0.000059	141.248897	2.6
251	2859.066326	10.028179	0.000059	68.716306	2.7
252	2888.037140	10.022356	0.000059	84.605559	2.6
253	2928.073984	10.020894	0.000059	133.484753	2.7
254	2910.122161	10.020602	0.000059	85.839566	2.7
255	2907.137598	10.023144	0.000059	164.124694	2.5
256	2788.432815	10.016707	0.000059	134.401905	2.1
257	2896.236996	10.061106	0.000059	82.874163	2.0
258	3020.993063	10.056123	0.000059	131.884310	2.0
259	2818.147585	10.058706	0.000059	135.913607	2.2
260	2883.797138	10.076915	0.000059	82.828787	4.1
261	2923.677809	10.074954	0.000059	100.972752	4.0
262	2894.740523	10.069561	0.000059	117.152904	4.0
263	2944.012021	10.061829	0.000059	155.972199	2.4
264	2983.717328	10.076597	0.000059	132.537868	2.4
265	2868.811447	10.067675	0.000059	125.374840	2.4
266	2931.451200	10.066972	0.000059	70.067583	5.0
267	2869.314158	10.065702	0.000059	125.569732	5.0
268	2905.526347	10.060674	0.000059	107.984944	5.1
269	2836.289482	10.053158	0.000059	199.561532	4.1
270	2873.150169	10.044039	0.000059	151.198420	7.0
271	2874.419219	10.222376	0.000058	120.609035	4.0
272	3011.890173	10.218358	0.000058	218.177352	5.2
273	3059.059126	10.271128	0.000058	96.834019	4.1
274	2890.583880	10.273975	0.000058	137.201641	4.1
275	2930.541873	10.284465	0.000058	115.777997	4.2
276	2889.921848	10.308037	0.000058	73.773299	4.1
277	2875.527191	10.301396	0.000058	105.295789	3.6
278	2824.994100	10.300772	0.000058	123.671116	2.7
279	2850.455182	10.292349	0.000058	155.549872	2.7
280	2933.663433	10.320887	0.000058	167.236431	2.9
281	2765.820211	10.344941	0.000058	191.988714	4.3
282	2893.085411	10.389049	0.000058	130.639057	4.5
283	2986.519149	10.461997	0.000058	206.834709	2.5
284	2872.819076	10.533455	0.000058	138.507916	4.3
285	3029.560592	10.673732	0.000057	81.724231	3.4
286	2954.460310	10.671975	0.000057	111.884337	5.1
287	2791.003464	10.665557	0.000057	127.363433	2.7
288	2842.843707	10.666712	0.000057	165.953698	2.6
289	2928.636716	10.659058	0.000058	144.017132	2.9
290	2883.790062	10.720542	0.000057	116.678639	5.0
291	2927.515862	10.717590	0.000057	77.728068	4.2
292	2882.929996	10.714809	0.000057	129.070661	2.6
293	3072.547845	10.709311	0.000057	102.803888	4.6
294	2935.818721	10.708725	0.000057	92.224495	2.9
295	2959.559261	10.702345	0.000057	134.685608	2.9
296	2922.557641	10.700534	0.000057	98.847246	3.3
297	2901.050961	10.709538	0.000057	88.911134	6.2
298	3012.430012	10.703368	0.000057	162.511644	2.6
299	2897.922619	10.697338	0.000057	133.510540	2.8
300	2817.354502	10.699202	0.000057	169.421352	2.9
301	2925.551846	10.694474	0.000057	95.781773	2.9
302	2742.868984	10.686764	0.000057	222.192976	4.8
303	2964.519469	10.733700	0.000057	147.139219	3.1
304	2977.293351	10.724344	0.000057	101.671604	3.2
305	2942.134164	10.730982	0.000057	170.085132	3.6
306	2735.671630	10.723706	0.000057	167.962512	3.0
307	2878.392327	10.714207	0.000057	105.534695	3.1
308	2889.667438	10.706468	0.000057	186.819510	3.4
309	2992.484866	10.702776	0.000057	135.404419	3.1
310	2837.966433	10.818553	0.000057	112.965994	3.9
311	2801.332187	10.824457	0.000057	108.331223	2.5
312	2858.875340	10.837290	0.000057	170.412158	3.5
313	2870.465654	10.832057	0.000057	174.963847	3.2
314	2853.821755	10.996366	0.000057	73.265956	2.8
315	2828.153067	10.999946	0.000057	96.948545	3.3
316	2912.315977	10.995393	0.000057	141.814212	2.5
317	2920.103709	10.994323	0.000057	139.848086	3.5
318	2828.491547	11.002836	0.000057	131.856784	2.7
319	2970.391384	11.029327	0.000057	119.697262	3.0
320	2767.002108	11.027335	0.000057	75.061522	3.0
321	2779.475906	11.024726	0.000057	106.435451	3.0
322	2830.025792	11.020212	0.000057	177.564325	2.4
323	2927.312228	11.051372	0.000057	127.967542	2.5
324	2956.241777	11.041791	0.000057	169.736605	4.6
325	2902.646259	11.059490	0.000057	131.044933	2.8
326	2901.650976	11.051271	0.000057	159.234033	2.7
327	2904.437669	11.046169	0.000057	190.742080	4.8
328	2840.620905	11.242479	0.000056	74.451223	4.9
329	2978.186419	11.235949	0.000056	141.577843	5.1
330	2923.798462	11.235782	0.000056	104.613458	4.8
331	2911.063967	11.248981	0.000056	87.436022	4.8
332	2896.253750	11.245373	0.000056	84.256986	3.9
333	2934.698125	11.245625	0.000056	86.218301	3.9
334	2895.937955	11.245123	0.000056	59.608112	2.5
335	2808.064672	11.242681	0.000056	171.920954	2.5
336	3029.350788	11.239423	0.000056	102.896479	4.2
337	3027.696733	11.237660	0.000056	146.821017	2.8
338	2946.319280	11.239095	0.000056	130.822224	5.0
339	2879.299002	11.234971	0.000056	104.225507	4.9
340	2952.525605	11.246446	0.000056	253.012072	3.7
341	3007.318088	11.238230	0.000056	199.362438	5.0
342	2992.366953	11.545530	0.000056	71.003972	5.7
343	2935.581042	11.538261	0.000056	69.469606	5.8
344	2899.027803	11.533681	0.000056	197.250920	4.5
345	3058.186399	11.539882	0.000056	107.272275	3.8
346	2751.285066	11.535436	0.000056	151.242812	4.9
347	2934.091316	11.550824	0.000056	73.332375	4.3
348	2825.213717	11.552131	0.000056	117.811547	5.2
349	3020.957709	11.554172	0.000056	148.211888	4.7
350	2998.526642	11.552617	0.000056	136.001760	4.1
351	2936.041605	11.543318	0.000056	122.007921	4.4
352	2866.825245	11.552703	0.000056	80.658341	5.1
353	2760.470387	11.547825	0.000056	115.818233	3.4
354	2950.555374	11.547600	0.000056	88.513471	4.0
355	2954.967860	11.550136	0.000056	149.436511	4.8
356	2798.689505	11.544552	0.000056	92.956344	6.1
357	2873.705530	11.547808	0.000056	147.202425	5.7
358	2749.007836	11.546265	0.000056	86.758965	5.2
359	2921.732077	11.538059	0.000056	136.532926	5.0
360	2933.621318	11.536423	0.000056	321.217441	4.1
361	2855.983224	11.922562	0.000055	104.971133	3.9
362	2926.056918	12.037094	0.000055	198.480406	5.4
363	2800.817512	12.029257	0.000055	138.976901	4.7
364	2920.858174	12.020840	0.000055	135.744680	3.5
365	2910.399783	12.050464	0.000055	194.012915	3.5
366	2872.653581	12.114514	0.000055	121.479621	5.1
367	2986.323812	12.138791	0.000055	131.664418	5.3
368	2924.428925	12.134696	0.000055	119.903152	4.9
369	2843.696901	12.130009	0.000055	124.209929	5.0
370	2827.615866	12.132560	0.000055	95.324816	5.2
371	2990.324471	12.138344	0.000055	150.139308	4.6
372	2986.674000	12.130589	0.000055	175.870390	5.4
373	2896.036371	12.123105	0.000055	152.294998	3.4
374	2819.704908	12.135867	0.000055	51.484099	3.9
375	2909.610521	12.133972	0.000055	181.313275	5.4
376	2836.753853	12.133729	0.000055	116.437478	5.4
377	2882.490978	12.137847	0.000055	159.090689	6.3
378	2937.750825	12.135549	0.000055	116.237319	5.7
379	2827.947686	12.168791	0.000055	93.764847	4.6
380	2831.944768	12.174538	0.000055	85.970045	2.8
381	2825.009120	12.170518	0.000055	98.426442	3.4
382	2933.034179	12.175302	0.000055	150.558244	2.8
383	2805.415851	12.166837	0.000055	90.446806	4.5
384	2867.646903	12.158986	0.000055	76.839699	4.0
385	2922.278094	12.158333	0.000055	153.377430	4.1
386	2970.235222	12.151591	0.000055	184.231616	4.5
387	3004.202405	12.329074	0.000055	169.640090	2.7
388	2991.418009	12.543427	0.000054	142.069017	3.1
389	2897.207805	12.537158	0.000054	119.631782	5.4
390	3009.205819	12.529010	0.000054	83.688320	4.9
391	2937.424321	12.527144	0.000054	169.034047	5.8
392	2861.853683	12.542066	0.000054	109.503472	4.9
393	2856.419956	12.539694	0.000054	67.128531	4.9
394	2864.630225	12.536545	0.000054	81.270224	4.1
395	2942.545357	12.531769	0.000054	127.751414	3.8
396	2990.040572	12.525738	0.000054	172.652226	4.2
397	2915.864062	12.530197	0.000054	119.748756	4.2
398	2899.322268	12.576317	0.000054	140.775858	4.9
399	2835.449474	12.593406	0.000054	164.944962	4.8
400	2917.443467	12.671162	0.000054	106.344900	5.7
401	2809.072321	12.677609	0.000054	264.761835	6.1
402	2923.927511	12.711854	0.000054	128.213480	5.0
403	2872.272112	12.973306	0.000054	107.511011	4.5
404	2891.713444	12.972049	0.000054	98.872497	4.9
405	2825.722083	12.983986	0.000054	60.890528	5.3
406	2944.442820	12.978698	0.000054	87.759682	4.5
407	2813.418983	12.974932	0.000054	70.313991	4.5
408	2860.754253	12.973541	0.000054	125.655472	5.1
409	2963.595357	12.967274	0.000054	131.520109	3.7
410	2970.199074	12.989547	0.000054	82.233813	4.2
411	2819.716529	12.984373	0.000054	75.613631	3.8
412	2836.035148	12.981290	0.000054	148.140925	3.1
413	2817.388647	12.985627	0.000054	69.687966	3.0
414	2881.015291	12.985526	0.000054	169.575271	3.7
415	2981.913856	12.985089	0.000054	243.963488	6.2
416	2964.255146	13.543803	0.000053	108.663596	5.1
417	2928.316919	13.535961	0.000053	236.920152	5.6
418	2915.599391	13.589896	0.000053	110.428010	3.9
419	2873.378716	13.618301	0.000053	259.667600	4.6
420	2895.434436	13.608508	0.000053	107.043068	4.4
421	2871.267089	13.684581	0.000052	102.699344	6.0
422	2946.653103	13.677071	0.000052	124.777339	6.4
423	2871.226820	13.669491	0.000053	69.424464	4.5
424	2896.264968	13.665025	0.000053	125.583245	4.2
425	2944.775333	13.668178	0.000053	105.866216	3.6
426	2895.243089	13.661442	0.000053	76.905708	3.7
427	2985.846065	13.656956	0.000053	104.062462	4.8
428	2933.006317	13.650170	0.000053	144.692706	5.4
429	2814.243355	13.643545	0.000053	178.302622	5.4
430	2839.545745	13.733324	0.000052	117.411527	5.3
431	2854.145127	13.724295	0.000052	154.413180	5.9
432	2984.892195	13.715747	0.000052	143.519220	3.0
433	2839.022234	13.734152	0.000052	102.626011	3.2
434	2879.351805	13.725609	0.000052	81.940841	3.3
435	2996.766431	13.727442	0.000052	60.630984	3.4
436	2853.537162	13.724268	0.000052	87.636312	3.5
437	2884.681494	13.719854	0.000052	68.264102	2.4
438	2886.341523	13.717661	0.000052	92.814052	3.9
439	2994.295843	13.716390	0.000052	146.616388	5.1
440	2825.039528	13.709395	0.000052	124.117086	4.4
441	2831.194706	13.725867	0.000052	118.992629	4.7
442	2992.144303	13.718462	0.000052	162.249350	4.6
443	3000.481940	13.727516	0.000052	104.177815	3.8
444	2737.537786	13.721263	0.000052	135.340368	3.6
445	2888.939163	13.715909	0.000052	108.222323	3.5
446	2873.098554	13.716090	0.000052	79.357764	3.9
447	2887.479220	13.713636	0.000052	97.186421	3.8
448	2885.120380	13.708000	0.000052	120.421638	3.5
449	2972.497593	13.708705	0.000052	126.068358	3.1
450	2899.517899	13.702339	0.000052	113.176163	3.1
451	2893.740782	13.693683	0.000052	120.528623	3.1
452	2887.286439	13.697148	0.000052	69.084881	3.6
453	2843.648911	13.693184	0.000052	61.843204	3.4
454	2913.003277	13.689372	0.000052	77.894239	3.8
455	2892.895062	13.686230	0.000052	111.208245	2.8
456	2769.052173	13.685394	0.000052	75.873453	4.5
457	2853.439502	13.689155	0.000052	164.486759	4.7
458	2919.574599	13.690677	0.000052	120.612959	3.7
459	2928.225299	13.711151	0.000052	93.622621	3.0
460	2860.990398	13.721621	0.000052	56.180128	3.5
461	2802.447466	13.717632	0.000052	168.618864	7.2
462	2947.576244	13.715170	0.000052	86.189146	6.5
463	2841.887949	13.706374	0.000052	172.163718	4.1
464	2901.673031	13.721447	0.000052	112.271762	4.6
465	2824.364361	13.714759	0.000052	131.399515	4.3
466	2884.004760	13.707933	0.000052	108.470120	5.3
467	2825.282369	13.721560	0.000052	84.663043	5.8
468	2860.870452	13.714782	0.000052	148.151812	5.3
469	2868.235496	13.708468	0.000052	86.449105	5.3
470	2784.918764	13.704112	0.000052	182.027035	4.6
471	2847.759271	13.724356	0.000052	130.146591	5.2
472	2863.634790	13.789600	0.000052	133.244244	7.1
473	2827.125446	13.782101	0.000052	224.766610	4.9
474	2853.725455	13.978056	0.000052	139.130285	4.4
475	2897.717429	14.252032	0.000052	173.883022	4.0
476	2843.887107	14.242412	0.000052	252.431873	3.4
477	2843.483324	14.916100	0.000051	114.810228	3.3
478	2809.752483	14.906077	0.000051	96.311505	3.4
479	2826.058825	14.900044	0.000051	198.897699	2.8
480	2814.303094	14.905944	0.000051	176.278354	2.7
481	2922.345966	14.923169	0.000051	88.347361	2.9
482	2918.061871	14.935482	0.000051	128.392577	2.3
483	2820.948012	14.928151	0.000051	67.577796	2.6
484	2875.293496	14.925026	0.000051	107.754163	5.5
485	2863.316600	14.919330	0.000051	107.908259	5.0
486	2975.353036	14.932941	0.000051	102.043601	4.1
487	2888.361307	14.925528	0.000051	116.753414	3.2
488	2850.822904	14.931000	0.000051	106.099915	3.2
489	2726.907331	14.942926	0.000051	147.711345	3.2
490	2887.163299	14.957224	0.000051	91.610961	2.7
491	2938.273242	14.966028	0.000051	78.571064	2.6
492	2941.866166	14.967900	0.000051	68.424851	2.6
493	2888.137396	14.964426	0.000051	94.471592	2.8
494	2777.329281	14.962485	0.000051	166.501742	3.6
495	2906.256174	14.972800	0.000051	68.013038	2.4
496	2861.634904	14.970824	0.000051	67.384896	5.3
497	2944.064080	14.966488	0.000051	108.897656	4.4
498	2855.358175	14.960539	0.000051	173.142307	2.9
499	2847.377705	14.951820	0.000051	151.233307	4.2
500	2852.312928	15.103406	0.000050	152.111561	4.3
501	2802.462079	15.203508	0.000050	73.563590	3.9
502	2817.761721	15.198014	0.000050	123.200923	4.6
503	2951.481755	15.196930	0.000050	173.149325	5.2
504	2813.812779	15.187241	0.000050	73.921960	5.4
505	2876.684801	15.196792	0.000050	60.658606	4.8
506	2841.604440	15.196024	0.000050	69.579029	4.5
507	2946.088415	15.192015	0.000050	106.751315	5.5
508	2874.257481	15.188347	0.000050	120.811753	4.9
509	2854.958029	15.181358	0.000050	73.400017	5.0
510	2830.448732	15.178227	0.000050	190.639412	5.1
511	2954.216792	15.171580	0.000050	204.423927	6.5
512	2944.844042	15.580308	0.000050	59.267446	4.9
513	2849.588146	15.583313	0.000050	99.252933	4.7
514	2915.284395	15.580986	0.000050	246.215742	4.5
515	2898.252972	15.571456	0.000050	166.493772	4.2
516	3016.360734	16.025581	0.000049	141.272691	3.5
517	2914.573992	16.015836	0.000049	181.278638	3.6
518	2853.604399	16.006614	0.000049	183.719477	5.2
519	2813.651629	16.015654	0.000049	277.429161	5.7
520	2869.381602	16.005436	0.000049	200.758752	3.7
521	2874.704678	16.815426	0.000048	116.465035	3.7
522	2839.256247	16.805664	0.000048	146.008919	3.7
523	2967.690282	16.800021	0.000048	199.430284	4.2
524	2747.610778	16.965571	0.000048	136.910282	5.2
525	2874.061125	17.047217	0.000048	95.813869	4.1
526	2970.084773	17.059458	0.000048	162.070668	5.0
527	2805.186770	17.051882	0.000048	85.841743	6.0
528	2920.989810	17.058596	0.000048	85.396381	2.9
529	3036.955079	17.062446	0.000048	220.111711	2.8
530	2768.203748	17.056466	0.000048	68.012000	4.2
531	2950.443675	17.064967	0.000048	57.869302	4.4
532	2798.836845	17.061511	0.000048	179.033685	3.5
533	2774.833001	17.056714	0.000048	122.267848	3.2
534	3081.856045	17.079110	0.000048	194.227145	3.8
535	3008.202687	17.069326	0.000048	125.087504	2.7
536	2937.771269	17.077065	0.000048	76.225650	3.8
537	3025.226316	17.083276	0.000048	100.920516	2.8
538	2829.648615	17.079109	0.000048	114.150793	3.5
539	2858.136789	17.084075	0.000048	155.659373	3.3
540	2906.592820	17.075665	0.000048	121.209874	3.2
541	2840.695195	17.077572	0.000048	86.816930	3.7
542	2824.735461	17.082989	0.000048	79.735474	3.9
543	2903.705238	17.079866	0.000048	67.530009	2.9
544	2899.230473	17.075185	0.000048	120.379099	4.9
545	2841.620877	17.075716	0.000048	82.000655	2.3
546	2865.665669	17.070271	0.000048	112.413961	4.0
547	2847.596845	17.064822	0.000048	160.628898	2.6
548	2897.313105	17.071491	0.000048	125.646088	5.1
549	2884.084562	17.064923	0.000048	113.746939	2.7
550	2870.070925	17.058608	0.000048	160.906457	3.6
551	2905.799539	17.086599	0.000048	107.992707	2.9
552	2902.413830	17.082100	0.000048	97.352437	4.4
553	2961.841241	17.076664	0.000048	165.751769	2.9
554	2836.574659	17.076224	0.000048	195.598983	5.3
555	2832.162023	17.066772	0.000048	130.971106	2.7
556	2878.993900	17.146142	0.000048	182.950572	2.5
557	3004.146864	17.136319	0.000048	136.597581	4.2
558	2855.371704	17.127140	0.000048	184.473791	2.8
559	2833.223149	17.127520	0.000048	163.548510	4.6
560	2958.343205	17.117568	0.000048	58.064828	2.8
561	2853.086198	17.113586	0.000048	257.050267	4.1
562	2837.418655	17.112693	0.000048	57.453964	4.3
563	2861.986105	17.106529	0.000048	53.640719	3.7
564	2910.798760	17.103901	0.000048	183.586584	3.2
565	2907.146031	17.105074	0.000048	115.706430	3.4
566	2772.687831	17.165825	0.000048	105.183252	5.2
567	2959.674362	17.171740	0.000048	87.628176	6.0
568	2855.574579	17.177895	0.000048	95.840654	4.3
569	2846.835629	17.174873	0.000048	128.607248	4.3
570	2898.751503	17.166731	0.000048	148.312036	3.9
571	2803.437089	17.196861	0.000048	207.072125	3.8
572	2815.013287	17.464821	0.000047	199.932489	5.1
573	2854.554564	17.467869	0.000047	70.046093	4.6
574	2801.890805	17.460735	0.000047	80.814894	2.9
575	2879.409929	17.455409	0.000047	66.222085	2.8
576	2839.076615	17.454131	0.000047	121.965528	2.8
577	2884.657387	17.456630	0.000047	131.028244	3.2
578	2958.253909	17.461761	0.000047	219.967991	4.4
579	2874.350522	17.569856	0.000047	109.593057	3.6
580	2859.950835	17.562689	0.000047	138.614221	3.9
581	2882.925609	17.569120	0.000047	187.087825	3.0
582	2760.732989	17.562077	0.000047	67.486121	5.1
583	2909.992927	17.555325	0.000047	102.514278	3.6
584	2881.261699	17.552354	0.000047	157.303611	3.7
585	2941.087276	17.584893	0.000047	95.306710	5.0
586	2868.476228	17.577152	0.000047	84.527157	2.6
587	2860.204792	17.572032	0.000047	114.558045	3.9
588	2928.115389	17.573833	0.000047	173.478482	3.7
589	2916.828459	17.649014	0.000047	161.886791	4.0
590	2800.580465	17.742495	0.000047	95.858469	3.9
591	2943.424655	17.760653	0.000047	88.326369	3.2
592	2894.485155	17.763691	0.000047	122.601834	3.9
593	2871.772502	17.760782	0.000047	121.471020	4.0
594	2899.642027	17.764124	0.000047	138.403259	3.1
595	2958.766446	17.755121	0.000047	120.566277	4.6
596	2933.401841	17.775537	0.000047	208.365156	4.1
597	2938.071404	17.765703	0.000047	68.771759	3.4
598	2822.356279	17.769725	0.000047	224.131106	3.1
599	2867.369907	17.761932	0.000047	66.193532	3.6
600	2933.089147	17.774828	0.000047	63.453508	2.7
601	2915.876016	17.771360	0.000047	70.306972	4.3
602	2964.379241	17.770426	0.000047	124.938756	3.0
603	2859.916636	17.772917	0.000047	194.653256	5.3
604	2898.545918	17.788142	0.000047	93.100970	4.7
605	2910.141127	17.785200	0.000047	125.797638	4.7
606	2795.432590	17.782477	0.000047	135.957032	4.7
607	2807.745368	17.776645	0.000047	114.415112	4.2
608	2874.291177	17.770604	0.000047	134.814610	4.9
609	2847.266331	17.767798	0.000047	58.754745	3.4
610	2804.044563	17.764087	0.000047	52.327687	3.0
611	2922.810479	17.762147	0.000047	106.845155	5.0
612	2835.685720	17.758124	0.000047	101.634814	5.0
613	2871.369645	17.767875	0.000047	156.315362	4.8
614	2830.563398	17.769016	0.000047	73.769704	3.2
615	2829.990330	17.765673	0.000047	107.846981	3.3
616	2869.963993	17.772727	0.000047	93.333603	4.5
617	2945.742203	17.775214	0.000047	120.627668	5.2
618	2852.284924	17.782302	0.000047	184.801214	4.5
619	2859.733149	17.780542	0.000047	211.197603	4.7
620	2928.132388	18.271391	0.000046	82.573587	4.3
621	2867.517834	18.274634	0.000046	138.266858	2.8
622	2906.894217	18.273229	0.000046	72.816780	3.0
623	2961.652910	18.275116	0.000046	108.086832	2.4
624	2798.790304	18.274608	0.000046	112.522562	6.9
625	2784.655543	18.284328	0.000046	116.328737	2.8
626	2936.951722	18.282291	0.000046	172.237526	2.7
627	2864.748153	18.272966	0.000046	79.486813	4.3
628	2866.591161	18.294456	0.000046	121.239946	4.4
629	2909.446878	18.289553	0.000046	61.238673	3.5
630	2990.228392	18.287010	0.000046	172.573114	3.5
631	2988.135012	18.284530	0.000046	67.499601	2.9
632	2870.904154	18.276771	0.000046	152.575939	2.2
633	2876.868139	18.277449	0.000046	89.643172	4.3
634	2776.049419	18.299475	0.000046	154.894575	5.1
635	2855.846445	18.292275	0.000046	194.822745	5.8
636	2820.337286	18.306977	0.000046	113.943771	4.9
637	2857.278935	18.297240	0.000046	88.573428	2.9
638	2784.256165	18.298498	0.000046	87.197820	2.9
639	2840.323361	18.298928	0.000046	173.276786	3.1
640	2898.688719	18.299916	0.000046	62.679937	4.7
641	2901.903932	18.308686	0.000046	191.899112	4.8
642	2932.480276	18.306509	0.000046	133.546797	4.4
643	2860.461512	18.297762	0.000046	114.496655	4.4
644	2816.945272	18.318979	0.000046	111.035367	3.6
645	2881.148660	18.318227	0.000046	67.284020	3.6
646	2855.763808	18.312055	0.000046	137.022735	3.4
647	2885.426382	18.321091	0.000046	97.210236	2.7
648	2745.715656	18.326118	0.000046	153.729618	2.7
649	2876.220165	18.347708	0.000046	120.416680	4.0
650	2855.896465	18.342657	0.000046	85.047658	2.9
651	2911.535267	18.348467	0.000046	56.707843	5.1
652	2819.913376	18.348412	0.000046	110.468563	2.5
653	2871.097571	18.347575	0.000046	108.995671	2.4
654	2913.813196	18.360389	0.000046	137.656056	3.2
655	2738.428816	18.351979	0.000046	130.855079	4.3
656	2719.756899	18.349474	0.000046	79.090338	2.2
657	2905.773486	18.365486	0.000046	115.456808	2.3
658	2906.404878	18.370489	0.000046	90.531210	4.1
659	2913.292266	18.367517	0.000046	206.898245	2.8
660	2912.219997	18.367751	0.000046	160.014510	4.9
661	2684.311162	18.358551	0.000046	113.901160	5.4
662	2898.353374	18.370435	0.000046	69.491715	4.6
663	2835.900580	18.369460	0.000046	88.949772	4.5
664	2835.746280	18.370448	0.000046	116.930035	4.1
665	2764.303884	18.363817	0.000046	149.886614	4.1
666	2842.204771	18.355888	0.000046	163.890320	3.2
667	2866.518057	18.489457	0.000046	83.938879	3.2
668	2698.866852	18.482421	0.000046	158.469622	5.1
669	3004.536236	18.484508	0.000046	198.985482	3.1
670	2902.533254	18.579977	0.000046	87.290817	5.5
671	2850.752781	18.577846	0.000046	115.862511	5.0
672	2842.290604	18.579021	0.000046	53.423164	5.1
673	2944.634110	18.573735	0.000046	86.570855	4.2
674	2881.007008	18.572820	0.000046	82.311975	4.8
675	2828.053904	18.574453	0.000046	70.358573	5.3
676	2771.875412	18.574286	0.000046	103.202024	4.3
677	2914.251601	18.572781	0.000046	52.820634	5.0
678	2931.273848	18.570060	0.000046	71.482821	5.1
679	2826.698348	18.566088	0.000046	91.145719	4.5
680	2852.837755	18.565913	0.000046	155.064497	5.1
681	2858.141010	18.587193	0.000046	132.962670	4.5
682	2853.217466	18.607778	0.000046	56.216590	3.6
683	3027.244088	18.603584	0.000046	86.568319	3.0
684	2930.960192	18.603766	0.000046	170.616567	4.1
685	2785.494811	18.609758	0.000046	59.900713	2.7
686	2881.012825	18.611376	0.000046	91.366578	2.6
687	2824.060151	18.610751	0.000046	62.168255	6.9
688	2910.131950	18.606036	0.000046	62.969400	5.2
689	2949.449370	18.603335	0.000046	139.436969	4.4
690	2849.555210	18.608266	0.000046	164.830310	4.4
691	2773.985942	18.677280	0.000046	144.895260	3.7
692	2966.081950	18.671863	0.000046	142.884790	3.6
693	2810.361668	18.666190	0.000046	79.953102	3.5
694	2726.655232	18.666112	0.000046	157.971098	3.2
695	2790.065958	18.660235	0.000046	257.610759	4.6
696	2941.833941	18.737740	0.000046	167.719764	4.7
697	2898.053966	19.418947	0.000045	58.791318	5.5
698	2862.704883	19.413009	0.000045	58.904029	4.6
699	2943.300132	19.412166	0.000045	161.384159	4.6
700	2808.839971	19.407018	0.000045	51.253124	3.9
701	2897.550923	19.401764	0.000045	139.775588	3.9
702	2916.178224	19.397674	0.000045	119.814547	3.4
703	2923.207008	19.390636	0.000045	165.625528	4.1
704	2860.156462	19.400763	0.000045	101.151066	3.0
705	2875.909767	19.393855	0.000045	75.565252	2.9
706	2824.247209	19.389089	0.000045	102.415430	3.0
707	2827.440729	19.386288	0.000045	118.270449	3.7
708	2685.249218	19.378894	0.000045	51.356141	3.7
709	2861.121050	19.380407	0.000045	58.863158	6.1
710	2796.434391	19.377527	0.000045	91.769297	4.9
711	2912.804513	19.373989	0.000045	151.852583	5.0
712	2740.705083	19.375951	0.000045	64.124737	4.8
713	2791.882943	19.375185	0.000045	146.398651	4.8
714	2774.549421	19.372975	0.000045	106.418498	4.8
715	2820.799545	19.372657	0.000045	58.466805	3.7
716	2940.991359	19.368102	0.000045	106.750859	3.7
717	2764.127837	19.364748	0.000045	103.320390	3.9
718	2843.799915	19.368333	0.000045	112.896998	4.2
719	2840.263201	19.377058	0.000045	122.509133	3.6
720	2761.264455	19.376531	0.000045	74.680746	4.1
721	2901.463553	19.371948	0.000045	149.467391	3.2
722	2852.510625	19.370138	0.000045	121.294103	3.5
723	2887.649503	19.365406	0.000045	192.735404	2.9
724	2818.309610	19.402986	0.000045	158.460434	5.1
725	2897.972963	19.393293	0.000045	152.189930	3.7
726	2949.483831	19.383655	0.000045	165.461881	3.3
727	2837.997287	19.507788	0.000045	161.961771	3.2
728	2707.491992	19.663162	0.000045	154.972257	3.1
729	2805.007163	19.733567	0.000045	132.435343	3.4
730	2981.819943	19.725124	0.000045	153.795717	4.9
731	2894.244193	19.757245	0.000045	65.137626	6.5
732	2895.817448	19.754154	0.000045	63.960444	5.4
733	2798.740044	19.751582	0.000045	150.539598	4.0
734	2868.716611	19.747862	0.000045	79.564610	4.1
735	2868.665490	19.742672	0.000045	60.166228	3.2
736	2837.261998	19.738654	0.000045	70.693386	3.1
737	2824.198251	19.736978	0.000045	158.078303	3.7
738	2936.069593	19.731348	0.000045	93.126839	3.5
739	2870.430664	19.746153	0.000045	88.427224	3.3
740	2836.179198	19.743225	0.000045	91.697561	4.9
741	2859.422413	19.740051	0.000045	125.013156	4.8
742	2844.068094	19.738657	0.000045	127.230264	4.1
743	2813.674827	19.770456	0.000045	122.818190	4.7
744	2934.532261	19.761431	0.000045	226.728897	5.8
745	2808.755655	19.865659	0.000045	58.417634	3.6
746	2843.495849	19.876290	0.000045	131.318797	3.5
747	2890.082481	19.872746	0.000045	138.025178	3.5
748	2811.699135	19.911916	0.000044	122.882787	4.2
749	2948.572940	19.908938	0.000044	66.513997	7.1
750	2801.011798	19.905222	0.000045	120.583311	3.5
751	2918.529256	19.906784	0.000045	48.140659	4.0
752	2854.551092	19.904329	0.000045	77.283916	5.2
753	2815.528312	19.901381	0.000045	124.611667	4.0
754	2885.713600	19.893847	0.000045	193.773574	4.3
755	2907.176223	19.889706	0.000045	158.799615	3.9
756	2839.622201	19.880231	0.000045	107.409636	3.2
757	2786.976284	19.873676	0.000045	94.688821	4.0
758	2805.872674	19.867961	0.000045	157.251354	3.5
759	2745.382165	19.885981	0.000045	95.105095	3.8
760	2821.306562	19.886339	0.000045	97.629484	3.6
761	2982.956860	19.888616	0.000045	68.897825	3.1
762	2848.062387	19.888876	0.000045	154.833640	3.1
763	2850.274823	19.890069	0.000045	220.460189	3.0
764	2971.510711	20.122734	0.000044	165.613798	3.0
765	2892.962432	20.597810	0.000044	141.113864	6.5
766	2845.863663	20.724068	0.000044	90.813267	5.0
767	2914.576419	20.716266	0.000044	164.019396	5.0
768	2871.687997	20.738294	0.000044	172.290252	5.2
769	2817.881622	20.905975	0.000043	52.932851	5.2
770	2845.272479	20.900367	0.000043	113.250102	3.9
771	2856.338480	20.896685	0.000043	162.425898	5.4
772	2842.117222	20.942694	0.000043	131.676111	5.4
773	2887.892520	20.935957	0.000043	68.884397	5.9
774	2764.328855	20.936492	0.000043	93.251121	5.1
775	2933.620202	20.941033	0.000043	90.863974	2.9
776	2885.950265	20.934691	0.000043	182.816116	2.7
777	2794.536705	20.937673	0.000043	89.146159	2.9
778	2728.836621	20.937648	0.000043	125.832415	4.6
779	2896.222885	20.937276	0.000043	77.921490	4.7
780	2926.114303	20.938962	0.000043	289.588288	3.6
781	2880.691402	20.934155	0.000043	175.428075	3.6
782	2910.757509	20.924114	0.000043	125.410700	3.4
783	2826.649467	20.916542	0.000043	233.751706	2.8
784	2896.370169	20.914223	0.000043	209.025490	3.1
785	2899.072925	21.765270	0.000043	124.243782	3.5
786	2848.769702	21.809493	0.000043	95.146843	2.8
787	2887.134684	21.816908	0.000043	95.052662	3.1
788	2806.325195	21.822061	0.000043	126.824001	2.5
789	2939.995300	21.818656	0.000043	196.577277	4.6
790	2937.326831	21.823091	0.000043	109.146206	2.5
791	2821.748164	21.813818	0.000043	91.166932	2.5
792	2815.943588	21.809030	0.000043	50.296618	4.3
793	2987.789340	21.806187	0.000043	133.063044	4.4
794	2801.478651	21.802668	0.000043	155.974366	3.1
795	2884.151905	21.793672	0.000043	70.005810	2.8
796	2893.867355	21.786669	0.000043	73.541775	2.8
797	2871.100271	21.784798	0.000043	95.517163	3.0
798	2838.052625	21.782344	0.000043	46.640909	2.8
799	2837.483866	21.782404	0.000043	135.251325	3.8
800	2898.456354	21.782538	0.000043	185.299420	4.1
801	2895.243590	21.932181	0.000042	70.964751	3.3
802	2957.645549	21.930635	0.000042	104.073116	2.7
803	2943.545421	21.932727	0.000042	80.068864	2.7
804	2863.511001	21.928998	0.000042	92.509989	3.5
805	2853.800162	21.930637	0.000042	233.085792	3.0
806	2828.894513	21.942328	0.000042	206.655615	4.1
807	2931.377473	21.937064	0.000042	116.415604	4.7
808	2941.364883	21.927519	0.000042	99.987083	3.7
809	2859.154190	21.936461	0.000042	124.233032	4.1
810	2824.541625	21.955066	0.000042	174.619685	4.6
811	2920.940859	21.955687	0.000042	80.431862	5.6
812	2788.034608	21.957592	0.000042	132.885233	4.3
813	2926.959525	21.950879	0.000042	269.143838	4.2
814	2834.151085	22.198095	0.000042	49.784626	4.2
815	2706.596359	22.209130	0.000042	152.050262	3.9
816	2880.102251	22.203877	0.000042	116.648195	3.8
817	2735.133494	22.203036	0.000042	128.985038	3.6
818	2962.517929	22.203421	0.000042	132.529483	3.4
819	2881.004354	22.240588	0.000042	61.931404	3.7
820	2840.471229	22.236618	0.000042	109.106036	6.1
821	2934.415679	22.233016	0.000042	74.331135	3.0
822	2902.847726	22.227252	0.000042	123.346470	3.3
823	2867.694876	22.227056	0.000042	66.013068	2.9
824	2763.039157	22.221695	0.000042	92.927267	2.8
825	2798.555745	22.226056	0.000042	82.576330	3.1
826	2869.201820	22.219584	0.000042	100.333784	5.4
827	2828.914448	22.217343	0.000042	188.494327	2.7
828	2957.282068	22.212452	0.000042	104.295820	3.8
829	2857.581853	22.245328	0.000042	99.144183	3.6
830	2923.706437	22.243520	0.000042	123.947778	4.1
831	2867.631425	22.246660	0.000042	156.229048	3.6
832	2953.563054	22.248737	0.000042	190.045191	3.6
833	2833.874306	22.424587	0.000042	160.677798	2.7
834	2918.104274	22.468317	0.000042	66.868003	4.1
835	2895.820705	22.460987	0.000042	116.679513	3.5
836	2869.645295	22.456303	0.000042	126.622798	4.7
837	2922.530910	22.460143	0.000042	83.581475	3.6
838	2924.506050	22.469414	0.000042	140.867908	3.1
839	2848.492341	22.467283	0.000042	96.096898	3.4
840	2884.101696	22.492865	0.000042	73.730577	4.0
841	2892.547695	22.496920	0.000042	50.867676	3.0
842	2907.295048	22.495452	0.000042	97.154529	3.9
843	2855.300575	22.491581	0.000042	138.377204	3.5
844	2876.258089	22.483051	0.000042	103.372876	5.4
845	2872.319118	22.478601	0.000042	79.796158	6.0
846	2847.168905	22.483997	0.000042	79.812391	5.8
847	2883.012786	22.486723	0.000042	114.973886	5.3
848	2815.873519	22.489892	0.000042	110.994131	5.6
849	2825.095879	22.488859	0.000042	127.651134	5.0
850	2877.047199	22.480189	0.000042	101.434249	5.3
851	2981.394057	22.491077	0.000042	92.214431	5.0
852	2798.489759	22.484167	0.000042	175.203577	5.0
853	2926.071245	22.493333	0.000042	80.697007	4.4
854	2853.725158	22.510282	0.000042	136.535163	4.7
855	2830.109052	22.504209	0.000042	95.155152	5.8
856	2842.579069	22.504315	0.000042	118.022050	5.7
857	2842.863333	22.496676	0.000042	144.863584	6.4
858	2820.497673	22.544855	0.000042	116.743947	5.4
859	2957.909800	22.568167	0.000042	115.472094	6.2
860	2800.452335	22.572874	0.000042	85.357014	5.4
861	2776.084403	22.568022	0.000042	149.207390	5.4
862	2936.843229	22.563434	0.000042	116.721565	5.3
863	2785.343706	22.561962	0.000042	190.566862	5.2
864	2767.480092	22.622958	0.000042	210.164621	5.6
865	2849.351892	22.799752	0.000042	130.310306	5.3
866	2870.924553	22.937840	0.000041	122.882720	5.9
867	2845.525598	22.946597	0.000041	90.628746	4.5
868	2789.724585	22.944695	0.000041	74.881642	6.3
869	2823.567630	22.944376	0.000041	92.704699	7.2
870	2928.368006	22.950128	0.000041	96.055320	5.2
871	2815.244829	22.962998	0.000041	78.700277	5.5
872	2690.641056	22.965568	0.000041	56.355514	7.1
873	2832.113140	22.963556	0.000041	98.230459	4.2
874	2955.977294	22.966598	0.000041	82.372182	5.5
875	2797.844195	22.960055	0.000041	105.337085	5.3
876	2841.514526	22.961546	0.000041	121.477287	5.2
877	2883.016218	22.954074	0.000041	126.301155	4.3
878	2845.263022	22.950186	0.000041	134.153068	4.1
879	2841.396509	22.941707	0.000041	190.937116	3.9
880	2811.685701	22.945863	0.000041	59.442564	4.2
881	2773.240093	22.951131	0.000041	133.898546	4.0
882	2848.064981	22.947872	0.000041	57.306678	3.5
883	2946.673322	22.945314	0.000041	90.817035	4.0
884	2826.454965	22.943573	0.000041	86.785121	3.8
885	2786.788289	22.937521	0.000041	159.624283	3.6
886	2926.982811	22.929132	0.000041	248.104632	4.0
887	2867.948175	23.548878	0.000041	60.550870	5.0
888	2799.696250	23.540271	0.000041	75.564944	4.7
889	2825.598766	23.536692	0.000041	74.136531	4.7
890	2807.657312	23.531334	0.000041	83.886218	4.7
891	2889.807848	23.537792	0.000041	166.195765	3.7
892	2890.383236	23.532235	0.000041	115.897009	3.9
893	2817.336412	23.527787	0.000041	50.998442	3.6
894	2872.282259	23.525032	0.000041	187.406426	3.1
895	2878.118208	23.521341	0.000041	226.919752	3.6
896	2953.835174	23.805359	0.000041	158.399644	3.1
897	2859.342285	23.820346	0.000041	144.493368	2.9
898	2821.506662	23.810534	0.000041	88.336147	3.3
899	2857.423382	23.807673	0.000041	151.586965	2.8
900	2837.349856	23.839250	0.000041	50.045180	3.0
901	2841.783940	23.836693	0.000041	185.257139	4.7
902	2855.161782	23.830783	0.000041	88.398482	4.7
903	2833.416678	23.823006	0.000041	153.469360	4.6
904	3045.432125	23.814337	0.000041	108.172817	4.4
905	2827.694398	23.841632	0.000041	160.092682	4.0
906	2853.633905	23.836199	0.000041	171.946265	3.7
907	3009.981775	23.835925	0.000041	76.765810	5.4
908	2875.084594	23.832058	0.000041	66.703744	5.4
909	2831.807367	23.827058	0.000041	76.416578	5.1
910	2780.057492	23.827745	0.000041	109.933712	5.3
911	2805.436717	23.820884	0.000041	169.302167	4.5
912	2762.071565	23.836751	0.000041	150.871541	4.0
913	2892.705917	23.929762	0.000041	102.824251	4.8
914	2824.505963	23.952810	0.000040	49.166921	6.5
915	2803.175078	23.950019	0.000040	39.990492	5.4
916	2677.200683	23.948340	0.000041	139.833411	6.2
917	2851.800873	23.946678	0.000041	100.326377	4.2
918	2715.846723	23.943348	0.000041	113.718548	4.9
919	2823.822944	23.953694	0.000040	170.387438	6.1
920	2680.552366	23.953010	0.000040	108.380487	4.9
921	2937.393320	23.953401	0.000040	138.921581	4.8
922	2801.830915	23.949641	0.000040	78.113604	4.3
923	2842.672068	23.946420	0.000041	153.501271	4.0
924	2816.517472	23.950990	0.000040	54.575657	3.7
925	2793.998590	23.956209	0.000040	108.600179	3.1
926	2855.048113	23.953058	0.000040	92.685696	3.6
927	2931.762949	23.951979	0.000040	67.785240	3.9
928	2730.417158	23.950282	0.000040	206.473112	3.5
929	2886.718147	23.975112	0.000040	102.330624	4.6
930	2830.376220	24.075723	0.000040	150.226566	2.8
931	2921.540240	24.066927	0.000040	74.283509	3.5
932	2834.039012	24.061694	0.000040	173.371792	5.4
933	2862.148691	24.058961	0.000040	90.216709	5.3
934	2939.086610	24.050805	0.000040	83.759050	4.8
935	2860.845182	24.045012	0.000040	97.392677	5.7
936	2885.694645	24.053406	0.000040	103.634333	4.1
937	2807.855466	24.049017	0.000040	81.864086	4.2
938	2878.123838	24.042230	0.000040	120.042527	6.3
939	2903.470585	24.058723	0.000040	167.716973	6.0
940	2844.047118	24.056455	0.000040	91.625751	5.3
941	2958.619450	24.049236	0.000040	94.827702	5.0
942	2963.024650	24.043023	0.000040	129.882424	4.8
943	2918.505596	24.034944	0.000040	65.283152	4.2
944	2681.422954	24.028049	0.000040	181.700239	4.4
945	2857.588470	24.041627	0.000040	47.030818	3.4
946	2874.040739	24.040866	0.000040	70.402918	3.0
947	2824.672151	24.039129	0.000040	170.444391	4.9
948	2852.417510	24.035772	0.000040	109.739510	2.8
949	2944.618653	24.101257	0.000040	109.576627	3.9
950	2855.162003	24.106034	0.000040	164.687640	4.1
951	2870.764051	24.150468	0.000040	114.623047	5.0
952	2945.832839	24.225716	0.000040	122.822938	4.8
953	2823.935350	24.231858	0.000040	151.202927	2.7
954	2778.521520	24.308415	0.000040	141.519519	4.9
955	2891.701950	24.302469	0.000040	111.157993	3.7
956	2771.620427	24.306194	0.000040	85.487691	3.1
957	2757.150896	24.303239	0.000040	181.314282	3.2
958	2871.994587	24.313847	0.000040	132.362687	2.8
959	2924.318634	24.341656	0.000040	44.705078	2.9
960	2846.841719	24.337710	0.000040	134.580201	3.8
961	2920.115529	24.337202	0.000040	125.346200	4.2
962	2769.018808	24.348730	0.000040	172.780667	7.6
963	2789.773724	24.430401	0.000040	59.705586	3.9
964	2946.116604	24.427173	0.000040	59.181048	3.7
965	2852.178010	24.426443	0.000040	84.880616	3.8
966	2911.797135	24.424526	0.000040	146.876111	4.1
967	2901.843894	24.437513	0.000040	40.542784	4.6
968	2818.775887	24.433752	0.000040	60.734990	4.0
969	2849.252912	24.431390	0.000040	131.251974	3.8
970	2762.774220	24.425305	0.000040	145.186199	3.0
971	2870.488246	24.489591	0.000040	50.910613	3.1
972	2807.607720	24.491162	0.000040	93.978087	3.3
973	2869.676889	24.486766	0.000040	124.289507	3.6
974	2816.425799	24.506880	0.000040	82.622043	4.2
975	2813.441737	24.508817	0.000040	189.586369	2.8
976	2766.942894	24.507975	0.000040	85.166342	3.5
977	2836.733182	24.528184	0.000040	135.516982	2.3
978	2858.530949	24.534389	0.000040	68.131118	2.2
979	2715.966442	24.539207	0.000040	93.795869	4.7
980	2850.091584	24.543909	0.000040	89.172201	3.4
981	2853.377932	24.547761	0.000040	82.144712	3.8
982	2861.979231	24.543354	0.000040	155.083203	2.7
983	2914.497079	24.543564	0.000040	94.027568	4.6
984	2696.802525	24.540823	0.000040	126.234875	2.9
985	2861.452236	24.553263	0.000040	106.831078	4.7
986	2915.800530	24.545723	0.000040	149.651935	4.8
987	2786.654679	24.537453	0.000040	149.563391	5.0
988	2825.380173	24.589475	0.000040	94.323651	4.8
989	2891.713691	24.586532	0.000040	65.065316	3.8
990	2881.414108	24.582018	0.000040	80.733335	3.5
991	2786.646040	24.582671	0.000040	110.299090	3.5
992	2719.386305	24.586789	0.000040	75.095601	4.5
993	2899.173097	24.585781	0.000040	86.654424	3.4
994	2795.153166	24.588234	0.000040	34.429236	3.4
995	2786.391215	24.587381	0.000040	125.927363	3.1
996	2832.960563	24.585458	0.000040	106.641310	3.2
997	2826.571394	24.576839	0.000040	58.060623	3.1
998	2891.167202	24.571793	0.000040	207.789123	3.0
999	2798.976093	24.588940	0.000040	155.805064	2.9
1000	2794.542164	24.918483	0.000040	58.991989	5.2
1001	2876.824860	24.927181	0.000040	215.708364	4.7
1002	2819.991048	24.920659	0.000040	110.350026	4.7
1003	2905.724250	24.978142	0.000040	56.182262	4.1
1004	2881.262009	24.978277	0.000040	73.459539	3.4
1005	2922.340061	24.975143	0.000040	49.537113	3.4
1006	2824.167726	24.974425	0.000040	96.945660	5.9
1007	2863.476787	24.972728	0.000040	149.826073	4.3
1008	2786.140975	24.964537	0.000040	130.970902	6.2
1009	2867.304078	24.977139	0.000040	78.066398	4.3
1010	2924.984542	24.982775	0.000040	86.761753	3.5
1011	2724.919624	24.978419	0.000040	142.797965	3.4
1012	2813.447555	24.987135	0.000040	97.452734	3.1
1013	2847.576184	24.991715	0.000040	168.677464	4.1
1014	2768.838426	24.994285	0.000040	129.574130	6.4
1015	2790.074451	25.086021	0.000040	191.031559	4.6
1016	2812.393051	25.132600	0.000039	176.558111	4.6
1017	2837.899521	25.392616	0.000039	157.355991	6.6
1018	2817.400610	25.446817	0.000039	89.860537	4.6
1019	2852.899687	25.454279	0.000039	84.318854	4.3
1020	2874.463669	25.448354	0.000039	78.057314	4.7
1021	2871.494524	25.453705	0.000039	68.724651	3.2
1022	2847.015810	25.453602	0.000039	69.427586	3.4
1023	2779.642333	25.449533	0.000039	55.682495	4.4
1024	2820.456279	25.447373	0.000039	46.170937	2.9
1025	2871.796188	25.447164	0.000039	90.760752	3.2
1026	2930.186751	25.443371	0.000039	133.348358	2.9
1027	2753.174523	25.460546	0.000039	112.428170	7.5
1028	2792.640387	25.501646	0.000039	58.878824	3.2
1029	2888.246524	25.499032	0.000039	72.099940	3.1
1030	2720.575290	25.497133	0.000039	134.523694	3.5
1031	2810.176887	25.506443	0.000039	254.295691	5.3
1032	2817.789396	25.598419	0.000039	262.495981	2.6
1033	2890.655331	26.574771	0.000038	79.297230	2.6
1034	2827.568551	26.663272	0.000038	114.618357	4.7
1035	2814.074298	26.679073	0.000038	203.139875	4.1
1036	2742.758514	26.781947	0.000038	124.135190	3.2
1037	2835.973700	26.803051	0.000038	148.155349	3.6
1038	2869.744984	26.804885	0.000038	57.528753	3.6
1039	2830.646657	26.812676	0.000038	185.258326	4.1
1040	2877.620995	26.805942	0.000038	93.690875	2.8
1041	2955.085028	26.857937	0.000038	132.952403	2.8
1042	2845.044673	26.881890	0.000038	130.573819	4.3
1043	2846.205204	26.872739	0.000038	71.134143	5.8
1044	2936.527123	26.868933	0.000038	188.252676	3.4
1045	2851.057690	26.874602	0.000038	200.473404	5.0
1046	2822.306222	26.959803	0.000038	168.189340	4.8
1047	2869.567215	27.278859	0.000038	231.601841	4.8
1048	2835.980740	27.687484	0.000037	59.561250	4.9
1049	2816.362310	27.682333	0.000037	56.375859	2.9
1050	2807.013616	27.679245	0.000037	116.556432	2.7
1051	2823.581502	27.676328	0.000037	201.339064	6.5
1052	2913.444129	27.667392	0.000037	90.597593	2.6
1053	2947.222575	27.658237	0.000037	112.587795	2.5
1054	2839.010570	27.662839	0.000037	152.821604	2.8
1055	2907.928144	27.654528	0.000037	167.792337	5.1
1056	2869.792149	27.645584	0.000037	124.899473	2.5
1057	2941.242350	27.720494	0.000037	280.470814	5.2
1058	2893.151859	27.997326	0.000037	170.329057	3.1
1059	2834.398658	28.709630	0.000037	80.788280	2.7
1060	2868.839941	28.727574	0.000037	179.066537	4.4
1061	2723.885030	28.733375	0.000037	117.809336	2.8
1062	3081.656987	28.806595	0.000037	219.432003	2.5
1063	2750.351601	28.814212	0.000037	110.081329	4.5
1064	2813.195627	28.830927	0.000037	133.152240	2.5
1065	2867.751404	28.823487	0.000037	133.875215	4.7
1066	2848.729394	28.827310	0.000037	163.880792	3.1
1067	2872.339825	28.818372	0.000037	83.406113	2.6
1068	2784.123112	28.840083	0.000037	85.556069	2.6
1069	2736.192147	28.847831	0.000037	94.811577	4.2
1070	2922.486475	28.850562	0.000037	132.380980	4.0
1071	2906.096694	28.865733	0.000037	99.701128	2.7
1072	2892.659930	28.857750	0.000037	51.898509	4.7
1073	2861.366170	28.857846	0.000037	119.626522	5.0
1074	2776.389728	28.853768	0.000037	156.207146	5.4
1075	2971.357509	28.845227	0.000037	159.374383	4.6
1076	2776.616655	29.009883	0.000036	330.435774	4.9
1077	2908.817797	28.999680	0.000036	150.036501	4.2
1078	2866.999590	29.011135	0.000036	70.952095	3.4
1079	2904.426279	29.004006	0.000036	62.982006	4.8
1080	2804.087139	29.000244	0.000036	54.238898	3.8
1081	2763.788175	28.999364	0.000036	84.624257	2.7
1082	2923.066720	28.999417	0.000036	111.371439	5.6
1083	2910.651144	29.000078	0.000036	87.361630	5.4
1084	2845.429520	28.992748	0.000036	263.385685	3.2
1085	2737.309491	29.072477	0.000036	178.018936	4.7
1086	2784.201781	29.062877	0.000036	71.665673	4.8
1087	2852.148439	29.065260	0.000036	60.184143	3.7
1088	2767.100310	29.061354	0.000036	74.579177	3.6
1089	2913.626440	29.057323	0.000036	154.446596	3.5
1090	2798.378132	29.073645	0.000036	198.613620	2.9
1091	2798.530440	29.375282	0.000036	146.687344	2.8
1092	2774.454330	29.365783	0.000036	161.419330	4.5
1093	2849.682882	29.514592	0.000036	90.240300	2.6
1094	2787.574065	29.512127	0.000036	64.730334	2.8
1095	2738.167877	29.507682	0.000036	152.437503	6.7
1096	2904.660211	29.517489	0.000036	113.598521	3.4
1097	2833.702834	29.517804	0.000036	91.055119	3.4
1098	2881.934713	29.523899	0.000036	135.548518	3.6
1099	2822.825796	29.515477	0.000036	100.909609	5.9
1100	2830.804318	29.535171	0.000036	72.052598	5.1
1101	2790.341904	29.532928	0.000036	79.619409	6.8
1102	2835.234215	29.533670	0.000036	61.623115	4.7
1103	2858.470970	29.534668	0.000036	72.089744	4.8
1104	2822.496672	29.532805	0.000036	94.662278	5.0
1105	2852.594504	29.527243	0.000036	47.597294	5.0
1106	2744.647188	29.527291	0.000036	131.459780	3.7
1107	2753.016948	29.529828	0.000036	98.770840	3.2
1108	2836.730074	29.525470	0.000036	69.829609	3.1
1109	2708.966788	29.528790	0.000036	80.719949	4.7
1110	2836.953062	29.526243	0.000036	96.077650	6.1
1111	2887.999966	29.525713	0.000036	62.450234	3.2
1112	2747.045522	29.530621	0.000036	94.323878	3.3
1113	2884.179145	29.525997	0.000036	173.109934	4.5
1114	2795.757938	29.557377	0.000036	80.042704	4.0
1115	2818.680833	29.596397	0.000036	94.960963	5.3
1116	2685.041963	29.591045	0.000036	199.866621	5.5
1117	2845.628930	29.582811	0.000036	63.898982	3.9
1118	2876.261544	29.613132	0.000036	170.879616	3.1
1119	2862.301893	29.636616	0.000036	95.439732	2.5
1120	2766.989384	29.683921	0.000036	100.154539	2.5
1121	2797.453669	29.678029	0.000036	73.588920	3.0
1122	2941.043373	29.678132	0.000036	130.131846	3.5
1123	2820.048806	29.673496	0.000036	170.095648	5.2
1124	2926.607365	29.669893	0.000036	141.084389	4.4
1125	2796.371459	29.673883	0.000036	35.513153	3.0
1126	2896.014434	29.673721	0.000036	76.271301	5.6
1127	2774.571929	29.671832	0.000036	79.925317	3.9
1128	2800.055818	29.672103	0.000036	73.157571	3.4
1129	2778.645298	29.669920	0.000036	126.952241	3.8
1130	2810.540045	29.662912	0.000036	134.581530	3.9
1131	2728.795875	29.667524	0.000036	87.930047	3.4
1132	2869.574409	29.681906	0.000036	117.958246	2.9
1133	2885.896516	29.681968	0.000036	122.464825	3.3
1134	2888.868325	29.691270	0.000036	91.951427	4.3
1135	2783.155133	29.701881	0.000036	124.337654	2.5
1136	2912.204020	29.696156	0.000036	117.679986	2.6
1137	2818.481602	29.712874	0.000036	60.116662	5.6
1138	2806.929357	29.709594	0.000036	53.832191	2.5
1139	2945.930779	29.708034	0.000036	72.069260	3.5
1140	2875.349409	29.707586	0.000036	171.689928	2.9
1141	2833.295644	29.699570	0.000036	91.926959	7.0
1142	2852.773379	29.694115	0.000036	179.419808	5.0
1143	2784.065091	29.701217	0.000036	114.912407	5.0
1144	2897.395398	29.790105	0.000036	214.244193	4.9
1145	2770.931894	29.872459	0.000036	126.023056	4.8
1146	2917.803413	29.936788	0.000036	84.550673	3.8
1147	2771.412355	29.929020	0.000036	57.653696	3.7
1148	2884.032517	29.932934	0.000036	87.639035	4.2
1149	2768.212872	29.929904	0.000036	156.581210	2.9
1150	2852.758187	29.940047	0.000036	45.977794	5.4
1151	2729.048517	29.937801	0.000036	108.856243	3.4
1152	2776.795099	29.938514	0.000036	66.658288	3.2
1153	2869.403342	29.939547	0.000036	41.730583	3.2
1154	2831.379242	29.939677	0.000036	93.169429	3.8
1155	2882.483638	29.938939	0.000036	110.793909	3.2
1156	2808.389054	29.947237	0.000036	68.436163	3.1
1157	2761.502040	29.940769	0.000036	133.165898	3.0
1158	2773.614970	29.934654	0.000036	119.892284	4.8
1159	2863.360769	29.925774	0.000036	302.322979	6.4
1160	2925.813807	30.303456	0.000035	86.080711	5.1
1161	2896.755898	30.387860	0.000035	84.622711	4.9
1162	2896.519120	30.391312	0.000035	155.910068	7.7
1163	2808.742585	30.406969	0.000035	115.994718	3.6
1164	2790.721846	30.412839	0.000035	86.265526	3.8
1165	2802.249625	30.405150	0.000035	110.594745	3.0
1166	2873.591945	30.397751	0.000035	148.088737	2.8
1167	2890.697067	30.391172	0.000035	116.196886	4.9
1168	2788.349799	30.423269	0.000035	278.740317	3.0
1169	2819.976343	30.413205	0.000035	58.720532	2.8
1170	2940.592549	30.404710	0.000035	217.344068	3.0
1171	2772.799164	30.426668	0.000035	193.661714	4.8
1172	2769.127619	30.462012	0.000035	116.995091	4.6
1173	2871.548495	30.464481	0.000035	130.309504	4.2
1174	2830.804805	30.457528	0.000035	51.348563	3.6
1175	2803.482223	30.453234	0.000035	97.737009	5.2
1176	2777.439111	30.449760	0.000035	60.171324	5.0
1177	2825.645645	30.447849	0.000035	54.990887	4.1
1178	2880.404643	30.447800	0.000035	188.041650	4.3
1179	2794.883622	30.454766	0.000035	122.226158	4.6
1180	2861.755057	30.452043	0.000035	63.531454	3.6
1181	2908.892931	30.452605	0.000035	53.877863	4.4
1182	2884.169725	30.450588	0.000035	75.158572	4.3
1183	2831.281111	30.448373	0.000035	114.551905	3.4
1184	2918.206803	30.453007	0.000035	113.044197	3.2
1185	2807.313407	30.447175	0.000035	140.127106	3.1
1186	2808.323760	30.439304	0.000035	96.631902	2.4
1187	2866.847227	30.454677	0.000035	65.295894	2.4
1188	2812.303417	30.454978	0.000035	37.329151	2.4
1189	2677.137243	30.454834	0.000035	180.833147	7.5
1190	2904.885663	30.456009	0.000035	47.657405	2.1
1191	2777.581715	30.456219	0.000035	40.580312	2.1
1192	2800.508423	30.454395	0.000035	57.463030	2.8
1193	2893.518291	30.452984	0.000035	159.335320	3.6
1194	2880.505342	30.462933	0.000035	106.341869	4.1
1195	2823.066032	30.457222	0.000035	67.651929	4.9
1196	2829.055425	30.451206	0.000035	75.013613	5.0
1197	2927.738943	30.449843	0.000035	137.297217	5.1
1198	2960.984516	30.457169	0.000035	133.721894	3.4
1199	2888.323337	30.451878	0.000035	126.079037	4.7
1200	2877.084263	30.467926	0.000035	86.745789	4.7
1201	2750.083910	30.484812	0.000035	103.675193	3.4
1202	2822.210116	30.498388	0.000035	79.906543	4.3
1203	2737.382401	30.494659	0.000035	78.627273	5.1
1204	2948.647279	30.488801	0.000035	92.219164	4.9
1205	2827.273865	30.493614	0.000035	144.256669	5.3
1206	2740.381086	30.493118	0.000035	97.762528	4.5
1207	2886.656131	30.484538	0.000035	57.609527	4.5
1208	2812.187994	30.480627	0.000035	64.983839	2.9
1209	2775.417041	30.481841	0.000035	127.315213	2.9
1210	2853.475135	30.475391	0.000035	142.474151	3.3
1211	2810.166553	30.466302	0.000035	78.336090	6.3
1212	2829.731671	30.463021	0.000035	187.168347	5.1
1213	2816.029353	30.465762	0.000035	104.349928	5.0
1214	2772.201657	30.549890	0.000035	138.506185	5.7
1215	2815.265630	30.545587	0.000035	176.151411	3.6
1216	2891.371959	30.544147	0.000035	134.944683	4.0
1217	2810.155171	30.598326	0.000035	93.840599	4.1
1218	2879.399854	30.605457	0.000035	153.352956	3.9
1219	2793.466245	30.602833	0.000035	92.545175	3.4
1220	2947.089697	30.644372	0.000035	57.721858	2.9
1221	2766.480456	30.640405	0.000035	84.223649	5.4
1222	2891.451668	30.642687	0.000035	210.770672	2.6
1223	2761.673419	30.633503	0.000035	188.859634	3.5
1224	2798.338601	30.994641	0.000035	58.206870	6.8
1225	2753.897606	31.007005	0.000035	35.204822	3.5
1226	2832.445550	31.004982	0.000035	118.329858	3.9
1227	2827.389429	31.002688	0.000035	81.553793	7.0
1228	2893.952108	31.003053	0.000035	221.983536	3.7
1229	2853.982522	31.013939	0.000035	83.663378	2.6
1230	2822.021915	31.004567	0.000035	147.432224	5.0
1231	2824.478344	30.997748	0.000035	104.361738	4.3
1232	2752.491048	30.990880	0.000035	79.799333	4.3
1233	2913.559506	30.995584	0.000035	73.911085	4.0
1234	2770.912061	30.997963	0.000035	72.306956	3.6
1235	2797.426343	31.003801	0.000035	60.568408	3.6
1236	2864.955867	31.005810	0.000035	109.945091	3.1
1237	2877.584582	31.006328	0.000035	266.854832	2.8
1238	2858.294591	31.182846	0.000035	90.683377	2.8
1239	2856.165460	31.234255	0.000035	66.869553	3.9
1240	2905.456847	31.234634	0.000035	149.215795	3.6
1241	2766.873252	31.227460	0.000035	164.885424	2.4
1242	2795.280646	31.220816	0.000035	60.547113	2.3
1243	2693.097921	31.216413	0.000035	84.032709	4.6
1244	2835.625133	31.212727	0.000035	83.275668	2.9
1245	2735.463142	31.211479	0.000035	51.236542	5.1
1246	2790.237546	31.213315	0.000035	99.123494	4.8
1247	2793.367574	31.214673	0.000035	37.691682	4.4
1248	2949.888187	31.213032	0.000035	97.186365	3.5
1249	2769.453754	31.213392	0.000035	128.108144	3.7
1250	2819.866498	31.220568	0.000035	201.184362	5.1
1251	2768.625974	31.387001	0.000035	111.185730	2.9
1252	2736.298126	31.405228	0.000035	76.112019	4.6
1253	2793.561995	31.412501	0.000035	157.836897	3.5
1254	2856.857385	31.418489	0.000035	50.774966	3.4
1255	2824.287270	31.412812	0.000035	109.418852	3.6
1256	2784.713393	31.408932	0.000035	108.446264	2.7
1257	2785.352033	31.409920	0.000035	64.585452	2.5
1258	2797.888019	31.408351	0.000035	66.559343	2.9
1259	2795.437043	31.406981	0.000035	64.505197	2.4
1260	2887.966869	31.404875	0.000035	83.089051	5.4
1261	2786.340041	31.409346	0.000035	123.992723	5.5
1262	2831.706453	31.407343	0.000035	81.612708	5.8
1263	2849.794781	31.404247	0.000035	129.658620	6.2
1264	2867.612057	31.415631	0.000035	180.478096	5.5
1265	2733.280263	31.410095	0.000035	145.913428	4.0
1266	2693.780001	31.592288	0.000035	114.270134	3.7
1267	2786.994941	31.588999	0.000035	96.000131	3.4
1268	2817.015737	31.593195	0.000035	55.363605	2.8
1269	2842.587231	31.594894	0.000035	56.654267	5.8
1270	2844.896704	31.593952	0.000035	187.260795	3.6
1271	2867.189210	31.586781	0.000035	81.145559	3.6
1272	2693.816125	31.598817	0.000035	81.962469	3.2
1273	2807.217959	31.594306	0.000035	87.928546	3.2
1274	2798.901055	31.589009	0.000035	78.167419	3.5
1275	2767.592246	31.582765	0.000035	67.605751	4.0
1276	2860.995845	31.585870	0.000035	89.587229	5.5
1277	2910.697678	31.587446	0.000035	163.354988	4.9
1278	2724.819347	31.584252	0.000035	151.586436	4.9
1279	2863.887698	31.611956	0.000035	91.178969	5.0
1280	2828.640666	31.632708	0.000035	143.402751	3.8
1281	2828.044889	31.624797	0.000035	78.075044	3.7
1282	2820.558924	31.623179	0.000035	90.829069	3.6
1283	2931.211883	31.619149	0.000035	119.030727	3.6
1284	2826.180499	31.626950	0.000035	89.722431	4.1
1285	2799.380004	31.622533	0.000035	51.720273	2.8
1286	2854.494650	31.625873	0.000035	128.452194	2.9
1287	2849.354926	31.620312	0.000035	110.094305	2.7
1288	2794.036642	31.612174	0.000035	153.375049	2.6
1289	2791.466728	31.639331	0.000035	110.574797	2.3
1290	2729.720708	31.631498	0.000035	81.843221	2.3
1291	2702.304704	31.644796	0.000035	84.174254	2.4
1292	2829.717509	31.640557	0.000035	53.695470	2.5
1293	2836.634430	31.636189	0.000035	144.036798	2.1
1294	2868.963909	31.644744	0.000035	98.394504	2.1
1295	2844.704855	31.642710	0.000035	65.459159	2.0
1296	2848.716168	31.642889	0.000035	67.124176	2.1
1297	2838.100003	31.642767	0.000035	47.598819	2.1
1298	2787.702709	31.641312	0.000035	158.118579	3.0
1299	2897.811183	31.643766	0.000035	127.692449	2.1
1300	2857.518542	31.644591	0.000035	154.162503	2.0
1301	2868.363159	31.635189	0.000035	80.641036	2.1
1302	2829.592249	31.661524	0.000035	152.951236	3.2
1303	2886.402101	31.661018	0.000035	246.096766	2.0
1304	2776.261447	31.887615	0.000034	125.584373	2.1
1305	2780.337763	31.900245	0.000034	80.044697	6.1
1306	2880.344889	31.898259	0.000034	83.964061	4.6
1307	2799.500070	31.892274	0.000034	56.253096	4.8
1308	2815.645025	31.889973	0.000034	107.904745	4.3
1309	2798.901110	31.889564	0.000034	112.873877	4.8
1310	2816.490722	31.882288	0.000034	81.041024	4.8
1311	2788.569022	31.877493	0.000034	37.176719	4.3
1312	2783.442025	31.875827	0.000034	95.283127	3.5
1313	2842.751642	31.872654	0.000034	60.840091	4.0
1314	2834.623352	31.878626	0.000034	84.821653	3.3
1315	2815.113039	31.875189	0.000034	41.175345	5.0
1316	2900.226714	31.873729	0.000034	37.201411	4.9
1317	2937.731897	31.871922	0.000034	126.737905	4.6
1318	2811.817147	31.868259	0.000034	35.305004	4.2
1319	2756.408382	31.868895	0.000034	91.727820	3.4
1320	2881.095943	31.867152	0.000034	86.148210	4.8
1321	2803.129324	31.860942	0.000034	75.475895	4.7
1322	2830.394342	31.856747	0.000034	100.079693	4.8
1323	2710.854592	31.859643	0.000034	116.271855	6.6
1324	2738.743008	31.854770	0.000034	49.706019	3.9
1325	2727.898824	31.850328	0.000034	50.414512	3.3
1326	2886.006632	31.849044	0.000034	168.699981	3.4
1327	2843.841762	31.849959	0.000034	88.067883	3.4
1328	2805.461427	31.859039	0.000034	63.467323	3.8
1329	2758.233381	31.858058	0.000034	65.132563	3.8
1330	2749.784273	31.856359	0.000034	54.890308	6.1
1331	2887.677345	31.857373	0.000034	34.924575	3.6
1332	2853.070166	31.856697	0.000034	54.178246	3.9
1333	2844.641521	31.855486	0.000034	106.457733	3.5
1334	2816.964318	31.855583	0.000034	42.319811	3.4
1335	2767.705572	31.852254	0.000034	175.809211	3.3
1336	2748.529022	31.850023	0.000034	125.766866	3.0
1337	2823.739184	31.840253	0.000034	47.384996	3.1
1338	2919.251168	31.837398	0.000034	139.702852	3.2
1339	2809.184558	31.837560	0.000034	221.953526	3.6
1340	2930.059297	31.827482	0.000034	121.986195	2.6
1341	2869.681178	31.972935	0.000034	101.260283	3.9
1342	2894.466705	31.986421	0.000034	55.089750	4.0
1343	2880.826798	31.983707	0.000034	111.314803	3.3
1344	2834.070564	31.986517	0.000034	176.328530	3.4
1345	2800.360288	32.060853	0.000034	68.069044	3.3
1346	2865.172262	32.065728	0.000034	54.431927	3.9
1347	2895.802457	32.068234	0.000034	236.068173	4.4
1348	2807.758553	32.064391	0.000034	120.711378	2.7
1349	2834.547301	32.054452	0.000034	74.984514	2.6
1350	2798.890417	32.064678	0.000034	134.116719	2.5
1351	2748.310261	32.071718	0.000034	275.471664	4.2
1352	2797.110619	32.074112	0.000034	76.261871	2.9
1353	2829.027118	32.067586	0.000034	85.072435	3.1
1354	2772.334689	32.062757	0.000034	103.262488	5.0
1355	2839.886151	32.075115	0.000034	133.560326	4.0
1356	2714.622447	32.111923	0.000034	115.887920	4.6
1357	2849.445608	32.113978	0.000034	98.509122	4.8
1358	2873.819871	32.113668	0.000034	56.373372	4.8
1359	2834.472001	32.113087	0.000034	67.372132	3.5
1360	2841.553512	32.109654	0.000034	65.402130	3.5
1361	2878.563413	32.105241	0.000034	86.855867	5.6
1362	2768.187080	32.099908	0.000034	61.866197	5.3
1363	2806.687984	32.098468	0.000034	107.481102	4.8
1364	2806.836592	32.094356	0.000034	64.438626	4.6
1365	2868.883764	32.093774	0.000034	174.361303	4.5
1366	2884.401356	32.101270	0.000034	125.320972	5.0
1367	2861.676952	32.168083	0.000034	145.200725	4.3
1368	2884.251446	32.169641	0.000034	60.747566	3.7
1369	2831.510050	32.164082	0.000034	80.917238	3.2
1370	2838.252852	32.162010	0.000034	48.509508	3.0
1371	2725.215626	32.161513	0.000034	171.005995	2.9
1372	2784.658401	32.159822	0.000034	100.327466	2.8
1373	2811.236382	32.175109	0.000034	97.991800	5.5
1374	2755.705410	32.189967	0.000034	141.035588	5.1
1375	2823.574087	32.181489	0.000034	59.063418	6.6
1376	2777.749438	32.179729	0.000034	179.032440	5.0
1377	2799.151333	32.190621	0.000034	171.770636	4.5
1378	2910.226868	32.230813	0.000034	130.043909	3.8
1379	2815.762733	32.226200	0.000034	65.920588	4.7
1380	2893.655861	32.229654	0.000034	102.686986	4.7
1381	2842.888075	32.236904	0.000034	43.743074	6.2
1382	2715.010384	32.235310	0.000034	108.994255	5.0
1383	2845.198202	32.231778	0.000034	94.542749	4.5
1384	2875.208871	32.224433	0.000034	95.775156	4.0
1385	2839.622674	32.223186	0.000034	106.080153	5.1
1386	2867.067221	32.217012	0.000034	55.217524	6.4
1387	2831.173341	32.213625	0.000034	114.398696	4.4
1388	2843.113920	32.211137	0.000034	118.270336	2.9
1389	2793.700332	32.205577	0.000034	160.960978	2.8
1390	2810.615017	32.242551	0.000034	83.348636	2.8
1391	2930.960253	32.240795	0.000034	33.840900	5.5
1392	2827.304396	32.239358	0.000034	34.728242	5.0
1393	2724.905481	32.237995	0.000034	142.012166	3.8
1394	2840.244370	32.235369	0.000034	37.972002	5.2
1395	2799.938783	32.238846	0.000034	99.126904	5.6
1396	2806.842938	32.236463	0.000034	62.868633	5.3
1397	2826.471859	32.236404	0.000034	81.977321	5.9
1398	2788.108055	32.241490	0.000034	109.994808	4.9
1399	2804.280613	32.234152	0.000034	65.678214	5.3
1400	2909.959605	32.239348	0.000034	143.457495	5.8
1401	2900.683208	32.241721	0.000034	159.484010	5.7
1402	2844.401132	32.234507	0.000034	122.451225	5.9
1403	2941.799303	32.229776	0.000034	91.383478	4.6
1404	2795.935786	32.227873	0.000034	46.576524	6.2
1405	2934.136329	32.224812	0.000034	160.946021	3.4
1406	2853.971515	32.220262	0.000034	212.309796	3.5
1407	2702.195335	32.267981	0.000034	81.844162	5.4
1408	2959.395205	32.295584	0.000034	99.245059	3.3
1409	2935.146603	32.289353	0.000034	90.731820	4.5
1410	2844.015958	32.283051	0.000034	138.335389	4.5
1411	2787.788600	32.310040	0.000034	88.790316	4.2
1412	2851.497949	32.303443	0.000034	154.749727	4.1
1413	2886.356975	32.319033	0.000034	320.413673	4.1
1414	2737.350523	33.195677	0.000034	69.897844	4.1
1415	2830.197025	33.234496	0.000034	112.360908	4.2
1416	2829.052108	33.243034	0.000034	106.197970	4.3
1417	2800.479287	33.238386	0.000034	143.638591	6.4
1418	2829.281200	33.290442	0.000034	162.067459	4.9
1419	2852.958075	33.284934	0.000034	258.682173	4.2
1420	2792.801810	33.274816	0.000034	138.626053	4.1
1421	2789.947867	33.808516	0.000033	57.319043	5.4
1422	2840.793257	33.809898	0.000033	100.259142	6.2
1423	2873.008381	33.805842	0.000033	76.494641	6.0
1424	2878.952847	33.802741	0.000033	122.807923	4.5
1425	2759.128065	33.802771	0.000033	182.857090	3.8
1426	2965.449592	33.880794	0.000033	193.123504	5.1
1427	2867.204780	33.925438	0.000033	218.948046	3.0
1428	2786.676305	33.916736	0.000033	136.087311	3.0
1429	2970.878038	34.050426	0.000033	37.979937	4.2
1430	2842.168828	34.049461	0.000033	120.273491	4.4
1431	2845.545889	34.048995	0.000033	225.929357	5.6
1432	2790.148427	34.039066	0.000033	101.587351	4.3
1433	2777.928890	34.030151	0.000033	81.694933	4.7
1434	2741.053371	34.030059	0.000033	131.126372	3.6
1435	2863.686284	34.037160	0.000033	73.727646	4.0
1436	2716.409447	34.042256	0.000033	204.792697	4.6
1437	2931.860724	34.071156	0.000033	96.463113	3.4
1438	2863.881853	34.147281	0.000033	58.800031	3.4
1439	2797.045304	34.143096	0.000033	134.453421	3.5
1440	2848.027917	34.138333	0.000033	147.518127	4.0
1441	2902.535416	34.190160	0.000033	168.504308	3.9
1442	2891.911463	34.306948	0.000033	123.600407	4.8
1443	2892.073714	34.301347	0.000033	91.436390	4.8
1444	2879.171786	34.305109	0.000033	48.241199	3.7
1445	2824.603793	34.301949	0.000033	166.382779	4.1
1446	2836.167881	34.297589	0.000033	173.864792	3.5
1447	2864.013264	34.340885	0.000033	122.849457	4.6
1448	2845.546087	34.331361	0.000033	181.523110	6.1
1449	2826.487939	34.411365	0.000033	141.290297	4.1
1450	2836.527817	34.401489	0.000033	100.289114	3.8
1451	2821.558029	34.402026	0.000033	105.425284	4.1
1452	2830.937344	34.401770	0.000033	184.520918	3.9
1453	2840.088258	34.448725	0.000033	151.977465	4.9
1454	2916.433562	34.525188	0.000033	146.558094	4.7
1455	2926.482318	34.551352	0.000033	214.955833	4.6
1456	2782.793406	34.542546	0.000033	86.069775	4.4
1457	2916.869927	34.564012	0.000033	120.301278	4.2
1458	2797.868354	34.584624	0.000033	242.640403	2.9
1459	2825.678150	34.575451	0.000033	72.312592	3.3
1460	2838.347204	34.577449	0.000033	181.491064	2.9
1461	2758.241422	34.571397	0.000033	124.584614	3.9
1462	2869.094411	34.568906	0.000033	93.717360	2.8
1463	2747.310585	34.564277	0.000033	76.633808	2.9
1464	2881.431459	34.558655	0.000033	185.814528	4.4
1465	2769.142135	34.555814	0.000033	107.964445	3.7
1466	2845.065989	34.611713	0.000033	105.282050	3.6
1467	2873.737758	34.605435	0.000033	92.052306	3.5
1468	2721.119159	34.604045	0.000033	91.189587	4.6
1469	2856.038604	34.611680	0.000033	126.877418	3.9
1470	2840.357152	34.606876	0.000033	49.455071	3.7
1471	2807.520287	34.607502	0.000033	168.411189	3.7
1472	2872.667893	34.604219	0.000033	119.193190	3.6
1473	2890.335089	34.669910	0.000033	93.855587	4.5
1474	2888.662537	34.667293	0.000033	55.628334	4.6
1475	2820.377497	34.666820	0.000033	55.178897	3.1
1476	2852.294299	34.666180	0.000033	60.096352	4.2
1477	2626.801920	34.664622	0.000033	172.599572	2.9
1478	2800.554702	34.659614	0.000033	100.766823	2.8
1479	2784.587557	34.667569	0.000033	94.284489	4.6
1480	2837.273902	34.672148	0.000033	80.369297	2.9
1481	2742.760605	34.668979	0.000033	120.667213	5.2
1482	2723.512365	34.665174	0.000033	123.175809	3.0
1483	2649.632921	34.667822	0.000033	152.290134	3.2
1484	2826.313537	34.761172	0.000033	36.040240	4.8
1485	2831.078799	34.757563	0.000033	79.741955	3.1
1486	2688.948419	34.757846	0.000033	68.418649	4.3
1487	2864.004327	34.754062	0.000033	66.830166	3.0
1488	2841.271070	34.750721	0.000033	161.666017	3.2
1489	2750.521906	34.767606	0.000033	221.177996	5.2
1490	2788.296407	35.191450	0.000032	173.953453	5.0
1491	2816.519729	35.190664	0.000032	118.161692	5.1
1492	2932.531659	35.181215	0.000032	63.177167	5.1
1493	2753.741892	35.187025	0.000032	167.254469	5.0
1494	2823.188932	35.205154	0.000032	95.292937	4.3
1495	2755.707429	35.203589	0.000032	85.458402	5.0
1496	2863.177368	35.200425	0.000032	89.678879	5.5
1497	2846.710053	35.212228	0.000032	171.645258	5.5
1498	2811.149669	35.224905	0.000032	73.330626	4.0
1499	2890.290488	35.221600	0.000032	186.826521	5.1
1500	2889.652133	35.256680	0.000032	110.958596	3.2
1501	2789.161151	35.366425	0.000032	115.968911	2.9
1502	2867.798232	35.362143	0.000032	90.500927	2.8
1503	2766.181095	35.360826	0.000032	90.147784	3.5
1504	2824.174648	35.354977	0.000032	123.372759	5.3
1505	2800.113753	35.365168	0.000032	51.529308	3.7
1506	2798.584159	35.361647	0.000032	126.718281	6.2
1507	2923.869108	35.357056	0.000032	137.586451	3.2
1508	2827.401882	35.410249	0.000032	40.259149	4.9
1509	2752.503097	35.405992	0.000032	95.082987	5.6
1510	2716.739488	35.404321	0.000032	112.211205	5.0
1511	2866.529558	35.410319	0.000032	162.585356	4.8
1512	2776.232983	35.408986	0.000032	106.264792	7.1
1513	2825.730454	35.401024	0.000032	138.462722	4.5
1514	2799.247264	35.446129	0.000032	84.880696	4.4
1515	2902.152956	35.446184	0.000032	151.883594	4.5
1516	2794.049385	35.452804	0.000032	94.691912	3.4
1517	2780.989407	35.447835	0.000032	123.271842	3.5
1518	2830.918271	35.470569	0.000032	133.591241	4.4
1519	2906.433081	35.492972	0.000032	259.173069	2.9
1520	2852.740454	35.675360	0.000032	105.676731	3.1
1521	2938.805483	35.922493	0.000032	124.058443	3.0
1522	2803.975566	35.914067	0.000032	43.563288	5.0
1523	2736.984543	35.909854	0.000032	111.700535	6.4
1524	2769.856979	35.905451	0.000032	111.442446	5.2
1525	2896.986814	35.933714	0.000032	168.781424	4.4
1526	2794.834316	35.942816	0.000032	71.486197	4.0
1527	2815.567615	35.975794	0.000032	82.888556	4.2
1528	2857.307697	35.971939	0.000032	64.039407	5.3
1529	2881.377658	35.976911	0.000032	105.364805	4.4
1530	2838.324970	35.982758	0.000032	252.272164	5.5
1531	2662.856347	35.972839	0.000032	231.654657	4.7
1532	2838.269919	36.859402	0.000031	193.390097	4.1
1533	2763.714253	36.849264	0.000031	204.728334	4.1
1534	2896.789995	37.294499	0.000031	99.332557	4.0
1535	2773.057758	37.343788	0.000031	133.073298	3.6
1536	2732.889545	37.341216	0.000031	100.381675	3.3
1537	2815.774428	37.332639	0.000031	82.149300	3.1
1538	2863.645007	37.327062	0.000031	63.981377	3.1
1539	2935.119531	37.327218	0.000031	120.549677	4.4
1540	2824.493132	37.323776	0.000031	89.036392	3.4
1541	2756.266496	37.324737	0.000031	89.601632	5.9
1542	2879.810022	37.319187	0.000031	118.521522	5.7
1543	2724.874999	37.316665	0.000031	213.725909	5.6
1544	2809.298434	37.311220	0.000031	95.318517	5.0
1545	2824.851236	37.301594	0.000031	84.412051	4.6
1546	2849.474719	37.296226	0.000031	244.676250	4.6
1547	2831.933111	37.339777	0.000031	117.089490	4.6
1548	2883.596938	37.329926	0.000031	138.151801	3.6
1549	2872.070662	37.338650	0.000031	125.757736	3.5
1550	2851.996112	37.385611	0.000031	57.424821	4.7
1551	2770.203258	37.384166	0.000031	108.989495	3.2
1552	2890.512604	37.384972	0.000031	66.811765	2.8
1553	2778.075018	37.378666	0.000031	159.063694	4.8
1554	2768.659962	37.384486	0.000031	65.883947	4.0
1555	2919.193966	37.399677	0.000031	142.256805	2.8
1556	2825.172658	37.392371	0.000031	80.572683	2.8
1557	2963.036547	37.412062	0.000031	160.582426	3.7
1558	2713.482835	37.403542	0.000031	67.105418	4.6
1559	2855.584864	37.412565	0.000031	124.050163	4.6
1560	2840.938450	37.406892	0.000031	88.203016	4.6
1561	2849.149275	37.400413	0.000031	284.717574	3.7
1562	2842.168909	37.417992	0.000031	99.720704	4.5
1563	2853.784813	37.449272	0.000031	75.477571	4.1
1564	2817.913173	37.457950	0.000031	206.385312	3.3
1565	2772.372727	37.500622	0.000031	73.561325	6.2
1566	2794.922770	37.491806	0.000031	116.546605	3.2
1567	2862.593960	37.486544	0.000031	104.021895	3.3
1568	2820.185161	37.483547	0.000031	93.781329	4.9
1569	2815.939245	37.484374	0.000031	78.806576	5.1
1570	2845.556742	37.483003	0.000031	192.442224	4.9
1571	2869.425138	37.480781	0.000031	62.919512	2.7
1572	2813.289162	37.482586	0.000031	161.455125	2.7
1573	2849.597307	37.479559	0.000031	218.895777	2.7
1574	2747.769915	37.469485	0.000031	160.061423	3.6
1575	2810.086883	37.703030	0.000031	109.944506	2.7
1576	2927.509135	37.697130	0.000031	107.548261	2.6
1577	2871.771066	37.700378	0.000031	162.918774	2.7
1578	2776.651490	37.768626	0.000031	83.463844	3.9
1579	2755.061442	37.760369	0.000031	121.525410	3.5
1580	2829.513219	37.759673	0.000031	166.636578	3.0
1581	2835.000390	37.776324	0.000031	49.996301	2.6
1582	2808.864409	37.774169	0.000031	118.987716	4.1
1583	2712.830248	37.771042	0.000031	145.608651	4.6
1584	2836.823673	37.784077	0.000031	172.855016	4.6
1585	2834.203744	37.815293	0.000031	113.199431	3.7
1586	2819.693460	37.810293	0.000031	62.159289	3.4
1587	2776.370963	37.818051	0.000031	84.802182	3.5
1588	2716.503789	37.819315	0.000031	46.344286	4.8
1589	2841.251410	37.818738	0.000031	60.836360	4.7
1590	2851.640425	37.819232	0.000031	154.077394	3.5
1591	2815.387332	37.813277	0.000031	217.927184	4.4
1592	2872.321413	38.232070	0.000031	142.168401	4.9
1593	2757.804529	38.222494	0.000031	195.494633	5.1
1594	2885.321029	38.213133	0.000031	143.735144	4.3
1595	2762.516468	38.203613	0.000031	71.070117	4.2
1596	2833.569374	38.199779	0.000031	83.879124	4.3
1597	2882.762335	38.196601	0.000031	70.460899	4.9
1598	2702.434955	38.201474	0.000031	39.386633	4.7
1599	2831.407459	38.201265	0.000031	95.394001	6.0
1600	2826.693036	38.200069	0.000031	66.654884	7.2
1601	2764.048087	38.202173	0.000031	158.645040	3.0
1602	2848.035848	38.196561	0.000031	66.062577	3.0
1603	2762.827107	38.197689	0.000031	106.959333	3.9
1604	2751.035780	38.200041	0.000031	45.583690	5.9
1605	2855.396296	38.203613	0.000031	74.548446	4.4
1606	2780.089254	38.200208	0.000031	118.084194	4.0
1607	2743.308781	38.195196	0.000031	141.869642	3.9
1608	2817.107453	38.233866	0.000031	119.553337	3.8
1609	2699.794509	38.255569	0.000031	70.781431	3.8
1610	2697.934770	38.255780	0.000031	198.175649	3.1
1611	2914.071080	38.248857	0.000031	70.694413	6.5
1612	2779.294018	38.286767	0.000031	40.790528	4.9
1613	2808.762532	38.284043	0.000031	227.314570	5.0
1614	2876.269193	38.281105	0.000031	165.378332	4.0
1615	2728.705028	38.271170	0.000031	94.513029	3.9
1616	2670.983263	38.269404	0.000031	97.930462	4.5
1617	2895.242568	38.263755	0.000031	188.578027	3.9
1618	2821.352310	38.305439	0.000031	107.530234	4.1
1619	2820.166044	38.296018	0.000031	120.376562	4.3
1620	2787.208027	38.288418	0.000031	64.367160	3.0
1621	2867.828295	38.296177	0.000031	108.545267	3.0
1622	2779.989552	38.290695	0.000031	96.226120	3.0
1623	2842.737102	38.304308	0.000031	237.527292	2.5
1624	2869.251745	38.406912	0.000031	55.530662	5.6
1625	2792.825972	38.433476	0.000031	86.876195	2.2
1626	2826.314210	38.437748	0.000031	51.044032	2.1
1627	2763.828474	38.438910	0.000031	35.150277	3.5
1628	2739.512451	38.437525	0.000031	69.031060	2.7
1629	2829.994943	38.435816	0.000031	139.374988	2.2
1630	2802.538667	38.440247	0.000031	87.728107	4.8
1631	2889.074227	38.467299	0.000031	146.876347	2.3
1632	2853.884762	38.459189	0.000031	116.620521	3.5
1633	2709.446513	38.483918	0.000031	166.337673	4.5
1634	2798.874645	38.487863	0.000031	66.071983	3.0
1635	2856.802864	38.499755	0.000031	176.863915	5.2
1636	2798.774118	38.515888	0.000031	80.952871	3.9
1637	2774.400785	38.507718	0.000031	148.661355	4.3
1638	2946.842694	38.513293	0.000031	95.218915	5.2
1639	2755.532946	38.514294	0.000031	77.984750	7.6
1640	2798.566529	38.517230	0.000031	200.712420	4.8
1641	2797.675953	38.534359	0.000031	99.517002	4.6
1642	2907.867349	38.525868	0.000031	104.078524	4.5
1643	2871.479465	38.527708	0.000031	104.074815	4.3
1644	2699.471976	38.519914	0.000031	90.141567	4.9
1645	2796.867545	38.522184	0.000031	156.225415	3.5
1646	2801.402655	38.518629	0.000031	133.281525	3.7
1647	2796.095206	38.509160	0.000031	189.435591	2.9
1648	2628.604534	38.499679	0.000031	124.477028	5.1
1649	2860.620093	38.566523	0.000031	74.673378	4.7
1650	2723.310812	38.564344	0.000031	196.435285	4.9
1651	2899.371228	38.555892	0.000031	51.755511	8.0
1652	2934.376219	38.548762	0.000031	133.097627	4.0
1653	2867.448198	38.544234	0.000031	84.345792	3.9
1654	2831.084363	38.561546	0.000031	147.203717	4.2
1655	2801.185976	38.553627	0.000031	149.051735	4.1
1656	2822.633984	38.674703	0.000031	111.291759	5.1
1657	2786.138149	38.686840	0.000030	57.753640	3.1
1658	2711.524966	38.682699	0.000031	103.010695	3.4
1659	2898.500461	38.689851	0.000030	125.037226	5.1
1660	2853.558731	38.705319	0.000030	78.379180	3.2
1661	2792.525382	38.701213	0.000030	122.335731	3.1
1662	2882.727589	38.710701	0.000030	90.936771	3.2
1663	2706.289957	38.703892	0.000030	100.612544	4.9
1664	2845.223919	38.698763	0.000030	79.951568	2.9
1665	2752.366163	38.697778	0.000030	56.903445	3.6
1666	2840.888734	38.695502	0.000030	89.485770	2.7
1667	2836.763726	38.692898	0.000030	144.951290	5.9
1668	2755.930225	38.686264	0.000030	98.921665	5.1
1669	2889.023008	38.729652	0.000030	106.131738	4.1
1670	2789.644378	38.721939	0.000030	134.812686	5.0
1671	2773.634256	38.728445	0.000030	68.161128	3.5
1672	2907.733741	38.723564	0.000030	164.999034	4.5
1673	2814.542683	38.715513	0.000030	193.395720	3.6
1674	2851.678973	39.079155	0.000030	97.548040	3.7
1675	2857.495234	39.084570	0.000030	169.753471	4.3
1676	2844.158647	39.083735	0.000030	121.844869	3.2
1677	2693.898368	39.074172	0.000030	95.369368	5.9
1678	2790.311895	39.070602	0.000030	111.454915	5.2
1679	2806.690231	39.068900	0.000030	210.737627	5.2
1680	2847.700141	39.061723	0.000030	175.113601	5.1
1681	2791.376604	39.051950	0.000030	87.426519	3.2
1682	2899.759534	39.045841	0.000030	116.123934	3.2
1683	2788.799677	39.047446	0.000030	117.343516	5.8
1684	2800.373213	39.039786	0.000030	55.786690	5.2
1685	2766.206306	39.044527	0.000030	106.550263	4.3
1686	2861.547879	39.039649	0.000030	196.047708	3.6
1687	2927.885797	39.030334	0.000030	143.855951	3.8
1688	2810.112556	39.306125	0.000030	92.246679	4.2
1689	2765.426317	39.300159	0.000030	84.072237	3.1
1690	2826.839491	39.296101	0.000030	69.907435	3.2
1691	2773.436921	39.300256	0.000030	109.439674	3.1
1692	2811.845325	39.303239	0.000030	156.387953	4.4
1693	2841.237540	39.299646	0.000030	124.368091	2.5
1694	2851.970196	39.299984	0.000030	154.049983	2.6
1695	2805.591967	39.331968	0.000030	65.773413	2.5
1696	2819.232802	39.329774	0.000030	157.797720	4.7
1697	2807.578300	39.336957	0.000030	35.456899	2.6
1698	2785.687557	39.334634	0.000030	58.230554	6.2
1699	2823.622622	39.333763	0.000030	79.446569	5.3
1700	2777.208404	39.333987	0.000030	119.213481	5.0
1701	2767.396660	39.334689	0.000030	44.672404	4.8
1702	2793.626372	39.336533	0.000030	155.728188	5.1
1703	2792.268469	39.335955	0.000030	193.638590	5.2
1704	2765.634365	39.326604	0.000030	180.894386	4.9
1705	2868.277122	39.403837	0.000030	95.568879	4.4
1706	2933.381506	39.395688	0.000030	173.528856	2.8
1707	2828.559499	39.389674	0.000030	103.527454	5.0
1708	2843.824926	39.409276	0.000030	72.833590	5.8
1709	2895.968151	39.406976	0.000030	95.614100	5.1
1710	2877.089384	39.400824	0.000030	140.235388	4.8
1711	2802.733951	39.394076	0.000030	196.147915	4.7
1712	2890.193815	39.655109	0.000030	65.067971	8.2
1713	2878.544555	39.660502	0.000030	92.668303	3.7
1714	2788.885368	39.656006	0.000030	118.209736	3.9
1715	2957.821535	39.678365	0.000030	154.201637	4.2
1716	2844.744484	39.737452	0.000030	191.343600	4.3
1717	2823.717581	39.752965	0.000030	121.537117	5.1
1718	2821.205883	39.752504	0.000030	104.820178	5.1
1719	2913.263620	39.758272	0.000030	40.836781	4.2
1720	2866.886760	39.759278	0.000030	84.897703	2.7
1721	2808.253098	39.757119	0.000030	155.891770	2.1
1722	2859.449257	39.748585	0.000030	69.328087	3.8
1723	2759.626599	39.743957	0.000030	169.411222	4.3
1724	2788.266742	39.736553	0.000030	114.362527	4.1
1725	2823.937531	39.783111	0.000030	75.134927	4.7
1726	2860.532286	39.779360	0.000030	62.291652	5.1
1727	2820.278576	39.776964	0.000030	126.306842	4.4
1728	2757.446484	39.788210	0.000030	84.705670	4.5
1729	2896.672900	39.784318	0.000030	146.415143	3.8
1730	2834.150712	39.800720	0.000030	142.359324	3.8
1731	2893.543857	39.791149	0.000030	72.628190	3.5
1732	2734.693393	39.785254	0.000030	63.715490	2.9
1733	2707.675814	39.782160	0.000030	59.467945	3.1
1734	2789.439129	39.780800	0.000030	98.345789	2.9
1735	2798.797188	39.782505	0.000030	152.425217	2.7
1736	2909.752925	39.775005	0.000030	248.212964	6.0
1737	2904.495714	39.882500	0.000030	61.796010	5.1
1738	2819.018986	39.876462	0.000030	76.924542	4.8
1739	2647.699857	39.875629	0.000030	194.321166	4.1
1740	2820.927348	39.866780	0.000030	86.191936	3.8
1741	2938.308599	39.866692	0.000030	128.389277	4.4
1742	2777.841012	39.862111	0.000030	134.902611	2.9
1743	2831.570167	39.917880	0.000030	94.843843	4.5
1744	2790.958957	39.917520	0.000030	78.706058	2.8
1745	2803.742529	39.916917	0.000030	104.621566	3.8
1746	2864.753602	39.910909	0.000030	137.744326	2.6
1747	2788.398141	39.925437	0.000030	94.583302	5.1
1748	2827.256616	39.923444	0.000030	135.449105	4.0
1749	2782.884716	39.915143	0.000030	79.535648	2.5
1750	2814.805439	39.923929	0.000030	135.950865	4.4
1751	2797.137662	39.937447	0.000030	43.006928	4.1
1752	2842.336285	39.933236	0.000030	92.629699	5.3
1753	2938.199654	39.934696	0.000030	172.018560	4.5
1754	2820.271539	39.975657	0.000030	137.134298	4.9
1755	2741.512030	39.969344	0.000030	186.747955	4.6
1756	2803.876092	40.090816	0.000030	148.955667	4.8
1757	2831.588884	40.080854	0.000030	113.705612	4.4
1758	2810.116830	40.151639	0.000030	92.329460	4.2
1759	2751.618316	40.169035	0.000030	190.877120	3.4
1760	2710.730698	40.198693	0.000030	58.640807	3.3
1761	2601.752634	40.218182	0.000030	51.028280	4.9
1762	2954.240962	40.217501	0.000030	77.041795	4.3
1763	2861.870283	40.217374	0.000030	71.637735	5.6
1764	2878.462101	40.222792	0.000030	133.749391	5.8
1765	2824.927319	40.216659	0.000030	161.661199	4.7
1766	2790.429579	40.309205	0.000030	78.747667	3.1
1767	2832.757670	40.306255	0.000030	93.120809	3.6
1768	2940.322024	40.305658	0.000030	109.635996	3.7
1769	2832.629891	40.298176	0.000030	129.243213	4.0
1770	2743.878855	40.295376	0.000030	61.343415	3.5
1771	2827.574750	40.307091	0.000030	113.078508	4.1
1772	2769.307792	40.301364	0.000030	209.945266	3.8
1773	2815.971340	40.291556	0.000030	126.606895	5.6
1774	2829.914070	40.354765	0.000030	135.141807	5.0
1775	2790.165386	40.351798	0.000030	41.822613	4.8
1776	2777.418750	40.348578	0.000030	210.076930	4.3
1777	2759.375772	40.357505	0.000030	80.993998	4.7
1778	2823.572669	40.357779	0.000030	56.028627	4.7
1779	2902.191290	40.356600	0.000030	141.803434	4.2
1780	2901.525352	40.350954	0.000030	55.381596	3.5
1781	2838.837187	40.357061	0.000030	87.067411	6.2
1782	2851.297234	40.360360	0.000030	96.314160	3.8
1783	2659.070397	40.362024	0.000030	158.281267	6.4
1784	2742.142708	40.359811	0.000030	121.410582	6.1
1785	2741.009652	40.351034	0.000030	40.384019	6.1
1786	2837.412259	40.349061	0.000030	146.428200	7.5
1787	2772.090285	40.351825	0.000030	138.285347	6.4
1788	2794.358038	40.467845	0.000030	107.458734	5.3
1789	2800.162034	40.468121	0.000030	118.527762	6.7
1790	2823.947281	40.468697	0.000030	100.075678	5.1
1791	2881.997191	40.466714	0.000030	103.544272	5.3
1792	2781.350926	40.462721	0.000030	105.910104	5.0
1793	2829.911083	40.455425	0.000030	45.635724	5.9
1794	2778.512172	40.452853	0.000030	131.106589	3.8
1795	2847.303845	40.451762	0.000030	171.206624	3.8
1796	2736.073270	40.503918	0.000030	86.651145	3.6
1797	2765.220881	40.521130	0.000030	65.024872	3.4
1798	2759.963481	40.515719	0.000030	189.184138	5.2
1799	2849.251792	40.508241	0.000030	44.410297	3.2
1800	2861.473005	40.520610	0.000030	147.949373	2.6
1801	2820.272036	40.516477	0.000030	134.584237	2.8
1802	2772.785006	40.507088	0.000030	52.012667	3.5
1803	2751.084719	40.515359	0.000030	227.441965	6.2
1804	2770.875540	40.526093	0.000030	75.901338	3.9
1805	2874.669349	40.555298	0.000030	56.101439	3.1
1806	2926.384767	40.555302	0.000030	134.980926	5.2
1807	2892.368615	40.563536	0.000030	115.538301	3.5
1808	2820.248982	40.561105	0.000030	268.416772	6.4
1809	2838.991466	40.551167	0.000030	90.841838	3.9
1810	2883.215723	40.542164	0.000030	94.729175	5.8
1811	2955.056384	40.535693	0.000030	42.741586	3.5
1812	2892.149199	40.534684	0.000030	135.584435	3.5
1813	2828.633355	40.533757	0.000030	84.818734	3.5
1814	2885.367470	40.537657	0.000030	54.385038	5.6
1815	2805.634706	40.540547	0.000030	152.639665	3.9
1816	2779.875802	40.548644	0.000030	216.340358	4.8
1817	2856.396610	40.882043	0.000029	62.600814	4.5
1818	2796.392103	40.874335	0.000029	188.951967	3.7
1819	2943.998924	40.872947	0.000029	111.557019	3.0
1820	2832.411660	40.864269	0.000029	150.527881	3.0
1821	2780.497513	40.859150	0.000029	291.107131	3.1
1822	2884.871747	41.645179	0.000029	57.924389	3.2
1823	2868.215930	41.673367	0.000029	77.195731	5.0
1824	2814.317145	41.670934	0.000029	68.036522	5.5
1825	2721.163241	41.670994	0.000029	108.326296	4.9
1826	2751.209823	41.665523	0.000029	117.222554	4.0
1827	2760.968642	41.677566	0.000029	57.293072	3.9
1828	2733.829639	41.674367	0.000029	86.203925	4.0
1829	2824.048168	41.670976	0.000029	106.386611	4.2
1830	2779.877704	41.681133	0.000029	140.880082	3.6
1831	2692.233625	41.681958	0.000029	204.224815	4.4
1832	2752.621947	41.676354	0.000029	170.847505	5.7
1833	2877.819145	41.666229	0.000029	44.963230	5.1
1834	2755.766795	41.672455	0.000029	135.459805	4.3
1835	2844.905983	41.673663	0.000029	42.141442	4.4
1836	2693.062075	41.674375	0.000029	43.525827	5.5
1837	2830.732771	41.673904	0.000029	147.632455	4.8
1838	2847.139068	41.670885	0.000029	179.319612	5.3
1839	2806.045688	41.661146	0.000029	54.432073	4.2
1840	2837.930238	41.657758	0.000029	290.735606	4.2
1841	2843.911367	41.668269	0.000029	104.562991	5.5
1842	2763.247276	41.671938	0.000029	240.614131	5.1
1843	2675.986971	41.686225	0.000029	131.680573	4.8
1844	2746.719885	41.676227	0.000029	81.241099	3.4
1845	2832.287474	41.678779	0.000029	59.921375	4.7
1846	2891.797458	41.675956	0.000029	220.296795	4.2
1847	2773.435734	41.681877	0.000029	110.672444	4.3
1848	2727.850655	41.672169	0.000029	120.483041	4.9
1849	2770.000720	41.664529	0.000029	143.438938	3.3
1850	2844.303472	41.656522	0.000029	183.604185	4.4
1851	2814.126674	41.668292	0.000029	114.092519	3.2
1852	2870.124759	41.660072	0.000029	147.999507	3.1
1853	2786.619869	41.651113	0.000029	64.545379	5.3
1854	2835.038466	41.649558	0.000029	109.765120	4.7
1855	2799.368646	41.654403	0.000029	145.590995	4.2
1856	2785.534421	41.649888	0.000029	108.375258	4.8
1857	2871.801621	41.641092	0.000029	203.847916	3.6
1858	2739.809213	41.732252	0.000029	129.442479	3.7
1859	2802.227438	41.741154	0.000029	201.440271	4.1
1860	2671.177809	41.798273	0.000029	59.205812	4.7
1861	2785.756659	41.796832	0.000029	66.427980	4.2
1862	2891.983045	41.793470	0.000029	117.908831	3.0
1863	2803.884380	41.790982	0.000029	79.262695	3.0
1864	2776.467734	41.788830	0.000029	139.522639	3.4
1865	2808.402864	41.788492	0.000029	96.022524	3.5
1866	2820.064729	41.787736	0.000029	152.397904	2.7
1867	2772.008624	41.793776	0.000029	143.285129	5.1
1868	2902.689319	41.786566	0.000029	173.925668	3.6
1869	2840.961949	41.868930	0.000029	121.688725	4.8
1870	2712.108569	41.859291	0.000029	167.245789	5.9
1871	2772.622471	41.871869	0.000029	67.622404	4.7
1872	2875.039393	41.871812	0.000029	190.278034	4.8
1873	2855.552279	41.887012	0.000029	208.619110	4.1
1874	2821.281679	42.180611	0.000029	48.238275	4.9
1875	2896.777238	42.180560	0.000029	57.775257	4.9
1876	2924.396461	42.180953	0.000029	90.803693	6.1
1877	2877.596765	42.180272	0.000029	159.758058	5.2
1878	2766.708534	42.179757	0.000029	100.114699	5.0
1879	2892.709685	42.237014	0.000029	51.869964	4.4
1880	2796.378874	42.240941	0.000029	74.419179	5.1
1881	2844.897363	42.241722	0.000029	94.046970	5.0
1882	2799.076892	42.246032	0.000029	138.019047	6.2
1883	2708.744248	42.238657	0.000029	166.891649	3.2
1884	2822.902023	42.370368	0.000029	141.197756	3.4
1885	2773.064668	42.433821	0.000029	75.865803	6.7
1886	2769.392668	42.428403	0.000029	208.608449	7.3
1887	2825.254855	42.474415	0.000029	153.461556	3.9
1888	2748.963900	42.610943	0.000029	119.919230	4.5
1889	2804.239631	42.602646	0.000029	131.362545	5.1
1890	2748.022179	42.611374	0.000029	149.171847	5.6
1891	2743.198890	42.651699	0.000029	65.086737	4.8
1892	2853.889886	42.662543	0.000029	103.351703	4.5
1893	2797.190758	42.669860	0.000029	267.190785	5.3
1894	2856.469964	42.700698	0.000029	75.970859	5.4
1895	2874.913033	42.691386	0.000029	79.620723	5.2
1896	2833.526017	42.693742	0.000029	122.561905	5.3
1897	2855.865949	42.686217	0.000029	104.676549	5.1
1898	2786.805117	42.720744	0.000029	140.757259	4.8
1899	2856.113175	42.731354	0.000029	188.463562	5.2
1900	2866.571200	42.723488	0.000029	117.522353	4.8
1901	2853.809141	42.721024	0.000029	98.939449	5.2
1902	2796.647124	42.714665	0.000029	232.804972	5.3
1903	2788.102950	42.705697	0.000029	78.073013	5.2
1904	2847.758628	42.783359	0.000029	103.479626	6.2
1905	2955.650774	42.780376	0.000029	209.492399	4.8
1906	2810.602226	42.775658	0.000029	77.357404	4.9
1907	2810.918223	42.772682	0.000029	80.159764	4.1
1908	2952.580666	42.777558	0.000029	106.244771	3.6
1909	2759.601696	42.776265	0.000029	180.288867	3.6
1910	2831.182721	42.816263	0.000029	181.576031	3.6
1911	2848.744170	43.212473	0.000028	125.402689	7.0
1912	2846.620187	43.328984	0.000028	225.201535	4.3
1913	2843.114132	43.319028	0.000028	86.597309	4.2
1914	2790.180180	43.362816	0.000028	102.123446	3.7
1915	2863.816465	43.356967	0.000028	86.146533	3.8
1916	2731.146954	43.353625	0.000028	153.352051	3.7
1917	2864.859977	43.359475	0.000028	68.201856	3.2
1918	2784.809171	43.354683	0.000028	180.532501	7.5
1919	2766.816746	43.352907	0.000028	76.758930	3.8
1920	2833.667376	43.344268	0.000028	121.091408	4.8
1921	2751.016763	43.338957	0.000028	111.570445	5.0
1922	2891.495347	43.333939	0.000028	151.179367	5.4
1923	2718.028381	43.345916	0.000028	87.443710	4.9
1924	2768.180595	43.354826	0.000028	70.111763	4.1
1925	2799.138785	43.354946	0.000028	153.346184	3.9
1926	2871.658231	43.351173	0.000028	85.910978	3.9
1927	2878.214544	43.344527	0.000028	105.578455	4.2
1928	2806.052231	43.349121	0.000028	121.634235	5.6
1929	2847.038261	43.341745	0.000028	37.985754	4.0
1930	2719.650948	43.343976	0.000028	39.808904	4.6
1931	2889.003128	43.342279	0.000028	153.829036	4.1
1932	2862.457926	43.345542	0.000028	155.964148	2.3
1933	2686.588823	43.473638	0.000028	88.315626	2.4
1934	2814.133422	43.466787	0.000028	65.117769	3.1
1935	2838.502805	43.466031	0.000028	109.380880	7.0
1936	2786.434062	43.464500	0.000028	47.235035	5.8
1937	2758.148610	43.465558	0.000028	95.340986	5.2
1938	2861.602084	43.464609	0.000028	171.701466	5.0
1939	2830.447698	43.520441	0.000028	61.304530	4.3
1940	2770.963585	43.516361	0.000028	70.322293	4.7
1941	2783.090982	43.513639	0.000028	40.436007	4.0
1942	2769.838263	43.513757	0.000028	107.788379	4.5
1943	2757.963908	43.512754	0.000028	167.466760	3.5
1944	2881.044220	43.514349	0.000028	92.427936	4.1
1945	2796.745178	43.512299	0.000028	116.464411	3.9
1946	2790.061108	43.531843	0.000028	147.743771	4.2
1947	2715.951704	43.523503	0.000028	113.659988	4.0
1948	2728.705191	43.585677	0.000028	61.813565	3.4
1949	2765.701109	43.581052	0.000028	84.626948	3.2
1950	2784.226892	43.576851	0.000028	134.989595	6.5
1951	2701.846812	43.584967	0.000028	89.646354	3.4
1952	2845.433386	43.584646	0.000028	175.715123	3.3
1953	2905.888050	43.590773	0.000028	201.824452	3.2
1954	2800.696767	43.581204	0.000028	98.018272	3.2
1955	2803.129137	43.590208	0.000028	83.332533	2.4
1956	2890.840333	43.584155	0.000028	144.347976	2.4
1957	2826.629093	43.577703	0.000028	176.994984	2.3
1958	2791.246787	43.765780	0.000028	112.565954	2.8
1959	2750.793453	43.788921	0.000028	128.604966	6.9
1960	2812.391607	43.781665	0.000028	64.270777	3.0
1961	2784.687818	43.781206	0.000028	137.353374	2.9
1962	2742.554282	43.774690	0.000028	70.251884	3.0
1963	2754.272615	43.767469	0.000028	42.009178	3.0
1964	2827.391394	43.765205	0.000028	76.238404	2.9
1965	2831.665166	43.764096	0.000028	105.341386	3.7
1966	2776.531547	43.777858	0.000028	158.467299	3.0
1967	2813.656974	43.823084	0.000028	146.045296	3.0
1968	2806.554510	43.917496	0.000028	127.213511	2.9
1969	2806.726677	43.908240	0.000028	61.245706	8.1
1970	2855.974067	43.901638	0.000028	225.682662	3.6
1971	2739.354449	43.933943	0.000028	174.779039	4.2
1972	2850.515763	44.065808	0.000028	109.442032	7.2
1973	2812.538482	44.069303	0.000028	117.385747	3.3
1974	2749.380418	44.080548	0.000028	84.105618	4.4
1975	2805.620266	44.096201	0.000028	67.929825	3.5
1976	2814.817744	44.100394	0.000028	59.324091	2.9
1977	2769.239160	44.103256	0.000028	107.591699	3.2
1978	2825.069519	44.108660	0.000028	85.193016	3.4
1979	2796.348605	44.109845	0.000028	176.268522	2.7
1980	2793.401541	44.105852	0.000028	72.435860	4.4
1981	2858.688638	44.098770	0.000028	114.418672	5.0
1982	2936.350267	44.109364	0.000028	116.823922	5.4
1983	2798.827950	44.101219	0.000028	122.986662	4.8
1984	2961.355716	44.094177	0.000028	117.645626	4.6
1985	2814.611652	44.135465	0.000028	118.828521	3.6
1986	2838.710250	44.134768	0.000028	156.172763	3.6
1987	2820.524914	44.158686	0.000028	133.520762	3.1
1988	2762.782025	44.277852	0.000028	132.178639	2.6
1989	2896.389653	44.271369	0.000028	85.814874	2.7
1990	2897.993395	44.263615	0.000028	67.410076	5.5
1991	2760.087758	44.259320	0.000028	43.145559	3.5
1992	2817.400202	44.258028	0.000028	103.385426	3.6
1993	2876.578251	44.257732	0.000028	124.156295	3.6
1994	2831.992829	44.260166	0.000028	104.708324	2.7
1995	2819.319816	44.252712	0.000028	214.548352	2.6
1996	2837.181606	44.309689	0.000028	188.833735	3.5
1997	2752.780484	44.299537	0.000028	90.594555	2.4
1998	2801.652284	44.364120	0.000028	64.243157	5.0
1999	2779.616095	44.363249	0.000028	129.194760	3.3
