1:ItNr	2:Metric	3a:Time	3b:StepSize	4:||Gradient||	Time[ms]
0	112461.286167	0.000000	0.000095	18716.614482	224.5
1	84673.398032	0.000000	0.000095	16111.591904	3.1
2	59585.899169	0.000000	0.000095	11351.942291	3.0
3	51273.318477	0.000000	0.000095	10726.427803	3.0
4	38850.939295	0.000000	0.000095	7916.676709	2.3
5	33978.309920	0.000000	0.000095	7662.044228	2.3
6	28344.965087	0.000000	0.000095	6539.257034	2.3
7	24300.324352	0.000000	0.000095	5922.083983	2.3
8	20923.863834	0.000000	0.000095	4924.600402	2.1
9	19818.199080	0.000000	0.000095	4804.432882	2.0
10	17494.363620	0.000000	0.000095	4071.340126	2.0
11	16493.279392	0.000000	0.000095	3712.547350	2.0
12	15387.931738	0.000000	0.000095	3135.802630	2.2
13	12707.730382	0.000000	0.000095	2819.505458	1.8
14	13354.209753	0.000000	0.000095	2828.971015	1.8
15	12036.302937	0.000000	0.000095	2369.790249	1.9
16	11533.872289	0.000000	0.000095	1907.501227	1.7
17	10760.300881	0.000000	0.000095	1709.016765	1.7
18	10605.712584	0.000000	0.000095	1664.069238	1.9
19	10751.343363	0.000000	0.000095	1544.430953	1.8
20	10170.390284	0.000000	0.000095	1229.641716	1.8
21	10390.816572	0.000000	0.000095	1159.914307	1.8
22	10105.982684	0.000000	0.000095	1108.444313	2.2
23	10494.959530	0.000000	0.000095	1092.508427	2.2
24	9910.654434	0.000000	0.000095	895.772274	2.2
25	10283.599208	0.000000	0.000095	1005.460348	2.3
26	9480.274944	0.000000	0.000095	678.067130	3.3
27	9887.047474	0.000000	0.000095	762.145677	2.4
28	9933.819289	0.000000	0.000095	578.628095	2.3
29	9509.499358	0.000000	0.000095	552.538489	2.2
30	9877.938883	0.000000	0.000095	569.168247	2.2
31	10109.337122	0.000000	0.000095	641.046144	1.8
32	10168.738553	0.000000	0.000095	655.720869	1.8
33	9873.683704	0.000000	0.000095	407.512007	1.7
34	9878.068881	0.000000	0.000095	417.937564	1.8
35	9318.678398	0.000000	0.000095	507.785920	1.8
36	9254.266215	0.000000	0.000095	372.407960	1.8
37	10314.479837	0.000000	0.000095	545.658246	1.7
38	9772.542608	0.000000	0.000095	504.136321	1.8
39	9180.332563	0.000000	0.000095	367.327506	1.7
40	9555.263659	0.000000	0.000095	549.345642	1.8
41	9965.642449	0.000000	0.000095	292.982409	1.8
42	9809.984044	0.000000	0.000095	237.904358	1.8
43	9539.079944	0.000000	0.000095	487.420029	1.7
44	9344.056541	0.000000	0.000095	393.938489	1.7
45	9738.186130	0.000000	0.000095	301.577365	1.8
46	10043.304338	0.000000	0.000095	396.296545	1.7
47	9419.497073	0.000000	0.000095	312.279876	1.7
48	9402.747471	0.000000	0.000095	270.921468	1.8
49	9405.700758	0.000000	0.000095	296.537724	1.8
50	10116.378434	0.000000	0.000095	291.919536	1.8
51	9206.740714	0.000000	0.000095	266.650189	1.8
52	10065.010743	0.000000	0.000095	425.254149	1.8
53	9454.981956	0.000000	0.000095	281.587070	1.9
54	9362.260957	0.000000	0.000095	241.894017	1.8
55	9101.205137	0.000000	0.000095	126.852354	1.7
56	10045.345070	0.000000	0.000095	383.443098	1.7
57	9756.631117	0.000000	0.000095	230.605791	1.7
58	9271.707182	0.000000	0.000095	264.415730	1.7
59	9613.921881	0.000000	0.000095	149.604035	1.7
60	9855.660327	0.000000	0.000095	216.427477	1.7
61	9063.827031	0.000000	0.000095	274.656978	1.8
62	9119.282822	0.000000	0.000095	180.936996	1.8
63	8939.501219	0.005997	0.000095	251.146741	1.8
64	8913.227032	0.002261	0.000095	212.096449	1.8
65	9466.749443	0.000000	0.000095	348.905546	1.8
66	8969.200172	0.000000	0.000095	300.375427	1.7
67	9921.682303	0.000000	0.000095	123.191590	1.7
68	9370.680582	0.000000	0.000095	274.690811	1.8
69	9454.378729	0.000000	0.000095	252.155065	1.7
70	8736.605565	0.000000	0.000095	177.994726	1.7
71	9415.318347	0.000000	0.000095	86.765093	1.8
72	9573.236427	0.000000	0.000095	292.834369	1.8
73	9510.552048	0.000000	0.000095	235.245730	1.7
74	9139.663207	0.000000	0.000095	212.997060	1.8
75	9712.123470	0.000000	0.000095	103.568960	1.7
76	9667.921896	0.000000	0.000095	191.789785	1.8
77	9921.460741	0.000000	0.000095	228.766583	1.8
78	9508.729808	0.000000	0.000095	277.403577	1.7
79	9109.585819	0.000000	0.000095	184.704593	1.7
80	9387.451905	0.000000	0.000095	270.478620	1.7
81	8999.564468	0.000000	0.000095	253.242848	1.7
82	10095.961709	0.000000	0.000095	281.399331	1.7
83	9850.402856	0.003532	0.000095	153.199326	1.8
84	8861.998213	0.000000	0.000095	111.431374	1.8
85	9370.312457	0.000000	0.000095	143.703691	1.7
86	9102.723377	0.000000	0.000095	206.853482	1.8
87	9521.781435	0.000000	0.000095	224.381448	1.8
88	9296.916017	0.000000	0.000095	80.624601	1.8
89	9098.678712	0.000000	0.000095	264.093749	1.8
90	9602.063120	0.000000	0.000095	142.352660	1.7
91	9422.685959	0.000000	0.000095	155.168413	1.8
92	9106.426115	0.000000	0.000095	227.145284	1.8
93	9644.345562	0.000000	0.000095	233.866469	1.8
94	9212.508757	0.000000	0.000095	157.950445	1.8
95	9887.407226	0.000000	0.000095	135.106076	1.9
96	9862.643220	0.000000	0.000095	105.747588	1.9
97	8940.461095	0.000000	0.000095	139.172563	1.9
98	9556.958642	0.000000	0.000095	181.340446	1.9
99	9971.041395	0.000000	0.000095	200.594304	2.3
100	9350.535280	0.000000	0.000095	146.824330	1.8
101	9555.129559	0.000000	0.000095	137.872192	1.8
102	9078.338156	0.000000	0.000095	97.577335	1.8
103	9294.373926	0.000000	0.000095	75.515675	1.8
104	8969.460155	0.000000	0.000095	59.049563	1.7
105	9180.014406	0.000000	0.000095	209.930565	1.8
106	9720.577892	0.000000	0.000095	183.525576	1.7
107	8744.805819	0.000718	0.000095	193.860265	1.7
108	9595.761691	0.000000	0.000095	62.646644	1.9
109	9215.129036	0.000791	0.000095	145.433872	2.0
110	9781.508186	0.000000	0.000095	121.613977	1.8
111	9234.313913	0.000000	0.000095	182.498427	1.7
112	9503.421801	0.000000	0.000095	97.885957	1.8
113	9757.765755	0.000000	0.000095	206.620153	1.7
114	9288.316824	0.000000	0.000095	86.591918	4.2
115	9496.760739	0.000482	0.000095	153.906563	1.8
116	9565.317398	0.000000	0.000095	207.876459	1.8
117	9445.965878	0.004272	0.000095	111.744710	1.9
118	9898.081487	0.000271	0.000095	171.452538	1.8
119	9153.188783	0.000000	0.000095	228.954557	1.8
120	9557.490667	0.000000	0.000095	104.183665	1.8
121	8978.967537	0.000000	0.000095	196.499756	1.8
122	9497.240904	0.001116	0.000095	71.174077	1.7
123	9483.440316	0.001676	0.000095	78.202559	1.7
124	9162.741009	0.000224	0.000095	82.244321	1.7
125	9920.949720	0.000643	0.000095	125.791056	1.8
126	9103.617475	0.001658	0.000095	153.141994	2.6
127	9092.097799	0.000000	0.000095	199.441157	1.8
128	9231.634505	0.000000	0.000095	144.082355	1.8
129	9734.480084	0.000000	0.000095	95.264067	1.9
130	9202.431923	0.002222	0.000095	221.954630	1.8
131	9136.372560	0.000000	0.000095	143.626113	2.3
132	9153.378594	0.010149	0.000095	88.167306	1.7
133	9639.295753	0.007887	0.000095	265.174326	1.7
134	9526.302464	0.005499	0.000095	87.908044	1.7
135	9075.200560	0.001241	0.000095	164.169521	1.7
136	9401.749303	0.004688	0.000095	249.078544	1.7
137	9169.943093	0.019917	0.000095	147.784886	2.2
138	9264.897511	0.019255	0.000095	133.268079	1.8
139	9196.822687	0.015521	0.000095	153.350914	1.7
140	9236.220522	0.018433	0.000095	256.381821	1.7
141	8808.632454	0.011226	0.000095	161.296934	1.7
142	9399.164339	0.004368	0.000095	190.957567	1.7
143	10098.042638	0.000378	0.000095	353.892034	1.7
144	10229.269851	0.000000	0.000095	187.112383	3.7
145	9378.134240	0.000000	0.000095	158.182568	4.5
146	9336.705022	0.000000	0.000095	169.324484	4.5
147	9332.502902	0.000000	0.000095	193.268653	4.5
148	9759.834964	0.011978	0.000095	119.232255	3.6
149	9483.187166	0.011029	0.000095	116.184929	2.7
150	9483.880942	0.008554	0.000095	145.480689	2.6
151	9542.195832	0.005674	0.000095	108.365177	2.8
152	9441.317174	0.007340	0.000095	256.891830	2.8
153	8974.247986	0.006531	0.000095	154.191905	2.8
154	9850.428631	0.021539	0.000095	116.713700	2.8
155	9604.049269	0.017763	0.000095	94.150942	2.2
156	9818.999604	0.019646	0.000095	84.762642	2.2
157	10017.689825	0.019380	0.000095	95.411011	2.1
158	9015.654144	0.018946	0.000095	95.585294	2.1
159	9210.441533	0.020543	0.000095	217.016587	2.1
160	9018.231966	0.017350	0.000095	120.310874	2.1
161	8665.839653	0.013501	0.000095	99.804085	2.0
162	9728.232730	0.010692	0.000095	143.601441	2.0
163	9651.844625	0.014386	0.000095	184.644752	2.0
164	9451.886695	0.011697	0.000095	88.034992	1.9
165	9652.585580	0.009094	0.000095	92.628178	1.8
166	8582.623510	0.009503	0.000095	193.719289	1.8
167	9572.125291	0.009801	0.000095	129.045581	1.8
168	9782.481720	0.016520	0.000095	90.969785	1.8
169	8838.231523	0.015573	0.000095	66.647146	1.8
170	9057.755191	0.014620	0.000095	126.969798	1.8
171	9042.080899	0.013336	0.000095	101.457536	1.8
172	8891.849633	0.014889	0.000095	57.932435	1.8
173	9832.163647	0.014008	0.000095	170.486908	1.8
174	9222.643311	0.014656	0.000095	100.554041	1.8
175	9334.411943	0.014275	0.000095	128.807155	1.8
176	9560.658265	0.013691	0.000095	258.417252	1.9
177	9187.179827	0.008288	0.000095	209.474841	1.9
178	9132.343438	0.036426	0.000095	157.011944	1.9
179	9134.480298	0.033453	0.000095	99.072827	1.9
180	9428.001348	0.034520	0.000095	238.475725	1.9
181	10131.267417	0.030787	0.000095	213.686015	1.8
182	9482.722564	0.026414	0.000095	95.748486	1.8
183	9391.978848	0.027443	0.000095	164.272230	1.8
184	9202.261838	0.028420	0.000095	100.914905	1.7
185	9459.286205	0.024340	0.000095	103.854867	1.8
186	9238.724471	0.026436	0.000095	73.685185	1.9
187	10199.651239	0.026696	0.000095	188.374932	1.9
188	9278.095473	0.024980	0.000095	78.929036	1.8
189	9643.829168	0.025660	0.000095	142.880436	1.9
190	9601.092582	0.024968	0.000095	139.234264	1.8
191	9703.766772	0.025900	0.000095	112.334770	4.5
192	8997.111651	0.028613	0.000095	73.639058	1.9
193	9384.198631	0.026720	0.000095	69.414141	1.8
194	9484.209165	0.026934	0.000095	113.769400	1.9
195	9553.002849	0.027941	0.000095	166.846858	1.9
196	9139.999165	0.030930	0.000095	187.716506	2.0
197	9260.847384	0.040354	0.000095	186.272339	2.0
198	9481.530037	0.033283	0.000095	98.421425	2.0
199	9766.540523	0.031519	0.000095	155.946469	2.0
200	9801.784440	0.030367	0.000095	216.077768	1.8
201	9894.926697	0.037099	0.000095	98.120747	1.7
202	9283.080391	0.037204	0.000095	157.870403	1.8
203	9469.860851	0.035546	0.000095	205.106095	1.7
204	9079.337825	0.030108	0.000095	96.009274	5.9
205	9989.241347	0.025864	0.000095	93.593968	1.8
206	9019.281367	0.025190	0.000095	266.336637	2.1
207	9218.104376	0.027815	0.000095	151.623085	2.5
208	9283.825987	0.028578	0.000095	218.446678	1.8
209	8865.678497	0.032892	0.000095	65.964529	1.9
210	9198.801944	0.029723	0.000095	217.106586	1.8
211	9481.178636	0.026685	0.000095	97.401373	1.9
212	9181.119102	0.025529	0.000095	218.984270	1.8
213	9515.786679	0.020926	0.000095	170.894200	4.1
214	9202.678980	0.027573	0.000095	125.448639	1.9
215	9565.799164	0.027420	0.000095	152.021560	1.9
216	8894.096873	0.023612	0.000095	94.726248	2.0
217	9451.663886	0.023471	0.000095	160.285535	2.2
218	9778.223418	0.027262	0.000095	189.415038	3.9
219	9077.875850	0.022022	0.000095	146.806164	2.6
220	9600.105550	0.024022	0.000095	110.382239	4.4
221	9688.204161	0.020809	0.000095	180.713656	4.4
222	9111.567691	0.021404	0.000095	116.832647	4.4
223	9688.729717	0.016446	0.000095	202.043963	3.1
224	9066.872755	0.019696	0.000095	67.479266	3.3
225	9289.458123	0.018522	0.000095	140.930386	3.2
226	9697.506577	0.020034	0.000095	81.450818	2.4
227	9139.956098	0.017374	0.000095	198.311516	2.5
228	9585.735190	0.014056	0.000095	126.186102	2.1
229	9562.311961	0.009374	0.000095	113.629936	1.9
230	9274.931363	0.005873	0.000095	292.995984	1.9
231	9244.339841	0.008159	0.000095	130.506426	2.2
232	9218.506646	0.007571	0.000095	143.716763	2.3
233	9545.370997	0.012069	0.000095	223.572146	4.3
234	9477.966399	0.013710	0.000095	112.043918	3.3
235	9238.669982	0.013615	0.000095	121.475338	2.1
236	9282.595135	0.012627	0.000095	125.292142	2.1
237	9582.511076	0.009987	0.000095	62.777747	2.1
238	9413.823292	0.010830	0.000095	136.382282	2.1
239	9335.314507	0.009488	0.000095	120.375439	2.2
240	9722.143564	0.008876	0.000095	108.780029	2.2
241	9207.104253	0.005640	0.000095	251.611720	2.2
242	8555.534565	0.001666	0.000095	255.173103	2.2
243	9058.351313	0.000000	0.000095	117.257427	1.7
244	8880.859609	0.001166	0.000095	178.704753	1.8
245	9002.050358	0.000000	0.000095	97.305424	1.8
246	9173.329661	0.000000	0.000095	93.019332	1.8
247	9212.716014	0.000000	0.000095	90.850895	1.7
248	9788.485023	0.000000	0.000095	68.896114	1.8
249	9006.275828	0.000000	0.000095	130.265343	1.9
250	9259.963182	0.000310	0.000095	114.010823	1.9
251	9395.593463	0.000000	0.000095	98.261184	1.8
252	9694.983080	0.000000	0.000095	210.935502	1.8
253	9184.353121	0.000000	0.000095	97.970283	1.9
254	9894.163786	0.000000	0.000095	144.007901	1.8
255	9323.544650	0.001692	0.000095	177.930136	1.8
256	9365.837651	0.008637	0.000095	153.321643	1.8
257	9034.047018	0.018631	0.000095	77.844925	1.8
258	9504.858007	0.018466	0.000095	137.676892	1.8
259	9627.616642	0.017354	0.000095	106.147168	1.9
260	9528.570827	0.015152	0.000095	250.341361	2.1
261	9603.019054	0.014578	0.000095	304.886111	2.1
262	8977.741925	0.006108	0.000095	113.751375	2.0
263	8928.229216	0.017941	0.000095	115.728431	2.1
264	8636.056279	0.018380	0.000095	265.044137	1.9
265	9504.119337	0.013690	0.000095	151.427003	1.8
266	9753.408712	0.017627	0.000095	170.271607	1.8
267	9354.105942	0.020793	0.000095	169.808633	1.8
268	9158.615103	0.030899	0.000095	93.224022	1.8
269	9579.172933	0.033718	0.000095	56.868534	1.8
270	9169.411646	0.033053	0.000095	224.913599	1.7
271	10173.580963	0.034397	0.000095	241.620548	1.8
272	9800.263805	0.027618	0.000095	132.656116	1.7
273	9279.527403	0.027419	0.000095	103.706801	1.7
274	9294.953417	0.025297	0.000095	65.666867	1.7
275	9222.584215	0.025582	0.000095	123.634337	1.7
276	9799.203970	0.025154	0.000095	236.895856	1.8
277	9218.126354	0.020471	0.000095	152.316735	1.8
278	9481.071565	0.031531	0.000095	136.830775	1.8
279	8777.164507	0.026735	0.000095	161.735225	1.8
280	8895.486982	0.022210	0.000095	124.287329	1.8
281	8801.191354	0.018607	0.000095	166.789393	1.8
282	9499.976408	0.013959	0.000095	110.322790	3.6
283	9862.572275	0.011278	0.000095	124.127654	1.8
284	9383.992577	0.012969	0.000095	91.321250	1.7
285	8895.346351	0.010957	0.000095	120.932606	1.8
286	9284.926728	0.010832	0.000095	227.987304	2.1
287	8969.881834	0.011196	0.000095	247.751367	2.0
288	8780.566325	0.016864	0.000095	126.444894	2.1
289	9612.253013	0.024285	0.000095	113.654272	2.0
290	9249.954245	0.023809	0.000095	108.236056	2.0
291	10250.902165	0.023829	0.000095	144.284983	1.9
292	9509.078726	0.024512	0.000095	133.345419	1.9
293	8902.632333	0.020127	0.000095	212.870957	1.9
294	9326.852306	0.028139	0.000095	56.221918	1.9
295	9331.092320	0.027640	0.000095	104.088617	1.9
296	9840.766566	0.027291	0.000095	216.027679	1.8
297	8986.772855	0.024001	0.000095	90.582099	1.8
298	9256.479529	0.029158	0.000095	144.190230	1.9
299	9727.011986	0.026886	0.000095	158.211064	2.0
300	9557.963773	0.026249	0.000095	103.163822	1.8
301	9690.360933	0.027902	0.000095	57.936143	1.9
302	9464.082109	0.027441	0.000095	54.095891	3.6
303	8883.040272	0.027054	0.000095	197.649025	4.3
304	9209.695099	0.024680	0.000095	136.175879	5.7
305	9313.475692	0.019755	0.000095	138.603376	4.6
306	9336.552017	0.021790	0.000095	101.273335	4.2
307	9317.937569	0.022413	0.000095	41.094103	3.7
308	9711.397130	0.021691	0.000095	214.659718	3.5
309	9316.484000	0.022732	0.000095	66.293335	3.0
310	9262.112532	0.024393	0.000095	76.047019	3.1
311	9922.832081	0.023409	0.000095	160.738827	3.5
312	9230.447517	0.020413	0.000095	216.738694	2.6
313	9324.869059	0.021880	0.000095	91.823345	2.4
314	9474.725155	0.023337	0.000095	160.732020	2.3
315	9663.761252	0.020673	0.000095	72.863417	2.3
316	9228.114984	0.019777	0.000095	166.194888	2.4
317	9562.585059	0.019102	0.000095	277.611972	2.2
318	8749.147074	0.023655	0.000095	101.075795	2.3
319	9435.687242	0.018682	0.000095	82.882658	2.4
320	8828.749931	0.019820	0.000095	152.509525	2.4
321	9703.414045	0.020997	0.000095	198.948074	2.5
322	9733.106707	0.031382	0.000095	105.413442	2.5
323	8931.993414	0.034242	0.000095	92.111709	2.4
324	9122.467317	0.033093	0.000095	58.556278	2.8
325	9204.967135	0.031752	0.000095	147.908052	4.1
326	9532.859129	0.031079	0.000095	203.043093	4.0
327	9677.782765	0.030449	0.000095	177.346644	3.5
328	9732.023252	0.027894	0.000095	67.535272	3.3
329	9134.430771	0.029608	0.000095	60.062287	3.4
330	9777.456229	0.028834	0.000095	213.248640	4.1
331	9565.580422	0.027010	0.000095	90.488744	4.1
332	9438.536362	0.029034	0.000095	142.362254	3.3
333	9379.630041	0.030516	0.000095	77.309526	3.1
334	9537.940123	0.032138	0.000095	214.905340	3.1
335	9131.094379	0.031492	0.000095	266.007512	3.0
336	8954.212792	0.046140	0.000095	206.061361	2.4
337	9247.214919	0.038606	0.000095	128.637163	2.4
338	9463.888949	0.037705	0.000095	178.962712	2.4
339	9054.323133	0.043800	0.000095	254.821710	2.3
340	9577.179789	0.037435	0.000095	160.694710	2.0
341	9809.679034	0.051230	0.000095	175.250401	2.0
342	9043.420396	0.046028	0.000095	78.169469	2.0
343	9461.215165	0.046207	0.000095	187.418592	2.0
344	9585.231339	0.046298	0.000095	74.290323	2.1
345	9024.883829	0.047124	0.000095	120.678624	1.8
346	9288.468990	0.044753	0.000095	116.882537	1.9
347	8673.053325	0.046999	0.000095	51.327120	1.8
348	9204.569599	0.046115	0.000095	147.559921	2.0
349	9213.649215	0.047122	0.000095	124.618004	4.5
350	9264.479862	0.047630	0.000095	150.498397	4.4
351	9389.370121	0.048791	0.000095	148.548272	4.2
352	9022.554260	0.053704	0.000094	72.173269	4.1
353	9303.468964	0.055142	0.000094	137.125075	4.2
354	8823.079201	0.053999	0.000094	135.752980	3.0
355	9620.101806	0.056679	0.000094	141.702601	3.0
356	9082.045395	0.058683	0.000094	157.888078	3.0
357	9338.026002	0.054056	0.000094	123.875782	2.6
358	9289.214261	0.050608	0.000095	117.578208	2.3
359	8909.906704	0.047463	0.000095	101.466690	2.3
360	9669.868767	0.045144	0.000095	76.117011	2.2
361	9653.196661	0.046168	0.000095	123.949428	2.3
362	9526.234721	0.047128	0.000095	92.315449	1.8
363	9413.972634	0.048124	0.000095	123.492389	2.1
364	9849.645942	0.046786	0.000095	180.570800	3.3
365	9593.777543	0.044089	0.000095	133.230922	3.4
366	9416.384768	0.040694	0.000095	146.034011	3.6
367	9578.986177	0.040245	0.000095	65.827051	3.7
368	9300.313700	0.039875	0.000095	258.272687	3.3
369	9051.921038	0.038675	0.000095	180.724436	2.8
370	9419.236598	0.033367	0.000095	63.905171	2.8
371	8758.944228	0.033453	0.000095	122.907251	2.8
372	9827.668865	0.032930	0.000095	90.590768	2.3
373	9095.558926	0.035342	0.000095	160.092178	2.2
374	9607.236820	0.032908	0.000095	84.114856	2.3
375	9276.988647	0.033745	0.000095	257.153091	2.3
376	9372.839849	0.036570	0.000095	104.568392	5.3
377	8874.286311	0.038857	0.000095	193.410704	4.5
378	9600.361373	0.039939	0.000095	226.177009	4.5
379	9542.784107	0.054130	0.000094	148.527360	2.6
380	9491.092628	0.057317	0.000094	178.710601	2.4
381	9397.741608	0.055953	0.000094	286.177521	2.4
382	9103.667948	0.067196	0.000094	60.499899	3.0
383	9419.442316	0.064487	0.000094	111.733065	3.0
384	9460.464212	0.062675	0.000094	184.668755	2.9
385	9099.716136	0.068386	0.000094	120.913354	2.3
386	9278.528235	0.070830	0.000094	135.158288	2.3
387	9522.660891	0.070001	0.000094	231.990210	2.8
388	9383.871817	0.066765	0.000094	123.881533	2.9
389	9291.672004	0.067924	0.000094	103.594734	4.7
390	9504.163666	0.067338	0.000094	52.810759	4.6
391	9472.766953	0.067899	0.000094	249.319469	4.0
392	9031.316131	0.066325	0.000094	138.160684	1.8
393	9428.270426	0.081045	0.000094	198.588721	1.8
394	9142.616291	0.075491	0.000094	331.473129	1.8
395	9642.855017	0.096537	0.000094	196.381891	2.0
396	9097.716954	0.107632	0.000094	85.872582	2.2
397	8898.189164	0.103845	0.000094	224.121315	2.2
398	9786.189008	0.109302	0.000094	113.511062	2.2
399	9272.233238	0.114184	0.000094	114.918807	2.2
400	9236.348901	0.115264	0.000094	161.809576	1.8
401	9267.002815	0.118282	0.000094	76.777964	1.9
402	9062.004143	0.115500	0.000094	62.404493	1.8
403	9155.817477	0.114520	0.000094	176.833534	1.8
404	9224.206945	0.115242	0.000094	134.114042	1.8
405	9493.340219	0.119529	0.000094	233.473243	2.1
406	9555.538928	0.113926	0.000094	124.435384	4.4
407	9709.432792	0.109654	0.000094	112.785658	4.3
408	9316.579387	0.106822	0.000094	148.576390	3.2
409	9312.930576	0.102863	0.000094	112.550904	3.1
410	9544.375343	0.100139	0.000094	183.609643	3.2
411	8973.127592	0.099904	0.000094	206.133860	2.7
412	9062.922707	0.097191	0.000094	399.856527	4.1
413	9399.252138	0.087397	0.000094	193.430115	4.1
414	9110.004971	0.077163	0.000094	156.116463	3.7
415	9260.384367	0.077416	0.000094	135.752343	3.8
416	9435.686098	0.076453	0.000094	150.424079	3.5
417	9115.495536	0.072116	0.000094	150.566092	2.8
418	9632.997747	0.075982	0.000094	151.169950	2.9
419	9245.019898	0.082859	0.000094	155.427645	2.9
420	8771.688997	0.087522	0.000094	130.947123	2.4
421	8930.706830	0.083392	0.000094	76.012141	2.4
422	9497.797519	0.082452	0.000094	202.332193	2.3
423	9831.023304	0.080607	0.000094	134.245730	2.3
424	9061.214779	0.076610	0.000094	136.916686	2.1
425	9400.814851	0.081438	0.000094	92.458396	2.0
426	8985.328551	0.078579	0.000094	197.657716	5.8
427	9463.145199	0.074679	0.000094	184.884854	2.3
428	9193.958537	0.073910	0.000094	178.315072	2.3
429	9448.210383	0.068878	0.000094	87.060205	2.3
430	9238.787686	0.066782	0.000094	116.903347	2.3
431	9365.590966	0.066047	0.000094	159.760282	2.3
432	9572.912752	0.064648	0.000094	223.217092	1.8
433	9613.212628	0.061282	0.000094	163.629424	1.8
434	9392.395330	0.054817	0.000094	128.462837	1.8
435	9360.563044	0.051964	0.000094	123.263722	1.8
436	9074.853854	0.051708	0.000095	120.685760	1.8
437	9961.564858	0.047963	0.000095	83.415079	1.9
438	9047.510155	0.048589	0.000095	114.648279	2.2
439	9565.993947	0.049857	0.000095	156.634713	1.8
440	9001.659683	0.055106	0.000094	315.175590	1.9
441	8941.307943	0.052385	0.000094	57.181723	1.8
442	9420.498455	0.049686	0.000095	221.999692	1.8
443	9763.504582	0.052381	0.000094	214.245545	2.6
444	9204.750880	0.044041	0.000095	48.563778	1.9
445	9779.279113	0.043938	0.000095	150.469458	1.8
446	9217.890526	0.044332	0.000095	74.333181	1.8
447	9398.412286	0.042311	0.000095	109.922259	1.8
448	8850.864783	0.043271	0.000095	138.053613	1.8
449	8893.012309	0.042519	0.000095	100.324592	2.1
450	9381.014184	0.039722	0.000095	191.782230	1.8
451	9359.384020	0.044314	0.000095	132.815076	1.8
452	9532.525449	0.039027	0.000095	127.243662	1.8
453	10250.422255	0.036547	0.000095	52.144547	1.8
454	9452.064211	0.036061	0.000095	128.317840	1.8
455	9467.023395	0.036802	0.000095	106.800899	1.8
456	9486.590604	0.035796	0.000095	205.551525	1.9
457	9615.337660	0.040054	0.000095	68.105117	1.9
458	9337.276723	0.039784	0.000095	111.039182	1.8
459	9577.759142	0.038936	0.000095	103.135303	1.8
460	8909.999972	0.037883	0.000095	155.554005	1.8
461	8996.755832	0.040700	0.000095	120.852422	2.0
462	9720.375646	0.040857	0.000095	209.876460	1.9
463	9313.976873	0.037054	0.000095	110.481307	1.8
464	9090.580938	0.043955	0.000095	130.828842	1.7
465	9282.100453	0.043802	0.000095	86.565490	1.8
466	9522.812893	0.044989	0.000095	135.636468	1.7
467	9722.696246	0.045965	0.000095	302.218170	1.8
468	8736.710203	0.059121	0.000094	189.022533	1.8
469	9900.395440	0.073968	0.000094	215.370389	1.8
470	9784.944558	0.088905	0.000094	71.829445	1.9
471	8939.027586	0.091875	0.000094	119.745755	1.8
472	9123.050463	0.092787	0.000094	224.301431	1.9
473	9191.820581	0.089455	0.000094	120.373390	1.8
474	9073.779314	0.087194	0.000094	183.694774	2.1
475	9566.392518	0.084565	0.000094	219.743025	1.7
476	9432.751125	0.103215	0.000094	96.747345	1.7
477	9089.347229	0.098729	0.000094	209.123392	1.7
478	9461.583293	0.104562	0.000094	162.481834	1.7
479	9654.381627	0.105781	0.000094	117.838043	1.7
480	9296.271654	0.104436	0.000094	95.221421	1.7
481	9107.388849	0.106374	0.000094	116.849907	2.0
482	9443.222902	0.107285	0.000094	130.513809	1.7
483	8790.784492	0.109493	0.000094	141.401518	1.8
484	9064.895320	0.112736	0.000094	172.127842	1.7
485	9399.620175	0.109729	0.000094	82.147896	1.7
486	9032.223951	0.113350	0.000094	80.105177	1.7
487	9935.118036	0.112400	0.000094	117.835866	1.8
488	9386.303686	0.110566	0.000094	149.915304	1.7
489	9274.425570	0.113657	0.000094	117.840245	1.7
490	9753.444971	0.111514	0.000094	193.130445	1.7
491	9298.994829	0.116398	0.000094	90.137623	1.7
492	9264.061664	0.116357	0.000094	69.233217	1.9
493	9376.251283	0.116156	0.000094	116.182847	1.9
494	9104.004880	0.114092	0.000094	111.682469	1.9
495	9038.878341	0.111319	0.000094	167.012005	1.9
496	9070.268686	0.107529	0.000094	203.142420	1.9
497	8949.429326	0.101473	0.000094	192.165338	1.7
498	9244.764110	0.094040	0.000094	120.299449	1.7
499	9709.200978	0.100064	0.000094	97.775710	1.8
500	8999.257539	0.099042	0.000094	88.688137	1.7
501	9068.266906	0.097446	0.000094	74.952546	1.7
502	9227.201468	0.096959	0.000094	49.383562	1.7
503	10033.036693	0.097254	0.000094	197.923711	1.7
504	9302.530707	0.096558	0.000094	120.319930	1.7
505	9061.295357	0.103316	0.000094	120.223562	1.9
506	8865.177634	0.103491	0.000094	73.102446	4.4
507	9388.125312	0.102336	0.000094	80.948227	4.4
508	9259.547726	0.101136	0.000094	93.279659	4.4
509	9142.901239	0.100253	0.000094	210.038897	4.1
510	8835.492914	0.100470	0.000094	99.957189	4.2
511	9199.477018	0.096804	0.000094	143.691405	3.9
512	9475.603786	0.100959	0.000094	82.444119	3.0
513	9261.093823	0.102189	0.000094	88.323610	2.9
514	9459.382318	0.101824	0.000094	163.501815	3.0
515	9533.703495	0.102895	0.000094	137.265967	2.5
516	9485.613691	0.108622	0.000094	150.655894	2.4
517	9431.572730	0.105233	0.000094	101.132998	2.5
518	9184.857421	0.104715	0.000094	264.519221	2.5
519	9253.335811	0.099138	0.000094	140.633468	2.0
520	9385.713331	0.095252	0.000094	265.686941	2.1
521	9323.021049	0.090143	0.000094	105.638320	2.1
522	9086.508592	0.095308	0.000094	104.267883	2.1
523	8899.280047	0.095375	0.000094	105.346835	2.1
524	9736.897554	0.095630	0.000094	117.099792	1.8
525	8776.424232	0.097617	0.000094	112.957956	1.8
526	9103.264389	0.100691	0.000094	187.427298	1.9
527	9656.213883	0.102706	0.000094	149.733840	1.8
528	8924.279962	0.097093	0.000094	170.971956	1.8
529	9351.126291	0.094904	0.000094	106.812794	1.8
530	8876.469602	0.094782	0.000094	156.149897	1.8
531	9366.538525	0.094941	0.000094	87.255534	1.8
532	9513.322073	0.091775	0.000094	142.956112	1.9
533	8827.348614	0.094124	0.000094	244.794054	4.3
534	9404.421240	0.101151	0.000094	81.362161	3.8
535	8906.561051	0.101901	0.000094	208.024102	2.7
536	9504.600132	0.098260	0.000094	72.861429	2.6
537	9279.564613	0.100912	0.000094	91.891919	2.4
538	8944.028806	0.099276	0.000094	235.295375	2.6
539	9473.022456	0.098062	0.000094	67.867592	1.9
540	9418.744431	0.097214	0.000094	128.241915	1.9
541	9110.504007	0.095458	0.000094	175.954044	1.8
542	9820.966166	0.098970	0.000094	68.975084	1.8
543	8652.241124	0.098871	0.000094	215.553534	1.8
544	9564.632363	0.098528	0.000094	110.318821	3.1
545	8944.582801	0.097744	0.000094	134.138520	1.9
546	8948.445985	0.099723	0.000094	138.502196	1.8
547	9532.232521	0.096732	0.000094	121.780316	1.9
548	9111.793978	0.094276	0.000094	167.489794	1.8
549	8847.184060	0.091523	0.000094	114.935373	1.8
550	9366.684484	0.095109	0.000094	134.442030	1.8
551	9108.785571	0.098087	0.000094	87.281272	1.7
552	9069.125445	0.099026	0.000094	132.214005	1.9
553	8784.838812	0.097045	0.000094	65.782530	1.7
554	9865.411865	0.095914	0.000094	427.732302	1.7
555	8842.084878	0.096379	0.000094	74.476387	3.1
556	9262.851174	0.090212	0.000094	164.947052	1.9
557	9433.821151	0.087825	0.000094	87.356131	2.0
558	9446.778020	0.087437	0.000094	124.785955	1.9
559	9429.676973	0.088673	0.000094	104.611872	1.9
560	8677.217495	0.091714	0.000094	108.844333	3.0
561	9138.032743	0.093861	0.000094	78.481758	1.8
562	9698.473871	0.093385	0.000094	158.858425	1.7
563	9609.654629	0.090452	0.000094	198.958441	1.7
564	8943.964310	0.099092	0.000094	131.925503	1.7
565	9037.248969	0.098978	0.000094	164.637832	1.7
566	9308.395920	0.100559	0.000094	181.502025	2.6
567	9439.938862	0.104559	0.000094	60.457990	1.7
568	9440.251942	0.104494	0.000094	202.394701	1.7
569	9375.975651	0.101834	0.000094	174.223062	1.7
570	9376.783369	0.098155	0.000094	124.613430	1.7
571	9244.837510	0.093739	0.000094	172.151391	1.8
572	9134.359408	0.098975	0.000094	121.433973	2.1
573	9285.556252	0.094372	0.000094	105.679617	2.0
574	9356.867579	0.097081	0.000094	152.720845	2.0
575	9518.976443	0.095135	0.000094	101.734970	2.0
576	9091.837633	0.098351	0.000094	159.536469	2.0
577	9614.343566	0.098251	0.000094	206.969174	1.9
578	9604.798469	0.100098	0.000094	146.252570	1.9
579	9067.544145	0.094274	0.000094	97.458130	1.8
580	9368.773622	0.091988	0.000094	186.290854	2.0
581	9547.138295	0.088716	0.000094	60.331819	3.9
582	9033.277142	0.087544	0.000094	252.367763	1.9
583	9680.222180	0.087045	0.000094	145.817185	1.9
584	8999.140877	0.096002	0.000094	120.929828	2.0
585	9390.798641	0.093397	0.000094	219.285417	2.0
586	9617.446312	0.088720	0.000094	203.218338	1.9
587	9262.574959	0.098041	0.000094	158.265459	1.9
588	8960.181042	0.092221	0.000094	110.184006	1.9
589	8822.703324	0.093875	0.000094	165.271001	1.8
590	9149.724374	0.090078	0.000094	81.374227	1.9
591	9353.977222	0.087706	0.000094	132.732383	1.9
592	8734.024461	0.085664	0.000094	142.021197	2.0
593	9116.966214	0.081855	0.000094	69.300985	1.9
594	8568.514883	0.082124	0.000094	280.738545	1.9
595	9581.273423	0.081098	0.000094	81.377072	1.9
596	9237.191679	0.085378	0.000094	80.593122	1.9
597	9538.101670	0.085435	0.000094	199.836950	1.8
598	9984.750926	0.083273	0.000094	154.362289	1.8
599	8794.952622	0.080713	0.000094	96.780032	1.7
600	9111.787404	0.078854	0.000094	48.800607	1.7
601	9028.344190	0.078878	0.000094	189.484165	1.7
602	9052.500644	0.079147	0.000094	220.226118	1.7
603	9199.504384	0.083459	0.000094	171.238612	1.8
604	9085.342696	0.080874	0.000094	139.890007	1.8
605	9789.146461	0.079729	0.000094	167.618219	1.8
606	9288.013433	0.078263	0.000094	131.324824	1.8
607	9196.352626	0.074739	0.000094	178.003528	1.8
608	9387.298528	0.073488	0.000094	83.713626	1.8
609	8883.733468	0.071450	0.000094	158.122903	1.8
610	9225.415397	0.072318	0.000094	57.167293	1.7
611	9868.015457	0.070472	0.000094	199.045639	1.7
612	9477.085325	0.070408	0.000094	75.748574	1.8
613	9899.867199	0.074131	0.000094	272.377124	1.7
614	9324.282326	0.071132	0.000094	158.084535	1.7
615	9651.566537	0.075665	0.000094	154.197915	1.8
616	9410.366784	0.072295	0.000094	149.354823	1.8
617	9114.592666	0.078057	0.000094	95.363707	1.8
618	9430.041353	0.076422	0.000094	82.437302	1.8
619	9561.000574	0.077177	0.000094	118.722812	1.9
620	9045.943096	0.076134	0.000094	181.922715	4.0
621	9573.184983	0.073498	0.000094	98.383342	4.1
622	9424.728266	0.076479	0.000094	130.136395	3.6
623	9712.150305	0.074502	0.000094	291.817291	3.4
624	9518.912533	0.067808	0.000094	53.264544	3.3
625	9296.699264	0.068349	0.000094	93.349873	2.9
626	9248.591499	0.068550	0.000094	122.239033	2.9
627	9408.898156	0.068468	0.000094	179.646004	2.6
628	9285.231572	0.072710	0.000094	179.797775	2.7
629	9376.348378	0.072275	0.000094	105.329340	2.3
630	9373.033121	0.077604	0.000094	180.267163	2.3
631	8892.664414	0.078786	0.000094	113.934915	2.9
632	9404.420780	0.078312	0.000094	98.813069	4.5
633	9541.683377	0.080588	0.000094	121.362981	4.6
634	10067.462622	0.078298	0.000094	74.173335	4.1
635	9108.568605	0.078314	0.000094	260.978717	3.8
636	9229.906870	0.077523	0.000094	249.019200	3.9
637	8882.889028	0.079819	0.000094	274.632741	3.2
638	9413.272723	0.073186	0.000094	92.271771	2.9
639	8837.856831	0.076677	0.000094	161.601554	2.9
640	8916.490434	0.078469	0.000094	141.305504	2.9
641	9133.505899	0.081573	0.000094	72.368501	2.2
642	9278.194823	0.081708	0.000094	214.845102	2.2
643	9331.477926	0.079665	0.000094	216.826070	2.2
644	9450.139423	0.073106	0.000094	182.650311	2.3
645	9336.486510	0.070539	0.000094	64.944567	2.0
646	8991.647925	0.068387	0.000094	120.456359	2.4
647	9050.872239	0.067317	0.000094	119.236816	2.0
648	9111.931289	0.066530	0.000094	100.668829	2.0
649	9299.506375	0.063852	0.000094	147.329567	2.2
650	8960.035177	0.060953	0.000094	109.989828	2.1
651	9471.221643	0.060510	0.000094	108.737118	1.8
652	9061.815939	0.063318	0.000094	94.130253	1.8
653	9364.965056	0.061966	0.000094	177.739303	1.7
654	9503.656571	0.066707	0.000094	226.406466	1.7
655	9250.506491	0.060696	0.000094	165.325242	2.1
656	8499.049848	0.055859	0.000094	79.901168	4.0
657	9135.655855	0.053581	0.000094	110.463640	4.2
658	9586.136684	0.054841	0.000094	85.124772	3.4
659	9832.991575	0.054237	0.000094	89.404914	3.4
660	8869.893743	0.052334	0.000094	170.645358	3.4
661	8954.709791	0.054056	0.000094	74.659953	2.7
662	9278.191268	0.051865	0.000095	65.064216	2.7
663	9167.555255	0.050882	0.000095	64.638046	2.6
664	9279.007874	0.050191	0.000095	219.409840	2.6
665	9264.108607	0.052022	0.000094	273.498026	3.2
666	9009.921662	0.043829	0.000095	245.062422	3.1
667	9279.497376	0.082063	0.000094	70.644474	3.1
668	9446.688328	0.083801	0.000094	167.723202	2.5
669	9128.327476	0.082669	0.000094	62.601048	2.4
670	9438.083402	0.080587	0.000094	121.532648	2.3
671	8846.431179	0.079257	0.000094	152.309090	2.5
672	9470.999780	0.074838	0.000094	203.705168	4.4
673	9082.920912	0.068836	0.000094	63.793204	4.5
674	9654.431482	0.067701	0.000094	152.115449	4.5
675	9544.531560	0.066268	0.000094	59.501719	3.4
676	9240.693526	0.064319	0.000094	164.551570	2.5
677	9507.857050	0.062400	0.000094	149.635947	2.7
678	9920.169923	0.067624	0.000094	253.630078	3.0
679	8848.948921	0.060497	0.000094	191.570561	3.0
680	9506.019486	0.081666	0.000094	166.825598	2.9
681	9839.360917	0.081378	0.000094	148.337270	2.3
682	9810.312242	0.083815	0.000094	87.716019	2.3
683	9172.534657	0.085232	0.000094	62.937692	2.2
684	9349.040337	0.084755	0.000094	73.246271	2.2
685	9314.262382	0.083569	0.000094	138.519127	2.0
686	9678.464367	0.081139	0.000094	72.187209	1.9
687	9182.456457	0.083144	0.000094	119.079539	1.9
688	9488.720554	0.080957	0.000094	129.156844	1.9
689	9810.375024	0.079156	0.000094	137.062190	1.9
690	9452.946217	0.082459	0.000094	154.638984	1.9
691	9655.532431	0.082645	0.000094	194.324248	1.8
692	9583.941989	0.083988	0.000094	153.324697	1.8
693	8912.566972	0.077737	0.000094	35.931570	2.8
694	9220.352250	0.077655	0.000094	92.067294	1.9
695	9165.210571	0.077254	0.000094	77.114118	1.8
696	9109.243465	0.077715	0.000094	112.400398	1.9
697	9805.525438	0.079056	0.000094	264.510415	1.9
698	9039.622725	0.080132	0.000094	145.317366	1.8
699	8943.217245	0.091819	0.000094	67.902657	1.8
700	9914.635912	0.089400	0.000094	194.283563	1.9
701	9632.203744	0.091935	0.000094	76.952410	2.1
702	9359.174641	0.095389	0.000094	75.373654	1.8
703	9530.994759	0.094250	0.000094	274.695477	1.7
704	8595.809714	0.098080	0.000094	145.345543	1.7
705	9134.303105	0.105359	0.000094	241.201149	1.8
706	9155.554210	0.109453	0.000094	146.458129	2.6
707	9653.973248	0.104716	0.000094	155.885667	2.0
708	9034.509500	0.106729	0.000094	145.453220	2.0
709	9390.933257	0.112650	0.000094	93.424801	2.0
710	9469.453543	0.110193	0.000094	159.841375	2.0
711	9340.407687	0.111698	0.000094	125.671896	2.6
712	9031.934180	0.109090	0.000094	177.050080	4.0
713	9321.624701	0.107026	0.000094	175.980854	4.2
714	9664.390746	0.100756	0.000094	118.082192	4.4
715	9546.030946	0.098681	0.000094	193.941553	4.0
716	9661.050466	0.099515	0.000094	128.219115	1.8
717	9044.098768	0.099683	0.000094	106.441432	2.1
718	8861.987034	0.097341	0.000094	186.372234	2.4
719	8982.876249	0.096236	0.000094	97.995540	2.6
720	8758.551636	0.092606	0.000094	188.520600	2.6
721	9193.865154	0.094363	0.000094	113.862449	4.4
722	9326.482657	0.095070	0.000094	108.842383	4.4
723	9580.593031	0.094610	0.000094	208.499759	4.4
724	9199.331210	0.095594	0.000094	248.374034	4.3
725	9372.867840	0.088093	0.000094	82.411827	3.4
726	9513.806295	0.084268	0.000094	172.343365	3.2
727	9187.977391	0.081752	0.000094	96.889166	2.3
728	9326.821813	0.081020	0.000094	179.098955	2.2
729	9357.307626	0.080114	0.000094	153.259236	2.8
730	9338.503938	0.075216	0.000094	108.916961	2.9
731	9456.749336	0.074695	0.000094	71.885418	2.7
732	9204.155795	0.072664	0.000094	118.518367	2.5
733	9483.166034	0.074350	0.000094	51.997876	2.4
734	9192.559858	0.074393	0.000094	73.835985	2.4
735	8583.944268	0.074681	0.000094	246.635625	2.3
736	9007.095620	0.076777	0.000094	191.560580	2.4
737	9507.549199	0.071917	0.000094	105.757636	1.8
738	9703.286901	0.074769	0.000094	363.607949	1.9
739	9024.237416	0.070477	0.000094	201.739969	1.9
740	9336.853916	0.081229	0.000094	69.575718	1.9
741	9329.622498	0.080968	0.000094	287.201741	1.9
742	9126.714278	0.082544	0.000094	105.594496	2.0
743	8689.913826	0.091984	0.000094	142.368954	2.0
744	9933.684447	0.090144	0.000094	151.785016	2.0
745	8933.715858	0.089418	0.000094	165.618053	1.9
746	9533.097839	0.097309	0.000094	215.191013	2.0
747	9539.412082	0.091610	0.000094	84.339435	1.9
748	9913.579594	0.089703	0.000094	179.260603	1.9
749	9107.595573	0.093308	0.000094	46.366556	1.9
750	9201.115291	0.092063	0.000094	106.727198	1.9
751	8856.433171	0.092384	0.000094	97.018288	1.9
752	9329.051910	0.093470	0.000094	143.614716	1.8
753	9477.337365	0.091226	0.000094	239.776320	1.7
754	9398.062382	0.087163	0.000094	159.344481	1.7
755	8868.519998	0.084055	0.000094	114.678003	1.8
756	8927.128976	0.085867	0.000094	152.842092	1.8
757	8783.501655	0.089292	0.000094	142.382096	2.0
758	9098.846322	0.085137	0.000094	170.293048	4.4
759	8925.256751	0.084532	0.000094	145.848507	4.5
760	8616.012668	0.081084	0.000094	67.708753	3.4
761	9386.987896	0.079347	0.000094	227.278923	3.2
762	8748.909439	0.078415	0.000094	149.528962	3.1
763	9489.612683	0.075570	0.000094	156.046460	2.7
764	8652.392858	0.080413	0.000094	58.638707	2.4
765	9012.072777	0.079800	0.000094	112.024534	2.4
766	9832.643668	0.079412	0.000094	201.555249	2.4
767	9406.487342	0.075616	0.000094	285.683715	2.2
768	9874.547473	0.091060	0.000094	107.006993	2.6
769	9340.066087	0.086305	0.000094	64.543501	3.1
770	8134.542952	0.085075	0.000094	123.382492	3.1
771	9499.580576	0.085573	0.000094	178.805474	3.0
772	9385.814221	0.084953	0.000094	178.645616	2.9
773	9260.475207	0.088185	0.000094	78.573431	3.0
774	8916.174806	0.090314	0.000094	133.051635	2.8
775	9269.954172	0.091550	0.000094	194.868204	2.3
776	8991.496748	0.099715	0.000094	138.539435	2.3
777	9606.456732	0.098876	0.000094	102.364510	2.3
778	9238.191175	0.097763	0.000094	152.158630	2.3
779	9171.510587	0.101075	0.000094	39.099586	2.0
780	9684.334703	0.101086	0.000094	155.816135	2.0
781	8840.346330	0.101091	0.000094	240.306726	1.9
782	9092.731319	0.114810	0.000094	231.095900	2.0
783	9775.442496	0.112211	0.000094	73.533323	2.0
784	8626.740268	0.110034	0.000094	177.964369	1.8
785	8741.403893	0.107568	0.000094	127.737863	3.1
786	8956.713633	0.111428	0.000094	115.517812	4.1
787	9362.599290	0.111467	0.000094	149.561336	4.1
788	9519.438835	0.109676	0.000094	127.856580	4.1
789	9301.687243	0.107974	0.000094	223.284394	3.9
790	9312.195233	0.113501	0.000094	57.681351	3.1
791	9523.025065	0.115501	0.000094	111.720852	3.0
792	9351.867431	0.114301	0.000094	145.129599	3.0
793	9522.192741	0.119186	0.000094	193.538564	2.7
794	9362.483357	0.126201	0.000094	97.018590	2.7
795	8918.345222	0.124344	0.000094	109.325795	2.9
796	9240.763035	0.125942	0.000094	111.886222	4.0
797	9037.385890	0.127368	0.000094	92.638552	4.2
798	9573.006289	0.126716	0.000094	228.825657	4.1
799	9034.335018	0.130789	0.000094	113.836648	3.9
800	9419.751882	0.130037	0.000094	200.944527	4.0
801	8800.147692	0.131742	0.000094	227.764780	5.5
802	9286.203874	0.129826	0.000094	187.387334	4.3
803	8988.690916	0.122082	0.000094	84.894122	4.2
804	9566.926851	0.125014	0.000094	295.229813	4.2
805	9294.213922	0.121776	0.000094	178.106017	4.3
806	8943.773435	0.130088	0.000094	158.308811	2.8
807	9444.665599	0.138540	0.000094	98.108381	2.7
808	8744.630537	0.139776	0.000094	113.955127	2.7
809	9429.172692	0.137644	0.000094	123.063582	2.6
810	9649.831381	0.139210	0.000094	142.126502	2.7
811	9101.117251	0.136963	0.000094	75.531431	2.7
812	9343.919432	0.135088	0.000094	228.629632	2.6
813	9255.595100	0.135215	0.000094	46.498666	2.3
814	8971.767466	0.135076	0.000094	86.444744	2.3
815	9133.250650	0.134233	0.000094	75.337668	2.2
816	9139.938412	0.133901	0.000094	106.113222	2.3
817	9223.814986	0.135125	0.000094	81.234675	1.9
818	9241.049497	0.133368	0.000094	185.354365	1.9
819	9781.263952	0.133954	0.000094	178.386757	1.9
820	9120.689925	0.139958	0.000094	104.521629	1.9
821	9048.875803	0.144046	0.000094	176.161799	1.9
822	8765.052468	0.140851	0.000094	282.737516	1.8
823	9070.320444	0.140459	0.000094	179.509800	1.8
824	8839.273345	0.132396	0.000094	103.688801	1.8
825	9072.771553	0.131171	0.000094	122.366607	1.8
826	9999.049601	0.134539	0.000094	134.652626	1.8
827	9168.698455	0.131746	0.000094	113.495122	1.8
828	9030.379469	0.131076	0.000094	89.271929	2.0
829	8829.081597	0.133658	0.000094	192.700222	2.0
830	8882.341156	0.131089	0.000094	104.218854	1.9
831	9737.272338	0.135979	0.000094	107.248309	2.1
832	8931.052511	0.135882	0.000094	129.449813	2.0
833	8562.688204	0.135324	0.000094	80.423144	1.9
834	9090.371835	0.132721	0.000094	112.482920	1.9
835	8696.831536	0.131142	0.000094	199.180239	1.9
836	8805.266558	0.128257	0.000094	170.780560	1.9
837	9508.532067	0.137196	0.000094	166.323093	1.9
838	9807.477295	0.132905	0.000094	109.344590	1.8
839	8859.616386	0.129774	0.000094	157.525091	1.8
840	9214.821470	0.125974	0.000094	118.108085	1.8
841	8913.159339	0.130124	0.000094	102.759162	1.8
842	8897.789698	0.131360	0.000094	120.759540	1.9
843	8981.202549	0.129907	0.000094	274.046360	1.8
844	9133.550998	0.128445	0.000094	138.996869	1.7
845	9196.088987	0.130084	0.000094	86.638030	1.9
846	9386.805135	0.130572	0.000094	65.901107	4.2
847	9376.805064	0.130810	0.000094	119.643715	4.0
848	9248.887754	0.130552	0.000094	148.209234	4.1
849	8514.432776	0.127098	0.000094	165.351798	3.9
850	9589.570052	0.124926	0.000094	209.976947	3.0
851	9274.035915	0.133931	0.000094	151.213350	3.1
852	9158.097161	0.128953	0.000094	88.386859	3.1
853	9259.241434	0.128086	0.000094	161.736331	2.3
854	8491.014591	0.130738	0.000094	124.343674	2.3
855	8985.619509	0.133541	0.000094	193.395164	2.3
856	9050.861524	0.137309	0.000094	166.536735	2.2
857	9478.128667	0.131045	0.000094	115.730494	2.1
858	9813.899413	0.132758	0.000094	76.125259	1.9
859	8976.499932	0.131075	0.000094	123.085149	2.0
860	9579.050719	0.131055	0.000094	71.267805	2.0
861	8877.105787	0.131087	0.000094	82.000508	2.0
862	8918.350134	0.129428	0.000094	94.392582	1.8
863	8809.176895	0.129525	0.000094	109.393823	1.8
864	9669.942362	0.129503	0.000094	108.974021	1.8
865	8839.889106	0.132023	0.000094	50.046117	1.8
866	9150.904186	0.132472	0.000094	68.956296	1.8
867	8866.815058	0.131521	0.000094	121.374903	1.8
868	9065.103467	0.129545	0.000094	231.275060	2.0
869	9245.167549	0.133324	0.000094	107.920024	2.0
870	10100.463631	0.142492	0.000094	269.200002	1.8
871	9134.531083	0.150780	0.000094	226.526067	1.9
872	9514.772439	0.159186	0.000094	135.736987	2.0
873	8938.831461	0.168592	0.000094	141.354423	1.8
874	9273.516057	0.166505	0.000094	168.369928	1.7
875	9281.930317	0.162375	0.000094	123.443207	1.7
876	9543.920288	0.163267	0.000094	92.281464	2.0
877	9432.214067	0.161957	0.000094	79.018202	3.1
878	8875.535353	0.161047	0.000094	34.489291	3.7
879	8516.570219	0.160939	0.000094	102.230669	4.4
880	9492.152165	0.160716	0.000094	64.732794	4.5
881	9200.036249	0.159566	0.000094	117.871756	4.4
882	8508.830180	0.157710	0.000094	143.094092	4.2
883	9501.217602	0.162240	0.000094	43.550671	3.4
884	8846.125681	0.160970	0.000094	110.457598	2.7
885	8545.143480	0.160796	0.000094	91.827065	2.9
886	8803.977374	0.159198	0.000094	183.337960	3.1
887	8940.273104	0.162728	0.000094	68.762818	2.6
888	8815.248748	0.160601	0.000094	118.908367	2.4
889	9501.357660	0.159443	0.000094	109.312370	2.4
890	9618.955040	0.162581	0.000094	140.833443	1.9
891	9066.978437	0.160725	0.000094	45.422728	1.9
892	9477.664227	0.160483	0.000094	197.403319	1.9
893	9546.474134	0.158915	0.000094	136.074280	2.5
894	9441.487097	0.163452	0.000094	170.924536	4.2
895	9094.209436	0.162007	0.000094	204.612668	4.2
896	9253.005827	0.155797	0.000094	141.601547	3.8
897	9198.973513	0.151880	0.000094	36.882181	2.9
898	9252.822700	0.151814	0.000094	193.842850	2.9
899	9332.950648	0.151262	0.000094	50.888010	2.8
900	9128.820313	0.152280	0.000094	133.130820	2.3
901	9551.377176	0.151357	0.000094	121.978698	2.3
902	9141.886060	0.154549	0.000094	151.906238	2.3
903	9301.430242	0.152819	0.000094	153.843341	2.3
904	9401.001974	0.155285	0.000094	147.497849	2.1
905	9270.114905	0.156546	0.000094	162.856716	2.0
906	9341.541020	0.151987	0.000094	119.374579	2.0
907	8713.176699	0.148345	0.000094	100.698101	2.0
908	8849.829552	0.150603	0.000094	272.657759	2.0
909	9371.036080	0.148065	0.000094	106.838300	1.8
910	9208.437697	0.144879	0.000094	147.076626	1.8
911	8911.930945	0.144487	0.000094	148.832913	1.8
912	8957.502477	0.141329	0.000094	152.741691	1.8
913	9496.296287	0.137893	0.000094	231.271152	1.8
914	9238.038844	0.142069	0.000094	203.991363	1.8
915	9374.811258	0.134423	0.000094	71.083889	1.9
916	8467.181497	0.136964	0.000094	281.229582	1.8
917	9227.855282	0.136442	0.000094	185.273906	1.8
918	8850.518879	0.141714	0.000094	218.250383	1.8
919	8737.939743	0.139500	0.000094	223.056489	1.8
920	9042.946940	0.145818	0.000094	138.177196	1.9
921	9093.202822	0.146678	0.000094	84.588990	2.1
922	9085.708896	0.147456	0.000094	98.038062	2.0
923	8708.756703	0.148113	0.000094	207.335878	2.0
924	8897.311470	0.152072	0.000094	107.037143	2.0
925	8924.154807	0.154304	0.000094	72.042207	2.0
926	9661.360303	0.155565	0.000094	133.358064	2.0
927	9187.879272	0.156706	0.000094	109.185021	2.1
928	9671.989938	0.160512	0.000094	172.951141	1.9
929	8996.222686	0.158939	0.000094	136.626684	2.0
930	8817.911189	0.167265	0.000094	171.451307	1.9
931	9244.394588	0.167624	0.000094	150.753301	1.8
932	9405.825124	0.163405	0.000094	166.563145	1.7
933	9343.016461	0.162160	0.000094	99.897534	1.8
934	8725.363729	0.163202	0.000094	78.471335	1.7
935	9174.493681	0.163075	0.000094	217.935123	1.8
936	9310.373826	0.160293	0.000094	89.314854	1.7
937	9028.177528	0.156196	0.000094	187.621539	1.8
938	9209.692792	0.160106	0.000094	125.677446	1.8
939	9491.350736	0.158397	0.000094	70.344108	1.8
940	9241.860881	0.159306	0.000094	84.479089	1.9
941	8924.306564	0.157694	0.000094	131.962142	1.8
942	9086.210999	0.160434	0.000094	197.495426	1.7
943	8914.869858	0.155638	0.000094	59.664129	1.7
944	9213.037910	0.153721	0.000094	78.336036	1.8
945	8909.041287	0.152961	0.000094	145.562959	1.7
946	9435.446073	0.153769	0.000094	131.726768	1.7
947	9071.520557	0.157792	0.000094	143.419090	1.8
948	9175.823911	0.154518	0.000094	154.171684	1.7
949	9493.358100	0.153285	0.000094	92.445602	1.8
950	9170.795047	0.152550	0.000094	112.331062	1.7
951	8903.531464	0.154304	0.000094	76.761878	1.7
952	9227.611732	0.152811	0.000094	134.029146	1.7
953	9044.691707	0.154138	0.000094	122.281424	2.0
954	9643.493092	0.150523	0.000094	147.781172	4.4
955	9453.463812	0.147756	0.000094	81.964364	4.1
956	9392.353412	0.148185	0.000094	114.347686	4.2
957	9101.284490	0.146010	0.000094	46.106105	4.0
958	8904.930544	0.146257	0.000094	228.324213	3.4
959	9044.544161	0.147935	0.000094	245.433056	3.1
960	9089.999176	0.170776	0.000094	89.687964	3.0
961	9252.088845	0.168152	0.000094	130.087894	2.8
962	8928.103400	0.169007	0.000094	115.384950	2.4
963	9278.762587	0.165811	0.000094	194.833640	2.4
964	9047.104957	0.165801	0.000094	76.137481	2.3
965	9636.889164	0.168508	0.000094	153.752599	2.3
966	9569.967454	0.167008	0.000094	51.633969	2.0
967	9472.011663	0.166573	0.000094	104.928425	2.0
968	9378.631097	0.165232	0.000094	140.381330	4.4
969	9070.493704	0.165862	0.000094	105.599053	2.5
970	8550.224793	0.162432	0.000094	232.783312	2.2
971	9209.777148	0.162247	0.000094	78.721683	2.2
972	9170.135691	0.160606	0.000094	119.497872	2.2
973	8528.130175	0.158328	0.000094	88.331771	1.9
974	9888.531695	0.160871	0.000094	168.938284	1.8
975	9010.509033	0.157766	0.000094	105.898024	1.8
976	9007.435536	0.161983	0.000094	194.142043	1.8
977	9210.320621	0.158768	0.000094	123.205876	1.7
978	9882.682262	0.161892	0.000094	189.879605	1.9
979	8986.296604	0.162663	0.000094	164.968673	1.7
980	9268.975856	0.173277	0.000094	169.873772	1.8
981	9779.831280	0.171912	0.000094	118.570691	1.9
982	8848.339303	0.167204	0.000094	124.969680	4.4
983	9249.987744	0.170045	0.000094	92.299556	3.1
984	8931.974619	0.172376	0.000094	168.498843	2.3
985	8666.203505	0.172341	0.000094	82.918708	4.4
986	8829.063336	0.168989	0.000094	180.846579	4.4
987	9176.019138	0.169930	0.000094	97.937883	4.4
988	8996.627834	0.172153	0.000094	48.030628	4.4
989	9240.908427	0.172631	0.000094	153.629746	4.5
990	9256.851824	0.173990	0.000094	107.320658	4.4
991	9405.034095	0.171340	0.000094	144.151401	3.8
992	9049.914747	0.169205	0.000094	61.930319	4.3
993	9005.248705	0.167098	0.000094	119.110581	4.0
994	9071.202699	0.165831	0.000094	149.132808	4.0
995	8819.975292	0.170069	0.000094	217.748001	3.9
996	8563.151047	0.164163	0.000094	126.902218	2.9
997	9472.558925	0.158424	0.000094	264.256631	2.9
998	8989.056746	0.171452	0.000094	141.033099	2.9
999	9338.789118	0.180055	0.000094	207.441410	2.4
1000	9148.034005	0.178785	0.000094	163.561674	2.4
1001	9493.523831	0.177531	0.000094	111.303876	2.4
1002	9497.091532	0.180635	0.000094	152.854802	2.5
1003	9995.906761	0.183096	0.000094	109.047152	2.5
1004	9245.650991	0.180430	0.000094	77.917204	2.4
1005	8953.084903	0.181556	0.000094	117.189024	2.4
1006	9627.929494	0.181943	0.000094	164.549407	2.5
1007	9807.216689	0.184366	0.000094	134.420679	2.2
1008	9300.718396	0.186880	0.000094	106.651661	1.9
1009	8651.221836	0.184840	0.000094	94.910712	1.9
1010	9405.569855	0.182830	0.000094	112.821468	1.9
1011	9320.527366	0.184167	0.000094	100.441947	1.9
1012	9518.134979	0.183190	0.000094	65.807004	2.0
1013	9520.030879	0.182919	0.000094	182.486369	1.8
1014	9009.279260	0.180412	0.000094	165.701086	1.8
1015	9635.458841	0.182026	0.000094	36.431783	1.9
1016	8963.116070	0.181636	0.000094	158.199335	1.9
1017	8887.509659	0.181951	0.000094	225.077889	1.9
1018	9421.090421	0.189987	0.000094	178.758974	1.8
1019	9429.830476	0.182578	0.000094	106.713540	1.8
1020	9354.263049	0.186862	0.000094	160.181793	1.8
1021	9763.319214	0.187097	0.000094	229.520283	1.8
1022	9048.325921	0.191867	0.000094	111.856584	1.8
1023	9388.790976	0.200022	0.000094	113.074031	1.8
1024	9488.260579	0.203041	0.000094	80.956923	2.1
1025	9421.932202	0.200660	0.000094	104.632240	4.5
1026	9079.582837	0.201861	0.000094	134.528556	4.4
1027	8622.243407	0.199574	0.000094	88.014761	4.2
1028	9192.574849	0.202424	0.000094	177.022419	4.1
1029	8928.147211	0.204692	0.000094	168.813505	3.4
1030	9110.985647	0.203879	0.000094	69.587914	3.5
1031	9085.599909	0.204536	0.000094	87.829247	3.4
1032	8924.763703	0.204448	0.000094	142.193855	2.7
1033	9300.539764	0.203748	0.000094	57.316962	2.7
1034	9121.045831	0.204901	0.000094	106.104366	2.8
1035	9221.446574	0.204918	0.000094	194.514569	2.5
1036	8589.853041	0.201885	0.000094	188.366239	2.4
1037	8935.945839	0.206004	0.000094	211.527272	2.3
1038	9347.698994	0.213696	0.000094	125.319562	2.4
1039	8988.176962	0.222432	0.000094	66.366086	2.2
1040	9513.869256	0.223060	0.000094	113.408249	2.0
1041	9105.800098	0.222079	0.000094	126.000212	2.0
1042	9702.542893	0.219297	0.000094	154.562047	1.9
1043	9223.805612	0.216892	0.000094	132.292097	1.9
1044	9624.456160	0.220133	0.000094	147.591037	2.9
1045	9502.706512	0.219614	0.000094	227.097380	4.5
1046	9611.759828	0.231557	0.000094	120.053074	4.6
1047	9390.919311	0.236711	0.000094	248.498170	4.3
1048	9281.676344	0.244191	0.000094	71.624020	4.1
1049	9597.605202	0.247346	0.000094	150.007182	4.2
1050	9292.878761	0.244635	0.000094	121.102352	4.3
1051	9280.074516	0.242188	0.000094	151.622845	3.8
1052	9192.761900	0.237781	0.000094	53.902291	3.0
1053	9160.371850	0.237255	0.000094	103.518377	2.9
1054	9218.136374	0.235795	0.000094	135.464214	3.2
1055	9337.409028	0.237762	0.000094	78.192093	3.0
1056	8996.496327	0.238084	0.000094	77.697279	2.7
1057	9058.094130	0.237292	0.000094	72.838437	3.0
1058	8768.953386	0.237826	0.000094	94.542085	2.9
1059	8659.178376	0.237767	0.000094	209.512678	3.0
1060	9503.694720	0.235496	0.000094	177.903694	3.0
1061	8879.415456	0.252256	0.000094	79.168300	2.7
1062	9175.548117	0.249394	0.000094	76.747686	2.4
1063	8767.265040	0.248419	0.000094	147.671106	2.5
1064	9460.008877	0.248447	0.000094	127.644722	2.5
1065	8945.029700	0.254332	0.000094	112.526899	2.1
1066	8924.298237	0.251775	0.000094	217.217666	1.9
1067	9169.521690	0.254766	0.000094	113.453636	2.0
1068	9493.996645	0.259618	0.000094	203.756629	2.0
1069	8869.052558	0.255974	0.000094	199.927528	2.0
1070	9007.210173	0.273517	0.000094	121.779007	1.9
1071	9653.246598	0.270561	0.000094	137.971486	1.8
1072	8915.490268	0.268159	0.000094	104.501172	1.8
1073	9339.032163	0.271606	0.000094	94.853517	1.8
1074	9235.615118	0.270891	0.000094	210.453586	1.8
1075	8978.202089	0.271084	0.000094	86.776325	1.8
1076	8832.555587	0.275723	0.000094	168.825448	1.9
1077	8835.102329	0.275680	0.000094	196.942485	1.8
1078	9814.503247	0.280015	0.000093	237.288126	1.8
1079	8865.956212	0.304919	0.000093	131.676264	1.8
1080	9196.532188	0.316818	0.000093	128.602393	1.8
1081	9162.628333	0.318408	0.000093	137.000769	1.8
1082	9195.206361	0.323537	0.000093	239.186856	1.8
1083	9092.974272	0.316957	0.000093	160.914050	1.7
1084	9260.953570	0.329612	0.000093	109.547844	1.8
1085	9086.251115	0.325630	0.000093	95.906857	1.8
1086	8981.769118	0.325232	0.000093	121.333102	1.8
1087	9597.889571	0.327774	0.000093	111.103751	1.8
1088	9389.945724	0.325986	0.000093	142.460967	1.8
1089	9396.136024	0.330379	0.000093	220.310540	1.8
1090	9408.718012	0.330529	0.000093	114.423064	1.9
1091	9098.374527	0.331549	0.000093	80.903947	4.4
1092	9036.248132	0.333401	0.000093	125.461574	4.5
1093	9010.962782	0.331830	0.000093	72.335060	2.2
1094	9123.614053	0.332127	0.000093	120.482183	3.1
1095	8779.314985	0.334132	0.000093	110.367274	2.7
1096	9039.416818	0.337039	0.000093	103.136315	2.7
1097	9182.653568	0.334154	0.000093	173.057334	2.7
1098	8797.094158	0.332597	0.000093	199.132420	2.6
1099	9281.799992	0.339376	0.000093	218.518488	2.4
1100	9278.113709	0.334464	0.000093	137.470916	2.5
1101	9031.942083	0.342968	0.000093	82.747878	2.5
1102	9138.285861	0.342527	0.000093	129.547637	2.3
1103	9226.736886	0.339844	0.000093	126.025125	2.1
1104	9921.430677	0.336881	0.000093	123.367328	2.2
1105	9770.283412	0.339636	0.000093	115.998110	5.6
1106	8998.797495	0.339706	0.000093	275.325046	2.1
1107	8784.691379	0.344173	0.000093	195.857165	2.2
1108	9425.300729	0.337691	0.000093	97.902421	2.1
1109	8968.792567	0.340924	0.000093	198.536512	3.7
1110	9169.570570	0.338989	0.000093	152.954578	5.6
1111	9014.729063	0.334112	0.000093	151.689618	2.1
1112	8717.197403	0.340116	0.000093	167.079233	5.1
1113	9004.394497	0.348117	0.000093	103.932159	2.5
1114	9355.698246	0.351299	0.000093	139.565828	2.5
1115	8927.088898	0.348832	0.000093	62.303799	2.9
1116	8650.448610	0.348669	0.000093	86.275898	4.3
1117	8974.679957	0.347403	0.000093	51.707061	3.9
1118	9560.524038	0.348213	0.000093	61.377317	2.6
1119	9367.004923	0.347745	0.000093	146.322602	2.5
1120	9493.974001	0.347181	0.000093	95.114872	2.6
1121	9240.386796	0.349525	0.000093	99.530529	2.5
1122	9311.022164	0.348693	0.000093	159.347075	4.3
1123	9484.930630	0.350312	0.000093	72.794655	4.7
1124	9111.556641	0.348874	0.000093	153.762184	2.7
1125	8809.391547	0.346311	0.000093	96.633155	4.8
1126	9707.394176	0.343388	0.000093	80.208960	3.0
1127	8768.764893	0.341675	0.000093	146.027058	3.8
1128	9289.041272	0.344058	0.000093	260.407273	2.5
1129	9254.115700	0.356808	0.000093	115.002441	2.5
1130	9453.039421	0.358002	0.000093	126.916256	5.2
1131	9825.993444	0.359245	0.000093	255.596120	4.0
1132	9047.893850	0.357515	0.000093	254.193587	3.2
1133	9496.063161	0.360163	0.000093	58.251726	3.6
1134	9092.865959	0.357314	0.000093	204.097342	5.2
1135	9738.301144	0.358346	0.000093	93.527504	3.3
1136	9496.440589	0.354937	0.000093	100.095909	4.1
1137	9499.395941	0.353895	0.000093	134.855787	4.4
1138	9279.300106	0.351145	0.000093	158.273014	7.9
1139	9029.120718	0.357691	0.000093	158.680038	4.9
1140	9209.721995	0.362242	0.000093	46.783859	4.6
1141	9113.342474	0.361247	0.000093	121.812709	4.5
1142	9108.118456	0.361256	0.000093	105.996099	4.6
1143	9405.365055	0.362343	0.000093	170.768307	3.8
1144	8912.786650	0.362571	0.000093	75.695125	3.5
1145	9753.464412	0.362677	0.000093	164.684787	3.4
1146	9138.340895	0.360534	0.000093	85.385520	4.3
1147	9061.005894	0.357202	0.000093	145.958364	4.4
1148	8808.310042	0.354380	0.000093	161.144043	4.1
1149	8904.558919	0.354515	0.000093	63.162998	3.3
1150	9406.290664	0.352541	0.000093	159.595768	3.2
1151	9331.559804	0.354279	0.000093	37.694570	3.0
1152	9524.755888	0.354554	0.000093	203.185842	4.0
1153	8935.600489	0.353468	0.000093	99.685616	2.7
1154	8984.727882	0.354272	0.000093	191.845227	3.3
1155	9212.069874	0.354889	0.000093	158.440031	3.0
1156	9451.085249	0.350258	0.000093	149.633230	3.1
1157	9711.481719	0.345943	0.000093	261.966021	3.0
1158	9061.958380	0.347784	0.000093	216.897962	2.4
1159	8884.792838	0.341003	0.000093	86.669394	2.4
1160	8841.777504	0.342125	0.000093	169.769954	4.3
1161	8881.773379	0.345354	0.000093	292.281161	5.2
1162	9464.160874	0.357612	0.000093	145.762158	3.3
1163	9601.208571	0.353044	0.000093	118.706835	3.8
1164	8974.463020	0.355691	0.000093	153.048053	2.3
1165	9726.631419	0.359071	0.000093	44.027853	4.3
1166	9262.894387	0.358835	0.000093	88.041518	2.4
1167	8887.275162	0.358493	0.000093	50.756905	2.8
1168	9260.498743	0.357473	0.000093	120.580380	4.6
1169	9386.499401	0.357996	0.000093	148.774649	3.9
1170	9228.774074	0.353737	0.000093	235.830099	4.4
1171	9109.210877	0.365670	0.000093	111.714926	4.3
1172	9035.895446	0.361186	0.000093	200.921602	3.9
1173	9333.494496	0.358963	0.000093	76.644786	4.1
1174	9733.049372	0.357595	0.000093	118.203044	3.2
1175	9466.849125	0.358549	0.000093	165.549947	3.1
1176	9845.676803	0.363140	0.000093	207.281349	4.5
1177	9230.615866	0.358483	0.000093	91.052169	4.0
1178	8931.134044	0.364434	0.000093	75.719582	4.3
1179	9432.546758	0.364458	0.000093	304.786950	3.2
1180	8667.772004	0.361295	0.000093	245.920075	3.0
1181	9051.391637	0.375398	0.000093	86.733196	4.8
1182	8713.576051	0.376934	0.000093	111.033014	7.2
1183	8917.468682	0.378981	0.000093	192.802509	4.4
1184	9517.188686	0.375843	0.000093	120.989922	5.3
1185	9301.403819	0.381303	0.000093	120.692266	4.8
1186	8565.232521	0.384181	0.000093	191.198284	5.5
1187	9437.683871	0.379720	0.000093	153.180730	3.3
1188	8972.883756	0.390787	0.000093	73.077591	4.6
1189	8912.810226	0.392388	0.000093	113.774603	3.4
1190	8888.283737	0.393893	0.000093	60.195695	3.5
1191	8843.840935	0.393487	0.000093	100.450995	2.2
1192	8659.558504	0.394514	0.000093	77.949009	2.6
1193	9295.509631	0.393414	0.000093	112.239030	5.1
1194	9337.949003	0.393211	0.000093	122.805842	4.4
1195	9113.622466	0.394896	0.000093	95.611444	4.9
1196	9138.803969	0.394684	0.000093	74.871790	3.5
1197	9569.176184	0.393333	0.000093	250.595043	3.5
1198	9945.849340	0.393800	0.000093	169.577950	3.2
1199	9493.529417	0.386347	0.000093	169.509059	3.0
1200	9271.541801	0.396337	0.000093	118.966402	2.9
1201	9170.946523	0.401984	0.000093	140.603423	2.9
1202	9758.678379	0.406424	0.000093	215.656959	3.4
1203	9354.434962	0.411446	0.000093	46.445852	3.3
1204	9372.171963	0.413906	0.000093	160.743299	4.4
1205	10218.357550	0.413355	0.000093	160.205516	2.7
1206	8935.223165	0.420066	0.000093	142.156512	2.6
1207	8855.560552	0.425036	0.000093	182.984101	2.5
1208	8708.373878	0.432145	0.000093	159.665499	4.1
1209	9050.858351	0.429141	0.000093	90.632146	3.6
1210	8940.169213	0.428380	0.000093	154.748943	2.8
1211	9142.943271	0.426108	0.000093	164.553959	3.5
1212	9414.693674	0.426756	0.000093	54.369786	3.4
1213	8928.250211	0.426118	0.000093	101.776317	3.3
1214	9541.307878	0.426227	0.000093	109.752606	2.5
1215	9144.134530	0.424018	0.000093	97.866974	2.6
1216	8671.321574	0.421797	0.000093	98.512973	2.5
1217	8885.482895	0.423597	0.000093	82.774299	2.4
1218	8899.710211	0.421702	0.000093	162.589343	2.0
1219	9074.861247	0.419645	0.000093	130.607723	2.1
1220	9574.246962	0.416678	0.000093	355.128408	2.0
1221	9227.009290	0.418034	0.000093	149.889776	3.0
1222	9008.378169	0.411650	0.000093	139.362159	3.3
1223	9512.253263	0.413070	0.000093	81.964067	5.9
1224	9706.337409	0.413652	0.000093	61.758705	3.9
1225	8849.159339	0.412992	0.000093	142.166241	2.3
1226	9320.113947	0.415017	0.000093	148.077316	6.1
1227	9057.808367	0.421073	0.000093	74.142741	3.6
1228	9804.525092	0.418431	0.000093	142.823050	4.5
1229	9354.326098	0.418793	0.000093	74.482676	4.1
1230	9046.757108	0.420165	0.000093	189.757121	3.7
1231	8769.406948	0.419124	0.000093	183.369875	5.2
1232	9509.596408	0.412404	0.000093	169.139124	3.7
1233	8968.367230	0.413301	0.000093	79.398214	3.5
1234	9421.816149	0.410548	0.000093	170.216373	3.4
1235	9357.173758	0.413353	0.000093	95.418825	3.4
1236	9024.841426	0.411786	0.000093	52.254401	3.2
1237	8740.387107	0.411418	0.000093	147.771473	2.9
1238	9431.640246	0.409640	0.000093	54.193703	4.2
1239	9426.678514	0.411110	0.000093	227.549782	2.6
1240	9140.545420	0.413314	0.000093	91.344451	2.4
1241	9130.906011	0.413716	0.000093	220.526025	2.2
1242	8972.045127	0.410694	0.000093	219.890579	2.2
1243	10208.510904	0.426469	0.000093	122.989047	2.2
1244	9012.290238	0.421130	0.000093	116.135813	2.3
1245	9494.484959	0.422684	0.000093	203.890103	2.0
1246	9126.296193	0.426695	0.000093	204.587524	2.4
1247	9385.991671	0.430639	0.000093	234.148245	3.0
1248	9526.666558	0.422203	0.000093	139.460670	2.2
1249	8345.394218	0.421934	0.000093	147.798178	4.1
1250	8990.871017	0.418213	0.000093	102.700130	3.9
1251	8767.011746	0.419609	0.000093	98.664497	1.8
1252	8966.162133	0.418213	0.000093	75.246868	2.2
1253	9169.821277	0.417760	0.000093	180.155651	2.3
1254	9641.634029	0.419012	0.000093	138.065550	2.3
1255	8840.902123	0.419447	0.000093	119.457387	2.3
1256	9598.392632	0.420415	0.000093	83.059558	2.1
1257	9042.812102	0.421887	0.000093	150.607396	1.8
1258	9291.994777	0.423677	0.000093	96.682338	1.8
1259	9069.971470	0.424033	0.000093	152.748724	1.8
1260	9439.584771	0.424931	0.000093	98.072136	4.2
1261	9291.088356	0.426873	0.000093	141.733851	2.7
1262	9094.156091	0.430090	0.000093	106.032217	2.4
1263	9433.268909	0.433540	0.000093	218.147848	3.9
1264	9542.015302	0.431456	0.000093	183.790232	4.1
1265	8826.796837	0.423959	0.000093	135.372271	2.3
1266	9419.065022	0.427335	0.000093	68.181852	2.3
1267	8986.271010	0.427519	0.000093	176.048968	2.3
1268	9269.128623	0.426671	0.000093	94.672933	2.1
1269	9250.117757	0.430773	0.000093	159.514980	3.0
1270	9067.959018	0.433095	0.000093	51.661504	3.6
1271	9025.144300	0.434028	0.000093	124.438351	1.8
1272	9432.716997	0.432582	0.000093	119.134799	2.0
1273	9161.467981	0.434590	0.000093	115.250956	2.1
1274	8923.796142	0.433546	0.000093	88.251836	2.1
1275	9791.255051	0.434078	0.000093	193.523836	3.8
1276	9471.896897	0.434687	0.000093	122.839980	2.2
1277	9514.544645	0.432700	0.000093	209.158426	2.3
1278	8668.587807	0.427487	0.000093	100.201778	4.0
1279	9248.950821	0.431466	0.000093	147.114426	2.5
1280	8755.295416	0.433485	0.000093	158.072952	2.7
1281	9321.247718	0.439331	0.000093	161.095171	5.3
1282	8904.689843	0.440102	0.000093	260.791859	3.7
1283	9093.355048	0.443695	0.000093	139.915748	3.3
1284	9853.765925	0.454109	0.000093	107.956983	3.3
1285	9780.324086	0.453532	0.000093	165.158014	2.5
1286	9242.014168	0.451036	0.000093	128.483214	2.4
1287	9256.835771	0.453346	0.000093	158.561068	2.5
1288	9706.313835	0.450977	0.000093	66.781477	3.3
1289	9504.666549	0.452004	0.000093	234.336117	4.3
1290	9703.820981	0.452085	0.000093	108.210379	3.1
1291	9248.916360	0.448887	0.000093	170.685615	3.2
1292	8795.074675	0.447382	0.000093	237.779435	2.8
1293	8963.177971	0.448614	0.000093	88.053940	4.7
1294	8863.336774	0.452837	0.000093	164.116722	3.0
1295	9143.611388	0.454580	0.000093	181.973911	3.5
1296	9088.507462	0.448289	0.000093	59.056950	6.0
1297	9082.289178	0.448001	0.000093	110.080105	3.0
1298	8435.315616	0.446608	0.000093	45.468102	3.1
1299	8934.651031	0.446300	0.000093	121.761619	4.2
1300	9479.299498	0.445495	0.000093	185.460662	4.8
1301	8934.564061	0.450087	0.000093	195.601965	4.8
1302	9219.044455	0.444184	0.000093	125.724195	4.4
1303	9056.293611	0.445808	0.000093	136.991709	3.1
1304	9287.352891	0.451396	0.000093	221.521715	2.6
1305	9221.066662	0.448269	0.000093	84.253197	2.1
1306	9072.381344	0.448610	0.000093	140.822215	2.2
1307	9273.842296	0.448175	0.000093	77.253306	2.9
1308	8425.464853	0.448315	0.000093	145.275184	4.2
1309	9047.873704	0.446089	0.000093	99.675981	2.8
1310	8892.001103	0.449239	0.000093	153.588874	1.9
1311	9272.835285	0.446815	0.000093	44.533472	1.8
1312	9502.949624	0.445351	0.000093	160.463722	2.0
1313	8604.336474	0.445317	0.000093	160.895312	2.2
1314	9521.536070	0.445255	0.000093	107.892811	2.2
1315	8957.688649	0.441600	0.000093	108.831784	2.2
1316	9167.209190	0.440664	0.000093	212.576519	2.2
1317	9381.922556	0.443757	0.000093	73.923387	1.8
1318	9503.094831	0.445260	0.000093	138.265778	1.8
1319	9311.750703	0.443395	0.000093	120.912775	1.7
1320	9429.885450	0.446763	0.000093	205.222944	1.7
1321	9140.683763	0.441587	0.000093	139.095184	1.7
1322	9175.726295	0.437155	0.000093	177.915972	1.7
1323	9397.506167	0.431955	0.000093	59.763623	1.8
1324	9309.083525	0.433282	0.000093	125.836396	3.2
1325	8976.311574	0.433052	0.000093	43.661563	4.4
1326	9102.914266	0.432363	0.000093	142.516899	2.4
1327	9067.666642	0.431167	0.000093	79.623790	6.7
1328	9257.446193	0.431953	0.000093	261.571911	2.1
1329	9068.146351	0.436899	0.000093	113.902964	2.2
1330	8860.179070	0.443837	0.000093	138.115656	4.3
1331	8752.118592	0.442133	0.000093	164.103485	4.9
1332	9365.474038	0.446000	0.000093	180.741193	2.3
1333	9677.011130	0.440792	0.000093	57.237374	2.2
1334	9057.715709	0.439020	0.000093	93.162124	2.2
1335	9218.801424	0.438015	0.000093	140.316332	2.4
1336	8669.375055	0.439199	0.000093	230.596209	2.4
1337	8823.152848	0.435265	0.000093	75.542422	2.4
1338	9190.928589	0.438210	0.000093	74.587374	6.0
1339	9355.434824	0.436819	0.000093	255.095828	4.5
1340	9241.197189	0.436453	0.000093	72.631654	2.9
1341	9553.279852	0.441412	0.000093	100.456408	2.3
1342	8825.635651	0.442106	0.000093	132.197990	2.5
1343	9215.130517	0.439935	0.000093	76.201231	3.2
1344	9437.340288	0.438644	0.000093	51.305174	4.0
1345	8982.223149	0.438055	0.000093	141.186366	4.0
1346	9683.261200	0.437643	0.000093	149.358627	5.0
1347	9340.034625	0.441859	0.000093	154.052114	6.6
1348	9386.542428	0.448681	0.000093	68.092812	3.7
1349	8613.117712	0.448532	0.000093	124.396065	3.5
1350	8929.057283	0.447364	0.000093	155.789301	3.4
1351	9267.407228	0.443482	0.000093	46.073952	3.2
1352	9680.356498	0.441906	0.000093	112.738830	3.0
1353	9614.851438	0.440667	0.000093	48.295159	2.9
1354	9236.292455	0.440053	0.000093	126.638147	2.9
1355	8972.717699	0.441094	0.000093	165.766556	2.5
1356	9280.602028	0.438746	0.000093	114.014416	2.8
1357	9158.139691	0.434507	0.000093	224.475726	2.3
1358	8867.580482	0.434247	0.000093	148.249701	2.3
1359	9346.908830	0.433683	0.000093	61.320129	1.8
1360	8875.462036	0.431996	0.000093	71.004998	1.8
1361	8945.070705	0.431049	0.000093	213.320024	2.0
1362	9457.840501	0.433075	0.000093	96.956427	1.9
1363	9651.804546	0.428548	0.000093	64.528145	1.8
1364	9150.624983	0.429146	0.000093	72.729935	1.9
1365	8888.907085	0.429465	0.000093	220.616307	5.7
1366	9411.762463	0.427274	0.000093	127.436578	1.7
1367	9522.449471	0.437817	0.000093	142.824370	1.8
1368	8802.332976	0.435749	0.000093	71.148274	2.1
1369	9524.360687	0.437730	0.000093	135.930761	2.1
1370	9221.004745	0.436719	0.000093	118.129876	2.5
1371	9242.183075	0.439670	0.000093	131.533442	2.8
1372	9067.336821	0.437906	0.000093	163.180057	3.5
1373	8910.118034	0.433046	0.000093	65.905049	1.9
1374	8760.316696	0.431997	0.000093	70.633671	4.3
1375	9306.370051	0.431686	0.000093	179.615393	1.8
1376	9086.230632	0.430864	0.000093	94.172576	2.1
1377	8976.949255	0.433451	0.000093	81.807016	4.7
1378	9183.301067	0.431375	0.000093	65.107903	1.7
1379	8715.263985	0.431420	0.000093	324.306460	2.3
1380	9471.164925	0.434972	0.000093	135.914746	2.6
1381	9510.547840	0.427464	0.000093	199.671496	2.4
1382	9034.305819	0.434512	0.000093	162.805694	2.6
1383	9821.491049	0.438344	0.000093	330.296807	2.0
1384	9335.803866	0.464622	0.000093	169.948083	3.2
1385	9298.032682	0.474880	0.000093	77.385851	3.5
1386	9348.701284	0.474234	0.000093	188.451621	2.4
1387	9685.680781	0.477073	0.000093	94.602959	2.4
1388	9502.189786	0.479211	0.000093	50.308004	5.3
1389	9306.053569	0.478413	0.000093	163.116666	2.3
1390	9478.816848	0.476665	0.000093	188.923436	2.3
1391	9255.827722	0.486624	0.000093	68.303607	2.3
1392	9186.939010	0.484020	0.000093	192.908104	5.2
1393	8953.836382	0.482902	0.000093	76.082392	4.3
1394	9558.085094	0.484533	0.000093	92.256393	2.3
1395	8837.364148	0.485617	0.000093	128.445287	2.3
1396	8968.636494	0.486130	0.000093	81.379631	2.9
1397	8893.308512	0.485537	0.000093	178.748820	2.7
1398	9154.051317	0.487525	0.000093	184.082997	4.6
1399	9355.445852	0.500371	0.000093	132.402974	3.6
1400	8838.763161	0.497480	0.000093	187.691228	2.6
1401	9353.783529	0.503282	0.000093	144.268443	2.7
1402	8624.540853	0.497787	0.000093	96.201597	4.5
1403	8670.737814	0.500442	0.000093	103.475446	4.2
1404	8967.067020	0.501463	0.000093	86.393777	3.1
1405	8912.840263	0.500406	0.000093	103.753389	3.8
1406	8838.771672	0.500971	0.000093	163.834575	4.0
1407	9105.219503	0.497993	0.000093	173.708346	3.3
1408	9169.135831	0.505779	0.000093	244.855814	3.6
1409	9098.680722	0.498354	0.000093	156.850023	2.8
1410	9198.117996	0.504349	0.000093	61.762496	2.8
1411	9337.993260	0.503967	0.000093	53.627549	2.5
1412	9393.473389	0.503383	0.000093	148.732741	5.1
1413	9446.708822	0.501741	0.000093	196.539974	2.5
1414	9085.579805	0.504296	0.000093	195.192183	2.4
1415	9048.905875	0.508945	0.000092	133.195414	2.4
1416	9061.451662	0.509887	0.000092	61.785299	2.8
1417	9318.446350	0.510758	0.000092	206.717769	2.7
1418	9356.745097	0.511731	0.000092	115.953222	2.0
1419	8739.487925	0.510558	0.000092	89.972068	2.0
1420	9196.093214	0.509457	0.000092	120.117457	2.0
1421	9319.891915	0.512465	0.000092	79.678095	8.2
1422	9257.070739	0.511736	0.000092	81.027016	1.9
1423	8758.093738	0.511080	0.000092	200.003964	2.1
1424	9292.161251	0.507301	0.000092	171.052225	2.0
1425	9301.573470	0.501123	0.000093	128.372286	2.0
1426	9177.652075	0.496582	0.000093	92.393237	4.7
1427	9327.311650	0.499207	0.000093	167.746378	2.1
1428	8765.388475	0.495402	0.000093	135.073891	2.2
1429	8718.893421	0.497473	0.000093	207.773475	3.5
1430	8562.828660	0.491707	0.000093	93.434689	2.9
1431	9547.384854	0.497267	0.000093	104.587238	4.7
1432	8873.703585	0.494953	0.000093	77.863751	3.2
1433	9077.406207	0.493382	0.000093	137.120672	4.1
1434	8917.395376	0.492755	0.000093	246.521491	3.1
1435	9238.132499	0.493524	0.000093	68.476238	3.1
1436	9680.707307	0.491120	0.000093	105.934475	4.2
1437	9403.708485	0.490698	0.000093	176.334232	3.7
1438	8999.432806	0.492993	0.000093	225.930709	3.4
1439	9271.161577	0.504687	0.000093	77.183706	3.2
1440	9176.527790	0.502609	0.000093	162.066144	4.9
1441	8884.683594	0.505541	0.000093	170.360380	3.0
1442	9251.060259	0.509669	0.000092	149.010409	3.4
1443	9358.159832	0.509838	0.000092	106.813930	4.8
1444	8947.827904	0.506547	0.000093	180.803804	3.3
1445	9594.083830	0.511115	0.000092	145.956011	4.7
1446	8660.267127	0.511889	0.000092	118.456696	3.3
1447	9211.422087	0.516138	0.000092	98.604143	3.0
1448	8950.198942	0.517401	0.000092	158.434781	3.9
1449	9316.149489	0.520868	0.000092	263.468930	3.0
1450	8935.107985	0.525040	0.000092	198.737067	2.6
1451	9266.228402	0.526556	0.000092	124.089492	2.6
1452	9427.643126	0.532167	0.000092	200.576978	2.5
1453	9563.304936	0.529243	0.000092	109.279274	4.9
1454	9093.434871	0.525571	0.000092	211.303638	2.3
1455	9257.603881	0.531195	0.000092	277.443596	4.6
1456	8711.105892	0.524863	0.000092	246.804965	2.9
1457	9352.095324	0.537130	0.000092	156.201842	2.7
1458	9248.507939	0.536753	0.000092	204.457084	4.1
1459	9077.828150	0.544404	0.000092	107.982494	2.9
1460	9524.417698	0.546885	0.000092	108.185320	3.0
1461	8979.322023	0.549393	0.000092	92.451397	3.0
1462	9270.570883	0.549399	0.000092	191.416022	2.9
1463	8814.602581	0.552868	0.000092	119.645970	2.2
1464	9070.674916	0.554217	0.000092	90.040636	2.2
1465	9487.021750	0.556666	0.000092	312.833103	2.2
1466	9719.679869	0.560872	0.000092	161.348430	2.3
1467	9302.282640	0.569001	0.000092	147.732371	2.1
1468	8888.188864	0.573715	0.000092	141.559128	2.0
1469	9026.060690	0.576174	0.000092	137.421354	4.0
1470	9478.813336	0.577859	0.000092	145.231817	1.8
1471	8790.496864	0.574714	0.000092	142.251669	2.4
1472	9243.044395	0.573821	0.000092	74.889998	2.5
1473	9456.218137	0.574705	0.000092	432.942215	3.8
1474	9294.839057	0.569778	0.000092	59.821491	1.8
1475	9521.145326	0.569641	0.000092	141.407190	1.9
1476	9325.804017	0.567806	0.000092	158.812124	6.0
1477	9338.375691	0.573882	0.000092	117.440636	4.5
1478	9098.558946	0.576830	0.000092	147.673410	4.3
1479	9013.984064	0.572997	0.000092	83.954175	4.6
1480	9289.672350	0.570832	0.000092	70.545687	4.8
1481	9280.857652	0.570431	0.000092	225.887180	4.3
1482	9135.014961	0.573212	0.000092	90.967117	2.1
1483	9017.446385	0.573120	0.000092	87.860438	2.3
1484	9305.930764	0.572943	0.000092	151.483214	2.7
1485	9896.222664	0.574638	0.000092	173.841300	2.1
1486	8967.850173	0.580707	0.000092	87.427191	2.3
1487	8911.456557	0.582018	0.000092	143.677526	2.3
1488	9406.455632	0.579279	0.000092	146.259358	2.4
1489	8935.067832	0.574763	0.000092	175.162941	3.2
1490	8870.490364	0.569990	0.000092	175.961796	2.5
1491	8869.873660	0.563494	0.000092	71.352129	2.5
1492	8842.342587	0.562644	0.000092	50.537840	2.5
1493	8786.830268	0.561837	0.000092	178.332608	2.5
1494	8916.023808	0.561536	0.000092	111.398217	2.3
1495	8776.584800	0.561097	0.000092	164.015429	3.4
1496	9273.419684	0.557181	0.000092	189.716957	4.7
1497	8987.111763	0.553460	0.000092	134.781807	2.2
1498	8991.745630	0.548197	0.000092	209.737927	3.1
1499	9933.823334	0.558560	0.000092	98.713619	3.9
1500	8826.593852	0.563252	0.000092	189.079436	3.9
1501	10004.368556	0.569117	0.000092	118.024413	2.7
1502	9207.892525	0.574100	0.000092	170.281784	2.9
1503	9372.592261	0.580187	0.000092	135.403694	4.2
1504	9243.638700	0.585796	0.000092	172.496677	2.3
1505	9782.490903	0.582192	0.000092	214.171409	3.0
1506	9300.177349	0.576588	0.000092	95.604442	2.4
1507	9365.869398	0.582472	0.000092	192.347020	5.1
1508	8943.740712	0.582122	0.000092	100.659013	2.9
1509	8815.379679	0.583411	0.000092	79.449915	3.4
1510	9061.879632	0.585238	0.000092	148.442363	6.8
1511	9294.299519	0.588232	0.000092	91.459286	4.0
1512	9513.259671	0.584901	0.000092	95.689951	3.3
1513	9241.369701	0.585292	0.000092	113.788040	3.9
1514	9264.624464	0.584392	0.000092	81.060522	4.0
1515	9026.062600	0.584259	0.000092	131.529017	3.2
1516	9293.483648	0.585614	0.000092	103.231286	5.3
1517	8859.558438	0.582908	0.000092	172.069029	4.2
1518	9132.912417	0.579787	0.000092	96.678968	4.6
1519	9483.000179	0.577241	0.000092	113.014975	5.3
1520	9208.137794	0.576922	0.000092	169.955837	6.0
1521	9065.830529	0.573150	0.000092	112.660443	3.4
1522	8903.157589	0.571902	0.000092	142.498118	3.4
1523	9827.624153	0.575895	0.000092	66.545811	3.5
1524	9212.497159	0.576874	0.000092	65.881972	3.3
1525	8915.839302	0.576442	0.000092	101.609342	3.4
1526	8625.534213	0.574766	0.000092	106.686100	2.8
1527	8751.202810	0.572208	0.000092	104.167279	4.8
1528	9659.699874	0.573021	0.000092	212.697159	2.8
1529	9062.901274	0.569325	0.000092	120.477774	2.6
1530	9250.369285	0.570860	0.000092	142.763344	2.6
1531	8935.049904	0.573415	0.000092	177.470775	4.0
1532	9129.696990	0.572080	0.000092	139.159766	6.7
1533	9192.595717	0.570091	0.000092	80.188855	4.7
1534	8845.168865	0.568625	0.000092	132.592343	4.3
1535	9125.556593	0.569649	0.000092	105.337095	4.2
1536	9281.871919	0.572861	0.000092	49.228311	3.8
1537	8987.034272	0.571605	0.000092	112.176296	3.7
1538	9499.411315	0.570438	0.000092	251.632801	4.8
1539	9038.889077	0.571361	0.000092	120.872041	3.6
1540	9070.275046	0.580151	0.000092	74.217364	2.8
1541	9058.621957	0.577781	0.000092	146.354888	2.9
1542	8587.935202	0.579370	0.000092	78.725093	2.4
1543	9219.971343	0.581501	0.000092	145.874346	2.4
1544	9219.598272	0.580931	0.000092	90.680086	3.9
1545	9119.202047	0.584310	0.000092	79.186143	2.2
1546	8923.555520	0.583935	0.000092	140.819630	5.4
1547	9014.620125	0.585657	0.000092	145.294922	2.4
1548	9463.519223	0.590178	0.000092	89.609183	2.5
1549	9592.249232	0.590337	0.000092	82.819965	2.5
1550	9236.368608	0.591187	0.000092	135.060984	3.7
1551	8650.331711	0.593789	0.000092	160.908229	2.8
1552	9513.503338	0.592783	0.000092	148.330382	3.3
1553	8994.815624	0.600946	0.000092	78.204170	3.8
1554	9236.879379	0.602153	0.000092	98.251961	3.5
1555	8971.906062	0.602398	0.000092	48.243705	4.6
1556	8806.618833	0.602814	0.000092	128.835199	5.8
1557	9279.882161	0.601467	0.000092	124.049957	3.0
1558	9431.148841	0.600321	0.000092	157.088968	2.9
1559	9462.611093	0.603824	0.000092	110.850808	3.0
1560	8979.225740	0.603343	0.000092	87.660233	2.5
1561	9214.886081	0.603533	0.000092	226.871449	2.4
1562	9009.167171	0.604726	0.000092	201.136279	2.0
1563	9333.760482	0.622836	0.000092	144.344813	4.0
1564	9000.554198	0.626897	0.000092	98.964165	5.1
1565	9267.954520	0.625204	0.000092	76.128312	4.5
1566	8946.607742	0.623406	0.000092	288.567830	4.4
1567	9034.668066	0.627650	0.000092	116.112637	3.0
1568	9046.644918	0.636719	0.000092	149.794709	2.5
1569	9806.121337	0.640187	0.000092	76.700792	2.3
1570	8747.533733	0.642546	0.000092	143.520861	2.3
1571	9050.832024	0.643009	0.000092	160.136107	4.0
1572	8492.568791	0.647599	0.000092	114.064549	2.1
1573	9519.577943	0.650035	0.000092	152.543048	2.0
1574	9269.726457	0.646816	0.000092	108.424157	2.0
1575	8832.414223	0.645518	0.000092	52.974275	2.0
1576	9461.010829	0.644003	0.000092	176.749091	4.7
1577	9172.201876	0.642799	0.000092	173.446638	4.0
1578	9353.917857	0.649735	0.000092	324.646929	4.0
1579	9227.977700	0.671525	0.000092	107.365932	4.1
1580	9185.958825	0.669148	0.000092	220.894567	4.0
1581	9010.670714	0.674661	0.000092	176.465679	3.4
1582	8876.233203	0.690578	0.000092	132.705022	3.0
1583	8759.636426	0.694398	0.000092	120.171185	3.1
1584	9175.890880	0.690686	0.000092	177.079651	2.7
1585	9576.300563	0.690878	0.000092	84.705630	2.6
1586	8856.435845	0.691262	0.000092	58.604949	2.5
1587	9570.174334	0.690529	0.000092	169.250945	4.6
1588	9493.564726	0.689200	0.000092	108.478135	2.1
1589	8921.000878	0.691586	0.000092	111.962770	13.7
1590	9012.265586	0.690898	0.000092	293.999483	2.7
1591	9404.988459	0.690082	0.000092	161.568986	4.2
1592	8702.358733	0.683797	0.000092	54.843837	3.1
1593	8759.292628	0.685154	0.000092	86.721523	3.3
1594	9260.384432	0.684319	0.000092	81.337269	4.0
1595	8918.602075	0.685324	0.000092	196.914464	4.0
1596	8289.430163	0.682574	0.000092	141.103779	4.6
1597	9619.273946	0.676832	0.000092	347.514036	4.3
1598	9252.041237	0.683696	0.000092	151.664856	3.5
1599	9734.538631	0.683964	0.000092	157.611572	3.0
1600	9386.567772	0.678636	0.000092	283.786105	4.6
1601	8699.688426	0.672845	0.000092	163.512253	3.2
1602	9191.170391	0.673687	0.000092	211.785648	4.5
1603	9722.213037	0.678521	0.000092	120.174173	3.0
1604	9273.737275	0.682970	0.000092	133.919688	2.8
1605	9026.846018	0.681680	0.000092	201.463066	2.6
1606	9018.057840	0.682963	0.000092	143.486130	2.6
1607	9348.248945	0.677363	0.000092	143.975512	5.0
1608	9203.169701	0.681076	0.000092	93.713789	2.3
1609	8783.293785	0.681707	0.000092	71.438585	2.6
1610	8527.334879	0.683181	0.000092	149.191546	5.4
1611	9338.402835	0.686097	0.000092	172.132551	4.8
1612	9207.719652	0.689037	0.000092	94.262368	4.6
1613	9062.022909	0.688707	0.000092	92.379949	4.4
1614	9493.888456	0.688410	0.000092	104.284707	4.2
1615	8910.734161	0.685810	0.000092	91.258371	4.4
1616	8709.434416	0.684843	0.000092	118.274014	3.9
1617	9456.356487	0.682080	0.000092	356.363836	3.1
1618	9201.901292	0.701460	0.000092	168.049196	1.8
1619	9067.573991	0.734449	0.000092	224.570400	1.9
1620	8752.216791	0.731468	0.000092	185.408230	3.8
1621	9513.600210	0.724765	0.000092	123.412609	4.0
1622	9450.156101	0.721949	0.000092	192.732891	2.2
1623	8859.171298	0.727014	0.000092	123.742007	4.6
1624	9219.503122	0.724684	0.000092	143.297689	2.6
1625	8946.170092	0.727789	0.000092	112.055015	2.4
1626	8909.353430	0.727403	0.000092	116.863704	2.5
1627	8797.934244	0.728112	0.000092	74.266119	5.8
1628	8727.860484	0.728200	0.000092	63.302790	4.0
1629	9348.534311	0.727709	0.000092	163.169287	4.3
1630	9297.760797	0.727199	0.000092	125.999227	4.3
1631	9042.359420	0.729845	0.000092	132.592742	4.3
1632	9106.492176	0.733898	0.000092	88.004867	4.7
1633	8959.760809	0.731148	0.000092	122.973682	4.6
1634	9058.117609	0.733376	0.000092	107.681966	6.4
1635	8906.696034	0.735229	0.000092	119.947676	4.5
1636	9157.659091	0.732199	0.000092	223.008436	4.5
1637	9244.935305	0.741584	0.000092	124.574538	4.4
1638	9216.080060	0.743447	0.000091	63.512424	3.8
1639	9145.873757	0.744723	0.000091	78.164237	4.4
1640	9284.464262	0.743945	0.000091	122.923885	4.3
1641	9150.005296	0.741407	0.000092	98.514166	4.3
1642	8914.196157	0.738919	0.000092	103.939405	4.4
1643	8768.375856	0.736540	0.000092	57.387081	5.6
1644	8307.118524	0.736425	0.000092	105.503788	4.6
1645	9312.864787	0.735097	0.000092	87.378541	4.6
1646	8582.076252	0.735844	0.000092	165.897631	4.7
1647	9255.232734	0.740352	0.000092	102.835603	3.4
1648	9246.713526	0.740799	0.000092	286.506781	3.4
1649	8733.288827	0.734969	0.000092	180.944107	3.2
1650	9349.967286	0.735172	0.000092	89.753428	2.8
1651	9264.120377	0.737610	0.000092	128.709086	2.7
1652	9126.792537	0.735228	0.000092	147.259260	2.8
1653	8527.430259	0.733241	0.000092	86.106482	4.6
1654	9444.890548	0.732408	0.000092	436.898536	2.3
1655	8914.710914	0.749106	0.000091	134.489019	3.2
1656	9091.645608	0.741264	0.000092	79.455506	2.5
1657	9913.862356	0.740454	0.000092	67.829885	3.9
1658	9388.493657	0.740256	0.000092	278.374874	5.3
1659	8875.055034	0.736228	0.000092	108.089324	2.5
1660	8836.926686	0.730274	0.000092	334.815763	2.4
1661	9182.649971	0.734909	0.000092	253.155913	3.5
1662	8816.855783	0.731491	0.000092	83.659498	3.5
1663	9232.780888	0.730901	0.000092	125.813766	2.2
1664	9142.344445	0.728730	0.000092	75.067179	5.7
1665	8778.999677	0.727209	0.000092	273.493082	2.6
1666	8624.480495	0.728649	0.000092	55.944726	4.5
1667	8889.442488	0.732526	0.000092	187.398811	4.8
1668	9062.928905	0.732832	0.000092	122.939019	6.6
1669	9321.608535	0.730352	0.000092	101.180531	4.5
1670	8599.986864	0.732151	0.000092	95.900128	4.7
1671	8945.989125	0.730219	0.000092	76.764364	4.7
1672	9479.345940	0.728859	0.000092	169.028943	4.6
1673	8853.471421	0.725918	0.000092	138.474858	3.6
1674	9119.555444	0.730729	0.000092	202.551389	2.8
1675	9296.251559	0.727767	0.000092	117.910355	4.3
1676	8799.367915	0.734692	0.000092	132.428160	4.3
1677	8597.016228	0.731736	0.000092	189.327379	4.4
1678	9373.937216	0.732513	0.000092	241.520874	4.0
1679	9397.183607	0.756198	0.000091	157.875659	3.2
1680	9370.638906	0.751647	0.000091	115.833080	3.5
1681	9169.355208	0.749095	0.000091	106.481655	3.1
1682	8940.249684	0.752795	0.000091	190.925755	5.4
1683	9207.080753	0.758995	0.000091	253.233349	4.8
1684	9896.605489	0.750574	0.000091	211.049907	4.6
1685	9209.103077	0.761820	0.000091	121.635551	4.5
1686	9510.072109	0.756738	0.000091	160.959046	4.5
1687	9137.033640	0.753541	0.000091	154.127967	4.6
1688	9702.461128	0.762608	0.000091	79.378142	3.4
1689	9073.733744	0.764025	0.000091	106.484308	3.3
1690	9528.357295	0.762204	0.000091	150.543644	3.2
1691	8995.228836	0.759708	0.000091	67.044643	2.6
1692	9170.273586	0.760388	0.000091	53.304251	2.5
1693	9441.224670	0.760366	0.000091	296.054216	2.5
1694	9357.551444	0.762800	0.000091	53.426526	3.6
1695	8606.436175	0.762338	0.000091	290.164540	4.6
1696	9283.842729	0.765560	0.000091	101.004541	5.1
1697	8679.485205	0.765345	0.000091	170.613317	4.5
1698	9165.886434	0.764458	0.000091	232.614636	4.8
1699	9034.525406	0.778002	0.000091	133.745229	3.3
1700	8973.635347	0.785863	0.000091	260.686964	2.8
1701	9593.484737	0.780581	0.000091	120.770638	2.7
1702	9010.003809	0.787742	0.000091	100.246922	3.5
1703	9246.965418	0.785469	0.000091	68.160265	4.2
1704	9100.433785	0.785486	0.000091	176.692753	5.9
1705	9175.310760	0.782535	0.000091	87.552408	4.2
1706	9862.326916	0.787460	0.000091	241.224193	3.6
1707	8600.589858	0.790088	0.000091	50.755973	5.7
1708	9038.883907	0.791910	0.000091	112.936336	3.1
1709	9085.382449	0.790675	0.000091	105.071281	2.5
1710	9296.733070	0.792348	0.000091	144.803978	2.3
1711	8773.589481	0.788963	0.000091	125.343872	4.0
1712	8744.728312	0.789904	0.000091	171.212225	4.1
1713	8869.536789	0.786149	0.000091	147.127568	4.4
1714	9073.041344	0.789979	0.000091	115.386763	4.8
1715	8989.548031	0.790279	0.000091	70.664578	3.9
1716	9527.664468	0.789860	0.000091	185.522813	5.0
1717	8681.066086	0.787227	0.000091	186.252839	2.8
1718	8896.897037	0.785722	0.000091	223.401803	2.8
1719	9208.525773	0.806099	0.000091	216.354823	4.3
1720	8965.100734	0.801994	0.000091	141.768303	3.4
1721	9508.606787	0.812409	0.000091	227.960834	3.5
1722	8912.256944	0.806902	0.000091	99.378231	3.2
1723	9067.959878	0.809514	0.000091	221.504866	2.9
1724	8781.952778	0.805004	0.000091	126.468747	2.8
1725	9708.707258	0.809591	0.000091	182.825809	3.1
1726	9163.667120	0.806968	0.000091	85.436382	2.5
1727	8546.552564	0.808242	0.000091	109.651926	2.7
1728	9021.853039	0.810221	0.000091	140.150357	2.7
1729	9314.699815	0.813418	0.000091	149.947378	2.7
1730	9228.115111	0.819652	0.000091	97.809381	2.0
1731	8890.933276	0.820188	0.000091	94.171001	2.2
1732	8796.854255	0.819401	0.000091	115.508129	2.0
1733	9357.635351	0.821324	0.000091	120.110871	2.0
1734	9178.761346	0.817794	0.000091	150.380643	2.0
1735	9173.659274	0.815682	0.000091	96.585700	2.0
1736	8695.392017	0.819853	0.000091	95.497412	2.2
1737	9225.880506	0.818409	0.000091	76.756926	2.1
1738	9561.322507	0.818840	0.000091	109.949264	2.1
1739	8843.791477	0.816853	0.000091	177.276489	2.0
1740	9120.525618	0.819616	0.000091	89.609887	1.8
1741	9743.312409	0.822177	0.000091	230.115775	1.9
1742	9361.707382	0.822766	0.000091	138.762535	1.8
1743	9370.818972	0.818541	0.000091	217.300877	1.8
1744	8854.031008	0.826302	0.000091	201.690340	1.8
1745	9320.488473	0.818738	0.000091	146.251184	1.7
1746	9272.133853	0.814015	0.000091	109.129556	1.7
1747	8840.790846	0.817726	0.000091	86.634907	6.5
1748	9340.447849	0.819542	0.000091	207.091964	3.2
1749	9584.185451	0.823288	0.000091	61.286845	2.0
1750	9031.967090	0.823159	0.000091	71.088688	4.7
1751	9660.436342	0.823480	0.000091	168.893088	2.6
1752	9373.519254	0.823488	0.000091	139.435686	2.6
1753	9544.901083	0.819998	0.000091	318.285012	4.4
1754	9612.033293	0.812337	0.000091	145.807789	4.8
1755	8830.688322	0.812560	0.000091	113.224913	3.7
1756	9602.158443	0.817006	0.000091	194.049527	4.3
1757	10008.877578	0.822023	0.000091	182.746390	4.0
1758	8741.730990	0.826342	0.000091	118.061431	4.3
1759	9338.957995	0.821811	0.000091	87.398140	3.2
1760	9637.947079	0.819265	0.000091	118.487232	3.2
1761	9286.394871	0.820767	0.000091	103.915610	3.2
1762	9601.293445	0.818335	0.000091	188.092685	3.8
1763	8806.245141	0.825311	0.000091	239.351021	2.8
1764	9133.420018	0.827528	0.000091	118.450958	2.6
1765	9215.144945	0.832088	0.000091	46.206640	2.5
1766	9433.531009	0.832209	0.000091	55.395826	3.1
1767	9544.219625	0.832395	0.000091	57.545758	4.5
1768	9103.482072	0.831566	0.000091	97.973146	2.3
1769	9513.943775	0.830573	0.000091	110.236940	3.9
1770	9310.354468	0.828686	0.000091	145.787387	4.5
1771	9844.105501	0.826896	0.000091	95.566842	4.5
1772	8825.470734	0.824929	0.000091	99.449920	4.2
1773	9493.106907	0.826060	0.000091	153.591645	4.0
1774	9115.560622	0.823670	0.000091	133.824804	4.6
1775	9326.635769	0.825618	0.000091	80.299012	4.4
1776	10220.904618	0.828607	0.000091	64.135402	3.5
1777	9360.876267	0.829834	0.000091	161.174169	4.2
1778	9274.178351	0.831667	0.000091	75.288218	2.1
1779	8387.515937	0.834335	0.000091	209.530901	4.8
1780	8897.093425	0.835098	0.000091	165.428714	2.2
1781	9258.892095	0.841127	0.000091	45.167007	2.3
1782	9628.959698	0.840752	0.000091	178.844833	2.8
1783	9408.826222	0.841130	0.000091	129.548188	2.8
1784	8969.996703	0.849587	0.000091	155.909793	2.8
1785	9320.307635	0.847629	0.000091	202.890830	3.5
1786	9528.580537	0.842733	0.000091	131.367244	4.7
1787	9230.726695	0.845406	0.000091	227.145363	3.6
1788	9247.955349	0.852969	0.000091	55.234178	2.1
1789	9547.624970	0.854145	0.000091	216.706651	3.0
1790	9014.154296	0.855032	0.000091	232.937114	2.6
1791	9287.997471	0.882757	0.000091	123.751962	4.4
1792	9235.221136	0.882705	0.000091	110.965438	2.7
1793	9132.823614	0.884917	0.000091	403.345432	2.7
1794	8735.729151	0.895271	0.000091	96.427255	2.7
1795	8695.552759	0.892444	0.000091	54.415749	2.9
1796	9108.571435	0.892367	0.000091	128.419966	4.0
1797	8994.134080	0.891562	0.000091	103.573283	2.8
1798	9802.759236	0.888286	0.000091	284.855599	2.7
1799	9380.900491	0.882973	0.000091	111.066859	2.7
1800	9247.392374	0.885037	0.000091	72.017655	2.8
1801	9283.479723	0.886341	0.000091	271.692365	2.4
1802	8581.993434	0.885313	0.000091	116.360871	2.0
1803	8923.760599	0.892160	0.000091	192.837126	2.0
1804	8449.168436	0.887389	0.000091	115.241604	2.1
1805	8803.639123	0.883414	0.000091	162.086378	2.0
1806	8698.639677	0.881454	0.000091	73.211307	1.9
1807	9612.800232	0.883890	0.000091	201.586020	1.9
1808	9005.841601	0.883222	0.000091	200.442932	1.8
1809	8884.696868	0.878047	0.000091	84.180889	1.9
1810	9119.793111	0.882992	0.000091	70.603598	1.9
1811	8697.227397	0.881510	0.000091	143.728213	1.8
1812	9110.500178	0.878813	0.000091	223.531638	1.6
1813	9305.930337	0.874543	0.000091	61.185763	1.7
1814	9312.052008	0.876973	0.000091	150.462054	2.0
1815	9355.935823	0.875729	0.000091	59.531512	1.6
1816	9347.780316	0.876803	0.000091	101.212820	1.7
1817	9384.994695	0.876579	0.000091	122.785321	1.8
1818	9245.925026	0.873665	0.000091	88.611635	2.0
1819	8844.985652	0.875629	0.000091	71.711498	1.9
1820	9176.149097	0.876890	0.000091	128.635054	1.9
1821	9179.779542	0.875762	0.000091	237.328663	1.9
1822	9277.681994	0.887347	0.000091	235.866734	1.9
1823	9191.720661	0.902856	0.000091	241.305205	1.9
1824	9240.016319	0.894754	0.000091	184.480864	1.9
1825	8668.178260	0.905181	0.000091	71.032084	1.9
1826	9528.152071	0.905451	0.000091	62.428184	1.9
1827	9148.627326	0.906228	0.000091	142.500048	1.9
1828	9308.461721	0.906590	0.000091	107.918754	1.7
1829	9431.421871	0.907376	0.000091	209.803577	1.7
1830	8886.679332	0.905344	0.000091	229.477161	5.3
1831	8875.611676	0.924058	0.000091	116.822533	1.7
1832	8804.822829	0.920637	0.000091	141.834848	2.0
1833	9493.557077	0.925639	0.000091	145.992448	2.0
1834	9246.391167	0.930158	0.000091	47.825372	2.0
1835	9129.242210	0.930100	0.000091	96.104349	2.0
1836	9266.412105	0.929085	0.000091	147.858741	2.1
1837	8722.143017	0.928127	0.000091	157.319496	1.9
1838	9307.160695	0.933861	0.000091	139.793181	6.5
1839	9117.905224	0.933872	0.000091	203.322123	2.4
1840	9290.317569	0.936821	0.000091	52.070344	1.8
1841	9670.287561	0.936131	0.000091	130.563007	3.6
1842	9462.770331	0.934767	0.000091	47.267615	4.0
1843	8982.173002	0.935604	0.000091	148.372317	2.6
1844	9048.192516	0.935282	0.000091	117.747273	2.8
1845	9032.378890	0.940792	0.000091	146.581264	3.1
1846	9746.850919	0.941305	0.000091	94.230996	2.5
1847	8881.175393	0.943577	0.000091	103.295050	5.4
1848	8989.854153	0.944579	0.000091	156.764484	2.5
1849	8802.066413	0.940686	0.000091	93.732991	3.7
1850	8751.618397	0.942079	0.000091	155.778622	5.0
1851	8967.994988	0.941738	0.000091	113.630057	4.8
1852	9404.876924	0.946485	0.000091	156.064022	3.2
1853	9195.448317	0.944500	0.000091	150.282199	3.1
1854	9324.335151	0.945307	0.000091	145.006497	2.8
1855	8958.623870	0.950109	0.000091	86.491041	2.8
1856	9350.079534	0.951648	0.000091	101.038113	3.1
1857	9205.462244	0.949880	0.000091	136.358055	2.6
1858	9279.944180	0.947065	0.000091	150.973349	6.1
1859	9252.650318	0.951441	0.000091	194.646365	3.3
1860	8611.921127	0.948951	0.000091	178.014416	4.5
1861	8953.045998	0.951058	0.000091	161.691906	2.4
1862	9067.890488	0.946736	0.000091	90.353370	5.6
1863	9477.103116	0.945267	0.000091	180.402486	2.7
1864	8480.412870	0.942951	0.000091	133.351841	3.4
1865	8806.038268	0.943422	0.000091	115.754058	3.3
1866	8998.625912	0.945944	0.000091	195.918369	6.0
1867	8643.260754	0.944656	0.000091	128.075118	3.0
1868	9260.714777	0.949731	0.000091	198.585076	3.0
1869	9381.038170	0.945138	0.000091	138.260995	4.8
1870	8952.389770	0.948642	0.000091	139.722655	5.1
1871	8754.847306	0.952722	0.000091	180.043427	2.8
1872	9138.334743	0.960821	0.000091	170.136728	2.8
1873	9221.974971	0.972424	0.000091	149.859299	2.7
1874	9365.289617	0.969697	0.000091	61.386450	4.3
1875	9005.428085	0.968329	0.000091	208.572933	2.7
1876	9111.485335	0.969770	0.000091	71.215716	2.5
1877	8982.904110	0.973582	0.000091	300.335101	2.6
1878	8810.946883	0.978793	0.000091	159.965363	4.3
1879	8884.260865	0.972979	0.000091	49.420434	5.7
1880	9636.099054	0.973533	0.000091	170.627402	3.7
1881	9229.325843	0.972389	0.000091	150.889227	4.3
1882	9255.317215	0.970183	0.000091	178.555965	4.3
1883	9179.859749	0.964812	0.000091	108.955242	3.8
1884	9123.611291	0.964604	0.000091	147.715800	3.1
1885	8738.580362	0.962197	0.000091	48.640975	3.3
1886	8975.464865	0.962185	0.000091	116.690934	3.4
1887	9123.382617	0.961662	0.000091	89.256368	2.8
1888	8987.358749	0.959493	0.000091	100.406846	2.7
1889	8932.555627	0.958372	0.000091	242.077356	4.6
1890	9234.215265	0.957904	0.000091	122.354205	2.5
1891	9204.768287	0.957323	0.000091	195.450396	2.3
1892	9286.148914	0.957820	0.000091	76.602453	4.3
1893	8975.012120	0.958588	0.000091	74.747904	2.6
1894	9260.448343	0.957591	0.000091	160.222597	2.5
1895	9077.793125	0.954618	0.000091	70.226418	3.2
1896	9446.524223	0.954015	0.000091	178.227483	2.7
1897	9722.622363	0.951343	0.000091	176.621571	3.8
1898	8773.855553	0.946605	0.000091	167.241233	2.9
1899	9019.414409	0.943727	0.000091	214.597286	2.6
1900	9464.760057	0.944141	0.000091	145.064808	2.3
1901	8674.416392	0.941396	0.000091	212.071281	2.4
1902	9126.832906	0.935983	0.000091	80.325097	2.3
1903	9274.499054	0.935131	0.000091	73.514391	2.3
1904	8934.558372	0.933695	0.000091	69.464728	1.8
1905	8704.760750	0.933568	0.000091	194.039540	2.2
1906	8962.599691	0.932865	0.000091	259.919261	2.4
1907	9309.373435	0.935790	0.000091	54.676670	2.1
1908	9462.460020	0.933312	0.000091	135.804050	1.8
1909	8758.180945	0.932833	0.000091	63.790578	1.7
1910	9061.609850	0.934672	0.000091	91.041992	1.9
1911	9060.447075	0.935648	0.000091	192.068452	1.8
1912	9366.175777	0.938551	0.000091	116.964699	1.7
1913	9601.753289	0.934909	0.000091	188.680355	1.8
1914	8995.612388	0.931874	0.000091	240.088810	2.0
1915	9459.657930	0.923880	0.000091	229.675607	1.8
1916	8866.386446	0.933610	0.000091	166.923462	1.8
1917	8866.224722	0.927439	0.000091	180.850692	1.8
1918	9099.523188	0.929499	0.000091	233.281242	1.8
1919	8599.252543	0.951185	0.000091	86.859815	1.7
1920	9628.498302	0.951758	0.000091	132.520953	1.8
1921	9026.014397	0.949860	0.000091	73.056681	2.7
1922	8981.708966	0.948928	0.000091	221.715455	4.8
1923	9782.789473	0.950646	0.000091	140.596319	4.3
1924	9508.510741	0.947210	0.000091	124.242879	1.8
1925	9272.038515	0.944855	0.000091	182.418964	4.2
1926	9636.174939	0.939711	0.000091	249.451785	4.6
1927	9278.884363	0.945954	0.000091	38.762484	3.9
1928	9003.309824	0.945732	0.000091	51.632440	2.8
1929	8833.864189	0.945601	0.000091	144.688973	3.7
1930	8776.876623	0.944707	0.000091	84.209186	4.3
1931	8960.256276	0.944243	0.000091	173.815094	5.4
1932	9052.158916	0.944083	0.000091	106.459874	3.4
1933	9409.297000	0.941287	0.000091	90.316443	3.6
1934	8965.777251	0.943683	0.000091	86.732692	4.0
1935	9696.928965	0.944288	0.000091	290.003399	3.9
1936	9195.675199	0.949914	0.000091	187.168204	4.3
1937	9283.206252	0.963016	0.000091	283.203005	3.9
1938	9391.563987	0.983697	0.000090	155.882656	3.7
1939	8917.699981	0.976562	0.000091	144.920121	3.8
1940	9315.529620	0.979049	0.000091	231.229942	4.4
1941	8979.128665	0.990870	0.000090	284.761429	4.3
1942	9465.369810	1.020147	0.000090	74.220427	4.3
1943	8898.241239	1.022070	0.000090	99.000304	6.3
1944	8918.921636	1.020809	0.000090	158.214661	3.3
1945	9484.000200	1.024048	0.000090	212.496154	5.3
1946	9558.627654	1.019382	0.000090	222.156244	3.1
1947	9789.294458	1.014861	0.000090	142.853766	3.0
1948	9396.372804	1.009437	0.000090	149.291733	3.1
1949	9134.652413	1.014453	0.000090	190.249944	2.9
1950	9734.304797	1.009415	0.000090	213.612259	2.9
1951	9108.906296	1.006602	0.000090	116.463723	2.8
1952	8936.657626	1.015025	0.000090	136.279696	3.0
1953	9259.677182	1.011610	0.000090	50.787113	4.5
1954	9327.370752	1.010477	0.000090	87.459844	4.7
1955	9309.229234	1.009542	0.000090	123.659942	4.5
1956	8805.732988	1.007450	0.000090	82.788345	4.7
1957	9147.604771	1.005850	0.000090	63.413935	4.6
1958	8807.734006	1.006779	0.000090	119.809848	4.2
1959	9493.323875	1.005273	0.000090	118.344482	3.5
1960	9723.082619	1.002629	0.000090	213.679476	3.5
1961	8521.569343	1.008163	0.000090	243.125340	3.0
1962	9192.144921	1.032188	0.000090	175.508944	2.7
1963	9058.700085	1.050344	0.000090	198.730322	2.8
1964	8632.326129	1.043878	0.000090	157.981200	2.7
1965	9048.278425	1.050252	0.000090	230.020128	5.9
1966	9197.497532	1.046615	0.000090	116.923867	2.4
1967	8706.306668	1.047643	0.000090	237.197751	2.8
1968	9000.745760	1.046932	0.000090	48.766248	2.7
1969	8927.322143	1.048688	0.000090	53.455547	2.7
1970	8990.448503	1.048596	0.000090	76.388244	2.7
1971	8600.919966	1.048771	0.000090	191.075420	2.9
1972	9317.346943	1.051079	0.000090	123.068473	3.8
1973	9144.022091	1.059569	0.000090	129.013284	2.1
1974	8686.845243	1.060859	0.000090	129.705574	2.0
1975	8836.381322	1.065591	0.000090	201.520933	2.1
1976	9385.687057	1.062777	0.000090	171.959910	2.1
1977	8924.935788	1.057446	0.000090	97.547312	3.7
1978	8605.735828	1.060721	0.000090	125.887627	2.9
1979	9601.223561	1.061728	0.000090	134.102069	3.7
1980	8931.200303	1.063783	0.000090	57.385374	1.9
1981	9283.866999	1.064036	0.000090	192.702379	3.6
1982	9181.552503	1.062769	0.000090	113.740367	3.7
1983	9002.101116	1.067446	0.000090	248.001758	1.9
1984	9029.804039	1.064793	0.000090	154.834559	2.0
1985	9466.232897	1.058070	0.000090	178.092988	4.0
1986	8741.321035	1.057036	0.000090	100.615560	3.2
1987	8832.378925	1.059467	0.000090	82.096814	1.9
1988	8713.120413	1.059026	0.000090	145.621314	3.8
1989	8868.506651	1.060511	0.000090	203.087986	2.9
1990	8939.418109	1.054464	0.000090	159.920751	3.2
1991	9148.392532	1.059072	0.000090	113.064403	4.8
1992	9038.421231	1.061319	0.000090	116.570976	2.7
1993	9147.816323	1.061595	0.000090	139.524404	2.7
1994	9618.835079	1.063672	0.000090	213.794840	2.7
1995	9324.774386	1.059375	0.000090	163.333607	2.6
1996	9099.141323	1.059147	0.000090	123.249523	2.6
1997	8844.334945	1.062925	0.000090	169.804524	5.1
1998	8471.043047	1.059002	0.000090	121.253198	2.7
1999	9223.669049	1.058431	0.000090	77.748163	2.5
