0.000000000000000000e+00 0.000000000000000000e+00 0.000000000000000000e+00
-2.458742563346397070e+00 7.618663194939214733e-01 2.898684335490235853e+00
-3.268280087283497171e+00 1.439843945233907796e+00 4.602566282305613932e+00
-4.812353189562277755e+00 2.683337120448292978e+00 7.135414913375151436e+00
-4.540187313601164121e+00 2.884073604280909198e+00 1.189175132280258751e+01
-4.752599655263378686e+00 3.957168281534182430e+00 1.139972500605263050e+01
-4.736331313743406213e+00 2.973943747791418790e+00 1.367466412169492607e+01
-4.698445342033691574e+00 1.833534530761874004e+00 1.724314032449260026e+01
-5.054926575561269786e+00 2.476605639981833029e+00 1.886937851343325789e+01
-2.195798540259823017e+00 3.271123914535459587e+00 1.980147597736322851e+01
-1.859511168111562807e+00 1.118644911743213122e+00 1.663280961555050297e+01
-1.713030250420099376e+00 8.551982390025443248e-01 1.430215342867817796e+01
-6.320863823720245245e-01 -4.148168118888298506e-01 1.109813546564641307e+01
7.036863272334061004e-02 -4.889291365605342721e-01 8.371657691982342442e+00
1.523562717319296267e+00 -8.014741660505285692e-01 5.224424238667848996e+00
1.940080772427873690e+00 -7.783630995813785036e-01 1.801607845870764946e+00
1.469070360102398221e+00 -5.416936507815569429e-02 4.727949567877166581e-01
-3.541122669171395398e-02 -1.537689642494541320e-02 1.276888966374067208e-02
