1:ItNr	2:Metric	3a:Time	3b:StepSize	4:||Gradient||	Time[ms]
0	154.784320	0.000000	0.000312	212.469247	237.4
1	132.667261	0.000000	0.000312	81.897687	1.5
2	149.728203	0.001096	0.000312	61.139170	1.5
3	158.319842	0.225443	0.000309	37.698710	1.5
4	149.284748	0.215480	0.000309	23.399952	1.5
5	151.230962	0.218190	0.000309	51.777930	1.5
6	136.735148	0.212558	0.000309	34.337507	1.5
7	151.271096	0.229279	0.000309	43.174473	1.5
8	152.823630	0.225726	0.000309	68.510094	1.5
9	149.486402	0.258877	0.000309	43.029044	1.6
10	141.670797	0.292968	0.000308	61.322225	1.5
11	148.361129	0.299077	0.000308	99.288428	1.5
12	146.679414	0.766894	0.000301	88.725273	1.6
13	153.768021	1.527442	0.000291	85.071031	1.5
14	143.819327	1.964168	0.000286	69.172572	1.5
15	154.405544	2.249796	0.000282	40.327854	1.7
16	149.680613	2.282825	0.000282	14.957596	1.7
17	144.981585	2.282308	0.000282	44.775769	1.7
18	135.117281	2.280387	0.000282	49.254735	1.7
19	142.259304	2.275287	0.000282	61.174510	1.7
20	144.335857	2.311704	0.000282	39.661800	1.8
21	157.526076	2.340199	0.000281	78.276718	1.9
22	151.108414	2.409369	0.000280	93.196231	2.0
23	144.490774	3.015504	0.000273	74.714655	2.1
24	143.482158	3.501654	0.000268	25.887622	3.1
25	152.339903	3.501946	0.000268	44.253672	3.6
26	148.945955	3.507382	0.000268	36.506559	4.3
27	159.523440	3.506720	0.000268	56.498691	4.6
28	143.992142	3.541929	0.000267	47.685967	4.5
29	145.790873	3.602814	0.000267	34.246846	4.7
30	145.478849	3.610173	0.000267	24.569989	3.7
31	145.527318	3.612157	0.000267	30.355520	3.5
32	152.287687	3.609349	0.000267	47.082453	3.6
33	154.247383	3.625596	0.000266	25.434437	3.8
34	146.750247	3.624451	0.000267	47.833682	3.8
35	149.156624	3.627422	0.000266	16.267917	3.3
36	141.755248	3.624054	0.000267	35.744722	3.0
37	151.572641	3.625167	0.000266	32.437899	3.0
38	150.942632	3.634971	0.000266	20.457664	3.1
39	149.542138	3.634280	0.000266	15.668890	3.0
40	139.432143	3.632537	0.000266	51.853666	3.1
41	144.299468	3.630147	0.000266	36.170000	5.4
42	157.929046	3.631609	0.000266	47.870627	3.3
43	153.880071	3.636636	0.000266	26.603349	3.1
44	156.580943	3.632189	0.000266	57.119575	3.3
45	165.952921	3.638908	0.000266	60.925012	3.6
46	137.053819	3.734796	0.000265	43.236582	3.6
47	149.104421	3.774030	0.000265	24.363884	3.2
48	151.329735	3.772862	0.000265	35.945018	2.9
49	151.862139	3.777941	0.000265	34.736850	3.0
50	148.091175	3.771021	0.000265	60.252309	3.0
51	160.603028	3.795355	0.000265	41.974784	3.0
52	157.399683	3.816603	0.000264	46.446333	3.0
53	148.279311	3.845454	0.000264	69.498216	3.3
54	148.193474	3.932459	0.000263	40.198632	3.3
55	141.740807	3.945039	0.000263	56.114810	4.2
56	138.912054	3.939803	0.000263	25.952071	3.5
57	151.507948	3.946827	0.000263	33.903309	3.5
58	143.606432	3.950962	0.000263	29.944762	4.7
59	153.183454	3.951873	0.000263	18.618034	3.8
60	151.819410	3.949568	0.000263	60.430788	4.3
61	140.287415	3.947786	0.000263	50.222070	5.1
62	143.245861	4.004979	0.000262	23.812064	5.0
63	151.208397	4.009840	0.000262	30.556367	4.3
64	147.513377	4.004820	0.000262	28.473792	3.8
65	148.352085	4.012070	0.000262	55.671469	3.8
66	152.001830	4.008513	0.000262	17.156287	3.3
67	152.091565	4.015552	0.000262	17.311670	4.6
68	146.343503	4.014396	0.000262	32.389833	4.7
69	149.265678	4.011839	0.000262	17.316769	4.7
70	146.945872	4.013487	0.000262	38.561259	4.3
71	142.811016	4.017624	0.000262	52.707818	3.8
72	145.655454	4.010187	0.000262	91.525791	4.9
73	146.079580	4.204618	0.000260	28.176413	5.0
74	146.214819	4.231905	0.000260	17.327145	4.8
75	131.946341	4.230807	0.000260	45.680652	5.1
76	145.994014	4.229585	0.000260	79.251709	5.0
77	144.562052	4.336450	0.000259	33.527848	5.1
78	141.451709	4.373157	0.000259	42.722951	5.0
79	151.316178	4.366688	0.000259	12.046742	3.9
80	137.706938	4.368774	0.000259	16.177337	3.9
81	140.501741	4.367801	0.000259	24.640765	3.7
82	138.995883	4.366290	0.000259	30.074433	3.6
83	138.809762	4.364058	0.000259	28.834914	3.6
84	155.123467	4.364374	0.000259	36.434558	3.3
85	156.869432	4.373800	0.000259	39.600428	3.2
86	144.464545	4.371223	0.000259	19.712632	3.3
87	142.896181	4.374477	0.000259	52.233396	3.1
88	148.328720	4.373986	0.000259	36.910020	3.2
89	140.663918	4.374584	0.000259	36.307979	5.0
90	146.548869	4.379592	0.000259	39.840010	5.1
91	144.707750	4.376932	0.000259	37.787031	5.2
92	146.038534	4.386240	0.000259	22.991398	4.5
93	144.708092	4.391720	0.000258	40.104326	4.3
94	142.030023	4.393650	0.000258	45.889395	3.4
95	140.356663	4.405594	0.000258	45.126184	3.4
96	147.721960	4.427796	0.000258	58.330189	3.5
97	145.854325	4.422870	0.000258	13.617991	3.6
98	146.984588	4.425623	0.000258	64.720895	3.5
99	149.876977	4.426337	0.000258	46.369263	3.6
100	140.710048	4.448053	0.000258	50.237905	3.3
101	142.687401	4.477314	0.000258	46.642501	3.4
102	145.352452	4.486992	0.000257	53.898912	3.4
103	151.002205	4.511322	0.000257	28.578346	3.3
104	152.252911	4.518992	0.000257	15.870655	3.4
105	142.222364	4.521034	0.000257	32.139032	4.7
106	139.663677	4.517710	0.000257	30.736626	4.2
107	140.287510	4.517930	0.000257	22.481139	4.3
108	153.662549	4.513541	0.000257	47.956139	3.8
109	144.355599	4.509984	0.000257	17.883755	3.8
110	144.572479	4.506228	0.000257	61.940754	3.8
111	138.509903	4.512591	0.000257	11.640330	3.7
112	144.670291	4.509602	0.000257	32.181549	3.6
113	154.424772	4.509092	0.000257	17.637552	3.5
114	143.427227	4.513230	0.000257	31.079191	3.8
115	145.272644	4.516226	0.000257	21.986647	4.8
116	154.109280	4.520326	0.000257	33.917724	4.6
117	143.605456	4.526491	0.000257	22.180027	4.2
118	165.544905	4.522608	0.000257	50.022337	4.5
119	157.385476	4.529496	0.000257	49.872214	5.2
120	142.143242	4.545717	0.000257	28.928853	4.0
121	150.766794	4.554951	0.000257	34.208398	4.8
122	149.979687	4.551733	0.000257	32.335859	4.9
123	158.777646	4.555502	0.000257	70.262767	5.1
124	139.718617	4.579371	0.000257	66.655529	5.1
125	141.147201	4.672017	0.000256	57.740394	5.4
126	150.216993	4.756520	0.000255	16.232484	4.2
127	145.432218	4.759278	0.000255	24.572518	4.9
128	150.167177	4.757103	0.000255	39.546312	5.1
129	152.610657	4.764815	0.000255	37.116600	5.1
130	142.604618	4.763633	0.000255	28.858197	4.3
131	155.127796	4.760028	0.000255	66.049532	5.0
132	149.543298	4.786001	0.000254	41.238080	5.1
133	143.974925	4.789343	0.000254	36.761735	4.9
134	149.397553	4.782916	0.000255	60.556646	4.5
135	151.433098	4.818373	0.000254	49.818204	4.0
136	146.584762	4.899670	0.000253	22.875172	4.0
137	147.846340	4.900305	0.000253	23.872487	3.5
138	141.765882	4.899329	0.000253	46.514742	3.4
139	140.198637	4.906747	0.000253	28.443378	3.4
140	144.301693	4.909764	0.000253	34.368519	3.5
141	144.436383	4.921388	0.000253	36.658414	3.5
142	146.733797	4.923530	0.000253	51.292707	3.3
143	143.877102	4.945152	0.000253	40.319996	2.9
144	159.556088	4.980976	0.000253	52.836154	2.9
145	154.327024	4.975320	0.000253	25.924023	2.9
146	134.862135	4.992193	0.000252	32.443151	2.8
147	137.176019	4.991413	0.000252	18.052045	2.8
148	140.079303	4.990986	0.000252	42.115250	5.5
149	143.411835	4.988785	0.000253	20.899444	3.2
150	151.263467	4.983562	0.000253	35.382738	3.1
151	143.353834	4.989963	0.000253	24.535357	3.1
152	144.020076	4.996853	0.000252	24.875486	3.5
153	137.511298	5.001635	0.000252	55.430727	3.4
154	138.527566	4.999712	0.000252	29.171493	4.0
155	140.922469	5.007455	0.000252	37.737040	4.0
156	134.658833	5.004339	0.000252	36.723737	4.0
157	143.889158	5.020619	0.000252	36.503164	3.7
158	137.822629	5.035996	0.000252	44.581070	3.6
159	134.743301	5.038694	0.000252	24.852653	3.3
160	140.512686	5.046517	0.000252	28.752472	3.1
161	151.002714	5.043865	0.000252	7.835268	3.3
162	152.298009	5.043124	0.000252	31.706250	4.9
163	151.068710	5.044644	0.000252	39.059589	5.1
164	148.275161	5.039702	0.000252	41.344241	3.2
165	154.303055	5.059372	0.000252	30.884190	2.6
166	143.422747	5.067105	0.000252	25.752374	2.6
167	140.909646	5.075780	0.000252	32.496586	3.3
168	161.782981	5.072657	0.000252	57.155184	2.6
169	144.907181	5.075682	0.000252	51.649114	2.7
170	145.512625	5.152052	0.000251	23.861424	2.7
171	144.242039	5.157225	0.000251	30.763745	2.7
172	149.112906	5.152761	0.000251	56.744077	2.8
173	151.512008	5.183570	0.000251	49.517057	2.8
174	149.780039	5.195842	0.000251	24.687665	2.8
175	146.550241	5.209977	0.000250	38.465748	2.9
176	149.740044	5.208478	0.000250	32.585926	3.0
177	155.291225	5.222594	0.000250	46.726250	3.0
178	143.221544	5.230635	0.000250	33.095595	3.0
179	142.222875	5.249363	0.000250	26.455533	3.1
180	150.695900	5.250187	0.000250	43.789955	3.1
181	143.236930	5.254672	0.000250	61.412489	3.1
182	140.851527	5.282689	0.000250	25.400626	3.2
183	140.458020	5.297758	0.000250	27.906286	3.1
184	141.773445	5.301760	0.000250	23.745081	3.1
185	140.174242	5.306469	0.000249	20.408333	3.2
186	136.868297	5.310591	0.000249	44.069307	4.9
187	150.485430	5.316140	0.000249	81.056902	5.0
188	137.114579	5.410819	0.000248	29.290289	5.0
189	148.599503	5.454999	0.000248	38.483925	4.0
190	156.509726	5.460519	0.000248	54.640183	4.4
191	150.416303	5.480832	0.000248	25.766311	4.4
192	146.505496	5.474234	0.000248	23.435013	3.8
193	140.837161	5.476820	0.000248	47.467253	3.5
194	149.517826	5.474763	0.000248	39.573213	3.6
195	151.267245	5.482421	0.000248	24.727462	5.0
196	144.010865	5.479751	0.000248	74.190723	5.0
197	146.743834	5.505058	0.000248	44.246398	5.1
198	151.182386	5.608074	0.000247	33.866388	4.7
199	140.649309	5.604883	0.000247	10.384856	4.8
200	156.858276	5.607962	0.000247	18.944219	4.9
201	143.590257	5.607008	0.000247	21.751003	3.8
202	137.618604	5.604556	0.000247	42.650358	4.1
203	140.365984	5.604005	0.000247	54.987000	4.3
204	148.197733	5.623328	0.000246	31.574178	3.3
205	144.565434	5.636696	0.000246	40.185502	3.3
206	138.822859	5.650032	0.000246	29.312146	3.2
207	145.187402	5.651869	0.000246	47.289954	4.9
208	148.753232	5.657914	0.000246	28.497732	4.9
209	147.282349	5.669256	0.000246	14.301290	4.8
210	145.838286	5.670706	0.000246	15.134358	4.6
211	138.888513	5.670647	0.000246	33.614867	3.6
212	141.657807	5.674087	0.000246	24.096857	3.4
213	143.528429	5.669332	0.000246	32.221619	3.4
214	142.109358	5.673016	0.000246	24.421765	3.3
215	157.159606	5.671564	0.000246	44.398852	5.0
216	152.555397	5.669207	0.000246	37.817792	5.1
217	142.596366	5.697619	0.000246	34.014298	5.2
218	132.907204	5.691993	0.000246	24.744385	4.9
219	153.072860	5.696717	0.000246	68.860613	4.9
220	146.391939	5.698917	0.000246	32.974033	3.9
221	137.286189	5.722845	0.000246	47.570896	3.8
222	151.069495	5.716365	0.000246	77.780534	3.7
223	143.413402	5.853245	0.000244	59.996629	3.5
224	149.701783	5.965674	0.000243	30.062952	4.9
225	148.330847	5.976212	0.000243	29.622933	4.3
226	158.489683	5.984603	0.000243	47.569867	4.5
227	142.201586	6.005449	0.000243	56.158800	4.2
228	147.372987	6.043807	0.000243	11.072614	4.1
229	149.227134	6.046201	0.000243	59.941175	4.1
230	141.544905	6.043900	0.000243	37.271747	3.5
231	138.156853	6.088347	0.000242	12.720464	3.4
232	151.604597	6.085906	0.000242	33.570262	3.4
233	151.031788	6.086251	0.000242	25.925785	3.1
234	143.257387	6.089505	0.000242	12.255860	3.2
235	153.038942	6.089638	0.000242	16.819862	3.2
236	149.413567	6.089687	0.000242	25.764017	3.0
237	145.886304	6.093677	0.000242	16.229671	3.0
238	147.761214	6.092260	0.000242	39.236455	3.0
239	144.876803	6.088559	0.000242	46.974103	3.1
240	152.219646	6.099856	0.000242	43.265254	4.7
241	156.850433	6.101874	0.000242	33.513142	4.8
242	142.995636	6.122169	0.000242	48.900457	4.8
243	147.607894	6.113433	0.000242	54.943873	4.7
244	146.743604	6.163557	0.000242	10.336394	3.8
245	159.382426	6.166058	0.000242	18.492773	3.8
246	150.215662	6.164915	0.000242	14.940476	3.6
247	148.751314	6.164648	0.000242	22.218462	3.5
248	142.665116	6.164939	0.000242	28.672186	3.7
249	146.730212	6.162444	0.000242	38.033710	4.7
250	145.447701	6.170273	0.000242	22.277698	4.8
251	153.723865	6.179913	0.000241	42.302060	3.8
252	148.681984	6.191035	0.000241	31.461939	3.7
253	134.646716	6.205373	0.000241	46.526275	3.8
254	154.350089	6.218698	0.000241	65.254477	4.0
255	145.119512	6.301998	0.000240	28.234290	4.7
256	151.682544	6.293036	0.000240	74.107883	5.3
257	150.573224	6.324298	0.000240	54.349689	4.9
258	150.743031	6.328048	0.000240	62.160305	4.8
259	145.320387	6.387555	0.000240	44.884040	5.1
260	160.387364	6.386833	0.000240	48.637101	5.5
261	142.544136	6.407370	0.000239	20.288942	5.2
262	153.187512	6.411697	0.000239	52.413879	3.9
263	153.905413	6.414217	0.000239	21.837178	3.8
264	137.303753	6.414501	0.000239	58.828701	3.7
265	149.224191	6.414861	0.000239	32.843833	3.6
266	139.810063	6.446096	0.000239	20.330452	3.5
267	145.647684	6.446495	0.000239	14.348257	3.9
268	134.019396	6.444316	0.000239	40.977673	5.2
269	151.484119	6.444752	0.000239	59.964820	4.9
270	150.746349	6.480740	0.000239	38.483562	4.9
271	136.515252	6.476510	0.000239	34.776976	4.8
272	138.529160	6.473892	0.000239	51.127385	4.5
273	139.184389	6.483876	0.000239	37.102219	4.4
274	145.849291	6.493011	0.000239	25.969368	4.2
275	152.235587	6.496414	0.000239	43.373577	4.1
276	133.793849	6.490792	0.000239	52.344231	3.6
277	145.372720	6.535910	0.000238	31.862265	3.6
278	151.507937	6.550150	0.000238	19.698909	4.9
279	143.938854	6.556728	0.000238	19.184355	4.7
280	141.515584	6.554262	0.000238	32.998855	4.8
281	140.802571	6.556377	0.000238	54.689082	4.8
282	147.747610	6.549948	0.000238	138.610298	4.5
283	143.097755	7.291250	0.000232	32.231684	4.1
284	146.819099	7.511908	0.000230	43.257638	4.0
285	154.867921	7.504273	0.000230	39.855551	3.7
286	146.629130	7.521185	0.000230	56.144690	3.7
287	140.182556	7.548102	0.000230	32.936081	3.8
288	131.528514	7.556799	0.000230	30.466441	3.5
289	140.607339	7.561356	0.000230	16.923950	3.4
290	142.785988	7.561918	0.000230	57.520177	3.6
291	138.625411	7.570952	0.000230	34.226815	3.9
292	145.496401	7.599117	0.000229	18.975849	3.8
293	142.011270	7.604745	0.000229	38.104467	3.5
294	138.290808	7.605502	0.000229	38.854903	3.5
295	156.299185	7.621787	0.000229	17.835293	3.6
296	146.185353	7.628095	0.000229	58.300183	3.0
297	148.871374	7.632626	0.000229	46.160458	3.7
298	147.818419	7.678880	0.000229	21.246226	3.6
299	143.438154	7.675685	0.000229	28.978750	3.5
300	150.928374	7.679690	0.000229	26.232575	3.5
301	149.926530	7.675821	0.000229	38.120644	2.8
302	146.936502	7.680403	0.000229	20.962563	2.5
303	144.444191	7.683308	0.000229	50.498178	2.5
304	148.153602	7.693507	0.000229	9.766427	2.5
305	147.707956	7.691552	0.000229	67.042991	2.6
306	147.262701	7.692456	0.000229	30.936977	2.6
307	145.246988	7.718526	0.000229	24.829883	2.6
308	141.722666	7.721023	0.000228	31.867275	3.2
309	157.376393	7.723967	0.000228	42.143763	3.0
310	147.861143	7.724883	0.000228	29.714057	2.7
311	147.131652	7.733668	0.000228	36.210866	2.8
312	145.812600	7.740980	0.000228	55.783698	3.4
313	158.747051	7.761131	0.000228	39.037916	2.9
314	143.785065	7.801138	0.000228	25.361543	2.9
315	149.947067	7.804385	0.000228	41.272400	2.9
316	132.337596	7.801341	0.000228	24.127595	7.1
317	143.405217	7.800382	0.000228	13.191262	4.1
318	134.308403	7.801941	0.000228	33.872517	4.6
319	153.773513	7.803715	0.000228	40.524077	4.8
320	160.738222	7.814516	0.000228	77.973991	5.0
321	151.884291	7.804053	0.000228	82.308428	4.9
322	163.877459	8.352928	0.000224	19.543782	4.6
323	135.860673	8.366893	0.000223	36.664350	4.5
324	131.199082	8.375234	0.000223	14.999569	3.8
325	135.201640	8.376772	0.000223	25.355521	3.4
326	144.237377	8.379052	0.000223	45.989223	3.6
327	141.942203	8.387527	0.000223	16.565355	3.2
328	155.545667	8.393203	0.000223	42.832172	3.2
329	141.242630	8.394639	0.000223	33.103499	3.1
330	150.048702	8.415020	0.000223	47.438089	3.2
331	140.150823	8.411802	0.000223	29.660203	3.3
332	143.292859	8.408947	0.000223	31.422373	5.0
333	147.071246	8.414083	0.000223	30.417409	4.7
334	142.720252	8.410152	0.000223	37.871291	4.9
335	148.480624	8.415750	0.000223	33.730624	4.9
336	155.566497	8.414529	0.000223	70.786632	4.9
337	142.684739	8.422725	0.000223	49.650232	4.3
338	149.408113	8.517537	0.000222	12.162092	4.3
339	138.433607	8.522456	0.000222	10.856584	5.0
340	153.767172	8.521896	0.000222	53.644297	4.5
341	142.966013	8.523836	0.000222	28.635974	4.8
342	146.219095	8.531048	0.000222	4.632997	5.0
343	141.443295	8.531721	0.000222	40.510297	4.2
344	147.283185	8.531416	0.000222	24.520669	3.9
345	152.246533	8.533003	0.000222	43.766426	3.9
346	146.073004	8.547006	0.000222	32.724207	3.4
347	141.517088	8.548327	0.000222	34.900830	3.4
348	141.860096	8.557200	0.000222	28.571844	3.5
349	153.819481	8.564371	0.000222	22.305128	3.4
350	153.967943	8.560653	0.000222	26.434126	3.6
351	143.750430	8.557460	0.000222	36.217514	4.9
352	148.687675	8.569720	0.000222	31.730466	5.0
353	146.938626	8.568749	0.000222	28.370970	5.0
354	136.252307	8.578301	0.000222	38.978470	4.5
355	153.745670	8.578319	0.000222	30.616716	3.4
356	141.815360	8.586188	0.000222	29.193301	3.2
357	133.941280	8.597366	0.000222	33.301117	3.1
358	144.288671	8.593145	0.000222	21.324474	3.3
359	147.923345	8.599648	0.000222	6.973819	3.3
360	145.838748	8.598577	0.000222	28.373504	3.2
361	148.164595	8.597426	0.000222	25.360840	3.2
362	144.372874	8.601809	0.000222	30.038264	3.5
363	149.012320	8.609385	0.000222	18.307031	3.3
364	155.902959	8.613277	0.000222	44.048098	3.3
365	155.848402	8.614005	0.000222	68.132667	3.1
366	144.356594	8.694080	0.000221	33.754800	3.3
367	155.474935	8.739010	0.000221	32.370926	3.1
368	150.708087	8.747104	0.000221	23.866728	2.9
369	152.180957	8.751737	0.000221	29.921143	3.4
370	139.121602	8.753435	0.000221	14.634583	3.5
371	147.111150	8.750659	0.000221	46.991142	3.6
372	139.755413	8.757217	0.000221	29.402585	3.2
373	144.384254	8.761842	0.000220	12.983133	2.9
374	140.804159	8.761260	0.000221	4.965834	2.4
375	151.292527	8.761093	0.000221	47.608283	2.4
376	149.888320	8.761868	0.000220	25.791398	2.5
377	145.197717	8.759834	0.000221	32.299040	2.5
378	145.624880	8.767109	0.000220	26.430520	2.5
379	149.115798	8.776768	0.000220	28.120854	2.4
380	143.626546	8.781807	0.000220	53.429258	2.7
381	144.150911	8.798026	0.000220	55.515073	4.9
382	145.923403	8.842492	0.000220	32.345287	4.7
383	134.774509	8.842644	0.000220	18.862305	2.7
384	154.620459	8.843606	0.000220	23.812223	3.2
385	145.994581	8.842814	0.000220	56.663494	4.9
386	152.887863	8.859135	0.000220	14.501082	4.8
387	146.997246	8.856220	0.000220	33.633442	5.0
388	165.132136	8.857307	0.000220	62.777458	3.7
389	150.614734	8.851531	0.000220	50.358879	4.3
390	151.334512	8.957655	0.000219	39.019654	4.4
391	146.116828	8.954785	0.000219	24.373965	3.7
392	151.481512	8.959490	0.000219	40.289569	3.4
393	148.094237	8.957287	0.000219	42.374838	3.5
394	152.270322	8.969846	0.000219	25.532116	3.4
395	147.988765	8.966231	0.000219	58.923707	3.4
396	138.723492	8.979992	0.000219	26.605968	3.3
397	135.943457	8.985292	0.000219	55.299762	3.2
398	161.188015	9.004209	0.000219	65.026917	3.2
399	142.479631	9.052539	0.000218	73.051535	3.2
400	149.300418	9.258873	0.000217	27.568552	3.1
401	142.871658	9.287669	0.000217	40.280280	3.1
402	160.212620	9.298529	0.000217	62.622286	3.1
403	146.360537	9.362841	0.000216	31.197035	3.0
404	140.275123	9.354186	0.000216	57.070879	3.0
405	143.222088	9.385209	0.000216	11.976745	3.0
406	147.162396	9.387860	0.000216	13.286422	3.5
407	142.298589	9.386994	0.000216	40.084630	3.5
408	150.327454	9.390546	0.000216	6.682142	3.5
409	134.006135	9.392507	0.000216	26.357581	3.2
410	151.695601	9.391167	0.000216	81.871490	2.7
411	152.676373	9.409940	0.000216	36.901758	2.8
412	145.766509	9.417900	0.000216	61.041218	2.6
413	139.913066	9.416796	0.000216	12.846435	2.5
414	153.989768	9.411670	0.000216	30.338149	3.8
415	148.357618	9.414550	0.000216	13.323771	2.5
416	153.917458	9.418392	0.000216	36.550482	2.6
417	146.135804	9.419298	0.000216	32.181798	2.8
418	136.362925	9.435243	0.000216	38.892102	5.2
419	159.168640	9.429133	0.000216	49.307750	4.8
420	153.096679	9.446212	0.000216	9.934545	4.8
421	147.985614	9.451314	0.000216	16.806055	3.9
422	143.793895	9.450253	0.000216	25.290478	2.6
423	143.507029	9.447344	0.000216	31.249508	2.7
424	139.052138	9.452846	0.000215	35.339220	6.0
425	130.769650	9.449725	0.000216	26.600955	3.6
426	146.705723	9.458345	0.000215	21.712267	3.7
427	143.279770	9.457066	0.000215	28.134784	2.7
428	143.166122	9.452733	0.000215	15.914111	2.4
429	147.050986	9.451362	0.000216	8.191358	2.4
430	151.068221	9.451431	0.000216	19.549710	3.7
431	143.889795	9.451729	0.000216	49.600035	2.6
432	141.937032	9.450017	0.000216	11.712411	2.5
433	143.985432	9.452762	0.000215	22.248608	2.4
434	139.328808	9.453645	0.000215	51.802092	3.8
435	144.894428	9.449506	0.000216	61.940175	3.1
436	137.311127	9.548427	0.000215	34.341544	3.9
437	149.918156	9.582288	0.000215	21.107080	3.2
438	148.147964	9.585771	0.000215	40.501451	2.7
439	154.327439	9.589507	0.000215	30.840741	2.6
440	147.238504	9.585579	0.000215	43.352479	2.4
441	151.898702	9.590986	0.000215	29.288413	2.3
442	148.794519	9.588384	0.000215	14.205358	2.8
443	148.950819	9.590869	0.000215	44.386614	2.4
444	157.378239	9.589604	0.000215	22.584535	2.5
445	138.323178	9.595493	0.000214	6.409993	2.3
446	143.099998	9.596671	0.000214	9.696102	2.4
447	147.576574	9.596495	0.000214	17.591704	2.4
448	143.919769	9.597871	0.000214	44.911564	2.5
449	138.479785	9.605826	0.000214	32.787257	2.7
450	147.899717	9.627200	0.000214	24.005881	2.6
451	141.478666	9.623264	0.000214	50.683683	2.6
452	158.499794	9.631530	0.000214	44.343205	2.7
453	148.341735	9.679677	0.000214	24.226181	2.7
454	150.344742	9.680340	0.000214	29.957927	2.7
455	135.261772	9.687996	0.000214	22.540090	2.7
456	141.389875	9.683386	0.000214	19.278036	2.7
457	148.051317	9.680660	0.000214	25.387602	2.6
458	154.072602	9.680769	0.000214	29.877404	2.7
459	141.268232	9.676179	0.000214	41.462876	2.7
460	151.667246	9.682609	0.000214	26.933399	2.7
461	143.415302	9.679339	0.000214	24.408382	2.8
462	153.541366	9.686486	0.000214	22.312688	4.7
463	142.961824	9.690168	0.000214	65.299208	4.7
464	148.747219	9.700562	0.000214	46.187137	4.5
465	147.318173	9.737257	0.000214	24.306094	3.5
466	147.746332	9.735381	0.000214	31.571048	3.5
467	139.644534	9.738381	0.000213	50.143013	3.5
468	145.267289	9.731736	0.000214	76.067121	3.6
469	139.105329	9.826167	0.000213	9.652271	3.8
470	146.022998	9.834141	0.000213	40.346578	3.6
471	140.131009	9.835959	0.000213	27.442388	3.7
472	140.577383	9.840823	0.000213	21.388297	3.5
473	142.702083	9.841394	0.000213	50.176501	2.9
474	157.760441	9.835555	0.000213	92.268326	2.8
475	145.275058	10.013015	0.000212	15.311290	2.9
476	157.279059	10.010606	0.000212	12.979838	2.9
477	139.626963	10.011147	0.000212	68.778765	2.7
478	140.227225	10.011580	0.000212	15.520057	2.6
479	141.780690	10.015049	0.000212	23.049066	4.0
480	141.080500	10.017919	0.000212	27.972923	2.8
481	139.589497	10.017884	0.000212	48.074224	2.8
482	159.572965	10.022109	0.000212	20.446430	2.8
483	147.980130	10.035226	0.000211	12.763535	3.0
484	139.334526	10.034253	0.000211	24.989888	2.9
485	135.511236	10.036446	0.000211	18.872694	3.0
486	147.843984	10.038259	0.000211	20.411230	3.1
487	152.283953	10.041456	0.000211	6.366669	4.7
488	151.421868	10.040847	0.000211	8.304031	3.8
489	139.417457	10.040483	0.000211	53.798995	3.4
490	139.694984	10.044371	0.000211	19.392401	2.9
491	147.954380	10.047203	0.000211	21.440720	2.6
492	142.960334	10.051477	0.000211	32.352009	2.6
493	141.915188	10.058514	0.000211	18.512429	2.4
494	140.212161	10.061770	0.000211	14.939296	2.5
495	152.430802	10.061936	0.000211	42.827399	2.3
496	153.827565	10.067547	0.000211	22.925508	2.4
497	137.308311	10.074941	0.000211	30.312825	2.5
498	151.831725	10.074502	0.000211	40.344364	2.7
499	140.474503	10.087072	0.000211	34.539235	2.7
500	151.688924	10.105004	0.000211	30.661294	2.7
501	146.045032	10.115933	0.000211	33.997263	2.9
502	145.855643	10.127046	0.000211	17.203728	2.8
503	140.507450	10.126687	0.000211	33.424591	2.7
504	149.175358	10.130538	0.000211	34.277880	2.6
505	158.265102	10.142247	0.000211	60.511975	2.6
506	150.153773	10.132735	0.000211	29.602353	2.6
507	142.764866	10.149702	0.000211	39.536827	2.6
508	135.672733	10.146299	0.000211	43.593910	2.6
509	143.444466	10.149713	0.000211	21.776964	2.6
510	148.959283	10.157208	0.000211	47.135796	2.5
511	152.085212	10.160772	0.000211	21.011621	2.7
512	135.045873	10.155258	0.000211	35.616195	2.6
513	156.574506	10.163965	0.000211	23.688035	2.7
514	141.579598	10.159628	0.000211	38.059167	2.7
515	142.205766	10.164469	0.000211	13.181181	2.7
516	145.103372	10.164372	0.000211	26.883513	2.7
517	143.651556	10.167859	0.000211	41.956976	2.6
518	157.891466	10.173133	0.000211	55.629439	2.6
519	143.644095	10.164319	0.000211	46.061892	2.7
520	148.193107	10.220821	0.000210	37.225840	2.8
521	140.217234	10.216964	0.000210	34.211495	2.7
522	141.985632	10.219763	0.000210	16.983953	2.7
523	147.446348	10.216799	0.000210	26.688707	2.8
524	149.592385	10.219434	0.000210	21.981826	2.8
525	150.966450	10.220499	0.000210	18.633693	2.8
526	141.997417	10.221196	0.000210	20.486671	2.9
527	153.001093	10.223476	0.000210	29.470395	3.0
528	144.991920	10.228941	0.000210	18.956807	3.1
529	137.706341	10.232258	0.000210	22.104571	3.0
530	147.559575	10.234725	0.000210	20.681015	2.5
531	145.057548	10.233442	0.000210	5.478609	2.6
532	143.288882	10.234363	0.000210	39.524002	2.5
533	143.498029	10.234123	0.000210	33.328532	2.5
534	140.504320	10.230204	0.000210	24.347638	2.7
535	148.678330	10.234414	0.000210	14.200167	2.7
536	145.220041	10.234186	0.000210	10.901496	2.6
537	163.075888	10.235334	0.000210	28.342890	2.8
538	146.194175	10.234874	0.000210	52.541205	2.9
539	141.023315	10.245877	0.000210	27.459380	2.9
540	147.688656	10.254057	0.000210	38.762194	2.9
541	147.760454	10.251858	0.000210	56.671707	3.2
542	145.201272	10.256162	0.000210	33.186176	3.3
543	144.857743	10.283008	0.000210	31.368675	3.3
544	151.389707	10.280946	0.000210	29.196708	4.6
545	143.830542	10.281744	0.000210	20.504116	4.5
546	147.001063	10.280364	0.000210	41.288490	3.9
547	136.300040	10.288042	0.000210	19.937595	3.7
548	133.251723	10.297372	0.000210	27.418936	3.6
549	145.252448	10.297616	0.000210	36.255059	3.6
550	147.417131	10.292754	0.000210	40.324371	3.7
551	145.535313	10.316324	0.000210	11.633040	3.5
552	134.101006	10.315833	0.000210	31.615516	3.4
553	149.257968	10.318794	0.000210	25.804570	3.5
554	150.349864	10.327254	0.000209	29.554852	4.5
555	138.247986	10.335023	0.000209	17.911055	4.9
556	160.860497	10.338629	0.000209	31.607261	4.6
557	150.859000	10.339899	0.000209	22.259879	4.3
558	146.733740	10.341660	0.000209	31.293440	4.5
559	162.949376	10.343890	0.000209	45.738496	3.9
560	147.949649	10.360617	0.000209	40.753446	4.3
561	151.119640	10.364489	0.000209	26.513334	3.5
562	146.606421	10.377914	0.000209	21.685326	3.1
563	151.711731	10.380779	0.000209	54.474181	3.3
564	149.744273	10.391016	0.000209	34.681946	5.2
565	145.444313	10.406196	0.000209	29.732744	5.4
566	145.789391	10.403321	0.000209	27.217731	3.9
567	146.025187	10.400943	0.000209	14.365744	3.7
568	155.935114	10.402510	0.000209	48.666873	3.7
569	144.494581	10.403479	0.000209	12.102432	3.0
570	142.096970	10.402109	0.000209	53.589117	3.0
571	153.897164	10.406123	0.000209	36.661738	3.0
572	148.060040	10.422947	0.000209	21.787720	2.9
573	147.149507	10.424346	0.000209	24.869529	2.8
574	155.981041	10.430232	0.000209	21.612833	2.9
575	149.278015	10.428721	0.000209	18.896532	3.0
576	138.638021	10.425534	0.000209	42.028501	3.0
577	139.828673	10.431698	0.000209	78.109258	3.0
578	138.206701	10.421092	0.000209	44.032476	3.0
579	151.264409	10.509382	0.000208	49.670224	2.9
580	141.931056	10.500035	0.000208	63.495364	2.9
581	137.354812	10.541364	0.000208	27.033873	2.9
582	152.321959	10.536441	0.000208	81.656206	3.0
583	149.848097	10.565947	0.000208	19.374108	3.1
584	160.700262	10.579270	0.000208	20.725192	3.2
585	145.158572	10.577622	0.000208	38.975401	3.2
586	147.438780	10.586278	0.000208	10.005087	2.6
587	140.804030	10.587051	0.000208	49.695853	2.7
588	135.697984	10.585757	0.000208	23.732308	2.6
589	157.951075	10.579795	0.000208	27.617112	2.7
590	148.038218	10.578194	0.000208	17.843157	2.9
591	152.599956	10.580055	0.000208	59.132763	2.8
592	150.774391	10.580872	0.000208	35.753670	4.9
593	148.794218	10.602454	0.000208	49.419536	4.9
594	151.672729	10.596891	0.000208	33.442308	4.7
595	139.524438	10.603405	0.000208	52.686621	4.7
596	148.007245	10.632533	0.000207	52.005265	4.9
597	149.690268	10.696071	0.000207	30.830437	3.7
598	159.391163	10.698617	0.000207	36.552061	3.8
599	136.390399	10.701184	0.000207	39.421142	4.0
600	144.306953	10.700805	0.000207	27.484597	3.5
601	150.528970	10.711598	0.000207	17.975396	3.5
602	142.826683	10.708546	0.000207	45.251871	3.2
603	146.705490	10.718166	0.000207	49.092027	3.2
604	144.659540	10.759941	0.000207	28.642408	3.3
605	144.516047	10.751921	0.000207	52.769719	4.9
606	145.667735	10.777298	0.000207	46.726638	4.9
607	143.671092	10.767916	0.000207	44.984414	5.0
608	151.900484	10.802334	0.000206	28.582775	5.1
609	148.493296	10.795975	0.000206	37.760455	3.9
610	147.138458	10.805287	0.000206	55.966959	4.0
611	131.747829	10.831031	0.000206	49.349732	4.0
612	149.003045	10.820771	0.000206	64.858428	4.8
613	139.752417	10.910494	0.000206	28.081711	4.8
614	137.969117	10.926471	0.000206	41.832124	3.8
615	134.835036	10.930292	0.000206	18.251267	4.2
616	139.468673	10.933397	0.000206	19.991226	5.0
617	154.579674	10.930556	0.000206	43.941687	4.8
618	153.164576	10.936362	0.000205	26.969050	4.3
619	155.173628	10.942631	0.000205	26.384224	4.3
620	151.530501	10.950248	0.000205	13.625825	3.7
621	140.333321	10.952885	0.000205	36.432354	3.6
622	145.932464	10.949135	0.000205	31.677050	3.5
623	145.124656	10.953743	0.000205	16.293544	3.1
624	141.095208	10.950129	0.000205	19.143926	3.2
625	150.702587	10.952932	0.000205	23.252532	3.2
626	155.470672	10.955451	0.000205	34.018704	3.1
627	147.507334	10.957855	0.000205	42.626061	3.0
628	153.909245	10.980382	0.000205	29.839994	3.0
629	142.888499	10.996990	0.000205	11.964088	2.9
630	143.379164	10.995191	0.000205	13.260326	2.8
631	141.804183	10.995058	0.000205	16.945503	2.9
632	140.602600	10.994823	0.000205	10.181907	2.8
633	141.266234	10.995711	0.000205	17.791615	2.9
634	148.629590	10.994950	0.000205	43.944211	2.9
635	148.729085	10.996413	0.000205	37.798664	2.9
636	142.011458	11.011070	0.000205	67.118766	2.9
637	150.267737	11.016655	0.000205	50.095183	2.9
638	151.646513	11.124697	0.000204	45.710490	2.9
639	138.696599	11.115106	0.000204	68.893316	2.9
640	144.974145	11.177796	0.000204	41.197412	3.0
641	143.456581	11.253838	0.000203	24.826403	2.9
642	147.406726	11.248507	0.000203	39.840898	3.0
643	140.240265	11.256340	0.000203	38.693469	2.9
644	145.318448	11.269734	0.000203	17.819670	2.9
645	143.561693	11.275009	0.000203	30.731308	2.9
646	147.487348	11.275539	0.000203	58.365371	3.0
647	142.059434	11.293089	0.000203	22.772832	3.0
648	145.522084	11.307721	0.000203	29.175009	3.1
649	144.318001	11.306248	0.000203	29.924344	3.0
650	150.306832	11.309080	0.000203	41.687011	2.9
651	147.210490	11.311354	0.000203	36.673041	2.9
652	152.909572	11.311184	0.000203	58.215200	2.9
653	142.815545	11.351264	0.000203	15.863544	2.9
654	140.755030	11.357421	0.000203	29.377655	2.9
655	158.595807	11.357995	0.000203	37.555200	2.9
656	160.735459	11.368751	0.000203	24.055764	2.9
657	135.469777	11.380067	0.000203	31.577328	3.1
658	140.919670	11.378543	0.000203	28.583958	3.1
659	140.510286	11.377518	0.000203	31.981417	3.1
660	136.961062	11.371898	0.000203	26.044100	3.1
661	136.967819	11.380642	0.000203	50.071237	3.1
662	140.147248	11.398954	0.000203	31.364464	3.0
663	141.807271	11.419376	0.000202	42.066366	3.0
664	143.578909	11.416117	0.000202	34.378200	3.1
665	154.932774	11.416502	0.000202	29.648683	3.1
666	152.619162	11.424720	0.000202	23.103861	3.2
667	150.471550	11.420077	0.000202	38.153791	3.1
668	141.294738	11.428473	0.000202	10.501957	3.3
669	145.444705	11.431099	0.000202	27.218808	3.3
670	145.400618	11.431552	0.000202	43.587363	3.0
671	136.735996	11.428354	0.000202	43.413757	3.0
672	135.968732	11.451208	0.000202	26.259169	3.1
673	147.373070	11.444753	0.000202	56.765723	3.8
674	148.312298	11.466496	0.000202	50.576115	3.3
675	148.025502	11.459978	0.000202	20.494098	5.2
676	143.151542	11.456570	0.000202	80.536762	4.4
677	142.173993	11.479194	0.000202	58.972670	5.0
678	142.662950	11.697124	0.000201	27.967524	4.9
679	143.790752	11.702344	0.000201	21.739222	4.9
680	151.315496	11.699676	0.000201	58.795707	4.9
681	146.704479	11.705268	0.000201	28.796321	4.8
682	150.654824	11.729703	0.000201	18.400230	3.1
683	142.392185	11.732474	0.000200	54.989926	3.1
684	141.092696	11.729977	0.000201	26.636278	3.1
685	136.724099	11.729308	0.000201	21.938507	3.1
686	160.997590	11.733645	0.000200	26.675883	3.1
687	135.391071	11.734416	0.000200	41.659516	3.1
688	136.731486	11.744341	0.000200	47.020623	3.1
689	138.777082	11.761231	0.000200	32.168905	3.1
690	138.760852	11.781663	0.000200	24.945476	3.1
691	142.893683	11.778406	0.000200	13.388983	3.1
692	154.405788	11.781541	0.000200	58.584537	3.2
693	162.928135	11.779664	0.000200	57.281911	3.2
694	152.512689	11.768598	0.000200	49.176850	3.3
695	132.681171	11.838874	0.000200	72.169269	3.6
696	143.173147	11.830063	0.000200	37.436975	4.2
697	134.002044	11.872628	0.000200	11.345654	3.8
698	150.815865	11.872905	0.000200	47.946081	3.8
699	140.229562	11.877869	0.000200	33.628408	3.8
700	148.741390	11.900910	0.000199	19.108339	3.4
701	145.671113	11.896896	0.000199	27.581479	3.6
702	147.131295	11.894307	0.000200	8.215833	5.1
703	147.740488	11.893864	0.000200	67.478178	5.0
704	145.678743	11.896707	0.000199	60.114303	5.0
705	138.831858	11.889189	0.000200	25.530275	4.8
706	144.189841	11.898115	0.000199	27.267846	5.2
707	147.200354	11.897604	0.000199	33.207140	4.9
708	138.938849	11.896209	0.000199	28.539509	5.1
709	145.291555	11.893959	0.000200	45.908974	4.9
710	152.561337	11.896170	0.000199	27.994471	5.3
711	141.013298	11.911453	0.000199	32.336025	5.7
712	141.382525	11.913514	0.000199	29.935955	4.2
713	159.129901	11.920670	0.000199	52.984037	5.1
714	137.888496	11.925169	0.000199	47.019502	5.2
715	149.575744	11.957203	0.000199	29.805316	3.1
716	146.460900	11.976728	0.000199	37.523549	3.3
717	152.462615	11.972721	0.000199	25.289044	3.4
718	151.448119	11.971840	0.000199	22.617548	3.4
719	137.773816	11.968449	0.000199	34.158097	3.7
720	147.640708	11.969336	0.000199	38.352299	4.3
721	150.644823	11.974788	0.000199	20.694583	4.3
722	134.962259	11.977659	0.000199	46.447599	3.7
723	146.442626	11.975738	0.000199	38.154769	2.9
724	147.694497	11.983644	0.000199	24.987065	3.0
725	149.713139	11.986953	0.000199	38.327022	5.5
726	138.829420	11.983593	0.000199	35.805087	5.3
727	135.153384	11.980746	0.000199	53.275806	3.4
728	161.681251	12.002237	0.000199	55.129923	3.5
729	148.643221	12.084958	0.000198	41.291903	4.8
730	161.973256	12.126435	0.000198	77.534334	4.9
731	137.974337	12.203686	0.000198	65.202727	3.7
732	150.609255	12.261502	0.000197	23.311020	2.8
733	146.468965	12.281582	0.000197	67.864440	2.8
734	150.235496	12.276107	0.000197	31.487135	2.9
735	147.885527	12.319460	0.000197	38.849845	2.9
736	144.645774	12.314809	0.000197	36.711985	3.1
737	151.989621	12.306965	0.000197	37.306554	2.9
738	153.116358	12.309155	0.000197	56.105762	3.0
739	143.362022	12.314174	0.000197	40.422749	3.2
740	142.829100	12.332260	0.000197	34.830936	3.3
741	140.577563	12.325690	0.000197	26.514012	4.1
742	146.406763	12.329997	0.000197	33.555272	4.4
743	151.589370	12.331269	0.000197	29.975878	4.3
744	148.749549	12.334477	0.000197	30.803591	4.0
745	140.162306	12.329707	0.000197	23.006721	3.9
746	148.753339	12.335225	0.000197	14.925832	3.9
747	152.605678	12.335686	0.000197	28.727030	3.7
748	146.194706	12.332421	0.000197	17.525735	3.8
749	140.650846	12.337393	0.000197	32.664941	5.0
750	140.377878	12.340875	0.000197	23.610230	5.1
751	148.891425	12.347789	0.000197	20.451309	5.4
752	151.810291	12.350042	0.000197	32.259087	5.0
753	140.030445	12.348597	0.000197	31.929863	5.0
754	147.281773	12.350331	0.000197	17.653756	4.9
755	144.388743	12.350248	0.000197	16.679789	5.2
756	161.358152	12.350901	0.000197	20.433647	4.9
757	150.148753	12.348967	0.000197	36.166109	5.0
758	145.370726	12.349109	0.000197	24.469841	5.1
759	140.899258	12.345695	0.000197	44.744410	4.0
760	150.958380	12.351540	0.000197	32.759282	4.4
761	148.122864	12.355408	0.000197	17.761338	5.3
762	143.057905	12.356258	0.000197	31.987475	5.2
763	145.375291	12.359347	0.000197	34.169230	4.5
764	143.292598	12.374342	0.000197	23.171663	4.7
765	145.882962	12.379698	0.000197	25.920907	4.5
766	142.268435	12.384367	0.000197	27.061048	5.4
767	138.733594	12.383088	0.000197	13.120865	5.2
768	152.202462	12.386293	0.000197	37.574069	5.3
769	137.775466	12.382544	0.000197	39.146267	4.5
770	143.999816	12.376217	0.000197	40.928517	4.3
771	146.110448	12.390214	0.000197	39.821166	4.8
772	138.164249	12.385926	0.000197	32.296397	5.2
773	141.036743	12.405271	0.000196	24.029916	5.3
774	156.061925	12.404852	0.000196	29.701103	5.2
775	155.220013	12.405474	0.000196	21.775231	4.8
776	135.388210	12.409083	0.000196	35.261554	5.1
777	154.339928	12.405868	0.000196	75.482709	4.7
778	137.544918	12.467522	0.000196	33.411517	5.3
779	151.098861	12.511882	0.000196	23.488801	5.2
780	160.066865	12.510343	0.000196	24.298686	5.4
781	147.946853	12.510551	0.000196	31.168382	5.3
782	141.485290	12.512913	0.000196	34.107154	5.3
783	145.727007	12.511478	0.000196	33.774911	4.6
784	142.888203	12.516229	0.000196	31.563749	4.6
785	144.564960	12.514061	0.000196	42.863880	4.0
786	137.717384	12.509105	0.000196	72.204812	3.8
787	150.472853	12.519904	0.000196	75.233076	4.8
788	142.935336	12.842458	0.000194	35.727067	3.7
789	156.791030	12.895704	0.000194	31.887796	3.7
790	137.218412	12.902831	0.000194	39.290389	3.6
791	140.237924	12.915097	0.000193	22.896846	3.6
792	145.717277	12.923452	0.000193	40.247099	3.6
793	131.841198	12.927584	0.000193	18.763706	3.1
794	139.089205	12.933172	0.000193	17.908430	2.9
795	147.715838	12.934504	0.000193	39.786670	2.9
796	141.389826	12.935044	0.000193	38.757576	3.0
797	142.552722	12.926696	0.000193	30.764261	3.0
798	150.512091	12.940269	0.000193	28.729391	3.1
799	140.788445	12.940404	0.000193	28.629659	3.1
800	139.530197	12.936055	0.000193	53.969767	3.3
801	147.434476	12.955967	0.000193	15.782333	3.1
802	142.800346	12.960600	0.000193	44.905935	3.1
803	146.820900	12.965602	0.000193	43.217534	3.4
804	143.941625	12.981501	0.000193	38.334604	4.1
805	159.692254	12.999781	0.000193	33.501986	4.8
806	143.906496	12.998186	0.000193	20.314782	4.8
807	140.101622	13.006035	0.000193	15.108702	4.7
808	141.108696	13.003999	0.000193	27.530014	4.2
809	147.843301	13.001584	0.000193	36.985053	5.1
810	134.199247	13.011200	0.000193	40.317730	5.2
811	128.984979	13.035924	0.000193	11.345439	4.4
812	146.419096	13.038878	0.000193	27.415740	4.7
813	144.945495	13.036767	0.000193	31.115022	5.2
814	150.100182	13.034622	0.000193	31.368798	5.0
815	144.420882	13.034180	0.000193	32.761849	5.1
816	134.674127	13.033846	0.000193	62.720609	4.0
817	154.588698	13.049353	0.000193	21.298806	4.5
818	139.938897	13.059211	0.000193	28.234050	3.8
819	151.523415	13.062089	0.000193	22.875412	5.2
820	144.246782	13.065167	0.000193	12.176245	5.2
821	143.167839	13.066374	0.000193	56.052562	5.2
822	136.148509	13.063020	0.000193	42.615409	4.2
823	147.785790	13.111278	0.000192	43.129015	4.0
824	138.057427	13.139616	0.000192	47.676873	3.4
825	136.986366	13.178022	0.000192	43.929609	2.8
826	138.293582	13.213711	0.000192	7.825512	4.8
827	148.464963	13.211174	0.000192	31.568848	5.1
828	141.512260	13.213262	0.000192	39.482021	4.6
829	150.048226	13.214141	0.000192	34.693929	2.5
830	151.043740	13.230698	0.000192	44.681234	2.5
831	152.351630	13.225093	0.000192	42.738203	3.4
832	146.492635	13.231744	0.000192	34.164463	4.7
833	139.204182	13.248517	0.000192	50.315854	4.7
834	139.874479	13.241880	0.000192	26.518555	4.6
835	146.651405	13.255834	0.000192	36.077262	3.6
836	148.343840	13.257148	0.000192	29.544719	3.7
837	154.485600	13.259402	0.000192	19.567829	3.6
838	141.760408	13.255291	0.000192	27.971577	3.5
839	145.139800	13.257847	0.000192	33.366681	3.4
840	144.197001	13.260206	0.000192	49.502624	3.4
841	139.495456	13.282596	0.000191	39.018579	3.2
842	146.120836	13.273815	0.000191	45.196811	3.2
843	150.379691	13.304724	0.000191	27.048584	3.2
844	156.897224	13.297476	0.000191	46.844329	3.4
845	140.991202	13.290120	0.000191	47.738640	3.5
846	142.208654	13.335934	0.000191	13.334498	3.4
847	147.113480	13.334733	0.000191	30.900674	3.3
848	157.044838	13.337570	0.000191	44.862353	3.4
849	146.973636	13.358361	0.000191	16.280258	3.3
850	144.521108	13.362787	0.000191	22.089523	3.3
851	155.481700	13.362623	0.000191	17.744827	3.3
852	152.026710	13.364236	0.000191	27.095091	3.5
853	143.666898	13.361076	0.000191	37.224504	3.6
854	139.073724	13.370208	0.000191	49.346730	3.6
855	141.645090	13.361251	0.000191	38.919501	3.6
856	148.184011	13.389461	0.000191	10.397844	3.5
857	151.617440	13.391923	0.000191	30.647118	3.6
858	147.380291	13.390625	0.000191	57.062678	3.0
859	150.476817	13.389989	0.000191	47.449840	3.0
860	144.298653	13.446391	0.000191	27.523628	3.0
861	136.371371	13.445598	0.000191	15.106298	2.9
862	140.392539	13.445218	0.000191	40.357900	2.8
863	143.994107	13.442277	0.000191	36.084808	2.9
864	145.881022	13.463541	0.000190	14.529413	2.9
865	142.312865	13.462644	0.000190	36.430000	2.9
866	155.009550	13.462723	0.000190	27.917928	3.0
867	142.939122	13.468289	0.000190	50.145026	3.0
868	157.657934	13.481941	0.000190	78.594528	3.0
869	153.986548	13.473581	0.000190	73.871319	3.1
870	150.685680	13.867658	0.000188	11.927809	3.0
871	134.335760	13.862783	0.000188	10.920072	3.6
872	149.718877	13.862969	0.000188	26.254846	5.6
873	146.616438	13.864135	0.000188	11.375510	4.7
874	148.030883	13.865152	0.000188	35.528186	4.1
875	154.197243	13.864002	0.000188	35.713622	3.9
876	146.964035	13.863831	0.000188	35.917793	3.5
877	139.660158	13.870071	0.000188	37.477504	3.4
878	140.914054	13.868942	0.000188	4.542018	3.7
879	143.768580	13.869137	0.000188	47.308988	3.4
880	134.349224	13.868841	0.000188	35.391105	4.4
881	145.904287	13.887262	0.000188	21.623452	4.9
882	134.429496	13.886242	0.000188	23.265887	4.8
883	143.283851	13.889680	0.000188	23.156494	4.3
884	148.634042	13.887497	0.000188	21.482506	3.5
885	140.097688	13.884306	0.000188	15.769130	3.6
886	140.544077	13.886958	0.000188	25.138860	4.8
887	145.889608	13.885445	0.000188	15.523277	4.8
888	133.680291	13.883895	0.000188	22.246515	4.8
889	151.014061	13.886819	0.000188	66.057846	4.8
890	149.308391	13.891304	0.000188	29.257077	5.0
891	143.916878	13.900238	0.000188	44.453410	5.2
892	137.119113	13.901141	0.000188	41.796460	4.6
893	156.886188	13.895733	0.000188	42.274130	5.0
894	150.577836	13.916447	0.000188	11.387794	5.1
895	147.853564	13.919155	0.000188	41.662123	5.0
896	136.108670	13.919893	0.000188	8.678258	4.0
897	143.764150	13.918231	0.000188	8.595177	3.9
898	142.415614	13.918376	0.000188	28.885813	3.8
899	138.870213	13.920371	0.000188	36.188623	3.4
900	131.603992	13.923941	0.000188	37.743709	3.4
901	146.573196	13.928050	0.000188	36.095890	3.4
902	140.796994	13.942607	0.000188	30.515521	3.4
903	138.652397	13.957114	0.000188	24.565633	3.4
904	153.822552	13.961721	0.000188	28.594132	3.4
905	148.241673	13.959816	0.000188	18.907479	3.5
906	141.418849	13.957427	0.000188	47.206115	3.4
907	141.290069	13.964306	0.000188	33.998337	3.4
908	137.058376	13.960227	0.000188	30.909106	3.6
909	153.538392	13.971005	0.000188	38.164091	3.7
910	149.008848	13.985647	0.000188	10.283283	3.9
911	155.699058	13.986620	0.000188	30.351644	5.1
912	147.655714	13.987794	0.000188	13.878466	5.0
913	134.571725	13.991054	0.000188	30.397437	4.6
914	148.866920	13.994960	0.000188	26.593307	4.8
915	139.362522	14.002695	0.000187	13.950923	4.7
916	140.673289	14.005142	0.000187	52.339710	4.4
917	135.695886	14.013361	0.000187	18.975675	3.8
918	154.165196	14.026062	0.000187	30.454291	3.9
919	141.953033	14.025148	0.000187	35.384507	4.9
920	159.911457	14.022156	0.000187	53.729378	4.4
921	134.938851	14.035105	0.000187	68.789621	4.8
922	138.035844	14.039531	0.000187	22.351600	5.1
923	148.185297	14.036209	0.000187	72.479210	5.1
924	145.681857	14.060941	0.000187	24.290098	4.6
925	139.246216	14.063985	0.000187	30.217670	4.2
926	145.103675	14.070560	0.000187	18.491500	4.8
927	152.487332	14.068928	0.000187	32.393416	4.1
928	148.978642	14.068723	0.000187	35.123963	3.3
929	135.798932	14.071481	0.000187	7.901179	3.4
930	145.606325	14.071233	0.000187	45.701452	4.1
931	147.603718	14.069980	0.000187	17.344672	3.1
932	135.707717	14.066196	0.000187	19.893797	3.0
933	150.252627	14.066618	0.000187	45.193647	3.1
934	144.672591	14.073961	0.000187	38.655675	3.9
935	153.366751	14.082259	0.000187	22.202690	4.0
936	153.622846	14.084943	0.000187	33.419935	3.3
937	142.759520	14.080162	0.000187	65.537829	3.4
938	138.307339	14.102055	0.000187	25.334789	2.8
939	155.684223	14.127527	0.000187	42.343589	3.0
940	153.593498	14.125425	0.000187	49.076096	2.5
941	148.782870	14.169269	0.000187	56.082100	2.4
942	127.303006	14.188197	0.000186	18.804435	2.4
943	149.131840	14.199298	0.000186	32.596553	2.5
944	143.562188	14.201559	0.000186	36.346689	2.4
945	137.524318	14.210257	0.000186	26.170228	2.4
946	147.642190	14.205259	0.000186	42.469649	2.4
947	137.807303	14.217788	0.000186	36.935409	2.6
948	150.771383	14.232463	0.000186	40.197493	2.6
949	153.881182	14.255890	0.000186	30.914910	2.6
950	153.392445	14.250812	0.000186	25.313424	2.6
951	146.611203	14.255732	0.000186	53.792059	2.7
952	147.302763	14.262300	0.000186	30.408774	2.7
953	145.335546	14.282800	0.000186	60.759190	2.7
954	150.218589	14.274640	0.000186	51.671914	2.7
955	138.180154	14.285080	0.000186	31.594225	2.7
956	138.126805	14.283613	0.000186	15.635607	2.6
957	145.388954	14.282159	0.000186	7.495738	2.6
958	142.328409	14.282593	0.000186	47.516934	2.7
959	151.590628	14.285660	0.000186	46.234366	2.7
960	137.992411	14.302208	0.000186	58.095779	2.7
961	151.953025	14.350974	0.000186	32.605801	2.9
962	145.284538	14.370643	0.000186	15.921695	4.2
963	139.872351	14.371199	0.000186	30.989802	2.9
964	146.133388	14.371380	0.000186	29.997550	2.8
965	143.815940	14.376801	0.000186	29.093399	3.1
966	141.070916	14.373794	0.000186	51.761507	3.4
967	140.239851	14.369600	0.000186	42.657084	3.3
968	165.742637	14.388691	0.000185	41.677185	3.0
969	157.720702	14.410102	0.000185	41.887830	2.7
970	141.404672	14.402116	0.000185	16.544057	2.8
971	143.673555	14.404332	0.000185	56.586877	2.7
972	144.250526	14.401546	0.000185	39.290030	2.9
973	161.129815	14.434464	0.000185	18.658379	3.0
974	149.497819	14.443120	0.000185	55.012389	2.9
975	145.872743	14.446081	0.000185	36.538262	2.9
976	144.642074	14.474589	0.000185	36.582458	2.8
977	150.171026	14.477132	0.000185	23.495892	3.6
978	160.272481	14.474697	0.000185	34.500836	2.9
979	146.067288	14.482547	0.000185	12.435666	3.2
980	146.649477	14.482525	0.000185	28.788990	3.3
981	142.833992	14.484577	0.000185	35.811968	3.5
982	139.059173	14.496265	0.000185	32.144734	2.6
983	151.006961	14.490684	0.000185	41.318307	2.7
984	153.167147	14.507245	0.000185	22.876495	2.7
985	141.368970	14.515396	0.000185	32.893628	2.8
986	144.353009	14.516442	0.000185	35.202913	2.7
987	148.112231	14.528446	0.000185	30.136389	2.8
988	151.302087	14.525240	0.000185	36.597471	2.8
989	145.553374	14.535305	0.000185	32.937271	3.0
990	143.942072	14.545962	0.000185	40.688856	3.0
991	138.579136	14.541068	0.000185	45.567338	2.9
992	148.223115	14.573697	0.000184	17.489373	3.1
993	146.297165	14.580536	0.000184	27.962642	3.6
994	141.020882	14.585495	0.000184	6.790804	3.8
995	147.583500	14.585840	0.000184	33.670950	3.3
996	138.751750	14.584730	0.000184	47.103653	2.6
997	139.288661	14.583128	0.000184	40.525474	2.6
998	145.974110	14.615893	0.000184	17.711118	2.5
999	149.765180	14.619058	0.000184	26.014553	2.4
1000	143.217484	14.623324	0.000184	33.222997	2.5
1001	144.051104	14.628999	0.000184	26.877571	2.4
1002	151.742142	14.638003	0.000184	12.825621	2.4
1003	145.212704	14.637197	0.000184	35.545849	2.4
1004	137.434789	14.638872	0.000184	20.447551	2.5
1005	147.237339	14.637631	0.000184	20.285934	6.2
1006	143.301988	14.641484	0.000184	41.851722	4.9
1007	145.060505	14.639688	0.000184	12.925006	4.8
1008	151.624232	14.645246	0.000184	36.117103	4.4
1009	149.318060	14.643157	0.000184	23.400344	4.5
1010	135.410144	14.638226	0.000184	53.742265	4.5
1011	136.794085	14.650832	0.000184	20.912899	4.5
1012	144.186683	14.647430	0.000184	26.041893	3.7
1013	153.130466	14.646451	0.000184	33.392856	3.6
1014	149.480646	14.656111	0.000184	47.243227	3.7
1015	157.632297	14.672925	0.000184	50.184937	3.7
1016	135.001476	14.665888	0.000184	68.567284	5.0
1017	141.025029	14.795617	0.000183	6.268706	5.5
1018	151.086457	14.796061	0.000183	33.133661	5.0
1019	146.894977	14.795011	0.000183	32.962960	5.0
1020	142.248779	14.805611	0.000183	30.752397	4.8
1021	148.398646	14.806155	0.000183	24.048219	4.8
1022	145.071223	14.814780	0.000183	26.081680	4.7
1023	142.250210	14.817002	0.000183	13.246523	4.1
1024	147.024065	14.816796	0.000183	46.178944	3.7
1025	146.008986	14.819560	0.000183	42.180884	3.7
1026	146.813935	14.829914	0.000183	17.882908	3.6
1027	142.077648	14.831588	0.000183	57.694577	3.5
1028	145.620400	14.839031	0.000183	6.117363	3.7
1029	144.204216	14.836611	0.000183	8.818305	4.4
1030	142.338081	14.837052	0.000183	38.839074	3.9
1031	152.966675	14.839571	0.000183	54.287272	3.7
1032	150.651197	14.847899	0.000183	58.078466	3.7
1033	142.425955	14.856653	0.000183	68.789549	3.8
1034	145.234684	14.979076	0.000182	10.662650	3.3
1035	139.889796	14.981742	0.000182	78.118227	3.4
1036	144.951343	14.979399	0.000182	23.000077	3.4
1037	144.042464	14.992696	0.000182	33.819533	3.2
1038	151.292811	14.998882	0.000182	50.830388	3.1
1039	151.292267	14.997778	0.000182	30.849115	3.3
1040	143.821326	15.023040	0.000182	14.818688	3.3
1041	144.762575	15.027064	0.000182	24.905215	3.2
1042	145.681903	15.027303	0.000182	24.516444	5.1
1043	160.077133	15.034028	0.000182	61.172622	5.0
1044	152.094730	15.035405	0.000182	22.517846	4.4
1045	148.910168	15.046896	0.000182	33.257436	4.4
1046	138.816315	15.042837	0.000182	9.759475	4.5
1047	146.359630	15.045230	0.000182	9.978876	5.2
1048	154.788176	15.045217	0.000182	25.315911	5.5
1049	146.558628	15.044726	0.000182	37.611883	6.3
1050	147.637265	15.049535	0.000182	18.183150	4.5
1051	131.630149	15.053504	0.000182	75.021713	3.2
1052	138.368411	15.061324	0.000182	35.939522	3.3
1053	149.640044	15.079675	0.000182	64.477147	2.9
1054	139.662345	15.079092	0.000182	33.985517	2.6
1055	138.366668	15.085806	0.000182	12.590750	2.7
1056	137.865896	15.084630	0.000182	33.698779	2.7
1057	149.689187	15.081948	0.000182	66.949905	2.8
1058	146.967232	15.132302	0.000182	12.747341	2.8
1059	143.780135	15.130775	0.000182	28.212880	2.8
1060	140.517678	15.133801	0.000182	32.133099	2.7
1061	140.884376	15.143979	0.000182	42.474977	2.9
1062	139.385836	15.141038	0.000182	13.983111	3.0
1063	143.384492	15.140727	0.000182	33.566565	2.9
1064	158.930878	15.144191	0.000182	47.688450	3.1
1065	149.985232	15.141266	0.000182	34.216090	3.1
1066	141.883783	15.138048	0.000182	59.645402	3.2
1067	158.088727	15.178127	0.000181	40.716141	3.3
1068	139.145476	15.210393	0.000181	28.543726	5.0
1069	148.015557	15.223691	0.000181	36.878770	4.7
1070	159.418498	15.218467	0.000181	20.525098	4.8
1071	148.162500	15.225513	0.000181	3.817928	4.7
1072	142.134472	15.226005	0.000181	42.935148	3.8
1073	144.787662	15.225335	0.000181	47.994436	3.8
1074	148.739819	15.255049	0.000181	13.574318	3.6
1075	139.520733	15.255535	0.000181	35.382514	5.0
1076	147.572246	15.257753	0.000181	24.586864	5.0
1077	137.596191	15.265142	0.000181	56.511605	5.1
1078	144.209619	15.268102	0.000181	32.445185	4.9
1079	147.172039	15.271786	0.000181	35.124072	5.0
1080	144.084798	15.270801	0.000181	12.322662	4.3
1081	144.409793	15.273838	0.000181	41.181497	4.9
1082	139.194166	15.276143	0.000181	44.700498	4.0
1083	155.563100	15.310187	0.000181	50.467788	5.4
1084	144.680935	15.324081	0.000181	45.084186	5.3
1085	140.276820	15.323142	0.000181	24.081687	4.6
1086	137.902393	15.317204	0.000181	43.756419	5.3
1087	139.109793	15.328732	0.000181	38.162574	5.4
1088	156.732874	15.329164	0.000181	15.027444	5.3
1089	146.046087	15.334049	0.000181	47.456056	4.4
1090	141.969549	15.330581	0.000181	16.139701	4.3
1091	145.614155	15.336188	0.000181	30.498149	5.2
1092	148.638536	15.332618	0.000181	43.335257	5.0
1093	143.711362	15.345848	0.000181	67.711396	5.2
1094	139.357884	15.423695	0.000180	22.253271	5.0
1095	144.922683	15.415542	0.000180	38.806582	4.8
1096	153.728384	15.417898	0.000180	31.819076	3.6
1097	136.793623	15.417993	0.000180	18.825082	3.8
1098	144.574175	15.415413	0.000180	13.016870	4.6
1099	153.394087	15.414974	0.000180	45.970413	5.1
1100	151.788106	15.416860	0.000180	36.715499	5.1
1101	147.711798	15.418945	0.000180	37.621949	4.5
1102	141.444531	15.420773	0.000180	10.805038	3.8
1103	141.623253	15.424707	0.000180	30.659247	3.8
1104	152.965576	15.426452	0.000180	10.750050	3.4
1105	150.701961	15.426586	0.000180	28.002541	3.3
1106	144.954826	15.429328	0.000180	55.690221	3.4
1107	148.753926	15.427229	0.000180	19.199127	3.1
1108	140.449744	15.435604	0.000180	47.939635	3.1
1109	143.108258	15.434636	0.000180	25.834446	3.1
1110	142.780384	15.435433	0.000180	14.950608	2.9
1111	153.535204	15.437688	0.000180	26.171245	3.0
1112	137.460878	15.438512	0.000180	21.104713	2.9
1113	157.578756	15.438340	0.000180	62.297136	3.1
1114	130.737496	15.456039	0.000180	45.725090	3.2
1115	140.452103	15.536254	0.000180	27.991137	3.1
1116	146.378312	15.539858	0.000180	46.681015	3.1
1117	136.404577	15.544267	0.000180	51.627227	3.2
1118	146.769422	15.555735	0.000180	34.684760	3.2
1119	143.694027	15.582740	0.000179	35.475162	3.2
1120	140.700963	15.576852	0.000179	42.712034	3.3
1121	139.673721	15.572081	0.000179	26.304048	3.3
1122	141.967139	15.583088	0.000179	33.453021	3.3
1123	143.526322	15.579011	0.000179	13.806778	3.3
1124	156.198975	15.582143	0.000179	24.540560	3.2
1125	167.383534	15.579511	0.000179	29.217079	3.2
1126	154.235294	15.578168	0.000179	32.333247	3.1
1127	148.717976	15.587912	0.000179	39.022323	3.1
1128	134.909758	15.604258	0.000179	24.276165	3.0
1129	142.525494	15.610416	0.000179	28.960988	3.1
1130	145.503796	15.607692	0.000179	22.252125	3.0
1131	141.654052	15.608220	0.000179	49.253443	3.0
1132	145.344399	15.605416	0.000179	41.121933	3.3
1133	134.364346	15.598071	0.000179	30.800058	3.4
1134	151.680429	15.609048	0.000179	40.501646	3.4
1135	145.247206	15.603235	0.000179	37.327733	3.4
1136	144.168804	15.597229	0.000179	29.693155	3.5
1137	147.757293	15.595604	0.000179	36.909819	4.0
1138	140.848425	15.593132	0.000179	48.435900	3.4
1139	154.913925	15.584226	0.000179	35.547829	3.5
1140	137.461927	15.613797	0.000179	27.017337	2.9
1141	147.465764	15.609903	0.000179	14.015304	2.5
1142	158.103006	15.608331	0.000179	23.500241	2.4
1143	139.835554	15.609925	0.000179	30.414634	2.4
1144	151.984787	15.613766	0.000179	19.881129	2.4
1145	151.124534	15.611258	0.000179	34.390458	3.0
1146	157.461973	15.613403	0.000179	30.736180	3.2
1147	137.855309	15.624302	0.000179	28.850484	3.6
1148	151.278369	15.620295	0.000179	54.547882	3.1
1149	138.191868	15.634756	0.000179	41.885363	2.7
1150	143.839878	15.685225	0.000179	45.893276	4.8
1151	166.194659	15.710234	0.000179	25.657083	4.8
1152	147.917986	15.708183	0.000179	30.457438	4.9
1153	145.347381	15.712130	0.000179	38.190589	4.9
1154	149.444693	15.719165	0.000179	20.198581	5.0
1155	141.704787	15.725860	0.000179	20.741221	7.1
1156	140.498048	15.723327	0.000179	46.905294	4.8
1157	147.721840	15.725395	0.000179	43.377384	4.5
1158	146.999075	15.749692	0.000179	23.773685	4.8
1159	154.679020	15.751055	0.000179	35.874152	3.7
1160	142.703873	15.758518	0.000179	5.880713	3.9
1161	139.218589	15.759681	0.000179	43.415606	4.7
1162	130.022744	15.761312	0.000179	12.178778	4.8
1163	139.452009	15.766300	0.000178	31.489521	4.9
1164	144.566908	15.767827	0.000178	24.018770	4.7
1165	138.074569	15.770965	0.000178	60.429131	4.4
1166	139.616148	15.773798	0.000178	24.022214	3.7
1167	143.119993	15.790241	0.000178	26.396958	3.8
1168	141.398660	15.788600	0.000178	38.210532	4.8
1169	141.084452	15.784499	0.000178	40.806768	4.1
1170	146.114839	15.785611	0.000178	37.059134	4.5
1171	159.019786	15.802665	0.000178	35.552203	4.8
1172	144.455458	15.797557	0.000178	44.874508	4.2
1173	140.920069	15.819858	0.000178	23.353448	3.7
1174	149.459277	15.813499	0.000178	50.942648	3.8
1175	150.303641	15.828328	0.000178	39.815680	3.4
1176	145.975101	15.823065	0.000178	11.379505	3.3
1177	147.466427	15.819924	0.000178	22.802452	3.3
1178	143.755753	15.822197	0.000178	43.798574	3.1
1179	146.236183	15.815864	0.000178	37.432568	3.6
1180	154.137033	15.808838	0.000178	95.417165	3.6
1181	137.739928	15.936020	0.000178	31.719011	3.0
1182	150.269370	15.956974	0.000178	54.358409	2.9
1183	135.446742	15.977122	0.000177	44.699104	2.9
1184	152.601617	16.009836	0.000177	30.249159	2.9
1185	136.096157	16.014373	0.000177	42.194149	2.9
1186	139.867275	16.029421	0.000177	20.622023	2.9
1187	143.652659	16.036350	0.000177	28.712275	3.0
1188	133.191707	16.034438	0.000177	27.947835	3.8
1189	143.116247	16.038035	0.000177	18.964076	3.1
1190	156.961665	16.037004	0.000177	71.717622	3.1
1191	144.749191	16.055819	0.000177	39.700915	3.1
1192	152.851720	16.099962	0.000177	12.284748	3.1
1193	144.381404	16.097536	0.000177	31.631302	3.1
1194	137.966849	16.096840	0.000177	24.528524	3.4
1195	142.442193	16.100298	0.000177	54.451951	4.8
1196	163.865771	16.104442	0.000177	34.817407	4.6
1197	135.000449	16.096933	0.000177	68.334740	4.6
1198	147.838488	16.145692	0.000177	8.609452	4.3
1199	158.084445	16.150534	0.000177	62.817330	3.8
1200	148.827533	16.149378	0.000177	21.882906	4.0
1201	154.836732	16.170094	0.000177	28.195259	3.1
1202	144.839747	16.166006	0.000177	36.705300	3.8
1203	153.457019	16.170072	0.000177	16.105741	3.8
1204	142.913661	16.172752	0.000177	28.276846	4.1
1205	142.931506	16.173086	0.000177	47.260350	4.1
1206	140.761356	16.190049	0.000176	39.752255	5.1
1207	145.471299	16.196484	0.000176	37.740920	4.9
1208	151.827020	16.192613	0.000176	17.464825	4.0
1209	159.605425	16.188535	0.000176	30.990313	3.8
1210	146.915393	16.190005	0.000176	26.146018	3.8
1211	140.312484	16.194562	0.000176	17.373557	3.1
1212	136.502592	16.198550	0.000176	67.009259	3.4
1213	145.795012	16.191654	0.000176	41.408077	3.0
1214	142.304611	16.267732	0.000176	39.937576	3.3
1215	145.733230	16.266196	0.000176	15.831595	3.3
1216	139.673659	16.268168	0.000176	45.766642	3.2
1217	156.232316	16.264635	0.000176	41.869137	3.7
1218	146.101888	16.289713	0.000176	30.348571	3.6
1219	138.608887	16.283344	0.000176	61.297501	5.0
1220	153.860896	16.318818	0.000176	57.727919	5.0
1221	150.955800	16.401099	0.000175	37.104795	4.8
1222	142.700165	16.438545	0.000175	35.579622	4.8
1223	150.136381	16.450801	0.000175	39.706055	5.1
1224	148.322914	16.466621	0.000175	30.745831	4.9
1225	145.746219	16.459703	0.000175	65.970846	4.9
1226	139.266416	16.491698	0.000175	34.826546	4.9
1227	134.620560	16.533372	0.000175	24.708111	5.2
1228	141.051845	16.540611	0.000175	35.208233	5.3
1229	138.982051	16.548881	0.000175	14.487239	5.3
1230	138.317599	16.549704	0.000175	52.489939	5.3
1231	147.920909	16.545925	0.000175	40.734971	5.1
1232	146.640452	16.583782	0.000175	17.589744	5.1
1233	144.550292	16.580421	0.000175	31.138596	4.2
1234	143.051038	16.578332	0.000175	60.783784	4.0
1235	153.579783	16.592660	0.000175	66.806787	3.8
1236	144.526775	16.702022	0.000174	24.411666	3.6
1237	132.153515	16.708301	0.000174	13.171380	5.4
1238	141.662595	16.708975	0.000174	32.338091	5.5
1239	151.373923	16.710278	0.000174	21.934947	5.0
1240	141.274432	16.716870	0.000174	7.036625	4.2
1241	143.855701	16.716190	0.000174	8.614539	5.1
1242	144.317489	16.716018	0.000174	46.301442	5.5
1243	138.158591	16.716205	0.000174	46.969692	4.9
1244	147.303706	16.758494	0.000174	7.707427	3.8
1245	149.539934	16.759222	0.000174	24.587196	4.0
1246	136.585195	16.758236	0.000174	23.547337	4.1
1247	142.918316	16.754148	0.000174	14.625981	4.1
1248	146.756702	16.756481	0.000174	29.703331	3.8
1249	163.430982	16.753704	0.000174	13.186224	3.7
1250	140.023471	16.752221	0.000174	40.709227	3.6
1251	139.343514	16.753958	0.000174	44.726322	3.6
1252	142.731748	16.756949	0.000174	12.510987	3.8
1253	160.182277	16.763171	0.000174	69.471975	4.0
1254	142.828939	16.760447	0.000174	24.677677	3.3
1255	134.574862	16.781975	0.000174	29.429660	3.1
1256	153.243151	16.778363	0.000174	24.082707	3.0
1257	142.083911	16.783779	0.000174	31.259439	3.1
1258	149.274132	16.784628	0.000174	41.541242	3.0
1259	144.781857	16.800536	0.000174	39.070416	3.1
1260	141.496195	16.794301	0.000174	13.328960	3.1
1261	142.103697	16.795018	0.000174	29.271867	3.3
1262	142.384384	16.797975	0.000174	22.407661	3.2
1263	146.281364	16.800991	0.000174	39.981904	3.2
1264	144.852055	16.795792	0.000174	35.809941	3.3
1265	150.753512	16.810621	0.000174	6.256623	4.5
1266	145.195495	16.811487	0.000174	58.024054	4.4
1267	141.254405	16.810165	0.000174	40.297192	4.2
1268	140.422501	16.856895	0.000173	11.466140	4.3
1269	142.724394	16.854966	0.000173	21.448371	3.4
1270	143.657666	16.852966	0.000173	16.400813	3.3
1271	141.459452	16.854004	0.000173	13.156247	3.5
1272	147.740437	16.854510	0.000173	33.654147	3.1
1273	146.486431	16.857431	0.000173	26.498450	3.2
1274	137.752117	16.853363	0.000173	30.387678	3.1
1275	148.605679	16.861285	0.000173	43.057651	3.5
1276	146.229722	16.871742	0.000173	39.487333	3.5
1277	151.190300	16.901695	0.000173	27.239115	3.4
1278	134.783533	16.901097	0.000173	55.532139	3.2
1279	131.195680	16.899305	0.000173	24.572251	3.2
1280	150.425416	16.915215	0.000173	54.189484	3.3
1281	148.113544	16.914437	0.000173	26.343631	3.4
1282	147.513089	16.920846	0.000173	30.438542	3.3
1283	152.668247	16.916302	0.000173	29.311667	3.4
1284	146.559302	16.921417	0.000173	26.624649	3.2
1285	152.810509	16.923472	0.000173	22.248492	3.3
1286	149.667058	16.921258	0.000173	40.198002	3.3
1287	148.266333	16.931126	0.000173	42.204433	3.2
1288	140.643425	16.931258	0.000173	50.693271	3.3
1289	139.899536	16.949924	0.000173	19.973239	3.3
1290	145.323493	16.943409	0.000173	38.985538	3.6
1291	145.967251	16.947160	0.000173	16.711852	3.8
1292	151.024974	16.946922	0.000173	41.368564	5.1
1293	138.051360	16.952171	0.000173	34.406642	5.0
1294	147.445793	16.969498	0.000173	39.630617	5.2
1295	142.711236	16.984852	0.000173	29.994647	4.9
1296	139.705505	16.984029	0.000173	24.157860	4.9
1297	146.540112	16.987184	0.000173	24.791454	5.3
1298	143.169438	16.992969	0.000173	55.512792	5.3
1299	139.838163	16.998733	0.000173	45.479208	4.0
1300	161.681949	17.001660	0.000173	38.826768	3.6
1301	142.946844	17.020914	0.000173	29.072272	5.1
1302	156.779184	17.013940	0.000173	10.062876	5.1
1303	142.998613	17.012904	0.000173	24.442371	5.2
1304	151.391094	17.015188	0.000173	4.717026	4.7
1305	143.590941	17.015526	0.000173	14.515028	4.5
1306	146.572058	17.015108	0.000173	36.666746	4.1
1307	143.647301	17.016571	0.000173	38.028312	4.5
1308	150.075768	17.026212	0.000173	35.632719	4.0
1309	155.577200	17.043535	0.000172	45.788697	4.3
1310	145.046412	17.071482	0.000172	18.880602	5.0
1311	142.086426	17.082142	0.000172	31.824014	5.0
1312	145.256317	17.078444	0.000172	43.199022	4.8
1313	152.035530	17.073661	0.000172	47.267512	4.5
1314	138.817649	17.103419	0.000172	22.171873	4.8
1315	156.404591	17.100007	0.000172	24.497526	4.4
1316	144.099401	17.104879	0.000172	28.709533	4.1
1317	143.662181	17.110662	0.000172	42.138313	4.0
1318	138.475147	17.106133	0.000172	45.191920	3.6
1319	143.760998	17.106211	0.000172	22.234553	3.7
1320	138.179150	17.116061	0.000172	27.125584	3.6
1321	147.395087	17.114273	0.000172	67.479403	3.3
1322	148.045188	17.123749	0.000172	30.528256	3.3
1323	142.554364	17.161179	0.000172	53.004618	3.3
1324	133.509127	17.153106	0.000172	35.804820	3.2
1325	147.129020	17.154456	0.000172	33.733012	3.1
1326	138.989986	17.162842	0.000172	21.984599	3.1
1327	145.017133	17.161771	0.000172	22.965134	3.3
1328	144.269144	17.167198	0.000172	49.356964	3.4
1329	144.544433	17.171946	0.000172	33.393999	3.3
1330	140.262014	17.193232	0.000172	35.427643	2.8
1331	140.156120	17.195401	0.000172	17.042667	2.7
1332	144.313885	17.199932	0.000172	36.454447	2.8
1333	152.234034	17.196248	0.000172	30.061900	2.8
1334	143.761266	17.210367	0.000172	31.326826	4.4
1335	139.902031	17.211299	0.000172	59.341787	4.6
1336	127.924333	17.220343	0.000172	20.093553	4.1
1337	154.910340	17.225650	0.000172	43.237288	4.0
1338	138.076482	17.222138	0.000172	21.268553	3.8
1339	152.456897	17.231999	0.000172	50.733635	3.8
1340	123.928159	17.225328	0.000172	31.832756	3.7
1341	146.858839	17.249420	0.000172	30.385605	3.0
1342	144.980664	17.262232	0.000172	40.308834	3.1
1343	136.765055	17.264322	0.000172	33.514461	3.2
1344	142.213056	17.282425	0.000171	13.099168	3.3
1345	136.204704	17.284072	0.000171	34.570467	3.3
1346	146.526164	17.281769	0.000171	7.914416	3.3
1347	150.019234	17.281251	0.000171	52.683101	3.7
1348	137.501588	17.280509	0.000171	40.182823	3.9
1349	135.041301	17.291118	0.000171	38.573747	3.6
1350	155.445417	17.313110	0.000171	59.209273	3.5
1351	146.838882	17.352578	0.000171	41.309209	3.1
1352	144.955530	17.385574	0.000171	8.951191	3.0
1353	141.196153	17.389383	0.000171	30.076392	3.8
1354	141.129667	17.388600	0.000171	23.691735	3.0
1355	141.882291	17.393549	0.000171	27.501239	3.1
1356	152.672229	17.400578	0.000171	38.276760	3.1
1357	141.490918	17.410625	0.000171	61.900981	5.8
1358	146.187770	17.421843	0.000171	34.199221	4.9
1359	144.715023	17.428843	0.000171	51.797014	4.7
1360	143.914684	17.419787	0.000171	15.159848	4.9
1361	146.337430	17.423743	0.000171	31.590484	4.9
1362	148.436688	17.427835	0.000171	58.443310	4.0
1363	143.047194	17.453303	0.000171	48.150388	4.1
1364	140.231886	17.453774	0.000171	23.922408	4.2
1365	137.743264	17.454714	0.000171	23.966763	2.7
1366	140.973913	17.451532	0.000171	25.410366	2.7
1367	149.969892	17.457104	0.000171	38.658425	2.9
1368	154.492627	17.454332	0.000171	12.121083	2.9
1369	164.323761	17.457911	0.000171	37.603511	2.8
1370	146.793446	17.461375	0.000171	70.055230	2.6
1371	158.991020	17.502451	0.000170	33.772420	2.7
1372	151.968798	17.509273	0.000170	30.272906	2.7
1373	140.621876	17.523114	0.000170	28.848824	2.7
1374	150.346866	17.518279	0.000170	39.201183	2.7
1375	142.741952	17.531474	0.000170	17.637773	2.7
1376	146.504547	17.531192	0.000170	28.514675	2.8
1377	154.152303	17.533717	0.000170	43.772047	2.8
1378	131.167499	17.543542	0.000170	42.520813	2.8
1379	138.004988	17.578301	0.000170	10.962796	3.0
1380	159.505732	17.576539	0.000170	56.749245	3.0
1381	141.117925	17.577069	0.000170	27.685646	3.0
1382	140.472974	17.594218	0.000170	28.855765	3.0
1383	150.341121	17.599708	0.000170	58.765803	3.0
1384	142.206515	17.614646	0.000170	26.374510	2.9
1385	143.960640	17.631356	0.000170	27.338894	3.1
1386	155.760343	17.637577	0.000170	28.548792	5.0
1387	136.926741	17.644309	0.000170	8.339632	4.7
1388	147.899251	17.645969	0.000170	35.760223	4.6
1389	146.752546	17.646552	0.000170	19.325126	4.6
1390	144.060707	17.646948	0.000170	18.328285	3.7
1391	139.255971	17.648165	0.000170	13.244847	3.7
1392	148.517040	17.646278	0.000170	17.336183	3.7
1393	142.965399	17.647503	0.000170	45.497854	3.6
1394	149.285357	17.653674	0.000170	25.940231	5.0
1395	152.497585	17.670649	0.000170	11.756836	5.0
1396	138.694428	17.669088	0.000170	20.455246	5.2
1397	141.458833	17.668164	0.000170	62.841806	4.5
1398	146.161762	17.675530	0.000170	29.039788	4.5
1399	146.748339	17.702582	0.000170	23.113735	3.6
1400	157.102864	17.699737	0.000170	57.036066	3.5
1401	143.207807	17.719232	0.000169	34.044510	3.7
1402	146.053760	17.751651	0.000169	25.624218	3.1
1403	152.030698	17.747958	0.000169	33.136235	3.0
1404	145.283410	17.747453	0.000169	10.589507	2.9
1405	134.586703	17.750013	0.000169	37.696141	2.8
1406	137.851337	17.747031	0.000169	43.650673	3.2
1407	149.601484	17.740953	0.000169	74.129716	2.8
1408	144.343179	17.833937	0.000169	13.112038	2.8
1409	146.766483	17.831488	0.000169	14.239419	5.4
1410	138.046782	17.831561	0.000169	32.054680	2.6
1411	143.327191	17.828626	0.000169	45.716672	2.5
1412	150.024024	17.847413	0.000169	32.138396	2.5
1413	132.164093	17.841864	0.000169	52.440866	2.5
1414	149.704660	17.869099	0.000169	60.105632	2.5
1415	150.830779	17.922163	0.000169	45.651686	2.4
1416	152.115683	17.954327	0.000168	29.237527	2.5
1417	144.113584	17.949965	0.000168	13.534050	2.6
1418	155.024851	17.954040	0.000168	45.102181	2.6
1419	135.177705	17.953822	0.000168	46.689754	2.6
1420	144.410758	17.993926	0.000168	12.891571	2.9
1421	130.059612	17.997981	0.000168	38.400632	3.1
1422	144.819934	18.000214	0.000168	23.518821	3.0
1423	152.218877	18.003464	0.000168	34.174337	3.1
1424	133.981516	18.001874	0.000168	17.408745	2.9
1425	136.865408	18.007472	0.000168	30.447521	2.9
1426	141.769446	18.003564	0.000168	29.949506	3.0
1427	144.221664	18.000265	0.000168	34.765292	3.0
1428	140.372452	18.007524	0.000168	19.539755	3.1
1429	144.311000	18.013386	0.000168	20.800429	3.1
1430	154.793626	18.010946	0.000168	48.856817	3.2
1431	139.024667	18.015982	0.000168	26.574354	3.1
1432	148.601712	18.029337	0.000168	35.884226	3.1
1433	149.484359	18.033930	0.000168	34.322232	3.2
1434	143.332778	18.036105	0.000168	39.268699	3.4
1435	139.318073	18.049440	0.000168	40.060998	3.4
1436	144.698455	18.047060	0.000168	14.078975	3.4
1437	150.756934	18.047706	0.000168	11.475891	3.4
1438	141.682066	18.046989	0.000168	46.894376	3.5
1439	134.123577	18.051178	0.000168	27.747263	3.7
1440	149.561937	18.049598	0.000168	20.687777	3.7
1441	144.024200	18.053889	0.000168	15.094034	3.7
1442	143.207697	18.053619	0.000168	20.838711	3.9
1443	158.179310	18.052974	0.000168	29.994203	3.9
1444	148.711115	18.059342	0.000168	19.680321	3.2
1445	138.097685	18.062556	0.000168	46.784424	3.2
1446	146.373062	18.069426	0.000168	15.500240	3.1
1447	140.633927	18.069020	0.000168	28.202837	3.1
1448	141.184928	18.072773	0.000168	35.332334	3.2
1449	143.352379	18.069296	0.000168	27.189354	3.2
1450	148.746729	18.080661	0.000168	46.157884	3.1
1451	150.221645	18.079823	0.000168	36.015563	3.1
1452	152.496371	18.097198	0.000168	29.072538	3.0
1453	149.064737	18.095428	0.000168	35.617050	3.1
1454	143.158709	18.088859	0.000168	32.981686	3.1
1455	151.008810	18.099976	0.000168	32.563858	3.1
1456	148.721462	18.114288	0.000168	50.570490	3.1
1457	141.782889	18.119390	0.000168	30.589878	3.0
1458	142.934951	18.121090	0.000168	38.292091	3.0
1459	140.573759	18.137073	0.000168	11.121995	3.0
1460	136.766458	18.136757	0.000168	19.534210	3.4
1461	137.192377	18.135736	0.000168	29.931612	3.6
1462	145.527575	18.141840	0.000168	8.046855	3.3
1463	142.699206	18.141544	0.000168	24.696826	2.7
1464	134.251711	18.143070	0.000168	28.301933	2.8
1465	142.581896	18.141091	0.000168	47.804590	2.7
1466	147.070470	18.161500	0.000168	24.894862	2.7
1467	134.316471	18.171062	0.000168	33.968435	2.7
1468	137.312106	18.168060	0.000168	28.789932	2.7
1469	149.272683	18.168339	0.000168	18.842719	2.8
1470	150.810073	18.173134	0.000168	41.817527	2.9
1471	142.241754	18.173496	0.000168	25.227438	3.0
1472	140.063628	18.167226	0.000168	28.773665	2.9
1473	148.534372	18.165682	0.000168	39.823532	4.0
1474	139.266961	18.165569	0.000168	34.460438	3.0
1475	140.275568	18.185507	0.000167	26.596789	2.9
1476	138.524774	18.184135	0.000167	15.271543	5.2
1477	141.570925	18.184951	0.000167	22.301222	3.1
1478	142.560772	18.185368	0.000167	17.759658	3.0
1479	150.954810	18.186085	0.000167	13.118207	3.6
1480	147.145317	18.184589	0.000167	25.563751	3.6
1481	138.477713	18.186662	0.000167	34.288379	3.7
1482	152.469166	18.186759	0.000167	32.451280	3.6
1483	142.274727	18.194271	0.000167	39.309903	3.0
1484	143.276129	18.198906	0.000167	28.563523	2.9
1485	130.803362	18.198816	0.000167	16.350489	3.2
1486	131.052500	18.199832	0.000167	24.493201	3.2
1487	143.229313	18.197415	0.000167	43.092807	4.9
1488	140.212018	18.206644	0.000167	42.239433	4.7
1489	142.101215	18.214152	0.000167	50.317831	3.8
1490	140.549290	18.241657	0.000167	25.971483	5.1
1491	145.616980	18.257426	0.000167	28.989996	5.0
1492	146.837732	18.260634	0.000167	40.807169	4.0
1493	148.024531	18.269746	0.000167	26.556237	4.5
1494	165.986262	18.279152	0.000167	31.331205	4.5
1495	138.865164	18.279131	0.000167	4.928260	4.5
1496	144.705970	18.278580	0.000167	37.271356	4.6
1497	151.919125	18.277616	0.000167	59.111643	3.7
1498	144.112406	18.297378	0.000167	20.810710	3.6
1499	143.755918	18.308339	0.000167	14.729910	3.4
1500	146.439347	18.310543	0.000167	17.666568	3.3
1501	156.913679	18.309569	0.000167	20.714149	3.3
1502	146.930067	18.310752	0.000167	22.202826	3.2
1503	140.060010	18.309904	0.000167	55.012753	3.3
1504	158.393941	18.307139	0.000167	66.872849	3.3
1505	148.997294	18.342432	0.000167	46.468474	3.2
1506	152.346086	18.382186	0.000167	18.854141	3.2
1507	153.948843	18.387733	0.000167	33.514783	3.1
1508	135.265106	18.390401	0.000167	49.981350	3.2
1509	143.583296	18.414252	0.000167	10.955101	3.5
1510	148.615818	18.411623	0.000167	30.076647	3.4
1511	156.728709	18.414289	0.000167	85.432279	3.4
1512	151.168296	18.411174	0.000167	9.771353	3.3
1513	155.531959	18.418671	0.000166	27.344033	3.2
1514	151.904508	18.416452	0.000166	25.041174	3.3
1515	135.323931	18.413984	0.000167	53.724358	3.6
1516	141.326025	18.424974	0.000166	32.427056	3.6
1517	153.447772	18.421817	0.000166	28.082333	3.4
1518	142.696465	18.416208	0.000166	29.346197	3.5
1519	151.365126	18.417979	0.000166	25.156601	3.4
1520	139.756643	18.415452	0.000166	43.974761	2.9
1521	139.576525	18.419796	0.000166	13.726821	2.9
1522	142.612938	18.422657	0.000166	41.959222	2.8
1523	148.301547	18.419832	0.000166	14.344484	3.1
1524	142.854979	18.421243	0.000166	51.327470	2.9
1525	146.924772	18.417990	0.000166	54.890176	2.9
1526	136.081269	18.464675	0.000166	49.748472	2.9
1527	134.889326	18.487537	0.000166	48.330620	3.0
1528	139.267699	18.478219	0.000166	31.679087	2.9
1529	140.914685	18.487770	0.000166	42.787634	3.0
1530	157.460742	18.484363	0.000166	31.224077	4.9
1531	134.060700	18.477651	0.000166	44.480722	3.0
1532	132.485590	18.498831	0.000166	25.663066	3.4
1533	138.800670	18.493089	0.000166	17.071386	3.8
1534	141.247132	18.490064	0.000166	39.048265	4.7
1535	140.317472	18.494371	0.000166	39.645252	3.8
1536	144.362958	18.519926	0.000166	29.092118	4.8
1537	151.815234	18.525889	0.000166	38.913187	4.2
1538	142.523088	18.519586	0.000166	43.310718	3.5
1539	143.964179	18.547886	0.000166	42.023739	3.4
1540	151.605610	18.548100	0.000166	39.079036	3.4
1541	146.692063	18.547561	0.000166	31.145821	3.2
1542	151.312490	18.560882	0.000166	13.381390	3.2
1543	146.015700	18.562561	0.000166	17.784500	3.2
1544	135.448036	18.560737	0.000166	27.513009	3.1
1545	137.724871	18.562971	0.000166	37.245335	3.0
1546	129.019983	18.558769	0.000166	30.899433	3.1
1547	148.164473	18.565622	0.000166	47.794214	4.8
1548	140.811964	18.580062	0.000166	16.303069	4.6
1549	142.304810	18.586226	0.000166	36.476080	3.6
1550	151.285678	18.586956	0.000166	17.557064	3.5
1551	139.115150	18.584782	0.000166	49.230787	3.6
1552	141.700261	18.593012	0.000166	54.677988	3.6
1553	152.487047	18.655312	0.000165	24.221395	3.7
1554	142.895765	18.647876	0.000166	33.809832	4.0
1555	131.423029	18.654041	0.000165	18.284883	3.9
1556	135.301866	18.649795	0.000166	33.260638	3.9
1557	141.336691	18.649094	0.000166	18.979819	3.9
1558	140.562285	18.651593	0.000166	32.278608	3.8
1559	146.730542	18.651205	0.000166	29.385038	3.8
1560	149.712189	18.651679	0.000166	35.345074	3.5
1561	153.376547	18.662578	0.000165	33.067883	3.4
1562	150.756297	18.663848	0.000165	57.311151	3.4
1563	145.817112	18.694223	0.000165	29.103485	3.3
1564	156.652282	18.702970	0.000165	10.031140	3.3
1565	141.624316	18.701044	0.000165	19.226701	3.3
1566	140.746707	18.702141	0.000165	35.638591	3.7
1567	151.468429	18.702472	0.000165	43.376166	3.7
1568	141.912641	18.721882	0.000165	26.506934	3.4
1569	147.182230	18.715413	0.000165	40.791898	3.0
1570	138.818371	18.716635	0.000165	59.782333	3.0
1571	144.836434	18.711387	0.000165	29.175342	3.0
1572	145.572064	18.734321	0.000165	24.051918	3.0
1573	156.613527	18.741345	0.000165	34.986882	3.0
1574	154.668041	18.742040	0.000165	59.518347	2.9
1575	148.622816	18.736971	0.000165	30.684648	3.0
1576	146.012805	18.733466	0.000165	50.703801	4.9
1577	127.912283	18.753072	0.000165	66.597517	3.2
1578	154.448070	18.742820	0.000165	46.091413	3.6
1579	153.244368	18.796925	0.000165	29.177507	3.6
1580	148.070657	18.799743	0.000165	14.161102	3.7
1581	171.040454	18.801128	0.000165	44.715173	3.5
1582	135.152608	18.805373	0.000165	47.752000	3.5
1583	144.429285	18.826717	0.000165	41.276615	3.5
1584	143.097124	18.850414	0.000165	62.759584	3.5
1585	148.644051	18.869147	0.000165	43.263354	3.5
1586	136.454740	18.943468	0.000164	13.698219	4.4
1587	148.197789	18.942116	0.000164	19.915317	3.9
1588	138.115214	18.944452	0.000164	35.575026	3.7
1589	143.831339	18.941419	0.000164	39.518442	3.4
1590	133.482029	18.955841	0.000164	33.353074	3.7
1591	141.691711	18.951112	0.000164	19.788111	3.7
1592	143.450078	18.951349	0.000164	14.434468	5.1
1593	154.932974	18.950379	0.000164	17.229426	3.9
1594	141.751942	18.949777	0.000164	51.481472	5.0
1595	156.215918	18.950431	0.000164	24.817008	5.2
1596	142.943487	18.955948	0.000164	36.201176	4.9
1597	142.446886	18.966309	0.000164	42.347451	5.0
1598	147.227554	18.984514	0.000164	16.005767	5.3
1599	155.159409	18.984381	0.000164	31.339435	5.6
1600	136.235266	18.985366	0.000164	31.850778	4.3
1601	151.331563	18.983722	0.000164	42.878629	4.0
1602	156.582846	19.003950	0.000164	12.212026	3.6
1603	150.412166	19.005341	0.000164	79.513832	3.6
1604	152.177110	19.005181	0.000164	43.218075	4.7
1605	147.660624	19.133763	0.000164	37.576474	4.8
1606	148.380596	19.125083	0.000164	11.091031	4.4
1607	123.419417	19.127841	0.000164	41.758817	3.8
1608	162.081719	19.129291	0.000164	23.741602	3.9
1609	139.265137	19.133213	0.000164	32.363200	5.1
1610	146.633318	19.140950	0.000163	38.888021	4.8
1611	145.989779	19.147077	0.000163	12.793895	5.3
1612	147.847317	19.143245	0.000163	19.585136	5.1
1613	141.784694	19.142809	0.000163	17.940206	4.1
1614	134.202929	19.144940	0.000163	53.530621	4.0
1615	150.041900	19.139186	0.000163	46.212339	4.1
1616	145.799399	19.178563	0.000163	25.706793	4.7
1617	144.320888	19.173307	0.000163	24.792892	5.0
1618	145.434618	19.178471	0.000163	16.068647	5.0
1619	146.311773	19.182494	0.000163	39.516792	4.8
1620	161.388806	19.179168	0.000163	49.586656	3.8
1621	150.879440	19.186664	0.000163	22.270981	3.8
1622	148.910782	19.187276	0.000163	39.469617	3.5
1623	159.105052	19.188937	0.000163	54.645542	3.5
1624	136.549865	19.180214	0.000163	12.881813	3.5
1625	153.641713	19.178281	0.000163	28.878327	3.2
1626	154.430628	19.180565	0.000163	20.014173	3.3
1627	154.046151	19.182016	0.000163	42.797756	5.2
1628	150.592975	19.181325	0.000163	49.334444	4.1
1629	135.939103	19.205409	0.000163	34.673060	4.1
1630	144.173496	19.232635	0.000163	32.436995	4.0
1631	134.588803	19.227297	0.000163	39.017501	4.0
1632	143.607063	19.223597	0.000163	34.000411	3.8
1633	147.056999	19.243742	0.000163	21.615109	3.5
1634	146.800749	19.240125	0.000163	27.073683	3.6
1635	136.130307	19.236381	0.000163	50.638220	3.7
1636	140.776483	19.252088	0.000163	30.175854	4.6
1637	146.751989	19.248976	0.000163	30.034785	4.8
1638	143.437620	19.252343	0.000163	36.807326	2.9
1639	151.076809	19.255514	0.000163	46.895619	2.9
1640	140.068487	19.248461	0.000163	60.394658	3.0
1641	146.853708	19.305257	0.000163	18.399690	3.0
1642	131.074645	19.310372	0.000163	36.654718	3.0
1643	138.807599	19.316133	0.000163	22.636390	8.6
1644	146.366148	19.314146	0.000163	42.618141	5.0
1645	147.852235	19.316845	0.000163	19.369327	5.8
1646	157.198158	19.313948	0.000163	23.270365	5.1
1647	149.293770	19.317907	0.000163	25.854279	5.3
1648	139.832651	19.321366	0.000163	33.054379	4.2
1649	152.384722	19.330289	0.000163	14.386008	5.6
1650	149.474211	19.333289	0.000163	48.707914	3.0
1651	146.333634	19.330615	0.000163	56.510683	3.2
1652	143.306061	19.361391	0.000163	31.081167	3.2
1653	146.258596	19.367451	0.000163	29.345680	3.4
1654	144.136224	19.377944	0.000163	17.689198	3.6
1655	147.099425	19.374284	0.000163	39.370061	3.3
1656	142.240224	19.380424	0.000163	15.021873	4.9
1657	155.858254	19.382848	0.000163	28.854221	4.9
1658	133.883028	19.386412	0.000162	17.425231	4.8
1659	146.248860	19.388706	0.000162	35.268542	4.9
1660	144.517918	19.389973	0.000162	19.777422	3.8
1661	146.323743	19.385123	0.000162	28.040373	4.2
1662	144.559432	19.386910	0.000162	37.021528	5.0
1663	142.068198	19.393435	0.000162	49.013866	4.3
1664	136.691789	19.387273	0.000162	32.817457	4.9
1665	156.216547	19.385835	0.000162	42.838916	5.1
1666	142.565947	19.382674	0.000163	42.050852	5.5
1667	144.907116	19.375557	0.000163	25.356943	5.1
1668	159.497226	19.369887	0.000163	42.162194	5.0
1669	147.051362	19.373332	0.000163	29.287508	5.0
1670	143.361760	19.377737	0.000163	9.536844	5.3
1671	151.672617	19.376926	0.000163	30.671202	4.7
1672	139.095339	19.375515	0.000163	18.162553	5.4
1673	136.159046	19.374007	0.000163	36.995789	4.3
1674	149.888898	19.379419	0.000163	38.078577	3.8
1675	157.445351	19.392537	0.000162	56.354984	4.0
1676	145.423537	19.404328	0.000162	34.490756	6.6
1677	145.487026	19.416896	0.000162	15.766038	5.3
1678	150.566986	19.416163	0.000162	44.172446	5.2
1679	139.361052	19.422652	0.000162	54.525529	4.5
1680	143.357369	19.479453	0.000162	21.680367	4.7
1681	150.936811	19.482782	0.000162	23.148938	4.6
1682	139.349274	19.487718	0.000162	35.624929	5.8
1683	154.370443	19.488686	0.000162	20.599640	4.9
1684	141.807676	19.488816	0.000162	13.168995	4.9
1685	145.724545	19.487129	0.000162	41.325204	4.6
1686	141.563352	19.485152	0.000162	53.832269	7.1
1687	153.255327	19.524642	0.000162	68.428684	3.1
1688	150.690344	19.670187	0.000161	23.339522	5.2
1689	155.721304	19.670425	0.000161	26.839150	5.0
1690	141.247828	19.674199	0.000161	75.844643	2.9
1691	142.358342	19.685340	0.000161	47.467033	5.4
1692	162.350526	19.737683	0.000161	43.174346	4.9
1693	149.096690	19.729847	0.000161	16.002249	4.7
1694	149.194061	19.730652	0.000161	27.153175	3.2
1695	144.489774	19.730462	0.000161	15.774274	2.9
1696	139.167910	19.733250	0.000161	21.229440	3.1
1697	154.785580	19.736322	0.000161	17.510551	4.8
1698	153.490063	19.733634	0.000161	52.944366	3.2
1699	152.763498	19.739232	0.000161	35.511474	4.5
1700	153.158313	19.768337	0.000161	17.353379	3.5
1701	142.954328	19.765404	0.000161	39.112975	4.4
1702	136.014257	19.766386	0.000161	37.368059	3.6
1703	137.060014	19.758221	0.000161	28.432236	5.2
1704	136.583623	19.754245	0.000161	27.447433	4.0
1705	142.179030	19.761767	0.000161	36.934182	4.0
1706	133.682411	19.757306	0.000161	40.048085	3.9
1707	150.814348	19.775575	0.000161	41.414492	4.3
1708	130.421482	19.798016	0.000161	72.879153	4.9
1709	144.357615	19.836203	0.000161	53.443133	4.8
1710	146.325731	19.992690	0.000160	20.613744	4.7
1711	139.849613	20.005900	0.000160	51.515160	3.8
1712	144.848049	20.011382	0.000160	40.155423	3.8
1713	140.488387	20.016966	0.000160	25.292000	3.8
1714	137.560937	20.022354	0.000160	19.996355	3.5
1715	145.540129	20.019225	0.000160	15.600240	5.6
1716	141.365245	20.019687	0.000160	31.516616	3.5
1717	156.357207	20.021972	0.000160	26.037742	3.5
1718	133.452350	20.023825	0.000160	26.835195	3.5
1719	146.771579	20.025894	0.000160	16.787779	3.9
1720	146.473303	20.029570	0.000160	15.772988	3.6
1721	136.695921	20.027892	0.000160	30.631298	5.9
1722	153.065755	20.031303	0.000160	53.072990	4.9
1723	131.979190	20.054095	0.000160	51.208370	3.8
1724	145.312484	20.110384	0.000160	14.776642	3.9
1725	148.401069	20.107167	0.000160	39.936475	3.7
1726	155.442886	20.113743	0.000160	75.854336	4.4
1727	144.118110	20.165249	0.000159	22.432421	3.7
1728	138.935963	20.183736	0.000159	36.834197	4.0
1729	161.111992	20.179443	0.000159	32.666665	4.7
1730	145.516565	20.196735	0.000159	39.932621	4.9
1731	147.784409	20.204257	0.000159	34.287043	3.6
1732	137.969536	20.199605	0.000159	46.719560	4.9
1733	152.427331	20.212783	0.000159	28.875790	3.9
1734	153.484681	20.228436	0.000159	34.735519	3.4
1735	157.742404	20.240385	0.000159	21.928017	5.7
1736	155.363897	20.243149	0.000159	41.576735	4.8
1737	138.994488	20.248627	0.000159	25.282009	3.5
1738	145.474623	20.259022	0.000159	21.438718	3.5
1739	159.730704	20.256402	0.000159	37.588812	3.4
1740	144.023246	20.263349	0.000159	60.106270	3.2
1741	144.520828	20.278167	0.000159	18.063373	3.0
1742	152.787900	20.285236	0.000159	11.532557	3.1
1743	140.472398	20.284766	0.000159	10.858634	2.7
1744	155.331557	20.285182	0.000159	37.740677	4.4
1745	136.292302	20.289001	0.000159	17.604012	4.8
1746	135.979338	20.296469	0.000159	41.697511	7.7
1747	139.713087	20.293030	0.000159	40.767915	3.7
1748	144.647153	20.295925	0.000159	55.208856	3.8
1749	143.382837	20.307509	0.000159	60.486294	3.7
1750	154.470988	20.340517	0.000159	27.857885	3.6
1751	134.986026	20.352983	0.000159	34.941130	3.5
1752	138.735622	20.359621	0.000159	61.717110	5.5
1753	149.925611	20.352674	0.000159	42.130308	3.2
1754	148.439609	20.415691	0.000158	34.449006	3.9
1755	153.195786	20.410571	0.000158	57.833767	3.9
1756	138.845999	20.402739	0.000159	56.033317	4.0
1757	148.437155	20.473883	0.000158	17.889081	3.6
1758	147.679465	20.476738	0.000158	15.702042	3.7
1759	146.762923	20.476469	0.000158	53.070062	2.8
1760	144.114771	20.475218	0.000158	67.434138	2.7
1761	151.981249	20.593924	0.000158	21.172612	2.6
1762	143.783734	20.607451	0.000158	22.706506	9.4
1763	143.589799	20.611139	0.000158	9.019358	5.1
1764	146.898520	20.610507	0.000158	18.417341	4.9
1765	155.279941	20.611047	0.000158	30.070801	4.4
1766	155.668155	20.607159	0.000158	14.629314	4.8
1767	138.395456	20.609198	0.000158	57.085308	4.6
1768	140.096868	20.605354	0.000158	41.866539	4.4
1769	137.375968	20.662969	0.000158	17.464763	4.5
1770	138.323441	20.659031	0.000158	35.858338	4.9
1771	148.828225	20.664599	0.000158	8.741563	3.8
1772	139.541911	20.663215	0.000158	24.990231	3.8
1773	142.559365	20.663644	0.000158	41.522995	3.6
1774	141.045289	20.673803	0.000157	26.569657	3.4
1775	136.163317	20.669553	0.000157	49.129425	4.7
1776	149.629867	20.680535	0.000157	47.371489	4.3
1777	145.231877	20.692289	0.000157	31.903111	2.8
1778	137.062143	20.710152	0.000157	25.810631	5.9
1779	144.314948	20.708414	0.000157	13.628549	2.8
1780	138.387595	20.708443	0.000157	10.337325	4.8
1781	144.882274	20.709076	0.000157	17.416765	4.9
1782	151.314845	20.708074	0.000157	51.814097	3.5
1783	139.467409	20.702727	0.000157	36.989867	4.2
1784	146.242989	20.730937	0.000157	25.947291	3.5
1785	139.459880	20.730273	0.000157	29.539078	5.4
1786	150.889680	20.730168	0.000157	16.678694	4.0
1787	143.807584	20.729228	0.000157	42.980835	2.6
1788	143.525308	20.736443	0.000157	17.471595	2.8
1789	154.839946	20.738767	0.000157	36.418416	3.6
1790	145.428258	20.739734	0.000157	20.740108	3.2
1791	155.297762	20.737235	0.000157	10.786234	3.8
1792	144.898222	20.737101	0.000157	31.207949	4.8
1793	141.184871	20.739423	0.000157	23.028743	2.8
1794	151.244928	20.746106	0.000157	11.051814	3.2
1795	144.170620	20.745299	0.000157	27.813805	3.1
1796	143.817062	20.744376	0.000157	15.974180	3.0
1797	147.562090	20.741019	0.000157	19.187454	6.9
1798	145.662136	20.743384	0.000157	28.681383	2.7
1799	148.728138	20.741291	0.000157	48.575097	3.0
1800	139.713531	20.734446	0.000157	50.973092	3.2
1801	137.704362	20.784207	0.000157	18.258725	3.0
1802	142.421831	20.781168	0.000157	23.775827	3.5
1803	139.908150	20.778029	0.000157	27.119369	3.8
1804	141.597937	20.782748	0.000157	35.994665	3.9
1805	133.579976	20.776354	0.000157	36.198646	3.2
1806	143.737221	20.786336	0.000157	17.547626	3.1
1807	152.824570	20.785048	0.000157	43.233057	5.3
1808	147.229075	20.784052	0.000157	23.062638	5.4
1809	145.228090	20.787487	0.000157	33.239312	4.6
1810	152.893680	20.784355	0.000157	33.857152	4.2
1811	155.503982	20.788281	0.000157	28.940062	4.4
1812	144.086737	20.784535	0.000157	34.590591	4.4
1813	141.059008	20.780393	0.000157	44.815075	4.9
1814	136.040002	20.791434	0.000157	34.606819	4.2
1815	142.916341	20.798590	0.000157	16.577318	4.0
1816	140.088730	20.798420	0.000157	36.999981	4.0
1817	145.017921	20.794612	0.000157	33.740646	3.2
1818	159.609550	20.791569	0.000157	34.708411	3.8
1819	145.560282	20.785355	0.000157	26.437308	3.2
1820	154.600793	20.788123	0.000157	23.243524	3.4
1821	162.913639	20.792284	0.000157	33.120215	7.0
1822	136.461055	20.795126	0.000157	37.925278	3.8
1823	150.267926	20.789908	0.000157	22.158014	5.1
1824	149.497857	20.797106	0.000157	32.082651	4.6
1825	142.325913	20.798500	0.000157	32.229528	4.8
1826	132.213324	20.803541	0.000157	48.030984	3.7
1827	149.689071	20.798712	0.000157	33.969387	3.4
1828	133.311378	20.823564	0.000157	42.598348	4.8
1829	150.441102	20.833256	0.000157	19.190191	4.6
1830	151.179677	20.839139	0.000157	51.296283	4.4
1831	153.604747	20.832954	0.000157	29.257096	4.5
1832	143.019507	20.833858	0.000157	36.507218	4.1
1833	145.119060	20.837236	0.000157	7.569097	4.2
1834	134.046250	20.837151	0.000157	37.155806	4.5
1835	143.827597	20.835444	0.000157	23.028086	3.3
1836	149.379213	20.843869	0.000157	24.353140	2.9
1837	141.214339	20.843066	0.000157	55.873260	5.7
1838	132.778904	20.852478	0.000157	33.632160	3.4
1839	148.271604	20.888340	0.000157	17.456155	3.3
1840	132.722728	20.886442	0.000157	27.226824	3.5
1841	157.446732	20.889425	0.000157	25.811694	3.5
1842	136.665620	20.893350	0.000157	23.197879	4.7
1843	156.997498	20.891123	0.000157	55.858523	4.9
1844	146.723935	20.897551	0.000157	43.581762	4.6
1845	137.687578	20.908411	0.000157	30.372539	2.9
1846	148.246014	20.926525	0.000157	36.843027	3.7
1847	135.747468	20.933863	0.000156	10.627733	3.1
1848	140.911592	20.931041	0.000157	35.928042	4.2
1849	143.098125	20.933684	0.000156	30.771321	4.6
1850	135.832754	20.935419	0.000156	27.577412	3.3
1851	150.906347	20.931752	0.000157	20.931803	3.5
1852	143.284187	20.937147	0.000156	38.251989	5.0
1853	131.105850	20.936511	0.000156	31.378886	3.7
1854	145.757591	20.931435	0.000157	24.809639	3.5
1855	139.064588	20.939181	0.000156	23.135529	3.5
1856	142.164987	20.938098	0.000156	15.706193	3.5
1857	150.403085	20.936387	0.000156	72.253584	3.3
1858	155.475032	20.932839	0.000156	6.854543	5.5
1859	141.218983	20.937687	0.000156	34.270914	2.9
1860	160.087700	20.935811	0.000156	36.421310	3.0
1861	140.519075	20.946831	0.000156	26.819704	3.1
1862	138.470559	20.949331	0.000156	15.574091	3.3
1863	136.719205	20.951132	0.000156	34.326603	7.1
1864	142.814154	20.955905	0.000156	33.959413	3.8
1865	145.039559	20.972606	0.000156	22.883812	3.8
1866	151.234479	20.974820	0.000156	60.410997	4.0
1867	144.593769	20.978280	0.000156	21.463188	3.1
1868	142.605106	20.985576	0.000156	33.949828	3.5
1869	151.146260	20.984427	0.000156	31.435837	2.9
1870	140.526655	20.996053	0.000156	17.477362	4.1
1871	150.267712	20.995531	0.000156	41.504349	3.8
1872	152.985195	20.998049	0.000156	63.457930	4.8
1873	138.775201	21.013835	0.000156	47.992563	3.6
1874	139.044596	21.103776	0.000156	21.747237	3.5
1875	151.409417	21.097830	0.000156	63.062446	4.0
1876	144.284476	21.114062	0.000156	36.055215	4.8
1877	139.844146	21.151092	0.000156	52.885609	3.7
1878	148.512529	21.145808	0.000156	24.158131	4.1
1879	152.463829	21.139883	0.000156	45.662832	5.5
1880	140.371250	21.146098	0.000156	43.381659	3.4
1881	150.963641	21.158952	0.000156	25.517012	3.1
1882	150.376319	21.152739	0.000156	15.968729	3.4
1883	144.894333	21.150484	0.000156	16.497047	3.5
1884	153.857509	21.152923	0.000156	38.900296	3.4
1885	140.539344	21.157806	0.000156	17.846295	3.5
1886	147.143561	21.161901	0.000156	15.626241	5.0
1887	149.433994	21.163737	0.000156	44.514107	3.5
1888	141.255065	21.158974	0.000156	39.929987	4.5
1889	155.814697	21.184419	0.000156	47.387288	3.6
1890	143.195519	21.196808	0.000156	14.425133	3.3
1891	146.656655	21.199472	0.000156	24.203441	5.4
1892	137.558858	21.198663	0.000156	27.883030	3.6
1893	145.074764	21.196949	0.000156	19.567309	5.0
1894	136.481431	21.202674	0.000155	29.155871	3.7
1895	145.885182	21.201169	0.000156	20.873517	4.6
1896	144.496671	21.205264	0.000155	19.165475	4.5
1897	146.435510	21.209134	0.000155	28.920974	3.7
1898	142.248952	21.212004	0.000155	45.876069	2.8
1899	148.692809	21.227254	0.000155	22.475649	4.0
1900	134.911940	21.236590	0.000155	32.457168	2.9
1901	153.085240	21.237621	0.000155	59.523349	5.2
1902	149.632261	21.272669	0.000155	50.426363	4.9
1903	146.395578	21.282819	0.000155	33.234797	4.7
1904	147.987730	21.296011	0.000155	11.426887	3.9
1905	140.697418	21.296533	0.000155	14.248061	4.1
1906	138.025382	21.297756	0.000155	40.350960	3.3
1907	138.825911	21.296518	0.000155	40.660656	4.5
1908	139.255127	21.300127	0.000155	21.948648	8.0
1909	143.684559	21.301855	0.000155	36.696561	4.9
1910	138.038050	21.303255	0.000155	18.716663	4.8
1911	136.875866	21.306335	0.000155	25.114701	4.8
1912	135.744303	21.310992	0.000155	38.173177	4.7
1913	148.499832	21.309023	0.000155	11.470380	3.8
1914	152.742910	21.309715	0.000155	23.678139	5.6
1915	152.570532	21.308859	0.000155	45.968496	3.9
1916	133.701569	21.323022	0.000155	34.838233	3.9
1917	141.709879	21.333081	0.000155	34.958134	4.0
1918	149.112779	21.349802	0.000155	28.863151	4.8
1919	142.627693	21.352676	0.000155	21.023510	4.8
1920	146.784684	21.355301	0.000155	27.396258	5.0
1921	156.008951	21.359031	0.000155	25.934469	5.0
1922	126.640305	21.365923	0.000155	38.268626	4.7
1923	153.102848	21.367203	0.000155	39.468794	5.1
1924	134.030164	21.386022	0.000155	20.052286	5.0
1925	141.356954	21.391232	0.000155	8.541516	4.9
1926	143.553699	21.390750	0.000155	45.179728	4.5
1927	150.239181	21.393380	0.000155	24.986915	4.3
1928	146.578310	21.387906	0.000155	37.843284	4.4
1929	153.110830	21.395666	0.000155	4.080128	4.2
1930	142.492327	21.395129	0.000155	28.122668	5.4
1931	151.225364	21.395825	0.000155	24.004851	5.2
1932	138.975901	21.395624	0.000155	23.990853	5.2
1933	141.005975	21.392937	0.000155	32.177352	5.6
1934	151.212786	21.393924	0.000155	42.009113	5.1
1935	142.423017	21.387228	0.000155	19.681644	4.9
1936	144.436705	21.395607	0.000155	48.147030	3.5
1937	146.314743	21.390474	0.000155	30.815371	3.5
1938	143.932485	21.385813	0.000155	17.177069	3.4
1939	140.412630	21.390571	0.000155	20.351606	4.5
1940	136.563150	21.391051	0.000155	6.855226	3.2
1941	139.434346	21.391415	0.000155	6.024680	3.7
1942	144.535784	21.391321	0.000155	11.293037	3.1
1943	147.783442	21.391537	0.000155	38.694070	3.1
1944	143.047887	21.389668	0.000155	28.634384	5.3
1945	152.847441	21.405317	0.000155	14.248925	5.7
1946	152.005824	21.404487	0.000155	22.302508	3.7
1947	148.719395	21.405623	0.000155	17.447644	3.8
1948	138.663699	21.405782	0.000155	19.133440	3.7
1949	132.866015	21.408387	0.000155	51.049061	4.3
1950	148.223825	21.405784	0.000155	56.448511	4.4
1951	146.973298	21.468022	0.000155	42.663736	5.1
1952	146.720269	21.460485	0.000155	41.611201	3.0
1953	140.317345	21.477625	0.000154	43.570445	3.7
1954	140.419878	21.479911	0.000154	36.696682	3.3
1955	144.918363	21.473270	0.000155	11.955409	3.3
1956	151.031933	21.470324	0.000155	51.584145	4.9
1957	141.591422	21.473679	0.000155	63.187322	5.1
1958	156.177815	21.487461	0.000154	38.428862	4.8
1959	142.872600	21.543208	0.000154	40.566218	3.8
1960	141.475649	21.548091	0.000154	60.898490	4.6
1961	137.778429	21.546544	0.000154	52.431961	4.8
1962	148.428511	21.592739	0.000154	20.603186	4.6
1963	142.773106	21.586312	0.000154	23.741191	4.1
1964	135.615690	21.584059	0.000154	46.414017	5.2
1965	129.084466	21.591149	0.000154	33.083305	2.8
1966	143.795364	21.585573	0.000154	13.133466	5.2
1967	136.267708	21.586442	0.000154	28.137044	3.2
1968	145.618868	21.585835	0.000154	37.933786	4.4
1969	157.440360	21.583984	0.000154	47.808827	3.4
1970	150.681731	21.578233	0.000154	17.609359	3.5
1971	152.033373	21.583653	0.000154	24.703387	3.6
1972	133.203406	21.587306	0.000154	44.173677	4.3
1973	135.092040	21.580438	0.000154	44.525928	2.7
1974	146.062440	21.609306	0.000154	66.199472	5.2
1975	150.045035	21.682178	0.000154	22.617903	2.7
1976	139.387226	21.684528	0.000154	26.235823	4.3
1977	143.807999	21.687769	0.000154	30.060332	2.9
1978	141.000267	21.686546	0.000154	24.742907	3.4
1979	149.685043	21.690891	0.000154	31.836434	4.0
1980	145.380142	21.688174	0.000154	38.075730	3.7
1981	144.416256	21.698016	0.000154	33.484392	4.3
1982	142.862723	21.705493	0.000154	7.024820	4.0
1983	153.720537	21.705328	0.000154	30.031418	4.0
1984	134.442488	21.706097	0.000154	70.360151	4.7
1985	143.137549	21.739471	0.000154	17.952138	4.7
1986	143.832254	21.743631	0.000154	12.634637	4.6
1987	153.271075	21.745360	0.000154	38.181380	4.3
1988	139.556010	21.748515	0.000154	15.701907	3.5
1989	144.603023	21.745801	0.000154	14.264706	3.5
1990	137.121191	21.745600	0.000154	37.253937	3.4
1991	142.034921	21.746301	0.000154	20.044436	3.7
1992	133.956374	21.749895	0.000154	36.661848	4.8
1993	137.123545	21.749459	0.000154	28.615360	4.0
1994	151.690654	21.748048	0.000154	18.776894	4.1
1995	153.045827	21.748825	0.000154	20.721749	4.3
1996	135.449664	21.745814	0.000154	8.691914	4.3
1997	146.640363	21.746859	0.000154	34.586530	3.9
1998	144.036802	21.744767	0.000154	26.220675	3.4
1999	138.558141	21.746633	0.000154	24.753553	4.8
