1:ItNr	2:Metric	3a:Time	3b:StepSize	4:||Gradient||	Time[ms]
0	16978.284738	0.000000	0.000078	18597.976701	155.6
1	1628.386761	0.000000	0.000078	2994.836287	4.5
2	1183.150938	0.000000	0.000078	1332.497844	4.3
3	1148.100209	0.000000	0.000078	559.736404	4.1
4	1112.456948	0.000000	0.000078	302.989883	4.3
5	1102.503814	0.000000	0.000078	277.259609	3.6
6	1084.495361	0.000000	0.000078	270.140582	3.1
7	1087.687682	0.000000	0.000078	299.435034	3.0
8	1081.323648	0.042082	0.000078	114.045920	2.9
9	1063.438759	0.038658	0.000078	117.946796	2.4
10	1102.960134	0.032836	0.000078	156.683120	2.3
11	1137.374924	0.025516	0.000078	242.171119	2.4
12	1100.877013	0.016185	0.000078	160.730124	2.3
13	1103.566803	0.010766	0.000078	201.148735	2.0
14	1096.846904	0.024798	0.000078	93.988274	2.0
15	1105.881637	0.019467	0.000078	159.730732	2.1
16	1080.600113	0.014537	0.000078	184.367658	2.1
17	1104.165444	0.007440	0.000078	100.998351	2.0
18	1132.043819	0.004817	0.000078	191.581110	2.7
19	1047.708638	0.000399	0.000078	115.452647	1.8
20	1049.227066	0.007155	0.000078	117.989698	1.8
21	1098.570296	0.000844	0.000078	95.438175	1.8
22	1091.098222	0.000000	0.000078	146.845305	1.8
23	1090.487232	0.000000	0.000078	205.208863	1.8
24	1123.991966	0.000000	0.000078	132.985130	1.8
25	1144.957293	0.000000	0.000078	135.851588	1.8
26	1128.259856	0.000000	0.000078	156.238439	1.8
27	1067.546673	0.002032	0.000078	116.368813	3.7
28	1073.340827	0.000000	0.000078	134.752055	4.3
29	1099.751792	0.000000	0.000078	158.536277	1.8
30	1079.931897	0.000000	0.000078	109.404526	1.7
31	1112.186419	0.000000	0.000078	109.842509	2.1
32	1085.105035	0.000000	0.000078	147.265899	3.3
33	1135.574117	0.000000	0.000078	108.842767	6.8
34	1091.149758	0.000000	0.000078	106.965649	2.3
35	1072.068088	0.000000	0.000078	90.675588	2.3
36	1040.539165	0.000000	0.000078	138.136477	2.2
37	1061.826713	0.000000	0.000078	90.000492	2.2
38	1073.141604	0.000000	0.000078	127.870206	2.1
39	1042.591009	0.000000	0.000078	147.950098	2.1
40	1141.898380	0.000000	0.000078	191.983053	2.3
41	1068.674403	0.000000	0.000078	192.686410	4.4
42	1092.074208	0.000000	0.000078	147.717321	4.4
43	1073.090184	0.005821	0.000078	150.338670	4.5
44	1123.170377	0.006069	0.000078	131.325545	3.8
45	1060.086128	0.007508	0.000078	129.481873	2.7
46	1068.015825	0.004388	0.000078	99.207077	2.7
47	1066.173168	0.000922	0.000078	87.821386	3.0
48	1078.311321	0.000000	0.000078	169.302289	4.3
49	1126.127728	0.000000	0.000078	290.982844	4.2
50	1070.502752	0.080056	0.000077	143.712944	4.2
51	1076.417726	0.121192	0.000077	224.894806	4.2
52	1040.988767	0.138112	0.000077	186.778480	3.1
53	1019.577936	0.197257	0.000077	196.905409	3.1
54	1083.198582	0.240378	0.000077	104.878981	3.0
55	1043.604494	0.244870	0.000077	304.594315	2.7
56	1020.050096	0.236337	0.000077	92.967255	2.6
57	1060.593995	0.229385	0.000077	159.142494	2.6
58	1053.313741	0.225063	0.000077	120.322981	2.6
59	1112.141027	0.228960	0.000077	178.234592	2.2
60	1052.514403	0.230510	0.000077	102.502324	2.0
61	1060.111274	0.228929	0.000077	244.735706	2.0
62	1069.714258	0.227510	0.000077	94.734303	2.0
63	1072.052826	0.223764	0.000077	142.742824	2.0
64	1079.392899	0.218998	0.000077	146.699838	1.8
65	1062.385697	0.210923	0.000077	111.724438	1.9
66	1031.566292	0.206004	0.000077	221.401787	1.8
67	1032.114145	0.203018	0.000077	89.294578	1.9
68	1048.747015	0.200628	0.000077	121.383194	1.9
69	1093.744759	0.195568	0.000077	354.272129	1.8
70	1058.916088	0.187001	0.000077	130.567597	1.9
71	1060.701826	0.233003	0.000077	133.016725	1.8
72	1058.805794	0.225852	0.000077	204.438562	1.8
73	1132.590295	0.217269	0.000077	195.548106	1.8
74	1029.251967	0.259233	0.000077	180.436495	1.8
75	1045.846072	0.273757	0.000077	139.624447	1.9
76	1036.717980	0.285180	0.000077	141.549490	1.9
77	1073.975582	0.277510	0.000077	207.772664	1.9
78	1058.906096	0.296296	0.000077	93.696277	1.9
79	1089.902786	0.295299	0.000077	103.352289	1.9
80	1078.639354	0.292127	0.000077	96.382138	1.8
81	1091.711191	0.287449	0.000077	177.165471	1.8
82	1028.547025	0.287098	0.000077	117.138539	1.8
83	1040.728750	0.279077	0.000077	286.596646	1.8
84	1036.686753	0.284292	0.000077	129.745826	1.8
85	1094.515391	0.291254	0.000077	163.842280	1.8
86	1089.336684	0.287898	0.000077	102.745800	1.8
87	1043.054989	0.283031	0.000077	125.077627	1.8
88	1007.884516	0.277216	0.000077	189.961452	1.8
89	993.675479	0.280270	0.000077	172.439852	1.8
90	1017.421169	0.280971	0.000077	143.458485	1.8
91	975.455079	0.274361	0.000077	134.205215	1.8
92	1040.340180	0.271551	0.000077	182.481573	1.8
93	1052.763116	0.279965	0.000077	141.281625	1.8
94	1055.774786	0.284181	0.000077	240.742025	1.8
95	1036.353711	0.274749	0.000077	114.572597	1.8
96	1032.412852	0.289113	0.000077	115.556055	1.8
97	1059.107914	0.283103	0.000077	84.520481	2.2
98	1056.037543	0.278464	0.000077	162.481017	1.8
99	1070.601141	0.275314	0.000077	113.536079	1.9
100	1029.404734	0.269429	0.000077	176.196395	1.8
101	1079.958083	0.263955	0.000077	91.886601	1.8
102	1045.332489	0.260469	0.000077	105.994942	2.2
103	1064.799807	0.256384	0.000077	92.322435	2.0
104	1056.995486	0.251650	0.000077	115.638976	2.0
105	1030.316065	0.247982	0.000077	130.546612	1.9
106	1046.197914	0.242254	0.000077	120.388813	1.9
107	1020.059992	0.236101	0.000077	105.716804	1.7
108	1061.045161	0.234919	0.000077	194.313630	1.7
109	1013.155657	0.227431	0.000077	260.535642	1.8
110	1067.759608	0.217337	0.000077	117.773412	1.8
111	1029.665200	0.225402	0.000077	223.705315	1.7
112	1044.383772	0.219461	0.000077	104.461743	2.0
113	1058.690706	0.214667	0.000077	84.882174	4.1
114	1085.934257	0.210132	0.000077	99.755087	4.0
115	1047.866592	0.206233	0.000077	127.417219	3.6
116	1090.522423	0.200665	0.000077	102.510266	4.5
117	1023.822759	0.198305	0.000077	177.791950	3.1
118	1043.182110	0.197493	0.000077	142.795802	3.1
119	1034.623297	0.211214	0.000077	141.267595	3.2
120	1072.842967	0.205486	0.000077	183.932179	3.1
121	1071.905167	0.217703	0.000077	119.408967	2.9
122	1076.820199	0.209688	0.000077	153.082635	2.4
123	989.986819	0.208046	0.000077	191.163196	2.3
124	1051.859209	0.199490	0.000077	164.136476	2.3
125	1043.253272	0.226881	0.000077	212.270729	2.3
126	1003.129865	0.217300	0.000077	185.522459	2.0
127	1049.471528	0.269858	0.000077	93.478586	2.0
128	1040.784344	0.267938	0.000077	99.484168	2.0
129	966.099408	0.263380	0.000077	124.141850	2.0
130	1022.356824	0.262682	0.000077	114.965948	1.9
131	1051.850624	0.261905	0.000077	99.177649	1.8
132	1050.285569	0.257840	0.000077	258.497206	1.7
133	1051.574851	0.256902	0.000077	225.111389	1.9
134	1018.487289	0.470153	0.000076	94.805873	1.8
135	995.512682	0.469782	0.000076	254.864286	1.8
136	1053.838755	0.464375	0.000076	334.028353	1.8
137	1000.343008	0.821143	0.000075	189.983074	1.8
138	1015.688894	0.811026	0.000075	233.536274	1.8
139	1053.181301	0.889413	0.000075	215.569255	1.8
140	1016.900029	0.879351	0.000075	139.844010	1.7
141	1023.529159	0.883588	0.000075	239.681069	1.7
142	1030.872673	0.874608	0.000075	90.936556	1.8
143	1038.505456	0.876778	0.000075	123.444753	1.7
144	1008.263188	0.871824	0.000075	95.610951	1.7
145	1019.914930	0.869217	0.000075	101.386033	1.8
146	989.668777	0.866862	0.000075	114.166011	1.7
147	1010.680583	0.861804	0.000075	107.278351	1.8
148	1034.821543	0.856674	0.000075	148.061578	1.7
149	992.768969	0.852463	0.000075	236.967925	1.7
150	1030.888099	0.850653	0.000075	105.463112	1.7
151	1038.468997	0.857812	0.000075	94.142309	1.8
152	1003.186504	0.855390	0.000075	272.012534	1.7
153	1039.127520	0.861584	0.000075	169.243189	1.7
154	1014.542116	0.947996	0.000074	202.030931	1.7
155	1048.790301	0.969429	0.000074	152.535109	1.7
156	1036.380698	0.994445	0.000074	90.118990	1.8
157	1008.985780	0.989708	0.000074	141.456207	1.7
158	986.017232	0.986219	0.000074	115.197345	1.8
159	1047.891360	0.982031	0.000074	203.305731	1.8
160	993.411445	0.991474	0.000074	96.001298	1.8
161	986.267530	0.992322	0.000074	162.197536	1.8
162	992.350428	0.991666	0.000074	155.810951	1.8
163	973.264659	0.995124	0.000074	132.068315	1.8
164	977.564985	1.003040	0.000074	197.811829	1.8
165	1008.100722	0.996722	0.000074	283.603920	1.8
166	992.288236	1.099646	0.000074	82.196040	1.7
167	1010.787576	1.095436	0.000074	143.501380	1.8
168	999.529573	1.091726	0.000074	134.966681	1.9
169	1022.844983	1.084061	0.000074	101.824572	4.3
170	984.374151	1.079063	0.000074	85.155136	4.4
171	978.613771	1.075263	0.000074	161.026141	1.9
172	1036.887455	1.069932	0.000074	88.825374	1.9
173	983.105649	1.065196	0.000074	85.693503	2.3
174	999.703842	1.061180	0.000074	139.230640	2.2
175	1002.662579	1.056396	0.000074	192.198283	2.2
176	1035.970810	1.048383	0.000074	84.954211	2.2
177	1030.625721	1.045370	0.000074	93.073125	1.7
178	1018.027082	1.040969	0.000074	224.530713	1.8
179	921.695248	1.034712	0.000074	91.718277	1.7
180	1033.271654	1.028700	0.000074	103.369694	1.7
181	1050.229093	1.024354	0.000074	91.611825	1.8
182	1026.880155	1.021507	0.000074	224.584377	1.7
183	1005.978557	1.014770	0.000074	213.146592	1.8
184	1014.539040	1.083979	0.000074	133.119890	1.8
185	1006.857022	1.075538	0.000074	185.069741	1.8
186	977.303494	1.088458	0.000074	109.857184	1.8
187	1043.703422	1.090161	0.000074	110.806635	1.8
188	999.187039	1.084405	0.000074	97.708490	1.8
189	1039.014277	1.081177	0.000074	93.041559	1.8
190	968.524054	1.077373	0.000074	107.654919	1.7
191	1002.679276	1.074401	0.000074	128.240632	1.7
192	991.877897	1.068819	0.000074	173.157703	1.8
193	1014.466790	1.060702	0.000074	98.528812	1.8
194	958.903113	1.061506	0.000074	114.205066	4.5
195	999.422897	1.057453	0.000074	133.223723	1.9
196	1010.591563	1.053062	0.000074	122.616675	1.9
197	1025.533608	1.046555	0.000074	245.074174	4.3
198	946.899764	1.062768	0.000074	82.021512	3.9
199	1014.848941	1.056468	0.000074	87.373103	3.9
200	990.226928	1.053221	0.000074	116.801285	2.8
201	983.813194	1.049370	0.000074	86.745930	2.8
202	1010.781026	1.044659	0.000074	159.522564	2.9
203	1011.807597	1.041613	0.000074	131.573093	3.0
204	999.250376	1.039713	0.000074	99.857483	3.2
205	957.341345	1.039968	0.000074	135.511029	3.2
206	982.464488	1.039199	0.000074	152.145662	4.1
207	1006.895760	1.046529	0.000074	139.722072	3.1
208	1005.759958	1.039758	0.000074	102.563694	4.1
209	1015.105272	1.033329	0.000074	214.947199	4.3
210	969.062281	1.039410	0.000074	91.539887	3.7
211	1011.642969	1.032690	0.000074	132.527669	3.1
212	1041.283051	1.031494	0.000074	235.977698	3.3
213	938.319367	1.041426	0.000074	120.652954	3.3
214	1029.044096	1.062008	0.000074	100.572840	3.0
215	1004.798614	1.056664	0.000074	143.491822	2.6
216	1020.928975	1.055079	0.000074	110.082036	2.5
217	1016.801138	1.052781	0.000074	103.187644	2.5
218	945.922705	1.050660	0.000074	217.821124	2.5
219	1010.928720	1.043411	0.000074	105.836954	2.5
220	965.008745	1.048965	0.000074	256.382837	2.7
221	966.404107	1.042193	0.000074	200.024728	3.7
222	950.039554	1.188328	0.000074	107.170817	2.7
223	1047.742805	1.195351	0.000074	243.756647	2.6
224	1039.816524	1.186885	0.000074	160.283357	2.7
225	1004.946812	1.177654	0.000074	287.941258	2.6
226	1012.068337	1.188611	0.000074	77.519817	2.0
227	1036.584513	1.184540	0.000074	157.849477	2.1
228	975.673232	1.181317	0.000074	148.982914	2.0
229	972.612928	1.191162	0.000074	98.177506	2.0
230	1012.771747	1.189997	0.000074	196.464356	2.0
231	933.958774	1.184802	0.000074	165.255060	1.9
232	970.028646	1.205824	0.000073	198.260776	1.9
233	1023.902272	1.210086	0.000073	220.724734	1.9
234	956.220693	1.285229	0.000073	78.770560	1.9
235	972.712295	1.280762	0.000073	126.287508	1.9
236	999.706390	1.277717	0.000073	85.426511	2.0
237	956.750594	1.273200	0.000073	127.451699	2.0
238	1011.219342	1.270809	0.000073	88.593205	2.0
239	952.894164	1.266755	0.000073	102.437949	2.0
240	976.799339	1.263475	0.000073	120.957214	2.0
241	1016.811746	1.261571	0.000073	116.114020	1.7
242	976.778890	1.255554	0.000073	127.029314	1.8
243	997.044359	1.258274	0.000073	105.244575	1.8
244	960.074287	1.254315	0.000073	91.323773	1.8
245	986.195875	1.250295	0.000073	170.637084	1.8
246	1013.365729	1.251237	0.000073	139.933276	1.7
247	949.336680	1.244116	0.000073	149.106640	1.8
248	951.396657	1.237135	0.000073	176.481385	2.0
249	928.324621	1.252899	0.000073	259.570624	4.4
250	969.363171	1.242917	0.000073	210.410878	4.3
251	999.783851	1.412922	0.000073	86.857813	4.4
252	967.226127	1.410180	0.000073	116.356523	3.8
253	1006.791609	1.407500	0.000073	127.052725	2.7
254	992.753944	1.406503	0.000073	123.273985	2.7
255	976.494369	1.404751	0.000073	101.665954	2.6
256	999.599227	1.398763	0.000073	117.095843	2.6
257	995.043489	1.395336	0.000073	214.296515	2.5
258	993.723336	1.387305	0.000073	275.988986	2.6
259	951.652896	1.538308	0.000072	196.260757	2.5
260	968.509977	1.709439	0.000072	215.946259	2.5
261	952.057740	1.768153	0.000072	83.312188	2.3
262	980.425253	1.768612	0.000072	193.978602	2.3
263	976.666309	1.767072	0.000072	157.120720	2.4
264	982.253942	1.795744	0.000072	207.184634	2.2
265	992.096439	1.786331	0.000072	140.335693	2.1
266	952.816622	1.780352	0.000072	114.756178	2.0
267	944.303069	1.776767	0.000072	167.062438	2.1
268	942.515824	1.770595	0.000072	77.617047	2.1
269	1002.523477	1.765641	0.000072	117.632586	4.0
270	994.638330	1.762846	0.000072	147.578107	2.5
271	944.339188	1.763367	0.000072	246.631690	1.8
272	974.123233	1.760553	0.000072	86.964395	2.6
273	972.630954	1.764708	0.000072	102.103637	2.5
274	980.522325	1.762691	0.000072	106.727633	2.2
275	1003.418768	1.760662	0.000072	80.028382	2.3
276	992.209785	1.756519	0.000072	95.262096	4.0
277	980.641713	1.752256	0.000072	128.193558	3.5
278	926.584441	1.750257	0.000072	203.735060	3.9
279	954.268026	1.760046	0.000072	200.288996	3.2
280	969.170315	1.838854	0.000071	216.506264	3.3
281	1004.880884	1.828932	0.000071	181.650145	3.3
282	977.045574	1.881376	0.000071	83.010064	2.6
283	1004.219618	1.876473	0.000071	103.765193	2.5
284	967.165423	1.873697	0.000071	112.148945	2.5
285	1005.224547	1.872744	0.000071	160.409859	2.6
286	1015.500034	1.874481	0.000071	270.954513	2.3
287	961.845884	1.893543	0.000071	116.073221	2.2
288	990.129343	1.884682	0.000071	93.984261	2.1
289	934.232400	1.882694	0.000071	86.881077	2.7
290	989.968417	1.878367	0.000071	85.177444	4.2
291	936.835586	1.874125	0.000071	162.537378	4.2
292	989.131661	1.872523	0.000071	121.146010	3.8
293	976.396774	1.879663	0.000071	78.098866	3.3
294	1013.147034	1.875470	0.000071	157.504182	3.5
295	939.927385	1.871071	0.000071	130.152975	3.1
296	978.349839	1.866971	0.000071	215.449942	2.3
297	989.064416	1.865756	0.000071	91.354764	2.5
298	942.150565	1.869501	0.000071	123.057018	2.6
299	959.327172	1.865346	0.000071	140.119017	2.4
300	968.957367	1.860306	0.000071	116.815156	2.0
301	931.691959	1.853137	0.000071	145.309595	2.0
302	938.983033	1.852439	0.000071	184.842232	2.0
303	961.508930	1.843604	0.000071	86.860280	2.0
304	894.054322	1.841617	0.000071	79.539639	1.9
305	935.573686	1.837909	0.000071	205.640721	1.8
306	964.601909	1.833473	0.000071	157.153460	1.8
307	968.541773	1.824175	0.000071	112.079217	1.8
308	988.234378	1.830043	0.000071	151.655282	1.8
309	929.738555	1.823873	0.000071	139.810836	1.9
310	973.026472	1.816497	0.000072	263.582366	1.8
311	957.478015	1.863602	0.000071	104.209530	1.8
312	964.866033	1.881045	0.000071	185.544369	1.8
313	961.651043	1.873389	0.000071	105.860431	1.8
314	932.028328	1.869624	0.000071	83.552317	1.8
315	981.193937	1.865518	0.000071	130.164414	1.9
316	933.650354	1.862374	0.000071	147.290485	2.1
317	949.123634	1.868685	0.000071	100.838143	1.8
318	939.840441	1.870283	0.000071	100.986162	1.8
319	1017.142805	1.869798	0.000071	215.960906	1.9
320	885.518461	1.863224	0.000071	105.106915	1.8
321	964.759684	1.870192	0.000071	148.916482	1.8
322	951.026077	1.864565	0.000071	99.993084	1.7
323	963.482447	1.863169	0.000071	171.800933	1.7
324	979.547766	1.866825	0.000071	90.193252	1.7
325	943.173207	1.864139	0.000071	186.974074	1.8
326	979.822232	1.857834	0.000071	101.085169	1.7
327	959.847492	1.861776	0.000071	161.878800	1.7
328	952.622999	1.864884	0.000071	146.041991	1.8
329	979.424333	1.857180	0.000071	228.887557	1.8
330	948.140150	1.886722	0.000071	139.957016	1.8
331	968.268530	1.897771	0.000071	89.776180	1.8
332	954.479418	1.895735	0.000071	183.573402	1.8
333	981.945554	1.891018	0.000071	178.316441	1.7
334	911.497860	1.901712	0.000071	78.987705	1.8
335	932.398851	1.896507	0.000071	96.436538	1.8
336	969.215120	1.894307	0.000071	170.124593	1.8
337	982.188991	1.889553	0.000071	259.175716	1.8
338	879.163954	1.969254	0.000071	96.595029	1.8
339	938.320811	1.972918	0.000071	114.766333	1.8
340	939.790287	1.973254	0.000071	87.892327	1.8
341	982.724624	1.971916	0.000071	254.960513	1.7
342	909.720361	1.965210	0.000071	171.586863	1.7
343	939.867221	1.955313	0.000071	109.276383	1.8
344	966.035098	1.951231	0.000071	243.447718	1.8
345	935.003605	1.948666	0.000071	78.996293	1.7
346	915.113478	1.942255	0.000071	146.422798	1.7
347	962.598369	1.941923	0.000071	116.880223	1.7
348	919.911955	1.934635	0.000071	100.622791	1.7
349	921.624942	1.930621	0.000071	115.709312	1.8
350	939.947031	1.930683	0.000071	188.244458	1.7
351	932.723797	1.922931	0.000071	132.136871	1.8
352	941.159882	1.915739	0.000071	85.855805	1.8
353	924.905337	1.914820	0.000071	89.786344	1.8
354	954.318934	1.910442	0.000071	133.282459	1.8
355	916.613318	1.909725	0.000071	115.216435	1.8
356	916.031270	1.912367	0.000071	111.350436	1.9
357	910.401926	1.912967	0.000071	79.455423	1.8
358	931.150008	1.908345	0.000071	226.377651	1.8
359	909.722295	1.911899	0.000071	109.095340	1.8
360	978.928915	1.920111	0.000071	126.103484	3.3
361	940.657284	1.914060	0.000071	102.680584	4.0
362	915.329780	1.913092	0.000071	160.407622	4.1
363	921.988028	1.908041	0.000071	327.537017	3.8
364	948.447789	2.064880	0.000071	234.184097	3.8
365	935.548859	2.603309	0.000069	95.389601	2.4
366	942.454029	2.595602	0.000069	112.780366	2.6
367	912.486477	2.591589	0.000069	172.004646	2.7
368	888.782310	2.595244	0.000069	108.928474	2.6
369	903.326857	2.590337	0.000069	70.160684	2.4
370	933.686858	2.586873	0.000069	133.505159	2.1
371	950.819273	2.582760	0.000069	162.767860	2.0
372	932.242735	2.575109	0.000069	199.647680	2.0
373	919.283228	2.595958	0.000069	150.542400	5.1
374	950.130855	2.624902	0.000069	220.629672	4.1
375	981.796288	2.666407	0.000069	141.786463	4.0
376	911.677044	2.687538	0.000069	74.072049	4.5
377	954.759517	2.684848	0.000069	152.070429	4.4
378	919.857977	2.682077	0.000069	212.015841	4.0
379	928.199511	2.672758	0.000069	176.461017	4.1
380	930.122004	2.729212	0.000069	102.927835	4.3
381	951.629589	2.731461	0.000069	131.209266	4.2
382	929.577582	2.733237	0.000069	97.153809	4.1
383	930.341274	2.732276	0.000069	121.445952	3.0
384	897.642559	2.731842	0.000069	90.552684	3.1
385	921.110369	2.726848	0.000069	88.646869	3.5
386	924.863413	2.724641	0.000069	159.281629	2.5
387	916.771282	2.722379	0.000069	108.617677	2.5
388	937.951766	2.723762	0.000069	146.676451	2.4
389	904.492053	2.721648	0.000069	88.474003	2.5
390	906.193037	2.720193	0.000069	96.952589	2.2
391	928.055645	2.716079	0.000069	104.980504	4.4
392	916.983557	2.711426	0.000069	75.479725	4.1
393	920.829125	2.709017	0.000069	75.241285	4.2
394	932.075712	2.705918	0.000069	141.526581	4.1
395	929.431099	2.703579	0.000069	267.352940	3.2
396	888.144060	2.763539	0.000069	136.291054	3.0
397	890.522398	2.813864	0.000069	106.529550	3.1
398	916.540947	2.817372	0.000068	255.196071	2.8
399	974.202892	2.826054	0.000068	131.927223	2.5
400	948.043621	2.826170	0.000068	126.576949	2.5
401	948.989289	2.821281	0.000068	80.560125	2.5
402	911.968217	2.819653	0.000068	171.417463	2.2
403	916.488614	2.815292	0.000069	90.722417	2.1
404	914.233505	2.809161	0.000069	133.610753	2.0
405	880.082935	2.803234	0.000069	193.859129	2.1
406	967.307471	2.827525	0.000068	73.124162	2.1
407	960.089757	2.824788	0.000068	151.790026	1.9
408	910.746845	2.820691	0.000068	84.877158	1.8
409	934.096919	2.817802	0.000068	91.701508	1.9
410	928.487172	2.814154	0.000069	192.467971	1.8
411	939.581678	2.817302	0.000068	95.339932	1.8
412	922.644465	2.820540	0.000068	91.849867	1.8
413	898.775430	2.819256	0.000068	203.634865	1.8
414	886.740320	2.823459	0.000068	253.767803	1.8
415	903.422892	2.926226	0.000068	210.770007	1.8
416	883.659689	3.120964	0.000068	142.864385	1.8
417	882.070383	3.154449	0.000068	135.572933	1.8
418	892.333438	3.146612	0.000068	240.640458	1.9
419	918.396283	3.172347	0.000067	141.214531	1.9
420	891.476881	3.219864	0.000067	104.175838	1.9
421	922.304896	3.224231	0.000067	110.663249	1.8
422	930.119315	3.219065	0.000067	116.274588	1.9
423	961.101058	3.218594	0.000067	96.146306	1.9
424	943.986883	3.213114	0.000067	117.839112	1.8
425	900.927516	3.213755	0.000067	84.453740	1.8
426	901.679148	3.209766	0.000067	73.188305	1.7
427	946.486127	3.206545	0.000067	196.848908	1.8
428	905.894697	3.203862	0.000067	89.325120	1.8
429	897.743222	3.201456	0.000067	142.351315	1.8
430	908.133035	3.200761	0.000067	83.538438	1.8
431	920.253641	3.199139	0.000067	120.621503	1.8
432	914.931675	3.195034	0.000067	157.803477	1.8
433	907.747783	3.189793	0.000067	105.051371	1.8
434	887.063558	3.191733	0.000067	112.563171	1.8
435	901.001361	3.189969	0.000067	84.769868	1.8
436	864.714570	3.186450	0.000067	84.071432	1.7
437	935.194436	3.183183	0.000067	127.798864	1.8
438	906.918911	3.182781	0.000067	109.133728	1.8
439	896.624653	3.176201	0.000067	91.320382	1.9
440	857.685302	3.175303	0.000067	79.429965	2.0
441	884.308388	3.172888	0.000067	87.417096	4.2
442	895.656919	3.171007	0.000067	81.031244	4.1
443	916.571634	3.168920	0.000068	80.275513	4.1
444	932.588783	3.165794	0.000068	108.430102	4.1
445	935.075536	3.162221	0.000068	106.454971	3.5
446	898.813324	3.157681	0.000068	78.011557	2.8
447	892.270365	3.155000	0.000068	115.937468	2.9
448	956.703724	3.151625	0.000068	83.730990	2.9
449	912.225620	3.148242	0.000068	80.970648	2.5
450	887.279167	3.145490	0.000068	127.596816	2.2
451	879.215545	3.144912	0.000068	163.687581	2.2
452	896.922721	3.155169	0.000068	218.355705	2.2
453	896.289021	3.182966	0.000067	106.934116	2.1
454	910.312511	3.186092	0.000067	86.327479	2.1
455	919.051542	3.183969	0.000067	112.337567	2.3
456	888.997024	3.178858	0.000067	127.992153	2.0
457	908.590248	3.183795	0.000067	165.694786	4.0
458	907.570273	3.175666	0.000067	142.887066	4.3
459	879.315417	3.185736	0.000067	145.383765	4.6
460	909.210577	3.180016	0.000067	163.128029	4.4
461	904.190025	3.197093	0.000067	83.569546	4.4
462	910.731374	3.191474	0.000067	73.436488	3.4
463	912.288172	3.188920	0.000067	158.925141	3.2
464	927.085382	3.186155	0.000067	81.962931	2.7
465	917.896463	3.183583	0.000067	84.018813	3.3
466	877.017885	3.180367	0.000067	139.723554	3.1
467	901.459086	3.176809	0.000067	72.010694	3.1
468	886.866743	3.172465	0.000067	107.440793	3.0
469	875.782097	3.170314	0.000067	172.178231	2.5
470	927.121777	3.163161	0.000068	106.018640	2.9
471	902.189266	3.156531	0.000068	204.894076	4.2
472	895.424155	3.164937	0.000068	190.318332	4.2
473	886.054396	3.199143	0.000067	170.481779	4.2
474	920.871146	3.219124	0.000067	104.750087	3.5
475	840.683983	3.217413	0.000067	111.785223	3.1
476	860.409618	3.216665	0.000067	120.757507	3.1
477	898.583054	3.212490	0.000067	176.668105	2.9
478	875.433816	3.209603	0.000067	85.932253	2.5
479	881.295647	3.206812	0.000067	179.163313	2.5
480	851.530330	3.204580	0.000067	88.306480	2.5
481	914.615441	3.207729	0.000067	125.517539	2.3
482	908.431678	3.203651	0.000067	185.216046	2.1
483	868.078985	3.195464	0.000067	136.663042	2.1
484	889.156570	3.186842	0.000067	194.556825	2.3
485	893.811063	3.213148	0.000067	90.566686	2.3
486	873.437502	3.207056	0.000067	73.147897	1.9
487	864.323424	3.204988	0.000067	128.882543	1.9
488	890.823662	3.201123	0.000067	230.991537	1.9
489	911.756657	3.233412	0.000067	196.439286	1.9
490	871.243698	3.342178	0.000067	151.711850	1.9
491	918.626824	3.350440	0.000067	153.288253	1.8
492	880.983396	3.343637	0.000067	118.207674	1.8
493	886.869719	3.351531	0.000067	96.084422	1.8
494	869.130337	3.350351	0.000067	80.335379	1.8
495	882.806410	3.346693	0.000067	173.108399	1.7
496	897.513609	3.341875	0.000067	109.309339	1.7
497	888.365524	3.350807	0.000067	139.120356	1.8
498	888.647516	3.355406	0.000067	133.054182	1.7
499	910.552018	3.358849	0.000067	70.270819	1.8
500	880.454860	3.354949	0.000067	136.042642	1.9
501	872.137582	3.351297	0.000067	168.781463	1.8
502	838.007957	3.367408	0.000067	196.171751	1.8
503	903.820048	3.358057	0.000067	156.052156	1.8
504	924.243432	3.391139	0.000067	206.806094	1.9
505	873.802353	3.381744	0.000067	164.126342	1.8
506	894.511253	3.372302	0.000067	224.844578	1.8
507	890.323960	3.435952	0.000067	128.462366	1.8
508	864.561422	3.456565	0.000067	90.282378	1.8
509	898.623343	3.457465	0.000067	116.168429	1.8
510	915.781092	3.452501	0.000067	114.441515	1.9
511	894.544748	3.446439	0.000067	66.951659	4.4
512	871.790446	3.443448	0.000067	120.843467	4.1
513	916.012810	3.441114	0.000067	83.605809	4.8
514	851.920352	3.436554	0.000067	102.375594	4.0
515	855.691760	3.432236	0.000067	80.127150	3.3
516	870.965647	3.429286	0.000067	80.239736	3.3
517	885.911293	3.427200	0.000067	103.015053	2.6
518	895.193097	3.424964	0.000067	90.109393	2.6
519	880.241833	3.423406	0.000067	192.237235	2.5
520	897.491478	3.424586	0.000067	171.912045	2.5
521	864.655090	3.454926	0.000067	244.751517	2.1
522	869.531424	3.445990	0.000067	142.346383	2.2
523	955.361796	3.468258	0.000067	98.060964	2.4
524	888.402947	3.461882	0.000067	136.087489	2.2
525	889.267513	3.463511	0.000067	188.385565	2.3
526	869.468706	3.454865	0.000067	69.384756	2.7
527	891.592242	3.451101	0.000067	85.061695	3.0
528	864.100847	3.448128	0.000067	122.881025	2.9
529	880.147245	3.443061	0.000067	117.597136	2.3
530	835.290686	3.439387	0.000067	145.556285	2.3
531	873.575263	3.447084	0.000067	113.840840	2.3
532	884.418747	3.440018	0.000067	215.947187	2.5
533	859.698433	3.442411	0.000067	187.634333	4.5
534	907.473098	3.497102	0.000067	120.897886	4.6
535	906.167495	3.512143	0.000067	74.148773	4.6
536	864.229096	3.510159	0.000067	92.024964	3.5
537	916.757227	3.507022	0.000067	141.456808	2.0
538	856.564487	3.503872	0.000067	77.029851	2.1
539	930.796399	3.504534	0.000067	143.432670	4.5
540	868.433904	3.499095	0.000067	72.004465	4.3
541	965.597357	3.497694	0.000067	117.576594	3.4
542	901.015003	3.495115	0.000067	79.255370	2.3
543	897.777920	3.494094	0.000067	93.169676	2.3
544	867.300855	3.492165	0.000067	127.770587	2.3
545	870.594554	3.489079	0.000067	212.210039	2.5
546	836.238669	3.484525	0.000067	238.702774	2.6
547	894.582408	3.655960	0.000066	167.895204	2.5
548	842.118620	3.646522	0.000066	167.678128	4.4
549	845.093219	3.653481	0.000066	67.857777	4.4
550	889.767443	3.653477	0.000066	73.748622	4.1
551	899.726587	3.651300	0.000066	175.465748	4.2
552	872.843632	3.647113	0.000066	129.673132	4.1
553	898.914077	3.661384	0.000066	149.238513	3.7
554	893.191110	3.653969	0.000066	145.420327	3.5
555	902.100764	3.645833	0.000066	107.057261	3.6
556	879.873252	3.650122	0.000066	182.490421	4.5
557	863.521804	3.642485	0.000066	89.437218	4.5
558	902.995970	3.643852	0.000066	133.360331	3.4
559	868.102600	3.642673	0.000066	88.954501	3.3
560	871.207180	3.640460	0.000066	233.497302	3.3
561	927.302179	3.633475	0.000066	245.265991	4.2
562	898.054367	3.690866	0.000066	80.281060	4.3
563	896.388372	3.688590	0.000066	111.286975	3.6
564	864.251217	3.686799	0.000066	260.600377	3.2
565	854.290323	3.712941	0.000066	110.921044	3.3
566	815.379921	3.726351	0.000066	110.154629	3.1
567	896.374767	3.720684	0.000066	81.085028	2.5
568	909.311727	3.717738	0.000066	156.933723	2.5
569	861.152631	3.715566	0.000066	196.525565	2.5
570	827.602558	3.751745	0.000066	119.166340	2.2
571	840.314707	3.772109	0.000066	83.138801	2.1
572	848.985062	3.769098	0.000066	165.502830	2.0
573	856.866917	3.766949	0.000066	106.945710	2.0
574	861.176778	3.775698	0.000066	84.008311	2.1
575	847.585373	3.773080	0.000066	89.201531	2.0
576	914.138617	3.771390	0.000066	81.625078	1.8
577	884.699168	3.768796	0.000066	78.463309	1.8
578	825.000129	3.765018	0.000066	119.688590	2.6
579	868.957882	3.762049	0.000066	167.580299	8.2
580	877.616536	3.754840	0.000066	278.828213	4.5
581	819.672796	3.870501	0.000066	118.002598	4.5
582	863.318841	3.909452	0.000065	224.026229	4.5
583	876.074195	3.934333	0.000065	83.370557	4.3
584	872.502040	3.940445	0.000065	77.217761	4.2
585	858.392778	3.936607	0.000065	145.163631	3.9
586	832.638884	3.931330	0.000065	68.825833	3.1
587	868.078054	3.931315	0.000065	129.183856	3.1
588	869.991758	3.927598	0.000065	141.354301	3.0
589	889.997338	3.921053	0.000065	72.647317	2.9
590	871.414436	3.918956	0.000065	135.016660	2.6
591	888.709220	3.917273	0.000065	104.265362	2.7
592	868.918118	3.917762	0.000065	103.861422	2.8
593	883.114626	3.915690	0.000065	107.681662	2.2
594	889.618456	3.913188	0.000065	124.679663	2.2
595	879.247260	3.906818	0.000066	119.305720	2.3
596	868.474216	3.912496	0.000065	137.844920	2.2
597	839.028561	3.910423	0.000065	104.086074	2.0
598	867.980405	3.905598	0.000066	230.202774	2.0
599	884.657211	3.897888	0.000066	272.683664	1.9
600	855.207114	4.167756	0.000065	90.681735	2.0
601	890.491172	4.176735	0.000065	103.813023	2.0
602	865.516923	4.173273	0.000065	67.074444	2.1
603	865.492638	4.171096	0.000065	116.522274	1.8
604	853.269570	4.169210	0.000065	172.001723	2.3
605	815.554824	4.161382	0.000065	236.615059	1.8
606	887.349201	4.241912	0.000065	121.829517	1.8
607	866.138785	4.274600	0.000065	72.779157	1.8
608	852.573492	4.275064	0.000065	90.423603	2.0
609	805.148589	4.272206	0.000065	116.806826	4.0
610	834.943482	4.267113	0.000065	118.237363	3.8
611	853.749849	4.270106	0.000065	92.697343	3.8
612	839.655090	4.265145	0.000065	68.253358	3.4
613	828.691258	4.262961	0.000065	69.946104	3.0
614	860.682223	4.260472	0.000065	64.550510	2.9
615	880.095036	4.257959	0.000065	233.990516	2.9
616	876.874656	4.254521	0.000065	178.370058	2.7
617	889.847793	4.312218	0.000064	80.157039	2.5
618	890.455108	4.306769	0.000064	190.175982	2.3
619	831.381005	4.300938	0.000064	138.318658	2.5
620	859.297155	4.294750	0.000064	162.984990	2.4
621	844.452023	4.308349	0.000064	98.605924	2.0
622	853.348147	4.303938	0.000064	144.947188	2.1
623	851.617053	4.303248	0.000064	227.362778	2.1
624	875.619391	4.335051	0.000064	90.205690	2.0
625	851.463406	4.345261	0.000064	67.940325	2.1
626	858.142008	4.341893	0.000064	135.641889	2.2
627	826.324658	4.340220	0.000064	130.346765	2.2
628	817.470318	4.350149	0.000064	96.074763	2.3
629	876.347534	4.352785	0.000064	128.580774	2.1
630	875.359273	4.355293	0.000064	92.801532	2.0
631	870.884206	4.354536	0.000064	69.652353	4.3
632	887.577998	4.351850	0.000064	123.510279	4.4
633	852.250091	4.348643	0.000064	114.743256	3.1
634	815.465661	4.342466	0.000064	106.846462	2.2
635	849.586745	4.344460	0.000064	195.158546	2.2
636	827.146666	4.336986	0.000064	98.849246	2.2
637	831.688094	4.347113	0.000064	128.847402	2.4
638	866.110438	4.351053	0.000064	163.039151	4.3
639	884.902274	4.355734	0.000064	232.588583	2.3
640	824.043246	4.414170	0.000064	115.312346	2.7
641	844.174053	4.435895	0.000064	115.356783	2.7
642	872.058854	4.439077	0.000064	135.213085	2.7
643	863.113382	4.433496	0.000064	66.918855	2.6
644	807.706376	4.430209	0.000064	91.020987	2.0
645	875.039927	4.428532	0.000064	94.064486	2.1
646	864.236774	4.426415	0.000064	143.866120	2.0
647	834.683438	4.422682	0.000064	121.154961	2.0
648	832.220909	4.415648	0.000064	115.231067	2.1
649	856.046017	4.411497	0.000064	76.078742	1.8
650	839.838738	4.410909	0.000064	177.860781	1.8
651	825.430767	4.410915	0.000064	65.728867	2.4
652	877.554947	4.406902	0.000064	124.832343	4.1
653	857.533623	4.406340	0.000064	70.150881	4.2
654	870.497722	4.404537	0.000064	101.147121	4.2
655	826.088432	4.401210	0.000064	104.757719	3.5
656	853.828730	4.395874	0.000064	101.580396	2.9
657	860.594819	4.395878	0.000064	126.931852	3.0
658	833.255857	4.398760	0.000064	107.674886	2.6
659	899.546937	4.403750	0.000064	87.950170	2.4
660	872.196505	4.399537	0.000064	62.743699	2.4
661	849.089167	4.397616	0.000064	104.206679	2.5
662	877.098408	4.395915	0.000064	111.732862	2.3
663	856.576058	4.397143	0.000064	157.843281	2.0
664	855.225529	4.405896	0.000064	71.687441	2.3
665	852.296128	4.404408	0.000064	142.237009	5.0
666	864.735743	4.400917	0.000064	76.668856	4.2
667	877.310266	4.397686	0.000064	107.195785	4.2
668	811.921731	4.395855	0.000064	179.621794	3.7
669	831.634582	4.388295	0.000064	165.493457	3.4
670	839.021675	4.419657	0.000064	85.576315	3.5
671	820.947812	4.424313	0.000064	78.570014	2.8
672	876.562780	4.423092	0.000064	137.419620	2.8
673	839.015875	4.418110	0.000064	140.781670	2.6
674	819.940718	4.422228	0.000064	72.750455	2.7
675	822.241159	4.419744	0.000064	86.937309	2.2
676	809.982681	4.418183	0.000064	118.137747	2.2
677	811.933177	4.415264	0.000064	63.475796	2.2
678	858.373891	4.412660	0.000064	68.632135	2.2
679	833.813864	4.410406	0.000064	105.066016	2.3
680	855.477651	4.406917	0.000064	164.171789	2.1
681	835.619748	4.417401	0.000064	113.098688	2.2
682	835.467213	4.430630	0.000064	70.317989	2.1
683	841.917695	4.430915	0.000064	81.012878	2.1
684	817.789449	4.427860	0.000064	91.977742	2.1
685	853.487294	4.425939	0.000064	70.894339	2.4
686	863.835235	4.425181	0.000064	122.173820	1.9
687	826.084743	4.425194	0.000064	75.031659	1.9
688	843.073247	4.425049	0.000064	133.578771	1.9
689	838.265264	4.422710	0.000064	110.262784	1.8
690	837.731251	4.425653	0.000064	150.416456	1.8
691	854.736924	4.430949	0.000064	106.050785	1.8
692	834.139881	4.434258	0.000064	118.802900	1.8
693	855.597229	4.429522	0.000064	170.033937	1.8
694	824.765894	4.443281	0.000064	108.383961	1.8
695	853.824532	4.446943	0.000064	75.112393	1.8
696	860.682573	4.444008	0.000064	129.300551	1.8
697	816.643987	4.439518	0.000064	84.551567	1.8
698	885.037986	4.441641	0.000064	102.126210	1.8
699	817.480303	4.442861	0.000064	99.890778	2.0
700	869.005896	4.442888	0.000064	137.830852	4.1
701	859.043826	4.442645	0.000064	106.419127	4.3
702	833.816243	4.436163	0.000064	146.421363	3.7
703	803.082280	4.442988	0.000064	62.596381	3.0
704	859.526522	4.441926	0.000064	70.289954	7.6
705	822.987225	4.439193	0.000064	87.168870	4.5
706	803.272365	4.437044	0.000064	68.211946	4.2
707	807.732876	4.434057	0.000064	106.193327	3.7
708	813.065278	4.431745	0.000064	102.688016	3.5
709	849.053099	4.434860	0.000064	100.326409	4.2
710	844.133576	4.433406	0.000064	113.773449	4.3
711	816.777368	4.436451	0.000064	94.413201	4.3
712	839.657024	4.434613	0.000064	167.643861	4.4
713	824.337398	4.441185	0.000064	65.610985	4.3
714	852.523105	4.440144	0.000064	116.986061	3.6
715	815.304573	4.438403	0.000064	106.061455	3.5
716	800.746451	4.438933	0.000064	147.801558	3.5
717	829.112124	4.431880	0.000064	204.547314	3.8
718	846.222531	4.422691	0.000064	81.831493	2.9
719	820.095726	4.420910	0.000064	179.394367	2.8
720	866.107124	4.419562	0.000064	155.131667	6.0
721	854.381137	4.434706	0.000064	86.903323	2.5
722	830.072039	4.429871	0.000064	104.478805	2.7
723	833.400890	4.429589	0.000064	168.509598	3.0
724	801.459101	4.422355	0.000064	133.060449	2.6
725	807.347174	4.428843	0.000064	189.874371	2.6
726	812.439666	4.420538	0.000064	64.510475	4.2
727	859.751692	4.422249	0.000064	65.795932	3.1
728	824.405005	4.420377	0.000064	149.346930	2.1
729	817.650589	4.421251	0.000064	196.169044	2.3
730	820.707664	4.445388	0.000064	104.290224	2.3
731	828.173174	4.457340	0.000064	179.156814	2.4
732	837.156666	4.454148	0.000064	108.731878	2.3
733	851.592904	4.462865	0.000064	118.862510	2.2
734	832.792594	4.456876	0.000064	84.547463	1.8
735	827.299043	4.454289	0.000064	131.534541	2.9
736	808.028955	4.453725	0.000064	60.619626	1.8
737	834.871131	4.451690	0.000064	95.577542	1.9
738	804.094278	4.450206	0.000064	74.053883	5.0
739	858.527181	4.448469	0.000064	84.630233	2.0
740	811.985205	4.444683	0.000064	84.409125	2.2
741	832.807637	4.444319	0.000064	77.931044	2.1
742	824.581755	4.441230	0.000064	69.474205	4.9
743	833.195603	4.439937	0.000064	173.104683	2.2
744	837.535901	4.441389	0.000064	85.451802	2.2
745	848.531036	4.444128	0.000064	112.456528	1.9
746	845.126284	4.441780	0.000064	154.787255	3.0
747	808.342293	4.436250	0.000064	81.747422	2.0
748	807.243028	4.430559	0.000064	155.876863	2.1
749	852.095328	4.433283	0.000064	85.083773	4.5
750	846.506756	4.428436	0.000064	92.360943	4.4
751	830.911559	4.424587	0.000064	105.387753	4.3
752	815.339720	4.425845	0.000064	105.856585	3.6
753	807.421284	4.429397	0.000064	192.858439	2.4
754	840.783446	4.444400	0.000064	240.539682	2.5
755	785.652599	4.566187	0.000064	136.530734	2.9
756	874.330542	4.602328	0.000064	129.801306	2.9
757	785.775922	4.594879	0.000064	55.928901	2.9
758	802.386923	4.592750	0.000064	83.345480	2.6
759	837.059514	4.590681	0.000064	134.050762	2.3
760	860.699467	4.588696	0.000064	133.028453	2.3
761	860.403054	4.590247	0.000064	89.211228	2.3
762	832.728081	4.590564	0.000064	165.894632	2.2
763	826.716923	4.584983	0.000064	67.349510	2.2
764	818.591814	4.582663	0.000064	194.736051	2.1
765	827.423496	4.578790	0.000064	84.226667	2.5
766	863.085442	4.581858	0.000064	137.825411	2.6
767	818.850155	4.583125	0.000064	80.248253	2.2
768	827.600975	4.582274	0.000064	225.473053	2.2
769	880.523757	4.576225	0.000064	135.198547	2.2
770	802.535109	4.592460	0.000064	107.016265	2.3
771	788.854389	4.593936	0.000064	86.384524	2.0
772	836.380578	4.589198	0.000064	87.719827	1.8
773	772.061122	4.588039	0.000064	67.065947	1.8
774	814.167319	4.585708	0.000064	88.955753	1.8
775	842.588858	4.583899	0.000064	120.540451	1.8
776	868.658254	4.579016	0.000064	74.650375	1.8
777	833.120713	4.577192	0.000064	89.363157	1.8
778	811.783810	4.574532	0.000064	72.809588	1.8
779	841.846494	4.573417	0.000064	87.594808	1.8
780	809.109326	4.570907	0.000064	156.551816	1.9
781	790.669101	4.574641	0.000064	98.805982	4.5
782	826.263702	4.567685	0.000064	136.331364	4.4
783	787.480814	4.573213	0.000064	91.078991	4.0
784	807.670865	4.578046	0.000064	113.164375	2.3
785	777.482068	4.577918	0.000064	110.949945	2.3
786	805.876379	4.580362	0.000064	130.281011	2.3
787	843.262754	4.578790	0.000064	96.344093	2.2
788	792.686391	4.577790	0.000064	143.986751	2.2
789	778.782267	4.578585	0.000064	56.176440	2.1
790	860.827502	4.576350	0.000064	84.972570	2.1
791	826.990939	4.574795	0.000064	165.643585	2.2
792	853.455188	4.579320	0.000064	111.071338	2.1
793	830.947633	4.574782	0.000064	120.387607	1.9
794	853.439463	4.579905	0.000064	97.983095	1.9
795	819.911402	4.579015	0.000064	69.952658	1.9
796	829.665605	4.575172	0.000064	173.621833	1.9
797	804.699837	4.575232	0.000064	177.009794	2.9
798	781.699474	4.566789	0.000064	182.165795	2.2
799	795.217297	4.595478	0.000064	100.767248	1.8
800	829.365479	4.598814	0.000064	247.445554	3.3
801	831.718484	4.615680	0.000064	203.819942	1.8
802	804.730970	4.781875	0.000063	140.959795	2.0
803	821.838651	4.790006	0.000063	157.657065	2.0
804	820.906279	4.798694	0.000063	97.149410	2.0
805	800.047365	4.799797	0.000063	95.512865	2.0
806	786.783793	4.796656	0.000063	98.864743	2.0
807	828.398410	4.796437	0.000063	168.713852	1.8
808	797.945186	4.789366	0.000063	265.852124	1.8
809	810.752607	4.909948	0.000063	66.542403	1.8
810	846.231927	4.910977	0.000063	106.009263	1.9
811	805.686825	4.907598	0.000063	250.350623	1.8
812	795.263564	4.937683	0.000063	142.958646	1.8
813	814.311416	4.968293	0.000063	64.668213	1.8
814	834.270270	4.965578	0.000063	97.132428	1.8
815	815.969370	4.963851	0.000063	70.767977	3.7
816	780.880902	4.962635	0.000063	114.993316	4.4
817	815.923252	4.960012	0.000063	73.604522	4.6
818	804.090574	4.955645	0.000063	98.307195	4.4
819	828.669465	4.954055	0.000063	109.818576	3.1
820	827.926636	4.952257	0.000063	173.340754	2.4
821	782.790944	4.946892	0.000063	81.755982	2.4
822	797.828810	4.940475	0.000063	84.601326	2.9
823	807.313950	4.940380	0.000063	127.273663	2.8
824	829.644398	4.943445	0.000063	91.488475	2.8
825	802.331952	4.937742	0.000063	167.372421	2.7
826	823.472416	4.941990	0.000063	92.739391	2.3
827	763.852816	4.935462	0.000063	63.656875	4.5
828	819.725885	4.933881	0.000063	96.299295	4.3
829	774.241986	4.930969	0.000063	88.534991	4.3
830	792.199789	4.926675	0.000063	91.611110	4.6
831	802.551657	4.928184	0.000063	165.041875	3.9
832	806.838543	4.922565	0.000063	141.605647	3.1
833	802.811333	4.947064	0.000063	86.939517	3.2
834	841.941189	4.950794	0.000063	118.415935	3.4
835	788.517143	4.945591	0.000063	148.268015	3.2
836	831.314583	4.938097	0.000063	162.284082	3.0
837	856.631323	4.949121	0.000063	162.348781	2.6
838	827.166295	4.947068	0.000063	152.451561	2.6
839	842.634845	4.969428	0.000063	119.608625	2.7
840	789.410867	4.962285	0.000063	95.971911	2.3
841	848.061026	4.956620	0.000063	122.562309	2.2
842	840.827370	4.955105	0.000063	151.340448	2.3
843	800.229035	4.961249	0.000063	65.773045	2.2
844	854.596143	4.956923	0.000063	76.113438	2.2
845	777.275432	4.953933	0.000063	132.471239	1.9
846	804.995474	4.955295	0.000063	128.148802	2.6
847	782.141923	4.951002	0.000063	147.793052	3.1
848	817.104397	4.962773	0.000063	65.351722	2.2
849	854.897202	4.959313	0.000063	74.207290	4.3
850	775.398432	4.958077	0.000063	108.287016	2.0
851	789.838233	4.954542	0.000063	67.351220	2.1
852	805.044433	4.953748	0.000063	59.097621	4.2
853	806.053768	4.951438	0.000063	92.057632	4.3
854	814.697497	4.949799	0.000063	68.178858	4.5
855	796.665103	4.948771	0.000063	66.201774	4.4
856	785.101238	4.946195	0.000063	62.786401	3.9
857	796.212958	4.944481	0.000063	102.873810	2.2
858	802.904723	4.941179	0.000063	122.638074	2.2
859	796.096260	4.935168	0.000063	68.115888	2.1
860	785.289968	4.934018	0.000063	76.967597	2.2
861	812.534332	4.932176	0.000063	146.547282	2.0
862	803.988877	4.930608	0.000063	118.345467	2.1
863	788.037822	4.928708	0.000063	81.787905	3.3
864	791.223635	4.928094	0.000063	186.034287	1.9
865	825.828217	4.922244	0.000063	130.164927	1.9
866	841.073359	4.915953	0.000063	68.061724	2.0
867	814.853494	4.915955	0.000063	110.910575	2.0
868	806.216881	4.913588	0.000063	122.572719	2.0
869	825.685613	4.907165	0.000063	139.754166	2.0
870	854.566327	4.915351	0.000063	135.465320	1.9
871	772.542697	4.916307	0.000063	252.777671	1.8
872	780.237728	4.975940	0.000063	177.340236	2.0
873	795.145921	5.078866	0.000063	57.513574	2.2
874	783.360691	5.076424	0.000063	61.823289	1.8
875	806.370948	5.074281	0.000063	110.866466	3.2
876	776.197052	5.070758	0.000063	123.102792	1.8
877	812.886474	5.070441	0.000063	64.500997	1.8
878	808.932723	5.068390	0.000063	88.832322	1.8
879	808.621727	5.067668	0.000063	129.041367	1.8
880	799.124065	5.064464	0.000063	109.031406	1.7
881	768.025322	5.072008	0.000063	100.200315	1.8
882	810.432548	5.075936	0.000063	60.976893	1.8
883	755.092379	5.075181	0.000063	82.915618	1.8
884	822.348975	5.072969	0.000063	107.650453	1.8
885	759.682739	5.074314	0.000063	59.251466	2.4
886	818.417884	5.073473	0.000063	105.438740	1.9
887	809.259190	5.070802	0.000063	64.172184	1.7
888	773.131339	5.070044	0.000063	77.346010	1.8
889	821.863378	5.067397	0.000063	283.478892	1.8
890	800.926562	5.060221	0.000063	292.575425	1.8
891	788.893158	5.742260	0.000061	110.405904	1.8
892	807.198065	5.739632	0.000061	136.647660	4.1
893	800.912223	5.736763	0.000061	75.033961	4.4
894	804.570274	5.733737	0.000061	163.472459	4.4
895	788.460020	5.733655	0.000061	84.782836	4.1
896	787.147548	5.737934	0.000061	201.083071	4.1
897	789.280346	5.731411	0.000061	131.035130	4.2
898	807.107726	5.764063	0.000061	74.835953	4.1
899	778.408858	5.759521	0.000061	98.722272	3.2
900	815.902124	5.755803	0.000061	69.933519	3.0
901	776.793744	5.753508	0.000061	63.616123	3.0
902	807.002811	5.752164	0.000061	106.051153	2.8
903	767.941334	5.751533	0.000061	174.816053	2.5
904	817.351409	5.759882	0.000061	260.906369	2.5
905	783.741074	5.898550	0.000061	229.732301	2.5
906	779.888769	6.219973	0.000060	61.515360	2.7
907	791.044165	6.220138	0.000060	91.906453	2.1
908	796.935710	6.217108	0.000060	293.500379	2.4
909	795.510018	6.237198	0.000060	147.254167	2.2
910	812.121313	6.303655	0.000060	319.624804	2.1
911	780.472728	6.295148	0.000060	106.807854	1.9
912	804.444888	6.349092	0.000060	67.555272	1.9
913	773.452374	6.347557	0.000060	91.289834	2.1
914	802.996856	6.344620	0.000060	156.790340	2.0
915	775.059579	6.344060	0.000060	127.572989	1.9
916	777.140050	6.363383	0.000060	69.251188	1.9
917	787.318975	6.360674	0.000060	55.848955	1.8
918	805.959577	6.358573	0.000060	92.433923	1.9
919	813.397558	6.356184	0.000060	59.298782	1.9
920	776.660471	6.353988	0.000060	69.470703	1.8
921	805.182690	6.351930	0.000060	131.634324	1.8
922	748.539260	6.347521	0.000060	127.161394	1.8
923	801.029025	6.340227	0.000060	144.245301	1.8
924	778.175229	6.352978	0.000060	84.801433	1.7
925	802.803587	6.347964	0.000060	126.899112	1.7
926	781.233656	6.342528	0.000060	129.665712	1.8
927	770.635699	6.335400	0.000060	86.232874	1.8
928	799.344278	6.338160	0.000060	172.835990	2.0
929	780.852770	6.333020	0.000060	79.394536	4.1
930	789.125396	6.326806	0.000060	140.545225	3.8
931	754.293321	6.330650	0.000060	106.814060	3.9
932	757.303140	6.334379	0.000060	109.812673	3.8
933	761.676130	6.338279	0.000060	76.133556	3.0
934	793.740823	6.339183	0.000060	57.886629	2.9
935	795.760481	6.336614	0.000060	146.770260	2.9
936	813.041861	6.336575	0.000060	90.088995	2.8
937	776.898904	6.338591	0.000060	163.210150	2.4
938	782.443543	6.334633	0.000060	94.104095	2.8
939	783.917187	6.336401	0.000060	111.273712	2.3
940	767.962798	6.339610	0.000060	125.168679	2.3
941	785.296160	6.346209	0.000060	95.170198	2.1
942	803.238522	6.350714	0.000060	55.791286	2.1
943	751.635614	6.348792	0.000060	178.485967	2.1
944	806.260172	6.347085	0.000060	97.618445	2.0
945	777.479037	6.339767	0.000060	53.867375	1.9
946	771.956257	6.338712	0.000060	77.278391	1.8
947	780.152686	6.336374	0.000060	76.498714	1.9
948	823.566222	6.333132	0.000060	70.962904	1.9
949	804.402111	6.331462	0.000060	139.265305	1.9
950	772.238665	6.330104	0.000060	95.637579	1.9
951	791.979583	6.335475	0.000060	89.083820	1.8
952	791.065688	6.330867	0.000060	99.057770	1.7
953	770.260704	6.326022	0.000060	195.545360	1.8
954	821.594079	6.338763	0.000060	74.937248	1.8
955	770.598821	6.335802	0.000060	139.500645	1.8
956	797.491644	6.333493	0.000060	89.789427	1.7
957	772.848111	6.338327	0.000060	77.014174	1.8
958	791.012228	6.334684	0.000060	110.670495	1.9
959	760.774673	6.336174	0.000060	112.384657	2.6
960	775.597927	6.330199	0.000060	96.055568	1.7
961	791.161706	6.334667	0.000060	136.889778	1.7
962	784.277092	6.329017	0.000060	121.814231	1.8
963	737.708062	6.322435	0.000060	193.214043	1.7
964	772.834037	6.349182	0.000060	258.166887	1.9
965	793.798080	6.450948	0.000059	62.448229	5.1
966	796.059842	6.452831	0.000059	184.975484	4.5
967	766.707103	6.448926	0.000059	72.599678	4.4
968	761.767281	6.452689	0.000059	137.013634	4.3
969	797.045601	6.455699	0.000059	154.704101	2.7
970	770.196015	6.474249	0.000059	82.008142	2.2
971	805.161681	6.475255	0.000059	110.182988	2.6
972	782.335269	6.471419	0.000059	116.122816	2.6
973	779.006623	6.474292	0.000059	110.696131	2.6
974	805.662180	6.468574	0.000059	197.143658	2.6
975	772.723237	6.486496	0.000059	87.055612	3.2
976	822.782550	6.488242	0.000059	105.395004	2.4
977	804.323477	6.484070	0.000059	88.467513	2.1
978	765.028221	6.483474	0.000059	247.340125	2.0
979	767.243586	6.482488	0.000059	92.359830	1.9
980	760.450541	6.503860	0.000059	58.780477	4.9
981	800.242880	6.501728	0.000059	60.924297	4.4
982	783.954837	6.500197	0.000059	77.070769	2.0
983	786.837179	6.498592	0.000059	80.319917	2.3
984	789.089708	6.495454	0.000059	66.540663	2.0
985	779.881309	6.493042	0.000059	63.167576	2.9
986	794.469080	6.490668	0.000059	64.854836	1.9
987	752.932710	6.488566	0.000059	164.774427	1.9
988	801.701336	6.486322	0.000059	88.796042	3.0
989	760.095238	6.493857	0.000059	96.969592	1.9
990	764.496578	6.490196	0.000059	95.545150	1.9
991	799.103203	6.491624	0.000059	74.252025	1.9
992	780.490692	6.491789	0.000059	157.079910	1.9
993	753.281558	6.486150	0.000059	107.777508	1.9
994	773.007061	6.479158	0.000059	93.172115	1.9
995	752.364623	6.482756	0.000059	88.707063	1.9
996	787.338375	6.481444	0.000059	205.734469	1.7
997	811.194631	6.482218	0.000059	85.772956	1.8
998	800.467104	6.477863	0.000059	77.168711	1.8
999	782.902503	6.478140	0.000059	63.298404	1.7
1000	780.940366	6.477476	0.000059	106.292497	1.8
1001	746.817677	6.477935	0.000059	56.932898	1.8
1002	803.663942	6.476048	0.000059	100.655074	1.8
1003	767.808170	6.474268	0.000059	54.044626	1.7
1004	790.456753	6.472844	0.000059	111.149333	1.9
1005	746.781596	6.470841	0.000059	118.295850	1.8
1006	772.482588	6.465551	0.000059	209.215008	1.7
1007	793.002046	6.490692	0.000059	109.108996	2.2
1008	749.825565	6.501165	0.000059	148.106981	2.0
1009	792.340873	6.510144	0.000059	94.368952	1.9
1010	778.481513	6.513630	0.000059	145.066845	2.0
1011	795.996239	6.508245	0.000059	89.107145	1.9
1012	759.749827	6.511868	0.000059	238.447868	1.9
1013	767.636288	6.526400	0.000059	108.275423	1.8
1014	791.913363	6.526109	0.000059	156.647737	1.8
1015	734.475012	6.519455	0.000059	51.864116	1.8
1016	770.837532	6.516781	0.000059	76.306004	1.8
1017	767.953667	6.514476	0.000059	194.071746	1.8
1018	778.089432	6.510144	0.000059	203.067064	1.8
1019	811.109342	6.592290	0.000059	112.744246	1.7
1020	756.810762	6.584541	0.000059	75.761393	1.7
1021	731.788612	6.585999	0.000059	115.712404	1.8
1022	770.236289	6.581592	0.000059	73.189137	1.8
1023	779.070975	6.580290	0.000059	59.160982	1.8
1024	791.478864	6.579197	0.000059	63.307218	1.8
1025	750.169832	6.577841	0.000059	175.752614	1.7
1026	796.771237	6.575120	0.000059	124.287242	1.7
1027	771.283419	6.571799	0.000059	132.105031	1.7
1028	755.372957	6.573969	0.000059	78.473367	1.7
1029	751.383014	6.570465	0.000059	180.642457	1.9
1030	763.696861	6.572978	0.000059	200.473965	1.8
1031	772.290710	6.641449	0.000059	109.194285	1.8
1032	741.743781	6.633270	0.000059	53.211494	1.8
1033	768.872156	6.630886	0.000059	72.987930	1.8
1034	770.507319	6.629065	0.000059	224.771227	2.4
1035	762.050898	6.623473	0.000059	110.327469	3.8
1036	735.120511	6.642293	0.000059	48.279007	1.7
1037	767.290349	6.640951	0.000059	135.935933	1.7
1038	795.254063	6.640590	0.000059	150.285340	1.7
1039	770.712259	6.632555	0.000059	118.169219	1.9
1040	777.103375	6.626199	0.000059	228.152337	2.0
1041	811.883676	6.640139	0.000059	85.147153	2.0
1042	778.703114	6.634211	0.000059	169.469148	1.9
1043	754.747703	6.628912	0.000059	191.636209	2.0
1044	771.771799	6.681017	0.000059	226.679351	1.7
1045	793.695586	6.671581	0.000059	140.420618	1.7
1046	759.150273	6.717072	0.000059	182.758093	1.8
1047	775.371327	6.722068	0.000059	63.486547	1.7
1048	761.589364	6.720463	0.000059	103.417278	1.8
1049	773.380358	6.720374	0.000059	77.569075	3.4
1050	755.201080	6.721936	0.000059	94.213426	2.1
1051	769.889517	6.723273	0.000059	264.111224	4.4
1052	747.929643	6.735947	0.000059	75.635851	4.2
1053	768.693330	6.746177	0.000059	78.351061	2.4
1054	801.110947	6.743716	0.000059	95.920651	2.3
1055	743.445698	6.744866	0.000059	105.487358	2.4
1056	777.144227	6.747270	0.000059	130.568827	2.5
1057	736.434330	6.747206	0.000059	84.560957	2.5
1058	801.541830	6.741768	0.000059	141.493797	2.6
1059	755.765801	6.747103	0.000059	80.478362	2.5
1060	771.660881	6.750197	0.000059	60.824630	2.2
1061	806.874454	6.748425	0.000059	63.306184	2.2
1062	768.778164	6.746858	0.000059	346.071457	2.2
1063	762.255862	6.743275	0.000059	201.701234	4.6
1064	743.033949	7.271319	0.000058	99.919048	2.1
1065	754.082853	7.263555	0.000058	126.125445	2.1
1066	770.929737	7.270654	0.000058	73.395111	2.1
1067	771.366100	7.272987	0.000058	137.783575	4.6
1068	779.826129	7.269011	0.000058	162.706026	2.1
1069	764.312269	7.293394	0.000058	186.538565	2.2
1070	742.492048	7.345695	0.000058	129.808646	4.3
1071	753.617195	7.366861	0.000058	75.815347	4.1
1072	764.274148	7.368974	0.000058	59.821858	2.5
1073	773.871219	7.368212	0.000058	77.799164	2.3
1074	778.498083	7.366389	0.000058	96.777147	2.1
1075	772.409857	7.367354	0.000058	64.061820	2.2
1076	830.607909	7.363997	0.000058	87.265556	2.2
1077	766.922567	7.362993	0.000058	159.318570	4.1
1078	766.997986	7.358214	0.000058	109.291673	2.5
1079	774.901835	7.350970	0.000058	118.590320	2.4
1080	791.882861	7.357142	0.000058	108.168524	2.4
1081	772.672708	7.350920	0.000058	127.836973	2.4
1082	806.754574	7.345410	0.000058	116.780067	2.2
1083	741.200439	7.355299	0.000058	105.250458	2.3
1084	775.261354	7.349930	0.000058	109.487742	2.2
1085	786.132415	7.350774	0.000058	64.824720	2.2
1086	802.245378	7.350779	0.000058	189.630005	2.2
1087	734.230642	7.345586	0.000058	103.518584	2.0
1088	781.262081	7.337774	0.000058	99.056427	1.9
1089	740.593496	7.341912	0.000058	161.052426	1.9
1090	738.036058	7.335064	0.000058	92.179737	2.0
1091	753.765990	7.342898	0.000058	145.771395	4.4
1092	773.577445	7.350210	0.000058	161.772066	1.8
1093	766.780572	7.341652	0.000058	188.469764	1.7
1094	806.644767	7.395829	0.000057	115.774679	1.8
1095	753.039737	7.388033	0.000057	57.741427	1.8
1096	781.521007	7.386645	0.000057	92.406170	2.0
1097	768.381865	7.384417	0.000057	55.752207	4.3
1098	752.299243	7.383659	0.000057	102.437735	3.3
1099	765.176544	7.383463	0.000057	78.103933	2.1
1100	753.060508	7.384575	0.000057	54.013112	2.5
1101	743.852626	7.383041	0.000057	87.584647	3.2
1102	774.344677	7.380857	0.000057	100.692829	1.7
1103	785.907725	7.383089	0.000057	85.617958	2.0
1104	724.868526	7.379981	0.000057	54.099816	1.7
1105	778.682699	7.377918	0.000057	216.680044	1.8
1106	755.265075	7.377150	0.000057	174.206699	2.1
1107	755.531225	7.451960	0.000057	58.323043	1.7
1108	758.252408	7.453314	0.000057	111.237136	1.7
1109	753.217971	7.451347	0.000057	104.447249	1.8
1110	768.927177	7.449355	0.000057	94.350642	1.8
1111	770.018542	7.453527	0.000057	114.669763	1.8
1112	752.222637	7.448705	0.000057	119.391257	2.1
1113	781.911272	7.442747	0.000057	84.933373	1.7
1114	771.554841	7.443525	0.000057	48.254886	1.8
1115	751.564342	7.442001	0.000057	76.376301	1.9
1116	765.384427	7.440684	0.000057	93.665110	1.8
1117	752.774672	7.441115	0.000057	74.817610	1.9
1118	788.615018	7.438351	0.000057	84.765621	2.0
1119	762.649718	7.437509	0.000057	259.226767	1.7
1120	757.743849	7.435065	0.000057	54.948038	1.6
1121	748.928075	7.436582	0.000057	75.677909	1.7
1122	795.512110	7.434067	0.000057	120.318815	1.6
1123	758.851309	7.435189	0.000057	101.646737	1.7
1124	799.503262	7.435299	0.000057	87.239392	1.6
1125	771.555830	7.437129	0.000057	141.813067	1.7
1126	749.365418	7.431708	0.000057	129.593761	1.7
1127	767.431526	7.424277	0.000057	123.719255	1.9
1128	772.053299	7.432138	0.000057	135.337076	1.7
1129	770.957562	7.438642	0.000057	249.632931	2.6
1130	775.525078	7.494097	0.000057	88.644547	1.8
1131	761.349537	7.489580	0.000057	72.056703	2.2
1132	764.062264	7.490648	0.000057	145.799977	2.8
1133	746.060830	7.488573	0.000057	95.799727	4.4
1134	770.546312	7.490001	0.000057	80.218639	3.4
1135	737.799350	7.488365	0.000057	90.448391	2.8
1136	758.952067	7.484375	0.000057	64.037976	2.1
1137	748.256294	7.482514	0.000057	122.002675	2.0
1138	759.582100	7.480043	0.000057	202.724507	1.8
1139	744.174218	7.485884	0.000057	127.026509	1.8
1140	729.524483	7.518019	0.000057	62.379570	1.8
1141	754.682062	7.517713	0.000057	165.746942	2.0
1142	736.830865	7.518093	0.000057	238.066138	1.9
1143	775.555763	7.622071	0.000057	104.458137	1.8
1144	750.061721	7.613640	0.000057	101.734807	1.7
1145	740.435070	7.618333	0.000057	54.676371	1.7
1146	742.461533	7.617045	0.000057	65.182211	1.7
1147	801.472371	7.615403	0.000057	59.717824	1.7
1148	743.458709	7.613076	0.000057	98.924895	1.7
1149	771.762585	7.611717	0.000057	164.193843	2.3
1150	755.721946	7.610446	0.000057	137.905240	1.9
1151	752.173367	7.635744	0.000057	184.474033	2.1
1152	761.058272	7.630326	0.000057	65.595976	1.9
1153	776.213068	7.629647	0.000057	142.034634	1.8
1154	767.662898	7.625535	0.000057	133.033463	1.8
1155	757.313148	7.640837	0.000057	59.961138	1.8
1156	750.221648	7.641212	0.000057	91.183517	1.7
1157	758.775513	7.639545	0.000057	91.098577	1.7
1158	719.890213	7.638919	0.000057	146.207240	1.7
1159	729.868340	7.632583	0.000057	140.146787	3.8
1160	770.952480	7.642112	0.000057	50.857652	4.3
1161	752.889887	7.641468	0.000057	140.303272	4.3
1162	742.532422	7.641484	0.000057	97.972013	4.4
1163	741.366760	7.649234	0.000057	120.102341	4.2
1164	710.678495	7.643464	0.000057	270.316774	3.5
1165	726.499079	7.689542	0.000057	147.503641	4.2
1166	746.491915	7.776650	0.000057	227.381767	4.2
1167	738.943090	7.840366	0.000057	173.899520	4.4
1168	751.804307	7.929856	0.000056	95.642550	4.0
1169	740.605486	7.923730	0.000056	196.960888	3.1
1170	758.743228	7.919806	0.000056	199.336013	3.2
1171	744.590494	8.025337	0.000056	85.906011	3.1
1172	727.661812	8.019256	0.000056	128.739238	2.9
1173	752.436831	8.023109	0.000056	196.459588	4.5
1174	727.578521	8.047292	0.000056	177.464729	2.4
1175	751.878585	8.123004	0.000056	61.291719	2.7
1176	782.026453	8.123970	0.000056	72.658109	2.6
1177	747.940108	8.122133	0.000056	65.344113	2.7
1178	732.223429	8.119351	0.000056	120.077744	2.7
1179	744.673813	8.119221	0.000056	73.189717	4.3
1180	773.591923	8.120510	0.000056	88.691210	4.0
1181	765.500602	8.116717	0.000056	76.301149	4.1
1182	711.886563	8.117313	0.000056	230.783209	4.2
1183	788.962388	8.128092	0.000056	125.001173	4.1
1184	743.319519	8.172832	0.000056	65.578609	3.0
1185	731.703475	8.173936	0.000056	81.658695	3.0
1186	781.976009	8.171336	0.000056	279.991141	3.0
1187	729.305150	8.188071	0.000056	90.000551	3.1
1188	725.928191	8.209186	0.000056	98.420297	3.4
1189	760.919833	8.204445	0.000056	93.025198	3.0
1190	744.948879	8.200800	0.000056	103.055919	4.2
1191	752.898130	8.204397	0.000056	136.594007	4.1
1192	736.868382	8.207702	0.000056	58.159294	3.8
1193	760.204765	8.208704	0.000056	79.672998	4.4
1194	751.897175	8.206162	0.000056	61.172150	2.9
1195	746.767141	8.206121	0.000056	95.158092	1.9
1196	717.643809	8.203462	0.000056	120.809587	1.9
1197	741.068391	8.209022	0.000056	153.349782	1.9
1198	749.369858	8.217596	0.000056	58.911044	1.8
1199	769.801069	8.218173	0.000056	186.220408	1.9
1200	716.700788	8.213684	0.000056	128.809428	1.9
1201	747.948331	8.226063	0.000056	74.109318	2.1
1202	737.223540	8.221900	0.000056	75.194233	3.7
1203	749.424245	8.220098	0.000056	95.758973	1.8
1204	714.742438	8.220158	0.000056	117.523362	1.9
1205	738.951281	8.218814	0.000056	114.372855	1.8
1206	800.892866	8.224903	0.000056	152.911886	4.2
1207	756.020405	8.222077	0.000056	107.522444	1.9
1208	765.780025	8.228673	0.000056	115.060154	1.9
1209	777.866005	8.225380	0.000056	100.478654	1.8
1210	739.021814	8.229987	0.000056	74.261468	1.8
1211	746.714700	8.227261	0.000056	235.295651	1.8
1212	749.423203	8.228922	0.000056	64.274724	1.8
1213	700.226729	8.233811	0.000056	45.048921	1.9
1214	775.897807	8.232180	0.000056	90.557518	1.8
1215	737.756961	8.230686	0.000056	227.690190	1.8
1216	733.233285	8.241620	0.000056	89.177628	1.9
1217	732.958058	8.237495	0.000056	97.455753	1.8
1218	776.966475	8.240586	0.000056	127.287837	1.9
1219	731.620710	8.235814	0.000056	77.642600	1.9
1220	746.805931	8.231504	0.000056	52.638342	1.8
1221	759.309777	8.230614	0.000056	82.070068	2.0
1222	770.311696	8.229434	0.000056	103.374831	3.7
1223	763.448935	8.226408	0.000056	70.885053	1.8
1224	727.601784	8.225176	0.000056	89.138832	1.8
1225	769.801933	8.224890	0.000056	69.209113	1.8
1226	771.284288	8.221358	0.000056	76.717001	2.0
1227	758.078988	8.220474	0.000056	123.564261	1.9
1228	759.507728	8.216549	0.000056	71.118444	1.8
1229	759.793088	8.219316	0.000056	110.886224	2.0
1230	741.708590	8.215386	0.000056	134.369664	4.5
1231	741.506393	8.227112	0.000056	64.472321	4.3
1232	780.567500	8.223692	0.000056	148.269742	4.5
1233	725.207110	8.219724	0.000056	134.159694	4.5
1234	757.108145	8.237474	0.000056	74.838186	4.0
1235	768.716190	8.232891	0.000056	107.889205	2.9
1236	736.247645	8.234436	0.000056	71.080889	2.8
1237	726.173969	8.235092	0.000056	58.437310	2.9
1238	707.066446	8.232639	0.000056	72.702304	2.9
1239	759.938007	8.231070	0.000056	68.545582	4.0
1240	744.968932	8.230858	0.000056	95.431184	2.7
1241	749.414747	8.231615	0.000056	176.143217	2.7
1242	769.127619	8.245196	0.000056	93.142933	3.9
1243	720.166868	8.238205	0.000056	211.382200	2.9
1244	750.724660	8.255880	0.000056	113.964052	3.6
1245	747.686928	8.273798	0.000056	55.707028	3.2
1246	706.593531	8.271289	0.000056	107.909967	2.9
1247	777.891111	8.269506	0.000056	186.079417	2.4
1248	766.986755	8.289859	0.000056	78.568081	2.5
1249	723.384415	8.296440	0.000056	62.118925	2.3
1250	715.410727	8.294340	0.000056	76.023750	2.3
1251	733.534255	8.293303	0.000056	75.151404	1.9
1252	720.861846	8.293472	0.000056	115.010202	1.9
1253	739.394559	8.295803	0.000056	63.210621	1.9
1254	729.955394	8.296431	0.000056	134.542220	1.9
1255	713.450252	8.296148	0.000056	229.089317	1.9
1256	745.288307	8.339076	0.000056	191.634155	1.8
1257	727.917701	8.478126	0.000055	70.484916	1.8
1258	735.380955	8.480732	0.000055	140.787716	1.8
1259	738.188721	8.478362	0.000055	57.322290	1.8
1260	752.517530	8.476495	0.000055	176.049841	1.8
1261	741.841548	8.476410	0.000055	76.237619	1.9
1262	701.977122	8.481322	0.000055	62.331119	1.9
1263	758.920884	8.479170	0.000055	125.692417	2.0
1264	703.123577	8.475004	0.000055	130.455954	1.9
1265	766.084015	8.484099	0.000055	104.326042	1.9
1266	764.484950	8.482010	0.000055	52.244850	1.9
1267	751.211930	8.481514	0.000055	93.086794	1.8
1268	712.470910	8.479025	0.000055	110.164377	1.8
1269	743.648279	8.478464	0.000055	123.744923	1.8
1270	735.041184	8.487901	0.000055	53.621992	1.8
1271	736.149763	8.485409	0.000055	79.909638	1.8
1272	708.611112	8.483308	0.000055	147.428298	1.7
1273	772.448765	8.487544	0.000055	89.917246	1.9
1274	736.882746	8.483417	0.000055	77.715714	4.4
1275	748.496913	8.483084	0.000055	49.751973	4.2
1276	768.098699	8.481573	0.000055	76.947982	4.1
1277	759.517412	8.479672	0.000055	132.326877	4.2
1278	772.813669	8.480021	0.000055	72.664926	3.7
1279	709.022576	8.476625	0.000055	80.064727	3.7
1280	737.170070	8.473393	0.000055	135.217752	3.5
1281	745.172195	8.473370	0.000055	128.014425	2.7
1282	685.904184	8.466049	0.000055	91.283628	2.7
1283	708.119502	8.473051	0.000055	119.378684	3.0
1284	736.136770	8.467445	0.000055	127.266472	2.5
1285	728.373631	8.476222	0.000055	49.111701	4.2
1286	725.826907	8.476467	0.000055	103.276989	3.3
1287	728.459173	8.474552	0.000055	85.532846	2.8
1288	693.614366	8.472787	0.000055	56.857921	2.7
1289	736.726802	8.470272	0.000055	57.803915	2.9
1290	766.988491	8.468760	0.000055	174.806141	4.6
1291	718.515968	8.464539	0.000055	73.565528	4.5
1292	745.093807	8.470084	0.000055	65.460996	4.5
1293	728.913347	8.468108	0.000055	56.686134	3.4
1294	728.022322	8.466686	0.000055	70.689596	3.3
1295	744.111744	8.464936	0.000055	106.217016	4.3
1296	722.420640	8.464812	0.000055	137.999021	4.2
1297	740.355006	8.470163	0.000055	190.661495	4.6
1298	725.381384	8.508832	0.000055	86.741547	4.2
1299	692.543035	8.518750	0.000055	61.903856	4.3
1300	776.076372	8.516160	0.000055	81.454067	3.5
1301	720.501221	8.513981	0.000055	127.242972	3.4
1302	739.495749	8.512634	0.000055	115.207780	4.5
1303	713.939829	8.516187	0.000055	80.755307	4.5
1304	740.944627	8.519360	0.000055	104.136520	4.8
1305	725.437550	8.516586	0.000055	112.363308	4.6
1306	710.506761	8.513625	0.000055	70.427562	3.9
1307	722.419067	8.510174	0.000055	68.082951	4.2
1308	756.925213	8.507669	0.000055	150.526396	4.4
1309	735.309023	8.506306	0.000055	141.138028	4.0
1310	743.542875	8.526895	0.000055	98.392453	3.3
1311	718.851023	8.528667	0.000055	87.342102	3.3
1312	769.493562	8.524699	0.000055	77.340889	3.1
1313	756.850477	8.522733	0.000055	129.298550	2.5
1314	746.407050	8.523675	0.000055	69.536423	2.5
1315	725.036553	8.519760	0.000055	69.268927	2.5
1316	714.718753	8.520131	0.000055	116.435945	2.3
1317	713.988970	8.516278	0.000055	57.750029	2.2
1318	747.190097	8.517674	0.000055	67.023799	2.1
1319	759.464908	8.515290	0.000055	91.969751	2.1
1320	719.518630	8.513559	0.000055	67.813157	2.1
1321	740.543755	8.512471	0.000055	158.339373	1.9
1322	732.617723	8.514866	0.000055	75.421590	2.0
1323	704.057870	8.512943	0.000055	94.016688	1.9
1324	734.409199	8.510631	0.000055	135.174103	2.0
1325	749.286777	8.517363	0.000055	86.776447	1.9
1326	706.146837	8.511628	0.000055	146.861500	1.9
1327	699.577137	8.519481	0.000055	117.374011	2.0
1328	720.332179	8.534973	0.000055	106.135627	2.0
1329	737.634377	8.542467	0.000055	79.907705	1.9
1330	767.338896	8.539277	0.000055	66.639761	1.9
1331	725.585735	8.535971	0.000055	51.858567	1.9
1332	745.468247	8.534226	0.000055	161.746662	1.8
1333	764.898034	8.534472	0.000055	123.700849	1.9
1334	771.567123	8.550240	0.000055	150.552575	1.8
1335	772.996762	8.560339	0.000055	79.486765	1.8
1336	754.389911	8.559744	0.000055	91.635155	1.8
1337	712.252182	8.555485	0.000055	74.859541	1.8
1338	715.230649	8.556983	0.000055	132.559683	1.8
1339	730.067847	8.557756	0.000055	94.405354	1.9
1340	721.592752	8.552461	0.000055	97.092748	1.8
1341	740.464968	8.547756	0.000055	117.030509	1.9
1342	751.825227	8.548159	0.000055	102.015996	1.9
1343	731.588785	8.543781	0.000055	86.179322	1.9
1344	725.873374	8.539992	0.000055	103.703140	1.9
1345	728.960760	8.535846	0.000055	119.643685	1.9
1346	693.700625	8.530541	0.000055	117.270799	1.9
1347	749.671773	8.536048	0.000055	53.672697	1.8
1348	752.632166	8.533877	0.000055	51.290840	1.8
1349	747.118842	8.532399	0.000055	135.448553	1.8
1350	737.755051	8.529938	0.000055	95.427664	1.8
1351	715.604706	8.537029	0.000055	125.369519	1.8
1352	732.165821	8.536304	0.000055	48.828163	1.8
1353	737.115713	8.534902	0.000055	73.165620	1.7
1354	716.149639	8.533304	0.000055	49.002461	1.8
1355	734.764284	8.531770	0.000055	98.813477	1.8
1356	736.311054	8.531007	0.000055	206.421015	1.8
1357	718.737066	8.538409	0.000055	60.072571	1.8
1358	725.264729	8.533926	0.000055	108.841977	1.8
1359	770.713354	8.531139	0.000055	124.930090	1.8
1360	761.819666	8.537438	0.000055	56.394622	1.9
1361	734.889578	8.535994	0.000055	184.029882	1.8
1362	722.568150	8.536547	0.000055	132.009140	1.9
1363	726.421461	8.527917	0.000055	126.836921	1.8
1364	763.610260	8.542065	0.000055	58.632660	1.9
1365	726.211657	8.539137	0.000055	140.997913	2.0
1366	736.378652	8.539541	0.000055	175.361274	1.8
1367	708.286515	8.572517	0.000055	183.253901	2.0
1368	711.878339	8.629608	0.000055	222.464084	4.1
1369	705.217061	8.708888	0.000055	92.598223	3.8
1370	698.904791	8.708373	0.000055	67.295891	4.2
1371	722.084880	8.707295	0.000055	81.564623	4.3
1372	739.118600	8.706997	0.000055	155.939233	4.0
1373	716.176615	8.704112	0.000055	220.971231	2.3
1374	712.649198	8.771526	0.000055	45.969619	2.8
1375	726.944561	8.768082	0.000055	63.063067	2.8
1376	704.007854	8.767064	0.000055	99.645105	2.9
1377	713.903440	8.767173	0.000055	52.707760	4.4
1378	748.937163	8.765312	0.000055	76.075120	2.1
1379	747.714778	8.764012	0.000055	85.607241	2.1
1380	719.563741	8.760745	0.000055	115.774439	2.2
1381	732.005363	8.756346	0.000055	131.905520	2.0
1382	727.756638	8.766221	0.000055	116.887313	2.0
1383	730.775943	8.769796	0.000055	99.512920	1.9
1384	716.719051	8.776068	0.000055	175.239660	2.0
1385	720.283096	8.769755	0.000055	158.664179	2.0
1386	737.691052	8.812376	0.000055	85.065312	4.1
1387	741.042347	8.806724	0.000055	69.550695	1.9
1388	737.643084	8.804462	0.000055	113.716387	1.9
1389	699.223862	8.802813	0.000055	162.639012	3.7
1390	712.635948	8.819748	0.000055	69.938596	2.0
1391	699.851075	8.825765	0.000055	94.006398	2.0
1392	727.330953	8.827668	0.000055	98.949693	2.0
1393	714.246706	8.832261	0.000055	142.236067	1.9
1394	692.758016	8.826509	0.000055	46.019908	2.0
1395	725.542187	8.825465	0.000055	76.645543	2.0
1396	725.868277	8.824103	0.000055	61.231544	2.0
1397	700.534266	8.822459	0.000055	168.968930	2.0
1398	740.797925	8.819936	0.000055	57.849153	2.2
1399	722.834006	8.817935	0.000055	190.504830	4.3
1400	754.401749	8.819371	0.000055	85.239656	4.1
1401	745.160452	8.828822	0.000055	126.676281	3.7
1402	727.555626	8.826471	0.000055	95.377371	3.0
1403	724.709822	8.829321	0.000055	69.361135	2.9
1404	680.890926	8.826090	0.000055	86.240579	3.0
1405	714.128481	8.822806	0.000055	68.970780	2.4
1406	696.083776	8.822252	0.000055	76.520343	2.4
1407	734.059779	8.821284	0.000055	85.874385	2.4
1408	702.958362	8.817419	0.000055	145.256751	2.5
1409	712.732048	8.811805	0.000055	117.916761	2.1
1410	726.675007	8.814889	0.000055	85.886681	2.1
1411	752.812669	8.819535	0.000055	90.682656	2.1
1412	703.409875	8.816159	0.000055	138.527123	2.1
1413	739.614250	8.820198	0.000055	103.618897	2.1
1414	739.825097	8.830617	0.000055	154.883939	1.8
1415	736.140117	8.843714	0.000055	89.168025	1.9
1416	702.519125	8.851154	0.000055	179.360684	1.8
1417	694.213373	8.860833	0.000055	167.849887	1.8
1418	716.867155	8.852213	0.000055	121.730879	1.8
1419	719.421054	8.874898	0.000055	106.182889	1.8
1420	714.791900	8.868588	0.000055	99.161782	1.8
1421	706.258826	8.873456	0.000055	78.124321	1.8
1422	758.789985	8.876208	0.000055	81.385591	1.8
1423	734.219876	8.875693	0.000055	80.945485	1.8
1424	728.770483	8.871863	0.000055	62.076179	1.8
1425	744.160676	8.868982	0.000055	66.550673	1.8
1426	721.280077	8.868376	0.000055	88.368052	1.8
1427	717.502698	8.864935	0.000055	100.064187	1.7
1428	731.049883	8.861253	0.000055	114.397739	1.7
1429	704.959517	8.868882	0.000055	95.148069	1.7
1430	713.903011	8.863666	0.000055	57.937517	1.8
1431	734.127944	8.861317	0.000055	121.515876	1.8
1432	749.698321	8.859826	0.000055	58.044410	1.8
1433	744.281407	8.857252	0.000055	77.746926	1.8
1434	715.166911	8.856383	0.000055	124.858166	1.8
1435	732.055400	8.852878	0.000055	78.660437	1.8
1436	735.898394	8.856994	0.000055	123.360052	1.8
1437	732.100708	8.861122	0.000055	103.325110	1.8
1438	775.026218	8.868889	0.000055	98.078830	1.9
1439	695.448406	8.863461	0.000055	85.507310	1.8
1440	713.459011	8.866947	0.000055	77.241263	1.9
1441	712.141405	8.863514	0.000055	63.961351	2.0
1442	712.586956	8.861035	0.000055	132.288045	2.0
1443	707.364964	8.862865	0.000055	84.395681	2.0
1444	717.707427	8.869801	0.000055	76.127760	2.0
1445	711.798177	8.871002	0.000055	119.158342	2.0
1446	710.309770	8.875144	0.000055	107.506113	1.7
1447	741.012303	8.884439	0.000055	98.113664	1.7
1448	765.944532	8.886479	0.000055	193.495738	1.7
1449	728.955409	8.894301	0.000055	45.659727	1.7
1450	704.128063	8.891946	0.000055	92.720111	1.9
1451	711.210724	8.890295	0.000055	134.406937	1.8
1452	736.066974	8.899728	0.000055	54.126137	1.9
1453	747.090061	8.898589	0.000055	82.745957	2.4
1454	698.538424	8.897986	0.000055	128.771341	2.4
1455	705.285633	8.901751	0.000055	74.721798	2.4
1456	716.118551	8.901498	0.000055	70.959396	1.8
1457	697.270537	8.898559	0.000055	138.573395	1.7
1458	686.486782	8.895185	0.000055	84.238802	1.8
1459	713.736664	8.901400	0.000055	106.045020	1.8
1460	714.716304	8.900578	0.000055	118.397998	2.0
1461	706.653721	8.901100	0.000055	49.473212	4.6
1462	723.235652	8.901363	0.000055	138.933569	4.4
1463	722.778383	8.900953	0.000055	129.190869	4.2
1464	694.975280	8.894857	0.000055	70.733773	4.3
1465	751.243960	8.898865	0.000055	115.748164	4.4
1466	745.606430	8.895573	0.000055	71.527892	4.5
1467	757.159288	8.895438	0.000055	67.556597	4.4
1468	746.819187	8.893084	0.000055	96.512981	3.5
1469	688.005931	8.889290	0.000055	96.225048	3.4
1470	721.585220	8.888489	0.000055	62.427450	4.5
1471	726.569373	8.885204	0.000055	134.911024	4.5
1472	724.678595	8.887387	0.000055	83.612928	3.9
1473	734.282620	8.892205	0.000055	100.313400	4.3
1474	683.185960	8.887598	0.000055	126.221464	4.2
1475	693.261101	8.891997	0.000055	75.451858	3.7
1476	713.380378	8.890978	0.000055	61.961831	3.1
1477	683.037308	8.889254	0.000055	82.814749	3.0
1478	719.399029	8.886128	0.000055	60.229762	3.0
1479	709.354535	8.886600	0.000055	134.113687	3.2
1480	707.417654	8.887430	0.000055	118.342408	2.4
1481	731.808847	8.899565	0.000055	55.430431	2.3
1482	711.110412	8.899321	0.000055	52.158948	2.2
1483	698.622334	8.898518	0.000055	140.767302	2.1
1484	718.414093	8.899567	0.000055	147.648204	2.0
1485	737.651748	8.921700	0.000055	71.808156	2.1
1486	704.320106	8.918162	0.000055	106.971508	2.1
1487	727.583565	8.914024	0.000055	124.348546	1.9
1488	728.121897	8.923314	0.000055	66.624268	1.8
1489	722.011224	8.920104	0.000055	99.874762	1.8
1490	720.759562	8.921449	0.000055	179.548249	1.8
1491	718.240095	8.929100	0.000055	85.802025	1.9
1492	689.907541	8.933262	0.000055	90.382171	1.8
1493	720.576423	8.931607	0.000055	82.888159	1.8
1494	722.341335	8.932753	0.000055	54.077220	1.7
1495	715.455378	8.932631	0.000055	53.011968	1.7
1496	733.394191	8.931144	0.000055	120.439545	1.8
1497	730.266764	8.930973	0.000055	127.953391	1.8
1498	698.359968	8.942087	0.000054	172.308366	1.8
1499	696.221852	8.969615	0.000054	57.063859	1.9
1500	731.735734	8.972740	0.000054	184.446460	1.9
1501	685.039960	8.968927	0.000054	76.088586	2.0
1502	711.471325	8.969192	0.000054	45.444746	2.0
1503	695.502238	8.967835	0.000054	197.952948	2.0
1504	724.172098	8.966203	0.000054	72.294082	1.7
1505	691.694366	8.961846	0.000054	105.868231	1.7
1506	700.359556	8.962565	0.000054	130.036677	1.8
1507	730.997193	8.956611	0.000054	99.238039	1.7
1508	728.972623	8.950773	0.000054	88.023588	1.8
1509	682.386259	8.949405	0.000054	46.356901	1.8
1510	707.532820	8.947516	0.000054	116.646851	1.7
1511	707.202778	8.946695	0.000054	123.615895	2.0
1512	733.186067	8.953230	0.000054	86.384575	3.5
1513	716.107152	8.951465	0.000054	67.012725	1.8
1514	702.782846	8.951353	0.000054	151.268182	1.9
1515	688.878304	8.948230	0.000054	63.552595	1.9
1516	711.379781	8.946794	0.000054	102.251843	1.9
1517	700.326144	8.943619	0.000054	74.886976	2.1
1518	702.511355	8.946079	0.000054	43.489387	2.2
1519	707.380406	8.944699	0.000054	53.347410	4.4
1520	742.046957	8.943430	0.000054	79.917988	3.7
1521	692.589077	8.942288	0.000054	75.944492	4.1
1522	701.498448	8.943120	0.000054	54.565897	4.3
1523	678.674183	8.940985	0.000054	54.983445	3.9
1524	705.768536	8.938937	0.000054	74.801189	3.9
1525	738.409199	8.938120	0.000054	79.874781	3.9
1526	711.271926	8.935494	0.000054	102.853719	3.5
1527	707.792130	8.931383	0.000055	87.195395	3.1
1528	719.535740	8.931995	0.000055	107.076232	3.0
1529	688.002478	8.937309	0.000054	62.545675	2.9
1530	780.022584	8.934199	0.000055	161.087279	2.4
1531	725.462640	8.936367	0.000054	63.572257	2.4
1532	710.873853	8.934952	0.000054	92.059640	2.4
1533	713.192690	8.935098	0.000054	52.609852	2.6
1534	731.355650	8.934825	0.000054	133.026213	4.5
1535	697.973401	8.932705	0.000055	63.637937	4.5
1536	702.167555	8.929374	0.000055	44.969577	4.3
1537	677.025975	8.927650	0.000055	83.517333	2.3
1538	710.898466	8.927060	0.000055	56.836186	2.0
1539	728.505287	8.927279	0.000055	99.202635	1.8
1540	700.485941	8.924192	0.000055	130.067121	1.9
1541	714.766120	8.932091	0.000055	130.015019	1.9
1542	714.194646	8.925102	0.000055	99.882594	1.9
1543	693.472100	8.934911	0.000054	51.590954	2.2
1544	719.632337	8.935351	0.000054	89.873781	3.3
1545	678.199441	8.935103	0.000054	61.207085	1.7
1546	693.823652	8.934336	0.000055	67.978847	2.1
1547	719.297157	8.932075	0.000055	121.219571	1.7
1548	691.595767	8.934059	0.000055	92.276883	1.7
1549	713.699723	8.928726	0.000055	89.469833	1.7
1550	699.699619	8.931100	0.000055	99.704895	1.7
1551	733.235917	8.926712	0.000055	75.853986	1.7
1552	723.769922	8.928600	0.000055	88.732386	1.7
1553	705.144354	8.925277	0.000055	64.039580	1.8
1554	686.651558	8.924516	0.000055	76.532865	1.8
1555	724.107939	8.924461	0.000055	80.178981	1.9
1556	682.808848	8.926096	0.000055	45.294385	2.0
1557	685.078637	8.924846	0.000055	103.993891	3.8
1558	722.259101	8.923092	0.000055	97.289831	3.7
1559	718.030180	8.920200	0.000055	145.561418	4.4
1560	680.713608	8.921172	0.000055	122.196273	4.3
1561	754.827714	8.935963	0.000054	166.839983	4.0
1562	695.423088	8.928037	0.000055	103.468712	3.6
1563	714.749512	8.940177	0.000054	77.341280	3.7
1564	716.359551	8.937218	0.000054	68.973989	4.2
1565	680.828952	8.936600	0.000054	180.035091	4.0
1566	714.946269	8.939461	0.000054	55.682963	3.5
1567	711.528318	8.938735	0.000054	227.468713	3.0
1568	704.173481	8.935733	0.000054	128.907580	3.1
1569	727.526754	8.926752	0.000055	95.118221	3.1
1570	686.827885	8.932844	0.000055	47.915033	2.4
1571	706.827244	8.930302	0.000055	119.034823	2.4
1572	692.740829	8.927294	0.000055	130.871691	2.4
1573	701.363641	8.934393	0.000055	74.120019	2.4
1574	712.839538	8.929760	0.000055	104.899746	2.1
1575	726.905471	8.925408	0.000055	121.005151	2.1
1576	724.030301	8.920638	0.000055	102.757934	3.5
1577	712.674292	8.925351	0.000055	113.361266	2.0
1578	701.082642	8.933099	0.000055	50.742723	2.1
1579	724.384063	8.931092	0.000055	53.790889	1.9
1580	713.415651	8.929493	0.000055	77.612312	1.9
1581	716.480478	8.929568	0.000055	124.795038	2.0
1582	688.943749	8.934695	0.000054	79.449840	2.0
1583	701.396521	8.939123	0.000054	143.262420	1.9
1584	721.252620	8.945971	0.000054	54.907121	2.0
1585	692.603319	8.947954	0.000054	58.588824	1.8
1586	717.182890	8.945951	0.000054	98.894929	1.8
1587	688.864453	8.947361	0.000054	133.980076	1.8
1588	710.734887	8.953502	0.000054	66.649653	1.7
1589	675.112626	8.957759	0.000054	113.971388	1.8
1590	704.343818	8.953688	0.000054	54.427692	1.7
1591	700.904887	8.953129	0.000054	118.010025	1.8
1592	695.148987	8.954179	0.000054	136.763837	1.9
1593	696.218053	8.969757	0.000054	86.662613	2.0
1594	725.598254	8.975503	0.000054	174.527336	1.8
1595	720.331966	8.978222	0.000054	94.758396	1.7
1596	697.640137	8.972612	0.000054	137.030835	1.8
1597	689.378704	8.981363	0.000054	57.700447	1.8
1598	722.077837	8.979016	0.000054	64.778258	1.7
1599	693.926748	8.977326	0.000054	125.355250	1.8
1600	696.213646	8.973760	0.000054	141.747548	1.7
1601	706.033792	8.987745	0.000054	155.153336	2.1
1602	718.892616	8.979973	0.000054	82.308620	1.8
1603	729.980116	8.978468	0.000054	90.991445	1.7
1604	699.649910	8.974893	0.000054	90.755323	1.7
1605	714.580410	8.974833	0.000054	53.402696	1.9
1606	701.326554	8.972941	0.000054	82.166886	4.4
1607	668.384267	8.972221	0.000054	128.367986	4.0
1608	704.410607	8.966715	0.000054	194.228070	2.1
1609	700.839237	8.958576	0.000054	160.033102	2.2
1610	673.756168	9.019709	0.000054	144.677343	2.2
1611	695.371357	9.012661	0.000054	149.016732	2.2
1612	704.451235	9.032029	0.000054	61.924279	2.1
1613	713.069513	9.028153	0.000054	106.002918	2.0
1614	706.510593	9.027463	0.000054	70.449652	2.0
1615	704.600031	9.030076	0.000054	85.435759	2.1
1616	715.411914	9.030356	0.000054	163.857196	2.2
1617	666.817232	9.039743	0.000054	80.479469	1.9
1618	706.626687	9.048494	0.000054	65.644321	1.9
1619	682.354909	9.047906	0.000054	96.555222	1.8
1620	710.313658	9.044718	0.000054	127.792754	1.8
1621	665.591600	9.046264	0.000054	71.677236	1.8
1622	697.118166	9.049312	0.000054	55.922496	2.3
1623	707.664685	9.048567	0.000054	125.436741	1.8
1624	722.209696	9.047756	0.000054	189.847969	2.9
1625	669.944598	9.080837	0.000054	242.052265	4.4
1626	686.206476	9.254146	0.000054	93.429044	4.5
1627	694.682944	9.281676	0.000054	91.545573	4.3
1628	693.306556	9.284174	0.000054	56.274205	3.7
1629	698.609948	9.283184	0.000054	108.604294	2.8
1630	698.415232	9.282027	0.000054	116.025824	2.7
1631	712.428443	9.290404	0.000054	160.158375	2.7
1632	698.023331	9.301865	0.000054	52.074247	2.8
1633	687.799869	9.302611	0.000054	73.851279	2.8
1634	708.108833	9.301900	0.000054	151.863964	2.8
1635	713.361334	9.298476	0.000054	70.514125	2.8
1636	704.144406	9.298367	0.000054	127.056897	2.1
1637	711.763620	9.294549	0.000054	79.136612	2.2
1638	713.394977	9.290570	0.000054	69.757276	2.1
1639	706.202451	9.289887	0.000054	77.977525	2.2
1640	693.796881	9.286725	0.000054	125.388635	2.3
1641	719.469189	9.281521	0.000054	155.075600	2.2
1642	666.681596	9.295868	0.000054	124.649428	2.3
1643	704.648307	9.317697	0.000054	91.935390	2.5
1644	669.108874	9.324841	0.000054	139.933516	2.0
1645	715.413905	9.334608	0.000054	102.696076	1.8
1646	722.271340	9.327994	0.000054	63.314695	1.8
1647	731.236392	9.326881	0.000054	115.033479	1.7
1648	685.131791	9.326087	0.000054	108.316818	2.8
1649	668.429620	9.320733	0.000054	190.090550	1.8
1650	661.332093	9.337294	0.000054	59.577713	2.2
1651	658.023737	9.332766	0.000054	226.050273	1.8
1652	692.773963	9.337762	0.000054	174.831082	1.7
1653	691.764972	9.443092	0.000054	71.625307	1.8
1654	692.842456	9.443501	0.000054	115.464873	2.0
1655	686.098870	9.443216	0.000054	46.424618	2.0
1656	670.177193	9.442992	0.000054	74.249502	2.0
1657	685.567699	9.441017	0.000054	77.451789	2.4
1658	687.914660	9.438701	0.000054	48.942549	2.1
1659	704.925160	9.438387	0.000054	88.330107	1.8
1660	709.667983	9.436137	0.000054	93.163763	1.8
1661	676.649655	9.434680	0.000054	68.310738	1.7
1662	705.533115	9.435041	0.000054	115.078462	1.8
1663	696.688018	9.437609	0.000054	59.845234	1.8
1664	711.344260	9.434627	0.000054	73.622844	1.8
1665	714.740334	9.433621	0.000054	145.550771	1.8
1666	724.872732	9.434111	0.000054	108.563928	1.8
1667	699.279479	9.427383	0.000054	156.704279	1.8
1668	727.001827	9.443657	0.000054	52.447105	1.7
1669	714.400308	9.441341	0.000054	71.504725	1.8
1670	679.994474	9.440055	0.000054	87.610716	1.8
1671	712.414462	9.442109	0.000054	66.026111	1.7
1672	701.552360	9.439110	0.000054	163.462056	1.7
1673	673.715375	9.434200	0.000054	167.175628	1.8
1674	666.182305	9.464241	0.000054	105.663040	1.7
1675	705.436083	9.466002	0.000054	159.737032	1.7
1676	697.159796	9.461578	0.000054	110.540543	1.8
1677	679.924436	9.474975	0.000054	96.921021	1.8
1678	719.653412	9.471001	0.000054	169.622522	1.8
1679	721.837359	9.465723	0.000054	129.745881	1.8
1680	692.848131	9.493529	0.000054	78.366660	1.8
1681	689.275357	9.499754	0.000053	136.480054	1.8
1682	662.561202	9.494231	0.000053	97.795482	1.7
1683	682.800527	9.501090	0.000053	99.057478	1.8
1684	706.948471	9.500035	0.000053	134.148266	1.7
1685	707.278591	9.495879	0.000053	102.787663	1.7
1686	706.856999	9.489554	0.000054	79.915897	1.7
1687	708.479322	9.490166	0.000054	97.527026	1.8
1688	732.148898	9.488309	0.000054	166.854000	1.8
1689	707.016430	9.500591	0.000053	132.043181	1.7
1690	707.421276	9.529331	0.000053	103.037277	1.7
1691	679.791912	9.523234	0.000053	62.688390	1.7
1692	663.390295	9.521038	0.000053	105.135087	1.7
1693	689.445538	9.519377	0.000053	70.828489	1.7
1694	727.117935	9.520629	0.000053	62.603719	1.8
1695	732.243715	9.520284	0.000053	222.970818	1.7
1696	670.944017	9.523202	0.000053	117.521511	1.7
1697	695.307554	9.559995	0.000053	58.924251	1.7
1698	683.377025	9.556764	0.000053	86.489375	1.9
1699	687.035418	9.557474	0.000053	51.924242	1.8
1700	694.699638	9.555151	0.000053	143.394762	1.7
1701	731.911248	9.555381	0.000053	88.378103	1.8
1702	688.193325	9.557535	0.000053	96.793738	1.7
1703	694.500360	9.554076	0.000053	56.558514	1.7
1704	688.131688	9.555380	0.000053	106.318931	1.8
1705	685.182594	9.551929	0.000053	197.686346	1.8
1706	695.291004	9.576896	0.000053	89.849324	2.8
1707	711.662084	9.587591	0.000053	197.503861	1.9
1708	727.435244	9.580393	0.000053	196.466907	1.9
1709	714.055827	9.691381	0.000053	160.988577	1.8
1710	679.178384	9.694029	0.000053	70.486238	1.7
1711	685.585316	9.690625	0.000053	101.979480	1.7
1712	708.263153	9.693226	0.000053	103.927850	1.8
1713	677.358771	9.695720	0.000053	52.683992	2.2
1714	683.436925	9.696009	0.000053	55.690715	4.1
1715	681.909879	9.694822	0.000053	54.173083	4.1
1716	692.592024	9.693237	0.000053	163.684636	2.0
1717	684.241745	9.689754	0.000053	119.180518	2.2
1718	690.739971	9.699823	0.000053	133.067347	2.4
1719	684.036724	9.699175	0.000053	65.038346	2.5
1720	717.383264	9.703216	0.000053	146.791821	2.3
1721	698.324231	9.706021	0.000053	51.241406	2.5
1722	686.685753	9.706254	0.000053	55.035465	3.2
1723	701.489314	9.705824	0.000053	99.771999	4.5
1724	667.586246	9.704425	0.000053	68.701288	4.3
1725	713.822608	9.701471	0.000053	145.888569	3.9
1726	696.121318	9.696399	0.000053	146.782188	3.3
1727	654.185373	9.722978	0.000053	89.730817	3.8
1728	695.034429	9.725538	0.000053	73.394141	4.3
1729	709.856414	9.722008	0.000053	110.324848	3.4
1730	685.853556	9.720661	0.000053	74.449656	4.1
1731	714.555251	9.723719	0.000053	102.534055	2.8
1732	667.759090	9.719901	0.000053	48.205530	4.5
1733	686.794620	9.720596	0.000053	50.522199	4.4
1734	662.673700	9.720010	0.000053	99.293227	4.3
1735	700.218698	9.720900	0.000053	74.627918	4.0
1736	722.333742	9.722251	0.000053	72.953702	3.5
1737	695.074484	9.718957	0.000053	83.142369	3.8
1738	685.698856	9.717152	0.000053	201.132265	4.0
1739	697.366958	9.727490	0.000053	98.939668	3.9
1740	682.469116	9.748844	0.000053	60.776299	2.9
1741	698.868423	9.748873	0.000053	77.098967	2.9
1742	696.773202	9.749223	0.000053	66.899332	2.8
1743	713.483362	9.746891	0.000053	72.461701	2.5
1744	692.828046	9.744165	0.000053	77.367222	2.3
1745	713.942338	9.744867	0.000053	63.711210	2.4
1746	681.495415	9.742371	0.000053	80.121145	2.4
1747	682.788034	9.742129	0.000053	79.188038	2.2
1748	675.704637	9.742260	0.000053	53.289234	2.0
1749	720.865088	9.739945	0.000053	78.823541	2.0
1750	702.151924	9.739821	0.000053	99.044921	2.1
1751	721.977743	9.735691	0.000053	48.164353	2.1
1752	733.568520	9.736333	0.000053	114.545967	1.8
1753	679.891808	9.733874	0.000053	176.638377	1.8
1754	686.806584	9.753633	0.000053	167.362257	1.8
1755	705.095804	9.808154	0.000053	66.411425	1.8
1756	699.499661	9.814137	0.000053	114.903397	1.8
1757	700.225278	9.809841	0.000053	100.215168	1.8
1758	712.454608	9.811452	0.000053	155.060126	1.8
1759	691.738561	9.815040	0.000053	266.123865	1.8
1760	713.343257	9.929222	0.000053	134.902530	1.8
1761	691.507744	9.919744	0.000053	175.321407	1.8
1762	680.832940	9.953827	0.000053	79.087978	1.8
1763	677.441330	9.957934	0.000053	82.504351	1.8
1764	692.135535	9.958944	0.000053	79.297908	1.8
1765	689.315869	9.956191	0.000053	115.873440	1.8
1766	693.150292	9.951387	0.000053	246.584382	1.8
1767	677.992785	9.984532	0.000053	108.344220	1.7
1768	680.773833	9.975892	0.000053	56.602314	1.8
1769	691.664162	9.977478	0.000053	51.935695	1.8
1770	657.509309	9.976211	0.000053	49.730166	1.8
1771	714.503809	9.975677	0.000053	105.385566	1.7
1772	711.954509	9.976757	0.000053	89.653076	1.8
1773	700.091015	9.978219	0.000053	114.760821	1.7
1774	661.996472	9.976292	0.000053	160.240956	1.8
1775	696.204641	9.996228	0.000053	77.464229	1.8
1776	687.257281	10.004443	0.000053	114.454415	1.8
1777	685.576459	10.007606	0.000053	81.498424	1.7
1778	695.673817	10.003607	0.000053	68.693526	1.7
1779	714.511827	10.000176	0.000053	173.675830	1.7
1780	683.401700	10.008055	0.000053	66.625099	1.7
1781	650.910285	10.004484	0.000053	72.595986	1.8
1782	665.149822	10.002144	0.000053	44.025217	1.8
1783	674.531722	10.001287	0.000053	77.798395	1.7
1784	692.723237	9.999409	0.000053	62.491435	3.8
1785	668.701838	9.997886	0.000053	79.987511	2.0
1786	665.232771	9.999243	0.000053	87.399188	1.8
1787	692.245972	9.997143	0.000053	55.025363	1.8
1788	681.616453	9.997780	0.000053	82.120767	1.8
1789	694.309054	9.996158	0.000053	169.336609	1.8
1790	698.331865	9.989835	0.000053	63.879670	1.8
1791	692.202216	9.994398	0.000053	145.895330	3.3
1792	678.311015	9.989948	0.000053	52.520370	1.9
1793	700.960655	9.988134	0.000053	76.355226	2.4
1794	685.877614	9.985802	0.000053	120.407480	1.8
1795	672.897347	9.984148	0.000053	138.481987	1.8
1796	690.926676	9.996641	0.000053	132.885891	1.8
1797	696.605485	9.991561	0.000053	104.197154	1.8
1798	659.965028	10.000432	0.000053	96.053896	1.8
1799	704.869576	9.995389	0.000053	129.830489	1.7
1800	683.358905	9.999681	0.000053	53.214353	1.7
1801	679.922845	9.997506	0.000053	48.874115	1.8
1802	692.900390	9.996630	0.000053	73.342083	1.8
1803	699.678162	9.994888	0.000053	176.691394	2.0
1804	681.328641	9.997946	0.000053	169.140330	2.2
1805	702.510379	10.035814	0.000053	56.181365	1.8
1806	665.863560	10.034262	0.000053	139.814673	1.7
1807	678.741351	10.033975	0.000053	117.143147	1.7
1808	671.093423	10.050530	0.000053	76.694571	1.8
1809	677.198093	10.054169	0.000053	102.611817	3.0
1810	726.846130	10.055934	0.000053	108.531346	4.6
1811	675.706809	10.062897	0.000053	103.699271	4.2
1812	661.452317	10.062537	0.000053	82.097238	3.9
1813	678.931805	10.058538	0.000053	105.435288	2.9
1814	701.364714	10.058077	0.000053	69.393670	3.8
1815	700.132793	10.054976	0.000053	97.354997	3.0
1816	686.354769	10.053449	0.000053	119.503596	2.4
1817	669.201535	10.051138	0.000053	197.280064	2.4
1818	710.900841	10.074374	0.000053	84.266029	2.4
1819	666.574142	10.070606	0.000053	125.782858	2.5
1820	697.727245	10.073158	0.000053	120.304905	2.1
1821	688.088475	10.080271	0.000052	102.157798	2.3
1822	671.248607	10.074700	0.000053	41.494439	2.1
1823	694.746812	10.074497	0.000053	89.535525	2.1
1824	721.533223	10.073901	0.000053	80.775024	2.0
1825	701.555066	10.077017	0.000052	52.639955	1.9
1826	677.322364	10.075992	0.000052	129.999914	1.9
1827	687.172171	10.074805	0.000053	213.377318	1.8
1828	661.481654	10.121118	0.000052	142.564144	1.8
1829	698.145260	10.176427	0.000052	68.217971	2.0
1830	652.120909	10.178972	0.000052	107.315254	1.8
1831	689.327519	10.181797	0.000052	89.155490	1.8
1832	674.396284	10.184801	0.000052	103.916842	1.7
1833	659.645696	10.184228	0.000052	86.680822	1.7
1834	686.487957	10.179717	0.000052	82.296108	1.8
1835	666.169464	10.177739	0.000052	140.477402	1.8
1836	659.721294	10.184922	0.000052	74.509990	1.8
1837	664.959717	10.180804	0.000052	216.011554	2.0
1838	657.301449	10.175895	0.000052	94.213469	1.8
1839	688.762822	10.168883	0.000052	191.624395	1.8
1840	692.746082	10.173514	0.000052	169.698811	1.7
1841	677.826659	10.172169	0.000052	62.265883	1.8
1842	671.859708	10.169467	0.000052	148.814478	1.7
1843	697.737657	10.168434	0.000052	169.829234	1.7
1844	692.588145	10.204917	0.000052	90.165707	1.7
1845	667.784383	10.199456	0.000052	64.492013	1.7
1846	667.672520	10.200376	0.000052	132.264182	1.8
1847	659.629666	10.196966	0.000052	50.821547	1.8
1848	704.077763	10.199625	0.000052	89.189463	1.8
1849	687.039858	10.197807	0.000052	67.894981	1.8
1850	702.560915	10.196683	0.000052	77.541143	1.7
1851	647.348243	10.197745	0.000052	170.050204	1.7
1852	656.675695	10.198615	0.000052	62.814039	1.7
1853	675.571394	10.196476	0.000052	145.407673	1.8
1854	703.229510	10.198840	0.000052	176.941865	3.2
1855	660.567596	10.237204	0.000052	111.787095	1.8
1856	668.238004	10.254973	0.000052	68.918972	1.8
1857	696.359253	10.257467	0.000052	59.505921	1.9
1858	656.047796	10.256572	0.000052	83.737793	1.8
1859	661.400773	10.253554	0.000052	90.272722	1.9
1860	690.444607	10.251161	0.000052	60.209500	1.9
1861	688.727860	10.249368	0.000052	99.327890	1.8
1862	661.266389	10.248859	0.000052	69.946438	1.8
1863	690.125227	10.250619	0.000052	84.912052	1.8
1864	729.998759	10.251572	0.000052	100.954302	2.0
1865	685.950268	10.246734	0.000052	104.338480	1.8
1866	693.964304	10.249120	0.000052	43.300184	1.8
1867	658.639237	10.247545	0.000052	46.432638	1.7
1868	689.828961	10.246219	0.000052	110.144075	1.7
1869	677.560266	10.246733	0.000052	66.043749	1.7
1870	651.186977	10.245066	0.000052	116.585830	1.7
1871	680.802442	10.245037	0.000052	52.344280	1.7
1872	688.079433	10.242845	0.000052	97.632308	1.7
1873	687.497504	10.243466	0.000052	48.507099	1.8
1874	683.848747	10.242409	0.000052	43.547970	1.8
1875	669.598673	10.241490	0.000052	124.339899	1.8
1876	660.902881	10.239822	0.000052	119.342546	1.8
1877	633.607878	10.251020	0.000052	89.419957	1.9
1878	654.649794	10.245923	0.000052	41.457880	1.9
1879	681.424421	10.244116	0.000052	61.426195	1.8
1880	690.195251	10.242778	0.000052	83.781405	1.8
1881	688.816035	10.243976	0.000052	51.184218	1.8
1882	657.999488	10.242976	0.000052	49.512519	1.7
1883	647.827250	10.242512	0.000052	45.236081	1.7
1884	686.038990	10.241605	0.000052	91.487685	1.8
1885	696.365175	10.240746	0.000052	133.208459	1.7
1886	663.958604	10.239919	0.000052	57.011863	1.7
1887	721.886458	10.242295	0.000052	82.987737	1.8
1888	692.492827	10.241975	0.000052	92.667518	1.8
1889	675.182204	10.244453	0.000052	49.535693	1.8
1890	667.693632	10.241904	0.000052	88.078289	1.7
1891	680.675608	10.242247	0.000052	146.771725	1.7
1892	665.890413	10.252376	0.000052	97.087604	1.8
1893	688.559740	10.246201	0.000052	166.679295	2.5
1894	666.528550	10.261230	0.000052	58.351308	1.9
1895	706.174510	10.266662	0.000052	102.279735	4.4
1896	677.737834	10.268635	0.000052	124.254807	4.1
1897	704.447316	10.278761	0.000052	95.730339	4.1
1898	681.046596	10.287523	0.000052	118.700445	4.1
1899	659.163308	10.281909	0.000052	76.384940	4.1
1900	683.714868	10.281822	0.000052	80.583142	4.4
1901	683.994180	10.279094	0.000052	69.336152	4.5
1902	684.011561	10.280485	0.000052	116.711555	4.4
1903	664.746804	10.279005	0.000052	69.829634	4.2
1904	682.871303	10.280169	0.000052	63.739300	4.4
1905	697.847780	10.278242	0.000052	67.387302	4.2
1906	671.513328	10.278957	0.000052	94.465295	4.3
1907	665.108406	10.276909	0.000052	102.487341	3.5
1908	668.403634	10.272540	0.000052	118.798174	3.5
1909	662.699871	10.277680	0.000052	76.501598	3.3
1910	695.570480	10.279599	0.000052	99.539109	2.7
1911	677.670848	10.282215	0.000052	90.113867	2.8
1912	676.699707	10.278633	0.000052	71.300750	2.6
1913	663.760451	10.275036	0.000052	116.665469	2.5
1914	695.332098	10.277039	0.000052	115.960536	4.5
1915	668.704187	10.270649	0.000052	136.076136	4.5
1916	681.954406	10.282229	0.000052	147.181518	4.4
1917	658.080966	10.305080	0.000052	135.625751	4.2
1918	666.640707	10.330263	0.000052	171.556901	3.9
1919	699.072797	10.365333	0.000052	61.972218	4.5
1920	647.565008	10.363204	0.000052	159.939091	4.3
1921	655.649941	10.362988	0.000052	113.926266	4.3
1922	657.602576	10.379588	0.000052	78.160125	4.2
1923	645.056393	10.384845	0.000052	54.078151	3.2
1924	664.704874	10.383159	0.000052	133.946629	3.1
1925	651.996446	10.380786	0.000052	164.914254	3.1
1926	684.566872	10.410938	0.000052	85.785826	2.4
1927	671.199203	10.405217	0.000052	62.177535	2.4
1928	652.683152	10.403827	0.000052	156.896898	2.4
1929	716.562369	10.403299	0.000052	46.916748	2.4
1930	668.488364	10.402507	0.000052	40.666956	1.9
1931	640.977233	10.401275	0.000052	57.717393	1.9
1932	669.008625	10.400692	0.000052	75.316731	1.9
1933	657.513556	10.397955	0.000052	65.665790	1.9
1934	683.923548	10.399030	0.000052	69.406806	1.9
1935	701.635372	10.398809	0.000052	162.682036	1.8
1936	642.716208	10.405449	0.000052	77.895479	1.8
1937	688.122779	10.411948	0.000052	83.531032	1.8
1938	676.286947	10.408276	0.000052	125.681571	1.8
1939	638.268432	10.404174	0.000052	88.003488	1.8
1940	678.747350	10.400083	0.000052	136.480816	1.8
1941	647.885823	10.407007	0.000052	132.689957	1.9
1942	681.047408	10.399359	0.000052	130.505280	1.9
1943	678.238077	10.391879	0.000052	64.955278	1.9
1944	672.264748	10.396809	0.000052	141.014188	1.9
1945	668.483980	10.394812	0.000052	75.581615	1.9
1946	667.942922	10.399944	0.000052	89.993915	1.8
1947	652.104116	10.396383	0.000052	121.659123	1.8
1948	690.061070	10.398937	0.000052	64.112028	1.7
1949	659.818139	10.401042	0.000052	89.661307	1.8
1950	672.417186	10.403283	0.000052	192.174962	1.7
1951	671.088224	10.396033	0.000052	56.745245	1.8
1952	704.360695	10.390989	0.000052	86.234420	1.7
1953	668.886585	10.392325	0.000052	117.694302	1.8
1954	673.673924	10.387063	0.000052	72.127791	1.7
1955	635.611853	10.391788	0.000052	112.199034	1.7
1956	656.907290	10.387275	0.000052	258.223909	1.9
1957	683.564026	10.432627	0.000052	65.184878	4.3
1958	672.125766	10.426526	0.000052	84.080428	5.0
1959	650.877475	10.428321	0.000052	76.193835	4.1
1960	650.891119	10.430275	0.000052	163.940943	4.1
1961	679.732394	10.439862	0.000052	83.370755	3.9
1962	663.528440	10.433516	0.000052	158.898812	3.0
1963	688.635422	10.445591	0.000052	75.572912	3.1
1964	672.711143	10.441688	0.000052	46.985174	2.9
1965	652.383611	10.442010	0.000052	179.776885	2.5
1966	652.513496	10.438572	0.000052	113.761022	2.5
1967	702.897387	10.438529	0.000052	118.462209	2.4
1968	684.797707	10.437985	0.000052	53.980900	2.5
1969	671.923650	10.434391	0.000052	87.715582	2.1
1970	671.261393	10.433415	0.000052	133.036415	2.2
1971	657.383148	10.441517	0.000052	46.569049	2.1
1972	680.397981	10.441865	0.000052	48.364757	2.2
1973	670.836350	10.440706	0.000052	95.185292	2.2
1974	647.118924	10.441868	0.000052	221.686516	1.9
1975	693.063419	10.468464	0.000052	43.604440	5.0
1976	641.107322	10.470974	0.000052	78.645616	2.2
1977	632.421330	10.469829	0.000052	110.382451	2.2
1978	661.342955	10.466395	0.000052	152.501540	2.3
1979	697.802518	10.472149	0.000052	43.399281	2.3
1980	670.067190	10.471155	0.000052	79.922480	2.3
1981	675.679989	10.470397	0.000052	102.694274	2.2
1982	671.026293	10.466718	0.000052	69.562944	1.7
1983	646.069916	10.467676	0.000052	78.682932	1.8
1984	724.942849	10.465348	0.000052	145.204467	1.7
1985	684.651223	10.471237	0.000052	87.271337	1.8
1986	675.243138	10.474292	0.000052	94.817912	1.8
1987	665.766631	10.479299	0.000052	62.120158	1.9
1988	655.305410	10.476243	0.000052	179.926725	2.0
1989	658.744935	10.480107	0.000052	108.761710	1.8
1990	647.818270	10.472777	0.000052	129.190435	1.8
1991	675.825277	10.475659	0.000052	47.115290	1.8
1992	660.936028	10.472761	0.000052	47.893491	1.9
1993	674.330173	10.471257	0.000052	81.079023	1.7
1994	647.053453	10.471942	0.000052	66.747352	1.8
1995	684.524395	10.471228	0.000052	104.730673	1.8
1996	671.328594	10.468487	0.000052	96.951829	2.0
1997	675.596509	10.469808	0.000052	78.842691	4.1
1998	668.124700	10.472248	0.000052	87.515587	4.0
1999	664.496609	10.468140	0.000052	96.086394	4.0
