1:ItNr	2:Metric	3a:Time	3b:StepSize	4:||Gradient||	Time[ms]
0	159073.791593	0.000000	0.000099	17615.675480	239.0
1	134068.634728	0.000000	0.000099	15629.600182	1.5
2	111466.639560	0.000000	0.000099	13008.532682	1.5
3	97581.234627	0.000000	0.000099	11436.029072	1.5
4	85740.062494	0.000000	0.000099	10200.954000	1.5
5	76186.543034	0.000000	0.000099	9520.202131	1.5
6	66254.807506	0.000000	0.000099	8055.280560	1.6
7	60259.366108	0.000000	0.000099	7702.254711	1.5
8	54361.670412	0.000000	0.000099	7289.250478	1.5
9	49661.103418	0.000000	0.000099	6824.466764	1.6
10	44950.014746	0.000000	0.000099	6491.138072	1.8
11	41772.271942	0.000000	0.000099	6175.087385	1.9
12	38134.641617	0.000000	0.000099	6164.281305	5.8
13	34598.892769	0.000000	0.000099	5986.339707	1.9
14	31375.183169	0.000000	0.000099	5728.990812	2.2
15	26048.639464	0.000000	0.000099	5003.670902	2.4
16	24839.642823	0.000000	0.000099	5196.239455	2.9
17	22424.457523	0.000000	0.000099	4993.414324	3.1
18	19696.639216	0.000000	0.000099	4681.306538	3.2
19	17464.539452	0.000000	0.000099	4408.272984	2.0
20	15894.745217	0.000000	0.000099	3839.976832	2.0
21	15157.631918	0.000000	0.000099	3680.427405	2.1
22	13325.959431	0.000000	0.000099	3355.873519	2.1
23	12489.768089	0.000000	0.000099	2943.659672	2.3
24	11538.624593	0.000000	0.000099	2728.753582	4.3
25	10512.930125	0.000000	0.000099	2365.858338	4.6
26	10105.350843	0.000000	0.000099	2288.402159	4.5
27	8994.634817	0.000000	0.000099	1799.046045	3.9
28	9533.879266	0.000000	0.000099	1621.037722	3.4
29	9099.650503	0.000000	0.000099	1401.303229	3.3
30	8948.146319	0.000000	0.000099	1326.544696	3.1
31	9125.212900	0.000000	0.000099	1185.252936	3.1
32	8651.559091	0.000000	0.000099	975.400842	3.1
33	8096.604684	0.000000	0.000099	843.524008	3.0
34	8676.178883	0.000000	0.000099	683.435432	2.9
35	8327.003545	0.000000	0.000099	642.837547	3.0
36	9019.555722	0.000000	0.000099	537.061329	2.9
37	8303.475196	0.000000	0.000099	379.447431	2.9
38	8075.094381	0.000000	0.000099	575.515137	2.9
39	8223.921985	0.000000	0.000099	499.954251	3.0
40	8502.748672	0.000000	0.000099	553.551814	4.7
41	8504.359425	0.000000	0.000099	549.155959	4.5
42	8370.839777	0.000000	0.000099	258.786944	4.0
43	8025.072028	0.000000	0.000099	275.603058	3.6
44	8080.337161	0.000000	0.000099	336.715751	3.6
45	8706.652341	0.000000	0.000099	244.591134	3.4
46	8753.388461	0.000000	0.000099	339.026617	3.3
47	7468.315714	0.000000	0.000099	133.652695	3.4
48	8537.619785	0.000000	0.000099	359.927076	3.0
49	8312.952836	0.000000	0.000099	147.331790	3.0
50	7908.433773	0.000000	0.000099	176.815937	3.1
51	8205.511072	0.000000	0.000099	173.249057	3.1
52	8042.900078	0.000000	0.000099	202.234004	3.1
53	8239.945864	0.000000	0.000099	177.151959	3.2
54	8192.023802	0.000000	0.000099	214.748965	3.2
55	8015.958260	0.000000	0.000099	167.745113	3.5
56	8356.001631	0.000000	0.000099	183.526054	3.4
57	8369.639650	0.000000	0.000099	178.700394	3.4
58	8067.581362	0.000000	0.000099	158.118841	5.0
59	8293.662847	0.000000	0.000099	186.921677	3.3
60	8089.127654	0.000000	0.000099	173.139121	3.2
61	8048.492297	0.000000	0.000099	178.222760	3.4
62	7894.160290	0.000000	0.000099	187.643308	3.2
63	8216.341157	0.000000	0.000099	183.507454	2.7
64	8452.625182	0.000000	0.000099	226.985119	2.8
65	8316.113361	0.000000	0.000099	203.682313	2.7
66	8187.668694	0.000000	0.000099	210.920445	2.7
67	7936.835197	0.000000	0.000099	135.378517	2.9
68	8530.936891	0.000000	0.000099	226.593561	2.8
69	8275.868091	0.000000	0.000099	180.173407	2.8
70	8093.413527	0.000000	0.000099	191.103817	2.8
71	8268.261999	0.000000	0.000099	169.704448	2.9
72	7976.584487	0.000000	0.000099	136.037789	2.8
73	8251.301237	0.000000	0.000099	191.648789	2.9
74	7892.159149	0.000000	0.000099	198.861778	5.5
75	8469.605258	0.000000	0.000099	180.243467	3.0
76	8134.957539	0.000000	0.000099	170.194626	3.1
77	8331.179707	0.000000	0.000099	178.602389	3.2
78	8363.846910	0.000000	0.000099	223.719021	3.3
79	8651.972752	0.000000	0.000099	179.302321	3.1
80	8425.692735	0.000000	0.000099	244.901037	2.9
81	8409.829156	0.000000	0.000099	231.518000	3.6
82	8306.933413	0.002097	0.000099	195.997613	3.1
83	8611.388885	0.000000	0.000099	210.907831	3.3
84	8066.643952	0.000000	0.000099	187.169038	4.9
85	8495.934557	0.000000	0.000099	168.492191	6.4
86	8179.249978	0.000000	0.000099	176.535680	5.0
87	8177.386127	0.000000	0.000099	201.619537	4.9
88	8231.944402	0.000000	0.000099	164.812039	4.5
89	8395.481343	0.000000	0.000099	228.179925	4.8
90	8101.495440	0.000000	0.000099	151.968005	4.8
91	8082.135178	0.000000	0.000099	195.816965	3.7
92	8208.225018	0.000000	0.000099	157.513582	3.7
93	7833.002566	0.000000	0.000099	156.910955	3.6
94	7870.429023	0.000000	0.000099	182.767645	3.5
95	7769.475407	0.000000	0.000099	157.126492	3.5
96	8260.487833	0.000000	0.000099	201.230324	3.5
97	7851.103869	0.000000	0.000099	175.782085	3.3
98	8587.328670	0.000000	0.000099	152.430508	3.3
99	8016.426345	0.000000	0.000099	162.931446	3.2
100	8372.203713	0.000000	0.000099	213.757933	3.1
101	7916.653078	0.000000	0.000099	150.162629	3.1
102	8150.614956	0.000000	0.000099	152.189844	3.1
103	8488.650325	0.000000	0.000099	171.613585	3.0
104	8264.925722	0.000000	0.000099	200.853608	2.9
105	8652.471809	0.000000	0.000099	171.263252	3.0
106	8132.347123	0.000000	0.000099	176.121144	3.0
107	7713.611800	0.000000	0.000099	184.024392	3.0
108	8118.370583	0.000000	0.000099	187.851178	3.0
109	8342.366060	0.000000	0.000099	181.328281	3.2
110	8292.592707	0.000000	0.000099	169.734761	3.3
111	7887.016552	0.000000	0.000099	153.206313	3.4
112	8181.413067	0.000000	0.000099	192.903920	3.2
113	8267.889234	0.000000	0.000099	157.747034	3.1
114	8542.306433	0.000000	0.000099	146.355467	3.2
115	7722.698578	0.000000	0.000099	164.810923	3.3
116	8256.352045	0.000000	0.000099	141.885353	4.8
117	8340.495793	0.000000	0.000099	241.085663	3.3
118	8222.292964	0.000000	0.000099	197.274218	3.3
119	8102.712160	0.000000	0.000099	187.863346	3.7
120	7969.587159	0.000000	0.000099	206.933662	3.3
121	8311.734126	0.000000	0.000099	173.321030	3.6
122	8010.910770	0.000000	0.000099	178.909406	3.8
123	7803.533513	0.000000	0.000099	197.278083	3.3
124	8172.617052	0.000000	0.000099	191.059785	3.6
125	8110.543247	0.000298	0.000099	146.283459	3.6
126	7859.852265	0.000000	0.000099	183.133415	3.5
127	8017.228540	0.000000	0.000099	172.472273	3.5
128	8060.439741	0.000000	0.000099	181.299506	3.4
129	8135.906222	0.000000	0.000099	180.091205	3.3
130	7937.736203	0.000000	0.000099	197.141045	3.2
131	7953.497629	0.000000	0.000099	173.451510	3.3
132	8258.472442	0.000000	0.000099	205.005132	3.3
133	8275.999948	0.000000	0.000099	210.997936	4.7
134	8006.909041	0.000000	0.000099	175.280366	4.6
135	7726.235160	0.000000	0.000099	187.365002	4.0
136	7593.593825	0.000000	0.000099	229.530197	4.0
137	8324.432471	0.000000	0.000099	214.197587	3.8
138	8142.895009	0.003301	0.000099	187.311641	3.8
139	8782.441441	0.000000	0.000099	164.361129	3.8
140	8021.640916	0.000000	0.000099	135.301691	3.2
141	8339.031833	0.000000	0.000099	153.728497	3.4
142	8021.179851	0.000000	0.000099	154.417170	2.9
143	8233.113157	0.000000	0.000099	218.796060	2.9
144	7913.179083	0.000000	0.000099	149.658590	2.7
145	8192.837000	0.000000	0.000099	197.964554	2.8
146	7656.829120	0.000000	0.000099	156.624681	2.8
147	8028.621191	0.000000	0.000099	173.905746	2.8
148	8214.267420	0.000000	0.000099	259.969577	2.9
149	8020.559676	0.001090	0.000099	161.681748	2.9
150	8587.165902	0.000000	0.000099	175.762941	2.8
151	7648.243951	0.000000	0.000099	136.810811	2.9
152	8107.500080	0.000000	0.000099	217.960477	2.9
153	7841.634009	0.000000	0.000099	203.541305	2.9
154	7797.011447	0.000000	0.000099	181.912388	2.8
155	8407.032228	0.000000	0.000099	229.200910	2.9
156	8015.574600	0.000000	0.000099	177.258184	2.9
157	8285.749463	0.000000	0.000099	160.623829	2.8
158	7331.328207	0.000000	0.000099	129.636677	2.8
159	8593.659323	0.000000	0.000099	180.765611	2.8
160	8129.266187	0.000000	0.000099	155.673687	2.9
161	8399.489853	0.000000	0.000099	166.697792	3.1
162	8143.374754	0.000000	0.000099	182.717687	3.1
163	7866.623481	0.000000	0.000099	182.919528	3.1
164	7804.963457	0.000000	0.000099	159.148831	3.3
165	7819.827399	0.000000	0.000099	145.139119	3.3
166	7757.778018	0.000000	0.000099	221.380324	3.3
167	7725.329140	0.000000	0.000099	167.863631	3.1
168	7913.270886	0.000000	0.000099	159.209543	3.2
169	7894.742321	0.000000	0.000099	197.031701	3.2
170	7722.014333	0.000000	0.000099	187.007514	3.3
171	8022.061217	0.000000	0.000099	169.880427	3.3
172	7901.033334	0.000000	0.000099	169.092386	3.3
173	8524.449918	0.000000	0.000099	151.332745	3.5
174	8327.072125	0.000000	0.000099	184.893481	3.6
175	8032.959348	0.000000	0.000099	148.207451	3.6
176	7580.661363	0.000000	0.000099	173.799746	3.8
177	7843.533497	0.000000	0.000099	190.254855	4.9
178	8390.776764	0.000000	0.000099	155.580759	5.1
179	8320.832287	0.000000	0.000099	144.329093	5.3
180	8221.026454	0.000000	0.000099	142.678503	5.0
181	8211.349343	0.000000	0.000099	186.753036	4.8
182	8370.987883	0.000000	0.000099	155.598683	4.6
183	7642.471126	0.000000	0.000099	167.228925	4.7
184	7927.894143	0.000000	0.000099	145.118398	3.6
185	8073.590112	0.000000	0.000099	276.752439	3.8
186	7846.382184	0.000000	0.000099	123.187127	3.7
187	7756.188999	0.000000	0.000099	198.645342	3.3
188	8413.098135	0.000000	0.000099	154.580171	3.2
189	8145.429311	0.000000	0.000099	221.321501	5.1
190	7817.599719	0.000000	0.000099	195.463621	3.0
191	7789.537937	0.002402	0.000099	228.659568	2.9
192	8064.188090	0.002839	0.000099	186.433494	3.0
193	8133.312122	0.000000	0.000099	181.926246	3.0
194	8229.282350	0.000000	0.000099	215.284941	3.1
195	7973.440159	0.000000	0.000099	148.112339	3.0
196	8351.074711	0.000000	0.000099	195.181820	3.0
197	7704.484278	0.000000	0.000099	167.163612	3.6
198	7849.799226	0.000000	0.000099	247.454051	3.6
199	8139.091907	0.000000	0.000099	201.507450	3.1
200	7484.982933	0.000000	0.000099	157.223572	3.0
201	7590.433195	0.000000	0.000099	162.432266	2.9
202	7861.574278	0.000000	0.000099	145.902879	3.1
203	8255.962941	0.000000	0.000099	172.245732	3.6
204	8119.023816	0.000000	0.000099	170.910991	4.1
205	8069.890979	0.000000	0.000099	163.002768	5.2
206	7448.625270	0.000000	0.000099	162.949427	4.5
207	8120.749725	0.000000	0.000099	142.087395	4.6
208	7681.939313	0.000000	0.000099	156.979903	4.6
209	8176.271313	0.000000	0.000099	183.520157	4.0
210	8218.774348	0.000000	0.000099	201.455380	4.3
211	7820.042475	0.000000	0.000099	137.263923	4.9
212	7968.378003	0.000000	0.000099	140.716039	4.4
213	7819.789557	0.000000	0.000099	173.216047	4.4
214	7981.389783	0.000000	0.000099	141.327334	4.1
215	7998.393279	0.000000	0.000099	159.119379	4.2
216	7929.261244	0.000000	0.000099	162.307441	3.6
217	7743.407313	0.000000	0.000099	136.864978	3.3
218	8267.074241	0.000000	0.000099	207.467916	3.3
219	8201.411315	0.000000	0.000099	165.592767	3.3
220	8021.194940	0.000000	0.000099	153.270554	3.3
221	8163.057071	0.000000	0.000099	164.547216	3.4
222	7998.126126	0.000000	0.000099	192.023797	3.4
223	7738.853683	0.000000	0.000099	167.915260	3.5
224	8090.420078	0.000000	0.000099	161.296631	3.4
225	8708.950257	0.000000	0.000099	150.738567	2.9
226	8182.972344	0.000000	0.000099	143.608705	2.9
227	8037.805594	0.000000	0.000099	167.121192	2.8
228	7594.778086	0.000000	0.000099	208.570259	2.9
229	8004.678903	0.000000	0.000099	261.545608	3.0
230	8015.091614	0.008111	0.000099	169.330255	3.1
231	7557.517732	0.006052	0.000099	133.153115	4.8
232	7704.229649	0.001625	0.000099	162.201372	4.8
233	7765.243170	0.000000	0.000099	232.704172	4.6
234	8142.455748	0.000000	0.000099	233.385360	3.2
235	7629.057332	0.004737	0.000099	142.769902	3.2
236	7412.939530	0.001829	0.000099	135.950226	3.4
237	8227.624172	0.000000	0.000099	152.341894	5.0
238	7952.579117	0.000000	0.000099	196.896089	5.1
239	7939.572723	0.000000	0.000099	161.672022	5.1
240	7566.033866	0.000000	0.000099	150.000234	4.7
241	8105.363931	0.000000	0.000099	149.779503	5.1
242	8286.827669	0.000000	0.000099	170.572878	5.1
243	7740.633762	0.000000	0.000099	152.455991	5.3
244	7554.572529	0.000000	0.000099	134.934096	4.9
245	7541.062175	0.000000	0.000099	157.813069	5.1
246	7820.151512	0.000000	0.000099	171.951457	5.0
247	7773.558467	0.000000	0.000099	187.245022	4.9
248	7722.686772	0.000000	0.000099	134.354385	4.7
249	7295.213020	0.000000	0.000099	153.084986	5.0
250	7894.699263	0.000000	0.000099	216.179393	4.6
251	7990.486993	0.000000	0.000099	169.462492	4.1
252	7427.206838	0.000000	0.000099	143.010003	4.3
253	8074.740583	0.000000	0.000099	180.132182	4.3
254	7683.417365	0.000000	0.000099	228.987167	4.0
255	7631.893663	0.000000	0.000099	159.783862	4.0
256	7501.814075	0.000000	0.000099	151.631495	4.3
257	7502.084140	0.000000	0.000099	246.171800	4.3
258	7966.320737	0.000000	0.000099	157.255449	3.5
259	7782.190650	0.000000	0.000099	209.987171	3.4
260	7734.313646	0.000000	0.000099	142.193894	3.4
261	7923.567731	0.000000	0.000099	145.091641	5.0
262	7430.958394	0.000000	0.000099	197.749930	4.8
263	7120.850591	0.000000	0.000099	124.552373	4.8
264	8033.793508	0.000000	0.000099	178.563253	4.8
265	8049.762272	0.000000	0.000099	150.886665	3.9
266	7708.473186	0.000000	0.000099	141.546911	3.8
267	7885.002022	0.000000	0.000099	144.060044	3.5
268	7456.452077	0.000000	0.000099	176.581132	3.6
269	8029.468580	0.000000	0.000099	173.210476	3.4
270	7746.417403	0.000000	0.000099	157.317888	3.6
271	7389.779069	0.000000	0.000099	150.267825	3.6
272	8018.698889	0.000000	0.000099	155.497929	3.4
273	7489.924626	0.000000	0.000099	151.577204	3.1
274	7680.581289	0.000000	0.000099	225.172549	3.2
275	7418.827984	0.000000	0.000099	180.710498	3.2
276	7204.108014	0.001350	0.000099	209.668405	3.0
277	7247.488558	0.000000	0.000099	131.735590	3.0
278	7651.643663	0.000000	0.000099	145.788978	3.0
279	8241.046103	0.000000	0.000099	168.088416	3.0
280	7797.519519	0.000000	0.000099	156.258713	3.1
281	7310.410435	0.000000	0.000099	199.893230	3.0
282	7408.747526	0.000000	0.000099	128.010171	3.0
283	8126.944627	0.000000	0.000099	180.905855	3.1
284	7444.928685	0.000000	0.000099	214.034584	3.1
285	8140.719550	0.000613	0.000099	182.255862	3.1
286	8124.647431	0.000000	0.000099	188.633035	3.1
287	7729.576081	0.000000	0.000099	164.643402	3.8
288	7679.051012	0.000000	0.000099	177.904435	3.1
289	7731.016334	0.000000	0.000099	152.532789	2.7
290	7851.037944	0.000000	0.000099	293.986341	2.6
291	7751.665370	0.000000	0.000099	199.210243	2.6
292	7858.300725	0.000000	0.000099	151.361638	2.6
293	7455.561065	0.000000	0.000099	127.261556	2.6
294	7930.019535	0.000000	0.000099	151.630240	2.5
295	7739.438142	0.000000	0.000099	143.921408	2.6
296	7760.821950	0.000000	0.000099	162.335735	5.0
297	7402.808098	0.000000	0.000099	169.364230	4.9
298	8100.416682	0.000000	0.000099	144.081059	4.0
299	7753.441554	0.000000	0.000099	130.780745	3.8
300	7966.756197	0.000000	0.000099	160.386436	3.7
301	7599.947485	0.000000	0.000099	133.212361	3.1
302	7626.074897	0.000000	0.000099	157.294404	3.4
303	7626.713111	0.000000	0.000099	182.122093	3.4
304	7726.657922	0.000000	0.000099	193.727941	3.6
305	7843.645219	0.000000	0.000099	146.071368	2.5
306	8026.103174	0.000000	0.000099	135.157440	2.3
307	7985.083979	0.000000	0.000099	270.676786	2.4
308	7888.433838	0.000000	0.000099	200.059641	2.4
309	7647.852729	0.002150	0.000099	139.019683	2.5
310	8013.969475	0.000000	0.000099	145.194701	2.4
311	8155.850899	0.000000	0.000099	244.087872	2.5
312	7493.947381	0.000000	0.000099	131.640805	3.5
313	8341.961533	0.000000	0.000099	149.492199	4.4
314	7764.375426	0.000000	0.000099	125.375246	4.3
315	7674.451664	0.000000	0.000099	142.544003	4.2
316	7799.951591	0.000000	0.000099	158.534365	4.1
317	7929.390497	0.000000	0.000099	138.426136	3.4
318	7504.733517	0.000000	0.000099	128.052295	3.4
319	7563.126819	0.000000	0.000099	172.184586	3.4
320	7865.691379	0.000000	0.000099	203.745557	3.1
321	7741.571408	0.000000	0.000099	152.742042	3.2
322	7574.912829	0.000000	0.000099	170.882531	4.5
323	7661.548411	0.000000	0.000099	145.428740	4.9
324	7897.005740	0.000000	0.000099	162.975131	4.6
325	8019.269319	0.000000	0.000099	158.563882	4.8
326	7389.402331	0.000000	0.000099	181.996406	4.7
327	7361.164338	0.000000	0.000099	182.032019	3.8
328	7989.469255	0.000000	0.000099	209.853512	3.7
329	7466.307217	0.002465	0.000099	165.742140	3.5
330	7650.993403	0.003830	0.000099	143.434340	3.5
331	7493.915351	0.001592	0.000099	147.185610	3.5
332	7891.689829	0.000000	0.000099	179.184595	3.2
333	7608.759977	0.000000	0.000099	155.653917	3.1
334	7574.675578	0.000000	0.000099	155.633392	3.2
335	7832.327855	0.000000	0.000099	130.470050	3.0
336	7644.658457	0.000000	0.000099	160.606451	3.0
337	8062.982044	0.000000	0.000099	205.417261	3.0
338	8385.788938	0.000000	0.000099	161.093718	3.8
339	7866.434946	0.000000	0.000099	183.026820	5.0
340	7855.723285	0.000000	0.000099	191.478680	4.6
341	7524.345805	0.000000	0.000099	203.218576	4.4
342	7699.485942	0.000000	0.000099	139.923341	4.5
343	7610.833721	0.000000	0.000099	152.919390	3.5
344	7861.693974	0.000000	0.000099	151.322564	3.4
345	7771.901921	0.000000	0.000099	150.311161	3.5
346	7557.771495	0.000000	0.000099	131.300638	3.2
347	7670.051335	0.000000	0.000099	155.467014	3.3
348	7843.862266	0.000000	0.000099	143.203786	3.2
349	7904.440892	0.000000	0.000099	238.411685	3.7
350	7283.064689	0.000000	0.000099	208.737782	4.0
351	7501.341996	0.005704	0.000099	234.319932	3.8
352	7809.423115	0.000000	0.000099	150.557914	3.6
353	7754.953603	0.000000	0.000099	125.619341	3.7
354	7736.158927	0.000000	0.000099	162.876707	3.6
355	7544.515288	0.000000	0.000099	133.257123	3.4
356	7735.047084	0.000000	0.000099	168.859335	3.5
357	7874.545444	0.000000	0.000099	176.478103	4.9
358	8175.010346	0.000000	0.000099	170.320001	4.9
359	7200.064617	0.000000	0.000099	174.513974	3.5
360	7476.105320	0.000000	0.000099	134.842251	3.5
361	7166.283044	0.000000	0.000099	147.700577	3.4
362	7276.024591	0.000000	0.000099	144.063435	3.1
363	7551.627073	0.000000	0.000099	217.110884	4.9
364	7372.931352	0.000000	0.000099	134.389590	4.9
365	7858.589098	0.000000	0.000099	158.590571	4.6
366	7665.190400	0.000000	0.000099	158.858614	4.5
367	7663.629395	0.000000	0.000099	150.517131	4.4
368	7740.341142	0.000000	0.000099	149.429908	2.4
369	7682.707847	0.000000	0.000099	204.132135	2.7
370	7759.852261	0.000000	0.000099	137.655418	2.8
371	7701.661953	0.000000	0.000099	176.938611	2.7
372	7561.129719	0.000000	0.000099	180.483764	2.7
373	7891.532386	0.000000	0.000099	116.434701	2.4
374	7733.486863	0.000000	0.000099	125.678143	2.4
375	7401.469309	0.000000	0.000099	122.424682	2.4
376	7800.065658	0.000000	0.000099	129.460129	2.3
377	7428.385846	0.000000	0.000099	161.721004	2.4
378	7456.056734	0.000000	0.000099	164.658279	2.4
379	7656.510569	0.000000	0.000099	146.685578	2.4
380	7781.900183	0.000000	0.000099	176.589853	2.3
381	7803.753366	0.000000	0.000099	130.873514	2.4
382	7714.700440	0.000000	0.000099	144.851522	2.6
383	7714.779819	0.000000	0.000099	121.127930	2.6
384	8108.912433	0.000000	0.000099	147.930427	2.5
385	7500.587035	0.000000	0.000099	151.540973	2.5
386	7802.411047	0.000000	0.000099	133.812689	2.6
387	7526.303988	0.000000	0.000099	138.387598	2.6
388	7528.189890	0.000000	0.000099	168.223195	2.6
389	7169.968728	0.000000	0.000099	105.885938	2.6
390	7189.040211	0.000000	0.000099	138.259766	2.6
391	7319.274014	0.000000	0.000099	151.849211	2.7
392	7952.815203	0.000000	0.000099	201.408606	2.5
393	7625.777966	0.000000	0.000099	144.366337	2.6
394	7615.136880	0.000000	0.000099	153.348674	2.6
395	7823.947476	0.000000	0.000099	132.740672	2.5
396	7477.109803	0.000000	0.000099	128.452206	2.7
397	7355.819213	0.000000	0.000099	180.954601	2.7
398	7289.863247	0.000000	0.000099	191.077034	2.7
399	7374.163582	0.000000	0.000099	152.548048	2.7
400	7406.230963	0.000000	0.000099	124.186947	5.8
401	7619.118739	0.000000	0.000099	152.241285	4.4
402	7705.286298	0.000000	0.000099	153.938156	4.5
403	7546.898142	0.000000	0.000099	185.801040	4.5
404	7478.969258	0.000000	0.000099	173.685155	4.3
405	7453.572419	0.000000	0.000099	130.161235	3.5
406	7807.238753	0.000000	0.000099	178.357360	3.6
407	7268.389373	0.000000	0.000099	125.977998	3.4
408	7935.029108	0.000000	0.000099	154.901183	3.3
409	7849.455317	0.000000	0.000099	141.950616	3.6
410	7497.605728	0.000000	0.000099	137.859411	5.1
411	7951.975350	0.000000	0.000099	177.686844	5.0
412	7598.292714	0.000000	0.000099	183.387889	3.6
413	7412.541838	0.000136	0.000099	194.601161	2.4
414	7782.057452	0.000000	0.000099	124.807575	2.4
415	7797.929615	0.000000	0.000099	180.221333	2.4
416	7601.703990	0.000000	0.000099	139.627987	7.8
417	7656.643550	0.000000	0.000099	154.008303	4.9
418	7493.383239	0.000000	0.000099	141.172156	4.6
419	7941.387227	0.000000	0.000099	147.750658	2.5
420	7436.503345	0.000000	0.000099	151.879970	2.3
421	7706.968210	0.000000	0.000099	174.919930	2.4
422	7658.498818	0.000000	0.000099	133.681849	2.6
423	7681.892471	0.000000	0.000099	159.856900	5.3
424	7937.170783	0.000000	0.000099	189.210537	3.1
425	7762.008735	0.000000	0.000099	136.709360	4.9
426	7707.366504	0.000000	0.000099	156.284256	4.9
427	6892.321917	0.000000	0.000099	269.032169	5.0
428	7493.497227	0.000000	0.000099	107.289236	4.9
429	7613.563657	0.000000	0.000099	125.529471	4.9
430	7662.012128	0.000000	0.000099	163.185522	3.8
431	7388.021267	0.000000	0.000099	145.992117	3.7
432	7615.282125	0.000000	0.000099	177.817117	3.5
433	7252.142385	0.000000	0.000099	166.071321	3.6
434	7815.606310	0.000000	0.000099	150.065913	3.4
435	7572.544029	0.000000	0.000099	142.673057	3.5
436	7174.968366	0.000000	0.000099	131.649115	3.6
437	7932.287222	0.000000	0.000099	187.740863	3.6
438	7721.907224	0.000000	0.000099	136.349496	3.5
439	7579.411790	0.000000	0.000099	125.687282	4.6
440	7457.129515	0.000000	0.000099	159.969477	4.8
441	7626.935829	0.000000	0.000099	177.434637	4.8
442	7291.828860	0.000000	0.000099	131.497198	4.2
443	7761.727019	0.000000	0.000099	240.851429	3.8
444	8007.854980	0.000000	0.000099	163.632978	3.8
445	7304.357449	0.000258	0.000099	161.273429	3.1
446	7524.082259	0.000000	0.000099	120.928664	3.1
447	7207.726001	0.000000	0.000099	122.436169	3.1
448	7482.261122	0.000000	0.000099	116.992352	3.0
449	7548.951289	0.000000	0.000099	147.256800	2.8
450	7583.576069	0.000000	0.000099	145.654976	2.9
451	7508.692987	0.000000	0.000099	158.238870	2.9
452	7488.774037	0.000000	0.000099	151.528268	3.1
453	7573.424263	0.000000	0.000099	155.404951	3.0
454	7834.162214	0.000000	0.000099	175.517206	3.5
455	7733.568663	0.000000	0.000099	141.231716	3.3
456	7389.033889	0.000000	0.000099	179.108729	3.2
457	7559.918466	0.000000	0.000099	149.166796	3.1
458	7825.569614	0.000000	0.000099	147.091774	3.0
459	7310.952004	0.000000	0.000099	128.613476	3.0
460	7407.920870	0.000000	0.000099	154.153945	2.9
461	7913.448658	0.000000	0.000099	131.993375	3.1
462	7297.237673	0.000000	0.000099	121.214938	3.0
463	7228.130074	0.000000	0.000099	157.169587	2.9
464	7531.822467	0.000000	0.000099	159.447770	3.7
465	7765.730037	0.000000	0.000099	176.612613	3.2
466	7131.714900	0.000072	0.000099	165.934906	4.2
467	7444.814463	0.000000	0.000099	164.823789	3.1
468	7557.953605	0.000000	0.000099	137.985844	4.9
469	7404.533747	0.000000	0.000099	129.138856	4.9
470	7267.457581	0.000000	0.000099	116.877930	5.8
471	8169.476388	0.000000	0.000099	262.952378	4.8
472	7567.976674	0.000000	0.000099	126.161457	4.6
473	7516.074487	0.000000	0.000099	114.934341	5.2
474	7193.374714	0.000000	0.000099	196.453133	5.3
475	7510.569488	0.000000	0.000099	108.391228	5.0
476	7880.142393	0.000000	0.000099	151.069958	4.3
477	7781.960707	0.000000	0.000099	205.898261	4.3
478	7743.083226	0.000000	0.000099	126.172256	4.0
479	7443.391470	0.000000	0.000099	142.692743	4.0
480	7439.148247	0.000000	0.000099	143.893073	3.8
481	7692.501403	0.000000	0.000099	237.440402	3.5
482	7829.014803	0.000000	0.000099	158.732442	3.6
483	7344.743831	0.000000	0.000099	133.201837	2.9
484	7173.912358	0.000000	0.000099	127.044117	2.9
485	7648.271251	0.000000	0.000099	184.722656	3.0
486	7596.897320	0.000000	0.000099	129.147894	3.0
487	7316.856753	0.000000	0.000099	130.435246	3.1
488	7577.191095	0.000000	0.000099	176.304442	3.1
489	7825.873936	0.000000	0.000099	173.716015	4.6
490	7681.672514	0.000000	0.000099	149.867327	4.2
491	7454.160428	0.000000	0.000099	135.637167	5.4
492	7746.388641	0.000000	0.000099	180.402375	4.9
493	7701.095930	0.000000	0.000099	222.396557	5.0
494	7117.058198	0.001044	0.000099	166.644168	4.8
495	7052.688690	0.003074	0.000099	153.717646	4.6
496	7201.287552	0.000000	0.000099	102.704596	4.7
497	7392.370705	0.000000	0.000099	190.336598	4.8
498	7213.308137	0.000000	0.000099	170.662379	3.8
499	7524.886854	0.000000	0.000099	139.803661	3.9
500	7429.753656	0.000000	0.000099	126.775221	3.7
501	7125.035909	0.000000	0.000099	131.768396	3.6
502	7539.719517	0.000000	0.000099	168.906572	3.6
503	7830.720513	0.000000	0.000099	189.788290	3.3
504	7248.397315	0.000000	0.000099	162.815245	3.3
505	7935.945473	0.000000	0.000099	146.201271	3.1
506	7537.201452	0.000000	0.000099	134.311682	3.3
507	7443.610253	0.000000	0.000099	136.034844	3.5
508	7426.676874	0.000000	0.000099	186.059925	3.3
509	7703.189480	0.000000	0.000099	111.908472	3.1
510	7677.282737	0.000000	0.000099	135.189546	3.1
511	7554.063325	0.000000	0.000099	187.310049	3.1
512	7791.195861	0.000000	0.000099	125.761823	3.5
513	7720.610486	0.000000	0.000099	261.712717	3.6
514	7419.856436	0.000000	0.000099	111.359280	3.4
515	7349.757653	0.000000	0.000099	188.261382	2.9
516	7352.634516	0.000000	0.000099	210.581250	2.9
517	7561.408245	0.000000	0.000099	190.262609	3.3
518	7323.697433	0.000000	0.000099	136.838234	2.8
519	7810.999188	0.000000	0.000099	201.923960	4.6
520	7502.887536	0.000000	0.000099	184.383882	4.7
521	7115.548633	0.000000	0.000099	111.950179	4.9
522	7823.336374	0.000000	0.000099	151.927885	4.9
523	7366.240726	0.000000	0.000099	200.392517	4.3
524	7190.447477	0.000000	0.000099	152.873079	4.3
525	7542.752492	0.000000	0.000099	165.467375	3.3
526	7241.294550	0.000000	0.000099	109.668594	3.4
527	7393.085118	0.000000	0.000099	130.985024	3.5
528	6925.036312	0.000000	0.000099	188.188718	5.0
529	7299.025565	0.000000	0.000099	140.912672	4.9
530	7662.517237	0.000000	0.000099	152.053712	4.5
531	7362.407600	0.000000	0.000099	156.972570	4.5
532	7140.091038	0.000000	0.000099	158.496341	4.0
533	7589.944401	0.000000	0.000099	118.778270	3.8
534	7237.825732	0.000000	0.000099	144.725130	3.7
535	7495.991629	0.000000	0.000099	133.879994	3.3
536	7422.692187	0.000000	0.000099	121.543659	3.3
537	7593.403366	0.000000	0.000099	141.181908	3.4
538	7618.994952	0.000000	0.000099	210.738427	3.1
539	7650.871344	0.000000	0.000099	176.486371	3.1
540	7554.293948	0.003554	0.000099	138.093891	3.2
541	7219.963364	0.001384	0.000099	164.799779	3.0
542	7196.908883	0.000000	0.000099	139.303259	3.0
543	7263.686299	0.000000	0.000099	125.319189	3.0
544	7041.826666	0.000000	0.000099	129.532581	3.2
545	6889.256788	0.000000	0.000099	151.690571	3.2
546	7059.173603	0.000000	0.000099	120.303398	3.2
547	7079.352846	0.000000	0.000099	154.967278	3.2
548	7445.799991	0.000000	0.000099	179.137731	3.1
549	7569.687328	0.000000	0.000099	164.995419	3.1
550	7181.495902	0.000284	0.000099	173.463890	3.1
551	7546.843264	0.000000	0.000099	170.901857	2.9
552	7248.378489	0.000000	0.000099	136.460470	3.0
553	7652.864030	0.000000	0.000099	135.799160	3.0
554	7303.734757	0.000000	0.000099	94.307655	3.3
555	7323.336861	0.000000	0.000099	125.241868	3.3
556	7422.262483	0.000000	0.000099	135.658485	3.3
557	7361.055999	0.000000	0.000099	147.672175	3.3
558	7049.627788	0.000000	0.000099	112.767965	3.3
559	7163.162814	0.000000	0.000099	173.942431	3.4
560	7284.010145	0.000000	0.000099	150.666898	5.5
561	7240.842673	0.000847	0.000099	145.194963	4.9
562	6806.668647	0.000000	0.000099	147.729440	5.0
563	7853.930133	0.000000	0.000099	240.461112	4.9
564	7788.576195	0.001577	0.000099	138.032065	5.0
565	7396.123844	0.000000	0.000099	218.676761	4.9
566	7070.516853	0.001253	0.000099	161.716409	19.4
567	7151.458942	0.000000	0.000099	133.395139	3.8
568	7357.565932	0.000000	0.000099	160.664686	3.4
569	7613.574807	0.000000	0.000099	185.539574	3.4
570	7331.949094	0.000000	0.000099	166.350839	2.8
571	7120.859320	0.000000	0.000099	132.255440	3.0
572	7107.386997	0.000000	0.000099	167.160372	2.8
573	7020.501137	0.000000	0.000099	113.673949	2.8
574	7342.353443	0.000000	0.000099	203.563363	4.8
575	7304.003774	0.000000	0.000099	144.292034	3.0
576	6805.986267	0.000000	0.000099	147.261873	2.9
577	7371.856815	0.000193	0.000099	143.375148	2.9
578	7516.230522	0.000000	0.000099	176.129898	4.0
579	7281.581787	0.000000	0.000099	169.556104	4.1
580	6974.565235	0.001498	0.000099	134.538308	2.2
581	7965.691740	0.000000	0.000099	132.696498	2.2
582	7921.135127	0.000000	0.000099	217.822705	2.3
583	7110.745133	0.000000	0.000099	125.857495	2.2
584	7413.393608	0.000000	0.000099	127.561732	2.2
585	7329.683037	0.000000	0.000099	104.870634	2.2
586	7384.120226	0.000000	0.000099	128.220794	2.5
587	7023.715164	0.000000	0.000099	234.036541	2.2
588	7423.727753	0.000000	0.000099	149.946375	2.3
589	7369.751770	0.000000	0.000099	107.867021	2.2
590	7454.028402	0.000000	0.000099	123.821519	3.3
591	7493.953728	0.000000	0.000099	110.405715	4.2
592	7401.798840	0.000000	0.000099	105.637421	4.3
593	7196.909948	0.000000	0.000099	152.417023	3.9
594	7211.795413	0.000000	0.000099	113.430211	3.4
595	7229.461510	0.000000	0.000099	167.907751	3.5
596	7412.478009	0.000000	0.000099	154.191685	3.2
597	7354.272807	0.000501	0.000099	141.345381	3.0
598	7404.860035	0.000000	0.000099	158.153525	2.9
599	7734.303768	0.000000	0.000099	163.759329	3.1
600	7829.933241	0.000000	0.000099	180.455357	2.7
601	7339.919121	0.000000	0.000099	138.246955	2.7
602	7115.393005	0.000000	0.000099	180.761747	2.6
603	7570.918344	0.000000	0.000099	197.992025	2.6
604	7319.850965	0.003236	0.000099	129.142321	2.5
605	7296.825896	0.000000	0.000099	233.877786	2.6
606	7409.336897	0.000000	0.000099	124.695893	3.1
607	7311.887091	0.000000	0.000099	161.080094	2.4
608	7149.308589	0.000000	0.000099	178.993562	4.1
609	7334.165703	0.000000	0.000099	188.876314	3.2
610	7160.335305	0.000000	0.000099	130.067651	13.0
611	7724.910623	0.000000	0.000099	130.976374	7.7
612	7943.787746	0.000000	0.000099	116.913621	3.2
613	7668.475433	0.000000	0.000099	169.810896	3.3
614	7568.387607	0.000000	0.000099	146.812555	3.2
615	7216.029167	0.000083	0.000099	157.441411	3.0
616	7418.946701	0.000000	0.000099	149.024928	2.9
617	7222.692445	0.000000	0.000099	117.640471	3.3
618	7127.333751	0.000000	0.000099	110.458049	2.9
619	7282.647233	0.000000	0.000099	238.979924	2.8
620	7256.623479	0.000000	0.000099	151.527015	2.7
621	7111.475514	0.000000	0.000099	134.379440	2.7
622	7151.439088	0.000000	0.000099	146.780329	2.4
623	7374.880079	0.000000	0.000099	170.332894	2.5
624	7540.749296	0.000000	0.000099	149.785388	2.1
625	7039.784855	0.000000	0.000099	149.022741	2.1
626	7216.974624	0.000000	0.000099	107.687842	2.2
627	6787.892628	0.000000	0.000099	140.476932	2.6
628	7144.993783	0.000000	0.000099	137.647688	3.7
629	7621.385463	0.000000	0.000099	156.930107	3.1
630	7324.980110	0.000000	0.000099	168.134521	3.4
631	6813.165755	0.000000	0.000099	287.507503	3.7
632	7178.076120	0.002902	0.000099	155.653488	3.4
633	7287.626139	0.005249	0.000099	113.583869	3.2
634	7196.567311	0.001297	0.000099	132.763078	3.1
635	7267.938580	0.000000	0.000099	161.205331	3.3
636	7138.895247	0.000000	0.000099	133.062626	2.0
637	7185.799835	0.000000	0.000099	104.672025	1.8
638	7408.217987	0.000000	0.000099	195.682247	1.8
639	7448.134778	0.000000	0.000099	113.877752	2.9
640	7338.894406	0.000000	0.000099	170.015632	2.1
641	7093.732616	0.000000	0.000099	111.630742	1.9
642	7126.341318	0.000000	0.000099	174.098349	1.9
643	7450.275350	0.000000	0.000099	131.496669	1.9
644	7568.686103	0.000000	0.000099	121.240820	1.9
645	6993.717465	0.000000	0.000099	109.771512	2.1
646	7550.794978	0.000000	0.000099	211.676240	2.1
647	7277.884825	0.000000	0.000099	104.722133	2.3
648	7477.770354	0.000000	0.000099	115.538617	4.6
649	7185.135645	0.000000	0.000099	127.021212	4.3
650	7223.711687	0.000000	0.000099	127.243271	2.6
651	7520.092170	0.000000	0.000099	145.182897	2.5
652	7390.920791	0.000000	0.000099	114.268570	2.9
653	7440.025518	0.000000	0.000099	240.057054	3.0
654	7529.253399	0.000000	0.000099	135.177444	2.9
655	7239.126886	0.000000	0.000099	177.906532	2.9
656	6977.839979	0.000000	0.000099	163.595797	2.9
657	7437.721939	0.000000	0.000099	135.083642	2.9
658	7148.351625	0.000000	0.000099	131.505562	2.9
659	7448.132418	0.000000	0.000099	152.625739	2.8
660	6736.088454	0.000000	0.000099	133.372121	2.8
661	7263.455764	0.000000	0.000099	145.535141	2.7
662	7498.455557	0.000000	0.000099	138.768748	2.8
663	7113.952144	0.000000	0.000099	127.631667	3.1
664	7238.242448	0.000000	0.000099	113.611637	3.1
665	7151.576761	0.000000	0.000099	171.756320	3.0
666	7101.227464	0.000000	0.000099	160.647200	2.5
667	7038.513630	0.000000	0.000099	118.765975	2.5
668	7302.722067	0.000000	0.000099	128.939384	2.5
669	7066.713631	0.000000	0.000099	153.622253	2.5
670	7435.136278	0.000000	0.000099	125.942024	2.5
671	7407.652251	0.000000	0.000099	135.851774	2.6
672	7475.543504	0.000000	0.000099	167.655874	2.5
673	7387.425311	0.000000	0.000099	191.713813	2.7
674	7282.821461	0.003373	0.000099	103.257524	4.8
675	7990.316545	0.000000	0.000099	208.681223	4.6
676	7395.906441	0.000000	0.000099	109.910203	4.0
677	7037.071779	0.000000	0.000099	203.876004	3.9
678	7415.598423	0.000000	0.000099	110.182132	3.7
679	7213.155251	0.000000	0.000099	122.015492	3.5
680	7297.452302	0.000000	0.000099	136.726927	4.7
681	7052.125909	0.000000	0.000099	152.426212	4.9
682	7208.360484	0.000000	0.000099	96.546478	4.9
683	7033.107861	0.000000	0.000099	111.916520	4.7
684	7041.084303	0.000000	0.000099	107.530125	4.7
685	7411.241774	0.000000	0.000099	132.677277	3.6
686	7282.498653	0.000000	0.000099	152.799246	7.3
687	6940.503030	0.000154	0.000099	97.086499	4.8
688	7423.176303	0.000000	0.000099	113.888577	4.6
689	7560.143065	0.000000	0.000099	131.789629	4.1
690	7296.404504	0.000000	0.000099	96.612413	4.2
691	6955.540762	0.000000	0.000099	95.493394	4.2
692	7204.901628	0.000000	0.000099	107.390750	3.7
693	7190.854552	0.000000	0.000099	119.369619	3.8
694	7092.901773	0.000000	0.000099	161.296481	3.1
695	7023.653302	0.000000	0.000099	119.845432	3.1
696	7398.889454	0.000000	0.000099	128.411877	3.2
697	7254.871631	0.000000	0.000099	147.221006	3.3
698	7327.570998	0.000000	0.000099	177.565723	3.2
699	6800.028698	0.000000	0.000099	133.237748	3.1
700	6680.501156	0.000000	0.000099	128.161863	3.2
701	7440.492710	0.000000	0.000099	196.275134	2.9
702	7537.685199	0.000000	0.000099	187.099524	2.8
703	7197.006386	0.000770	0.000099	110.996578	3.1
704	7288.029653	0.000000	0.000099	161.864316	4.7
705	7276.783806	0.000000	0.000099	138.433678	4.3
706	7262.664562	0.000000	0.000099	164.040830	3.6
707	7145.387820	0.000000	0.000099	184.612435	4.9
708	7220.418677	0.000717	0.000099	112.556020	5.1
709	7474.080059	0.000000	0.000099	132.250406	4.9
710	7498.539384	0.000000	0.000099	118.545135	4.4
711	7552.255749	0.000000	0.000099	134.373049	4.9
712	7361.846919	0.000000	0.000099	182.040611	4.0
713	7470.473341	0.001249	0.000099	123.673035	4.7
714	7152.830014	0.000000	0.000099	118.962486	4.8
715	7023.707537	0.000000	0.000099	104.612889	4.7
716	7133.911046	0.000000	0.000099	172.322533	4.4
717	7013.635591	0.000000	0.000099	107.532514	3.6
718	7052.338932	0.000000	0.000099	128.000225	3.5
719	7174.296598	0.000000	0.000099	152.059512	3.6
720	7036.144479	0.000000	0.000099	107.451088	3.3
721	7118.831376	0.000000	0.000099	108.564771	3.3
722	7523.561888	0.000000	0.000099	98.501931	3.2
723	7466.476630	0.000000	0.000099	107.816861	3.1
724	7215.262998	0.000000	0.000099	118.226372	3.0
725	7345.159154	0.000000	0.000099	239.050000	3.1
726	7424.496181	0.000000	0.000099	243.287449	3.2
727	7099.354908	0.000000	0.000099	147.691443	3.2
728	6874.057777	0.000000	0.000099	118.477697	3.2
729	7362.479749	0.000000	0.000099	166.045825	3.3
730	6983.045424	0.000000	0.000099	127.943142	3.5
731	7388.075333	0.000000	0.000099	153.875148	3.4
732	6758.416394	0.000000	0.000099	90.155205	3.5
733	7077.809332	0.000000	0.000099	101.101642	3.4
734	8383.101614	0.000000	0.000099	179.793080	3.4
735	7280.275772	0.000000	0.000099	141.623808	3.3
736	7270.394814	0.000703	0.000099	168.986719	3.2
737	7210.625309	0.000000	0.000099	115.159613	3.2
738	7340.994344	0.000000	0.000099	156.970949	3.4
739	7162.894214	0.000000	0.000099	146.101292	3.3
740	7182.282979	0.000316	0.000099	140.707561	3.5
741	7204.798732	0.000000	0.000099	131.482653	3.3
742	7185.359227	0.000000	0.000099	97.541835	3.4
743	7047.335535	0.000000	0.000099	121.816532	3.5
744	6986.662870	0.000000	0.000099	146.554974	3.5
745	7785.005651	0.000000	0.000099	127.204866	3.5
746	7447.940826	0.000000	0.000099	126.461671	3.4
747	6997.488878	0.000000	0.000099	133.928053	3.0
748	6889.742873	0.000000	0.000099	113.172959	3.0
749	7526.450757	0.000000	0.000099	113.929675	3.3
750	7720.606082	0.000000	0.000099	141.637332	4.9
751	7621.375959	0.000000	0.000099	206.293580	2.8
752	7290.156193	0.000000	0.000099	137.921699	2.9
753	6848.156763	0.000000	0.000099	116.362924	3.3
754	7143.330599	0.000000	0.000099	113.705239	5.4
755	7179.948109	0.000000	0.000099	139.695424	4.7
756	7091.425313	0.000000	0.000099	181.207592	5.0
757	7348.509300	0.000000	0.000099	148.592680	4.9
758	7141.950704	0.000000	0.000099	178.245864	4.8
759	7478.306811	0.001503	0.000099	128.021232	4.8
760	7096.999789	0.001597	0.000099	127.662033	4.8
761	6850.354321	0.000000	0.000099	150.299360	4.7
762	7167.486402	0.000000	0.000099	111.405785	5.3
763	7248.773918	0.000000	0.000099	144.859402	5.3
764	7082.949787	0.000000	0.000099	163.916018	5.0
765	6818.060288	0.000000	0.000099	182.600134	4.9
766	7891.371047	0.000000	0.000099	116.315404	5.2
767	7173.226718	0.000000	0.000099	123.188746	4.2
768	7069.710792	0.000000	0.000099	128.845763	3.9
769	7364.476881	0.000000	0.000099	169.474790	3.9
770	7571.151692	0.000000	0.000099	166.882450	3.9
771	7701.262093	0.000620	0.000099	164.504993	4.7
772	7273.707854	0.001528	0.000099	113.706537	4.9
773	7155.142787	0.000000	0.000099	202.480056	4.7
774	7077.335119	0.000000	0.000099	106.754098	3.9
775	7570.637845	0.000000	0.000099	117.565017	4.9
776	7174.649126	0.000000	0.000099	142.031534	4.9
777	7111.078617	0.000000	0.000099	107.238098	4.7
778	7082.844774	0.000000	0.000099	184.104055	4.9
779	7287.119164	0.000000	0.000099	119.535944	5.0
780	7155.418021	0.000000	0.000099	96.343969	4.0
781	7046.096255	0.000000	0.000099	97.555560	3.9
782	7136.991316	0.000000	0.000099	130.250235	3.8
783	7348.847750	0.000000	0.000099	134.888984	3.3
784	7344.846153	0.000000	0.000099	165.074282	3.2
785	7202.075933	0.000000	0.000099	122.855469	3.3
786	7031.608604	0.000000	0.000099	122.514872	3.1
787	7242.060614	0.000000	0.000099	164.226651	3.2
788	7163.635334	0.000000	0.000099	156.336561	3.1
789	7405.638415	0.000000	0.000099	159.427687	3.1
790	7034.677911	0.001800	0.000099	146.087942	3.0
791	7132.823282	0.000453	0.000099	151.747112	3.0
792	7272.875510	0.001991	0.000099	96.735076	4.9
793	7169.267937	0.000116	0.000099	238.266489	3.2
794	7272.479043	0.000000	0.000099	135.547625	3.0
795	7182.867709	0.000000	0.000099	160.501357	3.0
796	6856.798517	0.000000	0.000099	98.542072	3.1
797	6939.689951	0.000000	0.000099	149.154375	4.9
798	7195.050624	0.000000	0.000099	100.564227	4.5
799	6992.991618	0.000000	0.000099	123.687527	4.4
800	7475.038503	0.000000	0.000099	111.020886	3.5
801	7006.486143	0.000000	0.000099	148.907213	3.8
802	6969.959174	0.000000	0.000099	103.294198	3.6
803	7221.180298	0.000000	0.000099	186.185802	4.9
804	7028.187253	0.000000	0.000099	127.219389	5.2
805	6884.908260	0.000000	0.000099	163.863009	4.9
806	7023.537984	0.000000	0.000099	133.139791	4.7
807	7262.498883	0.000000	0.000099	97.565371	3.7
808	7440.685105	0.000000	0.000099	122.886082	3.8
809	7289.368019	0.000000	0.000099	125.616041	3.9
810	7466.962918	0.000000	0.000099	149.680355	3.4
811	7373.019002	0.000000	0.000099	123.964080	3.4
812	7333.488239	0.000000	0.000099	145.989455	3.3
813	7143.240192	0.000000	0.000099	133.812412	3.3
814	7240.988591	0.000000	0.000099	180.748073	3.3
815	7259.529152	0.000335	0.000099	195.495008	3.2
816	7116.901020	0.000107	0.000099	114.430069	3.3
817	6964.443594	0.000563	0.000099	108.433729	3.3
818	7075.846851	0.000000	0.000099	101.553608	3.2
819	6811.342633	0.000000	0.000099	180.595708	3.3
820	6884.349182	0.000000	0.000099	87.155749	3.4
821	7124.158972	0.000000	0.000099	139.228063	3.3
822	7109.270974	0.000000	0.000099	86.369259	3.6
823	7169.385991	0.000000	0.000099	121.434950	3.6
824	7101.450284	0.000000	0.000099	105.198825	3.2
825	7227.024583	0.000000	0.000099	203.469071	2.9
826	7271.208181	0.000000	0.000099	164.036071	2.9
827	7204.287840	0.004089	0.000099	148.697331	2.9
828	7165.768683	0.003081	0.000099	117.800863	2.8
829	7360.183906	0.000000	0.000099	125.222332	2.8
830	7096.969125	0.000000	0.000099	134.001652	2.8
831	7667.764146	0.000000	0.000099	193.956964	2.9
832	6970.712835	0.000000	0.000099	126.797934	2.9
833	7214.729652	0.000000	0.000099	190.679635	2.9
834	7188.145564	0.001931	0.000099	86.914089	2.9
835	6944.360882	0.000105	0.000099	161.622674	3.0
836	7393.353086	0.000000	0.000099	107.566110	3.0
837	7113.256266	0.000000	0.000099	108.367237	3.0
838	7360.198089	0.000000	0.000099	126.794619	2.9
839	7072.071704	0.000000	0.000099	111.599661	2.9
840	7232.117779	0.000000	0.000099	140.402571	2.9
841	7263.615519	0.000000	0.000099	139.736235	2.9
842	7368.820824	0.000000	0.000099	137.570074	3.6
843	7170.388059	0.000000	0.000099	184.710182	8.8
844	6911.207816	0.000000	0.000099	158.176263	4.9
845	6819.438292	0.002160	0.000099	143.235658	2.4
846	7406.551732	0.000000	0.000099	120.639955	2.3
847	6796.480228	0.000000	0.000099	104.221736	2.0
848	7288.349868	0.000000	0.000099	101.030312	2.0
849	7175.355065	0.000000	0.000099	183.408358	2.2
850	7050.587129	0.000000	0.000099	98.610420	2.5
851	6905.360589	0.000000	0.000099	178.233461	2.7
852	7182.237612	0.000000	0.000099	102.781011	2.6
853	6843.383774	0.000000	0.000099	192.785506	3.9
854	7215.404187	0.000000	0.000099	103.959885	2.1
855	6968.006929	0.000000	0.000099	165.581002	2.2
856	7135.985814	0.000000	0.000099	186.379053	2.1
857	7465.800593	0.004585	0.000099	123.477256	2.3
858	7498.070576	0.001485	0.000099	136.958361	3.1
859	6949.986060	0.000000	0.000099	105.746413	3.0
860	7121.673051	0.000000	0.000099	257.759753	3.1
861	6953.399905	0.002630	0.000099	205.633962	4.5
862	7171.249127	0.000000	0.000099	140.791927	3.0
863	7008.101772	0.000542	0.000099	117.659111	2.3
864	7074.062276	0.000000	0.000099	106.600119	2.4
865	6781.703534	0.000000	0.000099	148.071449	4.2
866	7104.084716	0.000000	0.000099	132.624736	2.3
867	6979.010572	0.000000	0.000099	124.008384	2.4
868	6884.902344	0.000000	0.000099	197.222164	2.7
869	6914.611863	0.000000	0.000099	140.039411	3.3
870	7158.860131	0.000000	0.000099	94.189889	2.7
871	7125.064325	0.000000	0.000099	159.796254	2.8
872	7182.781383	0.000000	0.000099	119.199076	2.8
873	7011.481559	0.000000	0.000099	96.670586	3.1
874	6959.670555	0.000000	0.000099	119.106387	4.6
875	7520.991543	0.000000	0.000099	107.580849	3.2
876	7134.491336	0.000000	0.000099	120.246390	3.2
877	6992.800554	0.000000	0.000099	148.551215	3.5
878	7474.241222	0.000000	0.000099	154.676367	3.5
879	7393.840948	0.000000	0.000099	129.919309	3.6
880	7144.609123	0.000000	0.000099	103.963775	3.2
881	6892.731619	0.000000	0.000099	219.032419	3.2
882	7190.459007	0.000000	0.000099	254.241101	3.3
883	7312.316360	0.016777	0.000099	109.647268	4.8
884	6971.160119	0.015923	0.000099	157.173173	4.8
885	6695.436167	0.014655	0.000099	109.764504	4.3
886	6912.467023	0.013717	0.000099	131.844897	4.0
887	6917.860892	0.011355	0.000099	127.358429	4.1
888	7026.490430	0.007995	0.000099	113.028048	4.5
889	7294.022621	0.005692	0.000099	139.957402	4.3
890	7034.139677	0.005568	0.000099	189.857163	3.5
891	6940.708575	0.008357	0.000099	232.947722	3.5
892	7409.310780	0.001385	0.000099	118.402734	3.4
893	6929.667410	0.000558	0.000099	119.804615	2.9
894	7045.953331	0.000000	0.000099	161.554684	2.8
895	7296.363169	0.000000	0.000099	137.327301	2.9
896	6708.032416	0.000000	0.000099	128.435655	2.9
897	7285.635744	0.000389	0.000099	168.436887	2.8
898	7287.316666	0.001581	0.000099	119.181775	2.8
899	7082.624959	0.000000	0.000099	116.111626	2.9
900	7093.928618	0.000000	0.000099	141.380933	2.8
901	6878.237449	0.000000	0.000099	140.423342	2.8
902	7391.181686	0.000000	0.000099	149.127016	2.8
903	7131.917297	0.000000	0.000099	96.843902	2.8
904	6988.137508	0.000000	0.000099	105.993864	2.9
905	7138.341677	0.000000	0.000099	147.155414	2.9
906	7128.552567	0.000000	0.000099	97.784393	3.0
907	7051.229787	0.000000	0.000099	97.348589	3.1
908	7173.304293	0.000000	0.000099	95.836225	3.1
909	6966.005906	0.000000	0.000099	96.851659	3.0
910	7022.955485	0.000000	0.000099	99.441323	2.5
911	7364.920754	0.000000	0.000099	169.187525	2.6
912	6978.990223	0.000000	0.000099	135.098297	2.5
913	7005.868313	0.000000	0.000099	147.117913	2.4
914	7094.991672	0.000000	0.000099	121.934647	2.6
915	7082.556214	0.000085	0.000099	108.962696	2.5
916	7210.905540	0.000000	0.000099	149.449949	2.2
917	7719.489803	0.000000	0.000099	145.525937	2.3
918	6935.244898	0.000000	0.000099	103.995023	2.4
919	6802.607163	0.000000	0.000099	105.627433	2.6
920	6869.377407	0.000000	0.000099	175.934084	2.4
921	6885.063025	0.000000	0.000099	171.251811	2.4
922	7307.943415	0.000000	0.000099	190.729679	2.4
923	7232.503208	0.004637	0.000099	126.596852	2.5
924	7025.211916	0.001720	0.000099	107.688789	4.6
925	7044.797634	0.000000	0.000099	84.943984	3.0
926	6823.091968	0.000000	0.000099	134.214389	3.0
927	6830.491962	0.000000	0.000099	156.679707	3.0
928	6751.331173	0.000000	0.000099	99.213025	2.8
929	7139.258802	0.000000	0.000099	246.096228	3.0
930	7478.308925	0.000000	0.000099	158.310344	3.0
931	7064.755780	0.000863	0.000099	114.646791	3.5
932	6963.229458	0.001687	0.000099	251.085935	3.8
933	7335.159003	0.001499	0.000099	138.779497	3.9
934	7986.518396	0.000000	0.000099	186.932604	4.8
935	6854.926039	0.002238	0.000099	148.103413	4.7
936	7073.395930	0.000000	0.000099	88.752494	4.1
937	6741.287464	0.000000	0.000099	118.931788	4.4
938	7265.400510	0.000000	0.000099	99.010982	4.5
939	7011.041309	0.000000	0.000099	136.162889	3.5
940	7243.270378	0.000000	0.000099	137.716230	3.9
941	7281.087471	0.000048	0.000099	109.180264	4.7
942	7082.295025	0.000000	0.000099	91.463038	4.7
943	7174.461393	0.000000	0.000099	154.700237	4.3
944	7175.117027	0.000000	0.000099	104.927052	4.9
945	6677.548584	0.000000	0.000099	104.574279	4.9
946	7352.907051	0.000000	0.000099	196.735746	4.8
947	6778.453582	0.000000	0.000099	189.615238	5.2
948	7126.668964	0.004777	0.000099	142.379046	5.1
949	6863.373258	0.001463	0.000099	102.114405	4.5
950	7242.368349	0.000000	0.000099	144.186397	3.9
951	7061.140370	0.000000	0.000099	190.173851	3.9
952	6637.650170	0.000395	0.000099	107.773573	3.3
953	7046.249880	0.000987	0.000099	156.141564	5.0
954	7507.903820	0.000000	0.000099	128.708783	4.8
955	6903.983302	0.000000	0.000099	152.696378	4.9
956	7106.792076	0.000000	0.000099	97.857074	4.5
957	7247.810323	0.000000	0.000099	111.040600	4.4
958	6981.343919	0.000000	0.000099	237.196628	4.4
959	6660.402872	0.000708	0.000099	151.322585	4.0
960	7018.705227	0.000387	0.000099	88.796060	4.2
961	6871.097258	0.000000	0.000099	82.364472	3.5
962	7190.909174	0.000000	0.000099	151.036296	3.5
963	7271.551451	0.000000	0.000099	148.045125	3.4
964	7116.789846	0.000000	0.000099	119.368748	3.3
965	6763.723851	0.000000	0.000099	178.470919	3.4
966	6832.410656	0.000714	0.000099	95.986213	3.7
967	7355.202714	0.000000	0.000099	98.637952	3.2
968	7081.181546	0.000000	0.000099	111.135797	3.1
969	7060.602647	0.000000	0.000099	138.195931	3.0
970	6912.469628	0.000000	0.000099	173.215262	3.0
971	6817.560032	0.000000	0.000099	101.174315	7.2
972	6606.607787	0.000000	0.000099	107.801513	5.1
973	7103.170053	0.000000	0.000099	137.825040	4.9
974	7099.671768	0.000000	0.000099	123.039860	4.9
975	6973.776245	0.000388	0.000099	97.597781	5.0
976	6527.751702	0.000000	0.000099	84.125314	4.2
977	6871.493632	0.000000	0.000099	81.907376	4.1
978	6884.145886	0.000000	0.000099	119.618485	3.9
979	6614.992422	0.000000	0.000099	97.702434	4.0
980	7348.927213	0.000000	0.000099	140.162280	4.8
981	6925.726077	0.000000	0.000099	115.659777	4.2
982	7172.134428	0.000000	0.000099	114.949056	4.2
983	6755.520734	0.000000	0.000099	139.877511	4.4
984	7054.753962	0.000000	0.000099	147.543069	3.9
985	7300.197961	0.000000	0.000099	139.381360	3.9
986	7186.557908	0.001489	0.000099	155.767657	3.5
987	7180.257803	0.002453	0.000099	138.298511	3.4
988	7297.842150	0.000000	0.000099	100.610283	3.4
989	7125.168848	0.000000	0.000099	115.253399	3.2
990	7190.289473	0.000000	0.000099	143.428410	3.3
991	7387.990449	0.000000	0.000099	161.554080	3.2
992	7364.974869	0.000000	0.000099	138.091898	3.0
993	7179.376534	0.000000	0.000099	132.279394	3.1
994	6707.657864	0.000000	0.000099	127.256938	3.0
995	7178.816073	0.000000	0.000099	149.792329	3.3
996	7003.365580	0.000000	0.000099	123.489942	3.2
997	7000.745224	0.000000	0.000099	106.845802	3.2
998	7008.287481	0.000000	0.000099	143.296835	2.7
999	6724.365674	0.000000	0.000099	140.446691	2.6
1000	7234.481594	0.000000	0.000099	154.956619	2.6
1001	6549.068523	0.001389	0.000099	77.975676	2.7
1002	6752.916482	0.000000	0.000099	122.285876	2.8
1003	6939.809595	0.000000	0.000099	182.662452	2.7
1004	7048.532020	0.000000	0.000099	105.629330	4.5
1005	6987.356155	0.000000	0.000099	133.308479	4.6
1006	7281.949013	0.000000	0.000099	111.489666	4.7
1007	6934.948384	0.000000	0.000099	180.716992	3.9
1008	6716.923093	0.000000	0.000099	114.663521	4.6
1009	7028.184879	0.000000	0.000099	142.225076	4.8
1010	7093.958695	0.000000	0.000099	152.682334	4.9
1011	6722.938934	0.000000	0.000099	105.425422	4.2
1012	6643.439141	0.000000	0.000099	164.722262	4.0
1013	7263.934749	0.000675	0.000099	101.931485	4.0
1014	6876.578938	0.000000	0.000099	161.443328	3.5
1015	6682.502165	0.000000	0.000099	119.399364	3.3
1016	7091.869714	0.000931	0.000099	91.459749	3.2
1017	7001.320365	0.000753	0.000099	112.145873	3.1
1018	6829.608150	0.000000	0.000099	81.379494	3.0
1019	7095.268708	0.000000	0.000099	99.505269	3.0
1020	7241.593288	0.000000	0.000099	145.308618	3.2
1021	6873.466373	0.000000	0.000099	108.005002	4.8
1022	7309.021811	0.000110	0.000099	127.331463	3.2
1023	7264.680727	0.000000	0.000099	138.528242	3.3
1024	6536.448175	0.000000	0.000099	144.651358	3.5
1025	7215.138891	0.000000	0.000099	94.434323	3.3
1026	7228.015613	0.000000	0.000099	121.193138	3.1
1027	7186.902597	0.000000	0.000099	105.516696	3.1
1028	7121.056569	0.000000	0.000099	119.257015	3.5
1029	7054.202913	0.000000	0.000099	90.917833	3.3
1030	7034.621839	0.000000	0.000099	134.497613	3.2
1031	7265.513644	0.000000	0.000099	127.666125	3.2
1032	7027.132891	0.000746	0.000099	87.286167	3.2
1033	7485.272920	0.000000	0.000099	109.851993	3.4
1034	6704.423941	0.000000	0.000099	179.801529	5.1
1035	6592.364286	0.000000	0.000099	114.136783	5.1
1036	7227.068385	0.002620	0.000099	84.032784	4.6
1037	7174.991268	0.001559	0.000099	183.566192	5.0
1038	7205.104885	0.000000	0.000099	124.578453	5.1
1039	6854.499230	0.000000	0.000099	102.502840	5.0
1040	6761.235448	0.000000	0.000099	105.421444	4.6
1041	7079.823116	0.000000	0.000099	128.686104	4.9
1042	7318.741862	0.000000	0.000099	79.719197	4.9
1043	7034.154998	0.000000	0.000099	93.189804	4.7
1044	6913.341206	0.000000	0.000099	106.449414	4.6
1045	6813.907060	0.000000	0.000099	160.597570	3.7
1046	6921.639137	0.000000	0.000099	138.965537	3.6
1047	6828.434283	0.000000	0.000099	172.570067	3.7
1048	6913.638175	0.000000	0.000099	166.562934	4.7
1049	6875.360728	0.000000	0.000099	137.333481	5.2
1050	7120.056144	0.000000	0.000099	154.975730	5.2
1051	6846.870490	0.000000	0.000099	160.829156	5.0
1052	7084.506436	0.000000	0.000099	109.062991	5.0
1053	6606.089666	0.000000	0.000099	92.159169	4.6
1054	7051.270554	0.000000	0.000099	88.001471	3.9
1055	7186.696049	0.000000	0.000099	156.144527	5.5
1056	6870.908039	0.000000	0.000099	115.538712	5.2
1057	7359.598905	0.001940	0.000099	136.320645	5.4
1058	7023.252790	0.002943	0.000099	118.768461	5.4
1059	7012.991735	0.001856	0.000099	154.414723	5.1
1060	6681.176224	0.001949	0.000099	111.303706	5.3
1061	7035.393823	0.000432	0.000099	151.655470	5.3
1062	7398.993618	0.000000	0.000099	127.825568	5.0
1063	6857.730399	0.000050	0.000099	112.491130	4.3
1064	6565.771093	0.000000	0.000099	145.834586	4.0
1065	6934.023309	0.000000	0.000099	149.198126	3.9
1066	6957.399814	0.000000	0.000099	123.111074	3.4
1067	6737.757878	0.001230	0.000099	162.925542	3.6
1068	6837.822344	0.000000	0.000099	153.085393	5.0
1069	7075.501694	0.000246	0.000099	96.248179	5.1
1070	7267.570136	0.000170	0.000099	108.012103	5.0
1071	6804.468543	0.000000	0.000099	224.195007	5.3
1072	7222.082708	0.000000	0.000099	107.100688	4.8
1073	6745.192867	0.002582	0.000099	120.015041	3.6
1074	7243.078604	0.002245	0.000099	105.746280	3.6
1075	6975.539853	0.000965	0.000099	117.016430	3.7
1076	6932.303868	0.000429	0.000099	115.412706	3.9
1077	7227.333060	0.000000	0.000099	142.698436	3.6
1078	7036.266127	0.000000	0.000099	96.234961	3.6
1079	6825.617649	0.000000	0.000099	112.619593	5.0
1080	7040.655115	0.000000	0.000099	172.883956	5.1
1081	6880.728700	0.000000	0.000099	184.134974	5.2
1082	6978.486582	0.004561	0.000099	114.234223	5.2
1083	7009.808449	0.004156	0.000099	125.290937	5.1
1084	6825.445169	0.003487	0.000099	123.124361	5.3
1085	6820.089114	0.002655	0.000099	152.554174	5.0
1086	6857.118735	0.003371	0.000099	98.183422	5.1
1087	6667.153256	0.000765	0.000099	131.520258	4.7
1088	6627.100953	0.000000	0.000099	142.378013	4.1
1089	7148.470555	0.000000	0.000099	215.580415	4.0
1090	7129.304698	0.000000	0.000099	151.716201	3.2
1091	6935.089733	0.000191	0.000099	137.727832	3.2
1092	7427.376116	0.000000	0.000099	174.519129	3.2
1093	6919.932794	0.001164	0.000099	133.173288	3.0
1094	6851.160646	0.000000	0.000099	126.066021	2.9
1095	6817.066036	0.000923	0.000099	216.240671	2.9
1096	6564.201503	0.000000	0.000099	136.228454	2.9
1097	6820.652012	0.000000	0.000099	117.412702	2.8
1098	7152.481096	0.000000	0.000099	144.776439	2.7
1099	6758.315094	0.000000	0.000099	109.113703	2.8
1100	6967.965353	0.000000	0.000099	144.819577	2.8
1101	7202.292410	0.000000	0.000099	139.154668	2.7
1102	6748.764169	0.000000	0.000099	90.802773	2.7
1103	6710.008147	0.000000	0.000099	76.804620	2.8
1104	7240.917340	0.000000	0.000099	118.419880	3.0
1105	6812.900253	0.000000	0.000099	139.137841	4.9
1106	6666.874333	0.000459	0.000099	143.377902	4.6
1107	6627.779647	0.000000	0.000099	108.327907	4.7
1108	6894.874729	0.001297	0.000099	110.470126	4.7
1109	7271.116087	0.000000	0.000099	157.300812	3.9
1110	6886.521665	0.000000	0.000099	124.696142	3.9
1111	6869.158728	0.000000	0.000099	160.610980	4.0
1112	7067.573462	0.000646	0.000099	117.343859	4.0
1113	6749.388642	0.000560	0.000099	100.726750	4.0
1114	6798.477414	0.000000	0.000099	130.138945	4.6
1115	7035.613631	0.000807	0.000099	207.140253	3.9
1116	6656.699177	0.000000	0.000099	89.053635	4.2
1117	7131.869788	0.000000	0.000099	117.492735	5.2
1118	7141.123318	0.000006	0.000099	101.856325	4.8
1119	6923.066900	0.000000	0.000099	122.328005	4.8
1120	6827.570877	0.000000	0.000099	87.649177	3.9
1121	6975.812471	0.000000	0.000099	75.293102	3.9
1122	7025.276755	0.000000	0.000099	96.873882	3.9
1123	6755.123150	0.000000	0.000099	127.767414	3.4
1124	6744.400641	0.000000	0.000099	131.779157	3.3
1125	6951.822394	0.000000	0.000099	101.901264	4.3
1126	6965.769832	0.000000	0.000099	133.626831	4.1
1127	7232.723051	0.000000	0.000099	87.840761	4.0
1128	6757.590418	0.000000	0.000099	102.550261	3.8
1129	6892.750079	0.000000	0.000099	90.014173	3.0
1130	6907.692575	0.000000	0.000099	128.332542	3.0
1131	6765.171188	0.000000	0.000099	115.308478	2.6
1132	7040.982858	0.000000	0.000099	140.143402	2.6
1133	6995.689104	0.000000	0.000099	136.009443	2.6
1134	6839.965149	0.000000	0.000099	111.788102	2.5
1135	7164.745728	0.000000	0.000099	100.247778	2.4
1136	7160.839028	0.000000	0.000099	156.584520	3.2
1137	7057.765821	0.000188	0.000099	84.167232	2.5
1138	7154.072333	0.000000	0.000099	87.351306	2.7
1139	6836.523293	0.000000	0.000099	92.618839	3.0
1140	6754.534570	0.000000	0.000099	103.424359	2.7
1141	7004.038598	0.000000	0.000099	110.628827	2.8
1142	6738.606881	0.000000	0.000099	147.544521	2.9
1143	6565.273896	0.001317	0.000099	100.305689	2.9
1144	6856.583300	0.000000	0.000099	116.482911	2.8
1145	6669.762625	0.000000	0.000099	196.199324	3.0
1146	6874.945314	0.000000	0.000099	173.346846	3.0
1147	6908.616407	0.001828	0.000099	123.843226	3.0
1148	7102.248103	0.004173	0.000099	128.649982	3.0
1149	6912.148436	0.000643	0.000099	124.704695	3.0
1150	6586.780769	0.000000	0.000099	100.207295	5.0
1151	6362.265170	0.000365	0.000099	112.192540	4.7
1152	6892.430150	0.000000	0.000099	130.812475	4.7
1153	7282.931509	0.000953	0.000099	289.780579	4.8
1154	7023.604382	0.000000	0.000099	190.861470	4.7
1155	6988.330239	0.004965	0.000099	94.682794	4.1
1156	7073.642598	0.002862	0.000099	145.749659	3.7
1157	6855.394654	0.001370	0.000099	98.893598	3.8
1158	6857.702340	0.000000	0.000099	215.757906	4.8
1159	6971.484633	0.001105	0.000099	127.461652	4.9
1160	7271.041655	0.000999	0.000099	120.769574	3.9
1161	6862.314932	0.000000	0.000099	103.427355	4.3
1162	6800.955714	0.000000	0.000099	111.312867	4.5
1163	6842.517213	0.000000	0.000099	111.265866	4.6
1164	7124.891343	0.000000	0.000099	122.218887	4.5
1165	6923.187814	0.000000	0.000099	130.065440	3.8
1166	6910.099923	0.001044	0.000099	170.397371	3.7
1167	6780.430100	0.001499	0.000099	204.218244	3.5
1168	6763.697807	0.007937	0.000099	90.183940	3.5
1169	6606.291384	0.007071	0.000099	161.689278	3.5
1170	7041.466157	0.005877	0.000099	133.983162	2.9
1171	6971.974925	0.009290	0.000099	82.834711	2.8
1172	7203.697831	0.008175	0.000099	120.250702	2.8
1173	6793.187083	0.005748	0.000099	124.375067	5.1
1174	7059.704275	0.006108	0.000099	87.485957	2.8
1175	6660.604182	0.004758	0.000099	88.120687	2.7
1176	7206.331265	0.004395	0.000099	109.713751	2.7
1177	6891.772245	0.003760	0.000099	80.406052	3.0
1178	7145.343834	0.001837	0.000099	143.541614	2.9
1179	6938.013830	0.000803	0.000099	69.797861	2.9
1180	6636.763893	0.000000	0.000099	109.230888	2.8
1181	6857.742073	0.000000	0.000099	110.011888	3.0
1182	6693.192603	0.000000	0.000099	212.449286	2.9
1183	7028.298480	0.000000	0.000099	247.307110	2.9
1184	7161.532217	0.010979	0.000099	130.618354	3.8
1185	6877.266980	0.017087	0.000099	179.284194	3.6
1186	7130.914872	0.019092	0.000099	108.528601	4.9
1187	6698.696313	0.016707	0.000099	134.250415	4.9
1188	6710.607920	0.014505	0.000099	215.378353	4.7
1189	7118.257315	0.012756	0.000099	122.294099	4.1
1190	6746.862906	0.010948	0.000099	107.027490	3.8
1191	6997.345139	0.011708	0.000099	199.164827	3.8
1192	7176.247383	0.012161	0.000099	116.823763	3.8
1193	7063.331695	0.012778	0.000099	156.130470	3.2
1194	6708.733968	0.009991	0.000099	163.152817	3.0
1195	6767.799302	0.006750	0.000099	93.079930	3.0
1196	6972.915165	0.008098	0.000099	170.993145	3.1
1197	6991.382101	0.005723	0.000099	162.147706	3.1
1198	6855.027277	0.011143	0.000099	150.695360	3.1
1199	6655.574378	0.014123	0.000099	110.224330	3.1
1200	7121.466708	0.015440	0.000099	125.295762	3.1
1201	6830.394426	0.012908	0.000099	99.228904	3.2
1202	6761.441845	0.011206	0.000099	92.949336	3.2
1203	6724.991368	0.011045	0.000099	97.169810	3.4
1204	6703.645422	0.010699	0.000099	71.638358	3.3
1205	6854.763423	0.009639	0.000099	85.607917	3.3
1206	6625.690107	0.008434	0.000099	94.621597	3.5
1207	7113.432490	0.008081	0.000099	101.070090	3.5
1208	6755.546705	0.005835	0.000099	93.347098	3.5
1209	6627.366723	0.004162	0.000099	99.570304	3.3
1210	6610.233963	0.004128	0.000099	129.226221	3.2
1211	7249.717101	0.004483	0.000099	157.771375	3.2
1212	6565.925398	0.001188	0.000099	97.842735	3.0
1213	6917.260262	0.002501	0.000099	100.080813	3.2
1214	7115.931733	0.000684	0.000099	143.502749	3.1
1215	6892.869599	0.000425	0.000099	95.531114	3.0
1216	6536.387949	0.000000	0.000099	122.848096	3.0
1217	6970.487194	0.000000	0.000099	102.008295	3.0
1218	7297.492140	0.000000	0.000099	119.318144	3.0
1219	6835.341354	0.000000	0.000099	111.397895	2.9
1220	7284.230326	0.000000	0.000099	180.268919	2.9
1221	6688.973890	0.000000	0.000099	78.386668	3.1
1222	6699.990531	0.000000	0.000099	109.478490	4.9
1223	6742.297424	0.000000	0.000099	76.465660	4.9
1224	7066.331897	0.000000	0.000099	134.163640	3.8
1225	6654.196140	0.000000	0.000099	139.792889	4.0
1226	6790.420091	0.002165	0.000099	121.499415	5.1
1227	6975.767821	0.000000	0.000099	103.174681	4.6
1228	7124.654610	0.000114	0.000099	129.377931	4.2
1229	6756.673461	0.000000	0.000099	101.994184	4.4
1230	6951.046412	0.000919	0.000099	188.152404	4.3
1231	6529.564931	0.000000	0.000099	164.044018	4.7
1232	7218.314533	0.000000	0.000099	169.590629	4.8
1233	6565.868663	0.000000	0.000099	107.164811	3.8
1234	6889.018843	0.000000	0.000099	104.023124	5.0
1235	6987.413541	0.000000	0.000099	116.393622	5.0
1236	6855.913527	0.000000	0.000099	162.471177	4.3
1237	7078.275843	0.000000	0.000099	164.272370	4.8
1238	6885.608949	0.000000	0.000099	68.111586	4.8
1239	6610.150557	0.000000	0.000099	148.384432	4.2
1240	6674.693419	0.000000	0.000099	175.890565	4.1
1241	6865.307750	0.004199	0.000099	94.825439	4.7
1242	6867.608332	0.000582	0.000099	85.953349	4.2
1243	6973.651777	0.000000	0.000099	130.783366	5.1
1244	6541.075385	0.000000	0.000099	69.899850	4.9
1245	6877.191387	0.000000	0.000099	88.882124	4.9
1246	6978.681214	0.000000	0.000099	107.769287	3.9
1247	6852.123392	0.000000	0.000099	92.761726	3.9
1248	6612.351027	0.000000	0.000099	88.474268	4.8
1249	6614.429413	0.000000	0.000099	195.776451	4.0
1250	6572.018269	0.000000	0.000099	159.155839	3.7
1251	6589.532666	0.005168	0.000099	105.024128	4.0
1252	6914.788381	0.005850	0.000099	99.846373	4.0
1253	6625.715279	0.005001	0.000099	104.762115	3.5
1254	6829.325758	0.003057	0.000099	146.929396	3.3
1255	6888.974222	0.003465	0.000099	83.389224	3.4
1256	6921.710937	0.002591	0.000099	130.071463	5.0
1257	6563.366740	0.001054	0.000099	92.189088	4.6
1258	6813.681963	0.000459	0.000099	121.377331	3.7
1259	7024.492822	0.001212	0.000099	89.858684	3.8
1260	6897.660834	0.000000	0.000099	83.680838	3.7
1261	7021.187271	0.000000	0.000099	130.412496	3.1
1262	7080.947680	0.000000	0.000099	88.660729	3.0
1263	6995.439011	0.000000	0.000099	73.045668	3.1
1264	6752.364040	0.000000	0.000099	136.376903	3.0
1265	7053.319317	0.000000	0.000099	108.461699	2.9
1266	6729.313096	0.000000	0.000099	113.340110	2.9
1267	6453.125167	0.000000	0.000099	241.816671	2.9
1268	6857.770738	0.000065	0.000099	96.054612	2.8
1269	6726.498919	0.004783	0.000099	153.292888	2.8
1270	6668.161636	0.001950	0.000099	119.184309	2.8
1271	6687.792323	0.000000	0.000099	117.466435	2.8
1272	6695.219993	0.000000	0.000099	159.377365	2.8
1273	7007.042340	0.000000	0.000099	81.420495	2.7
1274	6846.001351	0.000000	0.000099	184.313103	2.7
1275	7144.698406	0.000000	0.000099	101.103265	5.7
1276	6919.830815	0.000000	0.000099	102.711535	3.1
1277	6919.208101	0.000000	0.000099	90.477641	5.0
1278	6870.800554	0.000000	0.000099	132.145084	4.6
1279	6732.736988	0.000000	0.000099	195.607743	4.4
1280	6997.554466	0.000000	0.000099	184.223568	4.6
1281	6394.146742	0.000000	0.000099	156.815805	4.0
1282	6796.659610	0.005877	0.000099	193.695871	3.5
1283	6894.788758	0.013721	0.000099	206.216681	3.4
1284	6965.585303	0.024475	0.000099	78.485620	3.5
1285	6562.744805	0.023410	0.000099	118.392487	3.5
1286	6971.741322	0.022352	0.000099	170.709683	3.7
1287	6706.200584	0.026467	0.000099	138.566853	3.1
1288	6394.272044	0.022000	0.000099	143.500989	3.4
1289	7087.563099	0.021934	0.000099	148.429352	3.7
1290	6692.051269	0.021732	0.000099	104.990324	3.0
1291	7118.071185	0.019056	0.000099	138.890067	3.4
1292	6565.897603	0.016290	0.000099	101.803339	2.9
1293	6783.916713	0.013058	0.000099	113.573986	3.3
1294	6900.138347	0.010722	0.000099	78.417982	3.3
1295	6697.197915	0.009004	0.000099	134.553118	3.3
1296	6890.129281	0.008249	0.000099	85.027873	3.1
1297	7289.207276	0.006713	0.000099	137.288449	3.0
1298	6738.067992	0.005933	0.000099	56.304651	3.1
1299	6770.157910	0.004661	0.000099	64.240773	3.1
1300	7123.158389	0.003806	0.000099	156.358143	4.9
1301	6857.566580	0.001867	0.000099	123.607208	5.1
1302	6520.999064	0.000000	0.000099	151.880753	5.4
1303	7015.530323	0.002397	0.000099	132.127986	4.9
1304	7099.491887	0.000000	0.000099	174.494949	4.0
1305	6724.467589	0.002581	0.000099	141.434605	4.1
1306	6877.100765	0.006404	0.000099	137.864822	2.5
1307	6665.770117	0.002795	0.000099	131.545058	2.4
1308	6919.061627	0.000000	0.000099	167.291713	2.5
1309	7061.025391	0.000000	0.000099	142.057096	2.4
1310	6639.289889	0.000000	0.000099	143.574574	2.4
1311	6850.872443	0.000000	0.000099	134.001947	2.4
1312	6646.065202	0.001747	0.000099	104.931052	2.4
1313	6890.844191	0.000339	0.000099	134.939405	2.5
1314	6979.930729	0.000000	0.000099	269.932985	2.5
1315	6973.405949	0.000000	0.000099	101.195540	2.5
1316	6729.922805	0.000000	0.000099	91.577501	2.6
1317	6483.436158	0.000000	0.000099	150.781080	2.5
1318	6851.961275	0.001399	0.000099	100.892776	2.5
1319	6596.979373	0.000000	0.000099	159.239498	2.5
1320	6769.760128	0.000000	0.000099	92.841887	2.6
1321	7083.043478	0.001448	0.000099	143.428931	4.9
1322	6946.732630	0.000723	0.000099	109.984415	4.8
1323	6954.205220	0.002195	0.000099	168.707450	4.6
1324	6689.924537	0.003523	0.000099	131.020276	3.4
1325	6809.840235	0.000000	0.000099	197.771919	3.4
1326	6425.521394	0.000000	0.000099	130.445672	3.4
1327	6560.111966	0.000000	0.000099	182.348698	3.7
1328	6949.343450	0.000000	0.000099	101.242241	5.0
1329	6859.108483	0.000000	0.000099	112.847492	4.7
1330	6528.828734	0.000000	0.000099	109.505655	4.6
1331	6887.512400	0.000000	0.000099	82.243805	3.7
1332	7302.310777	0.000000	0.000099	113.834009	3.6
1333	6728.902214	0.000000	0.000099	135.715769	3.7
1334	6738.288747	0.000000	0.000099	93.456155	4.8
1335	6874.978520	0.000000	0.000099	133.611506	4.9
1336	6986.442342	0.000759	0.000099	241.888611	4.9
1337	6533.235203	0.000000	0.000099	76.683814	4.7
1338	6801.567555	0.000000	0.000099	106.103548	3.8
1339	6910.895161	0.000000	0.000099	103.649750	4.0
1340	6739.934500	0.000000	0.000099	87.168265	5.1
1341	6788.929359	0.000000	0.000099	145.795350	5.5
1342	6921.235386	0.000000	0.000099	99.088149	5.5
1343	6607.024576	0.000865	0.000099	175.480896	5.1
1344	6780.365533	0.000000	0.000099	124.353414	5.3
1345	6771.209849	0.001215	0.000099	93.154825	5.6
1346	6801.491516	0.001801	0.000099	107.894864	5.2
1347	7117.587843	0.001718	0.000099	186.981399	5.0
1348	6729.406032	0.000000	0.000099	176.105368	4.7
1349	6959.049119	0.008095	0.000099	186.859400	4.7
1350	6790.372566	0.017750	0.000099	76.796899	4.0
1351	6833.961261	0.017355	0.000099	86.408584	3.7
1352	6902.132975	0.016669	0.000099	78.084424	3.6
1353	6747.726358	0.015537	0.000099	117.111150	3.3
1354	6660.623798	0.014448	0.000099	214.521422	3.2
1355	6880.475520	0.016496	0.000099	91.256810	3.3
1356	6817.555598	0.016541	0.000099	127.930761	3.1
1357	7052.885585	0.014829	0.000099	92.730960	3.2
1358	7174.624547	0.012196	0.000099	140.646495	4.8
1359	6901.843394	0.011543	0.000099	127.278040	5.1
1360	6929.196390	0.013518	0.000099	102.718213	5.1
1361	6647.345617	0.014007	0.000099	179.398836	4.2
1362	7009.325002	0.015444	0.000099	102.103031	4.9
1363	6590.794259	0.012076	0.000099	148.083620	4.8
1364	6734.806165	0.011707	0.000099	134.497777	4.8
1365	6798.301685	0.015384	0.000099	122.279136	3.8
1366	7086.010153	0.011795	0.000099	108.887803	3.7
1367	6895.342715	0.010504	0.000099	98.033753	3.7
1368	6555.620618	0.010880	0.000099	162.457132	4.5
1369	6921.315396	0.011816	0.000099	102.365965	3.5
1370	7079.638428	0.012439	0.000099	71.496544	3.5
1371	6922.357047	0.011258	0.000099	104.402016	3.6
1372	6534.659097	0.009905	0.000099	92.672753	3.5
1373	6997.929153	0.008265	0.000099	219.280812	3.0
1374	7134.936034	0.009371	0.000099	137.004939	3.0
1375	7033.416470	0.015384	0.000099	81.610460	2.9
1376	6999.855626	0.013672	0.000099	154.355524	2.8
1377	6840.854973	0.011878	0.000099	116.000234	2.8
1378	6830.848605	0.009234	0.000099	105.969879	2.8
1379	6915.174176	0.009178	0.000099	94.721126	2.8
1380	6588.528821	0.006805	0.000099	82.961758	2.7
1381	6969.915396	0.006425	0.000099	107.996709	2.8
1382	7138.520245	0.006573	0.000099	183.357513	2.7
1383	6686.660283	0.005115	0.000099	94.697728	2.8
1384	7195.482834	0.002795	0.000099	85.310897	2.9
1385	6517.980344	0.000778	0.000099	133.874779	4.3
1386	6993.802408	0.000637	0.000099	104.100346	4.8
1387	7060.125850	0.000767	0.000099	73.996783	4.9
1388	6574.969183	0.000000	0.000099	148.283924	2.8
1389	6666.758138	0.000000	0.000099	115.052868	2.5
1390	6557.756025	0.002064	0.000099	93.187496	2.5
1391	6763.038853	0.002359	0.000099	121.046157	2.5
1392	6704.794566	0.001890	0.000099	111.260653	3.3
1393	7173.810604	0.001884	0.000099	118.568133	2.4
1394	7298.053530	0.000000	0.000099	105.588144	2.4
1395	6821.147554	0.000000	0.000099	125.038889	2.4
1396	6746.638367	0.001003	0.000099	158.091351	2.7
1397	6576.735800	0.004314	0.000099	64.574872	2.6
1398	6786.655091	0.002303	0.000099	90.183950	2.6
1399	6874.066120	0.000964	0.000099	157.198739	2.6
1400	6634.506514	0.000000	0.000099	120.480635	4.1
1401	6906.143093	0.000755	0.000099	144.321697	2.7
1402	6591.841100	0.000000	0.000099	175.017282	2.6
1403	6520.937186	0.005849	0.000099	121.438455	2.7
1404	6717.077143	0.010706	0.000099	57.240039	2.9
1405	6706.887968	0.009967	0.000099	71.797154	2.8
1406	6803.969789	0.008955	0.000099	109.447382	2.8
1407	6762.988186	0.007124	0.000099	101.896647	2.7
1408	7073.804411	0.004760	0.000099	80.511155	2.8
1409	6771.738645	0.004422	0.000099	107.207677	2.8
1410	6847.391541	0.002814	0.000099	84.613452	2.8
1411	6782.782170	0.000531	0.000099	72.381665	2.7
1412	6982.248549	0.000000	0.000099	72.562966	3.3
1413	6849.335822	0.000000	0.000099	105.827623	2.8
1414	6905.054498	0.000000	0.000099	77.258878	2.7
1415	6607.074707	0.000000	0.000099	135.518997	2.8
1416	6650.110096	0.000000	0.000099	176.246634	2.9
1417	6981.910009	0.000000	0.000099	105.396180	3.0
1418	6970.894113	0.001128	0.000099	141.827580	3.3
1419	6632.870518	0.000000	0.000099	180.201613	3.1
1420	6945.672156	0.000000	0.000099	74.560669	3.2
1421	6637.931429	0.000000	0.000099	80.119895	3.7
1422	6827.629362	0.000000	0.000099	101.305171	4.9
1423	6788.536327	0.000000	0.000099	66.614148	4.2
1424	6876.486469	0.000000	0.000099	150.953815	3.7
1425	6665.071612	0.000000	0.000099	127.469245	3.9
1426	6944.657671	0.002320	0.000099	107.038103	3.8
1427	6758.126071	0.000080	0.000099	71.300285	3.8
1428	6888.357089	0.000000	0.000099	149.418745	3.1
1429	7226.686915	0.000000	0.000099	106.720315	3.0
1430	6872.799946	0.000000	0.000099	85.910798	3.0
1431	6982.345202	0.000000	0.000099	104.969580	3.0
1432	6573.762722	0.000000	0.000099	69.036669	3.0
1433	7001.319221	0.000000	0.000099	104.903106	3.0
1434	6939.547062	0.000000	0.000099	116.064230	3.0
1435	6404.947182	0.000000	0.000099	59.595386	3.0
1436	6986.868020	0.000000	0.000099	157.489652	3.0
1437	6634.439232	0.000000	0.000099	177.050805	3.0
1438	6686.340735	0.000790	0.000099	118.592304	2.9
1439	6941.094968	0.000000	0.000099	125.821133	3.0
1440	6947.208768	0.000698	0.000099	116.466672	3.0
1441	6844.881714	0.000686	0.000099	111.067410	3.1
1442	7093.356483	0.001756	0.000099	124.052555	3.2
1443	6835.953987	0.001262	0.000099	159.870064	3.1
1444	6760.971570	0.002481	0.000099	121.924347	3.3
1445	6857.936183	0.001858	0.000099	92.994784	5.6
1446	6659.282686	0.000000	0.000099	109.844198	3.6
1447	6767.242353	0.000000	0.000099	116.444840	3.7
1448	7127.654917	0.000000	0.000099	151.895773	3.7
1449	6573.073069	0.000779	0.000099	124.924889	3.6
1450	6956.127328	0.000000	0.000099	114.097248	3.4
1451	6806.090667	0.000667	0.000099	76.372247	3.5
1452	7001.126639	0.000000	0.000099	91.017667	3.2
1453	6905.985525	0.000000	0.000099	102.139387	3.2
1454	6492.764659	0.000007	0.000099	101.069418	3.2
1455	6774.250477	0.000000	0.000099	111.666898	3.1
1456	6956.425401	0.000312	0.000099	149.223642	3.0
1457	6814.734204	0.000000	0.000099	105.331955	2.9
1458	6581.864037	0.001128	0.000099	126.214918	2.9
1459	6651.290909	0.001448	0.000099	95.961757	7.3
1460	6640.534612	0.000000	0.000099	61.776414	5.1
1461	6715.438105	0.000000	0.000099	172.266494	4.7
1462	6725.641634	0.000842	0.000099	75.426180	4.3
1463	6760.400027	0.000086	0.000099	127.014058	3.8
1464	6651.268854	0.000000	0.000099	127.174586	3.6
1465	6902.860363	0.000000	0.000099	86.019160	3.7
1466	6961.785756	0.000000	0.000099	202.761806	3.6
1467	6802.889884	0.000000	0.000099	69.252280	5.2
1468	6936.908780	0.000000	0.000099	90.420566	3.5
1469	6981.407090	0.000000	0.000099	130.814335	3.9
1470	7261.509747	0.000000	0.000099	166.790103	3.2
1471	6840.820844	0.000118	0.000099	92.359869	3.1
1472	6883.044828	0.000000	0.000099	76.983782	3.8
1473	6553.621005	0.000000	0.000099	121.520360	3.3
1474	6936.898135	0.000518	0.000099	81.865539	3.4
1475	7045.417346	0.000000	0.000099	171.983414	3.5
1476	6629.705131	0.000000	0.000099	102.356685	4.9
1477	6647.912395	0.003560	0.000099	82.757347	4.4
1478	6863.599680	0.003200	0.000099	77.954985	4.3
1479	6964.348572	0.001488	0.000099	146.491020	4.3
1480	7014.011752	0.000000	0.000099	75.433359	5.0
1481	7006.868442	0.000152	0.000099	143.957956	5.0
1482	6912.506276	0.000121	0.000099	76.430138	4.5
1483	7116.023315	0.000333	0.000099	126.497100	4.0
1484	6649.590209	0.000000	0.000099	91.359849	4.8
1485	6608.476423	0.000000	0.000099	152.828721	5.0
1486	6655.249413	0.000188	0.000099	117.853386	4.8
1487	6481.098970	0.004060	0.000099	87.047084	3.9
1488	6795.259094	0.001552	0.000099	106.017952	3.8
1489	6482.534340	0.000000	0.000099	144.164892	3.3
1490	6844.014190	0.000000	0.000099	99.775149	3.1
1491	6653.439292	0.000000	0.000099	152.379762	3.1
1492	6713.289803	0.000000	0.000099	98.569754	3.0
1493	7098.849250	0.000000	0.000099	195.449490	3.0
1494	6795.402373	0.000700	0.000099	204.988438	2.9
1495	6550.723319	0.000000	0.000099	256.441444	3.1
1496	6361.690966	0.007493	0.000099	60.205640	4.9
1497	6768.691051	0.005974	0.000099	101.480661	2.9
1498	6831.589324	0.005697	0.000099	138.821359	3.1
1499	6478.905385	0.004289	0.000099	112.930933	3.5
1500	6844.197446	0.002202	0.000099	71.059262	4.9
1501	7059.152222	0.002711	0.000099	129.481363	4.9
1502	6787.755126	0.002294	0.000099	134.056180	4.9
1503	6729.392259	0.000000	0.000099	127.980828	4.9
1504	6655.258348	0.002648	0.000099	125.041681	4.9
1505	6631.123300	0.005080	0.000099	88.117731	3.7
1506	6910.404455	0.002691	0.000099	161.973767	3.8
1507	6186.577721	0.000872	0.000099	81.204083	4.8
1508	6939.033754	0.002900	0.000099	130.112051	3.6
1509	7243.799490	0.000357	0.000099	108.705589	3.8
1510	6494.067899	0.000611	0.000099	75.352006	3.7
1511	6680.878676	0.000000	0.000099	124.994374	3.5
1512	6648.183620	0.000359	0.000099	105.754244	3.6
1513	7107.012235	0.000000	0.000099	95.939979	3.0
1514	6863.329675	0.000314	0.000099	87.189068	3.0
1515	6691.555252	0.000000	0.000099	79.792147	3.1
1516	6358.764464	0.000000	0.000099	107.820896	3.2
1517	6715.427608	0.000000	0.000099	93.990688	5.0
1518	6550.542703	0.000000	0.000099	111.259864	2.7
1519	6911.707037	0.000000	0.000099	147.918038	3.4
1520	7016.428263	0.000350	0.000099	133.603291	3.5
1521	6861.801492	0.000000	0.000099	112.818933	3.1
1522	6571.250105	0.000000	0.000099	73.948229	2.7
1523	6993.475352	0.000000	0.000099	79.817301	2.6
1524	6680.449099	0.000000	0.000099	131.282171	3.6
1525	6832.166791	0.000000	0.000099	126.607522	2.7
1526	6499.953349	0.000000	0.000099	100.572260	3.1
1527	6809.031190	0.000000	0.000099	179.613092	2.9
1528	6513.104771	0.003289	0.000099	176.101321	6.2
1529	6727.151064	0.000000	0.000099	98.416598	4.8
1530	6564.224021	0.000000	0.000099	116.618098	4.9
1531	7037.908828	0.000000	0.000099	84.615255	2.8
1532	6458.210926	0.000000	0.000099	77.633989	2.7
1533	6966.938717	0.000000	0.000099	105.760809	2.8
1534	6448.860747	0.000133	0.000099	120.706566	3.1
1535	6558.875752	0.000203	0.000099	73.227740	3.1
1536	6637.288912	0.000000	0.000099	91.064582	3.0
1537	6604.350135	0.000000	0.000099	87.372132	2.6
1538	6907.527159	0.000125	0.000099	182.867801	2.5
1539	7080.068893	0.000000	0.000099	68.232094	2.5
1540	6899.945543	0.000000	0.000099	112.930330	2.6
1541	6914.289878	0.000000	0.000099	117.231412	2.6
1542	6345.697941	0.000019	0.000099	171.258219	2.6
1543	6671.925771	0.001902	0.000099	131.401706	2.5
1544	6543.553123	0.000000	0.000099	84.045971	2.7
1545	6695.573008	0.000000	0.000099	78.485242	2.7
1546	6803.038730	0.000000	0.000099	101.939984	2.7
1547	6885.818367	0.000000	0.000099	99.914010	2.8
1548	6752.971347	0.000000	0.000099	142.843501	2.9
1549	6668.119993	0.000023	0.000099	138.947458	2.9
1550	6655.166131	0.000000	0.000099	136.983335	2.9
1551	6894.334645	0.003278	0.000099	162.061693	3.0
1552	6439.155356	0.001197	0.000099	174.742660	2.8
1553	6616.235148	0.006540	0.000099	53.434897	2.8
1554	6592.350820	0.006433	0.000099	152.086957	2.9
1555	6728.586594	0.006066	0.000099	76.613664	2.9
1556	6753.521241	0.005030	0.000099	179.659014	2.9
1557	6986.284762	0.003456	0.000099	103.687801	3.0
1558	6898.287192	0.003494	0.000099	79.208941	3.2
1559	6806.583432	0.003017	0.000099	85.556559	3.2
1560	6401.014595	0.002302	0.000099	75.504735	3.4
1561	6650.911750	0.000711	0.000099	101.286970	5.0
1562	6609.075767	0.000000	0.000099	129.154346	4.9
1563	6886.563015	0.000000	0.000099	78.182026	4.8
1564	6809.394150	0.000000	0.000099	112.845456	4.9
1565	7114.868478	0.000679	0.000099	94.208414	5.0
1566	6559.272802	0.001298	0.000099	194.943136	5.4
1567	6572.371707	0.004563	0.000099	97.346462	4.6
1568	6684.520256	0.005624	0.000099	71.227241	5.1
1569	6606.551107	0.005574	0.000099	73.217947	4.8
1570	7070.454185	0.004504	0.000099	109.180745	4.6
1571	6795.279592	0.003092	0.000099	173.733554	4.4
1572	6479.692445	0.005510	0.000099	110.447790	6.9
1573	6924.405670	0.006212	0.000099	100.901109	4.6
1574	6646.121809	0.007830	0.000099	108.587748	5.0
1575	6903.106303	0.008451	0.000099	104.522240	4.4
1576	6729.439726	0.010472	0.000099	211.731012	3.7
1577	6467.063191	0.008028	0.000099	81.295146	3.7
1578	6734.783316	0.009369	0.000099	109.369908	3.0
1579	6958.366800	0.009495	0.000099	110.553487	3.1
1580	6984.589225	0.007498	0.000099	152.922249	3.4
1581	6594.113825	0.005700	0.000099	64.289812	2.8
1582	6492.181237	0.004878	0.000099	139.825555	2.8
1583	6593.535443	0.003693	0.000099	74.843177	4.3
1584	6623.471015	0.004347	0.000099	110.254668	4.7
1585	6371.485385	0.003931	0.000099	110.453853	4.6
1586	6892.529871	0.001407	0.000099	64.111565	4.8
1587	6493.812903	0.001474	0.000099	96.973181	4.7
1588	6775.003899	0.001717	0.000099	85.849932	4.1
1589	6948.534142	0.000000	0.000099	180.595280	3.8
1590	6371.888809	0.000000	0.000099	61.538298	3.8
1591	6584.382562	0.000000	0.000099	114.718779	3.4
1592	6511.986036	0.000377	0.000099	110.982138	3.3
1593	6893.804373	0.001461	0.000099	120.251348	3.2
1594	6760.324633	0.001227	0.000099	103.636176	3.1
1595	6647.742676	0.000000	0.000099	122.658642	3.1
1596	6662.248937	0.001209	0.000099	96.307120	3.0
1597	6679.696672	0.000024	0.000099	75.619876	2.9
1598	6567.761711	0.000000	0.000099	92.712110	2.9
1599	6665.457669	0.000000	0.000099	81.887804	3.0
1600	7018.917781	0.000509	0.000099	99.249354	3.0
1601	6630.709284	0.000142	0.000099	158.979255	3.1
1602	6862.958843	0.000000	0.000099	86.452145	3.1
1603	6638.532511	0.001528	0.000099	90.708418	3.2
1604	6713.714266	0.000000	0.000099	190.000816	3.3
1605	6470.547772	0.000944	0.000099	108.658141	3.2
1606	6722.934723	0.001821	0.000099	102.924775	3.2
1607	6913.916403	0.001363	0.000099	108.579211	3.1
1608	6847.971367	0.000958	0.000099	137.951703	3.1
1609	6273.057889	0.002797	0.000099	81.562648	3.0
1610	6419.575629	0.000876	0.000099	94.420379	3.1
1611	6773.807560	0.000936	0.000099	86.690070	3.1
1612	6390.651663	0.000000	0.000099	128.734328	3.1
1613	6922.647015	0.000000	0.000099	124.417430	3.2
1614	6711.564249	0.002376	0.000099	141.047031	3.6
1615	6772.925311	0.000000	0.000099	60.108087	3.3
1616	6576.375868	0.000000	0.000099	64.691021	2.9
1617	6647.299602	0.000000	0.000099	57.632040	2.8
1618	6673.017333	0.000000	0.000099	58.872523	3.0
1619	6739.706394	0.000000	0.000099	101.230722	3.6
1620	6706.652196	0.000000	0.000099	118.905734	3.7
1621	6721.867250	0.000000	0.000099	108.190372	3.7
1622	7462.269553	0.000000	0.000099	94.211277	2.6
1623	6639.863742	0.000000	0.000099	176.896352	2.5
1624	6799.369625	0.000000	0.000099	87.992112	2.4
1625	6718.764084	0.001804	0.000099	180.167531	2.4
1626	6268.684157	0.000000	0.000099	79.165347	3.0
1627	6338.313141	0.000000	0.000099	166.295979	3.0
1628	6749.583552	0.000921	0.000099	77.518316	3.0
1629	6518.758370	0.000213	0.000099	79.901469	3.6
1630	6788.196767	0.000343	0.000099	104.337241	2.4
1631	6748.236128	0.000000	0.000099	212.288446	2.3
1632	7117.887292	0.000000	0.000099	102.777932	2.4
1633	6355.139026	0.000346	0.000099	107.717969	2.3
1634	6908.504719	0.000000	0.000099	75.938051	2.6
1635	6634.830780	0.000018	0.000099	58.399563	3.1
1636	6972.277830	0.000000	0.000099	85.442889	3.2
1637	6693.302794	0.000000	0.000099	92.116437	3.0
1638	6639.427491	0.000000	0.000099	95.680229	3.2
1639	6613.431572	0.001383	0.000099	121.982062	2.4
1640	6155.378741	0.002118	0.000099	60.080773	2.4
1641	6880.224613	0.000993	0.000099	102.582674	2.4
1642	6928.429002	0.000929	0.000099	62.309752	2.5
1643	7012.828560	0.000000	0.000099	127.414078	2.2
1644	6707.124790	0.000000	0.000099	82.284804	2.3
1645	7015.300574	0.000000	0.000099	124.122155	2.3
1646	6762.560998	0.001032	0.000099	74.599984	2.3
1647	6737.570419	0.001079	0.000099	66.960867	7.3
1648	6566.145300	0.000480	0.000099	158.013296	4.7
1649	6576.985562	0.000000	0.000099	118.152026	4.4
1650	6506.312025	0.001767	0.000099	145.848012	4.3
1651	7089.083328	0.000000	0.000099	104.657799	4.1
1652	7113.282660	0.000000	0.000099	107.665698	2.6
1653	6556.779767	0.000151	0.000099	79.245473	2.9
1654	7123.237194	0.000000	0.000099	73.931502	2.6
1655	6696.265996	0.000000	0.000099	58.933243	2.5
1656	6925.240770	0.000000	0.000099	85.425814	2.8
1657	6779.739220	0.000000	0.000099	89.270009	2.8
1658	6725.658361	0.000000	0.000099	87.418802	2.8
1659	6599.916758	0.000530	0.000099	78.788851	2.9
1660	6497.170439	0.000601	0.000099	126.295910	2.9
1661	6946.247556	0.000000	0.000099	273.897672	2.9
1662	6919.327450	0.009941	0.000099	115.878225	2.9
1663	7019.668815	0.013025	0.000099	105.987757	3.0
1664	6729.985081	0.014262	0.000099	85.257639	3.1
1665	6665.800230	0.012327	0.000099	117.778593	3.1
1666	6364.868607	0.010921	0.000099	131.511060	2.9
1667	6784.199764	0.014574	0.000099	137.958231	3.0
1668	6905.097100	0.013940	0.000099	103.805898	2.9
1669	6779.557905	0.012123	0.000099	129.133485	3.0
1670	6631.399702	0.012011	0.000099	67.914695	3.1
1671	6766.987582	0.012171	0.000099	164.605918	3.1
1672	6523.083639	0.010096	0.000099	80.284792	3.2
1673	6676.693134	0.007914	0.000099	145.274396	3.3
1674	6550.611925	0.009588	0.000099	139.760259	3.2
1675	6970.764184	0.005505	0.000099	127.572750	3.3
1676	6639.136720	0.008802	0.000099	71.115019	3.5
1677	6934.504810	0.008793	0.000099	204.473038	3.6
1678	6732.330374	0.006837	0.000099	105.328729	3.7
1679	6366.303111	0.011572	0.000099	119.749947	3.8
1680	6660.136021	0.012045	0.000099	172.234521	3.8
1681	6604.453600	0.011164	0.000099	97.130263	3.5
1682	6625.751242	0.010791	0.000099	119.926356	3.5
1683	6476.287954	0.010707	0.000099	92.294338	3.4
1684	6722.489696	0.011417	0.000099	99.614853	2.7
1685	6966.958941	0.011025	0.000099	114.449967	2.9
1686	6260.719631	0.009919	0.000099	196.963031	2.8
1687	6870.540380	0.007835	0.000099	106.966713	4.6
1688	6552.021523	0.003383	0.000099	148.643566	4.7
1689	6989.044317	0.005545	0.000099	96.293487	4.7
1690	6527.936672	0.006825	0.000099	44.492011	4.1
1691	6863.577357	0.006705	0.000099	66.521622	4.2
1692	6811.139468	0.006019	0.000099	57.958878	4.8
1693	6753.671352	0.005548	0.000099	158.570534	4.5
1694	6911.304104	0.004145	0.000099	94.339191	3.3
1695	7022.626552	0.004649	0.000099	94.192198	3.6
1696	6481.908967	0.002940	0.000099	79.790166	3.2
1697	6889.850263	0.002916	0.000099	77.033099	3.2
1698	6576.927937	0.002858	0.000099	40.037479	3.2
1699	6583.143223	0.002127	0.000099	132.162683	3.1
1700	6481.688551	0.001304	0.000099	168.242497	3.0
1701	6636.850416	0.006906	0.000099	94.590695	3.0
1702	6476.991454	0.005180	0.000099	103.981938	3.0
1703	6478.441337	0.003940	0.000099	101.910342	3.2
1704	6813.406287	0.003101	0.000099	85.527314	3.2
1705	6734.799362	0.002107	0.000099	121.347885	3.3
1706	6856.725178	0.000000	0.000099	82.236722	3.4
1707	6651.675441	0.000000	0.000099	120.359717	5.2
1708	6494.280937	0.000000	0.000099	133.887149	3.9
1709	6750.042285	0.000000	0.000099	89.269297	4.9
1710	6845.090060	0.000934	0.000099	173.563205	3.7
1711	6640.808212	0.000000	0.000099	137.117207	4.2
1712	6897.778930	0.006953	0.000099	100.164198	4.6
1713	6934.887911	0.008674	0.000099	126.695846	4.6
1714	6629.896037	0.005535	0.000099	104.843833	4.3
1715	6523.409254	0.002980	0.000099	57.059868	4.7
1716	6097.434060	0.002541	0.000099	198.782831	4.7
1717	6395.351735	0.001478	0.000099	60.482937	4.6
1718	6529.413661	0.000000	0.000099	96.992441	3.8
1719	7029.819057	0.000000	0.000099	126.798276	3.6
1720	6780.326497	0.001553	0.000099	177.225835	3.6
1721	6451.293410	0.000000	0.000099	64.796276	3.7
1722	6773.457296	0.000000	0.000099	168.020322	3.5
1723	6765.494040	0.001606	0.000099	103.828584	3.9
1724	6756.496950	0.000000	0.000099	117.377332	4.0
1725	6624.741335	0.002091	0.000099	57.169350	3.9
1726	6863.059962	0.001967	0.000099	79.030529	3.2
1727	6730.781007	0.001334	0.000099	85.970228	6.5
1728	6919.393349	0.000899	0.000099	94.594230	3.0
1729	6611.760862	0.000905	0.000099	153.675196	3.0
1730	6765.087346	0.000022	0.000099	127.382539	3.1
1731	6537.518976	0.000000	0.000099	78.328553	3.8
1732	6760.718646	0.000000	0.000099	113.916672	3.1
1733	6917.313388	0.000000	0.000099	65.597991	3.0
1734	6563.335165	0.000000	0.000099	132.324109	2.8
1735	6810.164230	0.000656	0.000099	60.929203	2.8
1736	6740.744198	0.000000	0.000099	93.301642	2.8
1737	6513.285848	0.000000	0.000099	89.755871	2.8
1738	6423.253480	0.000000	0.000099	98.198531	2.9
1739	6952.054712	0.000000	0.000099	53.707427	2.8
1740	6649.126538	0.000000	0.000099	92.761707	2.7
1741	6732.185154	0.000000	0.000099	156.435300	2.9
1742	6316.968488	0.000000	0.000099	71.111665	4.9
1743	6663.359602	0.000158	0.000099	156.279415	3.7
1744	6665.740423	0.000000	0.000099	62.819745	4.8
1745	6939.783880	0.000000	0.000099	128.393763	4.5
1746	7088.579094	0.000000	0.000099	126.766133	2.3
1747	6793.418040	0.000000	0.000099	109.662682	2.3
1748	6870.703995	0.000561	0.000099	90.278101	4.7
1749	6702.693849	0.000000	0.000099	65.900667	4.8
1750	6287.854093	0.000000	0.000099	88.744363	3.1
1751	6902.210053	0.000000	0.000099	97.851976	4.4
1752	6664.802010	0.000691	0.000099	129.897072	4.4
1753	6590.830229	0.000000	0.000099	67.101096	4.4
1754	6570.811255	0.000610	0.000099	158.372653	2.9
1755	6730.807371	0.001356	0.000099	89.013439	6.0
1756	6970.302822	0.003362	0.000099	112.522321	4.8
1757	6616.489658	0.002536	0.000099	49.126825	4.7
1758	6629.820089	0.002037	0.000099	94.772961	4.6
1759	6473.915737	0.000918	0.000099	47.683193	4.7
1760	6643.637244	0.000166	0.000099	102.031522	3.9
1761	6944.400444	0.000000	0.000099	103.980364	3.6
1762	6617.894765	0.001242	0.000099	111.047476	3.7
1763	6752.150343	0.002134	0.000099	65.308195	3.3
1764	6957.537368	0.001564	0.000099	135.662706	3.2
1765	6642.407655	0.001595	0.000099	94.285327	3.2
1766	6816.958391	0.001267	0.000099	102.975592	3.0
1767	6629.749567	0.000691	0.000099	63.369959	3.0
1768	6975.019496	0.000059	0.000099	130.151948	3.0
1769	6413.562821	0.000671	0.000099	67.867464	3.0
1770	6910.619609	0.000000	0.000099	122.629724	3.0
1771	6748.726327	0.000000	0.000099	122.648042	3.0
1772	6697.891056	0.000000	0.000099	82.576746	3.1
1773	6380.018024	0.000000	0.000099	97.341513	2.9
1774	7058.308846	0.000000	0.000099	105.053344	2.9
1775	6415.129002	0.000000	0.000099	80.364804	2.9
1776	6860.255564	0.000706	0.000099	198.802877	2.9
1777	6656.186888	0.000949	0.000099	134.444038	2.8
1778	6737.692761	0.000000	0.000099	81.267020	2.9
1779	6614.509457	0.000765	0.000099	131.231464	2.8
1780	6622.370484	0.000555	0.000099	98.240960	2.9
1781	6296.201589	0.001063	0.000099	135.877445	2.9
1782	6513.132643	0.000000	0.000099	73.170610	2.9
1783	6651.256376	0.000000	0.000099	125.055050	3.1
1784	6337.539788	0.000000	0.000099	78.760526	3.1
1785	6525.712008	0.000797	0.000099	73.390490	3.1
1786	6341.887450	0.000000	0.000099	75.154372	3.1
1787	6630.910149	0.000000	0.000099	97.684229	3.1
1788	6834.527230	0.000000	0.000099	166.749898	3.1
1789	6846.863341	0.002181	0.000099	101.244411	3.2
1790	6690.921064	0.000000	0.000099	107.813043	3.1
1791	7083.824390	0.000842	0.000099	90.969783	3.2
1792	6624.699588	0.000128	0.000099	129.231227	3.2
1793	6912.093137	0.001705	0.000099	127.566331	3.2
1794	6287.970163	0.002931	0.000099	32.165133	3.1
1795	6450.299821	0.002540	0.000099	114.270950	3.0
1796	6524.853498	0.002437	0.000099	60.600158	2.8
1797	6695.729887	0.002400	0.000099	66.517651	3.0
1798	6783.049071	0.001876	0.000099	177.703152	2.7
1799	6301.090859	0.002583	0.000099	91.901497	3.0
1800	7063.918354	0.000000	0.000099	122.855646	4.8
1801	6751.733766	0.000000	0.000099	112.474130	4.7
1802	7058.790283	0.001543	0.000099	88.989155	3.6
1803	6360.079820	0.002369	0.000099	59.503128	3.5
1804	7160.931284	0.002309	0.000099	109.152932	3.9
1805	6600.229096	0.002140	0.000099	118.415960	5.6
1806	6816.317271	0.000000	0.000099	138.052317	4.2
1807	6706.822033	0.001177	0.000099	90.395417	3.7
1808	6990.013791	0.000000	0.000099	53.414380	3.9
1809	6773.678187	0.000000	0.000099	65.038367	5.0
1810	6544.370874	0.000000	0.000099	76.158121	5.1
1811	6773.838118	0.000000	0.000099	158.524774	4.9
1812	6454.992921	0.000788	0.000099	131.666008	4.7
1813	6417.290458	0.001370	0.000099	89.244827	3.6
1814	6822.961845	0.000000	0.000099	93.352343	3.6
1815	6673.768956	0.000000	0.000099	84.331193	3.6
1816	6876.339632	0.000000	0.000099	99.930837	3.2
1817	6561.419474	0.000438	0.000099	112.180611	4.8
1818	6607.237244	0.000000	0.000099	111.175878	4.5
1819	6822.246545	0.000000	0.000099	109.752020	4.3
1820	6991.100994	0.001113	0.000099	87.280894	4.0
1821	6544.555356	0.000000	0.000099	121.150486	3.3
1822	6585.481917	0.000000	0.000099	60.558012	3.3
1823	6486.544090	0.000000	0.000099	69.141862	3.3
1824	6435.697344	0.000000	0.000099	184.725742	3.3
1825	6815.084070	0.000000	0.000099	101.011995	3.3
1826	7134.056868	0.003204	0.000099	173.449199	3.3
1827	6510.666980	0.006250	0.000099	90.194170	3.3
1828	6308.087630	0.008890	0.000099	108.997871	3.1
1829	6405.021521	0.007402	0.000099	126.029440	3.2
1830	6767.026322	0.004789	0.000099	158.595991	3.2
1831	6711.132312	0.004951	0.000099	97.220366	3.0
1832	6702.666177	0.006279	0.000099	49.931214	3.0
1833	6716.713277	0.006016	0.000099	78.357959	2.9
1834	6733.092189	0.005080	0.000099	83.346213	3.0
1835	6702.675776	0.005224	0.000099	92.694075	3.0
1836	6787.507461	0.004723	0.000099	116.507139	2.9
1837	6772.882892	0.002463	0.000099	239.467125	2.9
1838	6742.442850	0.002874	0.000099	71.470870	3.0
1839	6793.663929	0.006606	0.000099	72.421875	2.9
1840	6909.005141	0.006386	0.000099	176.240121	3.1
1841	7068.903231	0.006997	0.000099	164.886522	3.1
1842	6967.356311	0.001221	0.000099	97.115101	3.1
1843	6679.279948	0.001234	0.000099	108.944751	3.3
1844	6681.872933	0.001003	0.000099	82.328139	3.2
1845	6700.313265	0.001016	0.000099	133.202221	3.2
1846	6398.652224	0.000067	0.000099	66.968946	3.1
1847	6275.826116	0.000123	0.000099	79.725369	3.1
1848	6779.778043	0.000000	0.000099	105.363136	3.2
1849	6763.877458	0.000000	0.000099	114.651957	4.7
1850	6603.948335	0.000248	0.000099	98.486029	3.5
1851	6744.909699	0.000000	0.000099	70.038960	3.4
1852	6433.754762	0.000405	0.000099	84.275592	3.5
1853	6664.641329	0.000505	0.000099	148.335225	4.9
1854	6760.093515	0.000000	0.000099	103.801128	5.0
1855	6467.368690	0.000000	0.000099	100.807716	4.0
1856	6856.428974	0.001672	0.000099	69.645995	4.6
1857	6680.704416	0.001038	0.000099	162.843621	5.1
1858	6677.524498	0.002410	0.000099	97.261579	4.3
1859	6568.005386	0.000666	0.000099	67.695046	4.9
1860	6468.548260	0.000000	0.000099	166.063679	4.3
1861	6522.464544	0.000979	0.000099	123.886947	4.4
1862	6346.573970	0.002325	0.000099	103.355871	4.6
1863	6747.691376	0.004182	0.000099	57.973577	3.8
1864	6807.890804	0.004073	0.000099	112.637655	3.9
1865	6982.196716	0.002538	0.000099	145.617213	3.5
1866	6550.862297	0.003549	0.000099	89.444697	3.5
1867	6655.230034	0.003742	0.000099	118.677077	3.3
1868	6469.526527	0.003198	0.000099	70.267191	3.3
1869	6562.736176	0.004377	0.000099	62.477208	3.1
1870	6711.040047	0.003902	0.000099	103.347270	3.1
1871	6754.673107	0.002387	0.000099	105.385932	3.1
1872	6965.996947	0.001194	0.000099	119.044134	2.9
1873	6392.852920	0.001404	0.000099	91.100247	2.9
1874	6563.568465	0.000074	0.000099	77.995065	2.9
1875	6219.695547	0.000000	0.000099	63.119299	3.0
1876	6481.258850	0.000000	0.000099	117.589661	3.0
1877	6588.456137	0.000000	0.000099	110.710687	2.9
1878	6721.197326	0.000000	0.000099	101.352824	2.8
1879	6349.708334	0.000000	0.000099	70.767542	2.5
1880	6896.859585	0.000000	0.000099	145.759045	2.4
1881	6616.975255	0.000000	0.000099	77.276020	2.4
1882	6658.001639	0.000000	0.000099	69.229756	2.6
1883	6801.220782	0.000414	0.000099	114.502073	2.4
1884	6339.976601	0.000000	0.000099	113.914969	2.5
1885	6432.609727	0.001498	0.000099	81.578539	2.5
1886	6647.341427	0.000976	0.000099	103.713510	2.6
1887	6681.220342	0.000000	0.000099	142.360253	2.6
1888	6479.799170	0.000000	0.000099	170.330983	2.6
1889	6777.310115	0.006220	0.000099	156.357728	2.5
1890	6606.360204	0.001493	0.000099	116.296196	2.6
1891	6468.667559	0.005809	0.000099	57.001482	2.6
1892	6630.203408	0.005356	0.000099	127.467031	2.6
1893	6454.267375	0.005584	0.000099	198.838868	2.7
1894	6767.402340	0.010445	0.000099	64.400812	2.5
1895	6422.881756	0.009815	0.000099	161.732293	2.5
1896	6761.578869	0.008709	0.000099	115.000842	2.4
1897	6892.647912	0.012996	0.000099	148.456538	2.5
1898	6545.998523	0.015544	0.000099	166.097882	2.6
1899	6522.776747	0.022223	0.000099	93.421126	2.7
1900	6974.875731	0.023033	0.000099	125.761462	2.7
1901	7068.291999	0.022484	0.000099	85.165708	2.7
1902	6439.661859	0.022462	0.000099	70.335725	2.6
1903	6487.692931	0.021862	0.000099	119.589843	2.6
1904	6645.577340	0.023042	0.000099	155.856546	2.6
1905	6834.649506	0.027683	0.000099	87.385454	2.7
1906	6699.481652	0.030067	0.000099	120.340005	2.9
1907	6599.105425	0.029103	0.000099	124.077205	3.0
1908	6717.071487	0.027361	0.000099	94.398752	2.9
1909	6769.051675	0.026248	0.000099	106.953898	2.4
1910	6698.036110	0.024321	0.000099	81.714873	2.3
1911	6647.993932	0.024493	0.000099	82.102596	2.4
1912	6988.173040	0.024938	0.000099	96.868774	2.4
1913	6739.337083	0.025010	0.000099	65.347238	2.5
1914	6675.765220	0.024773	0.000099	74.280436	2.6
1915	6559.019597	0.023503	0.000099	166.808167	2.8
1916	6463.351448	0.022214	0.000099	53.769222	4.8
1917	6494.341269	0.021048	0.000099	115.634203	4.8
1918	6669.692204	0.019551	0.000099	171.101007	4.8
1919	6685.927733	0.023317	0.000099	130.891097	3.7
1920	6654.896888	0.027231	0.000099	115.786437	3.6
1921	6618.212398	0.023523	0.000099	214.516758	3.7
1922	6440.600137	0.028590	0.000099	232.955702	3.5
1923	6362.357185	0.020638	0.000099	111.457847	4.9
1924	6752.492045	0.017877	0.000099	102.332027	4.6
1925	6690.670649	0.019910	0.000099	91.690799	4.6
1926	6832.213564	0.019334	0.000099	111.402065	4.8
1927	6511.034783	0.017594	0.000099	133.698497	4.8
1928	6415.369562	0.021548	0.000099	110.768336	3.8
1929	6704.775274	0.019306	0.000099	224.623416	5.1
1930	6694.798468	0.014832	0.000099	69.288357	5.1
1931	6725.147130	0.011975	0.000099	125.785792	4.8
1932	6639.549858	0.010046	0.000099	62.424916	4.7
1933	6506.236900	0.010667	0.000099	163.179951	5.0
1934	6433.949215	0.011140	0.000099	54.887298	5.2
1935	6179.562432	0.012344	0.000099	66.262666	5.2
1936	6735.328481	0.011951	0.000099	247.137061	3.4
1937	6741.922601	0.011786	0.000099	108.039532	3.0
1938	6751.536651	0.015631	0.000099	59.357844	2.9
1939	6998.977999	0.015726	0.000099	82.063487	2.9
1940	6815.484953	0.015739	0.000099	116.790485	2.9
1941	6927.525726	0.014934	0.000099	64.037196	3.0
1942	6549.823141	0.015189	0.000099	85.452085	2.8
1943	6673.137587	0.013838	0.000099	138.340506	2.8
1944	6871.137209	0.016258	0.000099	57.416491	2.8
1945	6715.199874	0.015457	0.000099	247.810397	2.8
1946	6899.170709	0.017164	0.000099	140.840602	2.8
1947	6488.104925	0.021941	0.000099	97.854946	2.9
1948	6591.961523	0.019955	0.000099	77.265170	2.8
1949	6910.201198	0.020466	0.000099	180.814958	2.8
1950	6456.015901	0.019615	0.000099	57.818407	2.8
1951	6568.345364	0.017949	0.000099	73.443681	2.9
1952	6573.262978	0.016931	0.000099	117.063497	2.8
1953	6675.652767	0.016458	0.000099	124.084958	2.8
1954	6615.380845	0.019853	0.000099	151.496411	2.9
1955	6647.586851	0.020272	0.000099	123.847258	3.0
1956	6754.677223	0.019328	0.000099	128.641014	2.9
1957	6334.711824	0.019220	0.000099	97.897457	3.0
1958	6669.684946	0.017849	0.000099	94.208967	2.9
1959	6639.498564	0.015875	0.000099	201.695326	3.0
1960	6700.262009	0.019604	0.000099	79.893270	3.1
1961	6786.017984	0.016561	0.000099	114.630993	3.2
1962	6621.488378	0.014278	0.000099	127.629222	3.2
1963	6612.908798	0.017202	0.000099	106.514077	3.3
1964	6647.436124	0.017210	0.000099	61.769825	3.1
1965	6827.713821	0.016564	0.000099	102.343458	3.1
1966	6402.083364	0.016618	0.000099	138.092933	3.1
1967	6509.199393	0.018148	0.000099	142.144165	3.2
1968	6729.465440	0.017767	0.000099	78.293067	3.3
1969	6697.725373	0.016239	0.000099	117.759722	3.2
1970	6491.916843	0.014713	0.000099	124.674979	3.1
1971	6931.742999	0.012061	0.000099	141.902913	3.2
1972	6606.019169	0.014268	0.000099	68.182080	3.4
1973	6982.391821	0.015864	0.000099	164.531027	5.0
1974	6709.068862	0.014408	0.000099	96.349554	4.9
1975	6527.889740	0.017561	0.000099	46.352967	3.8
1976	6527.115316	0.016691	0.000099	54.830491	4.8
1977	6873.821970	0.016211	0.000099	102.655151	4.8
1978	6637.670853	0.015481	0.000099	104.096607	4.8
1979	6841.468930	0.015804	0.000099	83.526107	3.9
1980	6299.015446	0.014451	0.000099	166.006245	4.1
1981	6593.367884	0.013819	0.000099	69.441545	5.1
1982	6562.151005	0.015522	0.000099	102.623862	5.0
1983	6628.064248	0.014436	0.000099	216.066903	5.0
1984	6526.802386	0.011542	0.000099	112.346996	5.4
1985	6462.122800	0.008642	0.000099	42.255099	5.0
1986	6653.706029	0.008338	0.000099	99.516350	4.6
1987	6640.231640	0.007661	0.000099	100.143983	4.4
1988	6869.529850	0.009692	0.000099	46.928370	3.7
1989	6636.418795	0.009578	0.000099	70.068702	3.6
1990	6258.804016	0.009078	0.000099	79.209743	3.6
1991	6633.295147	0.007832	0.000099	47.694244	3.4
1992	6464.533214	0.007393	0.000099	84.591374	3.4
1993	6490.140336	0.007286	0.000099	63.659297	3.5
1994	6515.864009	0.005934	0.000099	62.799069	3.4
1995	6395.269209	0.006227	0.000099	75.889230	3.3
1996	6587.960613	0.006818	0.000099	135.625136	3.2
1997	6558.016304	0.005708	0.000099	187.545929	3.2
1998	6938.633504	0.011317	0.000099	64.333275	3.1
1999	6827.509932	0.010370	0.000099	154.911066	3.1
