1:ItNr	2:Metric	3a:Time	3b:StepSize	4:||Gradient||	Time[ms]
0	33514.353635	0.000000	0.000788	2621.134249	204.7
1	28897.416373	0.000000	0.000788	2695.535537	1.4
2	23237.177877	0.000000	0.000788	2577.813699	1.5
3	17815.854198	0.000000	0.000788	2508.873719	1.4
4	13688.335198	0.000000	0.000788	2383.203963	1.4
5	9165.116761	0.000000	0.000788	2003.500985	1.4
6	6549.680920	0.000000	0.000788	1617.721676	1.4
7	4705.847448	0.000000	0.000788	1151.532879	1.4
8	3868.346242	0.000000	0.000788	819.100894	1.5
9	3197.830449	0.000000	0.000788	624.360240	1.4
10	3262.648325	0.000000	0.000788	532.307094	1.8
11	2828.893432	0.000000	0.000788	395.389596	1.4
12	2789.292704	0.000000	0.000788	297.175170	1.4
13	2644.704089	0.000000	0.000788	226.131923	1.4
14	2690.040122	0.000000	0.000788	230.421257	1.4
15	2591.352481	0.000000	0.000788	135.524936	1.5
16	2611.431917	0.000000	0.000788	159.005758	1.5
17	2527.957930	0.000000	0.000788	127.645803	1.5
18	2564.918601	0.000000	0.000788	124.206509	1.5
19	2633.360434	0.000000	0.000788	117.415123	1.5
20	2476.781188	0.000000	0.000788	79.687315	1.5
21	2531.202928	0.000000	0.000788	111.419040	1.6
22	2574.735193	0.000000	0.000788	82.272175	1.7
23	2631.414813	0.000000	0.000788	84.634420	1.7
24	2401.042896	0.000000	0.000788	78.758677	1.7
25	2588.699638	0.000000	0.000788	82.939838	5.4
26	2631.820536	0.000000	0.000788	131.832694	4.0
27	2515.475567	0.000000	0.000788	90.280997	4.0
28	2399.803825	0.000000	0.000788	94.552568	3.7
29	2499.743105	0.000000	0.000788	67.403149	3.4
30	2429.448539	0.000000	0.000788	100.400713	3.4
31	2428.461857	0.000000	0.000788	64.377944	2.7
32	2444.619982	0.000000	0.000788	74.461562	2.6
33	2452.655698	0.000000	0.000788	59.775328	2.6
34	2488.121523	0.000000	0.000788	71.552382	3.6
35	2439.771518	0.000000	0.000788	72.836390	2.2
36	2489.743763	0.000000	0.000788	65.776998	2.1
37	2410.679865	0.000000	0.000788	71.377778	2.1
38	2479.903215	0.000000	0.000788	58.132598	2.1
39	2410.838621	0.000000	0.000788	72.533879	1.7
40	2362.119167	0.000000	0.000788	87.236452	2.0
41	2437.916576	0.000000	0.000788	61.592723	1.9
42	2472.166906	0.000000	0.000788	65.336856	1.9
43	2481.069995	0.000000	0.000788	101.737878	2.0
44	2412.767270	0.000000	0.000788	63.299152	1.9
45	2468.904526	0.000000	0.000788	58.539590	2.0
46	2393.939765	0.000000	0.000788	91.485470	1.9
47	2489.211269	0.000000	0.000788	64.350898	1.8
48	2505.010988	0.000000	0.000788	87.540922	1.8
49	2427.984126	0.000000	0.000788	59.639066	1.8
50	2350.508062	0.000000	0.000788	72.294751	1.7
51	2528.079249	0.000000	0.000788	75.395497	1.7
52	2429.311650	0.000000	0.000788	60.320279	1.7
53	2416.783393	0.000000	0.000788	67.582872	1.7
54	2374.158679	0.000000	0.000788	79.816588	1.7
55	2373.707203	0.000000	0.000788	62.787114	1.7
56	2329.609728	0.000000	0.000788	60.377387	1.7
57	2477.348331	0.000000	0.000788	74.277444	1.7
58	2349.207522	0.000000	0.000788	73.028381	1.7
59	2419.404732	0.000000	0.000788	58.687666	1.7
60	2392.425973	0.000000	0.000788	106.023751	1.7
61	2357.603275	0.000000	0.000788	69.614453	1.7
62	2437.852586	0.000000	0.000788	64.788532	1.7
63	2394.613901	0.000000	0.000788	76.211779	1.7
64	2265.739332	0.000000	0.000788	54.405421	1.7
65	2375.639154	0.000000	0.000788	60.689944	1.7
66	2385.483717	0.000000	0.000788	79.014756	1.7
67	2308.843430	0.000000	0.000788	55.416631	1.7
68	2239.123497	0.000000	0.000788	90.797363	1.8
69	2271.882929	0.000000	0.000788	52.167936	1.7
70	2382.422013	0.000000	0.000788	60.578218	1.8
71	2327.524002	0.000000	0.000788	65.455460	4.2
72	2337.972707	0.000000	0.000788	71.227216	4.3
73	2328.503725	0.000000	0.000788	81.860434	4.2
74	2371.012723	0.000000	0.000788	64.784306	3.6
75	2410.288866	0.000000	0.000788	58.712873	2.4
76	2389.525529	0.000000	0.000788	53.918652	2.4
77	2362.864693	0.000000	0.000788	68.977168	2.4
78	2453.838914	0.000000	0.000788	64.727675	2.4
79	2389.599411	0.000000	0.000788	107.957295	2.5
80	2384.759218	0.000000	0.000788	71.482443	2.5
81	2186.714507	0.000000	0.000788	86.774585	2.5
82	2276.275541	0.000000	0.000788	67.632255	2.4
83	2395.369227	0.000000	0.000788	78.793089	2.2
84	2312.906828	0.000738	0.000788	111.338143	2.2
85	2317.395191	0.000000	0.000788	71.766050	2.2
86	2295.917969	0.084403	0.000784	51.868110	2.2
87	2392.720095	0.073690	0.000785	71.516197	2.2
88	2421.088710	0.063029	0.000785	66.377667	2.3
89	2312.506349	0.051275	0.000786	61.908125	2.3
90	2356.513292	0.040018	0.000786	72.262340	2.2
91	2335.684774	0.028272	0.000787	83.796455	2.3
92	2340.235769	0.016505	0.000787	64.328962	2.5
93	2362.973924	0.009496	0.000787	78.137888	3.1
94	2271.195239	0.000000	0.000788	58.063750	4.3
95	2288.918638	0.000000	0.000788	68.747858	3.2
96	2324.086091	0.000000	0.000788	57.859563	2.5
97	2298.167761	0.000000	0.000788	56.249782	2.6
98	2365.518004	0.000000	0.000788	81.866728	2.8
99	2286.017826	0.000000	0.000788	67.624308	2.7
100	2268.186383	0.002482	0.000787	61.977185	2.7
101	2376.193061	0.000000	0.000788	85.220915	2.7
102	2262.554147	0.000000	0.000788	79.712211	2.2
103	2435.498506	0.085653	0.000784	77.097516	2.2
104	2294.297507	0.073947	0.000785	53.046561	2.2
105	2423.231104	0.062681	0.000785	72.277214	2.2
106	2345.209849	0.050966	0.000786	56.758064	2.2
107	2231.994796	0.039286	0.000786	91.221500	2.1
108	2222.067349	0.027636	0.000787	57.174633	3.3
109	2333.837252	0.019280	0.000787	91.867003	2.1
110	2241.898244	0.007529	0.000787	89.957153	2.1
111	2322.939679	0.112538	0.000783	78.420311	2.3
112	2290.026409	0.100780	0.000784	77.039782	2.1
113	2256.703164	0.211595	0.000780	46.545226	2.2
114	2265.795717	0.200275	0.000780	60.672386	2.1
115	2256.296625	0.189543	0.000781	78.861771	1.8
116	2279.597121	0.178018	0.000781	47.942531	3.7
117	2260.987854	0.167054	0.000781	73.620839	4.2
118	2284.386705	0.156166	0.000782	57.837453	4.1
119	2193.887730	0.145971	0.000782	54.130092	4.0
120	2212.595949	0.134626	0.000783	77.322459	3.5
121	2224.328689	0.122899	0.000783	59.760753	2.9
122	2252.824731	0.111395	0.000783	47.110190	3.1
123	2336.765178	0.100000	0.000784	66.216493	1.8
124	2292.794668	0.088813	0.000784	52.854200	2.0
125	2168.957687	0.077378	0.000785	67.727853	2.2
126	2312.488624	0.065724	0.000785	51.095125	2.2
127	2330.855420	0.054394	0.000786	74.387534	2.9
128	2246.612741	0.042784	0.000786	58.703939	2.4
129	2184.525032	0.031231	0.000786	75.043465	1.9
130	2200.548254	0.022555	0.000787	67.136928	1.9
131	2190.608414	0.011182	0.000787	43.065032	1.9
132	2263.546985	0.000327	0.000788	46.710915	1.9
133	2284.526480	0.000000	0.000788	49.844712	1.9
134	2203.544080	0.000000	0.000788	49.538968	1.8
135	2202.997169	0.000000	0.000788	72.286040	1.8
136	2243.121367	0.000000	0.000788	61.320294	1.7
137	2276.013823	0.000000	0.000788	61.982000	1.7
138	2196.596628	0.000000	0.000788	58.625934	1.7
139	2192.499351	0.000000	0.000788	45.083871	1.9
140	2234.096759	0.000000	0.000788	65.382292	1.9
141	2253.432856	0.000000	0.000788	44.350913	1.8
142	2184.575517	0.000000	0.000788	51.906814	1.8
143	2194.518997	0.000000	0.000788	48.271044	1.8
144	2314.697260	0.000000	0.000788	68.066113	1.9
145	2212.828401	0.000000	0.000788	73.836806	1.8
146	2243.889553	0.000000	0.000788	72.846792	1.8
147	2223.846221	0.020840	0.000787	77.586266	1.8
148	2199.789866	0.014134	0.000787	60.994216	1.7
149	2264.664297	0.030352	0.000786	74.655386	1.8
150	2197.713793	0.021266	0.000787	63.331493	2.0
151	2179.241066	0.028957	0.000786	67.400800	1.9
152	2212.507625	0.017619	0.000787	58.793660	1.8
153	2229.342415	0.005914	0.000787	79.628255	1.9
154	2176.239668	0.000000	0.000788	52.763892	1.8
155	2262.464590	0.000000	0.000788	56.202817	1.8
156	2210.447057	0.000000	0.000788	66.302906	1.8
157	2223.909951	0.000000	0.000788	52.865439	1.8
158	2208.897289	0.000000	0.000788	84.339837	1.8
159	2217.447486	0.000000	0.000788	50.915546	1.8
160	2248.626224	0.000436	0.000788	98.469591	1.8
161	2164.853904	0.000000	0.000788	54.214101	1.8
162	2214.750094	0.000000	0.000788	54.431931	1.8
163	2260.114237	0.000000	0.000788	63.477463	1.8
164	2141.300880	0.000000	0.000788	68.981456	1.7
165	2228.919327	0.000000	0.000788	72.804269	1.8
166	2169.260280	0.007524	0.000787	47.724987	1.8
167	2233.190000	0.000000	0.000788	75.589814	1.8
168	2237.926006	0.000000	0.000788	45.590387	1.8
169	2155.527912	0.000000	0.000788	46.571063	1.8
170	2148.096095	0.000000	0.000788	57.765772	1.7
171	2243.322162	0.000000	0.000788	117.267015	1.8
172	2177.819922	0.030628	0.000786	73.890343	1.8
173	2236.501344	0.928692	0.000754	47.141697	1.8
174	2264.064518	0.920555	0.000754	51.504496	1.8
175	2148.009740	0.909494	0.000755	57.743617	1.7
176	2260.136336	0.900646	0.000755	53.236162	1.8
177	2158.075575	0.891959	0.000755	67.046877	1.8
178	2286.268224	0.880417	0.000756	77.481943	1.8
179	2156.054081	0.912572	0.000755	104.172905	1.7
180	2119.429406	0.900802	0.000755	45.764876	1.8
181	2172.514593	0.901946	0.000755	62.185652	1.8
182	2219.283125	0.891097	0.000756	49.188975	1.7
183	2209.460461	0.880046	0.000756	91.214682	1.9
184	2220.374723	0.876723	0.000756	89.490796	1.9
185	2166.781624	1.500347	0.000735	54.812486	1.9
186	2203.232541	1.488670	0.000735	49.635228	1.9
187	2210.274966	1.482118	0.000736	47.473613	2.0
188	2198.077447	1.470769	0.000736	47.530275	2.0
189	2236.584143	1.460355	0.000736	46.193471	2.0
190	2219.363601	1.450133	0.000737	48.888754	1.8
191	2180.201778	1.439452	0.000737	53.669559	1.8
192	2329.641448	1.428062	0.000737	82.204921	1.8
193	2197.461521	1.431011	0.000737	65.020453	1.8
194	2142.340750	1.635888	0.000731	44.365778	1.7
195	2148.832377	1.625784	0.000731	51.727866	1.8
196	2190.531731	1.614801	0.000731	50.800284	1.8
197	2171.810796	1.610412	0.000731	50.622006	1.8
198	2157.789108	1.601066	0.000732	53.847261	1.9
199	2114.588911	1.589738	0.000732	60.252169	1.8
200	2077.971665	1.595432	0.000732	78.804509	2.0
201	2184.508053	1.583977	0.000732	70.413851	2.5
202	2016.869830	1.836713	0.000724	51.414174	2.0
203	2106.117805	1.841989	0.000724	50.716795	1.9
204	2235.428968	1.831683	0.000724	69.268956	1.9
205	2161.531381	1.826712	0.000725	56.251353	1.8
206	2096.827539	1.815237	0.000725	72.358150	2.5
207	2208.434132	1.822933	0.000725	89.772409	1.8
208	2155.992982	2.376954	0.000707	50.758590	1.8
209	2239.985921	2.384575	0.000707	62.521653	1.8
210	2101.209700	2.373007	0.000708	62.785865	1.8
211	2157.894122	2.363968	0.000708	49.946014	1.8
212	2095.251486	2.356579	0.000708	61.190517	1.7
213	2097.796985	2.348509	0.000708	51.044554	1.7
214	2063.081856	2.349538	0.000708	37.915586	1.8
215	2183.319998	2.338901	0.000709	55.728968	1.8
216	2110.595447	2.328195	0.000709	46.399066	5.9
217	2093.905457	2.321826	0.000709	52.293381	1.9
218	2159.813763	2.310795	0.000709	57.930149	1.9
219	2079.831150	2.299240	0.000710	87.231784	2.1
220	2053.149074	2.316775	0.000709	73.766554	2.1
221	2247.419110	2.305705	0.000710	98.669112	2.2
222	2126.394140	3.042257	0.000688	53.350214	4.3
223	2155.206958	3.033136	0.000688	50.148828	1.8
224	2093.663515	3.025283	0.000688	41.673174	1.8
225	2231.236461	3.016352	0.000689	46.573428	1.8
226	2123.291562	3.007681	0.000689	43.423657	1.8
227	2123.856124	2.998372	0.000689	46.270720	2.2
228	2049.720824	2.988950	0.000689	38.306264	1.9
229	2045.840466	2.978393	0.000690	71.436774	2.3
230	2109.753419	2.970883	0.000690	52.155078	4.2
231	2178.007656	2.959190	0.000690	72.812960	4.3
232	2151.706739	2.963139	0.000690	95.634480	4.0
233	2070.730146	2.951736	0.000691	49.030487	2.2
234	2067.123619	2.940036	0.000691	82.197085	2.7
235	2120.542305	2.931112	0.000691	52.666216	2.7
236	2200.227576	2.947764	0.000691	85.478210	2.7
237	2083.820344	2.959753	0.000690	68.634382	2.6
238	2014.027723	3.202173	0.000683	40.639941	2.0
239	2106.191182	3.191195	0.000684	46.416362	2.0
240	2094.680669	3.180331	0.000684	49.064650	2.1
241	2201.985006	3.169255	0.000684	43.139114	2.0
242	2113.737889	3.159474	0.000685	38.976420	2.0
243	2219.034164	3.149570	0.000685	72.775019	1.9
244	2097.931346	3.138504	0.000685	46.967083	1.8
245	2137.961006	3.127801	0.000685	52.844380	1.9
246	2202.523527	3.116835	0.000686	66.159877	1.9
247	2152.759243	3.111648	0.000686	37.425898	1.9
248	2047.420557	3.100704	0.000686	70.633975	1.8
249	2243.554735	3.090633	0.000687	92.844666	1.8
250	2138.561654	3.654447	0.000671	57.111190	1.8
251	2174.701938	3.672113	0.000670	59.050573	1.8
252	2141.452028	3.664803	0.000671	38.618729	1.8
253	2140.424144	3.655281	0.000671	45.356285	1.8
254	2163.606152	3.645110	0.000671	64.743544	1.8
255	2129.970991	3.635891	0.000671	45.688634	1.8
256	2095.644816	3.624523	0.000672	76.749002	1.8
257	2104.625113	3.617877	0.000672	48.759238	1.8
258	2091.379765	3.606506	0.000672	68.885193	1.8
259	2042.365653	3.605159	0.000672	68.649740	1.8
260	2087.735314	3.593422	0.000672	59.735269	1.8
261	2081.608893	3.582855	0.000673	61.366709	1.8
262	2072.642830	3.571148	0.000673	51.700606	1.8
263	2039.267046	3.583761	0.000673	51.471673	1.8
264	2027.498551	3.572269	0.000673	59.531323	1.8
265	2151.965308	3.560658	0.000673	65.549142	1.8
266	2053.034467	3.593035	0.000672	49.666392	1.8
267	2082.498082	3.585599	0.000673	54.811355	1.8
268	2104.681707	3.574103	0.000673	68.586178	1.8
269	2158.286758	3.617186	0.000672	69.165359	1.8
270	2022.619294	3.605748	0.000672	58.677854	1.8
271	2124.570628	3.596103	0.000672	75.236325	1.8
272	2121.367408	3.628295	0.000672	55.794500	1.7
273	2017.107711	3.720602	0.000669	35.768904	1.8
274	2072.891381	3.709802	0.000669	53.593811	1.8
275	2082.223575	3.701088	0.000670	53.658213	1.8
276	2040.609194	3.692096	0.000670	41.054800	1.9
277	2126.865503	3.684612	0.000670	61.300936	1.9
278	2134.733188	3.673329	0.000670	40.484695	1.9
279	2098.657942	3.663512	0.000671	57.298107	2.0
280	2055.170331	3.652803	0.000671	43.944833	1.9
281	2096.352413	3.641885	0.000671	41.717291	1.8
282	2028.751995	3.634065	0.000671	42.122265	1.9
283	2018.854785	3.628051	0.000672	54.420090	1.9
284	2032.500815	3.617859	0.000672	38.985449	1.8
285	2078.940498	3.612974	0.000672	44.385606	3.4
286	2062.722556	3.602144	0.000672	45.527574	4.0
287	2063.830435	3.591611	0.000673	46.546190	3.9
288	2079.432138	3.583585	0.000673	55.638707	3.5
289	2068.635619	3.572087	0.000673	50.178806	3.4
290	2087.772029	3.561292	0.000673	44.439075	3.3
291	2106.738598	3.550128	0.000674	42.768354	2.7
292	2068.124667	3.541414	0.000674	53.932001	2.5
293	2033.399137	3.530684	0.000674	45.478705	2.7
294	2011.802522	3.520817	0.000674	55.485056	2.7
295	2077.675181	3.512564	0.000675	49.652814	3.0
296	2022.165284	3.515676	0.000675	42.707792	3.0
297	2021.498062	3.504526	0.000675	39.649739	3.3
298	2091.346599	3.494037	0.000675	71.378763	3.1
299	2147.726541	3.486743	0.000675	65.744711	3.0
300	2056.999583	3.475325	0.000676	66.724785	3.1
301	2163.215693	3.558920	0.000673	75.356164	2.8
302	2080.134944	3.552796	0.000674	49.697395	2.5
303	2067.237357	3.572685	0.000673	58.767584	2.7
304	2179.376530	3.562403	0.000673	82.112533	2.5
305	2132.137642	3.671491	0.000670	70.318044	2.3
306	2037.386529	3.659841	0.000671	37.562500	2.6
307	2112.298224	3.652174	0.000671	60.301311	4.1
308	2053.380647	3.642480	0.000671	48.730918	4.1
309	2028.427450	3.638824	0.000671	60.517616	4.1
310	2087.485197	3.627483	0.000672	37.143909	4.1
311	2000.530528	3.617901	0.000672	40.081299	3.2
312	2066.068452	3.607673	0.000672	83.298388	3.1
313	2062.139231	3.598836	0.000672	48.214568	2.9
314	2036.033635	3.641353	0.000671	65.761023	2.2
315	2071.365334	3.629781	0.000671	64.190226	3.3
316	1982.721494	3.874524	0.000665	35.129449	3.1
317	2038.081001	3.876493	0.000665	48.314086	3.0
318	2124.295982	3.867159	0.000665	38.176930	2.9
319	1998.307738	3.856509	0.000665	45.378620	2.9
320	2105.134936	3.846088	0.000666	60.054238	3.0
321	2021.539239	3.841928	0.000666	47.812758	3.3
322	2052.526513	3.838281	0.000666	43.095897	3.2
323	1974.559896	3.828857	0.000666	65.251177	3.2
324	2036.376393	3.818206	0.000666	59.749145	2.5
325	2105.146655	3.808952	0.000667	90.373730	2.5
326	2002.370346	3.805813	0.000667	47.442817	2.5
327	1997.653292	3.945018	0.000663	41.222656	2.6
328	2048.151850	3.934321	0.000663	49.762925	2.2
329	2085.411513	3.925345	0.000664	38.238375	2.1
330	2029.579680	3.916415	0.000664	38.441235	2.2
331	2078.195742	3.906469	0.000664	73.417619	2.1
332	2025.707149	3.916644	0.000664	55.647763	2.1
333	1978.448307	3.905131	0.000664	46.288011	1.9
334	1981.377791	3.902923	0.000664	43.333430	2.0
335	2036.256531	3.892747	0.000664	35.541205	1.9
336	2017.418836	3.882805	0.000665	68.435908	2.0
337	1961.799832	3.878605	0.000665	30.954672	1.9
338	2038.699019	3.872532	0.000665	32.668683	1.9
339	2082.117218	3.864717	0.000665	60.834375	1.9
340	2016.383841	3.855919	0.000665	58.063478	1.8
341	2043.584266	3.885964	0.000665	79.113038	1.8
342	2052.742597	4.226698	0.000656	32.304265	1.9
343	2048.090615	4.221730	0.000656	76.954063	1.9
344	2018.742879	4.211111	0.000656	47.264178	1.9
345	1986.085799	4.250322	0.000655	73.749347	1.9
346	2050.751013	4.240272	0.000655	54.028930	1.9
347	2022.719586	4.365514	0.000652	44.636048	1.9
348	2109.564043	4.354162	0.000652	52.631211	1.9
349	1982.530892	4.343756	0.000653	52.943257	1.9
350	2053.904523	4.352647	0.000652	42.805320	1.8
351	2061.864951	4.363383	0.000652	33.049628	1.9
352	2095.766640	4.355383	0.000652	33.917157	1.8
353	2000.124721	4.349082	0.000652	44.323275	1.9
354	2109.606872	4.342419	0.000653	48.114795	1.8
355	2023.905944	4.332327	0.000653	43.559224	1.8
356	1955.762883	4.333296	0.000653	45.852296	1.8
357	1972.018576	4.325472	0.000653	41.891972	2.0
358	2054.180027	4.315421	0.000653	50.676518	4.1
359	1986.245368	4.306096	0.000654	43.276110	1.8
360	2072.442624	4.297760	0.000654	47.088495	1.8
361	2065.773546	4.305911	0.000654	41.737995	1.8
362	2139.801262	4.295604	0.000654	38.957857	1.9
363	1982.470557	4.287520	0.000654	41.534365	7.8
364	2015.059630	4.282542	0.000654	51.380269	2.2
365	2038.310423	4.275923	0.000654	32.198093	2.5
366	2089.557196	4.266440	0.000655	46.603604	2.8
367	1938.599479	4.256429	0.000655	48.023908	2.7
368	2057.413339	4.260338	0.000655	50.137681	2.6
369	2005.610861	4.249465	0.000655	28.759474	2.1
370	2000.334587	4.244644	0.000655	40.970306	4.7
371	1944.960430	4.238114	0.000655	56.113567	2.1
372	2075.260444	4.228209	0.000656	103.454366	2.4
373	1985.292816	5.006202	0.000636	31.352837	4.5
374	2031.582088	5.002933	0.000636	43.449693	4.4
375	2009.619449	4.994355	0.000636	38.084530	3.6
376	2081.167402	4.984272	0.000636	54.536689	3.7
377	1958.474702	4.987030	0.000636	30.640930	3.7
378	1981.009035	4.982481	0.000637	42.367136	3.0
379	2012.662754	4.974839	0.000637	44.575681	2.9
380	1959.077504	4.964093	0.000637	72.249978	3.0
381	2042.678002	4.952758	0.000637	55.210038	2.4
382	2009.134528	4.990766	0.000636	46.383643	2.9
383	2000.788907	4.980215	0.000637	59.710497	2.9
384	1964.304966	4.968927	0.000637	76.298554	2.9
385	2013.495745	5.007674	0.000636	76.145434	2.7
386	1972.443983	4.995902	0.000636	80.667730	2.7
387	1971.215797	5.469927	0.000625	37.175546	2.8
388	1997.628204	5.458417	0.000625	81.543412	3.4
389	2016.855893	5.447355	0.000625	52.675097	2.9
390	1938.271241	5.781020	0.000618	48.617457	3.0
391	1994.113534	5.790074	0.000617	63.507419	2.7
392	1999.186740	5.833375	0.000616	44.390288	2.4
393	1899.858163	5.882273	0.000615	44.845797	1.9
394	2097.736746	5.872450	0.000615	55.378647	1.9
395	1988.466105	5.870944	0.000615	83.006100	1.9
396	1985.104222	5.921858	0.000614	52.735866	1.9
397	2007.097093	5.938745	0.000614	84.385829	1.9
398	2008.311599	5.938305	0.000614	44.090223	1.8
399	2090.510291	6.103218	0.000610	34.239903	1.8
400	1944.670605	6.095674	0.000610	37.123642	1.9
401	2038.779720	6.086177	0.000611	80.462071	1.9
402	1966.159667	6.102999	0.000610	65.992210	1.9
403	1997.661362	6.574012	0.000600	50.079503	1.9
404	1980.276843	6.562837	0.000600	53.769046	1.9
405	2094.360705	6.590480	0.000599	50.986052	1.8
406	1986.095769	6.594531	0.000599	50.310189	1.9
407	1975.935622	6.589994	0.000599	28.281362	1.8
408	2017.440560	6.583239	0.000600	64.061466	1.9
409	2034.984894	6.577032	0.000600	52.525223	1.8
410	2019.672093	6.610210	0.000599	30.286885	1.8
411	1949.448368	6.602846	0.000599	39.142543	1.8
412	2017.118078	6.597762	0.000599	56.476750	1.8
413	1955.953291	6.594203	0.000599	32.976737	1.9
414	2014.691206	6.584597	0.000600	56.563378	1.8
415	2019.872081	6.586591	0.000600	28.672948	1.9
416	1964.998532	6.577379	0.000600	49.960986	1.9
417	1972.405239	6.569565	0.000600	32.789941	1.9
418	2023.626577	6.559051	0.000600	46.089241	1.8
419	1943.120030	6.556068	0.000600	52.857415	1.8
420	2042.476065	6.577538	0.000600	57.689805	1.8
421	2019.140863	6.599156	0.000599	56.097819	1.8
422	1969.275883	6.587968	0.000599	58.832448	1.8
423	2098.821418	6.624415	0.000599	66.812519	1.8
424	2081.589089	6.668375	0.000598	57.440081	1.9
425	1986.083736	6.656659	0.000598	55.923805	1.8
426	2034.697169	6.654883	0.000598	51.876411	1.8
427	1987.342556	6.725872	0.000597	34.638650	1.8
428	1980.637091	6.725170	0.000597	48.093630	1.8
429	1938.966066	6.715404	0.000597	46.701911	1.8
430	2011.013697	6.717822	0.000597	89.529103	1.8
431	1994.852255	6.906418	0.000593	29.941063	1.8
432	1979.550560	6.901188	0.000593	51.238277	1.7
433	1972.767688	6.893692	0.000593	35.012787	1.7
434	2032.062956	6.883565	0.000593	46.605532	1.8
435	1999.075048	6.876167	0.000593	39.396336	1.8
436	2056.922024	6.865819	0.000594	38.280184	1.8
437	2027.708116	6.871812	0.000593	41.050917	1.8
438	1913.920665	6.864615	0.000594	72.131364	1.8
439	2014.775488	6.863819	0.000594	43.665637	1.8
440	2037.807306	6.932695	0.000592	47.551974	1.8
441	2073.817994	6.921523	0.000592	64.921678	1.8
442	1954.258842	6.909880	0.000593	39.229482	1.8
443	2037.458516	6.923854	0.000592	66.434860	1.8
444	1895.466785	6.914414	0.000592	30.575375	1.9
445	1937.275720	6.904565	0.000593	36.633089	4.2
446	1939.434019	6.896409	0.000593	50.165900	4.3
447	2024.217628	6.892163	0.000593	36.896817	4.1
448	1955.182443	6.898024	0.000593	32.093212	4.0
449	1988.346740	6.889555	0.000593	46.853107	4.0
450	1947.621188	6.880874	0.000593	48.094882	3.0
451	2097.677137	6.870850	0.000593	70.513339	3.0
452	1916.911441	6.951085	0.000592	63.581329	3.0
453	2000.580004	7.001826	0.000591	37.007913	3.8
454	2004.499830	6.991209	0.000591	53.454952	2.6
455	1985.576770	6.980475	0.000591	34.267572	2.6
456	1981.730893	6.974544	0.000591	44.825370	2.5
457	1900.802368	6.966395	0.000591	81.398996	2.6
458	1994.996287	7.058074	0.000589	81.815063	2.7
459	1960.830079	7.915375	0.000572	44.997890	2.6
460	1974.833158	7.904149	0.000572	50.807434	2.6
461	1965.199456	7.894209	0.000572	54.193963	2.1
462	1972.072655	7.889470	0.000572	31.081555	2.0
463	2018.609896	7.880338	0.000573	55.387364	2.1
464	1971.970107	7.872176	0.000573	29.127569	2.7
465	1912.481194	7.862495	0.000573	34.042263	4.0
466	1978.260401	7.858786	0.000573	28.704708	4.2
467	2024.354718	7.851115	0.000573	31.197477	4.6
468	1949.219990	7.844422	0.000573	36.539098	4.3
469	1942.043572	7.840051	0.000573	23.260257	3.6
470	1983.968977	7.835924	0.000574	42.164478	2.6
471	2012.935828	7.828771	0.000574	48.798558	2.6
472	1920.917013	7.827952	0.000574	47.704449	2.7
473	1941.094887	7.821394	0.000574	62.009943	2.6
474	1988.087207	7.897689	0.000572	55.132146	2.6
475	2051.521348	7.904655	0.000572	38.322808	2.5
476	1887.580326	7.894426	0.000572	54.809915	2.4
477	1950.227405	7.887529	0.000573	26.710350	2.3
478	1945.470747	7.900860	0.000572	38.884778	2.2
479	1986.208607	7.899860	0.000572	43.926691	2.2
480	1971.124269	7.892599	0.000572	27.553306	3.1
481	1963.426522	7.883790	0.000573	34.231963	4.3
482	1982.740043	7.876558	0.000573	35.885940	4.3
483	2041.596186	7.874400	0.000573	35.490865	3.2
484	1921.934323	7.866313	0.000573	48.349629	2.5
485	2001.974774	7.869506	0.000573	35.232162	2.5
486	1970.553940	7.871620	0.000573	70.533097	2.5
487	2004.998975	7.862959	0.000573	60.466969	2.4
488	1920.187730	7.851241	0.000573	55.186122	2.0
489	1891.818789	7.990198	0.000570	59.155065	1.9
490	2035.880811	7.978576	0.000571	64.123255	2.0
491	1920.499275	8.163569	0.000567	66.290421	2.0
492	2003.973911	8.152739	0.000567	38.050259	2.0
493	1936.023747	8.145939	0.000567	44.447043	1.9
494	1951.872090	8.136004	0.000568	26.325234	1.9
495	1891.074777	8.135238	0.000568	27.244854	1.8
496	1923.401355	8.128711	0.000568	37.435550	1.9
497	1993.481958	8.120148	0.000568	32.468279	1.8
498	1962.152648	8.115412	0.000568	22.290324	1.9
499	1981.320227	8.108418	0.000568	38.919691	1.9
500	2036.823422	8.100893	0.000568	43.894710	1.8
501	1982.522770	8.092475	0.000568	52.553214	1.9
502	1993.240743	8.091884	0.000569	28.280691	1.9
503	2002.608659	8.083060	0.000569	64.402230	2.1
504	1953.060355	8.078405	0.000569	44.736999	1.9
505	1906.452228	8.110139	0.000568	52.857036	1.8
506	1992.056506	8.110312	0.000568	38.048537	1.9
507	1928.217209	8.109924	0.000568	29.384789	1.8
508	1965.363778	8.101784	0.000568	49.297985	1.9
509	1945.618777	8.099289	0.000568	67.141500	4.2
510	2019.146426	8.087982	0.000569	66.261473	4.2
511	2035.665772	8.700489	0.000557	61.935946	3.6
512	1955.028013	8.707013	0.000557	62.193181	3.6
513	1944.590035	8.770258	0.000556	40.031199	4.1
514	1954.138928	8.758877	0.000556	32.409157	4.0
515	1926.123177	8.755564	0.000556	33.820505	4.1
516	1949.228849	8.756068	0.000556	45.827507	3.2
517	2017.494795	8.751254	0.000556	34.063221	3.1
518	1961.383908	8.750262	0.000556	37.449062	3.1
519	1915.832884	8.748299	0.000556	37.394213	3.0
520	1926.441095	8.741412	0.000556	39.249641	4.6
521	2060.253829	8.756721	0.000556	77.496779	5.3
522	1987.860392	8.753693	0.000556	47.334800	5.2
523	1984.933159	8.978452	0.000552	66.910233	4.3
524	1995.644707	8.967744	0.000552	69.874142	3.2
525	1962.932944	9.483267	0.000543	34.949851	3.3
526	1935.225655	9.497471	0.000542	49.197286	3.2
527	2012.492776	9.493747	0.000542	64.523060	2.5
528	2011.520016	9.487306	0.000542	30.432505	2.5
529	1954.896558	9.480069	0.000543	45.131011	4.7
530	1969.013028	9.473825	0.000543	62.329282	2.4
531	1942.939961	9.465016	0.000543	85.497172	2.4
532	1957.448748	9.791380	0.000537	33.311563	2.3
533	1980.172934	9.849843	0.000536	38.914566	5.0
534	1992.772865	9.843243	0.000536	35.615535	2.2
535	1911.308521	9.833557	0.000536	25.488246	2.2
536	1975.220733	9.826158	0.000537	44.545053	2.2
537	1918.460705	9.817003	0.000537	46.922618	4.5
538	1936.065433	9.829034	0.000536	55.056126	3.6
539	2058.587174	9.818799	0.000537	37.822348	4.2
540	1959.694752	9.809076	0.000537	27.871533	4.2
541	1940.744824	9.801495	0.000537	53.065116	4.3
542	1946.637602	9.806852	0.000537	52.077704	3.1
543	1927.756297	9.818032	0.000537	51.959917	3.1
544	2014.169461	9.808051	0.000537	67.053317	3.1
545	1932.639658	9.964357	0.000534	72.070845	2.8
546	1965.522247	10.505460	0.000525	45.101817	2.6
547	1953.948948	10.494233	0.000525	52.089490	2.9
548	1955.473054	10.561921	0.000524	33.554592	2.9
549	1930.130284	10.569387	0.000524	35.041269	4.4
550	2008.337138	10.561955	0.000524	71.445760	4.4
551	1936.027136	10.565345	0.000524	56.207611	3.5
552	2065.636069	10.553652	0.000524	32.847447	3.3
553	1964.754483	10.543465	0.000524	47.057655	4.4
554	1887.284284	10.552478	0.000524	50.824929	4.5
555	1917.742094	10.544290	0.000524	35.090577	4.2
556	1967.042283	10.564193	0.000524	52.904815	4.2
557	1911.540421	10.562637	0.000524	44.091474	4.3
558	1972.805844	10.580999	0.000524	54.983817	4.0
559	1897.144513	10.598570	0.000523	37.190993	3.2
560	2022.274874	10.588351	0.000524	39.031263	3.2
561	1940.279283	10.580815	0.000524	33.929954	3.0
562	1913.266080	10.574872	0.000524	46.519572	2.6
563	1942.731779	10.581573	0.000524	28.335490	2.7
564	1928.086235	10.572693	0.000524	34.686955	2.6
565	1966.692818	10.564259	0.000524	33.903390	2.4
566	1904.031066	10.557704	0.000524	36.337629	2.3
567	1985.670166	10.557720	0.000524	56.934098	2.3
568	1888.798318	10.546686	0.000524	29.879921	2.2
569	1947.330555	10.542690	0.000524	70.481387	2.2
570	1916.969979	10.533054	0.000524	58.439378	2.1
571	1902.760318	10.531301	0.000525	36.962436	2.1
572	1994.263825	10.521631	0.000525	34.742583	2.1
573	2009.487140	10.513232	0.000525	55.547647	2.0
574	1944.363931	10.512713	0.000525	60.298025	2.0
575	1906.003059	10.501034	0.000525	65.977276	2.0
576	2037.694154	10.565181	0.000524	33.082139	2.0
577	1940.381717	10.553979	0.000524	73.683625	2.0
578	1958.940577	10.618169	0.000523	59.985145	2.0
579	1894.083168	10.606636	0.000523	58.121996	2.0
580	1993.255115	10.607019	0.000523	54.396293	2.0
581	1920.752192	10.617088	0.000523	19.935281	1.9
582	1984.165133	10.610659	0.000523	56.460830	1.9
583	1910.973006	10.607105	0.000523	29.852068	1.9
584	1975.545908	10.603134	0.000523	30.537989	2.0
585	1965.009929	10.597112	0.000523	42.221824	2.0
586	1963.450956	10.596589	0.000523	37.386020	2.0
587	1947.395634	10.586614	0.000524	27.570877	1.9
588	1918.923444	10.584428	0.000524	29.671622	1.9
589	2019.862449	10.578213	0.000524	57.087984	1.9
590	1989.391690	10.575609	0.000524	53.056733	1.9
591	1983.269064	10.565549	0.000524	42.493129	1.9
592	1899.346338	10.562417	0.000524	97.424885	1.9
593	1949.763571	10.664309	0.000522	34.650994	1.9
594	1976.658828	10.656476	0.000522	55.533522	1.9
595	1901.156599	10.649960	0.000523	40.917059	2.1
596	2000.188948	10.697782	0.000522	40.356375	2.2
597	1983.521951	10.696471	0.000522	30.737276	4.6
598	2011.140779	10.690943	0.000522	48.217907	4.1
599	1914.151128	10.681827	0.000522	50.022189	4.2
600	1939.088059	10.676920	0.000522	66.775122	3.9
601	1939.654544	10.665640	0.000522	21.199779	2.9
602	1959.878869	10.661395	0.000522	31.008803	3.1
603	1976.433647	10.656398	0.000522	51.803267	3.1
604	1994.816305	10.646806	0.000523	31.696160	2.6
605	1950.947795	10.651847	0.000523	40.091239	2.4
606	1975.253011	10.647970	0.000523	61.880953	2.4
607	1944.558883	10.664658	0.000522	50.121916	2.3
608	1949.167698	10.855634	0.000519	25.817523	3.8
609	1967.126611	10.857505	0.000519	25.444567	2.6
610	1937.501743	10.850613	0.000519	49.268691	2.6
611	1847.695157	10.849774	0.000519	46.386214	2.6
612	1934.113880	10.892909	0.000519	58.531013	2.4
613	1958.333557	10.881510	0.000519	44.600825	1.9
614	1967.244832	10.972125	0.000517	46.665789	1.9
615	2064.868101	11.016758	0.000517	33.510179	2.1
616	1908.455334	11.014420	0.000517	42.170927	4.0
617	1917.616499	11.008036	0.000517	43.207483	4.2
618	2031.325924	10.997087	0.000517	84.311261	3.8
619	1917.568178	11.204446	0.000514	42.044246	3.0
620	2039.205827	11.261589	0.000513	65.739431	2.9
621	1952.138892	11.263215	0.000513	25.079266	2.9
622	1935.036284	11.254829	0.000513	56.433018	2.4
623	1996.038729	11.245755	0.000513	27.683749	2.4
624	1978.808143	11.250053	0.000513	45.315953	2.4
625	1932.325913	11.241781	0.000513	57.017002	2.5
626	1895.712140	11.231448	0.000513	43.355841	2.4
627	1970.393991	11.220978	0.000513	55.327041	2.1
628	1950.836738	11.297593	0.000512	26.081200	2.1
629	1943.580108	11.287875	0.000512	46.182106	2.1
630	1942.015922	11.278980	0.000512	24.749760	2.1
631	1976.035295	11.272512	0.000512	33.018497	1.9
632	1975.510272	11.269050	0.000513	45.570939	1.9
633	1944.610925	11.271934	0.000512	31.832158	1.9
634	1919.867807	11.265937	0.000513	65.436288	2.0
635	1945.409403	11.256795	0.000513	47.911101	2.0
636	1963.086304	11.392873	0.000511	45.138026	1.8
637	1918.719265	11.381603	0.000511	35.480415	1.8
638	1937.659737	11.382571	0.000511	25.976883	2.0
639	2041.366294	11.380391	0.000511	64.374042	3.5
640	1924.948128	11.371906	0.000511	34.780029	1.9
641	2047.997367	11.440833	0.000510	58.233508	2.0
642	1904.063191	11.448125	0.000510	49.077789	2.0
643	2014.295268	11.542288	0.000508	65.573096	1.9
644	1950.127329	11.570366	0.000508	68.656221	2.1
645	1999.157765	11.559790	0.000508	56.112770	4.3
646	1918.510345	11.709140	0.000506	33.661654	2.1
647	1911.100215	11.711399	0.000506	41.887825	1.8
648	2042.524432	11.701565	0.000506	58.910977	1.8
649	1936.935225	11.808490	0.000504	32.424495	2.1
650	1944.606679	11.818543	0.000504	48.585784	2.1
651	1985.215969	11.808425	0.000504	22.621034	2.1
652	1920.486693	11.804347	0.000504	43.866003	2.2
653	1902.989610	11.799589	0.000504	25.773477	2.2
654	1958.484506	11.791041	0.000504	35.527084	1.8
655	1868.474467	11.787276	0.000504	39.017904	1.7
656	1935.760073	11.787653	0.000504	34.142830	1.8
657	1938.682953	11.792789	0.000504	22.012148	1.8
658	1893.074172	11.786166	0.000504	37.880618	1.8
659	1955.559020	11.780666	0.000505	45.690515	1.9
660	1937.451910	11.770269	0.000505	41.805280	1.8
661	1929.654019	11.759502	0.000505	48.746288	1.8
662	1974.753178	11.797279	0.000504	39.047203	1.8
663	1904.244581	11.823377	0.000504	66.122973	1.8
664	1923.237479	11.929447	0.000502	33.190814	1.8
665	1915.588604	11.922749	0.000502	65.385563	1.8
666	1917.828729	11.938457	0.000502	40.328462	1.8
667	2010.199667	12.052961	0.000500	41.425438	2.0
668	1856.138933	12.091434	0.000500	58.110957	3.4
669	2028.458167	12.130706	0.000499	59.803915	1.9
670	1892.932872	12.119613	0.000499	38.184044	2.0
671	2036.393187	12.110340	0.000500	33.205165	2.1
672	1880.927148	12.101371	0.000500	50.373649	2.0
673	1868.862836	12.102721	0.000500	65.401987	2.1
674	1871.663869	12.091981	0.000500	35.988915	2.2
675	1902.903023	12.083404	0.000500	62.057816	1.9
676	1937.158054	12.085350	0.000500	30.542452	1.9
677	1937.787785	12.081629	0.000500	44.531606	1.9
678	1964.955005	12.095778	0.000500	35.521116	1.9
679	1907.136932	12.091883	0.000500	37.735545	1.9
680	1956.696680	12.082694	0.000500	50.647674	1.8
681	1971.429450	12.098291	0.000500	42.770616	1.8
682	1937.261044	12.089320	0.000500	25.191371	1.8
683	1947.738356	12.080656	0.000500	39.327270	1.8
684	1852.083917	12.079358	0.000500	45.419673	1.8
685	1910.381506	12.100997	0.000500	52.879438	1.9
686	1933.875061	12.089818	0.000500	50.896031	1.8
687	1938.929958	12.114401	0.000499	22.099399	1.8
688	1998.568921	12.108660	0.000500	46.218452	1.9
689	2008.813431	12.101148	0.000500	30.724950	1.8
690	1908.495766	12.091335	0.000500	39.651408	1.8
691	1882.441418	12.085434	0.000500	26.642544	5.2
692	1936.521065	12.077601	0.000500	54.031971	2.3
693	1939.410546	12.093943	0.000500	41.140571	2.5
694	1956.689724	12.119751	0.000499	82.383874	3.2
695	1913.845655	12.161716	0.000499	53.600385	2.3
696	1866.391832	12.884794	0.000488	51.363317	1.9
697	1849.246492	12.874234	0.000488	27.845648	1.8
698	2060.942450	12.880625	0.000488	77.247338	2.0
699	1970.177595	12.878917	0.000488	25.729685	1.9
700	1915.408655	12.869996	0.000488	29.867766	4.8
701	1957.984149	12.870926	0.000488	27.801778	2.3
702	1918.363862	12.862975	0.000488	46.188743	2.3
703	1935.898708	12.855198	0.000489	24.793313	4.6
704	1950.760448	12.848883	0.000489	46.102301	1.8
705	1938.104418	12.846450	0.000489	40.858946	1.7
706	1911.723771	12.835685	0.000489	57.240174	1.8
707	1951.679391	12.838330	0.000489	38.887845	1.8
708	1893.832605	12.828715	0.000489	34.295341	2.9
709	1994.708130	12.822858	0.000489	32.268211	2.3
710	1957.226735	12.826051	0.000489	45.221213	2.3
711	1879.063706	12.817605	0.000489	52.816611	2.4
712	1943.954597	12.827255	0.000489	31.602895	4.3
713	1857.022617	12.855631	0.000489	46.489425	4.1
714	1838.437311	12.848339	0.000489	28.550353	4.2
715	1882.759175	12.864094	0.000488	35.859684	3.3
716	1879.027424	12.870487	0.000488	39.436216	2.1
717	1906.486725	12.867283	0.000488	34.022113	2.2
718	1911.708595	12.860253	0.000488	49.808699	2.2
719	1884.917447	12.885861	0.000488	34.410462	2.1
720	1937.234451	12.876880	0.000488	18.799469	2.1
721	1924.303903	12.873089	0.000488	44.681736	2.1
722	1989.085452	12.869835	0.000488	60.660035	2.0
723	1999.436246	12.897986	0.000488	40.885640	2.1
724	1903.531037	12.887565	0.000488	27.819799	2.1
725	1962.552399	12.895091	0.000488	43.593484	1.9
726	1930.209269	12.887041	0.000488	47.581603	1.9
727	1923.322719	12.881878	0.000488	20.367820	1.9
728	1932.752215	12.880247	0.000488	30.055266	1.9
729	2023.314119	12.875563	0.000488	34.958819	1.9
730	1924.080290	12.876921	0.000488	24.320604	1.8
731	1917.303955	12.883865	0.000488	27.097192	1.8
732	1913.860839	12.880566	0.000488	21.549396	1.8
733	1947.961827	12.874596	0.000488	28.050905	1.8
734	1874.656814	12.874403	0.000488	38.854693	1.8
735	1887.083632	12.873068	0.000488	56.325818	1.8
736	1972.149489	12.875551	0.000488	42.487721	1.8
737	1884.096888	12.877397	0.000488	51.088869	1.8
738	1998.122570	12.866115	0.000488	48.470751	1.8
739	1865.785560	12.977439	0.000487	30.422981	1.9
740	1854.085806	12.997363	0.000486	56.779756	1.8
741	1904.672123	12.987159	0.000487	27.585020	1.8
742	1859.541186	13.008778	0.000486	15.131430	1.8
743	1981.075884	13.006484	0.000486	31.935091	1.8
744	1858.649589	13.003018	0.000486	28.340492	1.8
745	1881.182779	13.009268	0.000486	26.190552	1.7
746	1920.215698	13.007415	0.000486	54.964838	1.8
747	1958.058440	13.000556	0.000486	34.672814	1.7
748	1927.928095	13.001049	0.000486	37.706105	1.7
749	1956.066133	12.996939	0.000486	41.744116	1.8
750	1808.519382	12.992927	0.000487	53.696461	1.8
751	1947.991279	13.089726	0.000485	28.812289	1.8
752	1883.818995	13.086705	0.000485	46.501385	1.8
753	1939.410429	13.077812	0.000485	23.990068	1.9
754	1859.163975	13.087958	0.000485	50.556801	1.8
755	1962.137941	13.085440	0.000485	24.997328	1.9
756	1963.727130	13.105929	0.000485	36.740478	1.8
757	1903.606269	13.101487	0.000485	35.898294	1.8
758	1976.702852	13.091620	0.000485	44.359060	1.8
759	1934.701073	13.120429	0.000485	59.764800	1.8
760	1945.577015	13.154448	0.000484	31.160270	1.8
761	1910.659500	13.144418	0.000484	47.826049	1.8
762	1827.098480	13.153358	0.000484	38.333455	1.8
763	1950.453399	13.173492	0.000484	39.651697	1.8
764	1919.087254	13.165424	0.000484	62.857911	1.8
765	1952.167552	13.242025	0.000483	79.730947	1.8
766	1964.001008	13.230257	0.000483	48.456113	1.8
767	1874.736933	13.758355	0.000476	37.205263	1.9
768	1862.604997	13.750356	0.000476	36.611803	2.0
769	1845.520877	13.762103	0.000476	89.863184	2.2
770	2001.252230	13.969927	0.000473	37.743439	2.0
771	1875.860037	14.044282	0.000472	47.699657	1.8
772	2015.869657	14.087186	0.000471	63.783413	1.8
773	1885.434975	14.317066	0.000468	38.643466	1.8
774	1890.314879	14.401436	0.000467	33.550856	1.8
775	1982.912642	14.428307	0.000467	24.987125	1.8
776	1925.389289	14.422178	0.000467	22.694205	1.7
777	1967.622185	14.418376	0.000467	28.722209	1.8
778	1912.496650	14.412711	0.000467	33.778618	1.8
779	1858.833271	14.408946	0.000467	54.624723	1.8
780	1966.790879	14.398132	0.000467	37.145695	1.8
781	1924.989283	14.420769	0.000467	59.438535	1.7
782	1930.906019	14.481599	0.000466	62.010328	3.1
783	1928.391136	14.470281	0.000466	67.391331	4.3
784	1913.955462	14.689377	0.000463	45.849028	6.9
785	1914.845496	14.680607	0.000464	49.914646	2.0
786	1901.906588	14.671994	0.000464	68.157093	1.7
787	1978.592225	14.660488	0.000464	30.443949	1.7
788	1899.693842	14.660152	0.000464	38.302270	1.8
789	1866.653018	14.652736	0.000464	39.645172	4.5
790	1904.551383	14.647438	0.000464	33.781740	4.6
791	1920.157996	14.673414	0.000464	26.826790	4.5
792	1965.111106	14.678523	0.000464	48.850708	4.1
793	1950.452338	14.683086	0.000463	28.537533	3.9
794	1930.116050	14.693426	0.000463	29.620415	3.7
795	1907.053956	14.687278	0.000463	21.848468	2.9
796	1914.106946	14.686047	0.000463	37.173973	2.9
797	1953.469784	14.678393	0.000464	62.144860	2.9
798	1836.970375	14.702324	0.000463	46.244839	2.4
799	1916.226392	14.724500	0.000463	36.890666	2.3
800	1850.731693	14.735522	0.000463	19.885929	2.3
801	1908.949003	14.733480	0.000463	43.946281	2.3
802	1904.963517	14.734066	0.000463	43.192154	2.1
803	1893.272771	14.736042	0.000463	53.870713	2.3
804	1877.369223	14.729073	0.000463	46.064469	1.9
805	1902.053199	14.798097	0.000462	38.602309	1.8
806	1886.720342	14.834128	0.000462	19.611372	1.8
807	1899.301932	14.833732	0.000462	28.482592	1.9
808	1933.269861	14.827797	0.000462	44.661508	1.9
809	1919.982584	14.821383	0.000462	76.999798	1.9
810	1843.272432	14.809746	0.000462	43.789857	2.0
811	1912.349499	14.880509	0.000461	90.106519	1.9
812	1978.578919	14.869449	0.000461	35.417823	1.9
813	1844.877721	14.868175	0.000461	47.079033	1.8
814	1923.008299	14.857919	0.000461	23.955256	1.8
815	1860.719473	14.856186	0.000461	60.025922	1.8
816	1966.520754	14.860611	0.000461	38.261402	1.8
817	1894.917836	14.923157	0.000460	66.704393	1.8
818	1923.191318	14.978363	0.000460	21.878134	2.0
819	1953.233163	14.975715	0.000460	36.012430	2.2
820	1947.125787	14.984606	0.000460	27.196518	1.8
821	1898.530505	14.986206	0.000460	37.789736	1.9
822	1859.598399	14.978732	0.000460	49.280016	1.8
823	1920.748224	15.023482	0.000459	30.927333	1.8
824	1898.252877	15.030368	0.000459	31.057073	1.8
825	1940.852526	15.025925	0.000459	57.346937	1.8
826	1902.275181	15.016292	0.000459	37.041173	1.8
827	1943.790683	15.133665	0.000458	20.954854	1.8
828	1895.688395	15.130704	0.000458	35.851994	1.9
829	1927.962140	15.129621	0.000458	24.747594	2.0
830	1886.372940	15.135820	0.000458	19.809491	1.9
831	1929.285362	15.138171	0.000458	26.205545	2.0
832	1900.903561	15.134378	0.000458	54.164075	2.0
833	1895.018293	15.160622	0.000457	39.055439	1.9
834	1928.343923	15.164132	0.000457	49.201067	2.0
835	1868.582225	15.250707	0.000456	45.426752	2.0
836	1924.739303	15.249444	0.000456	57.584901	2.0
837	1929.539842	15.240434	0.000456	21.268107	2.0
838	1922.189304	15.244028	0.000456	27.787703	2.0
839	1882.418191	15.240324	0.000456	34.050433	1.9
840	1981.165970	15.245337	0.000456	21.996823	1.9
841	1912.246695	15.242484	0.000456	39.788447	1.8
842	1866.737025	15.244143	0.000456	36.742430	1.8
843	1851.213457	15.234149	0.000456	38.058535	1.8
844	1919.979503	15.249675	0.000456	30.234113	1.8
845	1933.594917	15.242911	0.000456	25.002900	1.8
846	1988.972126	15.249621	0.000456	29.566755	1.8
847	1956.773902	15.251707	0.000456	47.246867	1.8
848	1916.412012	15.243786	0.000456	48.866502	1.8
849	1955.019334	15.233105	0.000456	60.212288	1.9
850	1978.383654	15.290286	0.000456	22.519727	1.7
851	1923.608727	15.288318	0.000456	43.397463	1.8
852	1846.597429	15.292872	0.000456	56.550047	1.8
853	1892.461087	15.359539	0.000455	27.915600	1.8
854	1865.917067	15.386232	0.000455	19.677354	1.8
855	1944.386074	15.382386	0.000455	39.117382	1.8
856	1965.518449	15.385039	0.000455	52.522871	1.8
857	1890.641190	15.375559	0.000455	34.832089	1.8
858	1856.309883	15.440403	0.000454	23.268293	1.8
859	1934.900896	15.432889	0.000454	31.937010	1.8
860	1891.875529	15.433440	0.000454	53.686563	1.8
861	1955.944156	15.465876	0.000454	48.310575	1.9
862	1946.121166	15.482371	0.000453	38.088235	1.9
863	1859.408101	15.471742	0.000453	62.790124	2.6
864	1885.259987	15.467777	0.000454	35.049729	2.4
865	1871.687363	15.458295	0.000454	36.485654	2.3
866	1929.359433	15.458192	0.000454	67.427909	2.2
867	1863.827082	15.448046	0.000454	42.184395	1.9
868	2000.803348	15.436827	0.000454	60.056260	1.8
869	1894.351874	15.535982	0.000453	36.747378	1.8
870	1970.746721	15.535265	0.000453	42.559415	1.8
871	1921.833014	15.524819	0.000453	35.839703	1.8
872	1925.052768	15.553242	0.000452	54.303295	1.7
873	1918.461532	15.542375	0.000453	35.329630	1.8
874	1861.856874	15.540931	0.000453	60.598326	1.9
875	1934.275397	15.530624	0.000453	41.753350	1.9
876	2038.312117	15.539752	0.000453	51.282872	1.8
877	1942.394709	15.528831	0.000453	25.728635	1.9
878	1906.590657	15.569782	0.000452	52.658046	1.8
879	2004.293658	15.567247	0.000452	42.862921	1.8
880	1884.575121	15.565437	0.000452	16.472844	1.9
881	1987.116547	15.560040	0.000452	27.263581	2.0
882	1923.681511	15.558542	0.000452	59.761736	1.9
883	1887.493872	15.602696	0.000452	77.537987	3.3
884	1889.754776	15.590940	0.000452	32.694844	1.9
885	1927.151343	15.600464	0.000452	32.982780	3.2
886	1962.491344	15.603814	0.000452	39.863304	2.0
887	1966.214518	15.598248	0.000452	23.601854	2.0
888	1906.514436	15.601080	0.000452	45.790766	2.0
889	1926.222212	15.603804	0.000452	29.472541	2.0
890	1927.172112	15.594062	0.000452	36.972414	2.9
891	1925.795735	15.600360	0.000452	19.601531	4.3
892	1850.915670	15.599123	0.000452	32.647361	4.1
893	1896.448964	15.599384	0.000452	60.633701	4.0
894	1871.294362	15.657051	0.000451	52.168848	1.8
895	1895.643096	15.647241	0.000451	54.532609	1.8
896	1942.703561	15.640163	0.000451	31.491296	1.8
897	1898.124706	15.663511	0.000451	23.126056	1.8
898	1888.953194	15.664649	0.000451	39.142248	1.9
899	1896.223472	15.660651	0.000451	25.039633	1.7
900	1915.798577	15.660117	0.000451	49.265416	1.8
901	1964.562960	15.650748	0.000451	52.321788	1.8
902	1832.559251	15.640005	0.000451	53.406157	1.9
903	1950.121365	15.660762	0.000451	26.088253	2.0
904	1881.492818	15.659629	0.000451	46.381844	2.0
905	1931.523723	15.672593	0.000451	23.695244	2.2
906	1952.625032	15.673879	0.000451	25.073592	2.1
907	1937.719664	15.672024	0.000451	30.933632	2.1
908	1888.312805	15.665223	0.000451	26.524225	1.9
909	1926.401931	15.667587	0.000451	35.250838	1.9
910	1939.195218	15.670055	0.000451	52.155990	2.0
911	1907.525113	15.663159	0.000451	21.076341	1.9
912	1941.467536	15.660238	0.000451	30.287733	1.8
913	1957.899088	15.665126	0.000451	24.841052	1.7
914	1937.522625	15.657822	0.000451	30.872418	1.7
915	1862.454073	15.650590	0.000451	30.766969	2.1
916	1963.380262	15.666786	0.000451	22.951949	3.9
917	1943.660180	15.666964	0.000451	63.385398	3.9
918	1949.295798	15.689467	0.000451	57.642560	4.0
919	1885.339553	15.739945	0.000450	19.978313	3.5
920	1857.093042	15.732710	0.000450	62.893554	2.9
921	1917.662051	15.743237	0.000450	77.131172	2.8
922	1839.210482	15.737616	0.000450	78.173558	2.8
923	1858.860098	16.620834	0.000440	48.236551	2.2
924	1870.210485	16.609607	0.000440	27.546413	2.2
925	1932.905416	16.599855	0.000440	52.207016	2.2
926	1881.093385	16.623979	0.000440	20.210298	2.2
927	1859.259034	16.619742	0.000440	46.306454	2.1
928	1937.352151	16.614030	0.000440	74.736327	2.0
929	1891.773102	16.602474	0.000440	36.798729	2.0
930	1845.393956	16.830482	0.000437	37.606810	2.0
931	1818.536147	16.826481	0.000437	36.742487	2.0
932	1893.524241	16.822720	0.000437	40.530547	2.0
933	1898.649066	16.813058	0.000437	28.175279	1.8
934	1925.285365	16.826365	0.000437	48.176769	1.8
935	1892.858416	16.818627	0.000437	31.772543	1.8
936	1837.942150	16.832565	0.000437	37.932908	1.8
937	1879.412091	16.823198	0.000437	35.475434	1.8
938	1931.654156	16.821264	0.000437	31.967306	1.8
939	1919.069787	16.818514	0.000437	59.540882	1.7
940	1869.549989	16.807627	0.000437	30.075686	1.7
941	1918.459435	16.881360	0.000437	21.988805	1.8
942	1871.782318	16.876018	0.000437	21.785754	1.8
943	1976.531605	16.870831	0.000437	43.345017	1.8
944	1886.571190	16.880306	0.000437	21.464156	2.0
945	1900.277519	16.881268	0.000437	33.480259	1.9
946	1891.336524	16.874198	0.000437	39.772858	2.0
947	1877.733059	16.873315	0.000437	31.819923	1.9
948	1920.665184	16.879695	0.000437	55.140404	1.9
949	1826.030184	16.890684	0.000436	40.633668	1.8
950	1891.707988	16.879422	0.000437	40.229799	1.8
951	1882.535910	16.919845	0.000436	38.870945	1.7
952	1848.734723	16.959267	0.000436	36.639303	1.8
953	1851.723009	16.967190	0.000436	42.578445	1.8
954	1914.642241	17.024258	0.000435	27.116511	1.8
955	1837.364956	17.050566	0.000435	15.528523	3.7
956	1935.301725	17.048224	0.000435	79.261808	4.2
957	1951.211425	17.054187	0.000435	60.468556	3.9
958	1910.484883	17.042434	0.000435	47.684776	4.0
959	1898.369643	17.040676	0.000435	34.064021	4.0
960	1889.637689	17.056711	0.000435	31.763418	2.9
961	1940.808433	17.069332	0.000434	71.670303	3.0
962	1880.029272	17.058245	0.000435	68.351680	3.0
963	1905.349843	17.046488	0.000435	53.231668	3.2
964	1893.428196	17.437384	0.000430	64.823896	3.2
965	1958.096427	17.428798	0.000430	31.876880	3.5
966	1956.946649	17.435179	0.000430	36.754549	3.1
967	1926.582601	17.425860	0.000430	27.320865	3.1
968	1929.422990	17.417110	0.000431	54.180923	2.8
969	1912.762779	17.437594	0.000430	47.275605	2.4
970	1921.029572	17.451191	0.000430	21.573298	1.9
971	1942.859486	17.459548	0.000430	32.446830	1.9
972	1925.978302	17.461339	0.000430	38.551551	2.0
973	1930.525838	17.454541	0.000430	46.738266	1.9
974	1904.827966	17.447876	0.000430	54.914983	1.9
975	1943.627905	17.510269	0.000429	27.864022	1.9
976	1895.937219	17.507004	0.000430	18.440787	1.8
977	1881.762674	17.503273	0.000430	53.698775	1.8
978	1893.099457	17.511852	0.000429	24.713087	1.8
979	1907.595675	17.520643	0.000429	29.105753	1.8
980	1868.100030	17.519289	0.000429	66.392890	2.0
981	1970.005249	17.600951	0.000428	38.220104	1.9
982	1882.753260	17.591673	0.000429	43.059402	1.8
983	1886.893205	17.615568	0.000428	32.930628	1.9
984	1906.540938	17.631098	0.000428	38.768870	1.9
985	1884.149321	17.628344	0.000428	20.926947	1.9
986	1882.193578	17.620367	0.000428	46.750745	1.9
987	1959.532507	17.626059	0.000428	42.824948	2.1
988	1895.531314	17.636574	0.000428	68.697672	1.8
989	1948.101886	17.677631	0.000428	27.508954	1.9
990	1916.942812	17.700304	0.000427	24.139121	1.8
991	1884.219042	17.693779	0.000427	63.543099	1.8
992	1940.644545	17.691974	0.000427	41.480076	3.5
993	1883.676654	17.690882	0.000427	47.936413	2.3
994	1928.389942	17.680094	0.000428	68.919863	2.3
995	1915.719429	17.726547	0.000427	86.414663	2.4
996	1883.578137	18.079584	0.000423	35.203304	4.1
997	1900.075222	18.068143	0.000423	18.204010	4.2
998	1863.959322	18.069654	0.000423	18.628974	4.2
999	1908.800468	18.065192	0.000423	22.443852	4.1
1000	1892.971500	18.061448	0.000423	41.196828	2.9
1001	1867.513582	18.058256	0.000423	53.560836	2.9
1002	1955.995022	18.058145	0.000423	67.545282	2.9
1003	1921.002147	18.046663	0.000424	39.730860	2.8
1004	1943.563616	18.074753	0.000423	77.953985	2.4
1005	1926.810541	18.076591	0.000423	32.231514	2.4
1006	1876.832851	18.121740	0.000423	81.074848	2.4
1007	1927.043416	18.110307	0.000423	29.052047	2.5
1008	1923.000402	18.175754	0.000422	21.254816	2.5
1009	1880.415728	18.169497	0.000422	27.227799	2.5
1010	1909.288514	18.176831	0.000422	24.859312	2.4
1011	1975.671574	18.175702	0.000422	44.190492	2.4
1012	1913.078088	18.175947	0.000422	41.239205	2.4
1013	1918.714826	18.179019	0.000422	46.853930	2.3
1014	1839.090692	18.168458	0.000422	26.680731	2.4
1015	1889.653630	18.169016	0.000422	48.112239	2.4
1016	1936.679785	18.186090	0.000422	45.224141	2.3
1017	1937.734980	18.216448	0.000422	27.850262	2.3
1018	1912.512638	18.232711	0.000422	49.060211	2.2
1019	1877.247748	18.271515	0.000421	39.027011	2.3
1020	1905.533745	18.277884	0.000421	35.334702	2.4
1021	1881.025984	18.301480	0.000421	12.473042	2.4
1022	1928.247909	18.300884	0.000421	45.786919	2.4
1023	1923.829986	18.305737	0.000421	21.547129	2.4
1024	1893.990119	18.305616	0.000421	44.900128	2.4
1025	1870.572110	18.302886	0.000421	37.397417	2.4
1026	1881.129027	18.328802	0.000421	23.463529	2.4
1027	1974.309423	18.320938	0.000421	35.519432	2.4
1028	1861.201747	18.319751	0.000421	32.039070	2.3
1029	1835.997881	18.318906	0.000421	44.285060	2.2
1030	1900.439061	18.315361	0.000421	46.019506	2.2
1031	2002.440122	18.310349	0.000421	65.386782	3.4
1032	1906.029687	18.539277	0.000418	19.946268	2.3
1033	1799.589186	18.531726	0.000418	66.073765	1.8
1034	1873.145333	18.535191	0.000418	30.277904	1.9
1035	1873.565639	18.602407	0.000418	20.204355	1.9
1036	1915.580953	18.597091	0.000418	68.380992	1.8
1037	1916.736328	18.588484	0.000418	36.109733	1.9
1038	1806.841077	18.579230	0.000418	56.461391	1.8
1039	1899.235902	18.670607	0.000417	27.499397	1.8
1040	1905.309800	18.660723	0.000417	26.725206	1.8
1041	1875.452967	18.656535	0.000417	47.542197	1.8
1042	1890.883186	18.688278	0.000417	59.766729	1.8
1043	1849.498492	18.967704	0.000414	34.057952	1.9
1044	1876.242105	19.006700	0.000413	25.677202	2.0
1045	1904.386261	19.001038	0.000413	35.185401	2.4
1046	1925.740131	18.995971	0.000414	33.460554	2.4
1047	1898.469030	18.987623	0.000414	32.925100	2.6
1048	1897.655923	18.981694	0.000414	65.820946	4.3
1049	1869.620104	18.993230	0.000414	37.671921	4.0
1050	1863.746991	19.001793	0.000413	47.007987	4.1
1051	1945.757466	18.993867	0.000414	20.840966	4.0
1052	1899.924097	18.991259	0.000414	31.371501	3.8
1053	1912.443430	18.999023	0.000413	45.760247	3.0
1054	1860.876900	18.999092	0.000413	40.905905	3.0
1055	1843.411787	18.988297	0.000414	42.700879	2.9
1056	1949.613886	19.071828	0.000413	39.923038	2.4
1057	1872.041080	19.064340	0.000413	39.412902	2.4
1058	1889.426364	19.096980	0.000412	60.571427	2.7
1059	1900.534676	19.147455	0.000412	29.429064	4.4
1060	1878.260743	19.144021	0.000412	23.129167	4.0
1061	1839.798920	19.142628	0.000412	41.110888	4.0
1062	1861.263454	19.147909	0.000412	28.647030	3.1
1063	1942.219346	19.146478	0.000412	23.541637	3.0
1064	1955.431845	19.152901	0.000412	22.005193	3.9
1065	1906.145579	19.157431	0.000412	26.479965	4.4
1066	1883.338296	19.158130	0.000412	38.028801	4.3
1067	1784.390489	19.149101	0.000412	48.501653	4.0
1068	1900.077405	19.152056	0.000412	55.577111	4.1
1069	1908.519765	19.433997	0.000409	34.699478	4.0
1070	1877.683329	19.423844	0.000409	49.725652	3.2
1071	1885.641401	19.425034	0.000409	51.221194	3.1
1072	1852.170197	19.418805	0.000409	58.432038	3.0
1073	1858.546634	19.424499	0.000409	25.615323	2.5
1074	1909.472480	19.431652	0.000409	24.358691	2.5
1075	1835.981660	19.429912	0.000409	40.211363	2.6
1076	1926.126312	19.452356	0.000409	24.503757	2.5
1077	1882.955273	19.469694	0.000409	19.604391	2.2
1078	1893.163123	19.471798	0.000409	38.921850	2.2
1079	1928.936848	19.467976	0.000409	54.797370	2.2
1080	1888.204571	19.545795	0.000408	24.571802	2.2
1081	1952.614561	19.574112	0.000408	46.285663	2.1
1082	1899.038811	19.596296	0.000407	40.109041	2.0
1083	1877.080035	19.590188	0.000407	41.792378	2.0
1084	1819.717728	19.585436	0.000408	19.151504	1.9
1085	1915.902914	19.584315	0.000408	24.690557	2.0
1086	1923.971398	19.581897	0.000408	43.536444	1.9
1087	1842.160701	19.612128	0.000407	45.515307	1.8
1088	1880.673022	19.624364	0.000407	45.294709	1.8
1089	1879.568243	19.625892	0.000407	39.271557	1.8
1090	1957.906040	19.690796	0.000406	39.771698	1.9
1091	1943.868442	19.685481	0.000407	42.782974	1.9
1092	1939.839855	19.689872	0.000406	18.259851	2.0
1093	1868.029425	19.687833	0.000406	50.623263	2.0
1094	1888.480785	19.681721	0.000407	18.336989	2.0
1095	1850.264665	19.682052	0.000407	48.750636	2.6
1096	1861.402683	19.686576	0.000406	18.507595	2.1
1097	1900.683604	19.683552	0.000407	26.583813	2.0
1098	1918.500123	19.686056	0.000406	43.516764	1.9
1099	1856.566130	19.687300	0.000406	42.457961	1.9
1100	1895.296897	19.676626	0.000407	36.775420	2.0
1101	1940.121865	19.666279	0.000407	56.646637	2.3
1102	1858.049729	19.656201	0.000407	48.517262	1.9
1103	1825.171030	19.780697	0.000406	29.703934	1.8
1104	1887.812214	19.771592	0.000406	96.485379	1.8
1105	1905.185689	19.761460	0.000406	43.803749	1.8
1106	1858.772513	19.832128	0.000405	9.484781	1.8
1107	1928.873815	19.831232	0.000405	26.280645	1.8
1108	1887.226518	19.829698	0.000405	14.991419	1.8
1109	1880.798274	19.824938	0.000405	37.146448	1.9
1110	1910.162987	19.824411	0.000405	28.280445	2.9
1111	1880.473226	19.852323	0.000405	29.708275	2.2
1112	1910.694439	19.846755	0.000405	41.194023	2.2
1113	1906.240055	19.843498	0.000405	23.273321	1.8
1114	1860.330695	19.866501	0.000405	29.925624	1.9
1115	1873.698059	19.864804	0.000405	32.777715	1.8
1116	1907.611179	19.856861	0.000405	23.907232	1.8
1117	1954.948840	19.851834	0.000405	57.122477	1.8
1118	1842.671186	19.869133	0.000405	48.022389	1.8
1119	1850.434882	19.857655	0.000405	64.496475	1.9
1120	1882.795489	20.166767	0.000402	52.471321	1.8
1121	1936.804656	20.202677	0.000401	29.910754	1.9
1122	1957.261504	20.206742	0.000401	38.608923	2.0
1123	1875.708358	20.222156	0.000401	41.839470	2.0
1124	1883.411580	20.212499	0.000401	27.609929	2.3
1125	1824.559856	20.224414	0.000401	57.206459	2.1
1126	1888.072582	20.218877	0.000401	12.126238	2.0
1127	1837.762852	20.213921	0.000401	32.945586	1.8
1128	1910.217604	20.209749	0.000401	22.177393	1.8
1129	1811.146087	20.202125	0.000401	45.203062	1.9
1130	1933.858017	20.212785	0.000401	43.206542	2.3
1131	1920.412505	20.217552	0.000401	57.012206	1.9
1132	1904.014888	20.207339	0.000401	33.990604	1.9
1133	1852.266828	20.196620	0.000401	15.991370	1.9
1134	1907.498587	20.201672	0.000401	32.646174	1.9
1135	1945.156753	20.202279	0.000401	19.489276	2.3
1136	1876.349254	20.201565	0.000401	66.389210	1.8
1137	1885.140803	20.210665	0.000401	35.971267	1.7
1138	1819.945914	20.294510	0.000401	30.064760	1.7
1139	1873.043012	20.315826	0.000400	34.100624	1.8
1140	1925.112982	20.314680	0.000400	34.414083	1.7
1141	1846.986103	20.314102	0.000400	23.099843	1.8
1142	1952.307869	20.313718	0.000400	21.335512	8.0
1143	1918.341405	20.316967	0.000400	17.227292	4.6
1144	1888.739018	20.313624	0.000400	84.116363	4.0
1145	1841.771444	20.321953	0.000400	17.020446	2.2
1146	1934.334855	20.319544	0.000400	32.318704	2.5
1147	1880.729950	20.314226	0.000400	29.641573	2.7
1148	1901.697485	20.306999	0.000400	38.120280	2.7
1149	1797.810149	20.299044	0.000400	46.108206	2.7
1150	1898.948247	20.308968	0.000400	40.912233	2.6
1151	1830.765683	20.339940	0.000400	56.878899	2.5
1152	1886.482163	20.474593	0.000399	35.079627	2.4
1153	1825.013014	20.463960	0.000399	40.892620	2.4
1154	1875.702109	20.454066	0.000399	43.686987	2.4
1155	1850.634872	20.521944	0.000398	54.542894	2.5
1156	1861.309387	20.510579	0.000398	51.869055	2.5
1157	1904.084703	20.499315	0.000399	39.248236	2.5
1158	1858.239599	20.507647	0.000398	31.342636	2.4
1159	1900.492264	20.538804	0.000398	30.055469	2.2
1160	1938.714851	20.534596	0.000398	38.080512	2.2
1161	1930.691911	20.526034	0.000398	36.813087	2.2
1162	1932.348534	20.555892	0.000398	50.400306	2.2
1163	1906.736028	20.550644	0.000398	50.263390	2.0
1164	1865.533056	20.539179	0.000398	31.250676	2.0
1165	1871.367273	20.548761	0.000398	20.392957	1.9
1166	1933.508901	20.551637	0.000398	53.436928	2.0
1167	1909.869206	20.554207	0.000398	34.777668	2.0
1168	1881.138951	20.547879	0.000398	22.771618	1.8
1169	1859.176944	20.562872	0.000398	48.153132	1.8
1170	1879.719559	20.555571	0.000398	48.059969	1.8
1171	1927.579571	20.561471	0.000398	21.805355	1.8
1172	1875.563955	20.555429	0.000398	20.566743	1.8
1173	1919.153911	20.550940	0.000398	55.134099	1.8
1174	1898.186226	20.558609	0.000398	28.011247	1.8
1175	1899.194966	20.551630	0.000398	33.212841	1.8
1176	1855.438774	20.559461	0.000398	30.470300	1.8
1177	1871.275040	20.563019	0.000398	27.531388	1.8
1178	1902.036826	20.561099	0.000398	25.169989	1.8
1179	1959.541713	20.561566	0.000398	52.393192	1.8
1180	1845.642367	20.556003	0.000398	31.813041	1.8
1181	1912.084397	20.549972	0.000398	11.192117	1.9
1182	1846.171329	20.548455	0.000398	35.744303	1.8
1183	1923.929874	20.551200	0.000398	23.803157	1.9
1184	1876.028358	20.553178	0.000398	48.288057	1.8
1185	1900.605929	20.550831	0.000398	22.210577	1.8
1186	1929.721236	20.546452	0.000398	41.919814	1.8
1187	1820.085930	20.561290	0.000398	42.103374	1.8
1188	1900.659498	20.560635	0.000398	30.466010	1.8
1189	1857.404055	20.601469	0.000398	44.047165	1.8
1190	1876.889549	20.591857	0.000398	28.099029	1.8
1191	2006.169303	20.584145	0.000398	57.855297	1.9
1192	1854.532288	20.633682	0.000397	26.765796	1.9
1193	1858.658521	20.644400	0.000397	24.324042	1.9
1194	1954.206965	20.642467	0.000397	21.646727	1.9
1195	1897.434824	20.640522	0.000397	12.367280	1.9
1196	1876.030870	20.639401	0.000397	66.956887	1.9
1197	1957.184000	20.646208	0.000397	66.270803	3.8
1198	1838.046275	21.409307	0.000390	21.725823	1.8
1199	1927.357331	21.413127	0.000390	60.105201	1.7
1200	1863.366048	21.415516	0.000390	21.058369	2.0
1201	1908.793023	21.437448	0.000390	27.479992	2.1
1202	1891.781720	21.434345	0.000390	22.559361	2.1
1203	1904.423654	21.428540	0.000390	29.708415	2.3
1204	1867.106519	21.440496	0.000390	23.643718	4.1
1205	1944.192813	21.441208	0.000390	23.301322	2.3
1206	1820.143031	21.445477	0.000390	46.773055	2.4
1207	1902.550761	21.456380	0.000390	40.349916	4.3
1208	1894.470485	21.446020	0.000390	45.574295	3.8
1209	1917.904801	21.437652	0.000390	59.325997	2.6
1210	1849.077045	21.435240	0.000390	28.849997	2.7
1211	1915.224973	21.425229	0.000390	47.278627	2.9
1212	1912.228837	21.421232	0.000390	36.536295	2.9
1213	1820.032689	21.410674	0.000390	23.813804	3.1
1214	1841.114173	21.418389	0.000390	23.447444	2.8
1215	1904.081060	21.416318	0.000390	25.882182	2.3
1216	1906.804163	21.420118	0.000390	17.605745	2.4
1217	1859.554417	21.418148	0.000390	62.179408	4.2
1218	1947.964055	21.420567	0.000390	28.778810	4.8
1219	1872.540831	21.430013	0.000390	36.829491	4.0
1220	1905.105418	21.429905	0.000390	25.655522	3.4
1221	1880.238372	21.435766	0.000390	40.082977	3.2
1222	1970.411619	21.429093	0.000390	24.224832	3.0
1223	1882.989665	21.450129	0.000390	50.416319	2.7
1224	1907.343693	21.449265	0.000390	26.423437	2.8
1225	1939.885255	21.462120	0.000389	54.197072	2.6
1226	1840.559263	21.453286	0.000390	77.457616	2.7
1227	1795.265450	22.240235	0.000382	20.300584	2.3
1228	1952.176935	22.230220	0.000383	52.679508	2.3
1229	1956.349823	22.238882	0.000382	86.689249	2.4
1230	1918.944487	22.229107	0.000383	23.374930	2.3
1231	1885.998223	22.302551	0.000382	37.897556	2.2
1232	1900.873329	22.300674	0.000382	23.229993	2.1
1233	1872.169515	22.292258	0.000382	31.506260	3.1
1234	1929.141123	22.285687	0.000382	12.382602	2.1
1235	1873.273077	22.286233	0.000382	103.964505	2.0
1236	1953.782934	22.282519	0.000382	37.490910	2.0
1237	1853.109415	22.314246	0.000382	52.970062	2.3
1238	1894.916320	22.305882	0.000382	48.929821	2.8
1239	1900.440899	22.294876	0.000382	22.353203	2.0
1240	1896.748176	22.286006	0.000382	14.662323	2.4
1241	1830.336838	22.287236	0.000382	31.295318	2.4
1242	1916.697357	22.290098	0.000382	57.074953	2.4
1243	1941.434981	22.353524	0.000381	39.316491	2.4
1244	1873.109968	22.355158	0.000381	24.239130	2.2
1245	1906.916420	22.365261	0.000381	27.092301	2.0
1246	1933.481257	22.366234	0.000381	30.280381	1.9
1247	1871.802449	22.361100	0.000381	28.693821	2.0
1248	1885.362590	22.366002	0.000381	86.182429	1.9
1249	1843.889867	22.366479	0.000381	61.294608	1.9
1250	1844.210014	22.864842	0.000377	29.769671	1.8
1251	1893.484409	22.854001	0.000377	22.393349	1.8
1252	1860.782943	22.856594	0.000377	53.700287	1.9
1253	1859.333044	22.847866	0.000377	42.433380	1.8
1254	1834.774311	22.836805	0.000377	34.813195	1.9
1255	1934.931036	22.872353	0.000377	49.177580	1.9
1256	1882.673369	22.871899	0.000377	22.948761	1.9
1257	1977.108370	22.866121	0.000377	52.561835	1.9
1258	1933.010866	22.891627	0.000377	44.191328	1.9
1259	1893.663694	22.961068	0.000376	30.215851	1.9
1260	1848.055415	22.973991	0.000376	31.679613	1.8
1261	1904.578035	22.965662	0.000376	24.817698	1.8
1262	1953.692284	22.970198	0.000376	37.205234	1.9
1263	1886.606962	22.965906	0.000376	53.835809	1.7
1264	1887.947704	22.966678	0.000376	56.489813	1.8
1265	1860.596939	22.956236	0.000376	45.078943	1.8
1266	1846.402540	22.983749	0.000376	48.506473	1.8
1267	1845.326444	22.977023	0.000376	18.711242	1.8
1268	1925.134963	22.979739	0.000376	45.678768	1.8
1269	1881.885085	22.987991	0.000376	31.475719	1.8
1270	1906.566631	22.990065	0.000376	50.311185	1.9
1271	1896.218796	23.005782	0.000376	53.543076	1.9
1272	1825.999914	23.314808	0.000373	59.532506	2.0
1273	1887.340143	23.366498	0.000373	35.043833	1.9
1274	1883.242277	23.525748	0.000371	25.369008	1.9
1275	1869.308165	23.531236	0.000371	19.185816	2.0
1276	1845.982104	23.537016	0.000371	35.187585	1.8
1277	1889.415705	23.541726	0.000371	18.806207	1.8
1278	1858.067981	23.540672	0.000371	65.995276	1.8
1279	1803.578652	23.562163	0.000371	8.001929	1.8
1280	1921.852215	23.559731	0.000371	44.700295	1.8
1281	1897.506710	23.558274	0.000371	32.275182	1.8
1282	1903.034662	23.548204	0.000371	39.081883	1.8
1283	1884.655531	23.538397	0.000371	43.211068	1.8
1284	1854.096054	23.543342	0.000371	24.269161	1.8
1285	1822.942263	23.551443	0.000371	65.289350	1.8
1286	1915.286504	23.559768	0.000371	32.434446	1.8
1287	1902.293178	23.627258	0.000371	34.891377	1.8
1288	1850.652407	23.623312	0.000371	72.573302	1.8
1289	1938.704121	23.612325	0.000371	45.839854	1.8
1290	1880.653161	23.607930	0.000371	29.019424	1.8
1291	1914.326566	23.616459	0.000371	29.472351	1.9
1292	1913.685280	23.610398	0.000371	23.087532	1.8
1293	1938.845186	23.605861	0.000371	43.098497	1.8
1294	1862.958664	23.627193	0.000371	51.143245	1.9
1295	1927.618713	23.642781	0.000370	36.444181	1.9
1296	1893.779089	23.685360	0.000370	27.445746	2.0
1297	1944.593471	23.677818	0.000370	38.161565	4.3
1298	1883.657827	23.669028	0.000370	26.385237	4.2
1299	1899.404424	23.682238	0.000370	20.185789	4.2
1300	1896.783306	23.676045	0.000370	40.968791	3.3
1301	1900.471888	23.682125	0.000370	24.956060	3.1
1302	1894.795077	23.675564	0.000370	40.661918	2.6
1303	1858.612079	23.667225	0.000370	64.140023	2.8
1304	1870.573367	23.819742	0.000369	34.614113	2.7
1305	1827.441130	23.826399	0.000369	42.401342	2.8
1306	1895.195914	23.823626	0.000369	55.863283	2.5
1307	1922.003119	23.812383	0.000369	43.459377	2.2
1308	1895.242573	23.806692	0.000369	39.307809	2.3
1309	1887.005515	23.826819	0.000369	21.906569	2.3
1310	1881.960079	23.825346	0.000369	26.249849	2.3
1311	1959.809881	23.828464	0.000369	42.942473	2.0
1312	1909.798847	23.819636	0.000369	51.270552	4.5
1313	1903.534283	23.836174	0.000369	55.494322	4.1
1314	1885.670024	23.830948	0.000369	43.404722	4.0
1315	1943.219729	23.825460	0.000369	29.691508	4.0
1316	1862.372491	23.821428	0.000369	24.550869	3.4
1317	1911.982155	23.830398	0.000369	43.864025	2.9
1318	1857.071016	23.824447	0.000369	45.433437	3.1
1319	1875.038369	23.911538	0.000368	10.020586	3.0
1320	1891.596887	23.908662	0.000368	30.123774	2.4
1321	1841.070169	23.907740	0.000368	37.801711	2.4
1322	1815.570951	23.920204	0.000368	37.053624	2.4
1323	1855.112247	23.927739	0.000368	29.874992	2.4
1324	1866.287419	23.931840	0.000368	28.277687	2.3
1325	1871.552451	23.930629	0.000368	42.871719	2.6
1326	1836.837663	23.947955	0.000368	27.785100	2.3
1327	1881.115459	23.940801	0.000368	22.240165	2.7
1328	1933.849314	23.939751	0.000368	39.559781	2.0
1329	1899.162265	23.945938	0.000368	42.990959	1.9
1330	1959.052882	23.944313	0.000368	66.733975	1.9
1331	1929.999565	23.989736	0.000368	34.081641	1.9
1332	1930.492826	23.986672	0.000368	29.447560	2.0
1333	1908.155634	23.979369	0.000368	49.629605	2.0
1334	1949.312938	23.969701	0.000368	44.670007	1.9
1335	1902.224157	23.958415	0.000368	17.178880	2.0
1336	1939.553699	23.951788	0.000368	30.020542	2.0
1337	1915.707191	23.954531	0.000368	45.121534	1.9
1338	1899.946053	23.956553	0.000368	46.348876	1.9
1339	1856.949425	23.945975	0.000368	55.661181	1.9
1340	1905.138212	23.934920	0.000368	26.917240	1.9
1341	1869.694427	23.965736	0.000368	48.975271	1.9
1342	1897.584276	23.975461	0.000368	24.494985	1.9
1343	1882.100601	24.012864	0.000367	52.033340	1.8
1344	1845.294367	24.005423	0.000367	22.523489	1.8
1345	1862.569538	24.005181	0.000367	28.013960	1.8
1346	1829.810182	24.007198	0.000367	41.180168	1.8
1347	1887.089511	23.999624	0.000368	53.273948	1.8
1348	1820.589044	24.033974	0.000367	62.871825	1.8
1349	1827.062969	24.044331	0.000367	33.893988	1.9
1350	1938.407223	24.073712	0.000367	40.462816	1.9
1351	1841.398076	24.071253	0.000367	38.183691	1.8
1352	1874.514232	24.123650	0.000367	34.463074	1.9
1353	1851.510630	24.124466	0.000367	43.144334	1.8
1354	1875.253975	24.148243	0.000366	41.056195	2.0
1355	1886.432619	24.139573	0.000366	18.373279	2.0
1356	1926.733832	24.148287	0.000366	70.208045	2.0
1357	1922.400679	24.144819	0.000366	28.794092	2.0
1358	1897.779769	24.169348	0.000366	69.246576	2.0
1359	1872.375302	24.233912	0.000366	20.725147	1.9
1360	1845.112588	24.228561	0.000366	23.528284	1.8
1361	1829.565746	24.226240	0.000366	22.844206	1.8
1362	1861.586735	24.222414	0.000366	31.790602	1.8
1363	1932.461589	24.232063	0.000366	30.912752	1.8
1364	1932.083835	24.257670	0.000365	27.506988	1.8
1365	1899.727940	24.267015	0.000365	54.789594	1.8
1366	1936.299647	24.262670	0.000365	26.575833	1.8
1367	1884.310425	24.275992	0.000365	21.646827	1.8
1368	1901.662188	24.284269	0.000365	31.165859	1.9
1369	1902.266713	24.277411	0.000365	16.791349	4.4
1370	1970.492703	24.278298	0.000365	28.118189	4.1
1371	1880.044167	24.279043	0.000365	39.625819	4.0
1372	1924.351016	24.274154	0.000365	61.134621	4.0
1373	1844.776425	24.354731	0.000365	48.199360	4.1
1374	1870.207118	24.344948	0.000365	30.004441	3.5
1375	1915.007794	24.340993	0.000365	19.302905	3.1
1376	1834.317643	24.340551	0.000365	69.333599	3.1
1377	1885.622930	24.361520	0.000365	17.010398	6.1
1378	1872.949100	24.360732	0.000365	36.818681	4.6
1379	1973.235187	24.361438	0.000365	35.885855	4.4
1380	1843.796481	24.399497	0.000364	34.007380	4.7
1381	1873.436915	24.389931	0.000364	54.418085	4.8
1382	1885.370492	24.424462	0.000364	35.066373	4.2
1383	1912.003176	24.424479	0.000364	36.520971	4.2
1384	1832.431599	24.415347	0.000364	55.491198	4.3
1385	1959.754353	24.466596	0.000364	73.362732	3.7
1386	1853.768619	24.654675	0.000362	46.958776	2.9
1387	1823.570166	25.131564	0.000359	52.354531	2.9
1388	1917.108207	25.121289	0.000359	34.386207	2.8
1389	1911.089627	25.151976	0.000358	47.356359	2.8
1390	1819.811336	25.146007	0.000358	91.283221	2.3
1391	1890.582192	25.989018	0.000352	35.038372	3.6
1392	1839.164968	26.063854	0.000351	23.154272	2.8
1393	1830.042112	26.056226	0.000351	23.298553	2.4
1394	1834.405011	26.050801	0.000352	40.528756	2.3
1395	1920.305450	26.042560	0.000352	13.953183	2.5
1396	1898.026682	26.037317	0.000352	39.372760	2.1
1397	1857.857989	26.033995	0.000352	33.215229	1.9
1398	1891.761211	26.026348	0.000352	20.574864	2.0
1399	1881.462386	26.030281	0.000352	35.932163	4.3
1400	1917.368489	26.043101	0.000352	49.235015	4.2
1401	1903.712899	26.052404	0.000351	30.370174	4.5
1402	1908.229362	26.070845	0.000351	21.946124	4.7
1403	1857.500034	26.066651	0.000351	14.926247	4.0
1404	1843.535490	26.066932	0.000351	29.638673	4.0
1405	1888.173798	26.064303	0.000351	31.844055	3.5
1406	1928.954203	26.069657	0.000351	36.192244	3.3
1407	1873.904656	26.063668	0.000351	24.002148	3.3
1408	1894.842569	26.066438	0.000351	40.378437	2.8
1409	1859.255908	26.066692	0.000351	47.218227	2.7
1410	2012.980384	26.056844	0.000351	56.486889	2.7
1411	1952.448824	26.329591	0.000349	32.871084	2.6
1412	1858.768395	26.339214	0.000349	49.014577	2.2
1413	1874.292668	26.342733	0.000349	28.255566	2.2
1414	1940.894319	26.359639	0.000349	13.855324	2.3
1415	1869.062739	26.359417	0.000349	40.383803	2.4
1416	1876.642811	26.361040	0.000349	43.754427	4.3
1417	1946.063844	26.371487	0.000349	23.546440	4.0
1418	1862.393093	26.363555	0.000349	21.973499	2.0
1419	1841.694504	26.361392	0.000349	60.494406	2.5
1420	1864.073753	26.359143	0.000349	43.996567	2.6
1421	1924.327670	26.347738	0.000349	32.228431	4.3
1422	1898.886661	26.366516	0.000349	36.364502	4.4
1423	1824.137996	26.388342	0.000349	33.072126	3.1
1424	1892.834679	26.422808	0.000349	43.136572	3.1
1425	1895.016524	26.415491	0.000349	30.670167	3.2
1426	1819.753361	26.435034	0.000349	29.518818	3.3
1427	1883.882990	26.430018	0.000349	29.122916	3.2
1428	1933.310026	26.423335	0.000349	48.224702	2.8
1429	1889.699874	26.416636	0.000349	13.760645	2.5
1430	1858.439596	26.414853	0.000349	58.906935	2.5
1431	1903.784641	26.431310	0.000349	21.682460	2.5
1432	1881.468672	26.447349	0.000349	21.135915	2.5
1433	1915.088759	26.451565	0.000349	27.668840	3.5
1434	1904.443105	26.445270	0.000349	28.269717	2.2
1435	1897.121780	26.440146	0.000349	29.674680	2.2
1436	1925.638992	26.462500	0.000348	31.025180	2.2
1437	1924.841797	26.466730	0.000348	58.573166	2.2
1438	1950.707930	26.456733	0.000349	38.009128	3.4
1439	1879.801798	26.452376	0.000349	62.545214	2.3
1440	1799.972532	26.443420	0.000349	63.789572	2.0
1441	1946.434629	27.104219	0.000344	20.104824	1.9
1442	1873.218523	27.102203	0.000344	44.049096	2.1
1443	1889.069313	27.103754	0.000344	22.276141	2.0
1444	1819.600216	27.106593	0.000344	37.458562	3.1
1445	1927.640162	27.109496	0.000344	29.216777	1.9
1446	1916.511655	27.103076	0.000344	27.629134	1.9
1447	1869.394652	27.111176	0.000344	43.663374	2.2
1448	1861.687493	27.103068	0.000344	41.200837	1.8
1449	1875.391968	27.109085	0.000344	15.640604	1.9
1450	1869.470014	27.102148	0.000344	52.027602	2.0
1451	1837.909068	27.099949	0.000344	22.539774	1.9
1452	1906.663464	27.102267	0.000344	30.176398	1.9
1453	1880.449508	27.097072	0.000344	25.849254	1.9
1454	1872.096904	27.093099	0.000344	15.032329	1.9
1455	1907.406364	27.091045	0.000344	66.993084	1.8
1456	1909.476893	27.093231	0.000344	28.497346	2.0
1457	1941.302055	27.094923	0.000344	48.800261	1.9
1458	1962.040545	27.098084	0.000344	23.081865	1.9
1459	1876.923467	27.091746	0.000344	37.725306	1.9
1460	1932.405298	27.109554	0.000344	32.775924	1.9
1461	1830.849231	27.121329	0.000344	20.271760	2.6
1462	1890.112194	27.122978	0.000344	23.426437	1.9
1463	1843.009199	27.125204	0.000344	29.617372	1.9
1464	1815.775077	27.137409	0.000344	55.834560	1.9
1465	1868.202576	27.126757	0.000344	74.309955	2.0
1466	1811.885425	27.115602	0.000344	32.481759	1.9
1467	1860.712259	27.104987	0.000344	40.165072	2.5
1468	1890.142768	27.120173	0.000344	42.285494	2.0
1469	1920.269081	27.112966	0.000344	34.977660	2.0
1470	1902.560149	27.103737	0.000344	38.842494	2.2
1471	1884.157466	27.098885	0.000344	56.242953	2.2
1472	1883.619452	27.087971	0.000344	16.675647	2.6
1473	1877.688247	27.082577	0.000344	42.568236	4.2
1474	1924.492410	27.093843	0.000344	58.459613	4.2
1475	1867.417010	27.083108	0.000344	51.010101	4.3
1476	1951.288310	27.077651	0.000344	37.986545	3.7
1477	1910.511929	27.066894	0.000344	58.323715	3.3
1478	1800.596647	27.056211	0.000344	55.726381	3.3
1479	1847.206751	27.538752	0.000341	52.043503	2.4
1480	1872.906887	27.529103	0.000341	26.299801	2.1
1481	1868.543914	27.533278	0.000341	72.310934	2.1
1482	1894.269578	27.524885	0.000341	30.199787	2.2
1483	1877.747328	27.527378	0.000341	31.361542	2.0
1484	1890.730082	27.538280	0.000341	36.795656	2.0
1485	1889.917976	27.547925	0.000341	34.276322	2.0
1486	1820.206156	27.597805	0.000340	54.447888	2.0
1487	1816.407481	27.588633	0.000340	78.056055	2.0
1488	1951.286909	28.178124	0.000336	52.688390	2.2
1489	1910.313864	28.192184	0.000336	22.010116	2.2
1490	1903.613183	28.226901	0.000336	28.301031	2.2
1491	1949.551228	28.238867	0.000336	58.100979	2.1
1492	1805.995750	28.289061	0.000336	55.545635	2.2
1493	1922.609919	28.287305	0.000336	41.313180	2.3
1494	1919.526073	28.315264	0.000335	17.821263	2.3
1495	1847.586495	28.313518	0.000335	32.937730	2.3
1496	1827.236753	28.323946	0.000335	53.074745	2.3
1497	1877.462754	28.335501	0.000335	33.001160	2.4
1498	1849.928455	28.362502	0.000335	24.449186	2.3
1499	1850.969113	28.362715	0.000335	49.067881	2.3
1500	1844.477554	28.374837	0.000335	33.966004	2.4
1501	1956.033133	28.417798	0.000335	25.020549	4.3
1502	1886.295466	28.410558	0.000335	43.674175	4.3
1503	1871.508689	28.407300	0.000335	34.633455	2.5
1504	1830.325441	28.419353	0.000335	51.936017	2.8
1505	1925.315291	28.408740	0.000335	53.778088	2.9
1506	1904.645468	28.552584	0.000334	51.581398	2.9
1507	1972.492932	28.649975	0.000333	43.874337	2.4
1508	1875.452743	28.815051	0.000332	48.546517	2.2
1509	1873.644374	28.804250	0.000332	29.349130	2.2
1510	1901.002251	28.822040	0.000332	47.558687	2.2
1511	1861.889414	28.850188	0.000332	46.179341	2.2
1512	1831.810380	28.838965	0.000332	33.284370	2.0
1513	1904.651394	28.858597	0.000332	36.106286	2.0
1514	1913.708117	28.849771	0.000332	69.338300	2.0
1515	1860.831568	29.015553	0.000331	41.585137	1.9
1516	1899.338146	29.056007	0.000330	19.133413	1.9
1517	1977.610920	29.065743	0.000330	45.516814	1.8
1518	1903.958365	29.064695	0.000330	18.973105	1.9
1519	1831.071004	29.070506	0.000330	28.781054	1.8
1520	1844.495550	29.064465	0.000330	16.753964	1.9
1521	1851.362686	29.068991	0.000330	78.451270	1.8
1522	1842.761246	29.091604	0.000330	46.337894	1.8
1523	1897.460122	29.087859	0.000330	40.425699	1.9
1524	1900.757723	29.094732	0.000330	47.736930	1.8
1525	1866.903614	29.084951	0.000330	30.538255	1.8
1526	1908.564965	29.075718	0.000330	17.201661	1.8
1527	1870.500670	29.074815	0.000330	30.594405	4.3
1528	1956.372278	29.071567	0.000330	87.116170	2.6
1529	1857.044081	29.106281	0.000330	45.200340	2.0
1530	1884.527649	29.861579	0.000325	30.221254	2.0
1531	1943.080734	29.852485	0.000325	27.831071	2.1
1532	1879.749660	29.848120	0.000325	37.581801	2.1
1533	1845.830240	29.839874	0.000325	72.747363	2.1
1534	1945.005902	29.924691	0.000325	33.603519	2.1
1535	1862.377790	29.969872	0.000324	48.875585	2.1
1536	1877.028504	29.983628	0.000324	46.406833	1.9
1537	1858.612735	29.972414	0.000324	24.656730	1.8
1538	1986.591402	29.963893	0.000325	39.466780	1.8
1539	1910.963986	29.977043	0.000324	47.832085	1.8
1540	1883.402915	29.976017	0.000324	26.236754	1.9
1541	1877.510950	29.976155	0.000324	68.684801	2.1
1542	1812.730275	29.965278	0.000325	82.041373	4.3
1543	1942.726628	30.931047	0.000318	23.353768	4.3
1544	1926.474971	30.959365	0.000318	39.239283	2.3
1545	1890.956173	30.951282	0.000318	29.181646	2.3
1546	1950.869636	30.945319	0.000318	34.260053	2.3
1547	1953.088144	30.950279	0.000318	63.075593	2.5
1548	1933.848758	30.939971	0.000318	44.533564	2.3
1549	1939.417452	30.928630	0.000318	38.446050	2.3
1550	1860.266829	31.007515	0.000318	36.380414	2.3
1551	1794.538672	31.004147	0.000318	21.597397	2.2
1552	1871.586713	30.996252	0.000318	26.082262	2.2
1553	1915.582440	30.992727	0.000318	18.551935	3.7
1554	1875.146105	30.988884	0.000318	31.836025	2.0
1555	1888.342279	30.989965	0.000318	29.817221	1.9
1556	1883.965602	30.994604	0.000318	11.342584	1.9
1557	1905.077224	30.993469	0.000318	61.593443	1.9
1558	1784.349478	30.996499	0.000318	46.331747	2.0
1559	1880.986431	31.009572	0.000318	16.760466	2.5
1560	1874.769793	31.002196	0.000318	26.517717	2.4
1561	1840.274224	31.006415	0.000318	19.190210	2.4
1562	1880.372163	31.004464	0.000318	39.478791	3.8
1563	1815.257956	31.003423	0.000318	48.965565	4.2
1564	1876.313742	31.007369	0.000318	34.188259	2.1
1565	1889.340773	31.027601	0.000318	55.033305	1.8
1566	1988.837098	31.028917	0.000318	44.429800	2.9
1567	1909.245041	31.024187	0.000318	35.209376	1.8
1568	1900.634032	31.016930	0.000318	29.482687	1.8
1569	1927.216909	31.014196	0.000318	29.669573	1.8
1570	1885.259468	31.009236	0.000318	37.098826	1.8
1571	1890.343424	31.002406	0.000318	48.580145	1.8
1572	1915.585811	31.016065	0.000318	33.360290	1.8
1573	1881.983543	31.010464	0.000318	53.624483	1.9
1574	1975.980172	31.041614	0.000318	49.165593	1.9
1575	1876.955648	31.315448	0.000316	38.963977	1.8
1576	1960.115199	31.356744	0.000316	47.394935	1.8
1577	1895.566309	31.384477	0.000316	23.416149	1.8
1578	1857.276874	31.384347	0.000316	36.673928	1.8
1579	1833.730882	31.383329	0.000316	36.822010	1.8
1580	1824.493181	31.386337	0.000316	47.369730	1.8
1581	1937.001601	31.424519	0.000315	30.755264	1.7
1582	1880.199441	31.414457	0.000316	45.887062	1.8
1583	1832.975724	31.425382	0.000315	13.992494	1.9
1584	1908.873819	31.433205	0.000315	41.060038	1.8
1585	1907.783707	31.427883	0.000315	56.544413	1.9
1586	1883.052048	31.419050	0.000316	15.722278	1.9
1587	1856.451253	31.419579	0.000316	18.952352	1.9
1588	1947.827925	31.419841	0.000316	41.918571	1.8
1589	1841.006920	31.433934	0.000315	21.657939	1.9
1590	1848.805128	31.430110	0.000315	11.906253	1.9
1591	1910.075567	31.430719	0.000315	22.157769	1.8
1592	1915.272824	31.432561	0.000315	38.631425	1.8
1593	1912.169100	31.435090	0.000315	17.800842	1.8
1594	1904.594841	31.429075	0.000315	25.922386	1.8
1595	1911.188046	31.425835	0.000315	43.516903	1.8
1596	1828.159630	31.427631	0.000315	54.912419	1.9
1597	1859.558196	31.416322	0.000316	24.072428	1.9
1598	1893.044853	31.410958	0.000316	45.633559	1.8
1599	1911.853517	31.413346	0.000316	23.224933	1.9
1600	1879.076234	31.417754	0.000316	19.992399	1.9
1601	1834.250506	31.423788	0.000315	28.672659	1.9
1602	1864.090096	31.421305	0.000315	33.984281	1.9
1603	1879.293599	31.439485	0.000315	11.359432	1.8
1604	1854.319859	31.441151	0.000315	41.760082	1.8
1605	1880.693359	31.436544	0.000315	61.924822	1.8
1606	1878.672901	31.657641	0.000314	35.724426	1.9
1607	1876.218832	31.665566	0.000314	62.070943	1.8
1608	1876.051234	31.816206	0.000313	22.891099	1.8
1609	1935.591448	31.810687	0.000313	64.721994	1.8
1610	1912.805965	31.825156	0.000313	22.715723	1.8
1611	1854.182562	31.826759	0.000313	29.306029	1.8
1612	1910.087215	31.835975	0.000313	57.246914	1.9
1613	1794.162833	31.834356	0.000313	51.571278	1.8
1614	1831.979789	31.830760	0.000313	20.432747	1.8
1615	1838.304869	31.824668	0.000313	35.070354	1.8
1616	1920.384588	31.820116	0.000313	35.896608	1.8
1617	1851.927643	31.815083	0.000313	37.724183	1.8
1618	1904.013317	31.836903	0.000313	37.018670	1.8
1619	1935.007840	31.862668	0.000313	31.637477	1.9
1620	1922.711188	31.863166	0.000313	49.906765	1.9
1621	1878.786018	31.866781	0.000313	30.864121	1.9
1622	2012.112079	31.935526	0.000312	47.489591	1.9
1623	1892.060307	31.966875	0.000312	45.148498	1.9
1624	1896.011334	31.955740	0.000312	22.546656	2.0
1625	1858.461474	31.974227	0.000312	53.545801	2.9
1626	1898.710259	31.973573	0.000312	73.651854	4.4
1627	1878.628182	31.962683	0.000312	52.630866	4.5
1628	1842.322960	32.225858	0.000311	57.431817	4.7
1629	1898.816757	32.429857	0.000310	38.573383	4.4
1630	1938.447596	32.423255	0.000310	44.092702	3.0
1631	1912.180433	32.416543	0.000310	42.416252	1.9
1632	1866.109472	32.408488	0.000310	49.547249	2.3
1633	1897.039638	32.398548	0.000310	58.820395	4.3
1634	1891.588095	32.394272	0.000310	33.058376	4.2
1635	1861.056675	32.525093	0.000309	19.464822	4.3
1636	1891.734928	32.536575	0.000309	26.050326	4.8
1637	1931.335612	32.544090	0.000309	40.842117	3.3
1638	1903.666418	32.569986	0.000309	46.894238	5.5
1639	1938.489118	32.570016	0.000309	73.701200	3.0
1640	1870.392346	32.899010	0.000307	36.253432	2.8
1641	1887.731078	32.926629	0.000307	38.110303	3.0
1642	1818.356784	32.936606	0.000307	18.061820	3.0
1643	1875.553365	32.933041	0.000307	34.575531	4.1
1644	1859.397282	32.937516	0.000307	36.578459	4.2
1645	1924.396788	32.940173	0.000307	45.900862	4.5
1646	1953.643926	32.931462	0.000307	39.617975	4.1
1647	1921.209356	32.997646	0.000306	17.098871	2.8
1648	1804.728451	32.992862	0.000306	46.498294	3.5
1649	1875.599487	33.006071	0.000306	48.729205	3.6
1650	1860.652326	33.069181	0.000306	28.991540	3.6
1651	1932.860386	33.075115	0.000306	46.998483	2.7
1652	1872.487474	33.077086	0.000306	59.894779	2.6
1653	1911.056991	33.065769	0.000306	21.744637	2.6
1654	1847.141910	33.106170	0.000306	37.462691	2.7
1655	1867.636374	33.124043	0.000306	33.253388	3.1
1656	1846.848127	33.115594	0.000306	64.564297	2.8
1657	1960.582736	33.276454	0.000305	30.386281	2.9
1658	1905.976791	33.274202	0.000305	48.944338	2.8
1659	1770.746801	33.274305	0.000305	21.234160	2.7
1660	1918.452328	33.273275	0.000305	23.365276	2.7
1661	1889.496738	33.269342	0.000305	40.402906	2.8
1662	1888.425143	33.284997	0.000305	17.493853	2.4
1663	1856.245855	33.282699	0.000305	36.838149	2.4
1664	1835.140390	33.290050	0.000305	69.853540	2.4
1665	1900.029097	33.296862	0.000305	25.862198	2.3
1666	1895.616502	33.359729	0.000304	28.849333	2.2
1667	1941.298491	33.377491	0.000304	19.919166	2.1
1668	1870.057349	33.371568	0.000304	23.983846	2.1
1669	1936.247286	33.366724	0.000304	36.213609	2.1
1670	1862.765148	33.363978	0.000304	49.424925	2.1
1671	1923.376441	33.353776	0.000304	22.861506	1.9
1672	1872.556280	33.345106	0.000304	20.624831	1.9
1673	1962.039739	33.351494	0.000304	30.307782	1.9
1674	1857.418234	33.354094	0.000304	39.204264	1.9
1675	1893.588089	33.369754	0.000304	16.099230	1.9
1676	1937.450670	33.368846	0.000304	20.276530	1.9
1677	1917.072652	33.372217	0.000304	22.282136	1.8
1678	1895.602199	33.369859	0.000304	23.661662	1.9
1679	1890.895477	33.366551	0.000304	37.077159	1.9
1680	1880.522367	33.374109	0.000304	33.455758	1.9
1681	1867.637103	33.365436	0.000304	25.169778	1.8
1682	1852.470352	33.369293	0.000304	42.164757	1.8
1683	1839.185311	33.363238	0.000304	35.839276	1.8
1684	1892.593902	33.405157	0.000304	20.499271	1.8
1685	1839.552392	33.416395	0.000304	41.551135	1.8
1686	1877.152763	33.409721	0.000304	15.211027	1.8
1687	1838.910226	33.410889	0.000304	45.852604	2.0
1688	1894.302743	33.408679	0.000304	31.178733	2.0
1689	1823.725759	33.402474	0.000304	70.168095	1.9
1690	1913.812933	33.391454	0.000304	17.979160	2.0
1691	1886.868134	33.393938	0.000304	18.103786	1.9
1692	1895.260227	33.395464	0.000304	31.474260	1.8
1693	1808.225880	33.392474	0.000304	45.121523	1.8
1694	1799.501170	33.414860	0.000304	38.992597	1.8
1695	1903.685329	33.405778	0.000304	35.231997	1.8
1696	1912.456648	33.411298	0.000304	79.689439	1.8
1697	1873.020271	33.400269	0.000304	42.075077	1.7
1698	1940.942244	33.388629	0.000304	62.064820	1.8
1699	1836.481058	33.385142	0.000304	23.002126	1.8
1700	1894.224119	33.394234	0.000304	28.284533	1.7
1701	1869.567661	33.393387	0.000304	25.746376	1.8
1702	1935.014570	33.409655	0.000304	66.145805	1.9
1703	1911.168494	33.498738	0.000303	32.115305	2.1
1704	1834.821837	33.515784	0.000303	28.959161	4.3
1705	1868.769524	33.523441	0.000303	36.796686	4.1
1706	1881.295852	33.539321	0.000303	27.709744	3.5
1707	1894.812908	33.536365	0.000303	28.653606	3.5
1708	1866.306538	33.545099	0.000303	39.482345	3.4
1709	1859.169211	33.536142	0.000303	31.657047	2.9
1710	1881.082043	33.526783	0.000303	37.181479	2.8
1711	1865.324082	33.518251	0.000303	54.258788	2.7
1712	1896.970134	33.512672	0.000303	76.766336	2.8
1713	1834.445146	33.508519	0.000303	21.957545	2.8
1714	1861.483738	33.581931	0.000303	36.704695	3.1
1715	1888.163749	33.596358	0.000303	42.885390	2.9
1716	1926.651268	33.628407	0.000303	23.098784	3.0
1717	1902.007215	33.662434	0.000303	36.775754	3.2
1718	1875.414265	33.685883	0.000302	60.356927	4.3
1719	1844.482048	33.674710	0.000302	45.504382	4.5
1720	1884.766886	33.731903	0.000302	20.576752	4.6
1721	1848.251364	33.731016	0.000302	21.985051	4.5
1722	1924.649002	33.730891	0.000302	60.935117	4.6
1723	1862.561949	33.729106	0.000302	32.937458	3.3
1724	1882.639971	33.833304	0.000302	30.608355	4.1
1725	1905.618535	33.843341	0.000302	13.731737	4.3
1726	1838.615426	33.841423	0.000302	12.046521	4.3
1727	1939.289181	33.840778	0.000302	33.229754	4.3
1728	1880.140003	33.838555	0.000302	23.743835	3.8
1729	1897.553585	33.846286	0.000302	39.566843	3.7
1730	1868.448030	33.854242	0.000302	43.919661	3.5
1731	1938.730418	33.844971	0.000302	50.369158	3.0
1732	1921.041263	33.948240	0.000301	50.086166	2.9
1733	1966.177984	33.967682	0.000301	86.187354	2.9
1734	1925.821734	33.965359	0.000301	55.753565	2.4
1735	1893.969897	34.240497	0.000299	23.714370	2.5
1736	1926.061187	34.264275	0.000299	37.307654	2.5
1737	1911.944045	34.270712	0.000299	29.053217	2.5
1738	1871.948614	34.295569	0.000299	33.218952	2.2
1739	1937.114842	34.287960	0.000299	20.639934	2.2
1740	1864.156791	34.297658	0.000299	29.604533	2.1
1741	1891.651183	34.303366	0.000299	49.162304	2.2
1742	1927.208040	34.339501	0.000299	41.857162	2.2
1743	1884.380093	34.333103	0.000299	27.451257	2.1
1744	1960.660002	34.328884	0.000299	35.175685	2.1
1745	1847.268466	34.328405	0.000299	46.596331	2.1
1746	1938.095044	34.363311	0.000299	14.496125	2.2
1747	1898.931813	34.358106	0.000299	46.158797	2.0
1748	1928.014558	34.360417	0.000299	44.214429	2.1
1749	1925.013081	34.350520	0.000299	41.685595	2.0
1750	1823.677012	34.343711	0.000299	30.821640	2.0
1751	1856.151773	34.367881	0.000299	56.273848	1.9
1752	1835.374252	34.364504	0.000299	45.221744	2.0
1753	1906.281223	34.384887	0.000299	62.380838	2.0
1754	1902.026075	34.373316	0.000299	23.155684	4.3
1755	1836.627883	34.388842	0.000299	25.372536	4.2
1756	1910.942988	34.383182	0.000299	32.645712	4.0
1757	1999.717503	34.392707	0.000299	44.746676	4.3
1758	1878.784390	34.403288	0.000299	26.747608	4.3
1759	1873.067244	34.411399	0.000298	54.212821	2.7
1760	1909.285592	34.444265	0.000298	40.182052	2.7
1761	1856.518751	34.433749	0.000298	24.374302	3.2
1762	1847.012145	34.425072	0.000298	32.037579	3.1
1763	1965.568932	34.438493	0.000298	26.104609	3.2
1764	1837.770819	34.435553	0.000298	39.304292	2.6
1765	1810.540920	34.440816	0.000298	28.017681	2.4
1766	1901.697142	34.433317	0.000298	27.007092	2.4
1767	1811.682915	34.429149	0.000298	46.629783	2.4
1768	1918.283857	34.421310	0.000298	43.508938	2.4
1769	1919.517800	34.560950	0.000298	56.712351	2.2
1770	1929.634280	34.549675	0.000298	49.379391	2.3
1771	1976.236900	34.538337	0.000298	45.097568	4.6
1772	1890.990676	34.536284	0.000298	24.885945	4.1
1773	1855.903445	34.544372	0.000298	26.980931	4.1
1774	1899.127166	34.559499	0.000298	22.884259	3.7
1775	1944.611233	34.557880	0.000298	8.769881	3.5
1776	1918.009730	34.560549	0.000298	19.623778	3.8
1777	1885.697820	34.558863	0.000298	29.916593	2.7
1778	1865.299540	34.562273	0.000298	37.601555	2.7
1779	1931.752072	34.598308	0.000297	20.432106	2.7
1780	1908.193215	34.591025	0.000298	32.095269	2.6
1781	1961.627990	34.585331	0.000298	49.073250	2.3
1782	1933.910643	34.575322	0.000298	11.155850	2.3
1783	1813.152740	34.572440	0.000298	45.239461	2.3
1784	1968.492100	34.576315	0.000298	40.674935	4.5
1785	1927.156604	34.570423	0.000298	26.732297	2.6
1786	1862.581335	34.561073	0.000298	30.077469	4.4
1787	1925.625113	34.569070	0.000298	39.707933	3.7
1788	1894.068240	34.561002	0.000298	21.552851	2.9
1789	1845.393024	34.565877	0.000298	33.893065	3.2
1790	1919.049497	34.576794	0.000298	7.894605	4.3
1791	1840.113533	34.574621	0.000298	17.625121	4.2
1792	1902.299053	34.573611	0.000298	21.736926	3.8
1793	1913.879482	34.575239	0.000298	39.970292	3.0
1794	1934.305133	34.575790	0.000298	23.861673	3.1
1795	1906.709068	34.572120	0.000298	13.754170	3.2
1796	1904.110691	34.575636	0.000298	60.896702	2.5
1797	1757.878050	34.575100	0.000298	12.471906	2.5
1798	1888.803581	34.572099	0.000298	72.193809	2.5
1799	1923.042566	34.566360	0.000298	61.526220	2.5
1800	1954.083689	35.382196	0.000293	76.772394	2.6
1801	1944.692550	35.370462	0.000293	42.234393	2.7
1802	1952.763415	35.406786	0.000293	25.159653	2.5
1803	1854.574196	35.398900	0.000293	28.930664	2.5
1804	1920.627193	35.403329	0.000293	67.203566	2.2
1805	1891.792162	35.392463	0.000293	34.299363	2.2
1806	1932.125327	35.394165	0.000293	37.234032	2.2
1807	1900.806263	35.439168	0.000293	44.222507	2.2
1808	1817.054278	35.429242	0.000293	29.965222	2.0
1809	1837.143858	35.438922	0.000293	35.304364	1.9
1810	1838.058856	35.434719	0.000293	37.690313	1.9
1811	1867.034000	35.426715	0.000293	48.522760	1.9
1812	1857.597165	35.502542	0.000293	49.231709	1.9
1813	1802.021990	35.581620	0.000292	33.462865	1.9
1814	1873.124922	35.574235	0.000292	39.331994	1.9
1815	1957.221559	35.581242	0.000292	60.154154	1.9
1816	1879.135818	35.574825	0.000292	40.135545	1.9
1817	1864.557142	35.563835	0.000292	83.105675	1.9
1818	1826.253088	36.049244	0.000290	16.315355	1.8
1819	1917.600935	36.045523	0.000290	22.495861	1.9
1820	1927.626658	36.045667	0.000290	56.294238	1.9
1821	1850.218705	36.066106	0.000290	12.195822	1.8
1822	1911.760953	36.069960	0.000290	50.439915	1.8
1823	1840.773055	36.069003	0.000290	9.117461	1.9
1824	1860.716269	36.068262	0.000290	11.008510	1.9
1825	1853.750744	36.067143	0.000290	37.451498	1.9
1826	1905.955530	36.063527	0.000290	37.814945	1.8
1827	1902.528893	36.063032	0.000290	55.205797	1.8
1828	1897.998395	36.060574	0.000290	29.781271	1.8
1829	1909.119064	36.059514	0.000290	33.414691	1.8
1830	1930.697904	36.053215	0.000290	12.022127	1.9
1831	1881.704772	36.052119	0.000290	43.314609	1.8
1832	1892.525662	36.047259	0.000290	55.549588	1.8
1833	1949.890079	36.068710	0.000290	41.287865	1.8
1834	1935.650838	36.264323	0.000289	37.852511	1.9
1835	1853.076943	36.309885	0.000289	47.460737	2.0
1836	1927.192216	36.320320	0.000289	33.092458	2.1
1837	1954.054263	36.347939	0.000288	26.906951	2.0
1838	1853.584012	36.342844	0.000288	21.221816	2.0
1839	1927.025549	36.344086	0.000288	33.307134	2.0
1840	1826.243691	36.361166	0.000288	58.832181	1.9
1841	1863.522648	36.436978	0.000288	35.366987	1.8
1842	1844.332714	36.445335	0.000288	41.834011	1.8
1843	1940.437095	36.437543	0.000288	38.330552	1.8
1844	1843.035866	36.435547	0.000288	65.195090	1.8
1845	1921.727813	36.568559	0.000287	18.044869	1.9
1846	1905.523838	36.570767	0.000287	32.871904	1.8
1847	1887.833890	36.564638	0.000287	59.150531	1.9
1848	1878.429242	36.558857	0.000287	43.838135	1.9
1849	1814.159092	36.552285	0.000287	29.685285	3.4
1850	1814.106917	36.576196	0.000287	54.477081	4.3
1851	1849.096833	36.595252	0.000287	53.819798	4.0
1852	1800.229148	36.791718	0.000286	55.311264	4.0
1853	1911.580062	36.784368	0.000286	24.801364	4.0
1854	1840.754795	36.790531	0.000286	17.576678	3.8
1855	1848.654074	36.786211	0.000286	27.771743	2.9
1856	1909.284792	36.785067	0.000286	53.033861	3.0
1857	1881.624857	36.775413	0.000286	16.110238	2.9
1858	1880.322393	36.768278	0.000286	26.014753	2.6
1859	1867.665522	36.764161	0.000286	29.481914	2.3
1860	1915.029680	36.766868	0.000286	33.389758	2.3
1861	1921.243309	36.771162	0.000286	65.861376	2.4
1862	1926.856513	36.813002	0.000286	26.026589	2.4
1863	1927.437937	36.832139	0.000286	42.159153	2.7
1864	1925.954737	36.825950	0.000286	26.610754	2.2
1865	1880.981626	36.827237	0.000286	62.262169	4.6
1866	1954.057570	36.926455	0.000286	35.735463	2.1
1867	1910.102933	36.922941	0.000286	43.769180	2.3
1868	1964.802222	36.913708	0.000286	36.668343	2.1
1869	1926.989126	36.903082	0.000286	38.133680	2.5
1870	1877.726716	36.972207	0.000285	20.389014	4.4
1871	1892.477288	36.966149	0.000285	30.878731	2.1
1872	1903.977986	36.967513	0.000285	17.223225	2.2
1873	1845.999066	36.963185	0.000285	58.904376	4.1
1874	1922.275689	36.960931	0.000285	31.518101	4.0
1875	1921.362354	36.952070	0.000285	87.973857	3.9
1876	1837.661939	36.948976	0.000285	73.696726	3.0
1877	1888.207250	37.904423	0.000281	20.719243	3.0
1878	1897.853717	37.927578	0.000281	38.468319	3.1
1879	1894.247814	37.922420	0.000281	38.226782	2.7
1880	1857.220851	37.922203	0.000281	49.506340	2.6
1881	1872.811273	37.936286	0.000281	31.309819	2.5
1882	1892.219663	37.932625	0.000281	68.635946	2.5
1883	1847.596719	37.930199	0.000281	39.995484	2.2
1884	1821.619902	38.007724	0.000280	38.161360	2.1
1885	1857.475317	38.005690	0.000280	27.138729	2.1
1886	1787.680125	38.035646	0.000280	40.777338	2.1
1887	1925.753927	38.039825	0.000280	45.771247	2.1
1888	1852.801669	38.030657	0.000280	36.834182	2.2
1889	1884.707554	38.043390	0.000280	16.431870	2.2
1890	1876.624024	38.049938	0.000280	38.836054	2.4
1891	1857.131533	38.062083	0.000280	36.146358	2.2
1892	1937.294806	38.057327	0.000280	52.466220	2.1
1893	1900.095011	38.124951	0.000280	11.318681	2.1
1894	1846.234646	38.129025	0.000280	44.570585	2.1
1895	1883.632023	38.124358	0.000280	35.800206	2.1
1896	1868.790560	38.141536	0.000280	55.076805	2.0
1897	1805.005507	38.202828	0.000279	44.406913	2.0
1898	1805.748070	38.200326	0.000279	49.049056	3.4
1899	1881.664300	38.189853	0.000279	20.129161	4.2
1900	1859.336236	38.181198	0.000279	24.378065	4.3
1901	1892.395795	38.189180	0.000279	46.547320	4.4
1902	1892.074731	38.180428	0.000279	40.586354	4.1
1903	1885.810815	38.174994	0.000279	16.463011	4.2
1904	1879.572644	38.175176	0.000279	53.449486	4.1
1905	1873.632516	38.176775	0.000279	22.974080	3.1
1906	1895.512772	38.169969	0.000280	19.451385	3.1
1907	1856.355188	38.169529	0.000280	36.063924	3.0
1908	1892.495050	38.176866	0.000279	30.808699	2.7
1909	1827.840412	38.207540	0.000279	46.365496	2.7
1910	1911.335515	38.242724	0.000279	42.038536	2.7
1911	1913.746362	38.361818	0.000279	50.215605	2.7
1912	1838.516690	38.350794	0.000279	17.118201	2.1
1913	1873.338040	38.359376	0.000279	30.879445	2.2
1914	1894.678763	38.353396	0.000279	29.499862	2.1
1915	1888.682264	38.381556	0.000279	32.743908	2.1
1916	1979.705333	38.374453	0.000279	53.922076	1.9
1917	1856.909690	38.363746	0.000279	26.918271	1.9
1918	1845.271116	38.358131	0.000279	25.179110	1.9
1919	1939.332759	38.371677	0.000279	50.248772	1.8
1920	1877.742177	38.400155	0.000278	31.049129	2.0
1921	1850.090421	38.454337	0.000278	53.934030	4.4
1922	1931.672240	38.447701	0.000278	23.829623	4.0
1923	1905.108906	38.439316	0.000278	32.029523	3.9
1924	1930.926432	38.438976	0.000278	20.205682	3.3
1925	1860.939468	38.452121	0.000278	40.878763	3.3
1926	1881.925276	38.459753	0.000278	35.756340	3.3
1927	1877.937420	38.531899	0.000278	53.067587	2.9
1928	1873.904834	38.523617	0.000278	48.569643	2.9
1929	1855.190920	38.512378	0.000278	25.056885	2.9
1930	1862.894506	38.502787	0.000278	46.142000	2.5
1931	1913.187218	38.538582	0.000278	57.394134	2.6
1932	1841.798252	38.531690	0.000278	26.826157	2.4
1933	1881.110104	38.565481	0.000278	26.636187	2.6
1934	1871.690183	38.561586	0.000278	31.595006	2.7
1935	1928.164269	38.558525	0.000278	25.453165	2.6
1936	1939.523850	38.567997	0.000278	42.738123	2.6
1937	1875.063582	38.572394	0.000278	42.541196	4.5
1938	1811.065493	38.563329	0.000278	41.933928	2.7
1939	1906.867114	38.575579	0.000278	20.013695	2.7
1940	1921.124319	38.600007	0.000277	69.158654	4.7
1941	1880.105148	38.599489	0.000277	22.049146	1.9
1942	1894.965151	38.594240	0.000278	26.554968	2.2
1943	1830.255377	38.593723	0.000278	60.081497	1.9
1944	1878.118806	38.590474	0.000278	38.013182	1.9
1945	1918.705539	38.585117	0.000278	29.260507	2.0
1946	1899.061937	38.579398	0.000278	26.007189	2.6
1947	1861.979179	38.593912	0.000278	36.380796	2.5
1948	1861.752682	38.620992	0.000277	23.417417	2.5
1949	1875.457171	38.628329	0.000277	33.765366	2.4
1950	1899.738577	38.621104	0.000277	57.471604	2.4
1951	1904.474463	38.613149	0.000277	27.267097	2.0
1952	1816.565209	38.679497	0.000277	57.782532	2.0
1953	1889.637751	38.669057	0.000277	46.871077	4.3
1954	1862.326088	38.665389	0.000277	40.889471	4.3
1955	1856.935485	38.815446	0.000276	20.644228	4.3
1956	1856.687846	38.829134	0.000276	23.202758	4.3
1957	1910.838262	38.826400	0.000276	34.708631	4.1
1958	1951.824975	38.818729	0.000276	46.200275	3.2
1959	1849.467672	38.811716	0.000277	34.322374	4.0
1960	1864.849440	38.897725	0.000276	52.020449	4.2
1961	1800.778436	38.905532	0.000276	54.898056	4.1
1962	1892.921039	38.897242	0.000276	37.246320	4.1
1963	1892.912421	39.031175	0.000276	30.326132	3.0
1964	1879.718379	39.057108	0.000275	35.914688	3.0
1965	1933.431698	39.050112	0.000275	54.790524	3.0
1966	1932.398626	39.075490	0.000275	65.128880	2.7
1967	1939.863855	39.063787	0.000275	27.816676	2.4
1968	1876.230687	39.057570	0.000275	37.628226	2.5
1969	1852.324103	39.072164	0.000275	22.089019	4.1
1970	1798.320095	39.064492	0.000275	15.959522	2.5
1971	1883.722132	39.070995	0.000275	17.652588	2.5
1972	1953.578578	39.067960	0.000275	21.334990	2.6
1973	1960.895114	39.063369	0.000275	47.448761	2.4
1974	1932.954979	39.058406	0.000275	21.901725	2.2
1975	1899.184362	39.071223	0.000275	24.203971	2.2
1976	1913.006037	39.066100	0.000275	18.080535	2.3
1977	1899.338019	39.071100	0.000275	30.790212	2.2
1978	1872.519562	39.070956	0.000275	32.521795	2.0
1979	1806.391451	39.093763	0.000275	39.804060	2.1
1980	1885.114015	39.092524	0.000275	12.100558	4.4
1981	1940.929138	39.086774	0.000275	59.677540	4.3
1982	1865.694602	39.103862	0.000275	29.965481	4.0
1983	1865.540160	39.098992	0.000275	27.939869	2.3
1984	1943.305686	39.108669	0.000275	38.180253	2.6
1985	1943.225868	39.099438	0.000275	51.336605	2.9
1986	1825.619596	39.181037	0.000275	21.410287	2.9
1987	1839.702734	39.178303	0.000275	32.452978	3.0
1988	1949.348811	39.174055	0.000275	37.008656	4.5
1989	1850.025994	39.165376	0.000275	49.043568	4.8
1990	1909.880331	39.293692	0.000274	18.396783	4.8
1991	1893.999837	39.297837	0.000274	27.720437	3.9
1992	1942.369534	39.308978	0.000274	68.381549	3.6
1993	1820.795835	39.314129	0.000274	16.494661	3.1
1994	1937.308548	39.319469	0.000274	23.857196	4.4
1995	1909.933150	39.316504	0.000274	25.686963	4.4
1996	1900.367820	39.330353	0.000274	43.117902	4.4
1997	1853.760390	39.328569	0.000274	80.689267	3.9
1998	1850.305373	39.541787	0.000273	69.450969	3.7
1999	1877.060556	39.535109	0.000273	22.333071	3.8
