1:ItNr	2:Metric	3a:Time	3b:StepSize	4:||Gradient||	Time[ms]
0	149820.623265	0.000000	0.000335	5616.919270	208.7
1	140520.128048	0.000000	0.000335	5437.470425	1.6
2	133978.626722	0.000000	0.000335	5595.657334	1.6
3	119256.046114	0.000000	0.000335	5901.188751	1.4
4	110376.895636	0.000000	0.000335	5975.700160	1.4
5	100971.841028	0.000000	0.000335	6468.086698	1.5
6	85198.829372	0.000000	0.000335	6806.800742	1.4
7	69101.853983	0.000000	0.000335	7029.628425	1.4
8	54081.726014	0.000000	0.000335	7181.856521	1.5
9	36509.718577	0.000000	0.000335	6583.482653	1.6
10	22900.223239	0.000000	0.000335	5296.943985	1.5
11	14425.211325	0.000000	0.000335	3595.933490	1.5
12	11703.671088	0.000000	0.000335	2323.186923	1.5
13	9627.714020	0.000000	0.000335	1168.431230	1.8
14	9564.795371	0.000000	0.000335	1023.016748	2.0
15	8733.429302	0.000000	0.000335	727.043584	2.6
16	8747.284542	0.000000	0.000335	603.305384	2.7
17	8898.409370	0.000000	0.000335	436.042070	2.7
18	8543.917111	0.000000	0.000335	397.913428	2.7
19	8682.648485	0.000000	0.000335	316.381374	2.1
20	8312.507749	0.000000	0.000335	304.737787	2.4
21	8885.898644	0.000000	0.000335	268.686457	2.2
22	8195.364645	0.000000	0.000335	287.850721	2.2
23	8712.398693	0.000000	0.000335	292.826923	2.2
24	8683.751050	0.000000	0.000335	252.047634	2.1
25	8529.984139	0.000000	0.000335	296.290720	2.4
26	8304.991058	0.000000	0.000335	246.510950	2.1
27	8892.551654	0.000000	0.000335	334.049211	2.2
28	8915.517297	0.000000	0.000335	269.973216	2.4
29	8610.756156	0.000000	0.000335	286.653253	2.3
30	8696.179311	0.000000	0.000335	223.041713	2.6
31	8420.408681	0.000000	0.000335	217.502112	2.6
32	8733.643397	0.000000	0.000335	297.534683	2.4
33	8571.556772	0.000000	0.000335	239.503181	2.3
34	8393.050210	0.000000	0.000335	234.012690	2.4
35	8272.923755	0.000000	0.000335	214.781621	2.4
36	8330.526124	0.000000	0.000335	185.936510	2.5
37	8675.926034	0.000000	0.000335	217.896396	2.5
38	8194.936216	0.000000	0.000335	215.361623	2.4
39	8478.648074	0.000000	0.000335	188.237185	2.4
40	8675.638855	0.000000	0.000335	219.522951	2.0
41	8365.411782	0.000000	0.000335	242.422647	2.0
42	8777.332180	0.000000	0.000335	286.340751	2.0
43	8689.470491	0.000000	0.000335	213.183741	1.9
44	8585.789728	0.000000	0.000335	276.962320	1.9
45	8613.467779	0.000000	0.000335	210.333173	1.9
46	8592.449609	0.000000	0.000335	186.374429	1.9
47	8463.696266	0.000000	0.000335	252.816894	1.9
48	8973.763115	0.000000	0.000335	236.264573	1.9
49	8810.295185	0.000000	0.000335	244.537459	1.9
50	8604.140751	0.000000	0.000335	205.378804	1.9
51	8626.102074	0.000000	0.000335	248.374585	1.9
52	8298.333753	0.000000	0.000335	219.572688	1.9
53	8311.847844	0.000000	0.000335	171.834455	2.0
54	8563.533366	0.000000	0.000335	254.419164	1.9
55	8437.479963	0.000000	0.000335	201.326383	2.0
56	8236.205990	0.000000	0.000335	204.216786	1.9
57	7982.482212	0.000000	0.000335	234.615872	2.0
58	8618.881363	0.000000	0.000335	254.907590	2.0
59	8181.182491	0.000000	0.000335	177.435545	1.9
60	8025.761931	0.000000	0.000335	192.840106	2.0
61	8237.703367	0.000000	0.000335	263.403439	2.3
62	8153.278635	0.000000	0.000335	203.086947	2.3
63	8358.713473	0.000000	0.000335	241.528362	2.3
64	8244.469757	0.000000	0.000335	189.974595	2.3
65	8059.899775	0.000000	0.000335	218.912652	2.2
66	8236.406987	0.000000	0.000335	191.036205	2.1
67	8488.011810	0.000000	0.000335	222.041080	2.1
68	8379.483521	0.000000	0.000335	182.340799	2.1
69	7849.825568	0.000000	0.000335	170.573135	2.0
70	8049.525814	0.000000	0.000335	225.339153	2.0
71	8513.205545	0.000000	0.000335	205.410725	2.1
72	7907.674539	0.000000	0.000335	282.581247	2.1
73	8083.526412	0.000000	0.000335	190.146566	2.1
74	8565.594140	0.000000	0.000335	184.611281	2.1
75	8098.474106	0.000000	0.000335	164.579072	1.9
76	8075.619500	0.000000	0.000335	232.954647	2.1
77	8048.027611	0.000000	0.000335	218.033333	2.1
78	8357.098876	0.000000	0.000335	168.897111	2.0
79	8232.446192	0.000000	0.000335	261.967361	2.1
80	8384.484697	0.000000	0.000335	245.700480	2.1
81	8128.964341	0.000000	0.000335	241.119470	2.0
82	8113.890650	0.000000	0.000335	178.571632	2.1
83	7761.301892	0.000000	0.000335	189.033974	2.1
84	8260.162265	0.000000	0.000335	172.227121	2.1
85	7732.244529	0.000000	0.000335	204.131340	2.2
86	7923.672427	0.000000	0.000335	194.384061	2.2
87	7926.978492	0.000000	0.000335	207.135639	2.2
88	7948.844615	0.000000	0.000335	194.012045	2.2
89	7964.379411	0.000000	0.000335	178.638940	2.1
90	7834.880421	0.000000	0.000335	225.524331	2.1
91	7976.372856	0.000000	0.000335	196.412984	2.2
92	7975.706561	0.000000	0.000335	166.378218	2.2
93	8033.246350	0.000000	0.000335	179.553985	3.5
94	7826.740779	0.000000	0.000335	166.491154	5.0
95	7917.007157	0.000000	0.000335	234.918347	4.7
96	7703.643952	0.000000	0.000335	230.157228	4.7
97	7710.804688	0.000000	0.000335	161.143756	4.5
98	7937.328777	0.000000	0.000335	150.452839	4.8
99	7669.521301	0.000000	0.000335	159.504598	4.6
100	7784.451685	0.000000	0.000335	147.050729	2.5
101	7665.383804	0.000000	0.000335	195.192799	2.5
102	7352.737420	0.000000	0.000335	167.445486	2.6
103	7727.970826	0.000000	0.000335	141.877546	3.5
104	7677.725038	0.000000	0.000335	169.439901	2.8
105	7968.111069	0.000000	0.000335	228.215315	3.1
106	7821.236023	0.000000	0.000335	294.337779	3.3
107	7790.737802	0.000000	0.000335	236.592213	4.3
108	7944.582994	0.293138	0.000331	248.368301	2.5
109	8044.618923	0.280531	0.000331	204.296223	3.2
110	8162.152384	0.271509	0.000331	225.597610	3.4
111	7895.825502	0.258909	0.000331	271.644809	3.3
112	7936.331683	0.246865	0.000332	180.416325	3.2
113	8043.596510	0.245252	0.000332	162.443320	2.1
114	7669.732330	0.232748	0.000332	255.532602	2.1
115	7566.113154	0.220565	0.000332	153.588371	2.2
116	7847.618628	0.208134	0.000332	195.492673	2.1
117	8200.165119	0.196128	0.000332	191.086997	2.2
118	7730.218689	0.183542	0.000333	139.401796	2.1
119	7575.271218	0.171183	0.000333	254.539141	2.1
120	7973.677444	0.158966	0.000333	244.500605	2.0
121	8351.941914	0.245659	0.000332	224.042857	2.1
122	7599.824764	0.297289	0.000331	156.128031	2.3
123	8260.345834	0.286759	0.000331	146.879922	4.8
124	7866.570127	0.274457	0.000331	149.029645	4.5
125	7911.290904	0.262184	0.000331	163.675675	4.5
126	7231.102614	0.249866	0.000332	143.482717	4.3
127	7852.648684	0.237834	0.000332	199.132088	4.5
128	7572.058335	0.225408	0.000332	141.295158	4.6
129	7390.396297	0.213715	0.000332	185.166140	3.4
130	7838.958890	0.201679	0.000332	183.832915	3.3
131	7760.634219	0.190523	0.000332	214.393123	3.3
132	7638.781939	0.178110	0.000333	245.437925	2.9
133	7643.441763	0.191645	0.000332	220.592978	2.9
134	7588.985914	0.179044	0.000333	174.544445	2.9
135	7792.542206	0.166604	0.000333	245.296627	2.9
136	7575.034204	0.159000	0.000333	164.686418	3.0
137	7604.166113	0.148140	0.000333	267.009532	2.9
138	7695.076831	0.135545	0.000333	270.983353	3.1
139	7493.367264	0.816437	0.000323	131.308875	4.3
140	7421.201408	0.804075	0.000323	174.144206	2.7
141	7304.004947	0.791849	0.000323	169.481154	2.7
142	7505.959719	0.780763	0.000323	196.976448	3.1
143	7695.232546	0.768252	0.000324	159.218949	3.0
144	7628.334176	0.769120	0.000324	219.579901	3.1
145	7764.945798	0.756707	0.000324	150.531930	2.9
146	7573.537057	0.745388	0.000324	162.886310	2.8
147	7710.445458	0.734309	0.000324	198.266117	2.8
148	7668.843414	0.722644	0.000324	147.119063	2.8
149	7941.351700	0.711353	0.000324	163.296440	2.8
150	7670.065432	0.699050	0.000325	129.158835	2.8
151	7329.010923	0.687072	0.000325	193.674729	2.7
152	7635.354686	0.675114	0.000325	140.566655	2.7
153	7661.991683	0.663634	0.000325	140.047756	2.6
154	7549.605077	0.651420	0.000325	166.791829	2.6
155	7457.533105	0.641033	0.000326	166.949605	2.6
156	7420.086203	0.631434	0.000326	150.537149	2.6
157	7537.553724	0.619949	0.000326	169.343645	2.5
158	7530.152192	0.607481	0.000326	164.057150	2.5
159	7605.355045	0.595133	0.000326	139.058960	2.5
160	7610.669773	0.583442	0.000326	159.922331	2.4
161	7530.424083	0.571091	0.000327	247.013552	2.3
162	7648.315653	0.558658	0.000327	177.804462	2.2
163	7121.018137	0.561443	0.000327	180.657880	2.2
164	7563.804530	0.550663	0.000327	147.675166	2.2
165	7396.420314	0.540601	0.000327	184.280909	2.2
166	7374.254538	0.531311	0.000327	161.826995	2.1
167	7545.861377	0.519337	0.000327	204.401011	2.2
168	7451.582702	0.507020	0.000328	183.223048	2.2
169	7360.414283	0.504551	0.000328	161.062440	2.2
170	7751.048144	0.492080	0.000328	237.388448	2.1
171	7414.341677	0.509010	0.000328	163.408830	2.1
172	7569.021348	0.510006	0.000328	137.375749	2.4
173	7452.029968	0.498829	0.000328	204.860527	2.8
174	7511.084195	0.486702	0.000328	147.999502	2.1
175	7515.649010	0.475385	0.000328	162.137550	2.1
176	7340.397054	0.463181	0.000328	167.449624	2.1
177	7512.260963	0.451809	0.000328	187.331614	2.1
178	7548.052426	0.443107	0.000329	186.573057	2.2
179	7465.678941	0.431026	0.000329	181.596950	2.5
180	7300.796687	0.429785	0.000329	113.414900	4.9
181	7257.380796	0.417597	0.000329	148.501248	2.6
182	7638.222260	0.406666	0.000329	196.951507	3.0
183	7352.720505	0.395061	0.000329	177.446317	3.0
184	7388.925304	0.411968	0.000329	163.956989	3.1
185	7168.549131	0.404951	0.000329	142.193993	2.4
186	7391.745778	0.392830	0.000329	162.126184	2.4
187	7055.276651	0.380690	0.000329	152.596365	2.4
188	7514.622091	0.370381	0.000330	171.342698	2.4
189	7524.571071	0.358556	0.000330	168.111889	2.4
190	7291.473435	0.354891	0.000330	119.173367	3.3
191	7017.217536	0.343088	0.000330	195.824899	2.4
192	7360.336945	0.332072	0.000330	124.313805	2.4
193	7608.947185	0.319859	0.000330	164.716361	2.4
194	7220.314506	0.309096	0.000331	112.972376	3.3
195	7252.253743	0.299117	0.000331	145.519168	2.4
196	7553.957076	0.287836	0.000331	112.148252	2.3
197	7392.723213	0.278682	0.000331	127.633803	2.3
198	7179.298600	0.268543	0.000331	163.017976	2.6
199	7361.832940	0.257267	0.000331	137.386518	3.8
200	7278.054004	0.245517	0.000332	133.279327	2.7
201	7426.749756	0.233562	0.000332	215.223260	2.7
202	7654.940991	0.223460	0.000332	169.982419	2.7
203	7367.322910	0.227953	0.000332	139.434406	2.7
204	7007.090976	0.221034	0.000332	123.314484	2.5
205	7042.896406	0.210221	0.000332	166.351161	2.5
206	7360.371454	0.199674	0.000332	111.439057	2.5
207	7234.386199	0.189512	0.000332	140.620734	2.5
208	6989.390087	0.177975	0.000333	129.254404	2.3
209	7395.493961	0.166812	0.000333	153.820845	2.3
210	7016.941537	0.160358	0.000333	165.087477	2.3
211	7034.438524	0.154496	0.000333	136.724949	2.4
212	7635.941031	0.143224	0.000333	190.603970	2.1
213	7472.278352	0.131758	0.000333	185.897814	2.2
214	7243.246616	0.119197	0.000334	152.537756	2.1
215	6966.180139	0.107937	0.000334	138.327154	2.1
216	7079.607569	0.096897	0.000334	198.066847	2.1
217	7402.007911	0.090420	0.000334	283.337697	2.3
218	7484.892023	0.125035	0.000333	135.784226	2.3
219	7368.953985	0.112565	0.000334	132.186669	2.3
220	7365.228002	0.101573	0.000334	264.305866	2.3
221	6924.786639	0.089164	0.000334	205.181556	2.4
222	7464.034835	0.914997	0.000321	242.324391	2.4
223	7004.247662	0.902391	0.000322	208.493601	2.3
224	7335.399954	1.521501	0.000313	92.492009	2.3
225	7350.599241	1.512892	0.000313	284.652579	2.3
226	6905.256974	1.503429	0.000313	190.788898	2.4
227	7293.086064	2.356479	0.000302	163.076960	2.3
228	7061.250085	2.344038	0.000302	163.898172	2.3
229	7570.707245	2.339812	0.000302	135.376995	2.3
230	6809.904872	2.339097	0.000302	230.132497	2.4
231	7057.075901	2.338220	0.000302	125.237046	2.5
232	7116.956022	2.335974	0.000302	167.449604	2.5
233	7298.411187	2.329209	0.000302	218.374388	2.4
234	6807.359266	2.317426	0.000302	214.269874	2.6
235	7141.888646	2.794925	0.000296	154.053376	2.5
236	7161.253922	2.937982	0.000294	198.610211	2.6
237	7151.347477	2.992227	0.000294	177.803285	2.6
238	7190.754445	2.980301	0.000294	112.566471	2.7
239	7383.220769	2.969122	0.000294	236.077455	4.6
240	7286.717066	2.959954	0.000294	260.241197	4.3
241	7233.127640	2.947348	0.000294	134.190101	4.7
242	7265.406712	2.934846	0.000294	200.411041	4.1
243	7111.849183	2.929406	0.000294	110.256869	3.6
244	7005.748571	2.920420	0.000295	111.021652	4.5
245	7172.197507	2.910073	0.000295	127.686602	5.0
246	7290.772951	2.898949	0.000295	125.313874	5.1
247	7333.149277	2.887414	0.000295	135.915283	3.9
248	7082.134282	2.877600	0.000295	94.215416	3.6
249	7118.818605	2.866916	0.000295	142.617804	3.8
250	7250.373965	2.858696	0.000295	116.305180	3.1
251	7045.674056	2.849794	0.000295	120.936086	3.1
252	7300.923420	2.839487	0.000296	150.742290	3.0
253	7397.404796	2.828737	0.000296	132.393844	3.2
254	6940.693556	2.825735	0.000296	129.213438	3.1
255	7218.122066	2.815863	0.000296	110.658811	3.0
256	7370.072728	2.804433	0.000296	132.632471	4.2
257	7193.718752	2.794768	0.000296	147.358624	2.5
258	7062.624466	2.792710	0.000296	114.446107	2.6
259	7108.321324	2.793247	0.000296	156.895277	2.6
260	7309.762338	2.782529	0.000296	137.865907	2.5
261	7061.094020	2.781669	0.000296	232.414974	2.6
262	7057.196971	2.769790	0.000296	193.998495	4.2
263	7237.401588	3.534014	0.000287	180.934647	4.4
264	7167.103601	3.521431	0.000287	162.681065	4.3
265	7230.116599	3.605517	0.000286	142.000061	3.5
266	7358.587473	3.617478	0.000286	166.753097	3.3
267	6909.962438	3.606553	0.000286	122.757357	3.5
268	7237.431042	3.598279	0.000286	115.893210	2.9
269	7271.608409	3.591323	0.000286	200.738549	2.9
270	7344.887239	3.606664	0.000286	204.029815	2.9
271	7118.129828	3.833484	0.000284	198.921244	2.9
272	7108.857777	4.333755	0.000278	152.724205	2.8
273	7373.707802	4.321223	0.000278	178.719373	2.8
274	7227.222811	4.322656	0.000278	98.652659	2.8
275	7128.698303	4.311568	0.000278	99.951670	2.6
276	7079.876202	4.301502	0.000278	132.367722	2.6
277	7198.085986	4.291186	0.000279	97.082690	2.4
278	6984.074409	4.280012	0.000279	165.953823	2.5
279	7024.301690	4.278245	0.000279	134.743968	2.3
280	7239.845826	4.265914	0.000279	161.200596	2.3
281	7280.471205	4.258485	0.000279	155.645228	2.3
282	7154.168101	4.246942	0.000279	154.261866	2.3
283	7112.771940	4.276779	0.000279	147.872452	2.3
284	7182.558362	4.281205	0.000279	190.409049	2.2
285	7206.094845	4.275032	0.000279	283.870185	2.2
286	6868.233344	4.262596	0.000279	179.424933	2.2
287	6995.725929	4.256917	0.000279	120.031154	2.1
288	6932.945378	4.245846	0.000279	113.190110	2.1
289	7175.312939	4.234218	0.000279	159.364226	2.3
290	7410.528451	4.231903	0.000279	144.065214	3.4
291	6921.734957	4.219511	0.000279	125.414764	2.2
292	7095.426278	4.208400	0.000279	92.571195	2.6
293	6838.397551	4.201014	0.000280	173.895415	4.8
294	6984.617234	4.189953	0.000280	124.757122	4.6
295	7333.564491	4.178229	0.000280	234.705483	4.6
296	7056.577379	4.223321	0.000279	127.029725	4.5
297	6968.541653	4.236238	0.000279	80.600419	4.9
298	7059.521983	4.231276	0.000279	91.720778	5.0
299	6731.639081	4.222548	0.000279	123.589628	5.0
300	6815.925407	4.213561	0.000279	105.404698	4.4
301	7122.915926	4.202617	0.000280	174.172761	4.7
302	7287.582114	4.192579	0.000280	117.976605	4.7
303	7067.381952	4.201437	0.000280	119.784824	3.4
304	7284.432648	4.190555	0.000280	111.300013	3.5
305	7063.096056	4.182532	0.000280	149.041629	5.2
306	7018.206940	4.175395	0.000280	111.053331	5.0
307	7038.146225	4.164668	0.000280	107.326968	5.2
308	6779.148946	4.155044	0.000280	123.170837	4.8
309	7021.946028	4.147425	0.000280	171.886347	3.3
310	7048.540178	4.135359	0.000280	271.581297	5.2
311	7082.966236	4.203941	0.000280	122.237697	4.8
312	6891.558644	4.345162	0.000278	181.975576	4.8
313	6894.678731	4.332870	0.000278	103.353961	4.9
314	7390.896308	4.333543	0.000278	125.474541	5.1
315	6989.872145	4.323730	0.000278	87.834609	5.1
316	6939.945445	4.313948	0.000278	193.804438	4.8
317	7000.156643	4.306471	0.000278	247.247704	5.0
318	7230.574992	4.703959	0.000274	119.780962	3.8
319	7200.369604	4.691422	0.000274	226.585558	3.9
320	6842.876218	4.734257	0.000274	162.045226	3.6
321	7034.127593	5.085166	0.000270	139.543378	3.4
322	7312.831380	5.119974	0.000270	164.036075	3.4
323	6861.496575	5.107538	0.000270	173.770436	3.7
324	6663.592056	5.178299	0.000269	112.250592	3.1
325	7024.936148	5.167446	0.000269	166.731062	3.1
326	6830.181795	5.173482	0.000269	147.321495	3.0
327	6686.941662	5.169140	0.000269	129.329154	3.6
328	6852.368462	5.178003	0.000269	151.381796	3.6
329	7046.681205	5.166068	0.000269	137.542359	2.6
330	6844.072895	5.161662	0.000269	149.006813	2.4
331	6926.523227	5.151157	0.000269	137.436423	2.3
332	6940.533382	5.142911	0.000269	186.839380	2.3
333	6615.365817	5.219984	0.000269	121.045643	2.3
334	7105.960425	5.214894	0.000269	137.478512	2.2
335	6745.904259	5.212229	0.000269	146.551267	2.2
336	6771.747629	5.206730	0.000269	120.211278	2.2
337	7011.592867	5.206802	0.000269	125.701710	2.2
338	6701.458759	5.205494	0.000269	195.236101	2.2
339	6871.453938	5.194525	0.000269	103.009715	2.2
340	7025.727590	5.226330	0.000269	132.398395	2.2
341	7203.258811	5.237985	0.000268	157.735344	2.2
342	6731.018141	5.225662	0.000269	237.760332	2.2
343	6838.843158	5.654773	0.000264	101.304739	2.3
344	6958.571404	5.649281	0.000264	96.631938	2.3
345	6891.775617	5.641747	0.000264	127.989575	2.3
346	6994.201401	5.631395	0.000265	158.876650	2.3
347	7183.540467	5.619588	0.000265	126.207916	2.3
348	7059.989069	5.613210	0.000265	146.566508	2.3
349	6761.029918	5.601194	0.000265	136.053212	2.3
350	7100.538348	5.647497	0.000264	145.539857	2.3
351	6807.539058	5.635207	0.000264	132.185936	2.3
352	6869.793892	5.625243	0.000265	105.575525	2.1
353	7023.293944	5.619753	0.000265	294.535849	2.1
354	7124.952089	5.755568	0.000263	229.263228	2.1
355	6779.714852	6.749956	0.000254	111.850699	2.2
356	7058.107625	6.747683	0.000254	126.659712	2.1
357	6962.733803	6.741387	0.000254	153.204848	2.1
358	6763.509491	6.768790	0.000254	176.554812	2.1
359	6875.978753	6.801301	0.000253	90.604126	2.1
360	7059.853883	6.790613	0.000253	94.100768	2.1
361	6809.772485	6.782232	0.000254	122.416597	2.2
362	6823.072031	6.774573	0.000254	133.648332	2.1
363	7188.578705	6.763770	0.000254	104.085013	2.1
364	6786.670940	6.752710	0.000254	150.571397	2.7
365	6961.980722	6.746130	0.000254	109.428438	2.3
366	6874.774086	6.740656	0.000254	115.557638	2.4
367	6580.032530	6.740630	0.000254	203.491607	2.3
368	7053.872096	6.736535	0.000254	155.378087	2.4
369	7003.241154	6.723971	0.000254	188.228451	2.4
370	6826.620765	6.854799	0.000253	192.169559	2.3
371	6939.420725	6.842205	0.000253	141.343946	2.4
372	6952.700312	7.035529	0.000251	167.308865	2.4
373	7100.632187	7.023370	0.000251	119.883138	2.4
374	7061.313298	7.012876	0.000251	140.148181	4.8
375	7025.643319	7.025084	0.000251	69.925191	3.0
376	6737.214250	7.017389	0.000251	146.634787	2.9
377	7221.702898	7.008891	0.000252	101.620476	4.8
378	6706.581379	7.032248	0.000251	146.303352	4.6
379	6955.212687	7.023537	0.000251	207.397565	4.6
380	6707.103565	7.237157	0.000249	85.664987	5.3
381	6941.638178	7.238077	0.000249	100.359500	4.0
382	6873.430351	7.228887	0.000250	101.723834	3.9
383	7166.611260	7.223772	0.000250	85.381127	3.0
384	6783.584774	7.218213	0.000250	200.258082	2.9
385	7204.521854	7.207173	0.000250	93.525595	5.4
386	6931.966930	7.206919	0.000250	146.189541	4.6
387	6766.937907	7.198396	0.000250	187.625610	4.6
388	6858.596396	7.185973	0.000250	145.554007	4.1
389	6734.432162	7.174124	0.000250	127.779721	4.0
390	6758.734225	7.181624	0.000250	92.053325	3.8
391	6791.394768	7.172499	0.000250	117.352797	3.1
392	6974.298278	7.171157	0.000250	114.922628	3.1
393	6799.555512	7.181603	0.000250	113.130669	3.1
394	6752.517935	7.173864	0.000250	88.546253	2.5
395	6848.157658	7.164407	0.000250	96.180302	2.5
396	6691.176995	7.160028	0.000250	105.042252	2.7
397	6939.487462	7.153625	0.000250	139.240085	4.0
398	6839.913655	7.151555	0.000250	146.885661	4.2
399	7104.513809	7.169966	0.000250	148.671553	4.1
400	6643.884789	7.243962	0.000249	118.496192	3.3
401	7392.635224	7.272754	0.000249	115.125446	3.3
402	6944.474615	7.262712	0.000249	106.211710	3.3
403	6926.214992	7.252688	0.000249	131.017405	2.8
404	6748.351635	7.259123	0.000249	124.010349	2.8
405	6772.510269	7.249715	0.000249	104.243028	2.8
406	6626.155352	7.238293	0.000249	125.018406	2.7
407	7022.689432	7.237018	0.000249	105.970342	2.7
408	6989.418517	7.236693	0.000249	147.338973	2.8
409	6535.624411	7.225182	0.000250	119.307359	5.0
410	6878.494210	7.220626	0.000250	121.950946	4.0
411	6797.605323	7.211081	0.000250	140.427478	3.1
412	7101.393186	7.200851	0.000250	125.704679	3.6
413	6649.213834	7.220969	0.000250	150.344174	3.8
414	6918.034359	7.211558	0.000250	84.358116	4.8
415	7213.860064	7.203470	0.000250	154.408322	3.8
416	7326.269771	7.199020	0.000250	101.230855	3.8
417	6708.860641	7.191096	0.000250	107.742252	3.6
418	7000.418342	7.190416	0.000250	100.251788	3.4
419	6975.115113	7.187914	0.000250	105.302828	3.4
420	6995.047291	7.192505	0.000250	135.372085	2.8
421	6883.302809	7.184672	0.000250	109.583200	2.7
422	6688.053553	7.195744	0.000250	120.009916	3.9
423	6861.795010	7.191560	0.000250	101.586418	3.3
424	6856.512699	7.182493	0.000250	71.739132	3.5
425	6694.564606	7.178584	0.000250	81.679541	4.7
426	6720.197307	7.171712	0.000250	85.478296	4.5
427	6852.571852	7.166597	0.000250	115.669935	4.5
428	6779.744977	7.156938	0.000250	122.516798	4.1
429	7059.938008	7.149480	0.000250	130.017091	3.5
430	6908.377250	7.164528	0.000250	196.760938	3.5
431	6903.886815	7.157179	0.000250	128.821356	3.4
432	6802.239029	7.183677	0.000250	120.326031	3.2
433	6914.226636	7.172768	0.000250	120.993275	3.1
434	7224.910753	7.192524	0.000250	76.882661	2.4
435	6564.104523	7.186008	0.000250	121.231781	2.7
436	6715.386843	7.180717	0.000250	166.660065	2.7
437	6601.609093	7.188929	0.000250	214.471075	2.6
438	6691.652614	7.751907	0.000245	101.312918	2.5
439	6822.905475	7.743070	0.000245	84.724442	2.3
440	7063.237326	7.736930	0.000245	151.508566	2.5
441	6751.747167	7.739101	0.000245	105.355465	2.3
442	6766.511748	7.727434	0.000245	68.965857	2.1
443	6907.261883	7.728463	0.000245	72.202341	2.1
444	6883.221570	7.722251	0.000245	169.863310	2.1
445	7136.637375	7.721077	0.000245	205.744490	2.1
446	6726.244411	8.253136	0.000241	77.614282	2.2
447	6776.178684	8.265081	0.000241	123.361325	2.2
448	6998.573162	8.260467	0.000241	172.512629	2.1
449	6644.074103	8.248109	0.000241	89.529219	2.4
450	6546.540474	8.252647	0.000241	158.249210	3.5
451	6920.961982	8.241624	0.000241	155.341903	4.9
452	6698.286301	8.229840	0.000241	88.560096	3.3
453	6826.407407	8.224417	0.000241	108.369229	3.8
454	7000.354408	8.219960	0.000241	165.423845	3.9
455	7055.580223	8.234444	0.000241	99.670029	3.6
456	6797.824477	8.222866	0.000241	117.298388	3.0
457	6426.740552	8.214074	0.000241	95.332638	3.1
458	6916.569259	8.203503	0.000241	122.180489	3.0
459	6831.640831	8.197639	0.000241	269.729852	2.8
460	7052.818191	8.200454	0.000241	129.564702	2.5
461	6766.563095	8.793377	0.000236	123.094764	2.6
462	6790.386411	8.817383	0.000236	176.270636	2.6
463	6996.179642	8.934897	0.000235	95.700315	2.4
464	6955.500994	8.939587	0.000235	84.036843	2.4
465	6634.635647	8.931802	0.000235	62.485273	2.5
466	6553.298952	8.924646	0.000235	83.761403	2.4
467	7087.355405	8.920351	0.000235	113.414669	2.6
468	6625.144398	8.912175	0.000236	188.378374	2.6
469	6716.691432	9.054332	0.000234	120.127204	2.6
470	6917.711328	9.042235	0.000234	158.177909	2.6
471	6705.314047	9.041431	0.000235	156.402543	2.3
472	6904.146158	9.043266	0.000234	115.416049	2.4
473	6881.613537	9.034828	0.000235	170.982294	2.3
474	6837.358479	9.022865	0.000235	113.064095	2.3
475	6779.536761	9.071289	0.000234	209.475350	2.5
476	6537.998712	9.058983	0.000234	103.719669	2.5
477	6834.614960	9.050986	0.000234	110.891108	2.5
478	7043.567638	9.044397	0.000234	138.861265	2.5
479	7004.360728	9.033265	0.000235	89.010015	2.5
480	6844.480180	9.030172	0.000235	87.095046	2.5
481	7096.459055	9.023977	0.000235	63.801546	2.4
482	6771.880439	9.016588	0.000235	75.270396	2.5
483	6829.961174	9.011795	0.000235	152.665207	2.3
484	6936.209816	9.010866	0.000235	116.463290	2.3
485	6655.732870	9.028263	0.000235	98.125898	2.4
486	6625.085413	9.032451	0.000235	68.047773	2.4
487	6627.734460	9.029855	0.000235	118.439172	3.1
488	6825.109906	9.031255	0.000235	79.728786	4.8
489	6716.879048	9.029012	0.000235	200.625014	4.7
490	6765.702404	9.042206	0.000234	79.815456	3.0
491	6562.948698	9.043149	0.000234	113.157074	2.9
492	6563.123222	9.034693	0.000235	112.661384	4.3
493	6948.217300	9.024170	0.000235	166.502355	5.1
494	7011.576413	9.012027	0.000235	117.837601	3.5
495	6803.179963	9.060695	0.000234	65.840747	4.5
496	6768.927378	9.052138	0.000234	71.762540	3.9
497	6851.865580	9.044949	0.000234	164.349970	3.2
498	7069.393123	9.053870	0.000234	83.144643	3.5
499	6738.072182	9.046418	0.000234	66.418250	4.9
500	6905.480502	9.040361	0.000235	102.767519	5.0
501	6793.905120	9.034625	0.000235	127.185647	4.9
502	6815.559092	9.043937	0.000234	195.527667	3.9
503	6889.858357	9.158670	0.000234	119.575342	3.9
504	6883.735571	9.146517	0.000234	298.624930	3.5
505	7035.613713	9.751065	0.000229	60.442761	3.2
506	6967.630267	9.741045	0.000229	166.748774	4.1
507	6783.696223	9.736693	0.000229	96.241782	2.6
508	6531.278915	9.725225	0.000229	91.959847	2.6
509	6857.529056	9.717216	0.000229	102.287667	2.5
510	7011.968400	9.708345	0.000229	116.270211	2.9
511	6752.550920	9.707803	0.000229	178.662710	2.4
512	6911.923752	9.811659	0.000229	68.615313	2.7
513	6844.119826	9.811289	0.000229	97.401700	2.3
514	6728.490328	9.805559	0.000229	86.894464	2.4
515	6829.344531	9.799772	0.000229	132.754686	2.2
516	6893.700201	9.789729	0.000229	75.682496	2.2
517	6525.089678	9.792414	0.000229	97.973783	2.2
518	6873.878619	9.789751	0.000229	131.804233	2.6
519	6533.795772	9.783803	0.000229	163.341117	4.5
520	6646.526578	9.771711	0.000229	83.292811	2.1
521	6869.908199	9.763340	0.000229	128.265229	2.1
522	6873.140258	9.755023	0.000229	127.519247	2.2
523	6809.038998	9.777307	0.000229	245.707298	2.5
524	7195.896869	9.765315	0.000229	113.385913	2.6
525	6710.576605	9.828382	0.000229	76.119569	2.5
526	6913.485885	9.821033	0.000229	86.400095	2.4
527	6730.241262	9.813160	0.000229	82.161780	2.1
528	7000.887167	9.805405	0.000229	70.443742	2.1
529	6935.885306	9.797626	0.000229	94.604415	2.2
530	6686.990405	9.791505	0.000229	141.266922	4.5
531	6682.223401	9.785838	0.000229	129.677131	4.5
532	6843.933981	9.851083	0.000228	114.248524	4.5
533	6657.115234	9.844407	0.000228	120.917375	3.4
534	6462.402589	9.865146	0.000228	128.638100	3.5
535	6844.037515	9.935249	0.000228	150.762988	3.3
536	6556.818028	10.064797	0.000227	105.424020	2.9
537	6723.108775	10.058760	0.000227	130.583532	2.9
538	6902.988300	10.076885	0.000227	93.208282	2.9
539	6682.091767	10.092658	0.000227	90.829589	2.7
540	6841.547415	10.082621	0.000227	109.512594	2.6
541	6956.198429	10.099273	0.000227	96.924885	2.7
542	6611.684761	10.088966	0.000227	65.121008	2.7
543	6698.595367	10.081428	0.000227	63.035931	2.7
544	6788.153332	10.076304	0.000227	140.898184	2.8
545	6690.693137	10.070817	0.000227	65.040613	2.8
546	6739.952585	10.064961	0.000227	65.480173	2.9
547	6389.354517	10.058963	0.000227	79.884056	3.1
548	6914.377794	10.056772	0.000227	188.951435	3.1
549	6841.939769	10.063046	0.000227	89.792581	3.1
550	6729.480624	10.052268	0.000227	69.842365	2.5
551	6666.428236	10.046792	0.000227	105.307091	2.5
552	7082.908251	10.038961	0.000227	139.830974	2.5
553	6508.641738	10.063191	0.000227	126.476716	2.5
554	6980.486882	10.067295	0.000227	104.866821	2.4
555	7011.724628	10.056070	0.000227	214.129689	2.4
556	6887.743005	10.149519	0.000226	74.349564	2.4
557	6959.330928	10.137998	0.000226	97.275595	3.8
558	6738.566449	10.138821	0.000226	141.400375	4.3
559	6757.626601	10.127738	0.000226	89.986704	2.6
560	6831.963153	10.117276	0.000226	265.928410	5.0
561	6609.312165	10.262159	0.000225	110.423489	3.9
562	6814.717817	10.407588	0.000224	73.154438	3.1
563	6380.611900	10.398173	0.000224	96.816844	4.9
564	6643.395974	10.389271	0.000224	135.271986	5.0
565	6567.675907	10.419850	0.000224	111.746949	4.6
566	6827.198937	10.408646	0.000224	63.620631	4.7
567	6657.227265	10.417001	0.000224	132.733269	4.3
568	6772.484284	10.409866	0.000224	122.568702	4.2
569	6631.738166	10.402750	0.000224	109.471572	4.4
570	6771.737239	10.439908	0.000224	207.980073	5.0
571	6638.504398	10.430625	0.000224	92.399618	4.4
572	6568.232675	10.512235	0.000224	195.690780	3.6
573	6868.123381	10.509952	0.000224	81.896945	3.5
574	6612.686523	10.499495	0.000224	135.154469	3.3
575	6831.009487	10.527135	0.000223	147.708309	5.0
576	6976.044536	10.527043	0.000223	68.020184	5.1
577	6643.112574	10.523256	0.000223	82.531420	3.7
578	6695.430021	10.523614	0.000223	66.644225	3.4
579	7027.698521	10.518814	0.000224	66.899399	3.6
580	6781.909299	10.517452	0.000224	55.600785	3.9
581	6697.395476	10.512158	0.000224	112.769517	4.4
582	6814.220368	10.509554	0.000224	60.923307	3.5
583	6671.153451	10.505753	0.000224	85.333715	3.6
584	6798.827584	10.501927	0.000224	165.860120	3.3
585	6881.476244	10.490713	0.000224	311.731214	3.1
586	6650.147932	11.463947	0.000217	80.295053	3.0
587	6527.153003	11.458853	0.000217	88.588498	3.0
588	6799.716661	11.450044	0.000217	96.096531	2.7
589	6700.535768	11.446392	0.000217	91.640438	2.7
590	6752.043908	11.450748	0.000217	73.313631	2.7
591	6717.995046	11.450064	0.000217	95.287689	2.5
592	7034.836403	11.453739	0.000217	63.507925	2.4
593	6457.226884	11.449400	0.000217	63.802141	2.4
594	7023.384804	11.443909	0.000217	126.367112	2.5
595	7036.975816	11.445443	0.000217	126.163244	2.4
596	6847.447978	11.453836	0.000217	140.774584	2.3
597	6811.215205	11.441811	0.000217	219.246510	2.2
598	6582.470642	11.443953	0.000217	154.439240	2.3
599	6723.672271	11.551734	0.000216	113.940041	2.2
600	6709.516902	11.539667	0.000216	124.928656	2.3
601	6843.453035	11.564025	0.000216	174.058086	2.3
602	6603.719362	11.708607	0.000215	102.810804	2.3
603	6747.055360	11.772565	0.000215	93.604381	2.4
604	6484.962961	11.772702	0.000215	101.440716	2.1
605	6951.252373	11.767313	0.000215	61.293250	2.2
606	6830.215928	11.760316	0.000215	73.745490	2.2
607	6646.009539	11.758536	0.000215	80.378313	2.2
608	6514.266491	11.758978	0.000215	94.990717	2.1
609	6813.486641	11.759181	0.000215	91.290896	2.1
610	6674.227604	11.770388	0.000215	124.611611	2.2
611	6888.069394	11.775292	0.000215	75.843595	2.1
612	6683.402412	11.765794	0.000215	64.688705	2.2
613	6673.918091	11.760605	0.000215	104.736686	2.2
614	6695.216724	11.764443	0.000215	178.832269	2.2
615	6714.257625	11.757235	0.000215	135.388812	2.2
616	6650.038551	11.897253	0.000214	57.262605	2.2
617	6707.899888	11.894809	0.000214	59.717406	2.1
618	6712.687224	11.890218	0.000214	72.362389	2.4
619	6564.087796	11.884473	0.000214	212.839564	2.3
620	6529.572690	11.900176	0.000214	65.530437	2.3
621	6666.023445	11.898803	0.000214	180.358884	2.3
622	6740.522351	11.893387	0.000214	59.914796	2.6
623	6672.180512	11.894999	0.000214	166.477874	2.7
624	6384.734718	11.886947	0.000214	64.318154	2.7
625	6569.189868	11.877331	0.000214	116.859464	2.9
626	6702.964775	11.884381	0.000214	91.032767	4.6
627	6469.425769	11.873598	0.000214	92.692564	4.8
628	7063.389814	11.865033	0.000214	109.723186	4.5
629	6515.735897	11.886067	0.000214	92.739736	4.6
630	6967.089305	11.892586	0.000214	76.768712	3.6
631	6570.593059	11.883394	0.000214	68.073949	3.4
632	6643.457737	11.878764	0.000214	56.908469	3.4
633	6780.950639	11.872538	0.000214	177.482857	2.9
634	6840.235882	11.870424	0.000214	154.289475	4.5
635	6398.708642	11.908540	0.000214	113.348575	4.6
636	6506.622804	11.983794	0.000214	113.017030	3.4
637	6430.048457	11.974769	0.000214	147.947491	3.4
638	6613.941275	11.963172	0.000214	181.699935	3.3
639	6627.305853	11.986457	0.000214	69.408260	3.3
640	6812.409790	11.978973	0.000214	126.047087	3.4
641	6698.407936	11.973734	0.000214	180.418016	3.1
642	6850.774148	12.288701	0.000212	95.908072	2.8
643	6799.638203	12.305687	0.000212	118.223915	2.9
644	7144.512858	12.297149	0.000212	81.677770	3.0
645	6694.109665	12.289506	0.000212	74.494702	3.0
646	6722.351525	12.287484	0.000212	86.030697	3.0
647	6723.019996	12.285363	0.000212	127.655835	3.0
648	6775.714709	12.277869	0.000212	105.355566	2.5
649	6593.143923	12.269287	0.000212	79.541640	2.4
650	6847.572045	12.281131	0.000212	104.565800	4.8
651	6593.529888	12.287242	0.000212	114.965578	4.8
652	7032.475151	12.300973	0.000212	129.553478	4.9
653	6899.124738	12.306647	0.000212	142.397428	3.8
654	6797.512936	12.308654	0.000211	158.682364	3.5
655	6918.693941	12.351204	0.000211	168.689996	3.6
656	6778.740357	12.338698	0.000211	158.899662	4.7
657	6761.675406	12.774449	0.000209	145.141669	3.7
658	6763.623098	12.827040	0.000208	116.942647	3.5
659	7049.916445	12.860640	0.000208	80.532645	4.0
660	6648.370772	12.853004	0.000208	151.294986	4.1
661	6806.591556	12.848540	0.000208	59.225876	3.0
662	6593.487458	12.845997	0.000208	81.775044	3.1
663	6470.930544	12.841299	0.000208	59.662562	3.0
664	6335.940381	12.834778	0.000208	74.271573	3.1
665	6548.752448	12.828278	0.000208	106.869153	3.3
666	6637.519140	12.836097	0.000208	87.452443	3.1
667	6573.505134	12.827066	0.000208	83.154221	3.0
668	6774.194471	12.837121	0.000208	73.513844	2.9
669	6617.832378	12.835316	0.000208	169.171570	2.8
670	6664.322473	12.849871	0.000208	109.849241	2.8
671	6570.556787	12.952665	0.000207	136.648277	2.9
672	6882.744309	12.941759	0.000208	120.972255	2.9
673	6602.301443	12.935636	0.000208	69.866767	2.8
674	6848.760532	12.929584	0.000208	63.538863	2.9
675	6837.610805	12.928844	0.000208	76.756837	2.9
676	6659.760913	12.922311	0.000208	87.719846	3.0
677	6389.057538	12.931715	0.000208	116.719541	3.0
678	6714.734247	12.922255	0.000208	135.585750	2.4
679	6358.995157	12.910759	0.000208	90.610726	2.4
680	6875.505079	12.933971	0.000208	120.498606	2.4
681	6380.566339	12.946591	0.000208	135.828327	2.3
682	6870.295833	12.960521	0.000207	145.013005	2.4
683	6767.789926	13.037063	0.000207	110.741427	2.4
684	7105.720486	13.057536	0.000207	142.573921	2.4
685	6965.467073	13.151710	0.000206	95.046343	2.5
686	6467.644535	13.167978	0.000206	55.622234	2.3
687	6518.597863	13.163455	0.000206	95.710210	2.3
688	6465.027101	13.161404	0.000206	70.554466	2.1
689	6499.494324	13.163667	0.000206	66.693823	2.1
690	6880.862638	13.157863	0.000206	112.023896	2.1
691	6475.878184	13.149459	0.000206	175.461886	2.3
692	6728.093138	13.142121	0.000206	139.198028	2.4
693	6456.323885	13.235623	0.000206	69.043656	2.4
694	6584.537815	13.227466	0.000206	122.876307	2.3
695	6659.705892	13.217943	0.000206	80.203530	2.2
696	6634.211984	13.223474	0.000206	60.385178	2.2
697	6343.120291	13.225476	0.000206	53.496016	2.2
698	6567.794629	13.223700	0.000206	137.769647	2.3
699	6987.903359	13.215547	0.000206	160.281799	2.2
700	6538.863204	13.249822	0.000206	59.136985	2.2
701	6670.944228	13.244901	0.000206	88.271692	2.2
702	6617.287853	13.239701	0.000206	213.684549	2.5
703	6786.320992	13.302593	0.000205	72.727867	2.2
704	6590.349988	13.387506	0.000205	218.009273	2.4
705	6788.543728	13.376533	0.000205	116.405991	5.0
706	6533.303689	13.685058	0.000203	66.159032	4.4
707	6654.123345	13.684028	0.000203	115.878932	2.7
708	6594.756424	13.678950	0.000203	127.089882	2.8
709	6404.123521	13.708623	0.000203	121.916565	4.9
710	6672.548602	13.738151	0.000203	133.209969	3.6
711	6758.754173	13.728299	0.000203	55.572442	3.3
712	6567.737061	13.736746	0.000203	105.263434	4.7
713	6885.124697	13.739697	0.000203	118.103676	4.0
714	6704.891334	13.729701	0.000203	48.507461	3.9
715	6937.442067	13.723329	0.000203	120.183609	3.8
716	6849.705641	13.718535	0.000203	96.533873	4.7
717	6606.080350	13.709184	0.000203	152.561887	4.8
718	6832.647626	13.710947	0.000203	112.879543	4.7
719	6222.537775	13.753539	0.000203	86.843467	3.5
720	6862.947100	13.750042	0.000203	83.475852	3.5
721	6908.377926	13.756665	0.000203	63.980487	4.9
722	6629.993930	13.750334	0.000203	202.530883	5.0
723	6604.584476	13.769589	0.000203	130.857261	3.8
724	6633.298168	13.764596	0.000203	79.130174	4.1
725	6657.021642	13.766308	0.000203	139.151956	4.1
726	6546.708739	13.757434	0.000203	107.334783	3.1
727	6378.393558	13.777399	0.000203	140.763355	3.0
728	6490.200155	13.770514	0.000203	67.204621	3.0
729	6748.620211	13.761678	0.000203	76.576668	3.0
730	6632.055770	13.759098	0.000203	47.498891	2.9
731	6915.867682	13.756961	0.000203	87.265953	2.8
732	6583.473340	13.756243	0.000203	129.796170	2.9
733	6587.613891	13.792106	0.000202	154.199202	2.9
734	6538.277840	13.875105	0.000202	100.609323	2.8
735	6885.807755	13.868925	0.000202	160.726765	2.8
736	6710.869150	13.858165	0.000202	100.652047	2.8
737	6679.836695	13.864390	0.000202	65.946699	2.8
738	6679.241635	13.862368	0.000202	130.618837	2.7
739	6867.092102	13.878418	0.000202	66.333868	2.7
740	6438.874720	13.872651	0.000202	103.933547	2.8
741	6637.880352	13.878168	0.000202	85.327591	2.7
742	6565.160873	13.872617	0.000202	50.738517	2.7
743	6770.578355	13.868164	0.000202	118.978062	2.7
744	6936.464747	13.873631	0.000202	204.729147	2.5
745	6755.537094	13.863086	0.000202	100.470217	2.6
746	6714.666964	13.961271	0.000202	78.908330	2.5
747	6416.103385	13.977420	0.000201	115.669104	2.4
748	6652.730618	13.972058	0.000201	79.751345	2.3
749	6908.318297	13.969084	0.000201	214.639476	2.4
750	6687.171563	13.959009	0.000202	68.623074	2.3
751	6642.618732	13.954781	0.000202	136.795060	4.5
752	6630.412926	13.951614	0.000202	60.719601	2.8
753	6611.092951	13.949803	0.000202	82.084344	5.1
754	6685.003768	13.951947	0.000202	122.078451	4.9
755	6684.279475	13.955472	0.000202	67.361293	4.1
756	6835.677792	13.963982	0.000201	71.132606	2.1
757	6566.542049	13.960678	0.000202	68.417955	2.2
758	6438.351779	13.960513	0.000202	161.114303	3.2
759	6361.789892	13.967774	0.000201	121.603828	7.2
760	6736.015874	13.955631	0.000202	78.153527	4.0
761	6693.188057	13.950861	0.000202	150.728584	3.1
762	6910.328959	13.974022	0.000201	157.865440	2.7
763	6995.596390	14.150204	0.000200	91.327461	2.7
764	6895.078608	14.160657	0.000200	131.328953	2.6
765	6752.269947	14.150881	0.000200	99.017176	4.8
766	6684.602033	14.183889	0.000200	71.578773	3.3
767	6617.179571	14.179267	0.000200	205.331067	2.9
768	6437.383260	14.252508	0.000200	55.525110	3.2
769	6697.208297	14.249473	0.000200	99.477143	3.3
770	6651.974548	14.243436	0.000200	103.693515	3.1
771	6614.501360	14.253438	0.000200	120.672082	3.2
772	6919.541094	14.251108	0.000200	54.125586	3.3
773	6879.555232	14.245131	0.000200	88.241703	3.2
774	6741.522816	14.242767	0.000200	158.257135	3.7
775	6417.744931	14.240203	0.000200	184.400917	3.6
776	6422.626456	14.228181	0.000200	134.222463	3.5
777	6582.742790	14.215896	0.000200	84.729062	6.6
778	6592.376474	14.213520	0.000200	101.863151	3.0
779	6546.434316	14.206339	0.000200	143.670654	3.7
780	6794.367763	14.224041	0.000200	211.119594	3.8
781	6685.054444	14.257364	0.000200	55.944186	4.7
782	6621.012814	14.258521	0.000200	61.341747	2.7
783	6558.054225	14.252917	0.000200	46.096139	2.7
784	6793.822826	14.251462	0.000200	115.803123	3.8
785	6572.722332	14.244065	0.000200	85.172053	4.0
786	6794.917643	14.233885	0.000200	172.754991	2.5
787	6762.464549	14.262654	0.000200	77.671748	2.9
788	6867.596464	14.251676	0.000200	130.440474	4.4
789	6453.466777	14.259035	0.000200	118.975420	4.5
790	6733.183964	14.247252	0.000200	80.571586	3.3
791	6617.760476	14.272478	0.000200	154.884755	3.5
792	6856.898625	14.261746	0.000200	114.663526	3.3
793	6754.266854	14.258123	0.000200	131.699046	2.7
794	6605.644590	14.247187	0.000200	65.718332	2.8
795	6870.047742	14.254986	0.000200	70.829210	2.8
796	6720.679698	14.249441	0.000200	106.598178	2.6
797	6544.297775	14.240722	0.000200	68.097140	2.4
798	6767.247437	14.244096	0.000200	76.381211	2.4
799	6460.190553	14.238443	0.000200	134.104151	2.4
800	6299.785298	14.229908	0.000200	83.468327	2.4
801	6818.235949	14.222136	0.000200	55.205227	2.4
802	6786.131160	14.217616	0.000200	177.337447	2.7
803	6866.083695	14.229543	0.000200	76.514668	3.1
804	6659.756594	14.285254	0.000200	101.238175	2.9
805	6642.302836	14.304072	0.000200	77.290810	3.5
806	6665.455647	14.306536	0.000200	199.905105	2.9
807	6650.892778	14.297261	0.000200	140.207602	4.6
808	6506.615235	14.284755	0.000200	108.945005	2.5
809	6655.978848	14.275193	0.000200	205.386860	2.6
810	6879.873282	14.280418	0.000200	116.066093	4.8
811	6376.167411	14.270587	0.000200	174.381873	5.0
812	6698.004663	14.258283	0.000200	55.202262	5.2
813	6466.060406	14.254365	0.000200	79.565107	3.7
814	6442.562401	14.254447	0.000200	129.179411	3.7
815	6567.621559	14.257160	0.000200	119.639081	3.7
816	6485.720984	14.285515	0.000200	65.035245	3.7
817	6849.332360	14.296369	0.000200	100.524110	3.8
818	6597.798014	14.296335	0.000200	171.663864	3.5
819	6393.481422	14.454055	0.000199	56.444983	5.9
820	6549.281272	14.445910	0.000199	124.538056	4.1
821	6524.785280	14.449772	0.000199	112.749904	4.0
822	6821.033725	14.438711	0.000199	194.960401	3.4
823	6633.107434	14.628346	0.000198	91.659078	5.2
824	6672.662880	14.616433	0.000198	117.464782	3.7
825	6965.073959	14.634885	0.000198	76.565830	5.4
826	6739.295531	14.647476	0.000198	76.687941	3.7
827	6528.196322	14.645111	0.000198	77.784242	3.9
828	6743.063203	14.648149	0.000198	43.417481	3.9
829	6584.196280	14.644427	0.000198	165.815881	2.9
830	6438.533584	14.651806	0.000198	102.394684	3.2
831	6682.145379	14.683035	0.000197	76.600833	2.6
832	6659.757294	14.680610	0.000197	103.637304	2.4
833	6673.216055	14.685905	0.000197	143.778581	2.5
834	6863.774602	14.709147	0.000197	84.950885	6.1
835	6725.937070	14.718807	0.000197	79.382547	5.3
836	6560.022248	14.726351	0.000197	33.868419	3.1
837	6566.704491	14.721902	0.000197	57.653636	4.8
838	6808.363423	14.721635	0.000197	106.647669	5.3
839	6833.795993	14.727021	0.000197	90.270081	3.5
840	6561.119285	14.718608	0.000197	137.105841	4.4
841	6619.086148	14.747249	0.000197	138.236067	3.2
842	6611.133463	14.795320	0.000197	77.313781	3.3
843	6592.063078	14.818614	0.000197	84.316683	5.5
844	6796.782008	14.813746	0.000197	67.160357	2.6
845	6600.133977	14.811520	0.000197	95.910374	2.6
846	6690.754678	14.804365	0.000197	61.455605	3.0
847	6640.397663	14.808572	0.000197	78.940948	3.0
848	6355.640130	14.802192	0.000197	128.879835	3.0
849	6539.070365	14.792114	0.000197	162.250667	5.7
850	6373.992397	14.787865	0.000197	125.062978	2.3
851	6529.519309	14.911253	0.000196	148.671871	3.0
852	6659.576633	14.996558	0.000196	81.726451	2.7
853	7028.022846	14.989027	0.000196	255.468207	2.8
854	6692.327051	15.006252	0.000196	134.145208	2.8
855	6561.252204	14.993688	0.000196	134.588863	2.7
856	6515.537365	15.104464	0.000195	135.610348	3.4
857	6691.780060	15.094812	0.000195	136.823072	4.0
858	6573.281175	15.256314	0.000194	117.932092	3.8
859	6604.398560	15.270925	0.000194	86.479620	2.8
860	6598.079435	15.262058	0.000194	73.373368	2.7
861	6801.642880	15.277207	0.000194	148.335002	2.8
862	6549.090985	15.299240	0.000194	89.648303	3.9
863	6547.262587	15.326785	0.000194	96.615035	4.8
864	6660.105466	15.318911	0.000194	119.412103	4.6
865	6449.531312	15.321763	0.000194	118.655238	4.0
866	6450.598971	15.388137	0.000194	100.223981	5.0
867	6867.137887	15.384400	0.000194	135.226728	5.1
868	6466.328578	15.372911	0.000194	67.933774	4.2
869	6393.459305	15.398280	0.000194	70.832689	4.3
870	6753.060833	15.392539	0.000194	170.052294	3.8
871	6383.883991	15.451555	0.000193	149.667567	3.3
872	6604.149163	15.874055	0.000191	119.107343	8.6
873	6675.764207	15.862017	0.000191	122.827598	3.4
874	6932.653629	15.850607	0.000191	56.736924	3.5
875	6761.753982	15.849822	0.000191	176.153012	4.8
876	6533.489212	15.848840	0.000191	87.171827	5.5
877	6560.386343	15.842625	0.000191	134.831434	4.6
878	6826.259352	15.835617	0.000191	153.786916	3.6
879	6688.969897	15.823318	0.000191	64.239323	3.7
880	6344.255071	15.813356	0.000191	114.523652	4.2
881	6700.930232	15.804931	0.000191	48.697494	4.2
882	6867.230739	15.803003	0.000191	161.211276	7.0
883	6479.757409	15.802314	0.000191	91.517761	3.7
884	6609.016985	15.825372	0.000191	56.769040	3.7
885	6725.943881	15.828829	0.000191	57.573245	4.9
886	6916.006333	15.823581	0.000191	107.634407	5.4
887	6780.475759	15.818905	0.000191	77.436452	4.9
888	6552.677645	15.809431	0.000191	89.988442	4.5
889	6826.880694	15.809079	0.000191	107.531238	5.0
890	6787.675600	15.801565	0.000191	71.865790	3.6
891	6768.636530	15.794091	0.000191	109.295224	3.5
892	6749.471622	15.788661	0.000191	109.288254	3.5
893	6575.810330	15.825860	0.000191	78.362714	3.6
894	6760.809323	15.840244	0.000191	113.476668	4.0
895	6359.489672	15.858218	0.000191	30.078676	3.8
896	6484.460644	15.854523	0.000191	108.694867	4.2
897	6831.319281	15.853307	0.000191	177.531305	4.2
898	6790.699474	15.956856	0.000191	92.953634	3.9
899	6404.997286	15.946515	0.000191	170.510927	3.3
900	6758.656198	16.006191	0.000190	83.939216	3.2
901	6464.171441	15.999697	0.000190	123.451997	2.8
902	6557.589521	16.004846	0.000190	67.220726	4.4
903	6937.001391	16.002006	0.000190	91.625917	5.3
904	6405.083206	15.994931	0.000190	117.010256	7.7
905	6839.205947	16.008104	0.000190	136.321422	4.1
906	6689.993481	16.001957	0.000190	186.294123	3.6
907	6654.363028	15.999948	0.000190	159.012441	3.7
908	6641.061444	16.117192	0.000190	116.206448	3.8
909	6932.620536	16.130694	0.000190	235.732694	4.5
910	6460.474365	16.548818	0.000188	116.631325	3.6
911	6383.132140	17.075316	0.000185	133.467461	3.5
912	6650.041507	17.063761	0.000185	108.943690	3.3
913	6706.557937	17.079671	0.000185	90.485317	3.0
914	6259.875998	17.072548	0.000185	133.391774	2.8
915	6495.368905	17.061838	0.000185	122.539233	2.9
916	6516.111021	17.051157	0.000185	155.066798	6.1
917	6694.277952	17.056752	0.000185	202.935118	4.4
918	6775.163570	17.345942	0.000184	105.265689	5.7
919	6668.546670	17.642397	0.000182	91.082481	4.9
920	6665.711477	17.644478	0.000182	102.437295	4.9
921	6379.994463	17.636574	0.000182	191.440398	4.6
922	6664.270459	17.655823	0.000182	231.416301	4.5
923	6569.077853	18.596679	0.000178	151.228978	4.8
924	6610.399920	18.584101	0.000178	51.011438	4.6
925	6564.983124	18.591819	0.000178	98.354375	4.5
926	6306.868765	18.598449	0.000178	240.810604	3.4
927	6535.122217	18.733559	0.000177	107.586345	4.1
928	6408.033180	19.119612	0.000176	100.748548	3.7
929	6418.920574	19.150856	0.000175	69.831360	3.1
930	6503.600086	19.158514	0.000175	137.354020	3.4
931	6678.690062	19.185384	0.000175	89.701497	3.2
932	6510.171415	19.237504	0.000175	57.968800	4.7
933	6512.055551	19.240817	0.000175	55.379251	2.9
934	6679.986960	19.235350	0.000175	167.137167	3.4
935	6310.092318	19.231621	0.000175	130.561259	3.4
936	6484.721562	19.281275	0.000175	255.465254	3.4
937	6612.054650	19.268855	0.000175	191.417980	3.1
938	6715.418674	20.243827	0.000171	94.152114	2.6
939	6310.934456	20.231819	0.000171	59.999561	6.5
940	6203.191807	20.236394	0.000171	56.281770	3.1
941	6422.369630	20.231506	0.000171	126.976680	4.2
942	7043.653029	20.226249	0.000171	99.652247	4.1
943	6830.518651	20.242427	0.000171	82.760428	3.5
944	6504.639008	20.235194	0.000171	75.829396	3.5
945	6596.858519	20.231857	0.000171	69.288478	3.4
946	6537.799604	20.227403	0.000171	77.913365	3.5
947	6965.759258	20.233212	0.000171	87.580958	4.9
948	6780.389657	20.242395	0.000171	175.045992	4.6
949	6894.689541	20.264597	0.000171	91.089648	4.4
950	6686.748599	20.272182	0.000171	178.326658	4.5
951	6673.951194	20.269979	0.000171	185.670168	4.6
952	6450.374190	20.841885	0.000168	83.821183	3.7
953	6761.631564	20.830891	0.000168	75.695514	3.6
954	6581.450318	20.830469	0.000168	86.538850	4.7
955	6703.043162	20.832928	0.000168	90.063843	7.6
956	6609.131541	20.827478	0.000168	185.634673	5.1
957	6735.119525	20.850251	0.000168	68.336857	4.9
958	6726.875813	20.868482	0.000168	86.762213	3.9
959	6530.712805	20.861113	0.000168	156.343124	4.9
960	6599.333357	20.850079	0.000168	146.856531	4.6
961	6547.668064	20.883381	0.000168	115.138959	3.2
962	6326.321580	21.035154	0.000168	137.538833	3.7
963	6489.948976	21.028712	0.000168	66.507303	5.5
964	6727.168060	21.029239	0.000168	151.546120	2.9
965	6862.739918	21.026684	0.000168	134.144586	2.8
966	6731.174301	21.019171	0.000168	112.249313	2.6
967	6889.992713	21.007932	0.000168	138.049149	3.6
968	6561.544317	21.006604	0.000168	67.798213	2.6
969	6784.348113	21.006160	0.000168	83.128521	5.3
970	6420.585601	21.003999	0.000168	117.707419	2.7
971	6559.910641	20.994857	0.000168	157.991542	4.3
972	6827.846986	21.159144	0.000167	95.616274	3.0
973	6612.595929	21.148341	0.000167	114.663228	3.3
974	6582.806239	21.203445	0.000167	109.677832	5.5
975	6990.555451	21.234237	0.000167	104.878306	3.8
976	6458.128852	21.289646	0.000167	111.004211	3.2
977	6378.235875	21.279631	0.000167	73.759400	3.1
978	6873.346647	21.281796	0.000167	122.011843	3.3
979	6774.130309	21.284427	0.000167	39.507458	3.2
980	6588.575114	21.282313	0.000167	83.695417	2.7
981	6379.962483	21.281415	0.000167	50.484538	4.4
982	6302.812045	21.287766	0.000167	88.150625	3.2
983	6848.289329	21.291272	0.000167	182.120439	3.4
984	6559.673197	21.304339	0.000167	102.445458	3.5
985	6718.443515	21.292142	0.000167	127.445047	3.2
986	6412.340786	21.368537	0.000166	93.427268	2.7
987	6621.847207	21.423560	0.000166	69.247420	3.0
988	6315.701354	21.417421	0.000166	98.369366	6.5
989	6441.014708	21.408974	0.000166	115.116221	3.2
990	6817.542364	21.400546	0.000166	88.833009	3.6
991	6586.969475	21.409115	0.000166	106.875026	4.3
992	6679.383337	21.408755	0.000166	211.828966	3.8
993	6744.527511	21.396410	0.000166	51.390781	3.3
994	6886.652560	21.390381	0.000166	106.841977	4.9
995	6851.602164	21.388027	0.000166	91.887684	4.2
996	6527.594609	21.377838	0.000166	123.993162	4.0
997	6577.190398	21.434474	0.000166	126.440801	3.9
998	6305.529443	21.424036	0.000166	57.553007	3.8
999	6558.013658	21.431729	0.000166	64.031749	3.6
1000	6277.773341	21.433222	0.000166	79.874192	3.6
1001	6464.867380	21.437330	0.000166	154.446373	3.0
1002	6556.578722	21.427872	0.000166	124.401307	2.9
1003	6502.016887	21.427214	0.000166	41.191083	3.0
1004	6659.168151	21.435897	0.000166	165.573376	4.9
1005	6785.296928	21.437404	0.000166	62.621652	4.6
1006	6550.519681	21.432748	0.000166	211.612444	4.7
1007	6481.044039	21.421578	0.000166	140.076885	4.8
1008	6887.870939	22.139662	0.000163	43.360077	4.2
1009	6558.353089	22.138612	0.000163	56.008290	3.6
1010	6370.698354	22.134456	0.000163	66.621919	6.0
1011	6452.284307	22.133170	0.000163	160.190757	4.9
1012	6790.879998	22.124821	0.000163	121.212964	3.4
1013	6548.892301	22.122887	0.000163	51.914306	3.9
1014	6880.741278	22.116138	0.000163	75.239771	4.9
1015	6564.794680	22.112932	0.000163	88.140878	4.1
1016	6414.159662	22.121238	0.000163	96.717243	3.6
1017	6640.237376	22.113051	0.000163	142.261443	3.5
1018	6345.622874	22.148765	0.000163	127.058687	3.4
1019	6406.729913	22.226161	0.000163	110.258050	5.2
1020	6500.725828	22.296546	0.000163	116.887537	5.6
1021	6686.058308	22.317002	0.000163	62.015384	5.1
1022	6605.903860	22.311686	0.000163	121.147647	4.4
1023	6444.796073	22.308949	0.000163	89.704596	4.2
1024	6729.334406	22.354296	0.000162	111.632724	4.0
1025	6619.430931	22.344533	0.000163	150.778848	3.5
1026	6238.853534	22.400975	0.000162	67.207495	3.5
1027	6451.074432	22.426604	0.000162	94.923835	5.4
1028	6945.198458	22.422664	0.000162	74.400300	3.0
1029	6695.788356	22.418928	0.000162	86.705453	3.0
1030	6286.109580	22.413300	0.000162	122.267797	7.2
1031	6576.739693	22.438875	0.000162	166.385414	4.0
1032	6638.048815	22.427177	0.000162	105.076668	4.1
1033	6797.377893	22.415210	0.000162	94.355961	4.0
1034	6432.760040	22.427147	0.000162	72.186760	3.6
1035	6695.756196	22.425339	0.000162	69.452323	4.1
1036	6724.720095	22.430123	0.000162	80.929825	3.7
1037	6587.032451	22.428192	0.000162	100.928456	4.3
1038	6585.409891	22.429273	0.000162	215.259916	5.1
1039	6724.469743	22.649446	0.000161	146.572153	3.8
1040	6500.830699	22.636920	0.000161	162.351177	5.9
1041	6443.598455	22.860323	0.000161	90.174503	2.3
1042	6570.271147	22.869292	0.000161	129.225833	2.4
1043	6746.685258	22.887673	0.000161	59.920477	4.9
1044	6568.532080	22.897829	0.000160	141.395451	7.3
1045	6454.091124	22.897051	0.000160	49.242238	2.3
1046	6666.690114	22.893407	0.000160	73.480673	5.2
1047	6562.275650	22.896011	0.000160	128.180976	4.6
1048	6709.831732	22.892669	0.000161	55.631285	4.4
1049	6714.560121	22.885095	0.000161	57.103913	2.2
1050	6502.094074	22.886981	0.000161	103.861356	2.2
1051	6650.062007	22.890717	0.000161	42.676865	3.8
1052	6523.902537	22.886183	0.000161	57.174792	2.3
1053	6662.617647	22.887403	0.000161	107.912699	5.0
1054	6395.361189	22.886317	0.000161	62.846761	2.4
1055	6852.561031	22.904641	0.000160	39.948124	3.0
1056	6634.052343	22.901542	0.000160	44.100290	2.8
1057	6499.668737	22.898335	0.000160	82.896043	3.7
1058	6769.549920	22.898648	0.000160	98.376608	2.8
1059	6646.353104	22.915947	0.000160	76.420446	2.8
1060	6525.500230	22.911823	0.000160	67.155589	2.8
1061	7003.428023	22.918333	0.000160	41.512909	3.1
1062	6749.381160	22.917237	0.000160	81.711311	3.3
1063	6449.633471	22.919494	0.000160	38.045765	3.2
1064	6493.482422	22.915261	0.000160	44.736578	2.8
1065	6447.856828	22.915474	0.000160	64.243047	2.5
1066	6431.568496	22.913227	0.000160	84.105627	3.3
1067	6308.736781	22.915107	0.000160	96.471507	5.1
1068	6694.177302	22.915948	0.000160	76.060870	4.7
1069	6604.702118	22.911728	0.000160	46.373927	4.7
1070	6867.827817	22.908003	0.000160	150.363742	6.6
1071	6308.905339	22.901291	0.000160	46.121409	4.7
1072	6761.643208	22.912629	0.000160	83.971512	4.6
1073	6655.307168	22.910423	0.000160	195.928976	3.9
1074	6731.449493	22.957048	0.000160	133.677946	3.8
1075	6485.975819	22.945392	0.000160	191.177772	3.3
1076	6688.614734	23.430767	0.000159	122.354539	3.4
1077	6288.939543	23.433578	0.000159	49.237762	3.0
1078	6522.259695	23.427162	0.000159	190.517377	4.2
1079	6987.245232	23.421546	0.000159	129.756488	3.3
1080	6621.853461	23.421389	0.000159	103.281926	5.0
1081	6748.287030	23.511904	0.000158	40.597824	4.1
1082	6820.226266	23.513488	0.000158	64.298103	4.4
1083	6297.955920	23.513752	0.000158	61.301915	5.0
1084	6628.837344	23.514695	0.000158	214.735505	2.8
1085	6524.070873	23.521413	0.000158	121.103304	2.6
1086	6477.114165	23.517725	0.000158	91.569902	3.4
1087	6646.651903	23.534610	0.000158	110.951551	5.1
1088	6612.682762	23.529018	0.000158	103.754795	3.0
1089	6775.401241	23.521409	0.000158	195.918786	3.7
1090	6519.950789	23.652667	0.000158	119.452503	2.8
1091	6458.795241	23.640537	0.000158	117.360359	3.3
1092	6340.774810	23.682608	0.000158	172.083108	4.0
1093	6162.385334	23.670490	0.000158	88.724341	2.2
1094	6683.925314	23.702732	0.000158	118.161374	2.2
1095	6557.560826	23.694951	0.000158	166.518386	3.5
1096	6685.418738	23.723168	0.000158	105.026070	3.3
1097	6535.040683	23.725190	0.000158	115.457772	2.4
1098	6357.338732	23.759050	0.000157	97.165808	5.2
1099	6663.391132	23.758517	0.000157	50.474604	2.6
1100	6817.634398	23.764574	0.000157	52.328298	2.6
1101	6459.039755	23.761523	0.000157	120.367372	4.1
1102	6605.479747	23.755045	0.000157	93.753991	3.7
1103	6567.716479	23.744389	0.000157	121.212498	4.9
1104	6698.368742	23.741659	0.000157	233.262793	5.1
1105	6715.939832	23.772219	0.000157	69.515006	4.5
1106	6687.127169	23.905438	0.000157	93.958655	3.1
1107	6736.427883	23.919463	0.000157	68.785872	3.7
1108	6640.785808	23.914321	0.000157	134.426564	3.6
1109	6551.657377	23.918463	0.000157	65.207910	3.4
1110	6820.356452	23.914602	0.000157	107.886218	2.6
1111	6619.632567	23.908875	0.000157	57.061432	2.8
1112	6599.341667	23.900519	0.000157	47.110541	6.0
1113	6669.094686	23.903192	0.000157	90.463789	4.5
1114	6513.268995	23.902320	0.000157	90.839214	5.1
1115	6485.978917	23.923415	0.000157	38.456424	5.6
1116	6647.289487	23.918664	0.000157	84.495819	4.8
1117	6435.796351	23.921982	0.000157	102.463534	4.8
1118	6604.594075	23.941251	0.000157	102.092195	4.0
1119	6804.351261	23.988518	0.000157	124.146479	3.5
1120	6520.498279	24.008708	0.000157	122.462240	3.9
1121	6914.909811	24.094079	0.000156	77.333981	7.3
1122	6372.069147	24.091854	0.000156	86.441822	2.7
1123	6689.959136	24.100285	0.000156	68.962431	3.5
1124	6651.637236	24.092418	0.000156	230.294990	3.1
1125	6560.164003	24.181546	0.000156	118.794470	3.2
1126	6576.808295	24.741147	0.000154	160.152214	4.0
1127	6592.874301	24.729321	0.000154	84.916363	4.9
1128	6664.924990	24.823278	0.000154	65.142432	4.7
1129	6864.738148	24.822665	0.000154	95.038370	2.8
1130	6213.498590	24.817138	0.000154	120.411562	5.9
1131	6439.456326	24.808720	0.000154	73.985639	3.4
1132	6473.281547	24.816179	0.000154	50.846627	3.3
1133	6371.822987	24.814210	0.000154	58.631828	3.5
1134	6554.701955	24.816045	0.000154	77.020202	4.4
1135	6378.903357	24.811935	0.000154	93.375950	3.4
1136	6779.122420	24.825256	0.000154	187.013432	3.0
1137	6699.994468	24.818917	0.000154	146.038306	2.7
1138	6593.982359	24.931566	0.000153	74.297133	3.4
1139	6687.778534	24.938211	0.000153	81.532649	4.8
1140	6586.380836	24.932121	0.000153	115.540983	2.2
1141	6635.965758	24.973100	0.000153	61.868809	2.1
1142	6424.275342	24.965919	0.000153	139.899223	4.6
1143	6647.638691	24.957780	0.000153	89.573380	4.0
1144	6474.035890	25.027542	0.000153	41.829148	3.9
1145	6686.040210	25.021741	0.000153	104.017997	2.5
1146	6543.003191	25.016483	0.000153	57.933140	2.5
1147	6549.848484	25.009939	0.000153	143.450566	2.4
1148	6615.493284	25.003092	0.000153	127.739814	4.7
1149	6565.486113	24.990979	0.000153	60.999297	4.5
1150	6813.898308	24.999149	0.000153	80.986501	4.6
1151	6672.989059	25.002003	0.000153	82.604196	4.7
1152	6651.564434	25.002390	0.000153	66.052028	4.9
1153	6650.035147	24.994846	0.000153	175.059421	4.1
1154	6620.449927	24.983864	0.000153	186.581887	3.9
1155	6730.614928	24.971361	0.000153	142.150763	4.7
1156	6608.049656	25.567946	0.000151	80.181292	2.7
1157	6270.694924	25.627829	0.000151	137.433554	4.4
1158	6545.387319	25.619323	0.000151	159.265679	2.6
1159	6590.109304	25.887843	0.000150	214.249337	2.6
1160	6942.186345	25.881246	0.000150	98.298569	2.6
1161	6545.971583	25.869741	0.000150	111.532414	3.0
1162	6597.782516	25.900888	0.000150	284.775255	2.9
1163	6615.288827	25.888323	0.000150	82.856335	2.9
1164	6347.361876	25.888518	0.000150	126.381112	2.7
1165	6907.888945	25.880404	0.000150	153.659525	3.1
1166	6433.225631	25.948188	0.000150	108.180666	2.7
1167	6898.734833	25.941330	0.000150	32.971844	7.4
1168	6581.317426	25.935810	0.000150	88.939465	2.8
1169	6617.604919	25.940161	0.000150	101.213974	4.8
1170	6497.636591	25.930565	0.000150	147.109922	4.3
1171	6863.558338	25.931342	0.000150	150.461079	5.0
1172	6667.622946	25.919333	0.000150	63.214586	4.9
1173	6624.701178	25.954695	0.000150	59.470879	3.3
1174	6717.421521	25.958271	0.000150	132.769926	3.0
1175	6740.054140	25.965658	0.000150	131.354996	2.9
1176	6484.094994	25.983813	0.000150	78.147152	2.9
1177	6404.737467	25.973448	0.000150	83.245631	3.7
1178	6613.909022	25.990205	0.000150	60.219082	2.7
1179	6491.992458	25.997070	0.000150	102.492944	2.7
1180	6486.058878	25.992310	0.000150	108.634960	4.8
1181	6594.425464	26.017055	0.000150	178.407755	3.8
1182	6519.268150	26.188689	0.000149	70.247244	3.9
1183	6476.310948	26.249446	0.000149	84.715222	4.1
1184	6799.893676	26.246977	0.000149	79.161546	3.4
1185	6453.441882	26.247838	0.000149	38.531199	3.5
1186	6787.306432	26.249927	0.000149	121.268759	3.1
1187	6548.732775	26.247928	0.000149	75.575825	3.0
1188	6701.317787	26.272327	0.000149	98.063365	3.0
1189	6421.550970	26.276909	0.000149	38.232245	3.6
1190	6875.844424	26.274920	0.000149	108.271996	4.9
1191	6640.136208	26.279766	0.000149	118.775187	5.2
1192	6529.655211	26.310095	0.000149	146.344010	4.1
1193	6658.680187	26.305069	0.000149	82.649389	2.7
1194	6458.753968	26.373287	0.000149	76.257423	2.0
1195	6211.503289	26.377703	0.000149	108.105730	5.2
1196	6556.363764	26.387522	0.000149	117.306170	4.8
1197	6540.252315	26.451900	0.000148	79.140549	7.1
1198	6316.982089	26.450194	0.000148	132.816495	4.9
1199	6524.752159	26.447958	0.000148	151.531436	4.4
1200	6503.119196	26.548430	0.000148	67.019067	3.6
1201	6324.009849	26.563359	0.000148	114.219284	3.8
1202	6822.018484	26.571942	0.000148	23.428642	3.8
1203	6274.300823	26.570711	0.000148	84.676914	4.0
1204	6750.807274	26.571447	0.000148	117.830032	4.7
1205	6599.949218	26.575010	0.000148	79.461291	3.9
1206	6773.431673	26.571382	0.000148	97.003229	2.5
1207	6526.817340	26.561799	0.000148	128.023830	2.7
1208	6596.901630	26.571211	0.000148	124.722252	5.2
1209	6474.670751	26.560552	0.000148	151.253141	3.8
1210	6919.983642	26.578969	0.000148	89.419370	2.6
1211	6825.415485	26.570046	0.000148	147.057724	3.2
1212	6550.515157	26.589049	0.000148	146.636708	3.2
1213	6923.167334	26.844967	0.000147	73.011818	3.2
1214	6800.827567	26.851735	0.000147	102.861856	3.9
1215	6623.789724	26.843161	0.000147	101.648983	3.9
1216	6601.086824	26.841651	0.000147	125.948630	2.8
1217	6226.735070	26.834877	0.000147	94.972360	2.8
1218	6668.349453	26.909689	0.000147	96.168728	2.8
1219	6366.367401	26.947413	0.000147	148.212311	2.8
1220	6463.317415	27.059721	0.000147	65.399137	2.7
1221	6473.923741	27.055586	0.000147	98.492687	4.5
1222	6278.874992	27.054187	0.000147	88.972184	2.6
1223	6805.255073	27.044108	0.000147	104.571717	2.6
1224	6593.553111	27.082913	0.000147	61.464569	4.5
1225	6419.124175	27.077175	0.000147	48.886579	4.9
1226	6373.547201	27.074303	0.000147	160.148965	5.5
1227	6577.055839	27.069166	0.000147	80.231581	4.8
1228	6701.292634	27.091935	0.000146	85.841211	3.8
1229	6551.706372	27.084833	0.000147	86.603453	3.8
1230	6838.683047	27.090381	0.000146	66.904459	3.3
1231	6180.701348	27.088721	0.000146	204.254273	2.9
1232	6524.420914	27.103220	0.000146	114.722204	2.6
1233	6764.998841	27.090773	0.000146	167.742382	3.2
1234	6526.176949	27.173251	0.000146	159.771622	3.0
1235	6650.718071	27.261699	0.000146	109.783492	6.3
1236	6424.413440	27.249704	0.000146	125.901641	5.0
1237	6778.637179	27.272900	0.000146	78.035396	5.6
1238	6431.633835	27.269266	0.000146	100.751616	4.0
1239	6296.972779	27.298789	0.000146	104.348278	4.0
1240	6697.411384	27.298882	0.000146	55.631922	4.7
1241	6575.181866	27.292974	0.000146	52.997104	5.6
1242	6744.527317	27.290039	0.000146	107.506456	4.1
1243	6557.623601	27.297069	0.000146	126.782504	3.6
1244	6701.879769	27.351970	0.000146	64.276488	3.5
1245	6571.473313	27.358071	0.000146	86.164025	3.2
1246	6408.242991	27.367947	0.000146	140.182425	3.3
1247	6453.977165	27.402410	0.000146	92.384093	4.1
1248	6876.380266	27.391751	0.000146	94.092634	4.2
1249	6567.712962	27.385093	0.000146	151.531726	3.9
1250	6313.272138	27.443669	0.000145	166.110103	4.7
1251	6956.631191	27.968162	0.000144	101.807192	4.8
1252	6472.624738	28.017703	0.000144	72.230600	3.6
1253	6454.060855	28.014450	0.000144	41.007102	2.8
1254	6917.773671	28.013318	0.000144	166.908573	2.7
1255	6788.191241	28.027634	0.000144	40.515196	5.2
1256	6415.670813	28.025510	0.000144	47.192051	2.7
1257	6762.142097	28.027106	0.000144	99.752960	2.4
1258	6619.037788	28.032739	0.000144	88.374189	2.4
1259	6604.654295	28.033959	0.000144	165.027287	8.3
1260	6682.913390	28.022657	0.000144	29.566950	2.8
1261	6332.564238	28.033017	0.000144	128.918835	3.3
1262	6486.483887	28.027681	0.000144	93.215948	4.5
1263	6585.531936	28.055753	0.000144	77.997487	4.2
1264	6766.536887	28.048996	0.000144	76.449385	4.0
1265	6497.619954	28.047218	0.000144	120.074552	4.6
1266	6401.775561	28.060564	0.000144	56.951239	4.6
1267	6419.648301	28.055999	0.000144	29.656854	4.5
1268	6403.899988	28.055759	0.000144	50.806622	4.1
1269	6765.281710	28.056861	0.000144	91.735462	3.4
1270	6799.809219	28.054516	0.000144	135.985933	3.2
1271	6621.460946	28.043962	0.000144	99.419034	3.1
1272	6893.062876	28.040496	0.000144	78.751708	3.0
1273	6603.484920	28.055138	0.000144	97.048670	7.3
1274	6626.290111	28.063001	0.000144	47.695689	2.8
1275	6617.683690	28.057752	0.000144	30.678814	2.8
1276	6467.621035	28.057449	0.000144	113.101693	3.4
1277	6830.432817	28.055396	0.000144	86.663186	5.0
1278	6653.774444	28.068732	0.000144	119.603540	4.5
1279	6476.923716	28.121654	0.000143	29.356187	4.9
1280	6702.882309	28.118850	0.000143	69.318361	4.0
1281	6597.698583	28.116950	0.000143	172.183971	3.7
1282	6230.003590	28.125152	0.000143	104.788953	4.2
1283	6436.673130	28.341238	0.000143	85.621888	6.4
1284	6571.375893	28.358046	0.000143	185.122559	4.8
1285	6603.174401	28.348122	0.000143	124.153882	4.8
1286	6569.098201	28.455285	0.000142	155.432314	4.7
1287	6583.465052	28.443050	0.000142	142.878945	3.7
1288	6860.965118	28.442654	0.000142	160.494914	3.6
1289	6594.340535	28.623369	0.000142	134.127668	3.3
1290	6707.830341	28.620468	0.000142	127.476299	6.5
1291	6915.925246	28.659771	0.000142	161.415870	5.0
1292	6431.501038	28.650281	0.000142	36.234258	3.7
1293	6640.995343	28.646128	0.000142	259.205997	4.5
1294	6765.615804	28.673700	0.000142	148.230031	4.0
1295	6574.910146	28.661118	0.000142	76.964016	5.0
1296	6685.846846	28.657101	0.000142	174.711453	4.5
1297	6686.983560	28.676550	0.000142	127.214198	3.0
1298	6417.189863	28.664961	0.000142	48.733780	2.7
1299	6591.336825	28.660202	0.000142	104.974601	3.1
1300	6439.623381	28.655509	0.000142	34.396563	3.1
1301	6776.266101	28.653017	0.000142	84.319036	4.0
1302	6449.763445	28.652217	0.000142	61.172209	2.7
1303	6640.054890	28.654839	0.000142	66.367830	7.6
1304	6695.633958	28.649228	0.000142	85.581296	3.0
1305	6568.376301	28.648519	0.000142	172.133494	3.1
1306	6651.519123	28.650593	0.000142	107.392883	3.1
1307	6590.148883	28.660064	0.000142	79.497671	2.8
1308	6329.850408	28.654132	0.000142	117.712460	4.0
1309	6263.561123	28.651250	0.000142	102.157408	4.1
1310	6768.412109	28.641886	0.000142	129.573288	3.3
1311	6643.831450	28.647818	0.000142	102.928999	3.2
1312	6477.938291	28.701023	0.000142	63.039297	3.4
1313	6116.775775	28.697654	0.000142	105.111448	3.4
1314	6383.319025	28.689365	0.000142	56.539945	3.7
1315	6696.716849	28.686003	0.000142	95.937922	3.7
1316	6995.246775	28.680008	0.000142	108.062242	3.0
1317	6442.899445	28.688597	0.000142	149.648221	2.6
1318	6626.329603	28.737440	0.000142	130.648781	2.8
1319	6524.592872	28.960559	0.000141	166.577573	2.2
1320	6349.878998	28.948819	0.000141	52.244811	5.3
1321	6627.602154	28.941679	0.000141	112.902498	2.9
1322	6789.509827	28.949145	0.000141	152.051079	3.1
1323	6344.285961	28.937654	0.000141	136.916370	3.1
1324	6532.253069	28.925520	0.000141	96.385682	5.7
1325	6369.164293	28.934983	0.000141	32.885634	4.8
1326	6679.568022	28.932546	0.000141	118.795682	4.8
1327	6681.493853	28.928554	0.000141	114.711347	4.2
1328	6667.608281	29.002829	0.000141	103.658873	2.2
1329	6648.134721	29.004058	0.000141	162.060625	2.5
1330	6353.089508	29.014992	0.000141	98.238169	5.0
1331	6688.127914	29.062584	0.000141	70.040482	4.8
1332	7044.319759	29.074397	0.000141	105.015892	5.1
1333	6683.548773	29.065660	0.000141	133.250614	4.7
1334	6699.903051	29.069818	0.000141	93.973826	4.5
1335	6495.031841	29.068105	0.000141	123.380245	4.8
1336	6498.108010	29.079539	0.000141	66.969886	6.7
1337	6596.695574	29.114313	0.000141	166.707580	4.3
1338	6273.889164	29.103503	0.000141	42.913388	2.6
1339	6613.852816	29.107885	0.000141	69.750034	2.9
1340	6470.455019	29.111491	0.000141	101.580105	3.5
1341	6678.349575	29.137595	0.000141	102.779868	3.5
1342	6632.618082	29.144758	0.000140	71.103040	2.8
1343	6423.109291	29.158077	0.000140	83.343188	2.6
1344	6677.263694	29.161403	0.000140	173.490184	2.8
1345	6538.495017	29.156742	0.000140	128.920343	2.3
1346	6755.647073	29.144627	0.000140	97.580690	5.8
1347	6623.484459	29.170419	0.000140	174.966879	2.9
1348	6887.509553	29.164334	0.000140	109.080073	4.8
1349	6323.905370	29.152712	0.000140	108.451537	4.8
1350	6660.392000	29.228799	0.000140	137.706244	4.7
1351	6394.549610	29.294696	0.000140	114.411660	4.5
1352	6562.412055	29.328553	0.000140	87.634083	3.3
1353	6323.344699	29.327574	0.000140	75.218682	2.9
1354	6688.226238	29.332348	0.000140	63.869941	2.8
1355	6406.590384	29.334137	0.000140	63.190505	2.0
1356	6641.957505	29.337777	0.000140	99.802815	3.1
1357	6509.101875	29.330658	0.000140	58.110967	2.8
1358	6452.204958	29.334284	0.000140	113.986666	3.1
1359	6791.559349	29.346821	0.000140	60.395168	3.1
1360	6473.022130	29.358006	0.000140	47.678411	3.1
1361	6613.801288	29.355752	0.000140	82.994658	2.8
1362	6533.999580	29.356833	0.000140	76.518480	5.5
1363	6342.575388	29.376789	0.000140	102.240128	2.5
1364	6648.221471	29.369997	0.000140	108.203414	4.4
1365	6794.440777	29.374750	0.000140	162.782795	2.9
1366	6751.075652	29.499183	0.000140	102.314995	5.7
1367	6498.608705	29.489436	0.000140	42.135123	5.8
1368	6582.836557	29.491971	0.000140	57.502421	5.0
1369	6566.851094	29.488365	0.000140	143.838135	3.4
1370	6347.567174	29.479423	0.000140	138.755969	3.1
1371	6806.900878	29.467566	0.000140	154.506261	4.8
1372	6762.985436	29.614469	0.000139	177.752463	4.8
1373	6597.573046	29.601932	0.000139	137.017139	5.0
1374	6817.647591	30.005602	0.000138	116.175986	4.8
1375	6449.559505	30.113419	0.000138	41.354091	4.4
1376	6849.915723	30.116143	0.000138	70.637938	2.6
1377	6597.426853	30.111767	0.000138	62.302816	2.6
1378	6363.329288	30.115565	0.000138	159.776356	2.6
1379	6432.068882	30.133804	0.000138	346.111412	2.9
1380	6355.662311	31.129689	0.000135	140.227950	2.8
1381	6707.179970	32.117942	0.000133	60.532376	4.3
1382	6552.047386	32.110058	0.000133	61.585355	4.4
1383	6779.319929	32.104213	0.000133	54.568074	2.4
1384	7022.023987	32.107937	0.000133	74.587915	2.3
1385	6726.170747	32.103645	0.000133	247.192965	3.7
1386	6808.321001	32.113942	0.000133	39.805901	6.7
1387	6502.092121	32.115297	0.000133	61.460930	5.6
1388	6656.537959	32.115040	0.000133	130.760932	5.6
1389	6594.110960	32.109519	0.000133	54.144454	4.0
1390	6413.146189	32.129174	0.000133	140.024430	5.7
1391	6646.032482	32.122372	0.000133	136.463299	5.0
1392	6554.526627	32.361773	0.000132	68.585434	4.9
1393	6556.982930	32.354266	0.000132	81.736777	4.9
1394	6872.487975	32.364300	0.000132	182.539635	5.5
1395	6778.876195	32.394794	0.000132	200.473813	4.8
1396	6702.572598	32.394731	0.000132	73.867328	4.8
1397	6656.808162	32.492171	0.000132	152.921825	5.3
1398	6881.646278	32.490649	0.000132	143.102710	3.7
1399	6628.069685	32.846828	0.000131	118.590357	3.1
1400	6780.456779	32.853212	0.000131	64.629280	3.0
1401	6519.993053	32.850734	0.000131	208.221566	3.0
1402	6828.757381	32.844983	0.000131	84.270335	2.4
1403	6644.777176	32.849903	0.000131	43.634587	4.3
1404	6805.218077	32.851530	0.000131	51.826613	2.2
1405	6725.682118	32.852433	0.000131	97.588026	2.3
1406	7040.697868	32.859910	0.000131	54.276491	4.4
1407	6609.104719	32.855926	0.000131	105.420427	2.1
1408	6614.695372	32.853914	0.000131	50.193579	2.3
1409	6935.725606	32.861138	0.000131	44.510277	2.2
1410	6416.079538	32.860401	0.000131	133.760306	2.2
1411	6898.844994	32.858164	0.000131	141.656076	2.2
1412	6436.834077	32.858502	0.000131	114.004880	2.3
1413	6860.926663	33.004757	0.000130	94.830807	2.2
1414	6709.883424	32.999976	0.000130	114.681795	2.1
1415	6734.188932	33.033068	0.000130	127.702773	4.0
1416	6726.651750	33.023711	0.000130	146.450846	2.1
1417	6603.311521	33.029245	0.000130	129.778358	3.5
1418	6606.782089	33.156412	0.000130	99.426350	2.4
1419	6782.486593	33.147891	0.000130	103.300597	2.4
1420	6582.055347	33.169847	0.000130	86.807641	2.3
1421	6671.630480	33.188855	0.000130	215.098583	2.2
1422	6738.931486	33.197387	0.000130	111.368029	2.6
1423	6602.276166	33.457147	0.000129	66.095649	4.1
1424	6235.267804	33.448183	0.000129	126.712794	2.4
1425	6698.258832	33.461758	0.000129	73.514546	2.6
1426	6741.034672	33.472661	0.000129	185.331649	2.6
1427	6328.985791	33.471516	0.000129	194.328336	2.7
1428	6718.419052	33.462271	0.000129	45.646965	4.8
1429	6614.807675	33.477823	0.000129	137.372066	2.1
1430	6621.366792	33.470469	0.000129	90.277801	2.6
1431	6622.299530	33.469556	0.000129	126.815115	4.2
1432	6518.389885	33.467372	0.000129	103.404716	4.6
1433	6906.607520	33.480194	0.000129	25.543377	4.8
1434	6492.174861	33.478621	0.000129	67.480306	4.8
1435	6398.076789	33.477441	0.000129	54.450035	3.7
1436	6477.538991	33.472719	0.000129	65.888704	3.1
1437	6400.988481	33.475618	0.000129	237.709184	3.3
1438	6579.388154	33.557283	0.000129	83.615881	3.3
1439	6452.992511	33.547305	0.000129	148.320007	4.3
1440	6420.904863	33.537900	0.000129	81.700074	2.6
1441	6623.114849	33.615545	0.000129	78.234844	4.7
1442	6881.959562	33.607604	0.000129	140.557582	2.5
1443	6659.849136	33.597010	0.000129	84.850399	2.4
1444	6828.746248	33.588618	0.000129	125.820350	2.4
1445	6556.919876	33.580188	0.000129	113.205622	5.1
1446	6514.440771	33.670708	0.000129	127.007692	3.4
1447	6591.227916	33.680441	0.000129	90.531871	3.4
1448	6365.884037	33.670961	0.000129	119.682150	2.4
1449	6512.031045	33.660416	0.000129	83.301577	2.5
1450	6896.745308	33.716923	0.000129	152.953741	5.6
1451	6577.604937	33.739470	0.000129	70.187507	2.1
1452	6687.926410	33.739995	0.000129	90.130349	6.0
1453	6738.699395	33.736202	0.000129	111.438091	2.5
1454	6550.700529	33.783759	0.000129	41.143527	2.5
1455	6322.788334	33.794903	0.000129	53.886748	5.1
1456	6425.813934	33.792198	0.000129	101.619623	3.1
1457	6239.158544	33.806039	0.000129	80.864761	3.6
1458	6308.511561	33.810005	0.000129	206.497178	3.1
1459	6294.253989	33.812096	0.000129	31.962621	2.8
1460	6432.124133	33.807147	0.000129	72.658055	3.5
1461	6725.426355	33.804631	0.000129	60.502211	4.9
1462	6464.870172	33.802875	0.000129	105.534781	4.2
1463	6486.662931	33.804542	0.000129	61.262593	2.3
1464	6403.313333	33.800313	0.000129	125.665012	4.4
1465	6874.824548	33.827451	0.000128	130.042529	2.8
1466	6616.050831	33.817911	0.000129	108.194148	2.8
1467	6402.434958	33.806530	0.000129	106.100975	3.3
1468	6433.870232	33.811610	0.000129	145.737021	3.0
1469	6724.880249	33.910747	0.000128	77.979013	2.9
1470	6503.324103	33.901914	0.000128	44.066606	5.0
1471	6200.381950	33.897845	0.000128	114.092227	2.7
1472	6748.916084	33.894313	0.000128	97.962761	4.9
1473	6603.735666	33.889563	0.000128	79.340441	3.3
1474	6336.169584	33.903676	0.000128	87.191304	3.3
1475	6700.199417	33.918128	0.000128	64.082454	3.3
1476	6532.243681	33.910602	0.000128	117.960443	2.7
1477	6759.297423	33.938412	0.000128	110.369270	2.5
1478	6640.288096	33.928152	0.000128	170.554111	2.6
1479	6806.154065	33.942347	0.000128	110.504407	2.6
1480	6720.727034	33.930546	0.000128	102.815351	5.5
1481	6536.978690	33.921000	0.000128	118.389181	3.6
1482	6354.369433	33.957899	0.000128	119.755835	2.4
1483	6677.178132	33.946504	0.000128	46.226236	4.4
1484	6842.787486	33.938695	0.000128	49.654603	2.5
1485	6599.326732	33.939796	0.000128	180.658000	6.1
1486	6345.316563	33.939665	0.000128	94.400237	2.5
1487	6637.072113	34.034828	0.000128	73.415204	2.6
1488	6686.530073	34.028114	0.000128	37.412645	6.3
1489	6321.518224	34.027667	0.000128	39.048536	3.1
1490	6521.592040	34.028900	0.000128	54.967889	3.2
1491	6737.600714	34.032385	0.000128	112.472346	3.5
1492	6890.005195	34.035138	0.000128	111.663277	3.4
1493	6365.089419	34.040597	0.000128	102.969465	2.9
1494	6666.776458	34.051474	0.000128	42.889750	2.5
1495	6310.531620	34.052496	0.000128	166.429501	2.6
1496	6502.572821	34.074152	0.000128	30.938478	2.5
1497	6560.008681	34.070717	0.000128	97.140504	4.1
1498	6694.940422	34.069257	0.000128	140.240579	7.8
1499	6443.679348	34.067410	0.000128	205.792003	2.5
1500	6467.094878	34.108448	0.000128	67.189793	2.7
1501	6455.314560	34.098230	0.000128	81.051853	4.9
1502	6849.984983	34.092595	0.000128	120.716613	4.4
1503	6613.385075	34.108889	0.000128	61.048335	4.4
1504	6635.188453	34.107055	0.000128	94.741901	4.0
1505	6860.006346	34.107957	0.000128	72.511957	4.6
1506	6578.493227	34.100488	0.000128	53.840725	4.3
1507	6458.003203	34.107958	0.000128	34.423209	3.8
1508	6723.519539	34.105126	0.000128	111.529666	4.0
1509	6394.089829	34.101214	0.000128	50.267292	3.7
1510	6625.143192	34.111596	0.000128	139.735434	3.6
1511	6350.762624	34.105611	0.000128	110.063913	3.7
1512	6575.559328	34.100262	0.000128	38.297043	3.3
1513	6563.085427	34.100047	0.000128	97.569053	4.5
1514	6492.515194	34.098673	0.000128	143.009291	3.7
1515	6491.151870	34.099913	0.000128	51.231192	4.5
1516	6634.319475	34.117835	0.000128	80.741801	4.2
1517	6352.666166	34.122122	0.000128	55.212532	3.5
1518	6162.299284	34.119156	0.000128	65.524034	2.9
1519	6384.170481	34.114727	0.000128	54.494024	2.6
1520	6414.088191	34.117002	0.000128	140.385761	2.3
1521	6752.357497	34.107987	0.000128	148.434389	2.3
1522	6332.745858	34.348798	0.000127	115.435100	2.7
1523	6502.241824	34.511124	0.000127	104.718387	4.1
1524	6729.086410	34.507004	0.000127	253.527783	2.1
1525	6647.933030	34.631485	0.000127	117.686540	2.2
1526	6453.177299	34.672872	0.000127	109.518561	6.1
1527	6796.340916	34.664689	0.000127	82.990667	3.7
1528	6378.923021	34.669675	0.000127	101.185485	4.8
1529	6378.554402	34.703042	0.000126	130.866583	5.0
1530	6748.003078	34.757138	0.000126	74.718896	4.7
1531	6642.244985	34.752581	0.000126	131.601154	3.6
1532	6440.488115	34.778402	0.000126	78.632994	3.5
1533	6709.820934	34.774342	0.000126	177.399611	3.3
1534	6519.880701	34.784763	0.000126	44.443273	3.0
1535	6516.435380	34.780615	0.000126	203.485485	3.1
1536	6396.023828	34.776961	0.000126	73.882992	3.1
1537	6317.916922	34.788079	0.000126	168.483299	7.4
1538	6601.799258	34.853427	0.000126	133.267699	4.0
1539	6843.143959	34.843907	0.000126	159.109608	3.2
1540	6513.083359	35.128883	0.000126	105.133012	3.3
1541	6899.991375	35.188224	0.000125	65.991031	3.7
1542	6542.468976	35.205918	0.000125	71.913167	5.6
1543	6825.216305	35.221170	0.000125	92.424026	4.2
1544	6631.390523	35.214546	0.000125	143.274500	3.8
1545	6263.683611	35.204292	0.000125	100.756434	3.7
1546	6431.986847	35.200672	0.000125	150.330815	4.0
1547	6733.814610	35.245852	0.000125	82.207500	3.4
1548	7019.194824	35.249439	0.000125	144.974372	3.3
1549	6556.555987	35.299975	0.000125	127.316980	3.0
1550	6616.615546	35.345514	0.000125	61.946662	6.2
1551	6770.706678	35.346510	0.000125	35.357684	3.9
1552	6423.446320	35.346168	0.000125	88.557960	3.5
1553	6395.218796	35.342994	0.000125	80.409329	3.0
1554	7096.150380	35.338019	0.000125	94.721819	2.9
1555	6388.584194	35.341922	0.000125	56.379659	4.5
1556	6593.351078	35.349412	0.000125	112.210430	2.8
1557	6842.107034	35.352378	0.000125	85.783837	3.2
1558	6402.433608	35.345858	0.000125	165.324860	4.4
1559	6752.989641	35.341180	0.000125	118.701387	2.6
1560	6386.990847	35.401008	0.000125	63.843802	7.2
1561	6729.319574	35.391771	0.000125	84.933239	3.1
1562	6637.735799	35.408318	0.000125	123.455607	3.4
1563	6441.763296	35.398039	0.000125	136.589372	3.2
1564	6662.791526	35.426358	0.000125	64.530448	4.1
1565	6853.004426	35.442342	0.000125	99.847550	3.9
1566	6074.151637	35.443842	0.000125	55.675048	2.5
1567	6711.980831	35.452243	0.000125	103.667460	5.0
1568	6283.888649	35.454779	0.000125	72.610928	3.3
1569	6457.752079	35.473635	0.000125	68.456657	7.0
1570	6709.246160	35.468726	0.000125	39.661476	4.2
1571	6668.053382	35.465495	0.000125	45.584391	4.1
1572	6380.089848	35.465651	0.000125	119.833066	4.0
1573	6281.680344	35.469909	0.000125	75.872314	3.0
1574	6384.555852	35.461793	0.000125	63.248260	3.1
1575	6698.379961	35.459954	0.000125	64.644676	2.8
1576	6324.126446	35.469280	0.000125	72.503615	2.8
1577	6357.145966	35.462181	0.000125	70.448692	4.6
1578	6655.720171	35.469934	0.000125	94.288807	2.5
1579	6805.728948	35.485952	0.000125	26.658619	3.0
1580	6823.185895	35.481482	0.000125	61.555797	2.5
1581	6547.166912	35.481623	0.000125	125.756809	2.8
1582	6471.366835	35.493281	0.000125	156.964096	2.8
1583	6598.890416	35.568146	0.000125	52.988399	3.9
1584	6915.230909	35.593132	0.000124	55.894379	3.9
1585	6673.014065	35.593505	0.000124	130.556824	3.8
1586	6752.376097	35.598536	0.000124	87.940391	6.4
1587	6245.662218	35.588834	0.000124	153.757235	3.1
1588	6587.770752	35.587882	0.000124	83.496630	3.8
1589	6403.288435	35.576524	0.000125	58.864245	4.1
1590	6903.654074	35.572157	0.000125	64.382844	3.9
1591	6167.249840	35.573089	0.000125	110.069317	6.6
1592	6693.998631	35.565618	0.000125	137.040270	2.7
1593	6699.425056	35.554066	0.000125	172.369016	2.6
1594	6644.334038	35.987080	0.000124	114.280129	2.7
1595	6452.137567	36.127730	0.000123	84.157138	4.1
1596	6451.625436	36.133629	0.000123	63.685047	2.7
1597	6627.111867	36.128128	0.000123	97.250009	2.8
1598	6188.030868	36.126672	0.000123	96.480845	2.7
1599	6669.639043	36.126255	0.000123	85.529390	3.6
1600	6741.016977	36.138358	0.000123	43.057817	2.9
1601	6729.529551	36.142808	0.000123	124.899830	3.0
1602	6813.082036	36.154716	0.000123	104.294218	3.0
1603	6635.584408	36.147188	0.000123	76.073596	3.0
1604	6560.253241	36.154107	0.000123	135.200401	3.9
1605	6734.917392	36.144422	0.000123	88.521189	4.0
1606	6522.569283	36.138027	0.000123	113.580779	2.6
1607	6585.928733	36.177742	0.000123	111.389690	5.1
1608	6545.669565	36.184393	0.000123	106.745129	12.2
1609	6564.585015	36.257609	0.000123	131.550240	4.0
1610	6246.582999	36.249490	0.000123	47.088039	3.9
1611	6521.805661	36.251507	0.000123	80.494793	6.3
1612	6557.686167	36.248124	0.000123	82.814241	5.1
1613	6601.199124	36.247531	0.000123	78.884740	3.1
1614	6698.671074	36.247938	0.000123	187.026840	4.1
1615	7005.245265	36.237870	0.000123	121.886111	5.3
1616	6800.270816	36.226078	0.000123	69.247817	5.1
1617	6477.362899	36.251726	0.000123	111.702284	4.1
1618	6489.256641	36.245061	0.000123	70.292771	5.1
1619	6716.598132	36.239883	0.000123	25.592928	2.5
1620	6584.463443	36.238605	0.000123	73.819032	2.9
1621	6438.951635	36.239905	0.000123	105.493360	3.2
1622	6593.541618	36.235983	0.000123	50.749590	2.5
1623	6443.556079	36.236504	0.000123	51.463041	2.6
1624	6630.861978	36.235868	0.000123	76.989506	7.5
1625	6387.583778	36.233962	0.000123	114.566078	2.6
1626	6322.907219	36.240185	0.000123	178.615449	2.7
1627	6326.067766	36.228051	0.000123	116.002473	5.3
1628	6726.519072	36.218380	0.000123	203.695620	4.9
1629	6574.411493	36.275439	0.000123	117.594976	4.9
1630	6735.590699	36.263271	0.000123	130.749983	4.8
1631	6840.547663	36.257384	0.000123	117.302994	3.7
1632	6626.253429	36.262149	0.000123	162.437286	3.8
1633	6616.579770	36.293156	0.000123	69.969658	3.5
1634	6428.321837	36.283079	0.000123	164.029536	3.1
1635	6617.873310	36.272134	0.000123	36.418617	3.1
1636	6368.694571	36.267028	0.000123	69.409714	5.2
1637	6540.256856	36.264508	0.000123	217.524105	3.4
1638	6576.607067	36.408691	0.000123	176.621619	2.9
1639	6534.027259	36.396166	0.000123	95.084283	2.9
1640	6291.362751	36.403013	0.000123	63.050740	2.9
1641	6418.655150	36.402208	0.000123	118.363335	4.0
1642	6583.420566	36.394842	0.000123	160.288763	2.8
1643	6638.339146	36.394514	0.000123	71.393216	2.7
1644	6604.703754	36.387149	0.000123	68.943298	4.7
1645	6244.495130	36.382348	0.000123	98.546123	5.0
1646	6716.187114	36.376229	0.000123	49.213385	4.4
1647	6518.311369	36.377989	0.000123	120.437263	4.6
1648	6333.004921	36.379568	0.000123	155.929779	5.9
1649	6673.397487	36.559448	0.000122	164.926682	4.0
1650	6636.900309	36.547085	0.000122	50.809218	3.9
1651	6582.973558	36.577634	0.000122	37.384412	3.9
1652	6593.094156	36.576524	0.000122	62.854296	4.3
1653	6769.286438	36.576604	0.000122	294.439805	3.8
1654	6533.970990	36.743583	0.000122	104.957844	4.0
1655	6891.732622	37.332899	0.000121	185.160612	5.2
1656	6961.554481	37.613644	0.000120	141.548471	3.2
1657	6690.378368	37.793772	0.000120	37.545555	3.5
1658	6754.171176	37.805277	0.000120	144.872687	3.3
1659	6545.527855	37.808444	0.000120	140.130556	2.7
1660	6723.817258	37.796260	0.000120	139.975101	3.4
1661	6576.906774	37.794621	0.000120	82.669428	4.5
1662	6467.643606	37.799007	0.000120	88.219608	3.2
1663	6641.824260	37.790354	0.000120	81.161451	3.1
1664	6441.382116	37.792457	0.000120	136.639343	3.2
1665	6659.395500	37.842372	0.000120	104.216396	4.4
1666	6277.554045	37.830626	0.000120	103.177196	3.2
1667	6542.876845	37.885353	0.000120	99.334841	2.4
1668	6456.547085	37.890497	0.000120	122.240439	2.2
1669	6618.340564	37.946459	0.000120	73.113186	5.5
1670	6613.950466	37.979446	0.000119	48.125011	4.8
1671	6357.918276	37.981838	0.000119	79.484985	4.6
1672	6386.937400	37.978097	0.000119	117.612597	4.3
1673	6431.143492	37.968152	0.000119	119.778969	3.5
1674	6609.875029	38.081239	0.000119	147.926475	3.4
1675	6547.928302	38.081748	0.000119	85.860249	6.9
1676	6296.752700	38.095197	0.000119	201.995406	3.0
1677	6648.565975	38.099421	0.000119	170.060121	3.1
1678	6517.476411	38.087357	0.000119	131.575167	3.9
1679	6387.609475	38.347719	0.000119	104.676313	6.2
1680	6624.144341	38.347121	0.000119	165.661359	2.9
1681	6721.843462	38.471737	0.000118	95.826717	5.1
1682	6697.452124	38.493963	0.000118	85.094195	3.2
1683	6802.220091	38.490949	0.000118	34.568441	3.1
1684	6341.412258	38.493463	0.000118	88.355199	2.5
1685	6395.748618	38.490368	0.000118	111.437099	3.1
1686	6323.940250	38.491674	0.000118	94.154564	7.8
1687	6372.498586	38.486463	0.000118	46.321655	3.3
1688	6485.171849	38.493099	0.000118	87.770660	3.8
1689	6423.770378	38.494680	0.000118	131.689724	3.8
1690	6585.534715	38.483770	0.000118	162.658145	3.0
1691	6468.182917	38.709958	0.000118	53.049021	2.8
1692	6871.291276	38.703608	0.000118	75.023305	2.9
1693	6384.927498	38.715221	0.000118	143.016636	2.9
1694	6443.184566	38.716054	0.000118	182.565972	3.8
1695	6429.886169	38.703723	0.000118	60.717647	2.9
1696	6733.091580	38.735086	0.000118	76.541624	2.9
1697	6498.552678	38.744463	0.000118	65.732420	3.9
1698	6613.330240	38.753282	0.000118	84.614849	2.6
1699	6473.169106	38.745594	0.000118	89.576445	7.3
1700	6475.166722	38.751029	0.000118	156.390573	4.4
1701	6462.562888	38.741855	0.000118	161.718802	2.8
1702	6655.333589	39.157662	0.000117	32.974905	3.3
1703	6831.400723	39.152102	0.000117	51.513051	4.8
1704	6648.552441	39.152857	0.000117	88.822332	4.1
1705	6545.635456	39.156622	0.000117	127.053039	4.2
1706	6405.016088	39.145901	0.000117	87.997889	3.7
1707	6394.021554	39.138925	0.000117	74.213093	3.3
1708	6499.800214	39.163036	0.000117	55.304171	4.8
1709	6709.818612	39.158554	0.000117	98.606681	4.0
1710	6538.943660	39.156271	0.000117	155.798601	3.5
1711	6853.338462	39.188450	0.000117	118.787789	3.8
1712	6388.737371	39.176504	0.000117	66.768649	3.9
1713	6406.611633	39.171649	0.000117	132.450146	5.9
1714	6702.806626	39.162900	0.000117	141.749727	3.6
1715	6486.847990	39.439396	0.000117	97.370712	4.5
1716	6361.897803	39.510877	0.000116	168.652336	4.6
1717	6510.252181	39.499771	0.000116	69.257377	5.1
1718	6386.981386	39.513721	0.000116	46.030227	4.3
1719	6597.551341	39.510662	0.000116	75.143780	4.6
1720	6568.964658	39.518690	0.000116	58.853602	4.3
1721	6412.142572	39.522857	0.000116	79.344822	5.3
1722	6626.676284	39.529232	0.000116	90.492073	3.6
1723	6560.058295	39.523098	0.000116	95.588121	3.2
1724	6516.576410	39.522548	0.000116	78.504230	3.2
1725	6423.767388	39.518631	0.000116	80.950581	3.2
1726	6615.768186	39.533057	0.000116	71.325640	4.2
1727	6556.731539	39.536410	0.000116	140.363536	6.8
1728	6217.975028	39.564161	0.000116	57.561463	2.4
1729	6686.404931	39.561741	0.000116	72.525418	2.3
1730	6696.362841	39.558296	0.000116	167.630023	3.5
1731	6282.843093	39.547260	0.000116	47.083090	3.9
1732	6317.216085	39.563539	0.000116	91.957014	2.6
1733	6706.338706	39.557801	0.000116	160.269285	2.6
1734	6388.990725	39.581679	0.000116	44.943844	2.9
1735	6255.653400	39.576013	0.000116	60.580706	4.1
1736	7009.224951	39.573481	0.000116	196.555915	4.5
1737	6769.030977	39.567467	0.000116	101.251223	3.3
1738	6772.223422	39.849776	0.000116	34.021528	2.9
1739	6585.264791	39.851386	0.000116	93.258985	2.9
1740	6757.119366	39.846290	0.000116	125.120381	2.9
1741	6374.010269	39.897564	0.000116	170.477800	2.7
1742	6561.529316	39.886467	0.000116	135.815063	4.1
1743	6520.068746	40.275618	0.000115	177.876085	7.3
1744	6388.800836	40.263166	0.000115	36.241181	5.0
1745	6478.124935	40.264630	0.000115	142.652009	4.9
1746	6386.895120	40.260596	0.000115	201.841124	4.7
1747	6317.175763	40.283478	0.000115	134.169726	4.5
1748	6669.798106	40.582925	0.000114	132.598360	4.6
1749	6755.298145	40.770275	0.000114	150.396432	4.0
1750	6572.001700	40.758674	0.000114	152.062493	3.8
1751	6624.875568	40.746925	0.000114	143.181846	3.7
1752	6517.782131	40.739250	0.000114	43.709019	2.9
1753	6718.598180	40.736436	0.000114	91.001222	2.9
1754	6754.627944	40.745540	0.000114	58.771741	2.9
1755	6484.914762	40.742300	0.000114	98.118726	4.6
1756	6487.093762	40.738168	0.000114	73.078157	2.5
1757	6808.154134	40.766370	0.000114	198.663380	4.0
1758	6374.145011	40.754732	0.000114	91.576297	6.8
1759	6586.428004	40.969331	0.000114	97.178569	4.2
1760	6396.949414	40.965514	0.000114	121.026356	2.5
1761	6365.208867	40.958848	0.000114	120.409866	3.8
1762	6659.219680	40.947434	0.000114	123.988398	2.7
1763	6384.773933	40.936867	0.000114	135.809928	3.0
1764	6270.441214	40.928611	0.000114	62.302531	2.9
1765	6753.689859	40.951112	0.000114	107.190850	3.3
1766	6499.408046	40.945553	0.000114	59.347147	3.0
1767	6783.208096	40.952053	0.000114	74.371539	4.3
1768	6825.661270	40.953101	0.000114	80.393580	5.0
1769	6729.861154	40.951894	0.000114	153.719127	4.8
1770	6374.723612	40.941360	0.000114	62.058260	6.7
1771	6189.119856	40.939512	0.000114	33.049220	4.7
1772	6686.672056	40.938150	0.000114	97.937616	4.7
1773	6699.833098	40.932883	0.000114	183.534939	4.9
1774	6549.997039	40.931962	0.000114	96.220193	4.8
1775	6523.367773	40.919892	0.000114	117.379382	4.1
1776	6515.997820	40.932360	0.000114	140.815877	2.2
1777	6777.251103	40.922231	0.000114	68.859099	2.2
1778	6448.302599	40.922641	0.000114	42.413417	2.1
1779	6599.697293	40.919276	0.000114	56.918157	6.0
1780	6300.915728	40.917646	0.000114	59.428589	4.8
1781	6670.349396	40.913305	0.000114	97.288002	5.4
1782	6538.912084	40.905207	0.000114	119.818164	5.0
1783	6879.541286	40.902097	0.000114	213.414465	4.5
1784	6418.491024	40.909898	0.000114	81.732602	3.4
1785	6281.957691	40.907009	0.000114	90.984578	3.4
1786	6628.585423	40.905379	0.000114	72.738604	4.8
1787	6546.985725	40.911697	0.000114	74.822328	2.6
1788	6731.918861	40.904251	0.000114	137.260734	2.6
1789	6709.829658	40.933585	0.000114	164.647386	3.0
1790	6366.826668	40.964863	0.000114	103.669595	4.2
1791	6552.525131	40.990142	0.000114	111.025543	4.8
1792	6633.143459	40.981920	0.000114	55.255474	5.1
1793	6434.332735	41.000257	0.000114	62.109904	3.6
1794	6632.764325	41.004743	0.000114	58.309374	3.3
1795	6477.587512	41.006132	0.000114	134.589909	3.6
1796	6315.598055	41.039076	0.000114	83.244737	4.2
1797	6530.632642	41.037245	0.000114	87.602531	2.8
1798	6787.620692	41.038826	0.000114	69.216637	6.8
1799	6474.564617	41.053662	0.000114	107.966640	5.1
1800	6619.070289	41.082793	0.000113	89.941776	5.5
1801	6539.678114	41.119133	0.000113	127.150101	5.4
1802	6466.447502	41.110188	0.000113	85.074232	5.2
1803	6652.013921	41.139354	0.000113	35.205088	7.7
1804	6862.072002	41.134064	0.000113	141.321848	3.6
1805	6372.697206	41.137144	0.000113	67.819961	3.9
1806	6615.555514	41.127724	0.000113	68.395299	4.2
1807	6615.059242	41.137497	0.000113	87.335631	4.3
1808	6420.761021	41.130425	0.000113	206.220162	5.0
1809	6813.811738	41.124266	0.000113	120.366790	4.6
1810	6610.544911	41.442033	0.000113	132.306077	3.5
1811	6326.443645	41.430488	0.000113	83.942974	4.2
1812	6694.529261	41.480275	0.000113	52.858579	4.7
1813	6452.831237	41.474844	0.000113	139.643765	4.6
1814	6462.969692	41.468532	0.000113	159.446649	3.5
1815	6608.209293	41.786256	0.000112	111.758325	3.9
1816	6722.526059	41.944795	0.000112	81.402443	2.9
1817	6606.502970	41.995409	0.000112	55.943153	5.1
1818	6559.814231	41.989213	0.000112	47.456530	5.0
1819	6468.335402	41.985545	0.000112	78.617147	5.8
1820	6546.277609	41.986500	0.000112	85.854787	4.7
1821	6381.105943	41.991109	0.000112	77.554227	6.2
1822	6675.483936	41.987378	0.000112	85.713148	4.9
1823	6763.466071	42.010621	0.000112	193.912500	4.8
1824	6634.028590	41.999446	0.000112	152.904261	5.6
1825	6770.244826	42.316319	0.000111	121.606591	4.4
1826	6553.275038	42.481412	0.000111	47.563034	4.5
1827	6640.773728	42.480061	0.000111	103.977489	4.8
1828	6482.236128	42.489399	0.000111	39.596439	4.0
1829	6620.564451	42.488144	0.000111	94.108886	4.2
1830	6635.807688	42.491962	0.000111	71.008032	4.3
1831	6634.146557	42.484826	0.000111	171.556899	7.1
1832	6599.939270	42.473684	0.000111	58.360969	4.9
1833	6285.122065	42.511363	0.000111	90.276612	5.1
1834	6427.342781	42.510763	0.000111	83.784093	5.0
1835	6647.738418	42.543174	0.000111	107.436967	4.1
1836	6526.289549	42.564319	0.000111	66.971693	4.2
1837	6442.050729	42.582647	0.000111	131.718232	3.7
1838	6509.228024	42.604917	0.000111	25.200206	3.7
1839	6720.981493	42.609673	0.000111	73.218970	6.8
1840	6518.154000	42.610685	0.000111	67.521271	4.6
1841	6736.400536	42.612584	0.000111	114.436201	5.0
1842	6643.927807	42.622595	0.000111	91.467292	3.6
1843	6365.159580	42.611784	0.000111	108.831427	3.6
1844	6448.436868	42.601271	0.000111	112.635848	4.4
1845	6448.537122	42.624583	0.000111	75.675129	4.5
1846	6444.516297	42.615299	0.000111	24.449548	3.4
1847	6621.891722	42.612263	0.000111	158.588849	4.8
1848	6748.917172	42.617448	0.000111	153.112750	3.4
1849	6643.718820	42.605022	0.000111	75.605923	4.0
1850	6859.837701	42.612815	0.000111	121.888870	5.1
1851	6672.171249	42.615613	0.000111	59.670260	5.1
1852	6552.230865	42.637615	0.000111	75.871007	5.1
1853	6470.237032	42.645298	0.000111	38.137370	4.5
1854	6607.114281	42.641002	0.000111	54.723238	4.5
1855	6498.233868	42.640684	0.000111	77.486765	3.5
1856	6402.279270	42.637490	0.000111	89.437630	3.8
1857	6909.579160	42.665678	0.000111	68.083847	3.4
1858	6495.184437	42.661684	0.000111	113.979245	4.7
1859	6689.658649	42.658990	0.000111	61.601463	3.5
1860	6719.107403	42.654311	0.000111	106.625326	5.0
1861	6824.247550	42.670994	0.000111	72.708691	4.9
1862	6352.415322	42.703751	0.000111	62.770880	5.2
1863	6385.057459	42.708424	0.000111	163.602998	5.6
1864	6512.506525	42.705477	0.000111	57.200358	4.3
1865	6382.691789	42.695637	0.000111	169.990912	4.5
1866	6665.819145	42.695716	0.000111	77.209787	4.5
1867	6498.056740	42.703353	0.000111	38.966402	4.1
1868	6673.179791	42.703227	0.000111	95.410099	3.0
1869	6356.591116	42.700094	0.000111	26.967047	2.6
1870	6508.620545	42.703562	0.000111	73.463964	3.6
1871	6513.469985	42.701565	0.000111	87.904934	4.6
1872	6387.281576	42.700929	0.000111	82.314678	4.6
1873	6413.811870	42.692406	0.000111	68.041411	4.6
1874	6762.254884	42.687359	0.000111	174.112881	3.4
1875	6690.223546	42.714638	0.000111	54.595287	3.3
1876	6700.023497	42.752995	0.000111	127.182414	3.3
1877	6361.232675	42.774487	0.000110	158.365043	2.6
1878	6455.929088	42.909810	0.000110	144.973872	3.5
1879	6548.404060	43.058927	0.000110	76.498450	5.9
1880	6507.121236	43.118645	0.000110	111.931003	3.3
1881	6554.170336	43.127554	0.000110	100.135237	3.2
1882	6261.394856	43.121650	0.000110	156.875030	3.5
1883	6372.815730	43.192040	0.000110	88.400029	3.6
1884	6544.118389	43.185693	0.000110	53.993272	3.7
1885	6634.642725	43.184243	0.000110	110.649071	2.9
1886	6631.019312	43.178655	0.000110	122.126786	3.0
1887	6425.556070	43.184301	0.000110	108.291403	4.9
1888	6210.082805	43.216889	0.000110	97.469524	5.2
1889	6625.928731	43.213085	0.000110	216.012358	4.7
1890	6505.407613	43.256276	0.000110	64.563614	4.1
1891	6337.025163	43.290872	0.000110	87.950000	4.1
1892	6654.135151	43.288238	0.000110	114.801958	3.4
1893	6591.987156	43.280083	0.000110	100.765423	3.2
1894	6461.018008	43.269514	0.000110	84.493687	3.1
1895	6279.009918	43.294391	0.000110	71.983817	3.0
1896	6502.345263	43.297976	0.000110	78.646462	2.6
1897	6798.636329	43.291964	0.000110	167.892229	5.0
1898	6567.611175	43.378112	0.000109	168.770017	4.0
1899	6431.290736	43.366300	0.000109	88.111763	5.3
1900	6238.557249	43.418625	0.000109	88.932293	5.7
1901	6638.908382	43.419015	0.000109	73.223279	4.7
1902	6653.369191	43.433316	0.000109	83.710117	4.7
1903	6394.656465	43.426291	0.000109	99.924242	6.5
1904	6482.727050	43.424193	0.000109	81.461954	4.8
1905	6527.952269	43.451259	0.000109	104.085058	8.3
1906	6631.723898	43.444561	0.000109	92.225157	4.7
1907	6667.827835	43.438411	0.000109	119.918438	4.0
1908	6511.939921	43.427445	0.000109	81.215607	2.4
1909	6348.196596	43.428625	0.000109	68.957118	2.6
1910	6499.267401	43.434783	0.000109	71.934521	5.1
1911	6789.062831	43.439103	0.000109	188.234182	4.5
1912	6859.981649	43.428755	0.000109	148.895067	4.2
1913	6633.104606	43.416774	0.000109	160.646241	3.3
1914	6448.684540	43.404549	0.000109	98.852737	4.5
1915	6308.729211	43.406046	0.000109	41.618640	4.3
1916	6631.496200	43.411786	0.000109	128.242260	4.0
1917	6835.344343	43.409603	0.000109	27.932467	3.9
1918	6653.125057	43.411189	0.000109	54.095371	3.6
1919	6567.191308	43.410906	0.000109	88.843801	4.9
1920	6768.705279	43.406172	0.000109	96.339698	4.8
1921	6527.648612	43.441171	0.000109	93.661731	4.7
1922	6670.281427	43.466387	0.000109	99.524612	3.2
1923	6373.898350	43.456318	0.000109	79.482917	2.6
1924	6534.524994	43.464753	0.000109	90.323204	2.6
1925	6715.688376	43.482645	0.000109	177.519660	4.0
1926	6797.670224	43.562348	0.000109	78.371111	4.8
1927	6677.978879	43.606174	0.000109	95.623589	4.8
1928	6778.832745	43.601842	0.000109	114.707979	4.2
1929	6770.886303	43.623001	0.000109	102.468540	4.3
1930	6589.274109	43.628430	0.000109	87.076285	3.3
1931	6480.510076	43.618592	0.000109	137.950983	3.3
1932	6480.874894	43.636776	0.000109	151.038278	3.2
1933	6710.464003	43.642109	0.000109	87.453293	4.7
1934	6606.001071	43.645800	0.000109	89.239134	2.8
1935	6485.811262	43.647455	0.000109	39.211359	2.8
1936	6333.057805	43.646532	0.000109	112.577511	3.2
1937	6496.740370	43.640972	0.000109	82.771721	7.1
1938	6439.462148	43.634583	0.000109	111.905219	3.5
1939	6607.565367	43.681866	0.000109	116.445181	3.7
1940	6638.333962	43.674638	0.000109	76.778395	3.6
1941	6549.049078	43.674280	0.000109	70.745073	9.0
1942	6396.821343	43.671678	0.000109	79.252149	4.8
1943	6376.032039	43.670174	0.000109	68.855597	4.8
1944	6826.865295	43.672062	0.000109	115.846126	4.8
1945	6512.811168	43.663953	0.000109	71.429076	5.2
1946	6382.521061	43.665952	0.000109	38.948932	3.8
1947	6495.113120	43.662240	0.000109	78.268330	3.6
1948	6560.079747	43.667701	0.000109	176.706772	3.7
1949	6599.610460	43.656326	0.000109	82.812325	5.1
1950	6679.336500	43.649094	0.000109	108.205722	4.8
1951	6674.375561	43.655633	0.000109	130.214079	4.3
1952	6440.554001	43.645254	0.000109	170.626954	4.3
1953	6533.947119	44.026448	0.000108	99.460837	3.9
1954	6341.696200	44.084814	0.000108	60.394313	3.7
1955	6585.581496	44.082951	0.000108	68.135356	3.8
1956	6583.981018	44.087582	0.000108	51.827133	5.2
1957	6421.214808	44.086163	0.000108	118.586381	5.0
1958	6639.189350	44.080953	0.000108	82.828302	3.3
1959	6516.006986	44.074269	0.000108	93.240793	3.1
1960	6474.101544	44.065244	0.000108	157.815479	3.2
1961	6326.352982	44.202357	0.000108	56.047751	3.0
1962	6518.238103	44.218933	0.000108	110.489554	3.5
1963	6408.340223	44.221707	0.000108	99.374205	3.2
1964	6515.875452	44.247268	0.000108	153.794558	5.5
1965	6626.310524	44.314612	0.000108	95.560657	2.9
1966	6546.421090	44.451558	0.000108	78.891478	5.1
1967	6331.696883	44.445334	0.000108	59.002283	2.9
1968	6677.005280	44.442281	0.000108	102.662575	2.9
1969	6580.827073	44.459737	0.000108	191.044494	3.8
1970	6713.685827	44.447523	0.000108	121.538849	4.7
1971	6520.048410	44.455918	0.000108	106.508072	5.5
1972	6435.766221	44.523872	0.000108	97.165263	5.1
1973	6558.117845	44.537602	0.000107	99.958949	5.6
1974	6791.752896	44.555767	0.000107	54.458420	3.4
1975	6469.978707	44.570588	0.000107	35.144560	4.3
1976	6561.101364	44.569155	0.000107	116.147477	4.8
1977	6548.747037	44.569089	0.000107	178.722876	3.6
1978	6531.953734	44.744424	0.000107	109.765038	3.1
1979	6613.295669	44.886668	0.000107	59.019183	2.8
1980	6645.983341	44.878103	0.000107	107.926514	2.7
1981	6322.865825	44.901454	0.000107	107.681626	5.4
1982	6629.584593	44.906329	0.000107	88.742879	2.6
1983	6787.692709	44.896944	0.000107	115.541302	2.8
1984	6540.042224	44.925705	0.000107	86.863436	2.9
1985	6602.570314	44.915992	0.000107	128.661388	2.9
1986	6772.841846	44.912697	0.000107	72.403633	3.7
1987	6830.328550	44.903654	0.000107	51.016560	3.1
1988	6552.539086	44.910871	0.000107	112.875054	3.1
1989	6468.892360	44.917883	0.000107	72.988954	3.3
1990	6451.429473	44.945707	0.000107	123.912990	5.8
1991	6248.111116	44.935593	0.000107	98.688828	2.9
1992	6389.837495	44.928268	0.000107	50.211548	4.1
1993	6426.215992	44.943116	0.000107	140.988522	3.0
1994	6498.748581	44.943160	0.000107	52.062644	2.6
1995	6837.843579	44.949634	0.000107	54.597024	3.9
1996	6421.883952	44.948281	0.000107	64.420619	4.0
1997	6635.262281	44.955405	0.000107	74.642738	2.8
1998	6679.207585	44.957359	0.000107	104.786511	3.9
1999	6691.688647	44.962048	0.000107	54.594075	3.7
