1:ItNr	2:Metric	3a:Time	3b:StepSize	4:||Gradient||	Time[ms]
0	56825.182168	0.000000	0.000342	5177.939916	204.8
1	47219.773336	0.000000	0.000342	5515.344531	1.4
2	35516.860606	0.000000	0.000342	6041.622862	1.4
3	21784.760904	0.000000	0.000342	6010.518603	1.8
4	10676.249364	0.000000	0.000342	4959.869936	1.4
5	3998.284721	0.000000	0.000342	2740.920261	1.4
6	2394.443462	0.000000	0.000342	1104.433642	1.4
7	1914.657963	0.000000	0.000342	486.497401	1.4
8	1904.786746	0.000000	0.000342	371.265082	1.4
9	1798.709764	0.000000	0.000342	354.367644	1.4
10	1895.777790	0.000000	0.000342	347.327578	1.4
11	1781.387953	0.000000	0.000342	270.064742	4.5
12	1676.916572	0.000000	0.000342	269.631463	2.4
13	1706.765554	0.000000	0.000342	218.167490	2.4
14	1816.617664	0.000000	0.000342	231.677371	2.4
15	1819.922984	0.000000	0.000342	217.430125	2.4
16	1695.623056	0.000000	0.000342	188.806104	2.9
17	1624.434968	0.000000	0.000342	203.025143	3.0
18	1687.065483	0.000000	0.000342	210.155110	3.2
19	1624.513433	0.000000	0.000342	176.970780	3.8
20	1590.762730	0.000000	0.000342	198.694880	4.2
21	1652.880860	0.000000	0.000342	155.228291	4.1
22	1680.393291	0.000000	0.000342	224.427995	3.1
23	1616.460301	0.000000	0.000342	248.536012	3.1
24	1642.099130	0.442396	0.000335	186.131239	3.0
25	1588.322807	0.435269	0.000335	134.602304	2.9
26	1610.872870	0.423815	0.000335	155.399439	3.2
27	1580.888452	0.412371	0.000335	145.855117	2.5
28	1557.499164	0.400914	0.000336	148.850701	2.5
29	1559.410090	0.389459	0.000336	179.265458	2.6
30	1542.970390	0.378000	0.000336	136.984264	2.4
31	1622.263288	0.366551	0.000336	184.841309	2.4
32	1544.243205	0.355096	0.000336	166.014214	2.3
33	1513.925882	0.349026	0.000336	121.381674	2.1
34	1529.494935	0.337608	0.000337	126.125444	2.2
35	1519.976466	0.326177	0.000337	141.025865	2.2
36	1558.715432	0.314728	0.000337	282.958699	2.1
37	1518.844690	0.306259	0.000337	236.472027	2.6
38	1415.688154	1.306235	0.000322	111.093192	2.1
39	1465.830454	1.294795	0.000322	121.809549	2.1
40	1475.115282	1.283388	0.000322	137.228976	4.5
41	1487.151703	1.271968	0.000323	118.588065	4.5
42	1529.431795	1.260554	0.000323	126.001207	4.5
43	1456.787776	1.249125	0.000323	123.074336	3.8
44	1506.402185	1.237723	0.000323	167.993831	2.9
45	1516.095320	1.226317	0.000323	133.723815	2.9
46	1512.734492	1.214983	0.000323	127.104468	3.0
47	1491.215887	1.203552	0.000324	127.053105	3.0
48	1461.845641	1.192122	0.000324	128.760926	3.0
49	1472.199179	1.180677	0.000324	116.812800	2.6
50	1457.292965	1.169255	0.000324	195.352372	2.4
51	1473.747710	1.157853	0.000324	134.061371	2.3
52	1479.993310	1.151093	0.000324	124.325641	2.4
53	1493.590948	1.139676	0.000324	174.309673	2.4
54	1401.724926	1.128272	0.000325	252.288522	2.3
55	1493.428492	2.054661	0.000312	186.731842	2.4
56	1454.029773	3.032231	0.000299	119.761060	2.3
57	1432.864559	3.020795	0.000299	130.927668	2.4
58	1434.644456	3.009370	0.000299	150.676005	2.1
59	1435.094922	2.998245	0.000299	121.238600	2.1
60	1485.547886	2.987157	0.000299	139.180204	2.1
61	1421.070272	2.975928	0.000300	121.996076	2.1
62	1446.443335	2.964544	0.000300	109.322627	2.1
63	1399.489748	2.953132	0.000300	117.590608	2.0
64	1374.867961	2.941724	0.000300	117.288990	2.1
65	1361.755179	2.930390	0.000300	153.096269	2.0
66	1409.581067	2.918949	0.000300	122.078266	2.0
67	1439.101684	2.909525	0.000300	225.253780	2.0
68	1360.629475	2.898085	0.000301	176.567265	1.9
69	1348.645818	3.853395	0.000289	131.408439	1.9
70	1325.331823	3.841995	0.000289	125.613098	1.9
71	1388.650568	3.832112	0.000289	100.432787	1.9
72	1406.123063	3.821089	0.000289	108.644782	1.9
73	1382.483977	3.809844	0.000290	115.639439	1.8
74	1403.695940	3.798481	0.000290	125.730301	1.9
75	1383.580470	3.787560	0.000290	113.173686	1.9
76	1362.020729	3.776133	0.000290	120.394434	1.9
77	1402.267641	3.765023	0.000290	107.385611	1.9
78	1395.978978	3.753686	0.000290	109.652016	1.9
79	1329.985714	3.742401	0.000290	133.828448	2.1
80	1415.879420	3.731798	0.000290	145.663497	2.1
81	1388.432290	3.720519	0.000291	225.666170	2.1
82	1379.174354	3.709063	0.000291	141.700409	2.1
83	1392.645114	4.003367	0.000287	137.158904	1.9
84	1346.298329	3.991911	0.000287	106.477150	1.9
85	1261.478285	3.980946	0.000288	193.831006	1.9
86	1330.968380	3.970785	0.000288	101.109334	1.9
87	1351.668562	3.965380	0.000288	93.944708	1.9
88	1298.186003	3.954352	0.000288	105.454765	1.9
89	1333.810573	3.943217	0.000288	105.392787	1.9
90	1393.136645	3.932424	0.000288	201.027060	1.9
91	1297.975918	3.928354	0.000288	159.931693	1.9
92	1326.538455	4.741131	0.000279	198.802648	1.8
93	1323.278162	5.414238	0.000272	113.964007	1.9
94	1332.670977	5.412661	0.000272	116.549907	3.2
95	1339.048920	5.401251	0.000272	146.497057	4.2
96	1320.821749	5.392119	0.000272	208.893741	4.2
97	1329.502355	6.114269	0.000265	113.737300	4.0
98	1337.070899	6.174475	0.000264	110.609135	4.1
99	1283.775377	6.165927	0.000264	102.312863	3.2
100	1279.967712	6.155142	0.000265	106.829113	3.0
101	1260.160828	6.143870	0.000265	96.933352	3.3
102	1248.180425	6.133545	0.000265	97.129735	2.5
103	1281.313165	6.122291	0.000265	125.035250	3.1
104	1315.297390	6.112493	0.000265	99.297036	2.5
105	1286.693469	6.101241	0.000265	126.470062	2.5
106	1304.308172	6.090244	0.000265	88.286390	2.5
107	1347.662918	6.079040	0.000265	112.237869	2.6
108	1322.900649	6.068335	0.000265	102.405082	3.0
109	1279.404194	6.056966	0.000265	146.316501	2.5
110	1294.104336	6.047688	0.000266	91.582386	2.8
111	1266.854997	6.037615	0.000266	127.065336	2.7
112	1323.071101	6.026319	0.000266	102.604366	3.0
113	1291.848979	6.014926	0.000266	95.830309	2.7
114	1331.008348	6.004045	0.000266	119.216987	2.7
115	1321.249545	5.993335	0.000266	129.327534	2.6
116	1302.489384	5.981896	0.000266	147.566121	2.6
117	1318.047342	5.983175	0.000266	125.485922	2.3
118	1322.411418	5.972103	0.000266	158.835068	1.9
119	1312.022414	6.033023	0.000266	141.919466	2.0
120	1275.020251	6.022082	0.000266	112.955675	2.0
121	1282.576611	6.021008	0.000266	111.375717	1.9
122	1285.049576	6.020476	0.000266	136.881958	1.8
123	1244.686674	6.027435	0.000266	136.726491	1.9
124	1261.080739	6.015980	0.000266	100.223158	1.8
125	1278.144968	6.009215	0.000266	114.926119	1.9
126	1302.085270	5.999260	0.000266	97.393940	2.1
127	1306.706347	5.988832	0.000266	110.993972	1.9
128	1297.862903	5.981502	0.000266	94.906251	1.9
129	1202.446536	5.973216	0.000266	124.113405	1.9
130	1280.215782	5.969240	0.000266	138.908543	1.8
131	1252.332587	6.028145	0.000266	90.504585	1.9
132	1250.829039	6.016830	0.000266	101.780626	1.9
133	1288.924678	6.007442	0.000266	120.753187	1.9
134	1239.180120	6.005360	0.000266	84.884137	1.9
135	1190.204836	5.994976	0.000266	117.691597	1.9
136	1237.881135	5.984348	0.000266	206.717771	1.8
137	1225.888729	6.778045	0.000259	89.953599	1.8
138	1247.098552	6.779061	0.000259	148.744798	1.9
139	1249.485002	6.768650	0.000259	88.287290	1.9
140	1234.714391	6.759563	0.000259	126.540508	1.8
141	1241.634954	6.750114	0.000259	85.233394	1.8
142	1238.872536	6.741077	0.000259	80.929271	1.8
143	1267.969157	6.730709	0.000259	151.846017	1.8
144	1239.555679	6.720487	0.000259	126.820666	1.8
145	1227.395973	6.813209	0.000258	109.261814	1.9
146	1204.345113	6.807489	0.000258	99.123358	1.8
147	1173.723284	6.796488	0.000258	113.948465	1.8
148	1286.496770	6.789389	0.000258	200.514577	1.9
149	1228.113174	6.780055	0.000259	89.979192	1.8
150	1181.518980	6.802536	0.000258	113.688056	1.8
151	1187.796373	6.791303	0.000258	107.836725	1.9
152	1208.157573	6.779901	0.000259	79.629807	1.8
153	1190.584687	6.769662	0.000259	98.888796	1.9
154	1221.222588	6.758892	0.000259	100.424463	2.1
155	1204.553127	6.747731	0.000259	73.957152	2.2
156	1230.688039	6.737455	0.000259	86.286182	2.1
157	1230.003544	6.727108	0.000259	127.395230	2.1
158	1220.112807	6.716147	0.000259	143.830242	2.1
159	1239.339423	6.973456	0.000257	77.486459	1.9
160	1198.241630	6.964143	0.000257	74.325747	1.9
161	1167.584314	6.953831	0.000257	109.043111	1.9
162	1233.972623	6.946479	0.000257	84.190749	1.9
163	1224.099184	6.936047	0.000257	72.717269	2.0
164	1197.326634	6.925610	0.000257	65.460684	1.8
165	1242.698728	6.916088	0.000257	78.855106	1.8
166	1166.249340	6.906386	0.000257	74.321976	1.9
167	1262.173318	6.896568	0.000258	139.498141	1.9
168	1229.093084	6.889028	0.000258	82.867354	1.9
169	1228.691275	6.878859	0.000258	89.777887	1.9
170	1173.109785	6.867956	0.000258	107.252800	3.2
171	1218.480792	6.857801	0.000258	103.225251	4.4
172	1158.224750	6.848124	0.000258	88.907930	4.5
173	1223.868868	6.837915	0.000258	110.464511	4.6
174	1195.616586	6.826901	0.000258	113.655526	3.6
175	1141.143754	6.870658	0.000258	73.732668	2.7
176	1185.526268	6.864688	0.000258	96.768408	2.7
177	1197.493975	6.854039	0.000258	96.447353	2.8
178	1203.073802	6.848883	0.000258	84.731201	2.8
179	1199.244241	6.842420	0.000258	75.756066	2.7
180	1220.731716	6.834946	0.000258	129.449771	4.6
181	1188.028626	6.825910	0.000258	105.735725	2.2
182	1220.302488	6.858363	0.000258	79.133790	2.1
183	1191.762919	6.847377	0.000258	102.499172	2.1
184	1173.827663	6.836712	0.000258	64.788076	2.1
185	1202.874268	6.827989	0.000258	90.380039	2.3
186	1174.511781	6.818327	0.000258	75.856750	6.3
187	1188.359199	6.811909	0.000258	116.411485	4.4
188	1182.743731	6.806269	0.000258	157.909567	4.1
189	1203.375970	7.362604	0.000253	145.047155	4.3
190	1225.166890	7.843103	0.000249	114.412192	3.1
191	1203.924988	7.955773	0.000248	91.349059	3.4
192	1156.575767	7.958566	0.000248	78.004856	3.1
193	1191.028789	7.951689	0.000248	106.515490	2.4
194	1204.313956	7.945936	0.000248	75.680986	3.4
195	1156.124805	7.935746	0.000248	63.434153	2.3
196	1207.733180	7.926544	0.000248	74.334659	2.4
197	1172.056428	7.916819	0.000248	98.776804	2.1
198	1152.734088	7.906708	0.000249	97.247560	2.1
199	1173.964003	7.899398	0.000249	191.201887	2.3
200	1160.316552	8.140025	0.000247	166.715959	2.0
201	1227.763020	9.137667	0.000238	173.459569	2.1
202	1177.134700	10.125833	0.000231	68.606623	2.3
203	1169.735966	10.114811	0.000231	89.390125	2.2
204	1177.848608	10.108082	0.000231	105.382678	2.1
205	1156.573907	10.097094	0.000231	116.421155	2.2
206	1162.539512	10.085758	0.000231	94.875401	1.8
207	1108.504338	10.074680	0.000231	66.512172	1.8
208	1121.728965	10.064259	0.000231	61.292849	1.8
209	1113.607921	10.056587	0.000231	103.978628	1.8
210	1165.113173	10.046699	0.000231	64.868183	1.8
211	1178.002240	10.037588	0.000231	56.124423	1.8
212	1103.563054	10.029125	0.000232	74.410890	1.8
213	1170.044959	10.021407	0.000232	65.445466	1.9
214	1163.398206	10.013641	0.000232	89.146670	1.8
215	1182.809491	10.003586	0.000232	49.304941	1.8
216	1152.318724	9.995650	0.000232	86.305363	1.8
217	1120.439082	9.988119	0.000232	86.852153	1.8
218	1170.133644	9.977617	0.000232	82.148185	1.9
219	1103.302134	9.970339	0.000232	75.335459	2.1
220	1159.317796	9.971050	0.000232	78.559554	4.3
221	1117.625866	9.962025	0.000232	93.656021	4.3
222	1209.072626	9.970236	0.000232	221.647998	4.2
223	1181.099967	10.653208	0.000227	116.733685	3.6
224	1122.141359	11.554051	0.000221	105.816826	2.9
225	1204.522170	11.542664	0.000221	141.784699	1.9
226	1152.445511	11.794013	0.000219	78.411101	1.8
227	1147.693922	11.783028	0.000219	52.093396	1.9
228	1168.358514	11.776717	0.000219	68.455856	2.2
229	1121.041953	11.768075	0.000219	102.481419	2.3
230	1171.384874	11.757653	0.000219	98.998605	2.2
231	1157.099331	11.802540	0.000219	143.918481	2.5
232	1163.997777	11.802195	0.000219	74.687160	2.0
233	1143.460307	11.791514	0.000219	53.562979	1.8
234	1107.799726	11.783220	0.000219	75.193239	1.8
235	1120.807240	11.776407	0.000219	57.614556	1.8
236	1140.329893	11.771885	0.000219	64.013019	1.8
237	1133.235600	11.763567	0.000219	54.293514	1.8
238	1086.997268	11.755743	0.000219	86.216121	1.8
239	1173.802683	11.750087	0.000219	70.184938	1.9
240	1167.794662	11.739578	0.000219	86.027876	1.8
241	1115.724389	11.729386	0.000219	63.097746	1.8
242	1117.733177	11.720594	0.000220	65.923456	1.8
243	1143.814550	11.712144	0.000220	60.473239	1.8
244	1107.600195	11.705620	0.000220	97.798198	1.9
245	1126.579518	11.697724	0.000220	133.894130	1.9
246	1143.250977	11.686583	0.000220	57.891315	1.9
247	1097.988813	11.690278	0.000220	91.170951	1.8
248	1114.723187	11.685108	0.000220	110.706878	1.9
249	1150.328235	11.684442	0.000220	65.267184	1.8
250	1130.057036	11.689663	0.000220	114.735522	2.5
251	1091.627326	11.678828	0.000220	81.513196	2.0
252	1127.805720	11.670740	0.000220	104.608919	1.9
253	1121.140785	11.662555	0.000220	70.900090	1.8
254	1161.344677	11.677987	0.000220	57.345518	1.9
255	1167.570091	11.673444	0.000220	141.782937	1.9
256	1120.452898	11.665147	0.000220	57.635093	1.9
257	1140.812602	11.671793	0.000220	57.353061	1.8
258	1138.439080	11.663669	0.000220	102.952442	1.9
259	1178.910410	11.657514	0.000220	80.146499	1.8
260	1133.459953	11.697765	0.000220	57.193047	1.9
261	1093.217671	11.688484	0.000220	105.185340	1.9
262	1131.028316	11.687125	0.000220	53.935851	1.9
263	1101.113108	11.679558	0.000220	60.545389	1.9
264	1127.831076	11.673992	0.000220	136.094214	2.1
265	1133.010851	11.664578	0.000220	146.571980	2.1
266	1138.011824	12.560424	0.000214	45.756394	2.1
267	1121.110671	12.551710	0.000214	47.741145	2.0
268	1093.459308	12.544936	0.000214	97.781015	4.1
269	1100.494156	12.538870	0.000214	44.955091	1.9
270	1124.145992	12.535707	0.000214	123.375415	1.9
271	1110.996440	12.526672	0.000214	64.303689	1.9
272	1098.918045	12.522688	0.000214	125.413105	1.9
273	1129.949868	12.513881	0.000214	70.304179	2.2
274	1147.607206	12.562770	0.000214	54.166206	2.1
275	1103.708616	12.553656	0.000214	82.961171	2.5
276	1092.152300	12.544393	0.000214	91.713840	2.1
277	1133.889699	12.551444	0.000214	84.158399	2.2
278	1168.470632	12.567804	0.000214	84.436241	2.4
279	1131.239493	12.557063	0.000214	89.445841	2.3
280	1114.238174	12.556697	0.000214	44.391291	2.3
281	1098.053696	12.548793	0.000214	67.297842	2.3
282	1125.030888	12.542491	0.000214	51.816968	2.8
283	1124.570609	12.537890	0.000214	53.660743	3.3
284	1131.115359	12.530853	0.000214	86.777905	1.9
285	1122.351650	12.525599	0.000214	48.323814	2.0
286	1133.028240	12.519828	0.000214	73.232718	2.4
287	1113.578464	12.514159	0.000214	85.596828	2.2
288	1091.326814	12.503816	0.000214	68.511629	2.3
289	1087.907087	12.495525	0.000214	77.366756	2.2
290	1097.200366	12.485243	0.000215	53.153842	2.1
291	1072.121049	12.487302	0.000215	50.984047	2.1
292	1142.137163	12.479444	0.000215	51.556825	2.0
293	1099.647085	12.475047	0.000215	111.298781	2.2
294	1111.627179	12.479606	0.000215	61.270284	2.0
295	1099.305682	12.469047	0.000215	58.836316	2.0
296	1112.795775	12.465149	0.000215	91.668282	2.0
297	1137.490690	12.460284	0.000215	79.483503	2.3
298	1073.589873	12.479768	0.000215	79.377036	2.1
299	1123.751532	12.481562	0.000215	108.222007	2.2
300	1117.974523	12.492302	0.000214	43.807476	2.0
301	1133.127305	12.490856	0.000214	89.977275	1.9
302	1099.141725	12.488370	0.000215	78.035433	2.0
303	1063.290452	12.492291	0.000214	61.567652	2.2
304	1074.063893	12.484216	0.000215	62.380492	1.9
305	1092.445602	12.487566	0.000215	116.450500	1.9
306	1124.945378	12.524711	0.000214	61.079817	1.9
307	1090.998188	12.518483	0.000214	42.532421	1.8
308	1126.489454	12.512849	0.000214	108.809578	1.9
309	1086.794541	12.516505	0.000214	52.817202	1.9
310	1104.365026	12.506757	0.000214	69.736255	2.0
311	1103.573583	12.502783	0.000214	67.054716	1.8
312	1110.343977	12.495732	0.000214	103.670647	1.9
313	1100.383075	12.536670	0.000214	46.363657	1.9
314	1085.276812	12.532128	0.000214	56.083929	1.9
315	1110.129672	12.524968	0.000214	72.241619	1.9
316	1134.938370	12.522325	0.000214	75.630681	1.8
317	1148.671671	12.520575	0.000214	50.045873	1.8
318	1113.724033	12.516147	0.000214	69.754060	1.9
319	1096.879683	12.509990	0.000214	44.711276	1.8
320	1125.318420	12.501998	0.000214	68.112043	1.9
321	1097.247003	12.497173	0.000214	53.021680	2.0
322	1110.107929	12.488760	0.000215	54.217501	1.9
323	1099.590805	12.488559	0.000215	68.110756	2.0
324	1067.692009	12.488927	0.000215	46.303491	2.0
325	1137.350604	12.480620	0.000215	47.281878	2.0
326	1124.645341	12.475780	0.000215	132.136220	1.8
327	1129.148506	12.476796	0.000215	92.397659	1.9
328	1078.309769	12.605172	0.000214	79.720565	1.9
329	1119.898369	12.594876	0.000214	61.516357	2.0
330	1100.830056	12.587594	0.000214	52.450515	1.9
331	1075.728899	12.587544	0.000214	48.308334	1.9
332	1117.177208	12.586386	0.000214	46.481402	1.8
333	1053.595884	12.580471	0.000214	116.177450	1.8
334	1041.010560	12.583774	0.000214	50.053363	1.8
335	1091.148760	12.578000	0.000214	84.366910	1.9
336	1093.510853	12.570870	0.000214	43.888885	1.9
337	1053.753610	12.576997	0.000214	83.937376	1.8
338	1105.538550	12.583012	0.000214	82.454589	1.9
339	1079.320254	12.613918	0.000214	49.079506	1.8
340	1088.743304	12.604750	0.000214	38.976184	1.8
341	1115.113663	12.600311	0.000214	47.857363	1.8
342	1105.754562	12.595685	0.000214	95.036753	1.9
343	1120.093982	12.590025	0.000214	123.685756	1.8
344	1133.991876	12.988584	0.000211	61.692539	1.8
345	1055.728410	12.979185	0.000211	52.911812	1.9
346	1074.653690	12.974078	0.000211	59.217533	1.9
347	1096.871444	12.973958	0.000211	48.243415	1.8
348	1091.082304	12.967618	0.000211	46.557381	1.9
349	1115.731918	12.963296	0.000212	95.171744	3.1
350	1082.394304	12.963432	0.000212	109.158162	2.6
351	1082.723976	13.189931	0.000210	91.787448	1.9
352	1064.451512	13.193975	0.000210	45.010951	1.9
353	1112.736654	13.186304	0.000210	65.883764	2.0
354	1119.286405	13.178446	0.000210	108.348922	1.9
355	1165.544866	13.190034	0.000210	156.428756	1.9
356	1080.292002	13.178596	0.000210	121.305325	1.9
357	1066.795949	13.935578	0.000206	80.392549	2.0
358	1070.004578	13.924311	0.000206	99.309089	2.1
359	1086.316239	13.913911	0.000206	77.387277	2.1
360	1079.772870	13.940995	0.000206	81.089320	2.1
361	1046.708142	13.932196	0.000206	47.217470	2.1
362	1095.830416	13.929697	0.000206	55.123092	1.9
363	1123.881853	13.925030	0.000206	63.561641	1.9
364	1101.349177	13.916427	0.000206	87.642421	1.9
365	1124.461909	13.912225	0.000206	96.518095	1.9
366	1106.681208	14.035634	0.000205	44.102368	1.9
367	1177.642286	14.036745	0.000205	65.140934	1.9
368	1055.080020	14.029683	0.000205	112.448148	1.8
369	1060.224356	14.065951	0.000205	60.510534	1.8
370	1059.662975	14.055552	0.000205	72.135836	1.9
371	1088.412169	14.058680	0.000205	52.527158	1.8
372	1112.508523	14.049741	0.000205	67.272283	2.0
373	1105.022028	14.055661	0.000205	89.179201	2.1
374	1076.049970	14.048391	0.000205	61.618611	2.5
375	1071.055943	14.075508	0.000205	65.467201	2.5
376	1105.459393	14.066864	0.000205	108.865801	2.4
377	1089.814406	14.090071	0.000205	35.456087	4.4
378	1026.071437	14.086653	0.000205	123.598519	1.9
379	1114.839991	14.080885	0.000205	103.161311	1.8
380	1058.612449	14.608973	0.000202	82.436953	1.8
381	1139.320334	14.724596	0.000201	70.262035	1.9
382	1084.537422	14.770381	0.000201	35.358620	3.8
383	1061.981685	14.771291	0.000201	65.911446	3.3
384	1044.167657	14.764722	0.000201	48.416280	4.5
385	1068.949325	14.757530	0.000201	65.921441	4.5
386	1112.556160	14.756628	0.000201	79.900584	4.2
387	1059.322967	14.746785	0.000201	40.610880	4.3
388	1095.373263	14.739750	0.000201	136.638840	3.8
389	1115.666883	14.735970	0.000201	126.739117	3.1
390	1070.037986	15.389989	0.000197	103.134736	3.1
391	1045.212644	15.857206	0.000195	92.825757	2.9
392	1076.235019	15.845939	0.000195	105.087484	2.6
393	1094.644419	15.922681	0.000195	114.254183	2.5
394	1135.490558	15.911456	0.000195	46.557538	2.6
395	1080.229569	15.931035	0.000195	71.641861	2.3
396	1086.423869	15.922753	0.000195	61.313258	2.2
397	1077.374711	15.920280	0.000195	65.273481	2.2
398	1069.288959	15.910904	0.000195	39.046799	2.2
399	1108.044813	15.906564	0.000195	39.212768	2.2
400	1080.559459	15.901121	0.000195	44.277003	1.9
401	1078.987539	15.897645	0.000195	49.035460	2.0
402	1096.850707	15.895643	0.000195	40.335309	2.0
403	1086.714509	15.897669	0.000195	47.126519	2.0
404	1094.876996	15.893250	0.000195	72.474359	2.0
405	1116.751212	15.885622	0.000195	93.036957	1.9
406	1109.502483	15.874839	0.000195	37.967395	1.9
407	1127.616179	15.871028	0.000195	34.921221	1.9
408	1057.692840	15.868283	0.000195	119.331794	1.8
409	1091.528625	15.869648	0.000195	93.540951	1.8
410	1093.510673	16.039487	0.000194	76.890841	2.0
411	1078.374006	16.062732	0.000194	38.286948	1.9
412	1111.058840	16.063902	0.000194	74.100187	2.0
413	1079.638638	16.063090	0.000194	34.840590	1.9
414	1066.535687	16.064670	0.000194	68.181877	1.9
415	1043.518778	16.065308	0.000194	68.637506	1.9
416	1068.612221	16.064931	0.000194	89.304778	1.9
417	1081.844490	16.074687	0.000194	25.739690	1.9
418	1128.615888	16.074297	0.000194	41.914560	1.9
419	1075.964055	16.070802	0.000194	80.339141	1.8
420	1075.394754	16.082300	0.000194	105.577845	1.9
421	1073.732490	16.071216	0.000194	51.882355	1.8
422	1026.628552	16.093997	0.000194	64.890398	2.0
423	1014.143549	16.086078	0.000194	101.171950	4.4
424	1067.492457	16.075438	0.000194	38.408267	4.2
425	1093.098668	16.076298	0.000194	82.331748	4.2
426	1137.676577	16.068886	0.000194	108.621348	4.0
427	1048.393593	16.058297	0.000194	92.915726	3.1
428	1084.265747	16.362977	0.000192	59.007967	3.1
429	1113.342869	16.368394	0.000192	53.315575	3.1
430	1115.070040	16.374327	0.000192	81.964502	2.5
431	1091.861471	16.392604	0.000192	75.280216	2.3
432	1109.521255	16.437429	0.000192	52.967535	2.3
433	1077.409186	16.445015	0.000192	116.880106	3.4
434	1082.005468	16.435915	0.000192	60.799085	2.7
435	1151.822193	16.507903	0.000192	63.705412	4.7
436	1102.161936	16.507619	0.000192	41.683655	4.8
437	1108.872592	16.500287	0.000192	125.502889	2.3
438	1059.473176	16.527162	0.000191	48.861942	2.1
439	1068.599661	16.533256	0.000191	53.163772	2.1
440	1093.064101	16.525931	0.000191	82.269252	1.9
441	1096.157051	16.524367	0.000191	61.351614	2.2
442	1096.543215	16.541123	0.000191	50.880149	2.3
443	1073.590695	16.540718	0.000191	79.370946	2.1
444	1026.496386	16.534819	0.000191	79.213730	2.0
445	1126.611408	16.527042	0.000191	93.514480	1.9
446	1047.201121	16.591265	0.000191	38.605880	1.9
447	1082.337218	16.583847	0.000191	52.129815	2.3
448	1088.177399	16.578437	0.000191	50.569967	4.0
449	1063.972440	16.571757	0.000191	41.308984	2.5
450	1049.214598	16.571573	0.000191	70.716153	4.4
451	1120.869761	16.573121	0.000191	47.685797	4.5
452	1053.030734	16.566944	0.000191	39.709152	3.6
453	1063.347236	16.566112	0.000191	51.928372	3.9
454	1074.047768	16.566037	0.000191	56.957590	3.1
455	1077.443445	16.561994	0.000191	81.559216	3.2
456	1072.512193	16.552334	0.000191	61.417089	2.8
457	1118.681186	16.563395	0.000191	56.106623	2.8
458	1122.111796	16.558050	0.000191	53.814745	3.9
459	1055.829373	16.565480	0.000191	51.831366	6.7
460	1053.644280	16.568901	0.000191	88.458983	4.7
461	1088.756692	16.575051	0.000191	51.606463	4.7
462	1035.663694	16.566971	0.000191	46.287051	4.7
463	1078.006019	16.565970	0.000191	65.902553	4.7
464	1091.993871	16.566877	0.000191	79.242652	4.8
465	1048.341998	16.569463	0.000191	27.061203	4.8
466	1094.379091	16.563369	0.000191	73.388158	4.5
467	1054.416993	16.566886	0.000191	35.085815	4.6
468	1069.532299	16.564816	0.000191	75.811942	4.8
469	1082.611390	16.563121	0.000191	38.283818	4.7
470	1057.386660	16.557484	0.000191	78.514472	4.5
471	1067.107527	16.549951	0.000191	120.107945	4.5
472	1054.769860	16.661123	0.000191	32.423880	3.6
473	1055.088305	16.661433	0.000191	44.129480	3.3
474	1103.239436	16.658170	0.000191	36.213865	3.3
475	1094.308070	16.654471	0.000191	69.968530	2.9
476	1082.878557	16.649480	0.000191	74.468733	2.8
477	1098.361125	16.662816	0.000191	95.261744	4.6
478	1095.172292	16.653601	0.000191	88.425970	4.8
479	1101.719410	16.678132	0.000191	64.947327	4.8
480	1099.158888	16.713115	0.000190	35.876642	4.5
481	1072.246504	16.712934	0.000190	58.986597	4.6
482	1089.788511	16.712611	0.000190	59.067946	4.3
483	1054.186049	16.732294	0.000190	35.046189	4.4
484	1013.696451	16.735268	0.000190	39.768949	4.5
485	1086.514699	16.734770	0.000190	76.261380	4.3
486	1049.809921	16.745917	0.000190	54.621697	4.4
487	1066.385495	16.747391	0.000190	35.411245	3.3
488	1047.568500	16.743830	0.000190	50.826908	3.6
489	1073.073858	16.738889	0.000190	82.522006	4.9
490	1103.751227	16.735797	0.000190	117.645073	4.8
491	1041.241243	17.020669	0.000189	89.963624	4.5
492	1125.936875	17.108155	0.000189	83.371802	4.0
493	1104.256296	17.160155	0.000188	82.645073	4.0
494	1042.179831	17.161118	0.000188	97.018886	3.2
495	1052.195010	17.161520	0.000188	57.361186	3.1
496	1059.223381	17.155699	0.000188	37.628983	3.1
497	1070.988792	17.152914	0.000188	26.061691	3.1
498	1091.226956	17.150547	0.000188	94.891112	3.2
499	1072.558824	17.149485	0.000188	40.373578	3.0
500	1073.640365	17.158188	0.000188	39.633409	2.9
501	1070.819048	17.152892	0.000188	148.528178	2.5
502	1102.247229	17.185028	0.000188	90.530896	2.5
503	1023.712536	17.790854	0.000185	45.612247	2.4
504	1073.207432	17.783721	0.000185	62.640450	2.3
505	1075.988227	17.799675	0.000185	54.364525	4.0
506	1095.595815	17.792171	0.000185	89.708959	2.1
507	1120.432031	17.782520	0.000185	31.385213	2.0
508	1101.680983	17.784746	0.000185	74.526242	2.0
509	1097.048990	17.788163	0.000185	125.936586	2.2
510	1041.275482	17.984971	0.000184	38.906939	2.0
511	1076.456558	18.015844	0.000184	93.626638	2.1
512	1142.387906	18.020856	0.000184	96.543736	2.0
513	1055.615720	18.009800	0.000184	115.995187	2.0
514	1094.836933	18.475145	0.000182	91.180590	2.2
515	1068.149494	18.463936	0.000182	80.019849	2.2
516	1100.871262	18.526456	0.000182	74.658646	2.0
517	1077.748539	18.516209	0.000182	74.219840	2.0
518	1060.122553	18.547674	0.000182	57.845112	1.9
519	1042.740789	18.575254	0.000182	37.145788	1.9
520	1097.749555	18.568963	0.000182	35.803019	1.9
521	1082.916410	18.564896	0.000182	46.192345	1.9
522	1074.859042	18.560902	0.000182	71.874969	1.8
523	1131.915459	18.577954	0.000182	28.319609	1.8
524	1083.558513	18.573263	0.000182	43.945326	1.8
525	1041.731296	18.569460	0.000182	52.928682	1.9
526	1066.343341	18.572148	0.000182	65.805380	1.9
527	1099.345672	18.580161	0.000181	92.938633	1.9
528	1101.292628	18.676231	0.000181	89.256656	1.9
529	1057.314670	18.671874	0.000181	42.498195	1.9
530	1085.548274	18.663964	0.000181	37.284302	1.9
531	1071.273261	18.661483	0.000181	68.097751	1.9
532	1077.276487	18.658551	0.000181	59.239719	1.9
533	1056.785941	18.649211	0.000181	45.990766	2.0
534	1091.530469	18.645309	0.000181	144.890873	2.1
535	1082.764790	18.662213	0.000181	99.022659	2.1
536	1024.241926	19.438258	0.000178	66.327115	2.1
537	1049.801024	19.433959	0.000178	66.488932	2.1
538	1069.088564	19.426890	0.000178	63.471949	2.1
539	1103.510201	19.428114	0.000178	79.639230	1.9
540	1087.025288	19.476042	0.000177	35.334975	1.9
541	1046.106993	19.470200	0.000178	34.001908	1.9
542	1071.853148	19.465593	0.000178	48.514475	1.9
543	1123.086263	19.464435	0.000178	38.067076	1.9
544	1108.745970	19.463730	0.000178	58.548840	1.9
545	1032.923550	19.458371	0.000178	53.464084	1.9
546	1042.374894	19.464136	0.000178	106.460071	1.9
547	1040.898116	19.453993	0.000178	62.803975	1.9
548	1060.934463	19.569304	0.000177	29.189557	1.9
549	1058.416888	19.567694	0.000177	67.898842	1.9
550	1060.164970	19.567360	0.000177	46.043021	1.8
551	1077.814786	19.577749	0.000177	56.310577	1.9
552	1047.895194	19.574451	0.000177	109.143788	1.9
553	1071.036498	19.589801	0.000177	33.914924	1.9
554	1052.498584	19.602823	0.000177	45.113682	1.8
555	1082.333718	19.600492	0.000177	89.489130	1.9
556	1106.073231	19.600427	0.000177	28.979857	1.9
557	1026.667054	19.613160	0.000177	37.480412	1.8
558	1055.138433	19.609442	0.000177	39.362964	1.9
559	1074.917748	19.607192	0.000177	103.724993	1.8
560	1051.971571	19.598487	0.000177	51.917778	1.9
561	1050.753660	19.652860	0.000177	39.799703	1.9
562	1081.895895	19.650404	0.000177	88.607394	1.9
563	1087.323254	19.642589	0.000177	42.121612	1.9
564	1058.937468	19.642906	0.000177	45.001796	1.9
565	1069.996466	19.649065	0.000177	49.815541	2.0
566	1032.793783	19.643483	0.000177	54.577880	2.0
567	1100.474544	19.636825	0.000177	37.332286	2.1
568	1078.852097	19.631560	0.000177	62.065629	2.1
569	1065.474167	19.635329	0.000177	85.118608	2.1
570	1074.864802	19.625604	0.000177	59.104918	2.0
571	1071.763349	19.650291	0.000177	33.377314	1.8
572	1071.972976	19.656674	0.000177	20.178434	1.9
573	1082.273802	19.656553	0.000177	79.409462	1.9
574	995.861504	19.657925	0.000177	72.190934	1.9
575	1056.280350	19.720320	0.000176	32.382813	1.8
576	1107.797760	19.713421	0.000176	56.562169	1.9
577	1102.752833	19.719907	0.000176	35.907039	1.9
578	1053.035852	19.716991	0.000176	67.816030	1.9
579	1000.317545	19.715388	0.000176	34.422980	1.9
580	1099.199307	19.708640	0.000176	59.006320	1.9
581	1066.047449	19.714228	0.000176	45.807632	1.9
582	1046.112869	19.710469	0.000176	57.035676	1.9
583	1064.469165	19.713117	0.000176	44.321503	1.9
584	1086.664125	19.708906	0.000176	80.532866	1.9
585	1090.192943	19.718913	0.000176	66.723559	1.8
586	1052.006544	19.747114	0.000176	57.639319	1.9
587	1050.816302	19.738387	0.000176	44.704582	1.9
588	1089.882330	19.731290	0.000176	66.235298	1.9
589	1068.094812	19.740005	0.000176	63.034604	1.7
590	1069.637669	19.739784	0.000176	87.934063	1.8
591	1104.889283	19.783680	0.000176	113.440445	1.9
592	1044.536028	19.772435	0.000176	79.144579	2.0
593	1050.379201	20.005004	0.000175	40.947810	2.0
594	1047.750214	20.016797	0.000175	37.725192	2.0
595	1068.015443	20.014363	0.000175	52.443239	2.0
596	1095.971417	20.023672	0.000175	34.269147	5.9
597	1035.415760	20.028141	0.000175	56.549882	2.2
598	1113.812404	20.022103	0.000175	78.106497	4.6
599	1056.475853	20.015963	0.000175	66.891859	4.5
600	1086.448258	20.041184	0.000175	30.588029	2.6
601	1029.529949	20.036892	0.000175	86.472513	2.4
602	1039.060508	20.040954	0.000175	52.891849	3.2
603	1108.046892	20.040836	0.000175	61.015819	2.9
604	1056.363476	20.033760	0.000175	49.732043	2.8
605	1093.616784	20.025923	0.000175	50.267983	2.8
606	1044.699051	20.025684	0.000175	46.126086	2.9
607	1061.244976	20.030129	0.000175	43.510269	4.0
608	1107.763909	20.030530	0.000175	80.594537	3.1
609	1074.664814	20.056935	0.000175	36.762712	3.1
610	1087.596283	20.054673	0.000175	69.203734	3.1
611	1085.880651	20.060628	0.000175	29.572153	2.7
612	1051.145047	20.058681	0.000175	69.033320	2.5
613	1033.084217	20.054309	0.000175	84.159285	3.0
614	1049.480581	20.112568	0.000175	23.420861	3.5
615	1049.575745	20.111127	0.000175	22.693359	4.4
616	1054.126430	20.110396	0.000175	20.838577	4.4
617	1043.698392	20.109265	0.000175	118.148111	3.9
618	1067.632589	20.115129	0.000175	52.074936	2.1
619	1079.858427	20.115417	0.000175	93.354157	2.1
620	1060.548641	20.157022	0.000175	24.225325	2.1
621	1050.655901	20.160557	0.000175	32.544158	2.4
622	1033.068237	20.157820	0.000175	21.856828	2.6
623	1038.213301	20.155560	0.000175	87.396956	2.4
624	1093.712440	20.157033	0.000175	89.644697	2.4
625	1036.092348	20.332271	0.000174	72.892330	2.2
626	1045.039812	20.417883	0.000173	52.066253	1.9
627	1068.191531	20.411210	0.000173	22.683172	1.9
628	1074.614357	20.410246	0.000173	40.926125	2.1
629	1012.411979	20.408891	0.000173	79.365649	1.9
630	1068.799164	20.417685	0.000173	71.558988	2.0
631	1094.158915	20.489097	0.000173	19.288655	1.9
632	1036.564227	20.487860	0.000173	29.690366	1.9
633	1086.093319	20.485718	0.000173	45.953286	1.9
634	1091.367611	20.483094	0.000173	90.627908	1.9
635	1024.674649	20.516852	0.000173	39.722939	1.8
636	1061.445187	20.515289	0.000173	37.273995	1.9
637	1080.463060	20.515710	0.000173	53.487447	2.1
638	1065.095879	20.513580	0.000173	49.363560	2.6
639	1053.913277	20.511356	0.000173	71.082773	1.9
640	1046.609921	20.527945	0.000173	91.604287	2.0
641	1090.393719	20.517302	0.000173	63.580822	4.5
642	1100.515615	20.557503	0.000173	26.415583	4.7
643	1074.099168	20.557199	0.000173	43.477449	3.1
644	1038.738920	20.554471	0.000173	42.459784	2.3
645	1071.410368	20.549698	0.000173	49.020059	2.2
646	1060.045347	20.544890	0.000173	62.599481	2.3
647	1089.018855	20.538619	0.000173	92.716187	2.4
648	1052.716297	20.619249	0.000173	71.831977	2.4
649	1056.635359	20.743010	0.000172	72.976289	2.4
650	1031.228251	20.738540	0.000172	57.392002	2.3
651	1054.825145	20.774669	0.000172	38.774893	2.4
652	1066.507449	20.769467	0.000172	27.366983	2.4
653	1059.629176	20.770425	0.000172	54.239039	2.5
654	1057.509736	20.770824	0.000172	61.854162	2.3
655	1062.455132	20.762294	0.000172	23.412115	2.5
656	1092.100346	20.769352	0.000172	74.447378	3.1
657	1036.192403	20.770973	0.000172	92.309927	2.5
658	1041.790085	20.877189	0.000172	87.353771	2.4
659	1044.736864	21.025576	0.000171	100.955357	1.9
660	1100.430201	21.129620	0.000171	83.722495	1.9
661	1133.587601	21.159159	0.000170	42.715862	2.1
662	1062.973505	21.155690	0.000170	52.957055	4.5
663	1038.014973	21.148668	0.000170	41.026480	4.5
664	1059.765706	21.154943	0.000170	67.404003	4.5
665	1064.043111	21.147735	0.000170	38.046041	3.3
666	1048.064161	21.161971	0.000170	67.413538	2.6
667	1017.262074	21.172768	0.000170	51.009515	4.0
668	1078.735324	21.180220	0.000170	52.164557	3.1
669	1000.856868	21.187480	0.000170	91.778273	3.2
670	1046.430282	21.185498	0.000170	24.080674	3.1
671	1061.205969	21.187029	0.000170	26.256005	3.0
672	1063.759005	21.186533	0.000170	25.761992	3.1
673	1089.642205	21.187503	0.000170	88.451219	3.2
674	1077.909426	21.189587	0.000170	68.624851	3.0
675	1072.920926	21.179003	0.000170	51.114110	3.0
676	1068.570344	21.185068	0.000170	44.843122	2.6
677	1058.778063	21.184634	0.000170	55.921441	2.7
678	1093.273833	21.178195	0.000170	59.098837	3.0
679	1057.911408	21.202334	0.000170	19.835685	4.7
680	1075.060796	21.198469	0.000170	53.392360	4.7
681	1021.416022	21.194639	0.000170	77.386671	4.8
682	1077.891833	21.186454	0.000170	41.617248	4.4
683	1042.378967	21.179134	0.000170	31.616738	4.7
684	1086.477197	21.174791	0.000170	73.487042	4.0
685	1055.709608	21.181373	0.000170	36.154859	4.6
686	1065.112209	21.184026	0.000170	37.117328	4.7
687	1037.149077	21.180206	0.000170	66.379060	4.8
688	1070.053985	21.179315	0.000170	51.347015	4.6
689	1078.886437	21.175139	0.000170	30.913641	4.6
690	1062.589269	21.169580	0.000170	116.098396	4.6
691	1114.649311	21.192955	0.000170	52.051487	3.6
692	1043.097125	21.251447	0.000170	71.736233	3.4
693	1078.273182	21.269537	0.000170	25.311189	3.3
694	1064.888261	21.269371	0.000170	41.522905	2.9
695	1026.269906	21.273114	0.000170	34.739129	2.6
696	1039.308223	21.269952	0.000170	47.624081	2.6
697	1069.201780	21.271926	0.000170	55.052785	2.6
698	1034.844938	21.267313	0.000170	82.924511	2.2
699	1023.573257	21.257543	0.000170	14.826104	2.2
700	1039.346875	21.256525	0.000170	43.726756	2.2
701	1090.186575	21.255098	0.000170	78.928969	2.2
702	1064.248323	21.258208	0.000170	76.901230	2.2
703	984.572762	21.332858	0.000170	53.158422	2.0
704	1069.536952	21.364135	0.000170	58.303516	2.0
705	1034.881941	21.378186	0.000170	69.237147	2.0
706	1087.183524	21.404509	0.000169	74.153383	2.0
707	1128.962057	21.398781	0.000169	49.751858	2.0
708	1071.135687	21.389829	0.000169	58.756095	2.1
709	1041.354021	21.398991	0.000169	25.206016	2.0
710	1050.207063	21.394524	0.000169	23.120595	1.9
711	1083.002545	21.393184	0.000169	32.698948	2.0
712	1076.193308	21.393541	0.000169	78.147930	2.0
713	1079.913474	21.394076	0.000169	59.544194	2.0
714	1090.271098	21.406378	0.000169	21.628980	2.0
715	1056.011756	21.409479	0.000169	78.364162	2.0
716	1040.974560	21.416492	0.000169	111.297148	2.0
717	1054.810102	21.407147	0.000169	51.678511	2.0
718	1094.735800	21.420250	0.000169	37.127627	2.0
719	1052.549389	21.418152	0.000169	21.812121	2.0
720	989.976168	21.415704	0.000169	34.694663	1.9
721	1070.115319	21.415330	0.000169	70.142682	1.9
722	1036.679357	21.413517	0.000169	86.328747	1.9
723	1075.480236	21.405443	0.000169	32.190057	2.0
724	1005.172423	21.422408	0.000169	31.080788	2.0
725	1049.082616	21.418674	0.000169	21.753071	2.0
726	1081.349533	21.418450	0.000169	25.780434	1.9
727	1033.019300	21.417958	0.000169	51.935675	2.0
728	1039.333833	21.415174	0.000169	110.765143	1.9
729	1055.327119	21.479674	0.000169	52.686493	2.0
730	1089.730486	21.469670	0.000169	57.155479	2.0
731	1109.730224	21.490972	0.000169	41.375789	2.0
732	1014.041295	21.486892	0.000169	23.669836	1.9
733	1058.281307	21.487323	0.000169	30.832545	1.9
734	1067.869804	21.487548	0.000169	67.247751	2.0
735	1044.826619	21.496816	0.000169	29.742063	2.0
736	1060.737007	21.491627	0.000169	19.895111	1.9
737	1062.599254	21.489334	0.000169	70.818085	1.8
738	1064.962374	21.485577	0.000169	37.533233	1.8
739	1076.174813	21.504041	0.000169	62.921934	1.9
740	1034.964704	21.500306	0.000169	54.136184	1.9
741	1035.868463	21.513693	0.000169	68.983422	1.9
742	1072.171116	21.514546	0.000169	39.967951	2.0
743	1051.546410	21.508542	0.000169	43.108641	4.6
744	1044.810150	21.502710	0.000169	55.504204	4.4
745	1079.552502	21.515668	0.000169	89.678215	4.4
746	1088.211090	21.506674	0.000169	67.627032	4.3
747	1090.683071	21.535423	0.000169	73.856099	3.9
748	1088.358165	21.526297	0.000169	41.533175	3.0
749	1062.022710	21.518435	0.000169	46.842608	3.0
750	1048.797890	21.519513	0.000169	87.540319	3.1
751	1150.981054	21.535102	0.000169	99.343138	2.5
752	1048.684195	21.737854	0.000168	68.804463	2.5
753	1094.291345	21.760198	0.000168	67.988865	3.4
754	1069.146504	21.750325	0.000168	75.854967	2.4
755	1036.471383	21.743699	0.000168	39.629906	2.5
756	1047.005552	21.765644	0.000168	36.424718	2.4
757	1073.192005	21.772532	0.000168	48.771308	2.4
758	1090.403965	21.781944	0.000168	58.084949	2.2
759	1060.790461	21.774424	0.000168	40.181376	1.9
760	987.286442	21.782917	0.000168	16.001607	1.9
761	1060.450936	21.781709	0.000168	15.717972	2.0
762	1033.234002	21.780648	0.000168	46.941824	1.9
763	1063.674850	21.782782	0.000168	37.630680	2.9
764	1045.506941	21.778036	0.000168	24.797536	2.4
765	1037.783796	21.779893	0.000168	45.565401	2.3
766	1070.533437	21.778311	0.000168	35.142313	2.3
767	1020.343536	21.773964	0.000168	79.972094	4.6
768	1107.172040	21.779269	0.000168	108.559399	1.8
769	1075.395584	22.018429	0.000167	58.157495	1.8
770	1050.950840	22.010333	0.000167	50.389279	1.8
771	1045.370403	22.013633	0.000167	42.042493	1.8
772	1057.378897	22.014279	0.000167	60.054272	1.8
773	1029.750150	22.012937	0.000167	36.089857	1.9
774	1069.087758	22.006940	0.000167	30.241113	1.8
775	1103.413053	22.009482	0.000167	73.877009	1.9
776	1033.081892	22.011805	0.000167	27.227359	1.8
777	1063.795126	22.008217	0.000167	39.824317	1.8
778	1069.340164	22.008915	0.000167	56.856229	1.8
779	1032.484511	22.010598	0.000167	38.299870	1.8
780	1033.502389	22.013915	0.000167	44.254126	1.9
781	1072.931786	22.009155	0.000167	98.274090	1.9
782	1074.746758	22.022472	0.000167	31.230453	1.9
783	1050.774613	22.023917	0.000167	93.686441	1.8
784	1056.841509	22.029462	0.000167	67.934771	1.8
785	1030.677421	22.158991	0.000166	46.380292	1.8
786	1055.098495	22.176927	0.000166	75.782543	1.8
787	1033.215531	22.168057	0.000166	67.993369	1.9
788	1037.768998	22.244129	0.000166	60.655601	1.9
789	1080.623653	22.283228	0.000166	87.939790	1.9
790	1002.250661	22.300463	0.000166	65.812213	1.9
791	1048.342860	22.290303	0.000166	84.650613	1.9
792	1099.864738	22.312048	0.000166	66.406935	1.9
793	1024.083561	22.302545	0.000166	44.091058	1.9
794	1016.227973	22.299401	0.000166	47.508756	1.8
795	1076.674708	22.298867	0.000166	41.544125	1.9
796	1028.803930	22.293307	0.000166	64.181986	1.8
797	1040.600794	22.304164	0.000166	23.083153	1.8
798	1061.616497	22.299161	0.000166	20.522935	1.8
799	1070.526961	22.298100	0.000166	46.463353	1.8
800	1042.687118	22.298852	0.000166	49.417800	1.9
801	1070.023583	22.300551	0.000166	32.584180	1.8
802	1087.850862	22.299453	0.000166	90.847265	1.8
803	1051.772023	22.312481	0.000166	26.664947	1.9
804	1051.872539	22.312517	0.000166	70.914616	1.9
805	1043.819588	22.315101	0.000166	104.531089	1.9
806	1063.629608	22.304126	0.000166	49.694541	1.9
807	1084.390893	22.363882	0.000166	100.839390	1.9
808	1080.266562	22.354082	0.000166	52.311221	1.9
809	1082.226009	22.357798	0.000166	21.284845	1.9
810	1072.952624	22.360377	0.000166	22.864001	1.8
811	1057.353273	22.362127	0.000166	52.624717	1.8
812	1065.300581	22.365342	0.000166	34.399298	1.8
813	1045.585061	22.371652	0.000166	115.623088	1.9
814	1006.036171	22.362954	0.000166	24.563360	1.9
815	1038.676600	22.361105	0.000166	64.480680	1.9
816	1053.358361	22.365016	0.000166	23.093148	1.9
817	1058.083445	22.362013	0.000166	14.932167	1.9
818	1054.178921	22.362412	0.000166	63.092825	2.0
819	1090.346930	22.363330	0.000166	100.880659	1.9
820	1050.143226	22.455608	0.000165	63.232009	1.9
821	1055.616766	22.445002	0.000165	70.626830	1.9
822	1037.153002	22.436118	0.000165	51.028239	1.9
823	1002.960275	22.465371	0.000165	110.301491	1.9
824	1051.855046	22.455588	0.000165	42.905301	4.6
825	1083.256908	22.448439	0.000165	89.392186	2.2
826	1021.213600	22.451546	0.000165	87.966289	2.1
827	1095.141623	22.653548	0.000165	99.038410	1.8
828	1068.201943	22.952871	0.000163	57.350480	1.9
829	1031.810746	23.039596	0.000163	40.046437	2.2
830	1057.642927	23.043008	0.000163	43.268924	2.1
831	1068.906413	23.041773	0.000163	54.916255	2.1
832	1072.187290	23.036286	0.000163	16.281795	2.5
833	1052.292645	23.036105	0.000163	38.629068	4.6
834	1058.299368	23.033781	0.000163	73.149460	4.5
835	1079.363871	23.026774	0.000163	30.442330	4.5
836	1052.719739	23.021319	0.000163	33.869762	4.3
837	1041.077001	23.020333	0.000163	105.641935	4.2
838	1062.576753	23.041111	0.000163	20.396109	3.7
839	1046.435829	23.039663	0.000163	58.291113	3.8
840	1072.481253	23.039872	0.000163	51.679775	3.4
841	1055.052230	23.054166	0.000163	76.353248	3.1
842	1035.180132	23.054011	0.000163	43.468393	3.6
843	1067.409264	23.055798	0.000163	13.893240	2.8
844	1069.102932	23.058178	0.000163	34.564743	2.7
845	1052.783962	23.058744	0.000163	52.476153	2.6
846	1081.050572	23.064221	0.000163	29.254118	2.7
847	1074.503111	23.062112	0.000163	66.496471	2.4
848	1080.664354	23.056141	0.000163	35.011800	2.5
849	1055.927222	23.049860	0.000163	59.357421	2.5
850	1024.833801	23.053876	0.000163	68.328069	2.5
851	1067.806132	23.095489	0.000163	21.702472	2.5
852	1013.952632	23.094681	0.000163	44.226822	2.5
853	1025.227185	23.092503	0.000163	90.151377	2.7
854	1046.154659	23.087921	0.000163	53.813213	2.5
855	1048.555992	23.141082	0.000163	86.205423	2.6
856	1055.863075	23.137944	0.000163	34.158028	2.7
857	1108.223272	23.130531	0.000163	80.973895	2.7
858	1061.463910	23.131707	0.000163	31.307092	2.6
859	1079.974022	23.127320	0.000163	80.814734	2.2
860	1087.588292	23.119931	0.000163	68.816840	2.2
861	1027.483960	23.148393	0.000163	40.852721	2.2
862	1063.105652	23.142173	0.000163	123.411749	2.2
863	1067.080836	23.209921	0.000162	37.293931	2.1
864	1058.289059	23.223708	0.000162	58.089623	2.1
865	1067.174001	23.217053	0.000162	26.054610	2.2
866	1037.483729	23.219602	0.000162	60.638632	2.1
867	1062.953266	23.223189	0.000162	120.120036	2.0
868	1053.459669	23.221921	0.000162	82.883240	2.0
869	1039.915765	23.470484	0.000162	32.285987	2.0
870	1073.148539	23.468761	0.000162	84.185840	2.0
871	1027.407796	23.476808	0.000162	55.630827	2.0
872	1053.872969	23.467620	0.000162	58.791319	2.0
873	1062.632106	23.492033	0.000161	40.676998	1.9
874	1096.362081	23.505721	0.000161	74.863669	1.9
875	1076.833521	23.517709	0.000161	24.912096	1.8
876	1062.296925	23.524348	0.000161	47.403187	1.9
877	1064.127320	23.527551	0.000161	29.414559	1.9
878	1072.463969	23.523811	0.000161	29.031062	1.9
879	1019.116683	23.520805	0.000161	48.173549	2.1
880	1047.000431	23.526935	0.000161	39.244795	4.6
881	1044.847167	23.520615	0.000161	57.023757	4.3
882	1044.360992	23.513821	0.000161	53.455438	2.3
883	1069.340039	23.537991	0.000161	23.856860	2.3
884	1060.535956	23.537097	0.000161	27.752331	2.3
885	1072.909003	23.534982	0.000161	23.062471	2.4
886	1018.058595	23.537020	0.000161	96.162716	2.5
887	1038.835789	23.540985	0.000161	43.170894	2.5
888	1061.316594	23.567761	0.000161	44.995933	2.6
889	1057.417049	23.561410	0.000161	45.230847	2.3
890	1051.831229	23.570438	0.000161	16.815321	2.2
891	1048.139730	23.572174	0.000161	25.835326	2.2
892	1050.783518	23.573145	0.000161	52.641845	2.2
893	1064.384265	23.579469	0.000161	63.945703	2.2
894	1044.945771	23.601544	0.000161	67.783196	2.1
895	1020.362962	23.595230	0.000161	42.404414	2.0
896	1032.901922	23.595465	0.000161	19.556908	2.1
897	1070.418034	23.593560	0.000161	71.980057	2.1
898	1047.691700	23.592342	0.000161	47.415822	2.1
899	1092.032564	23.583821	0.000161	78.655268	1.9
900	1049.841071	23.575367	0.000161	56.294909	1.9
901	1054.433869	23.625200	0.000161	105.954666	1.9
902	1062.588708	23.614721	0.000161	91.464620	1.9
903	1053.963759	23.973377	0.000160	40.362135	1.9
904	1038.874866	23.997679	0.000160	71.496334	1.9
905	1065.503954	24.016772	0.000160	59.409884	1.8
906	1035.706737	24.040720	0.000159	51.592062	1.9
907	1041.233776	24.041829	0.000159	30.873178	1.9
908	1057.767345	24.041133	0.000159	38.554137	1.9
909	1112.854668	24.036919	0.000160	34.795199	1.9
910	1061.388577	24.037850	0.000159	42.856667	5.7
911	1053.809812	24.040535	0.000159	24.061642	2.0
912	1077.087445	24.042748	0.000159	93.555669	2.1
913	1068.749990	24.052133	0.000159	26.142564	2.6
914	1060.205404	24.052095	0.000159	85.667464	4.6
915	1064.725748	24.045902	0.000159	22.768409	4.5
916	1041.553142	24.042780	0.000159	60.538188	4.4
917	1058.703898	24.048044	0.000159	58.344137	4.3
918	1049.045349	24.043065	0.000159	75.114634	4.2
919	1026.386198	24.036666	0.000160	41.294337	4.0
920	1069.783497	24.034670	0.000160	29.290037	3.1
921	1063.291543	24.040490	0.000159	62.600266	2.9
922	1081.019920	24.048077	0.000159	29.510107	2.6
923	1019.563925	24.057653	0.000159	47.449521	2.6
924	1063.573891	24.053494	0.000159	91.593247	2.9
925	1078.178231	24.063333	0.000159	47.678083	3.1
926	1070.779366	24.108311	0.000159	99.575810	4.7
927	1077.090820	24.144714	0.000159	51.733617	3.7
928	1076.125624	24.144961	0.000159	60.456487	3.4
929	1008.008710	24.161374	0.000159	58.017410	3.5
930	1050.166123	24.154675	0.000159	91.432493	3.5
931	1045.980645	24.235747	0.000159	46.920157	3.4
932	1051.049104	24.273244	0.000159	56.347954	2.9
933	1099.417373	24.266063	0.000159	84.045595	2.7
934	1028.507539	24.322232	0.000158	71.211237	2.9
935	1047.263513	24.423221	0.000158	42.183192	2.6
936	1045.278312	24.415785	0.000158	68.342508	2.4
937	1044.932834	24.424593	0.000158	32.587151	3.2
938	1062.050816	24.431650	0.000158	24.509820	2.3
939	1054.341888	24.432290	0.000158	51.913373	2.3
940	1085.400316	24.437716	0.000158	88.882756	2.3
941	1040.958696	24.431678	0.000158	36.984484	2.3
942	1016.228785	24.446268	0.000158	51.988095	2.3
943	1087.682807	24.457392	0.000158	81.528444	2.3
944	1062.083571	24.472413	0.000158	15.276612	2.1
945	1002.961437	24.477030	0.000158	48.142772	2.0
946	1019.496552	24.477729	0.000158	37.456589	2.0
947	1096.673916	24.484872	0.000158	51.764267	2.0
948	1116.978215	24.486681	0.000158	81.603908	2.1
949	1077.061304	24.513413	0.000158	29.187621	1.9
950	1036.947589	24.524792	0.000158	31.764110	1.9
951	1057.930954	24.523741	0.000158	39.029171	1.9
952	1068.688055	24.520278	0.000158	23.404052	1.9
953	1033.984419	24.521327	0.000158	54.145274	1.9
954	1039.661507	24.520901	0.000158	50.430412	1.9
955	1040.948259	24.535048	0.000158	36.710272	1.9
956	1069.489856	24.534180	0.000158	50.393981	1.9
957	1039.017577	24.529920	0.000158	44.296620	1.9
958	1043.329652	24.535178	0.000158	87.496439	1.9
959	1037.111866	24.577088	0.000158	38.750975	1.8
960	1040.436865	24.572411	0.000158	82.747254	1.9
961	1065.259643	24.601908	0.000158	66.887780	1.9
962	1084.332173	24.691770	0.000157	38.937756	1.9
963	992.946330	24.686300	0.000157	88.671712	1.9
964	1071.309181	24.678166	0.000157	67.391575	1.9
965	1045.479945	24.793624	0.000157	68.625174	2.0
966	1072.697981	24.796445	0.000157	35.110494	2.0
967	1049.878209	24.803150	0.000157	76.000653	2.0
968	1066.302925	24.798054	0.000157	14.958042	1.9
969	1046.130344	24.799431	0.000157	29.673714	1.9
970	1056.356612	24.798286	0.000157	40.180252	1.8
971	1034.156233	24.795816	0.000157	51.154276	1.8
972	1019.807515	24.796449	0.000157	28.448657	1.8
973	1053.068283	24.793671	0.000157	16.942671	1.9
974	1047.940915	24.794021	0.000157	67.929082	1.9
975	1042.172452	24.793719	0.000157	57.241032	1.9
976	1039.207152	24.784893	0.000157	89.379887	1.9
977	1074.436681	24.859129	0.000157	65.519603	1.9
978	1073.903652	24.848790	0.000157	39.019372	2.6
979	1036.445321	24.845068	0.000157	19.299505	4.3
980	1080.778043	24.845378	0.000157	45.051013	4.6
981	1084.036405	24.848932	0.000157	66.655971	4.8
982	1024.279876	24.844573	0.000157	37.089513	4.7
983	1084.383377	24.844995	0.000157	49.452909	1.9
984	1050.860602	24.849560	0.000157	42.670713	1.9
985	1063.205605	24.864599	0.000157	108.667170	2.3
986	1063.427778	24.871322	0.000157	22.594865	2.4
987	1083.023479	24.876655	0.000157	76.513965	2.2
988	1058.652837	24.872111	0.000157	18.091835	2.3
989	1054.852028	24.869925	0.000157	54.548911	2.4
990	1075.338257	24.869862	0.000157	59.976260	6.5
991	1076.177561	24.881477	0.000157	51.307698	4.6
992	1059.659980	24.879363	0.000157	38.067431	4.6
993	1049.708988	24.891077	0.000157	54.887793	4.2
994	1039.358356	24.897926	0.000157	57.550220	3.8
995	1096.777258	24.926404	0.000156	40.051003	3.8
996	1009.198086	24.938401	0.000156	115.770079	3.4
997	1084.846228	24.992686	0.000156	43.540117	4.8
998	1053.244905	25.009881	0.000156	49.768679	4.5
999	1059.590337	25.014755	0.000156	130.184939	4.1
1000	1025.414835	25.150501	0.000156	49.948726	4.4
1001	1062.554081	25.263548	0.000155	84.417390	4.5
1002	1072.419177	25.296516	0.000155	136.542356	4.4
1003	1086.261919	25.730155	0.000154	46.084394	4.2
1004	1059.079628	25.723456	0.000154	76.492954	4.8
1005	1076.567023	25.720134	0.000154	41.768687	4.9
1006	1056.611777	25.718663	0.000154	23.257903	4.8
1007	1087.900955	25.721170	0.000154	59.503615	4.8
1008	1092.711663	25.726468	0.000154	59.744218	4.9
1009	1053.268579	25.718926	0.000154	72.119701	4.3
1010	1088.729778	25.747553	0.000154	114.122392	3.5
1011	1015.309759	25.737544	0.000154	51.942283	3.4
1012	1057.971344	25.833878	0.000153	38.324483	3.0
1013	1038.384128	25.846509	0.000153	54.333403	2.7
1014	1083.330258	25.850103	0.000153	116.190949	2.7
1015	1049.436028	25.840005	0.000153	34.258504	2.7
1016	1042.928340	25.842834	0.000153	55.115283	2.3
1017	1046.687376	25.839243	0.000153	30.432202	2.2
1018	1022.230118	25.847351	0.000153	71.626734	2.2
1019	1030.481109	25.851231	0.000153	38.559879	2.1
1020	1078.593044	25.844190	0.000153	84.619696	2.1
1021	1074.927115	25.836117	0.000153	17.835201	2.1
1022	1100.890318	25.842228	0.000153	85.104804	2.0
1023	1017.873007	25.837692	0.000153	25.401793	2.0
1024	1088.451839	25.848945	0.000153	23.170472	2.1
1025	1062.875795	25.850400	0.000153	107.052920	2.0
1026	1037.026558	25.847887	0.000153	98.835561	1.9
1027	1040.883222	26.235154	0.000152	14.799966	2.0
1028	1056.716896	26.233458	0.000152	42.474449	1.9
1029	1032.513094	26.231692	0.000152	50.556087	1.9
1030	1030.104522	26.243208	0.000152	31.299674	1.9
1031	1070.720719	26.249423	0.000152	16.808510	1.9
1032	1020.055954	26.248438	0.000152	29.459823	4.2
1033	1060.533473	26.247720	0.000152	106.195683	4.2
1034	1067.952585	26.274137	0.000152	45.097373	3.9
1035	1042.176220	26.338002	0.000152	22.854836	4.0
1036	1087.726865	26.342485	0.000152	42.785707	4.5
1037	1062.074765	26.346476	0.000152	48.306475	4.3
1038	1053.985826	26.343350	0.000152	31.505729	2.9
1039	1059.535568	26.338866	0.000152	45.049879	3.4
1040	1087.211553	26.343943	0.000152	53.192503	4.1
1041	1040.507416	26.336776	0.000152	47.288601	4.4
1042	1070.766223	26.331660	0.000152	33.172439	4.3
1043	1050.761548	26.335320	0.000152	77.270895	4.0
1044	1059.834471	26.337990	0.000152	30.397033	3.3
1045	1072.155883	26.348850	0.000152	82.875249	3.4
1046	1065.521740	26.341716	0.000152	16.393377	3.4
1047	1101.182904	26.338669	0.000152	27.980649	2.6
1048	1060.484870	26.339674	0.000152	34.046434	2.4
1049	1090.060413	26.338535	0.000152	32.432338	2.5
1050	1052.909770	26.337732	0.000152	59.539495	2.5
1051	1026.868157	26.331996	0.000152	58.574391	2.6
1052	1021.432802	26.353391	0.000152	62.291469	4.9
1053	1012.838942	26.344576	0.000152	31.813163	4.4
1054	1053.870929	26.341093	0.000152	56.716276	4.5
1055	1052.457047	26.352538	0.000152	84.315514	3.9
1056	1049.369919	26.342923	0.000152	24.696766	3.2
1057	1059.994670	26.342208	0.000152	100.807274	3.4
1058	1047.474825	26.351645	0.000152	72.176173	3.1
1059	1041.296339	26.466743	0.000151	80.230255	3.3
1060	1046.741337	26.534426	0.000151	45.595111	2.8
1061	1019.352653	26.540018	0.000151	44.841048	2.8
1062	1073.459639	26.539166	0.000151	16.520223	2.4
1063	1047.950465	26.538335	0.000151	43.808180	2.3
1064	1028.343648	26.539453	0.000151	25.689470	2.4
1065	1053.643954	26.544744	0.000151	81.087310	3.9
1066	1074.850902	26.538381	0.000151	42.060669	2.4
1067	1049.185575	26.557045	0.000151	35.811574	2.4
1068	1003.912578	26.558043	0.000151	64.906517	2.4
1069	1024.757110	26.551112	0.000151	40.921960	2.4
1070	1024.159357	26.544487	0.000151	74.922916	2.3
1071	1071.769600	26.553828	0.000151	36.927136	2.3
1072	1057.656675	26.548889	0.000151	74.104904	2.4
1073	1041.209143	26.568850	0.000151	31.128244	2.3
1074	1083.874805	26.566175	0.000151	111.863877	2.1
1075	1071.812669	26.583335	0.000151	66.692055	2.1
1076	1048.311950	26.727079	0.000151	55.234339	2.0
1077	990.338598	26.718310	0.000151	80.220321	2.0
1078	1061.350667	26.723592	0.000151	97.750049	2.0
1079	1028.230958	26.779626	0.000150	73.323242	2.0
1080	1030.840939	26.769234	0.000150	71.875027	2.0
1081	1055.138235	26.852595	0.000150	42.651479	2.1
1082	1095.689996	26.877222	0.000150	58.941530	2.1
1083	1096.586678	26.879419	0.000150	38.397914	2.0
1084	1108.263260	26.873160	0.000150	138.272023	1.9
1085	1068.631486	26.880088	0.000150	63.736080	1.9
1086	1049.409422	26.869297	0.000150	48.329776	2.0
1087	1014.869175	26.876949	0.000150	53.011002	1.9
1088	1019.589705	26.877763	0.000150	76.926466	1.9
1089	1052.616491	26.905220	0.000150	24.442293	1.9
1090	1060.123511	26.911640	0.000150	139.767176	2.0
1091	1058.988708	26.907832	0.000150	28.980025	2.1
1092	1072.819795	26.929416	0.000150	56.106543	4.6
1093	1045.757042	26.933908	0.000150	42.851507	4.7
1094	1016.291697	26.926653	0.000150	111.070432	4.6
1095	1033.120901	26.921399	0.000150	52.423129	3.3
1096	1025.167809	26.912825	0.000150	16.275994	2.5
1097	1020.443312	26.911158	0.000150	85.772347	2.5
1098	1052.811668	26.909581	0.000150	59.247498	2.7
1099	1036.437511	26.937975	0.000150	80.261922	2.9
1100	1033.519546	26.929292	0.000150	55.875798	2.8
1101	1051.248111	26.983265	0.000150	66.545227	3.0
1102	1032.284132	26.992897	0.000150	98.895855	4.5
1103	1039.080574	27.033542	0.000150	35.738636	4.5
1104	1081.502494	27.027535	0.000150	50.596753	3.3
1105	1056.617855	27.034042	0.000150	34.288212	3.4
1106	1088.156411	27.039747	0.000150	36.401791	3.3
1107	1041.122464	27.043675	0.000150	19.702461	3.5
1108	1100.856690	27.040861	0.000150	19.415765	3.5
1109	1025.602082	27.039896	0.000150	27.337633	3.5
1110	1029.019720	27.037943	0.000150	45.873751	3.1
1111	1035.442749	27.037665	0.000150	41.099417	3.1
1112	1096.495918	27.035411	0.000150	76.856250	3.1
1113	1064.690870	27.044603	0.000150	55.025780	2.6
1114	1020.895782	27.042277	0.000150	21.797218	2.6
1115	1048.136666	27.046365	0.000150	57.536769	2.5
1116	1041.259963	27.041605	0.000150	39.316540	2.5
1117	1038.157809	27.051048	0.000149	37.103211	2.2
1118	1064.625889	27.056115	0.000149	85.990963	2.2
1119	1037.950426	27.048439	0.000150	32.726640	2.2
1120	1093.995710	27.064831	0.000149	44.738126	2.3
1121	1112.584895	27.060260	0.000149	69.109407	2.3
1122	1061.560846	27.051908	0.000149	37.432763	2.4
1123	1063.138884	27.044640	0.000150	126.890273	2.3
1124	1012.655540	27.089653	0.000149	64.050682	2.3
1125	1028.207719	27.208465	0.000149	33.414127	2.2
1126	1082.989968	27.215645	0.000149	106.572391	2.0
1127	1064.440598	27.209182	0.000149	65.344106	1.9
1128	1049.583796	27.314546	0.000149	61.236213	2.1
1129	1041.967336	27.305279	0.000149	42.704354	1.9
1130	1002.968868	27.326413	0.000149	23.525561	2.2
1131	1039.150573	27.323127	0.000149	78.719853	6.7
1132	1058.811050	27.329288	0.000149	42.058792	4.4
1133	1085.717331	27.356932	0.000149	44.611932	4.3
1134	1054.697048	27.351793	0.000149	57.035323	2.0
1135	1066.466545	27.357190	0.000149	48.005537	2.0
1136	1063.153048	27.369206	0.000149	79.912708	3.2
1137	1047.952914	27.403766	0.000148	93.058764	2.3
1138	1127.605388	27.548223	0.000148	52.254111	2.2
1139	1064.631638	27.538195	0.000148	21.596954	2.3
1140	1075.334335	27.541686	0.000148	33.761731	2.4
1141	1040.349920	27.543397	0.000148	74.614048	2.4
1142	1010.948630	27.550097	0.000148	17.245802	2.5
1143	1068.739493	27.546191	0.000148	34.802413	2.5
1144	1011.987402	27.548074	0.000148	43.933478	2.4
1145	1041.702195	27.542855	0.000148	93.698992	2.0
1146	1079.692890	27.586515	0.000148	65.589288	2.1
1147	1022.385759	27.707413	0.000147	63.917729	3.1
1148	1010.807869	27.751782	0.000147	86.689387	4.6
1149	1028.359708	27.834734	0.000147	17.020887	4.4
1150	1079.446367	27.831395	0.000147	30.184390	4.3
1151	1034.906503	27.831388	0.000147	16.918789	2.4
1152	1057.192987	27.829985	0.000147	59.990219	2.5
1153	1059.161416	27.826357	0.000147	64.946885	4.6
1154	1019.652324	27.823498	0.000147	106.048853	4.7
1155	1035.681858	27.970498	0.000147	66.134577	4.7
1156	1067.317339	28.102121	0.000146	50.146358	4.0
1157	1049.246728	28.106742	0.000146	59.140547	3.5
1158	1018.249649	28.130685	0.000146	69.240668	3.8
1159	1033.452632	28.126040	0.000146	92.552090	3.8
1160	1059.241663	28.190974	0.000146	64.542538	3.7
1161	1074.805373	28.286318	0.000146	97.963251	2.9
1162	1068.049809	28.278455	0.000146	51.218443	2.8
1163	1073.954771	28.274653	0.000146	44.335039	2.9
1164	1011.014717	28.278614	0.000146	39.267352	2.6
1165	1069.145912	28.276341	0.000146	32.169745	2.4
1166	1024.049485	28.274492	0.000146	56.241700	2.5
1167	997.217418	28.282636	0.000146	60.530361	2.4
1168	1073.130352	28.302335	0.000146	24.639388	2.6
1169	1037.121249	28.298990	0.000146	19.047593	2.5
1170	1050.047596	28.300611	0.000146	37.496966	2.5
1171	1042.011286	28.302659	0.000146	18.354264	2.5
1172	1145.833118	28.300780	0.000146	87.853892	2.2
1173	1048.140824	28.304525	0.000146	34.676969	2.2
1174	1050.510483	28.304741	0.000146	55.418189	2.4
1175	1054.594437	28.318222	0.000146	79.300361	4.6
1176	1028.393091	28.364339	0.000146	48.329246	4.7
1177	1059.916407	28.375839	0.000145	52.037253	4.6
1178	1046.542753	28.396319	0.000145	61.680742	3.4
1179	1001.235696	28.410365	0.000145	65.041388	3.4
1180	1054.360951	28.401157	0.000145	61.358115	3.8
1181	1071.797219	28.449023	0.000145	28.785065	4.5
1182	1009.138238	28.446104	0.000145	73.735839	4.4
1183	1042.386657	28.459928	0.000145	25.756908	3.3
1184	1078.817280	28.468221	0.000145	17.966718	3.2
1185	1059.244730	28.469386	0.000145	44.950902	3.4
1186	978.721387	28.471074	0.000145	49.056473	2.8
1187	1046.015474	28.482950	0.000145	22.907084	2.9
1188	1065.043977	28.488367	0.000145	37.363295	3.1
1189	1068.431885	28.485009	0.000145	82.662726	2.7
1190	1074.034037	28.477220	0.000145	92.771534	2.5
1191	1005.025430	28.689925	0.000145	52.789580	2.6
1192	1066.150351	28.744686	0.000144	27.087131	2.5
1193	1038.012333	28.740403	0.000144	78.852147	2.5
1194	1063.502520	28.742064	0.000144	74.579654	2.7
1195	1088.620013	28.849874	0.000144	17.132726	2.7
1196	1038.572090	28.853951	0.000144	35.468812	2.7
1197	1051.601885	28.854916	0.000144	29.592448	2.5
1198	1040.903288	28.853057	0.000144	27.805931	2.5
1199	1070.319451	28.853168	0.000144	58.439907	3.3
1200	1046.556314	28.855732	0.000144	110.617300	3.3
1201	1050.586847	28.871585	0.000144	21.839716	2.5
1202	1036.159511	28.887392	0.000144	78.169713	2.5
1203	1068.472849	28.897091	0.000144	100.248588	2.5
1204	1046.264637	28.920983	0.000144	39.432756	2.6
1205	1102.732609	28.950455	0.000144	87.335590	2.2
1206	1082.883181	28.980946	0.000144	28.926488	2.3
1207	1007.424570	28.987927	0.000144	96.784644	2.4
1208	1001.504846	28.980224	0.000144	73.026239	2.2
1209	1057.823671	28.971703	0.000144	36.074962	1.9
1210	1031.270769	28.964447	0.000144	81.894633	1.9
1211	1052.521200	28.956953	0.000144	42.849563	1.9
1212	1025.574286	28.982567	0.000144	32.653682	1.9
1213	1036.248046	28.978039	0.000144	51.089600	1.9
1214	1043.363497	28.973655	0.000144	155.225959	1.9
1215	1024.489890	28.979928	0.000144	51.246331	1.9
1216	1055.494038	28.970809	0.000144	41.053764	2.0
1217	1092.694178	28.976267	0.000144	76.544659	1.9
1218	1019.745443	28.994890	0.000144	17.591821	1.9
1219	1030.380837	28.996850	0.000144	55.211365	1.9
1220	1042.402194	28.996502	0.000144	40.448603	2.0
1221	1089.151080	29.006494	0.000144	62.333643	1.9
1222	1044.953003	29.026584	0.000144	68.166728	2.1
1223	1096.326778	29.031433	0.000144	103.967259	4.5
1224	1088.137177	29.021686	0.000144	73.432544	4.1
1225	1059.931728	29.212911	0.000143	17.789954	2.0
1226	1044.651775	29.213554	0.000143	58.491707	2.0
1227	1096.587487	29.211380	0.000143	52.479744	2.4
1228	1034.020368	29.225650	0.000143	90.037024	2.4
1229	1054.682247	29.223976	0.000143	75.912383	2.4
1230	1076.079275	29.352296	0.000143	55.589586	2.4
1231	1024.282906	29.347469	0.000143	44.957133	2.1
1232	1017.796996	29.351003	0.000143	28.398686	1.9
1233	1068.622708	29.346739	0.000143	12.419927	1.9
1234	1040.367340	29.347505	0.000143	56.102325	1.9
1235	1003.240255	29.349291	0.000143	81.126756	1.9
1236	1048.379140	29.344324	0.000143	41.448695	1.9
1237	1037.170558	29.371025	0.000143	45.370218	1.9
1238	1061.519367	29.378454	0.000143	55.578596	1.9
1239	1060.437979	29.373117	0.000143	47.824612	1.8
1240	1071.994935	29.377067	0.000143	96.038021	1.9
1241	1066.549801	29.372914	0.000143	37.526203	1.9
1242	1025.264573	29.371978	0.000143	97.086051	1.9
1243	1098.252777	29.372188	0.000143	18.161367	1.9
1244	1055.658140	29.369413	0.000143	28.433809	1.9
1245	1038.231624	29.370866	0.000143	27.212740	1.9
1246	1029.186784	29.373727	0.000143	33.471719	1.9
1247	1031.599647	29.378093	0.000143	32.619472	1.9
1248	1047.310723	29.381959	0.000143	59.707214	1.9
1249	1022.144012	29.380124	0.000143	8.561258	1.8
1250	1060.897978	29.380119	0.000143	79.063805	1.9
1251	1011.955174	29.379682	0.000143	33.908990	1.8
1252	1048.711415	29.391111	0.000143	86.406967	1.9
1253	1009.263932	29.383101	0.000143	78.332880	1.9
1254	1041.313817	29.375068	0.000143	69.711773	1.8
1255	1035.905919	29.368600	0.000143	34.494372	1.9
1256	1080.550439	29.362268	0.000143	25.079945	1.8
1257	1044.946598	29.363612	0.000143	13.864280	1.8
1258	1098.071773	29.363659	0.000143	28.615002	1.9
1259	1073.506401	29.364030	0.000143	73.768357	3.3
1260	1084.952137	29.368232	0.000143	20.350951	4.5
1261	1051.288922	29.365409	0.000143	97.270560	4.5
1262	1032.838807	29.373745	0.000143	84.882521	4.6
1263	1026.024712	29.365819	0.000143	53.458201	3.8
1264	1064.863108	29.420585	0.000142	31.869028	2.8
1265	1057.767981	29.422530	0.000142	53.982546	2.8
1266	1074.676445	29.417946	0.000142	31.413454	3.0
1267	1043.229726	29.413105	0.000142	99.716511	2.9
1268	1024.882668	29.418743	0.000142	50.230296	2.9
1269	1051.853012	29.420974	0.000142	10.341542	2.8
1270	1052.899101	29.421753	0.000142	35.639597	2.5
1271	1075.448943	29.420608	0.000142	41.162130	2.2
1272	1044.496819	29.418951	0.000142	29.672568	2.2
1273	1044.909530	29.422941	0.000142	58.641432	4.3
1274	1067.262654	29.422447	0.000142	46.978325	2.7
1275	1059.747796	29.418064	0.000142	52.522555	4.7
1276	1043.611827	29.414125	0.000142	40.508117	4.7
1277	1053.314538	29.418269	0.000142	107.316576	4.2
1278	1036.024380	29.432082	0.000142	46.478117	5.1
1279	1061.588221	29.426104	0.000142	17.994772	4.2
1280	1082.628220	29.425595	0.000142	32.142050	4.2
1281	1108.069231	29.423487	0.000142	45.639333	4.1
1282	1011.423299	29.425403	0.000142	23.499338	4.0
1283	1059.492597	29.430015	0.000142	69.694919	4.2
1284	1025.557019	29.426547	0.000142	68.973352	4.2
1285	1104.000940	29.420510	0.000142	43.702402	3.8
1286	1051.910845	29.445576	0.000142	62.317584	3.1
1287	1059.876049	29.439321	0.000142	80.363867	3.1
1288	1060.816009	29.479491	0.000142	52.014614	3.1
1289	1075.521078	29.507052	0.000142	19.148668	2.5
1290	1079.033063	29.505661	0.000142	11.329241	2.5
1291	1063.146107	29.505533	0.000142	41.799678	2.6
1292	1043.749440	29.504047	0.000142	64.348907	2.5
1293	1043.415549	29.507311	0.000142	30.237878	2.2
1294	1076.050680	29.505199	0.000142	34.029677	2.2
1295	1061.110300	29.503489	0.000142	52.875595	2.2
1296	1060.029877	29.498204	0.000142	12.197604	2.2
1297	1038.834588	29.499927	0.000142	83.914434	2.1
1298	1021.073167	29.502226	0.000142	18.170618	2.3
1299	1096.144603	29.501995	0.000142	101.893099	2.4
1300	1022.704952	29.501578	0.000142	47.769533	4.6
1301	1042.699041	29.499731	0.000142	50.880428	4.3
1302	1048.845767	29.505050	0.000142	38.222149	4.2
1303	1071.778834	29.503444	0.000142	36.340988	3.6
1304	1084.633068	29.504017	0.000142	95.880903	3.5
1305	1017.388173	29.520843	0.000142	58.154136	3.6
1306	1033.832458	29.510532	0.000142	63.689846	4.6
1307	1068.025274	29.528649	0.000142	56.008576	4.5
1308	1065.527972	29.530754	0.000142	77.609834	4.4
1309	1035.746473	29.542763	0.000142	45.291097	4.4
1310	1055.407842	29.537413	0.000142	71.933316	3.6
1311	1051.179791	29.529855	0.000142	46.860619	3.3
1312	1031.839792	29.531568	0.000142	23.975795	3.4
1313	1063.555346	29.530015	0.000142	64.156891	2.8
1314	1075.167266	29.525919	0.000142	42.169182	2.7
1315	1024.275058	29.519058	0.000142	22.959300	2.7
1316	1039.271590	29.518075	0.000142	52.718759	2.7
1317	1038.457362	29.516595	0.000142	21.039187	2.3
1318	1079.240534	29.517046	0.000142	39.644836	2.3
1319	1041.276415	29.514137	0.000142	76.430803	4.6
1320	1034.835291	29.542230	0.000142	79.600982	4.7
1321	1012.872452	29.634495	0.000142	55.034798	4.8
1322	1057.193488	29.629184	0.000142	55.159666	4.8
1323	1045.749366	29.624355	0.000142	49.362250	4.7
1324	1077.003872	29.637496	0.000142	61.922902	3.8
1325	1026.141627	29.629366	0.000142	18.169973	3.5
1326	1040.098001	29.629155	0.000142	93.799841	3.7
1327	1059.451149	29.628806	0.000142	62.256964	4.4
1328	1072.526968	29.730512	0.000142	30.225551	4.3
1329	1030.808426	29.738265	0.000142	78.698480	3.7
1330	997.442095	29.756824	0.000142	54.881492	4.0
1331	1044.365714	29.748884	0.000142	28.281215	3.3
1332	1041.994952	29.743636	0.000142	20.810704	2.7
1333	1064.423028	29.745421	0.000142	99.162295	2.7
1334	1039.988374	29.757299	0.000142	56.247114	2.8
1335	1047.435861	29.795506	0.000141	28.680981	2.8
1336	1056.840269	29.805945	0.000141	89.815965	2.2
1337	1029.493124	29.800535	0.000141	75.709898	2.1
1338	1056.565055	29.918841	0.000141	10.096492	2.3
1339	1080.623161	29.920668	0.000141	42.101422	2.2
1340	1065.400262	29.919803	0.000141	11.997765	2.1
1341	1084.978517	29.920322	0.000141	35.685036	2.0
1342	1060.389791	29.920196	0.000141	57.420078	1.9
1343	1031.949704	29.927319	0.000141	4.601483	2.4
1344	1043.774930	29.927341	0.000141	54.301828	2.0
1345	1038.333918	29.927789	0.000141	42.686034	2.0
1346	1088.062330	29.927043	0.000141	62.669754	2.0
1347	1031.534576	29.922913	0.000141	71.717271	1.9
1348	1111.031326	29.927784	0.000141	33.985926	2.0
1349	1078.205110	29.921323	0.000141	62.005027	2.3
1350	1031.893312	29.936766	0.000141	68.385679	2.6
1351	1031.832056	29.938068	0.000141	33.864274	2.5
1352	1054.197773	29.952502	0.000141	79.579025	2.5
1353	1051.168387	29.953293	0.000141	42.872548	2.7
1354	1031.741970	29.962694	0.000141	46.815262	2.8
1355	1098.508289	29.957578	0.000141	71.492661	4.5
1356	1025.955836	29.984802	0.000141	9.135093	4.2
1357	1063.635943	29.982713	0.000141	62.954413	4.2
1358	1062.766108	29.981484	0.000141	39.126522	4.2
1359	1033.289657	29.983427	0.000141	38.676981	3.2
1360	1074.338178	29.993313	0.000141	16.532682	3.1
1361	1023.540719	29.992696	0.000141	52.149774	3.1
1362	1040.540026	29.992817	0.000141	44.325094	2.8
1363	1071.760357	29.995453	0.000141	23.982599	2.5
1364	1037.892951	29.995888	0.000141	43.647305	2.5
1365	1074.423416	30.000647	0.000141	27.364483	2.5
1366	1051.665188	30.000724	0.000141	30.894278	2.3
1367	1076.303656	30.002034	0.000141	97.105725	2.1
1368	1087.488734	29.996179	0.000141	76.692256	2.1
1369	1035.654043	29.986265	0.000141	24.216281	2.2
1370	1029.646339	29.991244	0.000141	56.425690	2.2
1371	1055.367097	29.991479	0.000141	34.139514	2.0
1372	1017.894526	29.987694	0.000141	21.871150	2.0
1373	1033.528174	29.985531	0.000141	69.481959	1.9
1374	1051.472036	29.981612	0.000141	59.876179	2.0
1375	1001.765831	30.018893	0.000141	71.380036	1.9
1376	1042.126934	30.051891	0.000141	45.511948	1.9
1377	1046.505442	30.068113	0.000141	83.660154	1.9
1378	992.870303	30.110825	0.000141	54.875936	1.9
1379	1037.711165	30.128275	0.000140	43.737943	1.9
1380	1061.599026	30.128164	0.000140	38.360747	1.9
1381	1026.688104	30.132989	0.000140	55.232079	1.9
1382	1060.279616	30.130064	0.000140	24.759577	1.9
1383	1042.591897	30.132527	0.000140	30.517946	1.9
1384	1085.337660	30.129825	0.000140	87.220296	1.9
1385	1031.666614	30.146110	0.000140	47.931074	1.9
1386	1050.736398	30.162009	0.000140	90.630515	1.9
1387	1066.801839	30.197975	0.000140	51.478114	1.9
1388	1064.832795	30.233152	0.000140	39.159019	1.9
1389	1044.258945	30.239627	0.000140	18.178639	1.9
1390	1032.341505	30.238547	0.000140	12.715893	1.9
1391	1048.436964	30.239124	0.000140	48.222952	1.9
1392	1085.485360	30.241668	0.000140	47.036420	1.8
1393	1074.942254	30.235666	0.000140	45.619462	1.9
1394	1056.571495	30.249562	0.000140	49.582094	1.9
1395	1075.823085	30.251835	0.000140	21.327062	2.1
1396	1059.112031	30.257105	0.000140	44.054470	3.3
1397	1028.938285	30.254414	0.000140	16.105215	1.9
1398	1086.783658	30.253940	0.000140	37.841378	1.9
1399	1029.490908	30.255853	0.000140	58.997945	2.0
1400	1064.716729	30.252078	0.000140	51.416042	1.9
1401	1049.752936	30.261777	0.000140	40.149512	2.0
1402	1045.910907	30.261228	0.000140	25.894931	2.1
1403	1093.461023	30.260330	0.000140	32.909421	3.9
1404	1037.741827	30.258097	0.000140	25.718971	1.9
1405	1040.285395	30.257497	0.000140	31.270228	2.2
1406	1043.540118	30.260177	0.000140	35.700550	2.3
1407	1032.872978	30.262268	0.000140	75.707809	2.3
1408	1035.815695	30.255295	0.000140	43.846736	2.4
1409	1052.279257	30.276260	0.000140	50.063790	2.2
1410	1064.888682	30.270883	0.000140	100.423532	1.9
1411	1060.018503	30.264322	0.000140	30.328413	2.0
1412	1050.600741	30.277990	0.000140	83.559307	2.2
1413	1097.128999	30.296403	0.000140	34.073743	1.8
1414	1047.009541	30.297926	0.000140	26.751828	1.9
1415	1034.854527	30.298663	0.000140	38.386185	1.8
1416	1000.528406	30.302641	0.000140	60.230713	1.8
1417	1094.463173	30.303478	0.000140	19.118296	2.1
1418	1060.445412	30.307809	0.000140	99.473280	1.9
1419	1065.209062	30.306176	0.000140	94.748060	1.9
1420	1012.504587	30.296479	0.000140	39.477216	2.1
1421	1022.325309	30.289790	0.000140	45.907425	4.4
1422	1039.313682	30.285155	0.000140	28.609439	2.1
1423	1105.779625	30.290292	0.000140	38.713008	2.4
1424	1062.471930	30.286090	0.000140	68.520923	2.3
1425	1048.865420	30.278387	0.000140	20.968757	2.3
1426	1036.583046	30.280090	0.000140	61.585165	2.7
1427	1058.608586	30.278753	0.000140	42.237399	4.3
1428	1029.171831	30.272693	0.000140	53.616168	4.2
1429	1035.945275	30.275925	0.000140	87.587718	4.2
1430	1036.489557	30.267517	0.000140	20.438732	3.0
1431	1029.338832	30.263533	0.000140	66.961012	3.0
1432	1054.269462	30.260575	0.000140	36.526719	3.2
1433	1050.762302	30.254296	0.000140	86.626938	3.5
1434	1071.430024	30.279759	0.000140	50.122843	2.7
1435	1043.643619	30.295329	0.000140	110.648673	2.7
1436	1077.264268	30.377567	0.000140	115.140041	2.6
1437	1036.331250	30.371063	0.000140	55.239442	2.6
1438	1039.787836	30.370588	0.000140	28.132729	2.6
1439	1039.910073	30.367343	0.000140	25.161576	2.6
1440	1005.123210	30.366117	0.000140	73.144329	2.6
1441	1036.491967	30.375269	0.000140	50.684657	2.6
1442	1067.623608	30.411138	0.000140	64.874718	2.6
1443	1043.806672	30.410913	0.000140	67.225425	2.6
1444	993.157198	30.463227	0.000140	36.032798	2.0
1445	1036.407802	30.482447	0.000140	62.311155	2.1
1446	1019.414440	30.486661	0.000140	86.644617	2.1
1447	1105.427298	30.480956	0.000140	26.841700	2.0
1448	1065.757428	30.490367	0.000140	67.243221	2.0
1449	1049.071418	30.499025	0.000139	108.693187	1.9
1450	1034.435688	30.596394	0.000139	37.097991	1.9
1451	1059.221973	30.640390	0.000139	48.097971	1.9
1452	1068.839486	30.649623	0.000139	32.777940	1.9
1453	1101.691415	30.649059	0.000139	61.372439	1.9
1454	1082.577990	30.645570	0.000139	15.431232	1.9
1455	1033.357350	30.647308	0.000139	99.658127	1.9
1456	1066.132737	30.648841	0.000139	25.595370	1.9
1457	1057.282042	30.643867	0.000139	53.317504	1.8
1458	1025.994591	30.641831	0.000139	28.782760	1.9
1459	1022.681911	30.637077	0.000139	56.131485	2.0
1460	1075.261990	30.635730	0.000139	55.082921	2.0
1461	1016.479701	30.632495	0.000139	43.390427	2.2
1462	1044.824496	30.625569	0.000139	131.196769	2.1
1463	1031.809728	30.728010	0.000139	32.562309	2.1
1464	1074.414288	30.745825	0.000139	54.986118	1.9
1465	1079.868573	30.740831	0.000139	54.517778	1.9
1466	1041.905922	30.761899	0.000139	81.632097	1.9
1467	1053.925784	30.777069	0.000139	90.605755	1.8
1468	1039.898955	30.855392	0.000139	39.533992	1.9
1469	1028.970630	30.849058	0.000139	92.388923	1.9
1470	1043.159141	30.860669	0.000139	46.461926	1.8
1471	1059.273549	30.887407	0.000138	26.945080	1.8
1472	1044.196653	30.887542	0.000138	27.664542	1.8
1473	1034.001087	30.886056	0.000138	13.281394	1.9
1474	1065.055726	30.885825	0.000138	53.742158	1.8
1475	1028.592559	30.886384	0.000138	23.473350	1.9
1476	1061.301817	30.888762	0.000138	100.010750	1.8
1477	1041.831523	30.900989	0.000138	29.623313	1.8
1478	985.958117	30.919230	0.000138	39.938249	1.9
1479	1109.024442	30.915869	0.000138	96.694332	1.8
1480	1047.154448	30.957738	0.000138	51.474178	2.0
1481	1041.127473	30.947823	0.000138	20.491659	2.0
1482	1087.803895	30.946596	0.000138	86.283503	2.0
1483	1037.308133	30.944576	0.000138	61.603579	2.0
1484	1042.711759	30.934807	0.000138	40.882100	2.1
1485	1049.400068	30.927662	0.000138	16.337649	1.9
1486	1048.141075	30.925869	0.000138	54.344414	6.0
1487	1022.098504	30.927077	0.000138	47.748754	4.4
1488	1068.483737	30.934860	0.000138	13.114408	3.9
1489	1063.296153	30.933838	0.000138	11.285942	4.6
1490	1088.683124	30.934214	0.000138	65.969948	4.5
1491	1048.011776	30.932240	0.000138	58.982440	4.2
1492	1056.240148	30.941787	0.000138	47.186996	3.2
1493	1017.619488	30.948561	0.000138	63.817699	3.1
1494	1026.731028	30.974750	0.000138	74.272725	3.1
1495	1078.463826	30.967657	0.000138	21.224019	2.9
1496	1085.337845	30.966910	0.000138	79.174244	2.4
1497	1043.863137	30.965516	0.000138	43.438610	2.4
1498	1039.320511	30.977235	0.000138	31.946266	2.6
1499	1038.946462	30.979846	0.000138	102.054782	2.3
1500	1069.698580	30.975934	0.000138	8.988820	2.0
1501	1082.422610	30.974712	0.000138	53.286012	2.0
1502	1051.814645	30.975307	0.000138	35.675645	2.0
1503	1067.540921	30.988792	0.000138	19.832461	3.7
1504	1014.764904	30.989246	0.000138	30.136741	2.2
1505	1056.434977	30.990777	0.000138	52.705293	2.2
1506	1061.506496	31.000450	0.000138	70.819518	2.2
1507	1063.606489	30.991386	0.000138	52.336963	2.2
1508	1056.641596	30.983867	0.000138	13.750061	2.9
1509	1056.546709	30.982275	0.000138	62.396819	2.3
1510	1069.255018	30.982800	0.000138	122.234417	2.2
1511	1046.634923	30.972426	0.000138	105.868615	2.2
1512	1031.098853	31.095029	0.000138	92.537847	2.6
1513	1077.853191	31.083771	0.000138	23.346257	2.4
1514	1048.988024	31.095806	0.000138	58.404026	2.1
1515	1093.057382	31.094218	0.000138	27.982195	2.1
1516	1054.591854	31.089954	0.000138	93.165685	2.2
1517	1075.138305	31.084157	0.000138	77.632940	2.7
1518	1006.590978	31.073743	0.000138	83.644206	3.0
1519	1087.471975	31.102884	0.000138	57.006996	2.3
1520	1045.996096	31.096894	0.000138	41.707797	2.3
1521	1047.839507	31.090330	0.000138	102.006187	2.2
1522	1022.605928	31.084389	0.000138	71.605879	2.1
1523	1058.842087	31.114669	0.000138	100.419099	2.1
1524	1074.089483	31.154618	0.000138	44.253356	2.4
1525	1040.800594	31.144966	0.000138	38.681427	2.3
1526	1032.283830	31.139626	0.000138	34.719495	3.4
1527	1028.057612	31.137185	0.000138	49.952378	3.4
1528	1052.288372	31.141519	0.000138	57.743072	3.2
1529	1048.942931	31.135928	0.000138	14.232994	3.1
1530	1106.942612	31.135190	0.000138	43.263328	3.3
1531	1083.667640	31.135253	0.000138	63.260883	2.6
1532	1046.717240	31.152988	0.000138	23.128001	2.4
1533	1080.772866	31.151654	0.000138	64.587444	2.5
1534	1055.177560	31.154674	0.000138	26.947563	2.4
1535	1010.371213	31.159390	0.000138	19.188147	2.2
1536	1038.679312	31.157822	0.000138	94.164889	2.2
1537	1034.330541	31.164925	0.000138	61.175189	2.1
1538	1071.155699	31.261960	0.000137	49.113630	2.2
1539	1038.150320	31.254811	0.000137	46.819539	2.2
1540	1058.646024	31.250085	0.000137	79.593155	2.0
1541	997.532803	31.251206	0.000137	55.015580	1.9
1542	1046.433786	31.243399	0.000138	90.673378	1.9
1543	1065.925440	31.316260	0.000137	40.169857	1.9
1544	1012.497678	31.322081	0.000137	48.535698	1.9
1545	1021.523892	31.331303	0.000137	20.954492	1.9
1546	1046.843519	31.333930	0.000137	18.006211	1.9
1547	1055.603268	31.334640	0.000137	61.277558	1.8
1548	971.522239	31.331080	0.000137	65.916806	1.9
1549	1049.579453	31.378511	0.000137	59.055593	1.9
1550	1045.668770	31.369724	0.000137	115.644539	1.9
1551	1007.584294	31.512154	0.000137	30.868694	1.9
1552	1035.896483	31.509453	0.000137	35.611929	1.9
1553	1048.257189	31.515655	0.000137	85.796091	1.9
1554	1048.887728	31.511106	0.000137	46.963379	1.8
1555	1033.725041	31.512498	0.000137	83.640512	1.9
1556	1038.119612	31.530459	0.000137	22.470894	1.9
1557	1100.594953	31.534700	0.000137	71.588043	1.9
1558	1042.223942	31.540798	0.000137	40.338846	1.8
1559	1058.217905	31.536346	0.000137	51.250917	1.9
1560	1032.030212	31.532835	0.000137	39.816285	1.9
1561	1039.853995	31.526765	0.000137	81.088848	1.8
1562	1059.030797	31.519663	0.000137	80.747112	2.0
1563	1033.219954	31.536096	0.000137	56.805531	1.9
1564	1014.425012	31.542371	0.000137	85.081337	1.8
1565	1061.714998	31.576494	0.000137	60.625609	1.8
1566	1088.413246	31.566410	0.000137	26.417528	1.8
1567	1057.820004	31.564725	0.000137	60.473347	1.9
1568	1037.819214	31.570055	0.000137	56.651541	1.9
1569	1037.232981	31.562145	0.000137	58.406426	1.9
1570	1047.019690	31.595862	0.000137	25.240041	1.8
1571	1044.936246	31.602039	0.000137	55.684838	1.9
1572	1031.839484	31.607440	0.000137	51.015362	1.9
1573	1025.138384	31.601906	0.000137	50.826821	1.9
1574	1067.358414	31.622144	0.000137	48.961941	2.0
1575	1068.567216	31.631564	0.000136	43.258009	1.9
1576	1070.206895	31.627520	0.000136	23.968264	1.9
1577	1039.595389	31.628093	0.000136	72.588041	1.9
1578	1045.517984	31.634837	0.000136	50.010706	1.8
1579	1071.040285	31.626620	0.000136	82.831818	1.8
1580	1026.659219	31.619197	0.000137	65.934963	1.9
1581	1046.443450	31.673308	0.000136	81.177229	1.8
1582	1035.528275	31.663142	0.000136	77.458326	1.8
1583	1011.351800	31.653250	0.000136	51.127883	1.9
1584	1051.108089	31.680358	0.000136	59.623139	1.9
1585	1004.319427	31.672145	0.000136	98.236018	1.8
1586	1068.932280	31.668230	0.000136	40.864319	1.9
1587	1058.009237	31.662996	0.000136	56.129780	2.1
1588	1065.603567	31.667652	0.000136	17.282408	4.4
1589	1072.647400	31.667167	0.000136	23.045236	4.3
1590	1034.837626	31.667704	0.000136	51.923548	3.5
1591	1105.261516	31.663450	0.000136	59.109036	3.2
1592	1047.584695	31.656750	0.000136	12.371993	3.3
1593	1030.452075	31.653928	0.000136	85.634745	5.0
1594	1089.335125	31.659894	0.000136	23.059342	4.6
1595	1070.276242	31.673551	0.000136	56.810829	3.8
1596	1053.813263	31.676448	0.000136	32.218948	3.4
1597	1044.662439	31.672160	0.000136	85.979183	3.4
1598	1043.178200	31.691889	0.000136	25.588480	3.8
1599	1072.963369	31.696894	0.000136	100.265766	3.7
1600	1093.266140	31.695728	0.000136	47.240736	3.6
1601	1025.219729	31.685783	0.000136	33.787386	2.9
1602	1065.791319	31.688821	0.000136	68.549253	3.2
1603	1046.627420	31.681725	0.000136	33.709480	2.8
1604	997.288746	31.698379	0.000136	101.715997	2.4
1605	1056.446664	31.691100	0.000136	48.235320	4.6
1606	1055.250668	31.681353	0.000136	55.125864	4.5
1607	1046.243121	31.702723	0.000136	43.812173	4.7
1608	1035.401979	31.700351	0.000136	38.763602	3.5
1609	1071.366656	31.695499	0.000136	63.913791	3.3
1610	1034.926952	31.691316	0.000136	30.736313	3.3
1611	1042.233511	31.699815	0.000136	46.475533	3.3
1612	1063.510837	31.701763	0.000136	64.654457	2.8
1613	1037.971034	31.693798	0.000136	38.054855	2.6
1614	1029.380367	31.688382	0.000136	82.003543	2.6
1615	1031.004093	31.689706	0.000136	78.979067	2.6
1616	1048.498862	31.717294	0.000136	132.484305	2.2
1617	1043.067784	31.902474	0.000136	60.658760	2.2
1618	1022.935389	32.026062	0.000135	47.809257	2.2
1619	1050.736520	32.032060	0.000135	18.992682	2.2
1620	1082.402522	32.034063	0.000135	50.959740	2.1
1621	1054.428167	32.036718	0.000135	61.036922	2.0
1622	1037.831336	32.029371	0.000135	54.193618	2.0
1623	1056.649736	32.039263	0.000135	90.642642	2.0
1624	1053.063704	32.034463	0.000135	83.092772	1.9
1625	1068.049886	32.243996	0.000135	43.811039	1.9
1626	1043.011612	32.278437	0.000135	37.866129	1.9
1627	1076.753896	32.273074	0.000135	94.734485	1.9
1628	1036.575425	32.310046	0.000135	51.206071	1.9
1629	1055.804324	32.300762	0.000135	62.458238	1.9
1630	1025.034924	32.332137	0.000135	35.971595	1.9
1631	1106.008045	32.331028	0.000135	36.652199	1.9
1632	1080.854536	32.331160	0.000135	99.154210	1.9
1633	1029.013789	32.324863	0.000135	67.522264	1.9
1634	1051.724144	32.314100	0.000135	28.874291	1.9
1635	1025.013124	32.315366	0.000135	30.821807	1.9
1636	1050.018326	32.312056	0.000135	67.505039	1.9
1637	1016.026925	32.306171	0.000135	24.487479	1.9
1638	1065.049077	32.315598	0.000135	45.088951	1.9
1639	1100.456352	32.313145	0.000135	77.342313	1.9
1640	1065.756010	32.312298	0.000135	17.914482	1.9
1641	1045.367657	32.315146	0.000135	68.160283	1.9
1642	1051.950286	32.315747	0.000135	62.426259	1.9
1643	1031.564080	32.369629	0.000135	25.485786	1.9
1644	1031.876504	32.378317	0.000135	44.585432	1.9
1645	1013.686086	32.381371	0.000135	71.096766	1.9
1646	1037.544014	32.404751	0.000135	7.817844	1.9
1647	1113.662178	32.404885	0.000135	26.053417	1.9
1648	1023.960140	32.405483	0.000135	81.018672	1.9
1649	1075.937238	32.400699	0.000135	127.501642	1.9
1650	1056.592982	32.863667	0.000133	76.865564	2.3
1651	1026.700499	32.861554	0.000133	27.960854	1.9
1652	1069.253213	32.862152	0.000133	91.646183	1.9
1653	1068.559530	32.859818	0.000133	38.256914	1.9
1654	1061.824272	32.856722	0.000133	54.220851	1.9
1655	1002.720248	32.871452	0.000133	65.827145	1.9
1656	1022.227935	32.909248	0.000133	17.521676	1.9
1657	1068.073051	32.912933	0.000133	41.638020	1.8
1658	1034.099894	32.913911	0.000133	64.476728	1.8
1659	1063.239100	32.912644	0.000133	69.438721	1.9
1660	1019.750647	32.959620	0.000133	24.930981	1.8
1661	1081.406250	32.958872	0.000133	18.281326	1.8
1662	1066.493122	32.957564	0.000133	86.595389	1.9
1663	1070.109882	32.953773	0.000133	63.042476	2.4
1664	1040.262624	33.029849	0.000133	69.878698	2.0
1665	1034.916272	33.022332	0.000133	47.094903	2.0
1666	1049.404639	33.043956	0.000133	26.777461	2.0
1667	1025.855559	33.045515	0.000133	62.253376	2.0
1668	1077.287311	33.039949	0.000133	51.611862	2.3
1669	1073.841888	33.034989	0.000133	78.854435	2.1
1670	1025.333411	33.078640	0.000133	53.390602	1.9
1671	1051.341295	33.076692	0.000133	85.043483	1.9
1672	1043.401839	33.082625	0.000133	51.859180	1.9
1673	1013.941335	33.088279	0.000133	47.686927	1.9
1674	1034.504391	33.083444	0.000133	53.674748	2.0
1675	1075.236036	33.103929	0.000133	33.221502	2.0
1676	1018.872443	33.111671	0.000133	44.731186	1.9
1677	1033.585564	33.115860	0.000133	55.306749	2.0
1678	1049.114016	33.108705	0.000133	68.707844	1.9
1679	1095.658940	33.116863	0.000133	28.193711	6.0
1680	1093.519113	33.110704	0.000133	63.853591	1.9
1681	1078.847110	33.107550	0.000133	56.977099	2.4
1682	1054.774863	33.129009	0.000133	69.747827	4.5
1683	1063.811181	33.163622	0.000133	66.339059	4.6
1684	1063.136184	33.213813	0.000133	47.580513	4.4
1685	1099.249064	33.206066	0.000133	44.378597	4.2
1686	1056.495860	33.199806	0.000133	44.419743	3.7
1687	1047.151838	33.193550	0.000133	14.259440	3.6
1688	1058.772800	33.195606	0.000133	27.665650	3.4
1689	1012.787157	33.194668	0.000133	26.100987	3.0
1690	1097.457278	33.194856	0.000133	32.125931	2.7
1691	1038.626739	33.194030	0.000133	18.797326	2.7
1692	1087.919496	33.193019	0.000133	43.484098	2.3
1693	1015.738513	33.190623	0.000133	52.838576	2.3
1694	1052.705491	33.189152	0.000133	27.951502	2.3
1695	1007.271570	33.185316	0.000133	74.835217	2.3
1696	1040.212924	33.178597	0.000133	64.920048	2.4
1697	1046.426675	33.206754	0.000133	68.728474	2.3
1698	1047.502619	33.200195	0.000133	47.019329	2.2
1699	1033.992659	33.192734	0.000133	91.618016	2.2
1700	1064.856601	33.225257	0.000132	43.084593	2.3
1701	1045.812968	33.269711	0.000132	38.486861	2.4
1702	1079.358910	33.264762	0.000132	12.840706	4.6
1703	1045.503306	33.264108	0.000132	34.526974	4.4
1704	1071.717048	33.263707	0.000132	96.087327	4.3
1705	1050.761217	33.296454	0.000132	66.191353	4.2
1706	1042.195044	33.285826	0.000132	52.169263	3.2
1707	1007.007269	33.282442	0.000132	87.972949	3.1
1708	1089.739135	33.316462	0.000132	35.191818	3.1
1709	1031.489443	33.309623	0.000132	52.202050	3.2
1710	1042.853832	33.311774	0.000132	54.138161	3.2
1711	1003.562824	33.306667	0.000132	25.024469	3.1
1712	1015.914332	33.310657	0.000132	35.445551	3.0
1713	1066.040605	33.312005	0.000132	74.659453	4.7
1714	1024.158587	33.322203	0.000132	25.984211	4.6
1715	993.865157	33.320715	0.000132	69.440853	4.2
1716	1070.600002	33.319685	0.000132	58.192582	3.9
1717	1014.421693	33.311813	0.000132	13.535083	4.1
1718	1027.183654	33.313225	0.000132	17.678517	4.2
1719	1052.397755	33.313170	0.000132	41.457808	3.8
1720	1054.946434	33.314206	0.000132	71.747544	3.2
1721	1069.077346	33.310520	0.000132	45.836873	3.2
1722	1038.314327	33.340823	0.000132	34.953314	3.2
1723	1058.914401	33.335281	0.000132	66.456703	4.8
1724	1028.365548	33.328682	0.000132	86.452745	4.7
1725	1041.960194	33.389716	0.000132	45.142037	3.2
1726	1049.884831	33.381646	0.000132	23.613860	3.2
1727	1052.191853	33.382780	0.000132	102.247592	3.1
1728	1064.253706	33.399036	0.000132	92.326783	2.9
1729	1023.243291	33.549929	0.000132	37.217925	2.9
1730	1007.814334	33.568017	0.000132	43.297504	2.8
1731	1042.095847	33.562672	0.000132	77.846724	4.4
1732	1058.147483	33.587536	0.000132	94.225123	4.5
1733	1029.824814	33.576596	0.000132	34.436280	3.6
1734	1094.653567	33.607076	0.000132	54.278766	3.3
1735	1041.194015	33.612931	0.000132	44.968591	3.4
1736	1054.839374	33.620249	0.000132	75.910018	3.0
1737	1047.853688	33.616175	0.000132	25.764499	2.7
1738	1057.251181	33.619705	0.000132	91.898079	2.7
1739	1127.164523	33.621225	0.000132	33.769598	4.8
1740	1059.134802	33.613597	0.000132	85.090754	4.6
1741	1061.433970	33.608778	0.000132	24.295940	4.4
1742	1022.028375	33.604092	0.000132	86.404390	3.8
1743	1044.697649	33.598140	0.000132	113.202098	3.9
1744	1030.727462	33.586958	0.000132	13.503922	3.2
1745	1041.004492	33.583831	0.000132	23.617759	2.8
1746	1063.987711	33.583238	0.000132	15.249690	2.8
1747	1043.666498	33.582997	0.000132	45.470139	2.7
1748	1035.246998	33.581794	0.000132	111.127162	2.5
1749	1033.428047	33.572359	0.000132	51.665313	2.3
1750	1052.429162	33.561938	0.000132	109.666324	2.2
1751	1060.543484	33.664452	0.000131	44.041846	2.3
1752	1026.190165	33.714654	0.000131	27.446443	2.6
1753	1080.353961	33.711314	0.000131	84.115870	2.6
1754	1081.921562	33.711755	0.000131	40.315983	2.7
1755	1028.181881	33.712016	0.000131	29.606591	2.7
1756	1029.422092	33.708803	0.000131	47.004316	2.1
1757	1045.689433	33.706824	0.000131	28.172339	2.2
1758	994.057157	33.702799	0.000131	13.168166	2.1
1759	1085.875959	33.703624	0.000131	84.998877	2.1
1760	1030.917962	33.699978	0.000131	27.674765	2.1
1761	1067.818788	33.701113	0.000131	21.922431	1.9
1762	1038.352494	33.703224	0.000131	61.130312	1.8
1763	1068.533580	33.702464	0.000131	25.656339	1.9
1764	1075.646285	33.702131	0.000131	79.840226	1.9
1765	1071.279378	33.705564	0.000131	30.167576	1.9
1766	1074.219897	33.704646	0.000131	29.795416	1.9
1767	1058.690549	33.707626	0.000131	37.672769	1.9
1768	1033.628633	33.703954	0.000131	44.882537	1.9
1769	1060.346978	33.712582	0.000131	15.766432	1.9
1770	1054.027628	33.713565	0.000131	68.399870	1.9
1771	1053.457476	33.710676	0.000131	29.550037	1.9
1772	1074.263689	33.719925	0.000131	42.429373	1.9
1773	1033.970386	33.718823	0.000131	25.569967	1.9
1774	1072.317865	33.714916	0.000131	44.926988	1.8
1775	1050.232644	33.712730	0.000131	16.703802	1.9
1776	1058.817348	33.715160	0.000131	35.291185	1.9
1777	1025.450501	33.717211	0.000131	45.339272	1.9
1778	1074.840897	33.712573	0.000131	53.287433	2.0
1779	1003.993853	33.715700	0.000131	52.345678	1.9
1780	1110.055563	33.719825	0.000131	48.621498	1.9
1781	1019.499504	33.733291	0.000131	90.906399	1.9
1782	1084.474506	33.793142	0.000131	27.325074	1.9
1783	1075.543804	33.790261	0.000131	39.468234	1.9
1784	1020.154543	33.786962	0.000131	101.136008	1.9
1785	1021.385192	33.783263	0.000131	48.878913	1.9
1786	1055.577711	33.776820	0.000131	79.718852	1.9
1787	1053.117094	33.804077	0.000131	34.089223	1.8
1788	1038.283250	33.822660	0.000131	35.707743	1.9
1789	1051.373246	33.825056	0.000131	52.831167	1.9
1790	1052.923846	33.836366	0.000131	30.378217	1.8
1791	1028.151544	33.844626	0.000131	69.005084	1.8
1792	1041.285431	33.839417	0.000131	59.287352	1.9
1793	1086.412318	33.831752	0.000131	67.072836	1.9
1794	1022.908425	33.844311	0.000131	18.890218	1.8
1795	1051.383279	33.851286	0.000131	29.062089	1.8
1796	1003.977634	33.851672	0.000131	44.246631	1.8
1797	1051.787643	33.859152	0.000131	42.738214	1.9
1798	1031.164972	33.864195	0.000131	56.876582	1.9
1799	1056.704243	33.876532	0.000131	40.763275	1.8
1800	1036.551341	33.869565	0.000131	141.523143	1.8
1801	1066.796274	33.885879	0.000131	76.455386	1.8
1802	1062.966075	34.304296	0.000130	23.582222	1.8
1803	995.833751	34.313919	0.000130	24.548888	1.8
1804	1035.991925	34.311505	0.000130	53.972368	1.9
1805	1041.734940	34.308593	0.000130	75.394093	1.9
1806	1085.746242	34.299657	0.000130	94.128264	1.9
1807	1038.117587	34.475709	0.000129	46.540313	2.3
1808	1078.171621	34.532540	0.000129	35.391232	2.4
1809	1078.366908	34.540677	0.000129	31.106515	2.6
1810	1067.520350	34.541274	0.000129	42.338663	2.5
1811	1004.341437	34.538024	0.000129	20.565811	2.6
1812	1077.696392	34.538243	0.000129	39.639750	4.3
1813	1079.946835	34.542002	0.000129	87.135846	4.3
1814	1032.388560	34.541276	0.000129	12.956980	3.8
1815	1055.635264	34.543816	0.000129	33.336246	3.1
1816	1029.023990	34.542425	0.000129	29.560199	3.0
1817	1104.771399	34.539453	0.000129	104.904658	2.9
1818	1051.463709	34.531141	0.000129	44.267348	2.4
1819	1065.083486	34.568249	0.000129	38.934981	2.4
1820	1055.853036	34.574960	0.000129	75.070862	2.3
1821	1054.782209	34.567259	0.000129	46.583646	2.4
1822	1052.511127	34.565348	0.000129	32.805654	2.0
1823	1001.712259	34.560909	0.000129	58.973565	3.5
1824	1004.583052	34.554812	0.000129	41.931159	2.5
1825	1016.132523	34.548604	0.000129	60.617452	2.1
1826	1027.883474	34.569217	0.000129	49.145883	2.2
1827	1005.754717	34.564020	0.000129	47.515870	2.6
1828	1045.431446	34.577877	0.000129	98.576588	2.1
1829	1039.980310	34.569871	0.000129	40.944899	2.1
1830	1073.635279	34.562526	0.000129	58.704409	1.8
1831	1055.355654	34.558227	0.000129	71.725183	1.8
1832	1038.015946	34.552388	0.000129	46.665791	1.8
1833	1062.934373	34.580335	0.000129	38.214818	1.8
1834	1039.076410	34.579219	0.000129	21.780521	2.0
1835	1061.971413	34.576972	0.000129	96.709101	1.9
1836	1078.421506	34.585896	0.000129	63.972096	2.0
1837	1019.719907	34.578271	0.000129	68.060223	1.9
1838	1042.383792	34.578414	0.000129	44.137545	1.9
1839	1014.533437	34.575145	0.000129	57.416873	1.9
1840	1065.415394	34.569474	0.000129	43.168569	2.4
1841	1022.567742	34.574866	0.000129	38.021815	1.8
1842	1068.291732	34.569233	0.000129	52.185670	1.8
1843	1034.205997	34.574421	0.000129	49.311405	1.9
1844	1042.164226	34.566817	0.000129	34.987927	3.1
1845	1058.768763	34.561959	0.000129	43.118134	1.9
1846	1066.907078	34.565298	0.000129	34.386370	1.9
1847	1062.296145	34.565590	0.000129	18.808987	1.9
1848	1043.451561	34.566335	0.000129	61.470271	1.9
1849	1061.524979	34.563637	0.000129	43.491825	1.9
1850	1006.505235	34.555929	0.000129	38.816762	2.0
1851	1060.728232	34.558610	0.000129	57.453424	2.0
1852	1059.387143	34.552736	0.000129	54.663739	2.0
1853	1066.597812	34.583671	0.000129	72.105701	2.0
1854	1049.464856	34.624513	0.000129	47.264410	1.9
1855	1023.738178	34.615953	0.000129	28.466139	2.0
1856	1043.572942	34.619963	0.000129	80.162198	2.0
1857	1027.882870	34.618008	0.000129	37.443763	2.0
1858	1048.699947	34.610412	0.000129	95.723912	2.0
1859	1066.544189	34.636754	0.000129	67.009257	2.0
1860	1043.777894	34.631254	0.000129	79.707661	2.0
1861	1037.808974	34.625024	0.000129	101.320996	1.9
1862	1053.523188	34.823663	0.000129	42.252249	1.9
1863	1031.156378	34.844959	0.000129	70.428361	1.9
1864	1015.997952	34.837587	0.000129	73.163545	1.8
1865	1068.659431	34.845167	0.000129	77.176079	1.9
1866	1055.751016	34.865915	0.000129	59.843216	2.0
1867	1053.603436	34.878421	0.000129	49.981374	1.9
1868	1077.232714	34.885003	0.000129	23.988785	1.8
1869	1083.722436	34.881151	0.000129	64.974554	1.9
1870	1056.540142	34.890199	0.000129	31.858218	1.9
1871	1043.186753	34.900994	0.000129	40.375724	2.0
1872	1052.214562	34.906603	0.000128	62.293733	2.1
1873	1019.609280	34.911197	0.000128	70.081803	2.0
1874	1037.167403	34.932309	0.000128	19.267312	2.1
1875	1041.506582	34.938425	0.000128	51.192134	2.0
1876	1030.823934	34.936458	0.000128	45.670407	1.9
1877	1071.362427	34.938321	0.000128	88.171906	1.9
1878	1033.647101	34.985072	0.000128	35.433209	1.8
1879	1009.826819	34.994134	0.000128	76.455879	1.9
1880	1044.980644	34.991647	0.000128	41.063247	1.9
1881	1071.820398	34.985838	0.000128	89.782853	1.9
1882	1007.586725	35.015842	0.000128	40.713863	1.8
1883	1058.342132	35.006863	0.000128	33.658937	1.9
1884	1057.278250	35.014934	0.000128	142.220486	1.9
1885	1049.013260	35.046285	0.000128	80.607826	1.8
1886	1055.621337	35.589100	0.000127	48.887934	1.8
1887	1092.315243	35.599865	0.000127	52.603750	1.8
1888	1014.624530	35.599071	0.000127	119.922742	1.8
1889	1024.355510	35.594193	0.000127	24.532336	1.8
1890	993.261839	35.614363	0.000127	55.823610	1.9
1891	1085.144639	35.619362	0.000127	41.986891	1.9
1892	1076.795806	35.620765	0.000127	77.733927	1.9
1893	1041.839058	35.619760	0.000127	60.050693	1.9
1894	1026.864397	35.609921	0.000127	102.852387	1.9
1895	1043.422814	35.720997	0.000127	47.713113	1.9
1896	1015.097611	35.785365	0.000127	43.733534	1.9
1897	1036.242942	35.785322	0.000127	112.032008	1.8
1898	1034.062691	35.780749	0.000127	14.368269	1.9
1899	1056.417410	35.782921	0.000127	29.269007	1.8
1900	1082.314727	35.783088	0.000127	56.107588	1.9
1901	1052.768034	35.793698	0.000126	59.467195	1.9
1902	1002.523302	35.813252	0.000126	26.303831	2.1
1903	1067.896262	35.813878	0.000126	35.251316	4.2
1904	1024.894658	35.814215	0.000126	51.346985	4.2
1905	1046.699161	35.811276	0.000126	21.851039	3.4
1906	1062.289911	35.808259	0.000126	48.172182	3.0
1907	1063.280269	35.808511	0.000126	27.873727	3.0
1908	1049.241686	35.814311	0.000126	109.608183	2.9
1909	994.442678	35.816074	0.000126	82.664595	2.5
1910	1052.342920	35.917991	0.000126	77.488401	2.5
1911	1031.077849	35.908505	0.000126	62.845118	2.7
1912	1087.727337	35.899863	0.000126	82.463074	2.5
1913	1092.980778	35.897737	0.000126	36.575224	2.4
1914	1070.675467	35.892619	0.000126	51.452766	2.4
1915	1060.868548	35.891538	0.000126	36.990966	2.6
1916	1027.016328	35.889767	0.000126	44.172251	2.4
1917	1020.277713	35.886118	0.000126	13.391550	2.2
1918	1101.971663	35.884198	0.000126	71.979780	2.1
1919	1060.668342	35.887169	0.000126	27.717646	2.1
1920	1098.675567	35.889683	0.000126	56.592295	2.2
1921	1055.762098	35.896798	0.000126	41.975637	2.6
1922	1031.463567	35.910984	0.000126	18.643338	2.6
1923	1046.150298	35.911031	0.000126	34.540397	3.5
1924	1040.061793	35.913476	0.000126	85.193617	2.4
1925	1114.771461	35.906009	0.000126	72.245433	2.8
1926	1029.295346	35.901813	0.000126	88.484410	2.9
1927	1011.769343	35.903138	0.000126	54.345744	3.1
1928	1060.939543	35.908830	0.000126	35.977638	2.3
1929	1059.788273	35.903310	0.000126	69.587671	2.2
1930	1028.960705	35.896538	0.000126	48.324314	2.2
1931	1034.326406	35.893220	0.000126	10.147016	2.2
1932	1063.020107	35.894348	0.000126	15.268968	2.6
1933	1015.387066	35.894686	0.000126	88.045031	2.3
1934	1062.391899	35.900589	0.000126	27.144348	2.5
1935	1029.001303	35.907711	0.000126	39.216773	2.3
1936	1046.029392	35.908295	0.000126	56.579256	2.3
1937	1046.237126	35.903212	0.000126	92.883894	2.5
1938	1035.206383	35.908461	0.000126	37.447475	4.2
1939	1063.985792	35.945085	0.000126	17.001864	4.2
1940	1080.959715	35.947152	0.000126	30.132138	4.1
1941	1017.304031	35.946438	0.000126	82.423557	4.0
1942	1063.110476	35.963774	0.000126	32.531262	3.0
1943	1027.613620	35.957044	0.000126	86.779077	3.1
1944	1021.600703	35.952151	0.000126	32.213694	3.1
1945	1103.693569	35.964104	0.000126	80.901445	2.7
1946	1042.621934	35.980075	0.000126	83.051262	2.6
1947	1038.174055	36.009997	0.000126	14.800418	2.6
1948	1037.756165	36.010154	0.000126	89.075473	2.6
1949	1070.133703	36.007162	0.000126	36.130391	2.3
1950	1053.781794	36.035198	0.000126	60.698038	2.2
1951	1104.774498	36.042511	0.000126	27.299716	2.2
1952	1064.550950	36.044572	0.000126	54.755655	2.3
1953	1062.979385	36.043101	0.000126	39.855449	2.2
1954	1091.459699	36.036329	0.000126	24.176790	2.0
1955	1065.748065	36.037070	0.000126	77.388495	2.0
1956	1036.923007	36.031662	0.000126	38.164509	2.0
1957	1021.596374	36.024778	0.000126	31.389492	2.0
1958	1052.351758	36.022690	0.000126	93.018564	2.0
1959	1073.228103	36.027835	0.000126	26.774068	1.9
1960	1074.408118	36.023938	0.000126	97.268031	1.9
1961	1021.499876	36.026475	0.000126	30.045323	1.9
1962	1041.623946	36.034925	0.000126	44.936386	1.9
1963	1037.838969	36.031281	0.000126	17.701359	1.9
1964	973.139663	36.033425	0.000126	62.300059	2.0
1965	1049.839669	36.030903	0.000126	29.308255	1.9
1966	1054.516448	36.026170	0.000126	36.725376	1.9
1967	1046.454676	36.032365	0.000126	85.975784	2.4
1968	1005.981729	36.024310	0.000126	49.023114	4.3
1969	1056.800551	36.077493	0.000126	53.668559	1.9
1970	1019.459471	36.082721	0.000126	72.281817	1.9
1971	1014.497169	36.092577	0.000126	56.466685	1.8
1972	1019.275735	36.083611	0.000126	57.437689	1.8
1973	1058.996076	36.076501	0.000126	23.978875	1.9
1974	984.975202	36.081975	0.000126	41.656575	1.9
1975	991.243223	36.080846	0.000126	22.144827	2.0
1976	1025.922247	36.084792	0.000126	82.173561	1.9
1977	1020.496973	36.092413	0.000126	55.975809	2.0
1978	1056.889703	36.152119	0.000126	28.366689	2.0
1979	1035.098836	36.160458	0.000126	59.177361	1.9
1980	1027.326556	36.168333	0.000126	26.361377	1.8
1981	975.800023	36.173434	0.000126	43.297817	2.0
1982	1060.640621	36.173559	0.000126	32.628352	1.8
1983	1030.562919	36.180418	0.000126	47.597786	1.9
1984	1065.903403	36.184301	0.000126	55.158885	1.9
1985	1040.276798	36.177494	0.000126	73.706457	2.8
1986	1051.730405	36.185597	0.000126	57.013932	1.8
1987	1063.558203	36.186612	0.000126	108.328483	1.8
1988	1044.308654	36.289414	0.000125	21.212676	1.9
1989	1034.962688	36.295802	0.000125	79.112390	1.9
1990	1063.962766	36.297325	0.000125	69.799147	1.8
1991	1082.269430	36.356864	0.000125	67.093657	5.2
1992	1028.099339	36.347039	0.000125	48.822241	2.4
1993	1046.461382	36.366938	0.000125	58.222738	2.5
1994	1041.280291	36.364936	0.000125	98.461194	2.7
1995	1042.065417	36.412180	0.000125	87.635691	2.2
1996	1048.388924	36.569444	0.000125	21.882105	1.9
1997	1049.172825	36.568562	0.000125	27.805530	2.1
1998	1028.887300	36.566164	0.000125	30.974785	4.5
1999	1088.177161	36.565148	0.000125	53.470236	4.4
