1:ItNr	2:Metric	3a:Time	3b:StepSize	4:||Gradient||	Time[ms]
0	193050.892607	0.000000	0.000086	21113.573268	238.9
1	158883.130238	0.000000	0.000086	17045.481080	4.0
2	144649.399614	0.000000	0.000086	15640.317630	3.9
3	129400.453182	0.000000	0.000086	13411.856340	2.9
4	110725.299785	0.000000	0.000086	10134.849196	2.9
5	96814.269158	0.000000	0.000086	9284.658027	3.8
6	92230.308221	0.000000	0.000086	9053.222731	1.9
7	84370.169600	0.000000	0.000086	7955.143161	1.9
8	85459.283571	0.000000	0.000086	8405.160424	1.8
9	72016.912230	0.000000	0.000086	7412.745031	1.8
10	73912.049582	0.000000	0.000086	8320.882831	1.8
11	64778.128671	0.000000	0.000086	7026.590890	1.9
12	61341.892452	0.000000	0.000086	7459.939057	3.0
13	54667.930491	0.000000	0.000086	6624.695836	4.6
14	52909.363150	0.000000	0.000086	6926.953027	4.9
15	46909.668471	0.000000	0.000086	6155.575537	4.4
16	46306.922100	0.000000	0.000086	5885.119768	3.7
17	42258.123708	0.000000	0.000086	5464.706595	3.4
18	39147.211984	0.000000	0.000086	4861.806817	3.5
19	37718.833893	0.000000	0.000086	4728.990648	2.9
20	35096.843668	0.000000	0.000086	4652.666389	2.6
21	32194.573746	0.000000	0.000086	3707.044696	2.6
22	31584.077230	0.000000	0.000086	3445.730717	2.6
23	30628.673589	0.000000	0.000086	3646.989697	2.4
24	29218.453467	0.000000	0.000086	3443.111030	2.1
25	27785.161135	0.000000	0.000086	2912.270568	2.0
26	29952.558958	0.000000	0.000086	3169.255660	2.0
27	26958.516129	0.000000	0.000086	3140.805534	2.0
28	25132.706536	0.000000	0.000086	2459.471080	2.1
29	25107.246410	0.000000	0.000086	2731.607720	2.1
30	24250.457413	0.000000	0.000086	2199.827764	2.1
31	24391.648184	0.000000	0.000086	2261.186057	2.1
32	23707.948161	0.000000	0.000086	2262.840173	2.1
33	22489.386990	0.000000	0.000086	2150.652023	1.8
34	24082.111130	0.000000	0.000086	2120.253430	1.8
35	22030.544785	0.000000	0.000086	1925.219618	1.9
36	21832.652900	0.000000	0.000086	2065.507215	1.8
37	22122.527403	0.000000	0.000086	2029.767494	1.8
38	21236.389053	0.000000	0.000086	1971.725593	1.9
39	19839.173200	0.000000	0.000086	1677.853259	1.8
40	20276.029699	0.000000	0.000086	1915.761399	1.9
41	20116.896509	0.000000	0.000086	1872.143556	1.9
42	20103.428405	0.000000	0.000086	1937.754728	1.8
43	19653.172591	0.000000	0.000086	1802.233590	1.9
44	18574.126116	0.000000	0.000086	1713.180496	2.0
45	18822.313742	0.000000	0.000086	1766.639376	2.0
46	18205.546057	0.000000	0.000086	1828.362062	2.1
47	17579.240110	0.000000	0.000086	1775.176156	2.0
48	17432.396118	0.000000	0.000086	1560.863416	2.0
49	17361.406165	0.000000	0.000086	1771.479189	1.8
50	17741.444830	0.000000	0.000086	1788.722298	1.8
51	16368.048759	0.000000	0.000086	1692.874229	1.8
52	16099.601245	0.000000	0.000086	1668.174257	1.9
53	16724.284342	0.000000	0.000086	1724.659116	1.8
54	15835.868068	0.000000	0.000086	1473.992793	1.9
55	15580.857522	0.000000	0.000086	1655.979798	1.9
56	16065.190720	0.000000	0.000086	1586.906781	1.8
57	15214.195907	0.000000	0.000086	1611.218997	1.8
58	14812.687448	0.000000	0.000086	1544.695963	1.8
59	16140.610797	0.000000	0.000086	1693.798201	1.9
60	14861.814850	0.000000	0.000086	1656.477892	2.1
61	14374.536630	0.000000	0.000086	1558.958361	2.1
62	13679.275323	0.000000	0.000086	1299.306937	2.0
63	13771.021400	0.000000	0.000086	1533.002921	2.0
64	13760.116406	0.000000	0.000086	1361.721682	1.9
65	13416.950939	0.000000	0.000086	1494.586048	1.9
66	13542.761347	0.000000	0.000086	1398.825962	1.9
67	12916.688808	0.000000	0.000086	1287.339479	1.9
68	13617.276742	0.000000	0.000086	1511.960174	1.9
69	13055.463160	0.000000	0.000086	1327.967933	1.8
70	12784.518844	0.000000	0.000086	1291.395392	2.0
71	12281.311780	0.000000	0.000086	1131.812029	1.9
72	12273.586437	0.000000	0.000086	1157.159821	4.6
73	12190.635971	0.000000	0.000086	1289.894733	2.2
74	11649.489064	0.000000	0.000086	1128.976776	2.2
75	12769.089842	0.000000	0.000086	1078.796271	2.1
76	12469.802811	0.000000	0.000086	995.984274	2.2
77	12326.656610	0.000000	0.000086	1078.390405	2.2
78	11863.227470	0.000000	0.000086	1148.357128	2.4
79	12214.103418	0.000000	0.000086	1196.221448	2.4
80	12290.140386	0.000000	0.000086	1098.538381	2.5
81	11199.010582	0.000000	0.000086	868.934312	3.2
82	10773.768587	0.000000	0.000086	963.326721	3.4
83	11386.013817	0.000000	0.000086	917.892357	2.3
84	11639.285139	0.000000	0.000086	919.370904	2.3
85	11776.688911	0.000000	0.000086	901.804613	2.3
86	11507.680090	0.000000	0.000086	971.153855	2.1
87	11215.151466	0.000000	0.000086	914.370815	2.4
88	10885.194624	0.000000	0.000086	846.059607	2.8
89	11412.097666	0.000000	0.000086	765.934403	2.8
90	11083.461842	0.000000	0.000086	905.152388	2.3
91	10697.481952	0.000000	0.000086	725.702377	3.6
92	10714.146941	0.000000	0.000086	797.526912	2.5
93	10913.527721	0.000000	0.000086	735.012739	2.1
94	10831.016659	0.000000	0.000086	774.420026	1.9
95	10909.062698	0.000000	0.000086	651.086976	1.9
96	10466.817646	0.000000	0.000086	616.261472	3.4
97	10540.251457	0.000000	0.000086	690.112150	2.0
98	10351.532323	0.000000	0.000086	726.569533	2.0
99	10174.179774	0.000000	0.000086	641.542199	2.1
100	9945.437879	0.000000	0.000086	638.435472	2.1
101	10705.950350	0.000000	0.000086	682.522987	3.8
102	10394.871662	0.000000	0.000086	490.301917	4.3
103	10626.257425	0.000000	0.000086	538.611141	4.4
104	10178.502707	0.000000	0.000086	599.082400	3.7
105	9948.365801	0.000000	0.000086	554.848866	3.8
106	10190.012258	0.000000	0.000086	505.861209	4.4
107	9988.614188	0.000000	0.000086	696.309975	2.9
108	10469.409109	0.000000	0.000086	503.979973	3.1
109	9787.849058	0.000000	0.000086	632.214512	4.8
110	9485.474642	0.000000	0.000086	473.991213	4.7
111	10195.389213	0.000000	0.000086	382.839234	4.1
112	9776.487828	0.000000	0.000086	413.605409	3.5
113	10025.792857	0.000000	0.000086	594.065248	3.5
114	10085.963534	0.000000	0.000086	350.811320	3.0
115	10040.501048	0.000000	0.000086	411.262245	3.8
116	9624.291618	0.000000	0.000086	515.584793	4.4
117	10181.538606	0.000000	0.000086	448.486663	4.2
118	10115.561175	0.000000	0.000086	395.443729	4.2
119	9727.245424	0.000000	0.000086	415.278806	3.7
120	9927.928621	0.000000	0.000086	232.096021	3.2
121	9764.511440	0.000000	0.000086	425.837912	3.2
122	10116.882165	0.000000	0.000086	308.669052	2.9
123	10068.365120	0.000000	0.000086	278.513742	2.4
124	9606.052091	0.000000	0.000086	408.037272	2.5
125	10345.714639	0.000000	0.000086	288.381391	2.5
126	10141.734515	0.000000	0.000086	382.703049	2.4
127	9530.743620	0.000000	0.000086	363.682899	2.3
128	10011.351216	0.000000	0.000086	366.234969	2.3
129	10477.066058	0.000000	0.000086	246.353092	2.3
130	10301.073022	0.000000	0.000086	268.568588	2.3
131	9469.699645	0.000000	0.000086	351.911500	2.5
132	10329.862037	0.000000	0.000086	215.153965	2.5
133	9496.730555	0.000000	0.000086	326.355649	2.5
134	10086.277315	0.000000	0.000086	222.619286	2.6
135	9409.413581	0.000000	0.000086	331.157993	2.0
136	9988.284482	0.000000	0.000086	320.038559	2.0
137	9940.530325	0.000000	0.000086	243.126507	2.0
138	9641.657394	0.000000	0.000086	305.084362	2.0
139	9786.086647	0.000099	0.000086	208.628363	2.0
140	9855.581543	0.000000	0.000086	256.353579	2.1
141	9399.286732	0.000000	0.000086	383.756912	2.1
142	9483.535824	0.000000	0.000086	273.240046	2.1
143	10144.009839	0.000000	0.000086	165.954257	2.1
144	9323.910972	0.000000	0.000086	234.392401	3.4
145	9624.568439	0.000000	0.000086	263.248687	3.8
146	9920.965291	0.000000	0.000086	268.901529	2.0
147	9089.274283	0.000000	0.000086	224.986825	2.1
148	9442.198956	0.000000	0.000086	282.531988	2.3
149	9097.715418	0.000000	0.000086	252.100689	2.3
150	9891.438518	0.000000	0.000086	152.167522	3.3
151	9502.716349	0.000000	0.000086	217.435224	7.6
152	9981.642991	0.000000	0.000086	152.305672	4.5
153	9278.610489	0.000000	0.000086	122.296464	4.7
154	9322.654774	0.000000	0.000086	221.304598	4.1
155	9855.296414	0.000000	0.000086	202.588801	4.7
156	10054.257178	0.000000	0.000086	178.973814	4.6
157	9268.643592	0.000000	0.000086	244.177011	4.5
158	9463.827913	0.000000	0.000086	214.002586	4.5
159	9713.741062	0.000000	0.000086	114.450239	4.6
160	9230.057744	0.000000	0.000086	333.138348	4.3
161	9377.839769	0.000000	0.000086	347.358869	4.4
162	9327.378395	0.000000	0.000086	149.811276	3.3
163	8860.040018	0.000000	0.000086	359.381200	3.3
164	9617.516015	0.000000	0.000086	257.742770	3.4
165	10537.357981	0.000000	0.000086	139.588058	2.9
166	9470.733621	0.000000	0.000086	112.012068	2.8
167	9161.857867	0.000580	0.000086	124.046864	2.8
168	9967.033903	0.000000	0.000086	200.011907	2.4
169	9714.719309	0.000000	0.000086	151.128900	2.4
170	9172.274694	0.002852	0.000086	132.119053	2.5
171	9065.403589	0.000397	0.000086	163.557150	2.4
172	9899.575472	0.000052	0.000086	392.045693	2.2
173	10092.980813	0.004415	0.000086	243.584470	2.3
174	9433.381518	0.019147	0.000086	182.759716	2.2
175	10289.705366	0.016458	0.000086	168.074363	2.2
176	9330.288169	0.016584	0.000086	148.468512	2.2
177	9388.887924	0.017261	0.000086	214.017847	2.2
178	9370.479309	0.020156	0.000086	147.024919	2.2
179	9826.620653	0.021189	0.000086	255.532312	2.2
180	8947.791007	0.021288	0.000086	328.662760	2.4
181	9128.092835	0.013859	0.000086	162.643225	2.2
182	9154.892648	0.011082	0.000086	82.963873	2.1
183	9228.111293	0.010204	0.000086	239.353816	2.2
184	10124.145880	0.009670	0.000086	110.147973	2.2
185	9427.557608	0.009362	0.000086	212.167221	2.2
186	9431.779617	0.008084	0.000086	86.989869	2.1
187	9838.339713	0.007023	0.000086	335.335003	2.2
188	9252.730563	0.008270	0.000086	186.438429	2.2
189	10002.054818	0.012082	0.000086	207.121996	2.3
190	10122.026064	0.016446	0.000086	104.638890	2.3
191	9811.776249	0.017133	0.000086	263.333959	4.3
192	8941.062147	0.019219	0.000086	129.344829	4.3
193	9503.171429	0.019122	0.000086	172.933652	3.7
194	8933.154791	0.017307	0.000086	144.490055	3.8
195	9921.388542	0.018094	0.000086	413.085345	3.5
196	9422.913299	0.020587	0.000086	125.695159	2.9
197	9619.142396	0.023625	0.000086	152.725896	2.9
198	9028.430074	0.022064	0.000086	213.922366	2.9
199	8854.112355	0.019413	0.000086	109.164827	2.5
200	9459.351422	0.018102	0.000086	252.259737	2.4
201	9646.232190	0.016813	0.000086	83.823206	2.5
202	9850.046632	0.017028	0.000086	143.016650	4.7
203	9008.743720	0.015977	0.000086	53.863489	4.8
204	9626.335297	0.015408	0.000086	211.100527	4.8
205	9514.748195	0.014569	0.000086	144.859658	4.8
206	9049.297985	0.015905	0.000086	240.524848	4.7
207	9082.857023	0.012489	0.000086	80.693525	4.6
208	9483.761411	0.010785	0.000086	128.355965	4.6
209	9756.583010	0.011078	0.000086	347.064556	5.0
210	9469.568697	0.008569	0.000086	255.198097	4.9
211	10097.095457	0.000531	0.000086	180.688273	3.6
212	9418.617554	0.006388	0.000086	83.066967	2.9
213	9857.260778	0.006902	0.000086	106.455466	2.6
214	8993.377319	0.006745	0.000086	74.427356	2.6
215	9845.497330	0.005974	0.000086	210.829528	2.8
216	9285.483599	0.005102	0.000086	233.540072	2.8
217	9117.216763	0.009156	0.000086	130.300779	2.8
218	9752.619081	0.011738	0.000086	197.055251	4.6
219	9310.614923	0.013091	0.000086	247.227781	4.9
220	9811.859308	0.017953	0.000086	195.994743	4.9
221	8792.972277	0.013855	0.000086	219.145401	3.2
222	9693.615869	0.009145	0.000086	148.852923	2.1
223	8678.134600	0.010736	0.000086	96.602938	2.1
224	9776.134614	0.009772	0.000086	150.048133	2.1
225	10368.465496	0.010682	0.000086	117.546678	2.2
226	9559.140956	0.009096	0.000086	135.703544	2.1
227	9564.588452	0.007952	0.000086	104.399815	2.1
228	9219.206310	0.008916	0.000086	96.815925	2.1
229	9684.776519	0.008266	0.000086	92.373224	4.0
230	8478.049405	0.007832	0.000086	188.565313	2.1
231	9744.120516	0.007300	0.000086	99.347726	2.0
232	9741.171177	0.007277	0.000086	148.952546	2.1
233	9411.119252	0.006394	0.000086	142.621193	2.4
234	10079.739461	0.007070	0.000086	293.517744	3.3
235	9648.927292	0.002945	0.000086	154.910755	2.7
236	9106.822890	0.001137	0.000086	117.084730	3.0
237	8604.793847	0.001839	0.000086	78.498448	5.0
238	9273.393156	0.001651	0.000086	222.395521	3.0
239	8827.259405	0.001779	0.000086	132.673551	2.4
240	9693.417478	0.000101	0.000086	215.746004	2.3
241	9945.411144	0.002788	0.000086	202.611283	2.5
242	9959.070655	0.000000	0.000086	161.184524	4.9
243	9886.935278	0.000011	0.000086	138.133774	4.0
244	8713.082884	0.000000	0.000086	167.779369	2.8
245	10011.655898	0.000000	0.000086	95.316836	3.4
246	9404.817337	0.000000	0.000086	90.865938	3.3
247	9596.948199	0.000240	0.000086	99.857491	3.3
248	9289.514655	0.000051	0.000086	120.185676	2.6
249	9363.927312	0.000000	0.000086	70.718086	2.6
250	9118.230249	0.000000	0.000086	295.409220	2.5
251	9287.577588	0.000000	0.000086	71.612085	2.5
252	9752.387255	0.000000	0.000086	207.459186	2.2
253	9869.447841	0.000543	0.000086	166.478104	2.3
254	9475.875207	0.000000	0.000086	172.928746	2.3
255	9679.749923	0.002401	0.000086	126.546560	2.2
256	9421.014165	0.000157	0.000086	100.531606	2.0
257	9194.646309	0.000000	0.000086	242.552284	2.0
258	9123.409717	0.001663	0.000086	163.241395	2.0
259	10038.020484	0.006090	0.000086	111.541269	2.0
260	9242.609955	0.005980	0.000086	261.797615	2.0
261	9721.135662	0.007693	0.000086	227.046298	2.1
262	9180.900112	0.012423	0.000086	190.236873	2.0
263	9322.994665	0.017268	0.000086	189.111458	2.1
264	8898.881864	0.021982	0.000086	77.786999	2.1
265	9201.595565	0.022268	0.000086	200.795826	2.1
266	9225.046149	0.022561	0.000086	122.611494	2.0
267	9341.945972	0.023241	0.000086	78.868505	2.0
268	9593.230358	0.023366	0.000086	302.946776	2.0
269	10112.372291	0.021213	0.000086	173.318141	2.0
270	9475.179642	0.024597	0.000086	153.066024	2.0
271	9471.275394	0.025842	0.000086	85.577769	2.2
272	9540.978128	0.025471	0.000086	89.985420	2.2
273	9706.744423	0.024596	0.000086	249.295896	2.2
274	9223.327409	0.022304	0.000086	91.053785	2.1
275	10215.510000	0.024255	0.000086	123.584757	2.0
276	9512.728533	0.023766	0.000086	177.504694	2.0
277	9776.301927	0.021710	0.000086	123.222782	1.9
278	9422.069523	0.024067	0.000086	177.371824	2.0
279	9267.790898	0.023184	0.000086	148.539593	1.9
280	9424.389510	0.024734	0.000086	92.461423	2.0
281	9420.865686	0.024930	0.000086	103.906783	1.9
282	8976.321339	0.024028	0.000086	115.616661	2.0
283	9165.696076	0.022737	0.000086	226.639745	2.8
284	9577.099506	0.021665	0.000086	108.916150	4.4
285	8956.700413	0.022041	0.000086	109.142519	4.4
286	9171.113457	0.022543	0.000086	81.625214	4.1
287	9642.976717	0.022966	0.000086	138.711167	3.1
288	9530.388263	0.021652	0.000086	156.173914	3.2
289	9292.132494	0.019779	0.000086	121.174260	3.1
290	9487.635453	0.020589	0.000086	129.059571	2.5
291	9599.129179	0.018829	0.000086	101.054575	2.6
292	9398.061133	0.019212	0.000086	76.720283	2.5
293	10075.108409	0.018364	0.000086	135.254378	3.2
294	9392.527149	0.017272	0.000086	298.549517	3.8
295	8805.621719	0.013503	0.000086	119.287343	3.8
296	8963.561709	0.015812	0.000086	187.248106	2.9
297	9292.718238	0.013914	0.000086	275.591101	2.6
298	9797.865645	0.020467	0.000086	156.313466	2.8
299	10100.198744	0.026474	0.000086	155.544329	2.7
300	9436.365255	0.028583	0.000086	140.374549	2.2
301	9382.870050	0.029779	0.000086	166.946165	2.2
302	10114.487486	0.031673	0.000086	174.232603	2.2
303	9231.649452	0.034493	0.000086	131.569342	2.3
304	9113.661344	0.032805	0.000086	103.120977	2.1
305	9382.434465	0.031666	0.000086	90.029481	2.1
306	9777.186488	0.031110	0.000086	186.986906	2.1
307	9101.832929	0.032031	0.000086	136.864162	2.1
308	9529.124961	0.029454	0.000086	257.149852	2.2
309	9197.206090	0.028834	0.000086	201.252233	2.3
310	9364.694883	0.034210	0.000086	88.484387	2.3
311	8825.413527	0.034285	0.000086	163.759069	2.3
312	9389.303730	0.033262	0.000086	145.367957	2.3
313	9735.663718	0.032264	0.000086	193.853713	2.5
314	9902.364563	0.035560	0.000086	203.111102	2.1
315	9381.054902	0.034603	0.000086	94.690703	3.2
316	9295.656163	0.035370	0.000086	108.256189	1.9
317	9928.195253	0.035766	0.000086	189.035295	2.0
318	9627.347523	0.033904	0.000086	184.402168	1.9
319	9313.831547	0.034584	0.000086	103.964936	1.9
320	8680.192249	0.033871	0.000086	244.416422	1.9
321	9814.265860	0.034002	0.000086	130.803126	1.9
322	9551.075955	0.037288	0.000086	182.378704	1.9
323	9306.023399	0.035190	0.000086	82.952046	2.0
324	9239.485503	0.034828	0.000086	90.392613	1.9
325	8938.242094	0.034643	0.000086	102.637376	1.9
326	9232.140964	0.034511	0.000086	208.351781	1.9
327	9483.642284	0.032517	0.000086	159.618475	1.9
328	9456.904210	0.029499	0.000086	270.919972	2.1
329	9169.609764	0.028575	0.000086	201.312100	2.1
330	9463.190871	0.030624	0.000086	184.022990	2.1
331	8275.511743	0.027303	0.000086	164.069826	2.1
332	9592.050166	0.024823	0.000086	109.304131	2.1
333	8857.561988	0.025719	0.000086	88.092408	2.0
334	9414.239236	0.025765	0.000086	147.530421	2.0
335	9098.624969	0.026010	0.000086	102.922161	2.0
336	9094.955216	0.024338	0.000086	152.564754	2.0
337	8844.448152	0.023751	0.000086	144.967457	1.9
338	10020.612240	0.024510	0.000086	241.882028	2.0
339	9284.137606	0.021589	0.000086	130.191461	1.9
340	9009.147304	0.023865	0.000086	172.142948	2.0
341	9887.672755	0.021880	0.000086	128.030644	2.0
342	9306.395823	0.019305	0.000086	129.397138	2.0
343	9249.629799	0.019047	0.000086	76.950698	1.9
344	9563.834347	0.018138	0.000086	109.636799	1.9
345	9188.563011	0.017754	0.000086	178.978723	1.9
346	9165.922460	0.017866	0.000086	183.621129	1.9
347	9699.722501	0.022045	0.000086	248.417013	1.9
348	9341.448490	0.028166	0.000086	157.306195	1.9
349	9520.247981	0.028604	0.000086	189.290110	1.9
350	8934.053350	0.028219	0.000086	64.307777	1.9
351	9347.324843	0.027918	0.000086	148.529227	1.9
352	8858.321210	0.028086	0.000086	86.061443	1.9
353	9825.063762	0.028905	0.000086	178.516812	2.0
354	9548.394602	0.027740	0.000086	121.731103	1.9
355	9298.312449	0.029819	0.000086	107.232040	1.9
356	9327.482460	0.029103	0.000086	119.799123	1.9
357	9634.032534	0.028727	0.000086	260.398727	1.9
358	9615.425469	0.029952	0.000086	94.741481	2.0
359	10140.306711	0.031116	0.000086	133.006145	1.9
360	8744.686755	0.031867	0.000086	112.625301	2.0
361	9881.764139	0.032701	0.000086	77.416979	1.9
362	9227.646251	0.032072	0.000086	239.246174	1.9
363	9292.425636	0.032960	0.000086	256.690809	2.0
364	8894.846015	0.040624	0.000086	164.455225	2.0
365	9274.587692	0.037805	0.000086	115.758659	2.0
366	9845.701831	0.035984	0.000086	177.580104	2.0
367	9295.070970	0.034725	0.000086	98.477515	1.9
368	9689.489326	0.035201	0.000086	82.266201	2.0
369	9119.052490	0.034669	0.000086	205.518866	1.9
370	9038.218900	0.033845	0.000086	153.154805	1.9
371	9585.640049	0.037092	0.000086	196.493478	1.9
372	9308.895020	0.040236	0.000086	171.331988	1.9
373	9576.003855	0.040198	0.000086	128.631748	1.9
374	9679.204370	0.038201	0.000086	91.160922	2.8
375	9578.522606	0.038574	0.000086	199.755485	2.0
376	9473.209518	0.037900	0.000086	223.011979	2.0
377	9065.264440	0.040487	0.000086	110.210349	1.9
378	9539.886277	0.040965	0.000086	155.866911	1.9
379	8905.405299	0.041564	0.000086	103.191557	1.9
380	9265.101364	0.041503	0.000086	162.035721	1.9
381	8718.104389	0.041408	0.000086	161.177552	1.9
382	8807.158707	0.043834	0.000086	86.486220	2.0
383	9022.369944	0.044228	0.000086	168.772689	1.9
384	9651.765649	0.044394	0.000086	120.246180	2.0
385	8850.373785	0.046095	0.000086	84.663491	1.9
386	9268.043644	0.046544	0.000086	107.424401	1.9
387	9338.611008	0.045621	0.000086	242.597296	2.0
388	9705.794463	0.042961	0.000086	107.853644	2.0
389	8545.079011	0.041633	0.000086	186.651521	1.9
390	9049.548919	0.041020	0.000086	119.410105	2.0
391	10011.772015	0.042155	0.000086	78.724278	2.1
392	9726.315936	0.041191	0.000086	75.494758	2.8
393	9302.471919	0.040555	0.000086	121.707974	1.9
394	8996.813353	0.039842	0.000086	94.051307	1.9
395	9963.397820	0.039805	0.000086	108.959579	1.9
396	9160.459659	0.038741	0.000086	115.327630	1.9
397	9662.568558	0.037221	0.000086	93.053476	1.8
398	8961.032724	0.036682	0.000086	94.827674	2.6
399	9458.094551	0.035690	0.000086	180.151420	4.8
400	9173.784494	0.034295	0.000086	144.562349	4.6
401	9099.762799	0.034821	0.000086	196.798361	4.5
402	9168.495382	0.034051	0.000086	98.791751	2.0
403	9140.379946	0.035613	0.000086	81.329166	1.9
404	9912.210724	0.035161	0.000086	85.901311	1.9
405	8850.018006	0.034852	0.000086	199.907469	2.1
406	9063.202505	0.034554	0.000086	105.267204	2.5
407	9667.606403	0.032432	0.000086	140.129208	2.5
408	9784.624877	0.030778	0.000086	112.348469	2.5
409	9865.972805	0.030532	0.000086	124.870567	2.8
410	9078.164058	0.030976	0.000086	98.790082	2.1
411	9655.870659	0.030648	0.000086	184.497024	2.0
412	9260.855465	0.031473	0.000086	138.552091	2.0
413	9928.624410	0.033201	0.000086	212.553916	1.9
414	8808.703096	0.036083	0.000086	155.077912	1.9
415	9279.598813	0.036093	0.000086	236.398201	2.0
416	9514.874244	0.038248	0.000086	221.213554	1.9
417	9490.186687	0.032676	0.000086	165.810883	2.0
418	9351.766835	0.029166	0.000086	240.489882	1.9
419	9487.541215	0.033682	0.000086	82.142332	2.0
420	8835.567473	0.031567	0.000086	121.396192	2.0
421	9344.111751	0.031186	0.000086	60.606968	2.1
422	9816.093341	0.031273	0.000086	190.272666	1.9
423	9933.208242	0.030552	0.000086	67.937879	1.9
424	9521.394235	0.030716	0.000086	208.208016	1.9
425	9082.777485	0.029465	0.000086	59.912758	2.0
426	9924.032049	0.030126	0.000086	152.061645	1.9
427	8857.767992	0.029987	0.000086	172.017272	1.9
428	9090.052741	0.028885	0.000086	105.337675	2.0
429	9303.788796	0.028164	0.000086	75.048899	1.9
430	9328.882725	0.027215	0.000086	242.247345	1.9
431	9338.602752	0.027232	0.000086	140.460968	1.9
432	9236.369516	0.024993	0.000086	322.476573	2.0
433	9685.590149	0.026688	0.000086	163.414204	1.9
434	9293.587324	0.032788	0.000086	121.128209	1.9
435	9248.591252	0.031597	0.000086	83.712348	2.0
436	9034.618324	0.031416	0.000086	228.746806	1.9
437	9652.581798	0.033063	0.000086	147.021189	1.9
438	9534.807840	0.029632	0.000086	180.378663	2.0
439	8874.803926	0.030637	0.000086	210.209621	1.9
440	9054.403495	0.034952	0.000086	134.906265	1.9
441	8995.568484	0.033367	0.000086	189.851446	1.9
442	9385.498547	0.035994	0.000086	89.969968	1.9
443	9540.543614	0.036277	0.000086	93.791923	2.0
444	9820.226555	0.036225	0.000086	96.912898	1.9
445	9051.622696	0.035924	0.000086	173.910940	2.0
446	9512.419281	0.034289	0.000086	71.724597	1.9
447	9146.942734	0.034420	0.000086	86.681991	2.0
448	9545.210592	0.034078	0.000086	78.599660	1.9
449	8969.807822	0.033199	0.000086	83.086796	2.0
450	8679.953753	0.033096	0.000086	114.967018	2.0
451	9137.462266	0.033277	0.000086	96.843112	2.0
452	9524.621304	0.033797	0.000086	124.876173	1.9
453	9412.097654	0.032849	0.000086	129.507609	2.0
454	9401.429358	0.031604	0.000086	94.366928	2.0
455	9892.876231	0.030502	0.000086	180.397646	1.9
456	9307.087545	0.029360	0.000086	122.126333	1.9
457	9891.580330	0.028408	0.000086	107.983543	1.9
458	9354.885068	0.029213	0.000086	128.211074	1.9
459	9932.465871	0.027601	0.000086	100.839745	1.9
460	9468.353174	0.028409	0.000086	312.276290	2.0
461	9032.704545	0.027348	0.000086	73.710220	2.2
462	9147.739000	0.025830	0.000086	169.898384	4.7
463	9694.604406	0.024669	0.000086	191.313067	4.5
464	9494.152292	0.027699	0.000086	67.573550	4.4
465	9104.700914	0.026580	0.000086	127.110907	4.0
466	9700.779124	0.026157	0.000086	282.211307	3.3
467	9775.643556	0.025851	0.000086	252.153227	3.3
468	9227.880530	0.019107	0.000086	84.249304	3.2
469	9455.652455	0.020497	0.000086	73.063634	2.8
470	9441.119588	0.020343	0.000086	136.292438	2.8
471	9571.938953	0.020486	0.000086	233.275873	2.7
472	9165.545315	0.020964	0.000086	99.279319	2.8
473	9326.391595	0.020348	0.000086	171.490643	2.8
474	9406.779077	0.018517	0.000086	109.052251	2.9
475	9241.961547	0.016910	0.000086	180.578238	3.2
476	8899.325932	0.017482	0.000086	265.397905	3.7
477	9385.110470	0.015466	0.000086	182.347277	3.7
478	9819.258053	0.018860	0.000086	163.265425	3.1
479	9310.996732	0.021393	0.000086	146.416300	2.7
480	9522.374343	0.020412	0.000086	88.182475	2.7
481	9065.476994	0.021016	0.000086	72.957030	3.5
482	8910.093258	0.020327	0.000086	44.470020	3.1
483	9115.250168	0.020072	0.000086	78.791710	3.2
484	9337.158046	0.019858	0.000086	108.516216	3.2
485	9745.119329	0.018885	0.000086	236.827296	2.8
486	9061.233389	0.016520	0.000086	157.478724	2.7
487	9741.831043	0.020171	0.000086	286.374265	2.4
488	9432.903431	0.017484	0.000086	107.631865	2.3
489	9716.802380	0.014924	0.000086	235.200222	4.1
490	9180.387205	0.013932	0.000086	108.017335	2.2
491	9448.116778	0.014544	0.000086	55.827354	2.2
492	9151.794655	0.014051	0.000086	95.677551	2.3
493	9789.810058	0.013768	0.000086	83.818731	2.3
494	9640.757912	0.013139	0.000086	78.846122	2.3
495	9345.406332	0.012979	0.000086	142.941482	2.5
496	9100.191889	0.011945	0.000086	100.355403	4.8
497	9311.580806	0.012990	0.000086	337.813341	5.0
498	9184.865838	0.009993	0.000086	120.958851	3.1
499	9441.520617	0.013206	0.000086	91.884547	3.8
500	9395.572411	0.013195	0.000086	146.675478	3.3
501	8695.066977	0.012570	0.000086	148.759438	3.2
502	10498.854036	0.014622	0.000086	288.441554	3.0
503	9359.446322	0.019107	0.000086	135.303008	3.0
504	9326.537724	0.019395	0.000086	211.633390	2.9
505	9496.792258	0.020703	0.000086	307.680611	2.4
506	9563.392058	0.015170	0.000086	253.404078	2.3
507	9781.765409	0.011536	0.000086	111.425470	2.3
508	9746.059717	0.010244	0.000086	138.330153	2.4
509	9273.578677	0.009419	0.000086	373.369324	2.2
510	8471.572333	0.016151	0.000086	164.950926	2.1
511	9317.115279	0.018905	0.000086	104.974047	2.1
512	9657.048453	0.017350	0.000086	85.699962	2.2
513	8914.715976	0.017677	0.000086	145.709491	2.3
514	9724.041322	0.017542	0.000086	234.595431	2.3
515	9218.168654	0.021902	0.000086	211.075800	2.3
516	8950.884004	0.016616	0.000086	103.935405	2.3
517	8803.859928	0.014956	0.000086	164.725279	2.4
518	8787.785536	0.016351	0.000086	313.322023	2.5
519	8605.078507	0.023645	0.000086	113.947150	2.5
520	9173.209901	0.019861	0.000086	170.116217	2.4
521	9253.683704	0.019379	0.000086	230.746362	2.4
522	9344.905038	0.021998	0.000086	221.296521	2.2
523	8543.349701	0.016978	0.000086	352.537599	2.2
524	8979.543007	0.027890	0.000086	125.381632	2.2
525	9328.522932	0.029798	0.000086	121.527629	2.2
526	9427.304356	0.030559	0.000086	98.920347	2.4
527	9161.796000	0.030150	0.000086	87.667245	2.3
528	8755.710329	0.029681	0.000086	196.865323	2.3
529	9201.904114	0.029453	0.000086	111.643489	2.4
530	9124.524934	0.030781	0.000086	74.922599	2.3
531	9094.645582	0.030532	0.000086	151.362553	2.4
532	9382.915132	0.030398	0.000086	138.574383	2.3
533	9110.415485	0.030704	0.000086	249.173754	2.3
534	9667.667718	0.027292	0.000086	204.682671	2.4
535	10232.484932	0.024321	0.000086	149.354770	2.5
536	9722.186556	0.021052	0.000086	295.332003	2.5
537	9078.410133	0.026143	0.000086	79.264322	2.5
538	9152.773448	0.025980	0.000086	233.340057	2.6
539	8965.080896	0.026681	0.000086	146.280316	2.8
540	9914.664533	0.028963	0.000086	198.635384	2.7
541	9341.068337	0.026559	0.000086	148.786010	2.8
542	9184.688396	0.024101	0.000086	241.533296	2.7
543	9442.363882	0.024847	0.000086	156.006378	2.5
544	8937.768840	0.028484	0.000086	299.303099	2.5
545	9616.774167	0.023714	0.000086	121.107798	2.7
546	8442.414729	0.023667	0.000086	214.940705	4.5
547	9178.040886	0.021302	0.000086	94.397404	2.1
548	8784.908956	0.020833	0.000086	153.338314	3.1
549	9373.649384	0.020263	0.000086	234.415783	2.7
550	8979.445552	0.024827	0.000086	199.272125	2.6
551	9864.876527	0.031366	0.000086	250.127731	2.6
552	9824.079037	0.038747	0.000086	114.474062	4.7
553	9666.788561	0.036164	0.000086	115.571988	2.8
554	9358.151766	0.034710	0.000086	217.242568	2.8
555	10556.315552	0.033031	0.000086	165.319186	2.9
556	9235.558566	0.033198	0.000086	189.869865	4.8
557	9747.602647	0.030056	0.000086	201.810293	4.8
558	9352.415726	0.029680	0.000086	180.304549	4.9
559	9751.809898	0.034232	0.000086	158.803367	3.8
560	9214.782801	0.034634	0.000086	196.947576	3.4
561	9772.984496	0.036700	0.000086	80.016101	3.4
562	8991.234750	0.036871	0.000086	174.864784	3.3
563	9527.133917	0.036259	0.000086	143.778498	2.9
564	9349.932423	0.037204	0.000086	84.206294	2.8
565	9798.103902	0.037950	0.000086	116.277767	3.3
566	8910.146009	0.036720	0.000086	130.842783	2.6
567	9776.377987	0.035631	0.000086	105.834985	2.3
568	9339.794609	0.035560	0.000086	91.752913	2.3
569	9830.623680	0.035959	0.000086	120.473790	2.3
570	9283.371915	0.035492	0.000086	241.728861	2.4
571	9266.669026	0.038124	0.000086	131.531917	2.2
572	9516.268156	0.041055	0.000086	183.545426	2.4
573	9670.417885	0.040627	0.000086	118.038743	2.1
574	9194.810753	0.038150	0.000086	115.779581	2.1
575	9399.606847	0.038109	0.000086	207.586065	2.1
576	8955.646450	0.036819	0.000086	261.425796	2.1
577	9092.703959	0.043801	0.000086	170.519421	2.2
578	9396.143441	0.043374	0.000086	133.220507	2.2
579	9318.101477	0.040980	0.000086	166.783738	2.1
580	8919.402212	0.041814	0.000086	308.577562	2.1
581	9079.595122	0.047947	0.000086	54.232649	2.1
582	9478.913042	0.048385	0.000086	177.818856	2.1
583	9029.314148	0.047735	0.000086	71.595681	2.1
584	8979.432667	0.046685	0.000086	110.250169	2.1
585	9668.129078	0.046323	0.000086	180.299848	2.0
586	9435.575186	0.044228	0.000086	52.810611	2.0
587	9191.305376	0.043475	0.000086	157.756750	1.9
588	8958.257733	0.042951	0.000086	53.449708	2.0
589	9185.350217	0.042908	0.000086	252.999584	1.9
590	9153.419652	0.042113	0.000086	156.845878	2.0
591	9357.641720	0.045864	0.000086	69.492502	2.0
592	8621.567390	0.044772	0.000086	211.714266	2.0
593	9719.078182	0.044176	0.000086	196.846240	1.9
594	9173.592917	0.046179	0.000086	114.524274	1.9
595	9447.452079	0.044341	0.000086	188.212879	1.9
596	9933.593316	0.046117	0.000086	164.217284	2.0
597	9444.405137	0.045933	0.000086	147.113360	2.0
598	9564.054567	0.043213	0.000086	211.551755	1.9
599	8318.143299	0.046040	0.000086	173.765739	2.0
600	10320.785953	0.045278	0.000086	129.065181	2.0
601	8899.089606	0.043981	0.000086	70.181494	2.0
602	9192.004244	0.044106	0.000086	212.861665	1.9
603	9808.789813	0.044429	0.000086	246.791921	1.9
604	9312.134991	0.049957	0.000086	85.804546	1.9
605	9260.789597	0.050409	0.000086	76.818115	1.9
606	9191.132033	0.050391	0.000086	72.255199	2.0
607	9816.800694	0.050020	0.000086	266.890188	2.0
608	9232.267737	0.051354	0.000086	91.243423	2.0
609	8971.192897	0.050530	0.000086	238.171965	2.0
610	9270.249832	0.050206	0.000086	146.577970	2.0
611	9855.230963	0.046472	0.000086	106.340603	4.3
612	9109.960498	0.047707	0.000086	67.093493	2.0
613	9278.403882	0.047078	0.000086	222.329054	1.9
614	9319.131086	0.046365	0.000086	96.107246	2.2
615	9149.684671	0.043986	0.000086	167.164016	2.3
616	8834.233344	0.042397	0.000086	281.171472	2.2
617	8725.102550	0.049069	0.000086	154.738282	2.3
618	9259.725190	0.046791	0.000086	85.575991	2.2
619	8799.438777	0.047023	0.000086	114.424071	1.9
620	9029.643752	0.046405	0.000086	178.122153	1.9
621	9257.051731	0.044042	0.000086	180.767549	2.0
622	9159.464238	0.047866	0.000086	157.589479	2.0
623	8960.664231	0.047094	0.000086	98.224783	2.0
624	9213.918748	0.046167	0.000086	80.421002	2.0
625	9057.460652	0.045361	0.000086	107.157440	2.0
626	9571.749783	0.044334	0.000086	187.183991	2.0
627	9497.419701	0.043071	0.000086	81.968325	2.4
628	9143.584371	0.042510	0.000086	102.765431	1.9
629	9799.773503	0.041851	0.000086	185.110140	2.0
630	8947.729236	0.041020	0.000086	351.181038	1.9
631	9119.317914	0.051743	0.000086	163.961598	1.9
632	8494.058606	0.047238	0.000086	229.636486	2.0
633	8886.017189	0.052045	0.000086	173.016828	2.0
634	9178.173037	0.054054	0.000086	109.384970	2.9
635	9159.144807	0.054046	0.000086	137.235141	4.7
636	9559.291299	0.052940	0.000086	192.457579	4.4
637	9327.057006	0.050442	0.000086	160.486265	4.7
638	9717.044210	0.047817	0.000086	211.439586	5.1
639	8646.936434	0.049168	0.000086	199.070452	4.6
640	9692.462783	0.051399	0.000086	155.088551	4.3
641	9112.894224	0.052778	0.000086	120.874911	3.8
642	9289.507252	0.051153	0.000086	169.780717	3.9
643	8022.040571	0.048892	0.000086	194.175328	3.6
644	9164.916969	0.051575	0.000086	199.859635	3.2
645	9049.262803	0.053082	0.000086	101.738876	3.4
646	9185.006510	0.054969	0.000086	66.270331	3.6
647	9947.763889	0.054598	0.000086	180.929099	2.6
648	8883.842157	0.055316	0.000086	124.001471	2.6
649	8749.223524	0.056415	0.000086	289.228105	2.9
650	9138.819888	0.059562	0.000086	238.071788	3.6
651	8926.625641	0.067921	0.000086	89.981766	3.6
652	9696.885788	0.066794	0.000086	80.312320	3.1
653	9315.079045	0.066089	0.000086	77.344215	2.5
654	9060.868239	0.065306	0.000086	94.019683	2.3
655	9448.050273	0.064750	0.000086	261.401219	2.3
656	8575.901240	0.066060	0.000086	103.567428	2.4
657	9762.373223	0.068865	0.000086	149.282231	2.4
658	9293.479770	0.069632	0.000086	181.770725	2.3
659	9472.259919	0.068004	0.000086	138.014186	2.4
660	8794.510459	0.068284	0.000086	82.101406	2.4
661	9433.663579	0.068305	0.000086	170.598091	2.6
662	9827.558154	0.066811	0.000086	62.278008	2.5
663	9249.799985	0.067255	0.000086	60.674443	2.5
664	8944.490444	0.066937	0.000086	78.419437	2.6
665	9917.063381	0.066613	0.000086	367.629648	2.3
666	9425.635832	0.064403	0.000086	162.398207	2.3
667	8982.289654	0.071595	0.000086	135.688974	2.4
668	9878.136456	0.071279	0.000086	177.788495	2.3
669	10336.042804	0.072735	0.000086	148.743714	2.1
670	8631.021966	0.070561	0.000086	150.562525	2.3
671	9219.571054	0.071520	0.000086	110.943734	4.7
672	9172.318662	0.072435	0.000086	279.169173	4.5
673	9279.148376	0.074959	0.000086	121.860254	2.5
674	9160.529615	0.076467	0.000086	122.981102	2.5
675	10116.202361	0.075592	0.000086	87.671127	2.6
676	9239.920753	0.074536	0.000086	165.799411	2.8
677	9913.194830	0.075835	0.000086	128.370814	2.8
678	9350.958145	0.077452	0.000086	151.160971	2.9
679	9009.616693	0.077939	0.000086	80.997763	2.4
680	9360.929829	0.076794	0.000086	174.315251	2.3
681	9274.347490	0.075262	0.000086	110.497689	2.2
682	9951.620268	0.077157	0.000086	92.994889	2.2
683	8934.380465	0.077637	0.000086	92.133130	2.1
684	9349.648226	0.076859	0.000086	181.812534	2.0
685	9586.762540	0.075280	0.000086	147.001209	2.2
686	9423.654972	0.074754	0.000086	157.246771	2.1
687	9830.327177	0.074838	0.000086	51.713782	2.0
688	9024.042143	0.074181	0.000086	142.224660	2.1
689	9093.114875	0.073611	0.000086	148.483911	2.0
690	8920.576961	0.071530	0.000086	323.661021	2.0
691	9121.822093	0.067131	0.000086	107.554559	2.0
692	9236.728609	0.064707	0.000086	204.929195	1.9
693	9864.809644	0.066135	0.000086	196.462970	1.9
694	9551.839564	0.062048	0.000086	77.971187	2.0
695	9784.151791	0.061702	0.000086	135.161866	2.0
696	9091.266175	0.061945	0.000086	65.615753	2.0
697	9873.922179	0.060930	0.000086	268.986771	2.0
698	8885.779762	0.060569	0.000086	240.330592	2.2
699	8966.829093	0.057779	0.000086	140.431620	2.0
700	9782.949249	0.058015	0.000086	142.503496	2.1
701	9920.898825	0.059493	0.000086	136.960060	4.7
702	9191.355339	0.058892	0.000086	110.979716	4.6
703	9023.794941	0.057812	0.000086	203.383241	4.7
704	9161.820159	0.057511	0.000086	64.720369	4.7
705	9196.920222	0.058265	0.000086	164.107160	4.5
706	9238.763724	0.058458	0.000086	111.961869	3.7
707	9117.288459	0.057250	0.000086	127.070079	3.4
708	9089.062066	0.056098	0.000086	194.557438	3.2
709	8814.690071	0.055913	0.000086	178.248704	2.8
710	8676.518029	0.056720	0.000086	194.795553	2.5
711	9439.365351	0.060447	0.000086	128.276225	2.5
712	8907.323411	0.060611	0.000086	200.519155	2.5
713	8682.180911	0.062753	0.000086	111.646451	2.3
714	8982.836018	0.062114	0.000086	91.286053	2.4
715	9237.371196	0.062808	0.000086	154.801737	4.8
716	9244.398957	0.062221	0.000086	155.620743	4.7
717	9417.415846	0.061219	0.000086	182.247484	2.7
718	8935.471797	0.063134	0.000086	234.301953	2.8
719	9773.067499	0.068944	0.000086	291.937146	3.0
720	9097.870401	0.079915	0.000086	138.844449	2.9
721	8677.645021	0.085187	0.000086	57.035861	2.9
722	8655.520096	0.084357	0.000086	84.393228	2.9
723	9434.175272	0.084223	0.000086	147.335641	2.3
724	9910.865181	0.083737	0.000086	114.113373	2.5
725	9650.647395	0.082276	0.000086	106.871558	2.3
726	9255.907301	0.081003	0.000086	133.816126	2.3
727	8743.825721	0.082192	0.000086	163.684229	2.4
728	8759.971845	0.081526	0.000086	207.140719	2.1
729	9980.367030	0.079334	0.000086	159.196014	2.4
730	9821.814541	0.083326	0.000086	180.105423	2.1
731	9855.348319	0.084230	0.000086	142.421320	2.3
732	8737.373970	0.085636	0.000086	145.751298	2.3
733	9973.810549	0.086440	0.000086	161.617625	2.3
734	9479.521958	0.086595	0.000086	215.392621	2.3
735	9388.249485	0.090292	0.000086	156.951053	2.2
736	9266.871294	0.086443	0.000086	136.629584	2.0
737	9049.889689	0.088786	0.000086	159.822334	2.0
738	9410.694177	0.087033	0.000086	122.675614	2.0
739	8960.112010	0.084872	0.000086	100.760023	2.0
740	8713.278518	0.084257	0.000086	160.776317	2.0
741	9162.965728	0.083676	0.000086	117.977839	1.9
742	8618.690800	0.085028	0.000086	144.300082	2.0
743	9578.358689	0.084950	0.000086	134.869947	1.9
744	9612.576732	0.083652	0.000086	249.191608	1.9
745	8709.166731	0.087379	0.000086	179.872360	1.9
746	9449.250620	0.092686	0.000086	68.843381	2.0
747	8838.428955	0.092022	0.000086	127.318217	2.0
748	9399.523551	0.091037	0.000086	113.687932	2.0
749	9338.077217	0.092292	0.000086	232.127137	2.0
750	9448.277125	0.094556	0.000086	173.225300	1.9
751	9284.993668	0.090165	0.000086	356.440996	2.0
752	9390.274163	0.098682	0.000086	266.715824	1.9
753	9472.683561	0.090472	0.000086	128.270502	1.9
754	8870.775253	0.087315	0.000086	103.713304	1.9
755	9941.657673	0.087046	0.000086	178.802832	1.9
756	9329.256667	0.086656	0.000086	207.873962	1.9
757	9357.318387	0.082713	0.000086	87.519208	2.0
758	9387.313094	0.083300	0.000086	51.376205	1.9
759	9247.719399	0.083046	0.000086	93.903272	1.9
760	8841.595681	0.082653	0.000086	294.065020	1.9
761	9103.802110	0.079737	0.000086	185.000339	1.9
762	8960.504471	0.082856	0.000086	124.451574	1.9
763	9825.908483	0.080119	0.000086	121.911112	1.9
764	9006.922944	0.081096	0.000086	104.872427	2.0
765	9089.899967	0.080316	0.000086	166.715890	1.9
766	9333.784463	0.079244	0.000086	140.618460	1.9
767	9331.532417	0.080352	0.000086	153.805444	1.9
768	10033.332758	0.081398	0.000086	110.680961	2.0
769	9796.650325	0.080946	0.000086	101.078851	1.9
770	9230.674186	0.080771	0.000086	194.771462	2.0
771	9762.851331	0.080752	0.000086	223.981087	1.9
772	9029.806417	0.077727	0.000086	270.933640	1.9
773	9435.948322	0.082452	0.000086	132.013394	1.9
774	9479.673311	0.082213	0.000086	115.893547	1.9
775	9603.832046	0.081693	0.000086	191.636449	1.9
776	9648.167882	0.082489	0.000086	144.760634	2.0
777	9516.529905	0.081286	0.000086	195.061837	1.9
778	9175.634469	0.079812	0.000086	124.142621	1.9
779	8990.492453	0.077412	0.000086	104.895827	1.9
780	9621.366535	0.078114	0.000086	165.679929	1.9
781	8860.131590	0.077529	0.000086	138.450832	2.1
782	9287.088973	0.075884	0.000086	121.491253	2.0
783	9612.702215	0.074077	0.000086	138.971015	2.1
784	8979.581058	0.075660	0.000086	161.018957	1.9
785	9660.334218	0.077770	0.000086	270.763406	1.9
786	8905.824993	0.079816	0.000086	172.735037	2.0
787	9281.735278	0.075213	0.000086	182.884276	2.2
788	9132.384512	0.072988	0.000086	104.868180	4.6
789	9626.061154	0.071847	0.000086	202.107080	4.5
790	9535.949626	0.071524	0.000086	65.756180	4.0
791	9365.684151	0.070740	0.000086	140.724061	3.9
792	9338.372914	0.070129	0.000086	149.403864	3.3
793	9327.869443	0.067585	0.000086	128.622034	4.7
794	9530.779601	0.067666	0.000086	57.233841	4.6
795	8683.277646	0.067856	0.000086	236.976174	4.5
796	9091.661075	0.068267	0.000086	107.477777	4.0
797	9703.384882	0.069482	0.000086	154.886128	3.6
798	9515.356761	0.070139	0.000086	78.379790	3.8
799	9437.037706	0.070250	0.000086	188.725550	3.4
800	9314.243738	0.071051	0.000086	77.935405	3.2
801	9161.679925	0.071134	0.000086	177.975622	5.0
802	9219.073063	0.071639	0.000086	151.667429	3.4
803	9424.525512	0.070045	0.000086	166.051558	3.4
804	9568.854859	0.072227	0.000086	154.770354	3.4
805	9235.163438	0.071955	0.000086	171.068474	2.7
806	9030.873735	0.069722	0.000086	246.597893	2.6
807	8991.746895	0.067807	0.000086	102.604453	2.6
808	8856.544583	0.067825	0.000086	195.809242	2.6
809	9463.446327	0.066668	0.000086	49.587172	3.2
810	9942.469591	0.066312	0.000086	150.200879	2.3
811	8938.186867	0.065859	0.000086	157.007833	2.3
812	9039.461859	0.063728	0.000086	157.916417	2.3
813	9494.046251	0.064446	0.000086	89.226219	2.3
814	9409.021896	0.063161	0.000086	146.542867	4.0
815	9268.890701	0.064188	0.000086	128.559344	2.9
816	9299.338430	0.064146	0.000086	94.773426	2.5
817	9098.459524	0.065216	0.000086	87.838804	2.5
818	9314.537862	0.064575	0.000086	112.061158	2.5
819	8958.076538	0.063525	0.000086	78.115975	2.5
820	9606.568837	0.063998	0.000086	87.311664	2.4
821	8990.853401	0.063461	0.000086	142.126577	2.0
822	8671.466312	0.063129	0.000086	283.426576	2.0
823	9415.946105	0.068362	0.000086	98.240738	2.0
824	8696.151859	0.068443	0.000086	223.099962	2.0
825	9407.579334	0.069815	0.000086	167.733357	2.0
826	9045.683351	0.069582	0.000086	158.867161	1.9
827	9558.264817	0.066947	0.000086	91.964927	1.9
828	9532.637659	0.066571	0.000086	174.270098	1.9
829	9285.869615	0.067276	0.000086	93.103563	2.1
830	9302.471120	0.067500	0.000086	191.513240	4.4
831	9481.193643	0.066796	0.000086	296.620229	4.4
832	9388.203940	0.060947	0.000086	157.593388	3.7
833	9771.305508	0.055933	0.000086	148.999166	3.2
834	9100.156836	0.058286	0.000086	125.671561	3.2
835	9729.882797	0.059816	0.000086	83.362118	3.2
836	9599.324595	0.059979	0.000086	98.111063	2.6
837	9099.921674	0.059833	0.000086	86.718238	2.6
838	9212.205620	0.060162	0.000086	90.195457	2.6
839	9588.207315	0.060113	0.000086	107.679682	2.5
840	9725.976018	0.058973	0.000086	226.425263	2.3
841	9302.208823	0.059392	0.000086	121.966720	2.3
842	9534.909257	0.056656	0.000086	210.984098	2.2
843	9096.700098	0.054936	0.000086	127.771488	2.3
844	8987.812683	0.053815	0.000086	72.011315	2.4
845	9200.789571	0.052839	0.000086	102.303137	2.4
846	9140.395260	0.052117	0.000086	52.998254	2.3
847	9138.551116	0.051772	0.000086	324.531144	2.3
848	8855.794276	0.050920	0.000086	253.254156	2.1
849	9508.907813	0.043664	0.000086	157.788779	2.1
850	8597.181949	0.039724	0.000086	50.779751	2.2
851	9108.244461	0.039575	0.000086	149.197152	2.1
852	9210.319195	0.039259	0.000086	60.206445	2.2
853	9154.734015	0.039254	0.000086	211.146970	1.9
854	8528.933611	0.039472	0.000086	75.578647	2.0
855	9012.239154	0.037887	0.000086	125.532115	2.0
856	9438.762324	0.037358	0.000086	150.193911	1.9
857	9369.707636	0.039244	0.000086	74.407220	1.9
858	9293.286107	0.039649	0.000086	184.767481	1.9
859	9123.540870	0.038046	0.000086	112.116898	1.9
860	9425.707777	0.035525	0.000086	215.756435	2.0
861	9067.031994	0.037880	0.000086	156.690611	2.0
862	9148.418056	0.036076	0.000086	128.184995	2.0
863	8970.901730	0.038050	0.000086	112.988558	1.9
864	9369.977480	0.037877	0.000086	184.301524	4.7
865	9464.381926	0.039535	0.000086	95.553060	2.5
866	8696.442854	0.039925	0.000086	121.477339	2.4
867	9627.909036	0.039381	0.000086	94.208775	2.5
868	8820.876625	0.038747	0.000086	116.386419	2.8
869	9334.910308	0.037527	0.000086	117.625496	2.0
870	8804.457778	0.037338	0.000086	163.423848	1.9
871	8980.126795	0.038066	0.000086	141.200922	1.9
872	8902.423295	0.036626	0.000086	96.479635	2.7
873	8710.188077	0.035440	0.000086	122.315853	2.1
874	9214.957352	0.036319	0.000086	221.604274	2.0
875	8574.971450	0.039701	0.000086	171.582516	2.0
876	9085.852927	0.045384	0.000086	108.843160	2.0
877	8779.506594	0.044199	0.000086	105.543923	2.2
878	8844.945942	0.042856	0.000086	219.101910	2.0
879	8821.253034	0.042806	0.000086	124.189127	2.0
880	9282.915201	0.039634	0.000086	65.254262	1.8
881	9272.745167	0.038823	0.000086	131.067125	1.9
882	8946.486864	0.039084	0.000086	149.958666	2.2
883	9074.690075	0.037312	0.000086	269.262424	4.3
884	9289.530614	0.039688	0.000086	170.517406	4.9
885	9576.586240	0.045295	0.000086	398.785560	4.8
886	8634.440244	0.039135	0.000086	135.130009	4.7
887	8667.553042	0.046591	0.000086	192.183525	4.6
888	9397.836425	0.044685	0.000086	214.458130	3.6
889	8514.573489	0.043357	0.000086	404.209207	2.9
890	9130.763959	0.041430	0.000086	222.614448	2.3
891	9237.616022	0.051926	0.000086	209.671806	2.5
892	8833.936244	0.046837	0.000086	84.040138	2.9
893	9110.600475	0.045929	0.000086	126.624963	3.0
894	9337.846544	0.045429	0.000086	231.129845	2.8
895	10033.964210	0.048840	0.000086	96.454127	2.6
896	9056.677202	0.047920	0.000086	127.754876	2.6
897	10031.588438	0.047181	0.000086	198.280074	2.6
898	9371.632617	0.048557	0.000086	74.080854	2.6
899	9426.642240	0.049385	0.000086	181.824334	2.4
900	9277.590050	0.050609	0.000086	80.009578	2.5
901	9474.675600	0.049856	0.000086	83.646922	2.5
902	8667.177130	0.049780	0.000086	193.023641	2.5
903	9743.717988	0.050803	0.000086	212.805153	2.6
904	9033.497927	0.052094	0.000086	146.807048	2.5
905	8890.578717	0.051716	0.000086	111.776228	2.5
906	9433.590580	0.052101	0.000086	73.923639	2.5
907	9361.890309	0.052293	0.000086	87.290415	2.3
908	8818.151626	0.052403	0.000086	147.306386	2.2
909	9138.502232	0.051188	0.000086	89.811640	2.2
910	9752.333923	0.051720	0.000086	151.780285	2.2
911	9546.922503	0.050227	0.000086	163.251675	2.1
912	9389.305864	0.050311	0.000086	176.181265	2.2
913	9801.405328	0.048384	0.000086	77.087501	2.1
914	9191.834356	0.048491	0.000086	99.405231	2.1
915	9571.274011	0.048313	0.000086	114.699049	2.1
916	8646.333394	0.047104	0.000086	105.272985	2.2
917	9198.611749	0.045972	0.000086	94.488070	2.2
918	9392.569713	0.045037	0.000086	139.760337	2.1
919	9506.224658	0.045825	0.000086	86.497748	2.2
920	8571.363325	0.045213	0.000086	98.436733	2.1
921	9113.148096	0.044533	0.000086	81.095909	2.0
922	8919.413414	0.044164	0.000086	236.562646	2.0
923	9555.226791	0.045280	0.000086	268.771955	2.0
924	9909.050529	0.041013	0.000086	159.769557	2.0
925	8576.635909	0.047225	0.000086	142.296448	2.0
926	9224.913130	0.049883	0.000086	155.374545	2.0
927	9002.436387	0.050828	0.000086	59.045581	1.9
928	9808.790009	0.050680	0.000086	143.778880	1.9
929	9088.735278	0.049869	0.000086	111.411696	2.0
930	8975.988051	0.050473	0.000086	75.844266	2.0
931	9319.351100	0.050942	0.000086	95.818574	2.0
932	8701.393769	0.050687	0.000086	147.212160	2.0
933	9194.701934	0.050005	0.000086	177.310441	3.2
934	9821.342027	0.050453	0.000086	385.166376	2.0
935	9094.851292	0.056432	0.000086	135.564474	1.9
936	8991.323686	0.051975	0.000086	206.111995	1.9
937	8870.690573	0.053274	0.000086	175.624632	1.9
938	9218.330229	0.055853	0.000086	102.439593	1.9
939	9264.292936	0.056485	0.000086	95.180616	1.9
940	9481.916379	0.056722	0.000086	76.018650	1.9
941	9675.101710	0.056044	0.000086	176.393459	1.9
942	9675.201211	0.056921	0.000086	144.637227	1.9
943	9582.006229	0.054429	0.000086	76.008257	1.9
944	9687.377196	0.054647	0.000086	239.532661	1.9
945	9242.386823	0.055070	0.000086	151.527606	1.9
946	8706.797934	0.060042	0.000086	120.103576	2.1
947	9142.410085	0.061805	0.000086	162.202982	1.9
948	9235.666242	0.059641	0.000086	167.278744	1.9
949	9138.905188	0.060443	0.000086	141.967613	1.9
950	9531.765659	0.057851	0.000086	275.579747	2.0
951	8917.509063	0.056893	0.000086	47.416941	4.0
952	9091.014292	0.056749	0.000086	160.018786	2.4
953	8988.419379	0.056622	0.000086	203.092611	2.5
954	9014.787283	0.055866	0.000086	128.296830	2.9
955	9407.035754	0.053647	0.000086	167.387091	2.5
956	9170.254068	0.051754	0.000086	248.403285	2.3
957	9009.359431	0.048076	0.000086	69.447344	4.2
958	9385.485118	0.046363	0.000086	116.353608	1.9
959	8517.101006	0.045586	0.000086	135.027689	4.2
960	9487.101448	0.046240	0.000086	183.880379	2.5
961	9261.384548	0.045510	0.000086	62.986802	2.5
962	8995.969529	0.046012	0.000086	135.064729	2.4
963	9289.998346	0.045962	0.000086	219.740343	2.5
964	9185.029355	0.043749	0.000086	121.950335	2.0
965	9671.750727	0.043682	0.000086	132.358542	2.0
966	9677.396674	0.043486	0.000086	89.027281	2.0
967	8635.969530	0.043986	0.000086	103.219270	1.9
968	9453.112933	0.043101	0.000086	479.515810	1.9
969	9039.422604	0.045572	0.000086	86.598026	5.2
970	9405.417296	0.044730	0.000086	122.637812	4.8
971	9454.579044	0.044574	0.000086	325.354272	4.3
972	8888.037563	0.048920	0.000086	72.660355	4.2
973	9660.894887	0.047537	0.000086	111.995116	4.4
974	9156.790343	0.047652	0.000086	153.254375	3.2
975	8690.471512	0.049013	0.000086	130.736042	3.3
976	9458.573572	0.049961	0.000086	113.976410	3.2
977	9109.770445	0.048159	0.000086	45.740044	2.7
978	9631.371076	0.047819	0.000086	280.701060	2.6
979	9383.251954	0.047268	0.000086	145.635104	2.6
980	9215.985527	0.042911	0.000086	126.400740	2.6
981	8876.740677	0.040998	0.000086	160.161617	2.4
982	9457.045090	0.039027	0.000086	170.415915	2.2
983	10135.389725	0.039952	0.000086	108.271470	2.2
984	9146.494791	0.041462	0.000086	213.821464	2.2
985	9173.754864	0.038995	0.000086	138.344026	2.2
986	8668.035014	0.042128	0.000086	217.377422	2.3
987	9610.658250	0.040083	0.000086	132.148320	4.6
988	8806.038420	0.037240	0.000086	94.088147	4.5
989	10093.913525	0.036481	0.000086	245.509893	4.5
990	8545.401185	0.036203	0.000086	117.147779	4.5
991	9325.322807	0.039117	0.000086	119.063103	4.5
992	9388.763954	0.038987	0.000086	196.696595	4.4
993	9331.378806	0.040651	0.000086	107.855090	3.3
994	9105.300088	0.041209	0.000086	160.972236	3.3
995	9209.433091	0.041513	0.000086	119.766124	3.3
996	8773.132955	0.043254	0.000086	185.186025	2.8
997	10111.598825	0.044700	0.000086	184.155428	2.7
998	9319.458510	0.049215	0.000086	180.254741	2.8
999	9204.782769	0.051154	0.000086	113.017190	2.6
1000	9530.488516	0.052709	0.000086	199.398830	2.5
1001	9228.062991	0.053184	0.000086	53.603578	2.6
1002	9437.663005	0.053716	0.000086	96.425261	2.5
1003	8958.131003	0.053313	0.000086	154.391867	2.3
1004	9059.883124	0.054322	0.000086	107.132290	2.1
1005	9141.841656	0.055193	0.000086	244.296012	2.0
1006	8946.394964	0.057932	0.000086	180.957657	2.2
1007	9106.075443	0.056721	0.000086	97.720082	2.0
1008	8817.962541	0.057778	0.000086	143.550516	2.8
1009	9415.436346	0.056976	0.000086	49.706865	4.2
1010	8917.920075	0.056555	0.000086	73.897981	3.1
1011	9536.720452	0.056355	0.000086	149.525261	3.8
1012	9872.240173	0.057067	0.000086	268.361462	3.8
1013	9100.105201	0.053308	0.000086	165.955249	3.8
1014	8513.063352	0.059118	0.000086	100.827866	2.9
1015	9076.492909	0.059084	0.000086	120.087131	3.0
1016	9402.534347	0.058405	0.000086	379.265165	3.0
1017	8924.562184	0.058448	0.000086	122.689472	3.2
1018	8956.214050	0.060409	0.000086	151.202641	3.5
1019	9560.467258	0.061168	0.000086	171.990558	3.5
1020	9035.684620	0.064593	0.000086	181.873541	3.3
1021	9715.338508	0.068009	0.000086	100.528242	3.5
1022	9291.694814	0.069372	0.000086	242.519218	6.1
1023	9022.314309	0.072064	0.000086	119.664789	4.2
1024	10081.089188	0.073326	0.000086	196.899448	4.3
1025	8918.792034	0.073820	0.000086	132.561188	4.8
1026	8932.018659	0.076709	0.000086	163.661138	5.3
1027	8636.788548	0.074845	0.000086	134.837705	4.9
1028	9376.965709	0.077508	0.000086	56.179751	4.9
1029	9601.114786	0.077463	0.000086	126.791307	3.9
1030	8955.790553	0.077338	0.000086	96.248751	3.6
1031	9301.628718	0.076526	0.000086	140.191107	3.6
1032	9423.925482	0.076014	0.000086	249.949215	3.7
1033	8896.725945	0.075642	0.000086	66.353360	3.6
1034	10031.620009	0.076287	0.000086	69.520268	4.6
1035	9573.962534	0.075840	0.000086	147.760660	4.5
1036	9000.073539	0.075259	0.000086	157.494075	3.9
1037	9006.504485	0.075849	0.000086	161.993496	3.8
1038	9441.152256	0.075556	0.000086	88.700762	3.7
1039	8698.284942	0.074966	0.000086	136.375435	3.0
1040	9693.635599	0.073551	0.000086	60.834576	3.0
1041	8912.980227	0.073501	0.000086	65.909016	2.9
1042	9751.082437	0.073399	0.000086	184.384695	3.0
1043	8931.530088	0.073279	0.000086	125.806380	3.0
1044	9380.856370	0.074656	0.000086	191.521378	3.0
1045	8982.751977	0.073150	0.000086	117.931682	3.0
1046	9074.461214	0.072208	0.000086	118.517709	3.2
1047	8628.149480	0.073660	0.000086	171.069089	3.1
1048	9241.916603	0.071446	0.000086	136.657589	3.0
1049	9126.726541	0.074232	0.000086	238.915447	2.5
1050	9136.230019	0.074720	0.000086	74.090621	2.5
1051	9012.458630	0.073168	0.000086	209.977276	2.4
1052	9016.639342	0.071981	0.000086	214.249147	2.3
1053	9337.682326	0.070614	0.000086	77.577827	2.2
1054	9158.229460	0.069731	0.000086	154.665919	2.1
1055	9356.438234	0.068788	0.000086	199.634385	2.2
1056	9366.132501	0.067023	0.000086	148.268920	2.2
1057	9081.741791	0.067202	0.000086	98.611760	2.1
1058	9271.816813	0.067715	0.000086	101.675335	2.0
1059	9219.330541	0.067665	0.000086	170.116446	2.0
1060	9642.417303	0.068679	0.000086	137.682829	2.1
1061	9246.533584	0.070476	0.000086	106.007991	2.0
1062	9275.470531	0.070542	0.000086	267.367514	2.0
1063	9191.710586	0.073701	0.000086	215.319870	2.0
1064	9732.625651	0.067917	0.000086	87.149268	2.0
1065	9647.099980	0.068772	0.000086	68.840281	2.0
1066	9378.270468	0.068666	0.000086	51.212602	2.0
1067	9138.424629	0.068255	0.000086	195.650974	2.0
1068	8746.645747	0.068563	0.000086	157.454359	2.0
1069	9288.490000	0.065296	0.000086	102.010258	2.0
1070	8837.234561	0.066652	0.000086	114.340700	2.0
1071	8834.448089	0.065789	0.000086	87.638915	2.1
1072	9945.571410	0.065503	0.000086	64.057954	4.3
1073	9197.865221	0.065464	0.000086	115.912861	3.9
1074	10265.820444	0.064614	0.000086	242.419233	4.7
1075	8924.726071	0.066556	0.000086	121.392807	4.8
1076	8927.153865	0.063782	0.000086	75.380869	4.5
1077	9072.326895	0.063116	0.000086	42.742371	4.6
1078	9615.344849	0.062874	0.000086	186.566475	4.6
1079	8461.109508	0.062350	0.000086	146.744318	3.3
1080	8980.170998	0.066080	0.000086	142.662775	3.4
1081	10364.703347	0.064887	0.000086	120.596759	3.6
1082	9303.928210	0.065371	0.000086	155.054814	2.9
1083	9432.421026	0.064720	0.000086	91.148087	2.8
1084	9328.910685	0.065920	0.000086	113.283748	2.9
1085	9094.073340	0.066713	0.000086	57.040962	2.8
1086	9058.584249	0.066350	0.000086	100.600100	2.3
1087	9374.299096	0.066252	0.000086	115.697084	2.3
1088	9310.911505	0.065880	0.000086	86.875247	4.5
1089	9323.670284	0.065153	0.000086	225.817543	4.5
1090	9468.230007	0.066509	0.000086	223.996425	4.1
1091	9146.002524	0.062749	0.000086	186.150484	3.5
1092	9616.679222	0.066010	0.000086	82.453981	3.3
1093	9825.135124	0.066068	0.000086	368.026233	3.2
1094	9299.280768	0.069081	0.000086	110.556843	2.7
1095	8548.851947	0.066958	0.000086	133.535195	4.7
1096	9451.640258	0.066605	0.000086	216.259664	4.4
1097	8831.761685	0.068358	0.000086	67.735493	4.9
1098	9529.202773	0.066969	0.000086	198.074129	4.3
1099	9259.286830	0.066098	0.000086	160.144421	3.3
1100	9024.879391	0.068167	0.000086	130.732530	3.3
1101	9380.059218	0.066437	0.000086	95.840245	3.2
1102	9353.861148	0.067501	0.000086	180.814122	5.1
1103	8935.065255	0.065940	0.000086	54.302189	3.2
1104	9702.630730	0.066153	0.000086	102.535241	3.1
1105	9246.108162	0.066157	0.000086	209.384855	3.1
1106	9323.758203	0.066953	0.000086	132.613192	3.1
1107	8776.482267	0.065330	0.000086	236.168892	2.9
1108	9842.575760	0.062800	0.000086	171.789601	2.7
1109	8845.998251	0.068937	0.000086	95.345448	2.7
1110	8425.023015	0.066922	0.000086	111.685364	2.7
1111	9946.583758	0.067903	0.000086	155.048704	2.3
1112	9267.626611	0.069791	0.000086	167.067722	2.4
1113	9117.537922	0.072392	0.000086	60.633841	2.4
1114	9278.825941	0.072799	0.000086	142.172917	2.3
1115	9132.377686	0.071836	0.000086	173.234184	2.3
1116	9051.936770	0.070300	0.000086	150.495541	2.3
1117	8984.058664	0.072761	0.000086	82.024683	2.3
1118	9188.426381	0.073348	0.000086	164.854217	2.3
1119	9500.743763	0.073096	0.000086	109.164300	2.3
1120	9017.592834	0.074914	0.000086	173.287182	2.3
1121	9249.152829	0.072718	0.000086	83.786069	2.3
1122	9077.330514	0.074036	0.000086	354.059049	2.3
1123	8356.635711	0.075258	0.000086	164.862976	2.3
1124	9545.535216	0.079487	0.000086	130.610931	2.4
1125	8856.297861	0.077649	0.000086	172.026311	2.3
1126	8591.763340	0.074912	0.000086	321.941966	2.3
1127	8935.758929	0.083547	0.000086	80.102939	2.4
1128	9313.270866	0.084381	0.000086	118.126006	2.1
1129	9882.622439	0.083450	0.000086	116.051235	2.3
1130	9473.900900	0.083237	0.000086	156.126906	4.7
1131	9197.632778	0.081322	0.000086	229.701764	4.6
1132	9100.965990	0.077605	0.000086	135.535872	4.6
1133	9885.920943	0.075659	0.000086	149.324888	4.4
1134	9374.807765	0.074994	0.000086	75.268548	4.2
1135	9040.643335	0.075737	0.000086	99.505053	4.0
1136	8930.136097	0.075181	0.000086	56.028817	3.4
1137	9350.503564	0.074883	0.000086	45.482603	3.8
1138	8980.289597	0.074579	0.000086	117.284050	3.0
1139	9330.225533	0.074671	0.000086	118.241102	2.7
1140	8938.556865	0.075090	0.000086	167.453939	2.6
1141	8608.352796	0.075298	0.000086	245.003963	2.8
1142	9023.426539	0.076981	0.000086	102.511026	5.0
1143	9575.518316	0.075504	0.000086	132.217635	5.2
1144	9142.664026	0.076346	0.000086	110.607981	3.4
1145	9640.138128	0.075907	0.000086	171.371863	3.3
1146	8717.462006	0.076852	0.000086	115.037782	3.3
1147	9049.160968	0.074900	0.000086	274.686091	2.7
1148	9442.055381	0.074616	0.000086	176.448582	4.7
1149	8631.807074	0.078999	0.000086	248.179223	4.2
1150	9178.186405	0.077349	0.000086	124.500489	3.7
1151	8959.359580	0.080075	0.000086	70.264759	3.7
1152	9292.844522	0.079941	0.000086	118.971803	2.9
1153	8276.843855	0.079175	0.000086	145.351536	2.8
1154	9147.909577	0.081088	0.000086	88.063543	2.7
1155	9373.743986	0.081029	0.000086	164.013200	2.8
1156	9244.908411	0.081380	0.000086	52.035773	2.3
1157	9301.856404	0.081566	0.000086	151.537351	2.4
1158	9415.231302	0.081063	0.000086	150.288996	2.4
1159	8545.591878	0.079673	0.000086	45.995444	2.4
1160	9237.509675	0.079577	0.000086	205.503232	2.1
1161	9014.210215	0.079157	0.000086	141.290251	2.2
1162	9215.983702	0.081096	0.000086	162.640964	2.4
1163	8839.860909	0.080904	0.000086	130.878364	2.3
1164	9399.211365	0.081654	0.000086	129.256431	2.5
1165	8917.126800	0.083602	0.000086	193.786203	2.4
1166	8725.714420	0.086527	0.000086	104.594135	2.4
1167	8944.115040	0.086623	0.000086	210.542487	2.4
1168	8999.398825	0.086715	0.000086	173.202625	2.2
1169	9000.745351	0.084410	0.000086	275.483037	2.0
1170	8980.661071	0.084984	0.000086	84.166634	2.9
1171	9285.454429	0.086209	0.000086	115.627804	2.3
1172	9008.777861	0.085704	0.000086	109.551799	2.3
1173	9497.280116	0.085171	0.000086	97.156168	2.8
1174	9011.493794	0.085319	0.000086	183.873533	2.7
1175	9019.233971	0.086721	0.000086	79.041771	2.7
1176	9555.551166	0.085973	0.000086	185.323459	2.4
1177	9229.838462	0.084718	0.000086	98.538980	2.2
1178	8639.199266	0.084736	0.000086	71.949671	2.1
1179	9259.023626	0.084964	0.000086	138.949054	2.1
1180	8763.547707	0.084204	0.000086	144.424121	2.2
1181	9045.203106	0.086256	0.000086	149.081420	2.0
1182	9071.236667	0.084957	0.000086	212.236330	2.0
1183	9177.463245	0.088094	0.000086	62.240494	2.0
1184	9476.369497	0.087308	0.000086	95.788947	2.0
1185	9131.554168	0.087113	0.000086	184.240206	1.9
1186	9158.832486	0.085445	0.000086	101.652462	2.0
1187	9408.770213	0.084374	0.000086	216.733497	2.0
1188	9894.776779	0.084308	0.000086	253.454279	1.9
1189	9371.838957	0.081352	0.000086	290.820667	1.9
1190	9341.092821	0.093797	0.000086	64.596131	2.0
1191	9459.664711	0.094693	0.000086	78.593493	2.0
1192	9005.752031	0.094121	0.000086	218.518930	2.0
1193	9818.378327	0.095085	0.000086	95.834805	2.0
1194	9269.533310	0.094472	0.000086	147.662706	2.0
1195	9463.847319	0.094663	0.000086	167.368350	2.0
1196	9461.156371	0.094525	0.000086	139.613578	2.0
1197	8776.916412	0.094399	0.000086	111.321738	2.0
1198	9606.128586	0.095915	0.000086	170.892939	2.0
1199	9167.147303	0.095677	0.000086	313.444245	1.9
1200	9415.630153	0.091881	0.000086	81.421694	1.9
1201	9282.669635	0.089579	0.000086	232.799401	2.0
1202	9656.675489	0.088088	0.000086	329.652243	2.0
1203	9628.935612	0.101149	0.000086	74.262993	1.9
1204	9200.265757	0.098620	0.000086	120.129004	1.9
1205	9430.239402	0.098809	0.000086	71.270696	1.9
1206	9024.636611	0.098694	0.000086	60.997044	1.9
1207	8963.345845	0.098229	0.000086	81.005123	1.9
1208	9080.003223	0.097667	0.000086	222.794823	1.9
1209	8778.905694	0.096677	0.000086	74.879182	1.9
1210	9042.718779	0.096013	0.000086	83.812444	1.9
1211	9769.582634	0.096229	0.000086	222.209568	1.9
1212	9583.982211	0.096800	0.000086	213.459317	1.9
1213	9341.007040	0.099926	0.000086	135.914738	2.0
1214	9445.846791	0.100443	0.000086	66.713562	2.0
1215	9578.280552	0.100485	0.000086	280.632768	1.9
1216	8809.818586	0.101924	0.000086	63.628088	1.9
1217	9439.000478	0.101707	0.000086	215.526453	2.0
1218	8774.320841	0.101176	0.000086	139.251384	1.9
1219	9151.465763	0.100883	0.000086	145.424987	2.0
1220	9089.609136	0.099467	0.000086	355.055165	2.0
1221	8875.027770	0.096599	0.000086	102.789754	1.9
1222	9157.692318	0.093036	0.000086	208.122890	2.6
1223	8723.584332	0.094346	0.000086	182.321610	1.8
1224	8422.185722	0.090503	0.000086	117.749290	1.8
1225	9484.779703	0.090404	0.000086	83.549420	2.0
1226	9269.836181	0.090274	0.000086	188.356121	3.2
1227	9436.441708	0.089591	0.000086	131.682620	3.6
1228	9346.864245	0.092093	0.000086	157.489861	3.6
1229	9977.278568	0.093360	0.000086	165.844697	3.2
1230	8741.420433	0.090899	0.000086	144.562981	2.8
1231	8955.893561	0.089223	0.000086	186.149634	2.8
1232	9281.013798	0.089196	0.000086	161.426358	3.0
1233	9261.156128	0.091720	0.000086	139.197659	3.1
1234	9523.353787	0.090855	0.000086	229.861901	2.8
1235	8736.081769	0.087542	0.000086	80.071874	2.7
1236	9337.548606	0.086620	0.000086	86.746240	3.0
1237	9232.259338	0.085983	0.000086	119.057323	4.6
1238	8975.573668	0.086632	0.000086	139.431282	4.7
1239	9381.465698	0.084673	0.000086	250.701919	4.9
1240	9494.255748	0.086462	0.000086	192.652133	4.7
1241	9543.192252	0.082843	0.000086	156.516367	3.6
1242	8410.927518	0.083896	0.000086	143.614396	3.6
1243	9852.202935	0.083466	0.000086	158.517510	3.3
1244	9535.755871	0.083840	0.000086	213.714253	3.0
1245	8826.648388	0.084834	0.000086	88.695450	4.3
1246	9169.766577	0.083233	0.000086	153.570630	3.3
1247	8703.954675	0.084464	0.000086	159.086005	4.6
1248	9738.360379	0.086462	0.000086	190.432018	4.5
1249	8892.032986	0.088843	0.000086	127.944870	3.9
1250	8900.335111	0.090545	0.000086	151.016018	4.1
1251	9488.714429	0.089382	0.000086	41.334251	3.2
1252	9526.396377	0.089442	0.000086	93.132817	3.0
1253	9170.847366	0.089260	0.000086	89.430208	3.0
1254	9305.390739	0.089474	0.000086	82.794548	3.0
1255	8798.810202	0.089093	0.000086	156.460940	3.3
1256	9210.491688	0.087659	0.000086	151.510840	3.0
1257	9261.290941	0.085928	0.000086	172.168632	2.9
1258	9497.185930	0.088805	0.000086	162.313541	2.6
1259	9320.881227	0.088855	0.000086	136.772354	2.6
1260	9276.857498	0.089645	0.000086	110.790595	2.6
1261	9314.032633	0.091022	0.000086	134.818902	2.5
1262	8681.280207	0.092604	0.000086	168.646049	2.4
1263	9217.599539	0.090119	0.000086	237.082220	2.3
1264	8728.487718	0.094003	0.000086	113.649931	2.4
1265	9781.531547	0.095783	0.000086	207.418951	2.4
1266	8995.277874	0.093898	0.000086	200.050094	2.5
1267	8983.102553	0.093267	0.000086	92.494731	2.5
1268	9384.098416	0.092064	0.000086	237.348621	2.5
1269	9111.226125	0.091497	0.000086	87.663839	2.5
1270	8800.057688	0.089880	0.000086	156.711266	2.0
1271	9823.313793	0.088222	0.000086	331.822297	2.0
1272	8937.614952	0.083713	0.000086	163.137310	2.0
1273	9346.940385	0.091234	0.000086	137.660370	2.0
1274	8663.446658	0.091627	0.000086	153.835365	2.0
1275	9185.702232	0.090358	0.000086	117.802580	2.0
1276	9611.749544	0.090637	0.000086	111.618223	2.1
1277	9678.577780	0.089754	0.000086	129.136832	2.0
1278	9576.029233	0.087977	0.000086	77.915512	2.0
1279	10181.015654	0.088587	0.000086	80.424602	2.0
1280	9351.148871	0.088744	0.000086	201.401644	1.9
1281	10065.719653	0.089503	0.000086	176.303405	2.5
1282	8626.347022	0.092779	0.000086	263.667107	1.9
1283	8902.472067	0.091662	0.000086	206.540107	1.9
1284	9551.509927	0.086337	0.000086	192.798851	2.3
1285	9476.896705	0.091794	0.000086	62.189490	1.9
1286	9243.018527	0.091839	0.000086	85.455561	1.9
1287	8585.678588	0.091361	0.000086	113.963219	2.0
1288	9511.664566	0.090646	0.000086	129.334893	2.0
1289	8893.942816	0.091989	0.000086	171.058785	2.0
1290	8971.166305	0.090184	0.000086	156.187803	1.9
1291	9120.009244	0.093475	0.000086	153.354719	1.9
1292	8923.624698	0.090636	0.000086	82.002998	2.0
1293	9092.340969	0.090472	0.000086	241.384120	2.0
1294	9506.783699	0.091080	0.000086	218.169738	2.0
1295	9593.874193	0.098515	0.000086	188.129957	2.0
1296	8856.838433	0.095427	0.000086	155.408856	2.0
1297	8549.457922	0.099266	0.000086	131.003224	1.9
1298	8694.379648	0.098352	0.000086	193.231095	1.9
1299	9876.758181	0.101188	0.000086	211.385946	1.9
1300	9984.995382	0.098334	0.000086	111.988510	2.0
1301	9927.952952	0.100099	0.000086	180.971001	2.0
1302	9825.693839	0.099419	0.000086	133.831843	1.9
1303	9410.185569	0.097162	0.000086	48.708183	1.9
1304	8479.877228	0.096586	0.000086	338.301471	2.0
1305	8545.726178	0.097394	0.000086	140.987509	4.0
1306	9400.369334	0.092872	0.000086	196.674569	1.9
1307	8839.973772	0.090350	0.000086	171.207776	2.0
1308	9072.503454	0.089990	0.000086	118.491448	2.0
1309	9045.137175	0.092268	0.000086	54.056801	2.3
1310	9224.504940	0.092246	0.000086	170.502218	4.5
1311	9458.429838	0.092278	0.000086	301.788176	2.1
1312	9512.243563	0.100073	0.000086	120.796790	2.9
1313	9227.324377	0.096461	0.000086	60.021885	4.9
1314	8902.500277	0.096202	0.000086	92.586077	4.9
1315	8831.550734	0.095700	0.000086	152.210960	4.9
1316	9179.731258	0.094582	0.000086	66.789902	4.3
1317	8579.409423	0.094373	0.000086	225.045483	2.4
1318	9020.488847	0.094591	0.000086	93.588052	2.4
1319	9414.614573	0.094124	0.000086	100.998057	2.5
1320	8885.931564	0.093179	0.000086	185.471409	2.5
1321	9321.924963	0.094494	0.000086	159.824973	2.3
1322	8804.290897	0.091040	0.000086	80.969483	2.5
1323	9390.740889	0.091203	0.000086	165.596075	2.4
1324	8684.818160	0.091167	0.000086	158.314659	2.3
1325	9284.625155	0.094298	0.000086	131.302427	2.1
1326	9106.151531	0.093098	0.000086	129.172121	2.1
1327	9087.447029	0.092051	0.000086	207.179373	2.1
1328	9259.339343	0.095437	0.000086	108.292599	2.2
1329	8575.061205	0.096898	0.000086	217.908327	2.2
1330	8913.459879	0.099369	0.000086	239.726409	2.1
1331	9231.613219	0.094730	0.000086	122.983655	2.1
1332	8691.348357	0.091478	0.000086	111.340837	2.1
1333	9461.498522	0.089838	0.000086	49.192842	2.1
1334	9802.164294	0.089922	0.000086	63.113343	2.1
1335	9171.270396	0.089694	0.000086	222.124342	2.0
1336	9115.317411	0.089887	0.000086	129.942560	2.0
1337	9175.903268	0.091682	0.000086	129.755960	2.0
1338	9460.574828	0.092297	0.000086	261.111761	2.0
1339	8929.612708	0.088600	0.000086	121.378484	2.1
1340	8919.538036	0.092752	0.000086	123.738948	2.3
1341	8866.102888	0.091027	0.000086	77.233195	1.9
1342	9220.852135	0.091776	0.000086	73.233885	1.9
1343	8984.322476	0.091676	0.000086	142.882738	2.0
1344	9191.702691	0.091101	0.000086	193.797439	2.1
1345	9233.015269	0.088133	0.000086	159.713224	2.2
1346	9544.308173	0.089753	0.000086	173.532909	2.1
1347	9299.422534	0.093067	0.000086	117.388164	2.1
1348	9311.045663	0.091408	0.000086	52.737422	2.2
1349	9077.242604	0.091461	0.000086	147.044909	2.0
1350	8571.280516	0.091125	0.000086	135.069360	2.0
1351	9605.486783	0.093488	0.000086	110.238585	2.0
1352	9135.578960	0.094329	0.000086	68.541654	1.9
1353	9201.411842	0.093777	0.000086	77.697483	2.0
1354	9131.562056	0.093241	0.000086	57.555623	2.1
1355	9036.520100	0.092892	0.000086	222.383757	2.2
1356	8823.348311	0.091662	0.000086	148.130067	2.1
1357	8780.569004	0.088735	0.000086	111.876431	2.1
1358	9228.605173	0.090348	0.000086	71.004505	2.1
1359	9254.700918	0.089489	0.000086	131.605115	2.0
1360	8879.430684	0.088754	0.000086	77.875409	2.0
1361	9453.093201	0.088307	0.000086	226.412455	2.0
1362	9489.587626	0.086577	0.000086	102.220419	2.0
1363	9417.517421	0.084063	0.000086	118.766458	2.1
1364	8783.426459	0.082829	0.000086	148.929815	3.6
1365	9538.639085	0.084014	0.000086	326.618077	1.9
1366	9338.794950	0.079607	0.000086	174.043290	1.9
1367	9825.699182	0.086733	0.000086	96.698843	2.0
1368	9004.438064	0.085403	0.000086	181.704218	2.2
1369	9176.599981	0.085862	0.000086	70.470238	2.2
1370	9470.906445	0.084889	0.000086	176.473407	2.2
1371	9321.516031	0.085863	0.000086	163.169443	2.2
1372	9076.109819	0.083247	0.000086	120.792818	2.1
1373	8856.555007	0.081070	0.000086	232.374622	2.1
1374	9160.017144	0.079550	0.000086	200.548944	2.0
1375	8451.495944	0.074905	0.000086	115.689899	2.0
1376	9142.113453	0.072233	0.000086	55.300066	2.1
1377	9164.354138	0.071863	0.000086	259.806480	2.0
1378	9447.240305	0.072324	0.000086	128.302068	2.0
1379	9141.901858	0.071606	0.000086	161.831540	5.7
1380	9583.268283	0.069141	0.000086	168.318050	2.4
1381	9529.789984	0.071930	0.000086	249.948370	2.3
1382	8875.825039	0.068436	0.000086	203.958128	2.3
1383	9572.242118	0.076412	0.000086	107.910685	2.4
1384	8936.003093	0.076359	0.000086	109.288909	2.3
1385	8867.207602	0.076765	0.000086	120.789089	2.3
1386	9276.219236	0.076950	0.000086	180.813044	2.4
1387	8677.653773	0.076724	0.000086	104.481245	4.7
1388	9736.558385	0.075083	0.000086	96.465678	4.7
1389	8826.880059	0.074877	0.000086	121.332505	4.8
1390	9699.832947	0.073436	0.000086	120.161479	2.5
1391	9324.913190	0.072844	0.000086	161.799200	1.9
1392	9422.818434	0.073011	0.000086	151.817940	1.9
1393	9158.780264	0.074627	0.000086	179.819022	2.8
1394	9576.863254	0.076772	0.000086	192.314355	2.5
1395	9622.432274	0.079314	0.000086	37.414404	2.6
1396	9641.182155	0.079169	0.000086	142.450896	2.5
1397	9415.488934	0.079013	0.000086	173.975887	4.1
1398	9242.010698	0.076482	0.000086	145.294720	2.0
1399	9503.052333	0.077166	0.000086	125.233839	1.9
1400	8578.921467	0.076327	0.000086	157.725925	2.0
1401	8907.461895	0.075673	0.000086	224.467469	1.9
1402	9004.892672	0.074690	0.000086	180.222378	2.1
1403	9085.502866	0.076862	0.000086	311.711725	2.0
1404	9259.922546	0.071517	0.000086	204.011486	2.2
1405	8845.721938	0.081708	0.000086	121.124351	2.0
1406	8762.274622	0.080324	0.000086	277.038197	2.0
1407	9770.951102	0.077364	0.000086	186.706429	2.2
1408	9076.760903	0.083755	0.000086	151.403415	2.0
1409	9045.284680	0.080763	0.000086	118.571241	2.1
1410	9042.480498	0.081833	0.000086	79.735218	1.9
1411	8915.914518	0.081716	0.000086	95.312485	1.9
1412	8775.359932	0.081377	0.000086	237.203306	2.0
1413	9762.694958	0.080824	0.000086	131.336616	2.1
1414	9099.257897	0.083080	0.000086	150.771521	1.9
1415	9296.948278	0.082501	0.000086	132.319111	2.0
1416	9185.415306	0.080462	0.000086	132.061264	1.9
1417	9268.383323	0.078346	0.000086	145.992317	2.0
1418	9743.809814	0.078865	0.000086	91.483524	1.9
1419	9046.943654	0.077896	0.000086	145.601580	2.0
1420	8957.474817	0.076635	0.000086	160.820861	2.0
1421	9311.951446	0.079327	0.000086	258.905214	1.9
1422	8694.366203	0.074884	0.000086	123.553463	2.0
1423	9181.662479	0.071554	0.000086	99.671104	2.1
1424	9176.427969	0.070474	0.000086	106.639703	2.2
1425	9027.021292	0.069161	0.000086	213.562672	2.2
1426	8305.109309	0.066925	0.000086	69.360717	2.1
1427	8880.286771	0.066348	0.000086	228.681668	2.1
1428	9431.647647	0.066508	0.000086	61.659266	2.2
1429	9459.203986	0.066924	0.000086	181.704230	2.2
1430	8798.730516	0.066635	0.000086	126.136891	2.1
1431	9099.907230	0.064832	0.000086	151.090063	2.2
1432	8888.995236	0.066882	0.000086	146.620321	2.4
1433	8870.704309	0.066459	0.000086	93.558849	2.4
1434	8506.061009	0.065345	0.000086	123.395070	2.4
1435	9478.672906	0.065268	0.000086	141.223582	2.4
1436	8772.007024	0.065237	0.000086	54.580492	2.4
1437	8933.050741	0.065585	0.000086	186.430469	2.4
1438	9066.030214	0.064430	0.000086	75.106521	2.5
1439	9329.928699	0.063432	0.000086	250.939749	2.4
1440	9007.640578	0.065476	0.000086	84.494052	2.3
1441	8828.404332	0.063971	0.000086	199.386838	2.3
1442	9262.599052	0.065405	0.000086	131.614583	2.4
1443	9278.882260	0.066348	0.000086	138.265907	2.5
1444	8657.106237	0.066102	0.000086	97.474531	4.5
1445	8926.544961	0.065942	0.000086	78.992863	4.4
1446	9326.735228	0.066284	0.000086	126.050557	3.9
1447	9130.462269	0.066525	0.000086	185.845651	3.3
1448	8793.026995	0.064069	0.000086	174.151486	3.3
1449	9273.067298	0.068458	0.000086	50.396693	3.0
1450	9459.700792	0.068554	0.000086	234.770184	2.7
1451	9480.571532	0.067731	0.000086	94.548846	2.8
1452	9123.744069	0.070054	0.000086	205.120754	2.7
1453	9457.568820	0.071065	0.000086	124.147500	2.2
1454	9847.414554	0.071573	0.000086	91.965888	2.3
1455	8908.664874	0.072441	0.000086	63.403012	2.2
1456	9179.647740	0.071701	0.000086	204.482115	3.1
1457	8873.476380	0.072611	0.000086	286.102347	2.1
1458	9308.689226	0.082062	0.000086	54.489983	2.1
1459	9226.944809	0.081070	0.000086	78.856324	2.0
1460	9198.877272	0.080881	0.000086	136.340514	2.4
1461	9213.344148	0.081274	0.000086	117.573897	2.2
1462	8740.507453	0.080123	0.000086	165.572840	2.0
1463	9279.540671	0.079819	0.000086	110.096914	2.2
1464	9236.347418	0.079932	0.000086	100.932446	2.2
1465	9293.780111	0.080683	0.000086	178.585741	3.9
1466	9346.346149	0.082005	0.000086	194.734771	3.8
1467	9285.704142	0.078481	0.000086	211.724895	3.8
1468	9276.382968	0.077979	0.000086	100.150833	3.6
1469	8743.612151	0.078650	0.000086	127.267014	3.0
1470	9053.765569	0.078904	0.000086	83.035286	3.0
1471	9592.528250	0.078667	0.000086	63.785378	2.9
1472	9049.848968	0.078406	0.000086	87.667080	2.4
1473	9421.025711	0.078386	0.000086	242.523562	5.0
1474	8837.907173	0.079454	0.000086	124.464019	2.8
1475	9559.388343	0.076799	0.000086	175.300865	2.5
1476	8868.270882	0.079546	0.000086	316.052130	2.7
1477	9040.377023	0.083138	0.000086	141.180787	4.0
1478	8689.978680	0.089793	0.000086	85.082194	4.8
1479	9457.772679	0.089459	0.000086	82.438900	4.8
1480	9351.875377	0.088806	0.000086	166.749315	3.7
1481	9397.457328	0.087902	0.000086	135.547714	4.1
1482	9366.773029	0.085731	0.000086	134.530958	3.7
1483	9533.874866	0.086435	0.000086	153.452314	3.1
1484	9667.556973	0.088993	0.000086	167.712300	4.9
1485	9351.206815	0.087357	0.000086	113.445792	4.3
1486	8859.668187	0.088164	0.000086	99.983683	2.9
1487	8419.362718	0.087594	0.000086	94.468020	2.9
1488	9329.638788	0.087224	0.000086	91.151581	3.2
1489	9073.942706	0.086386	0.000086	125.711549	3.4
1490	9834.933357	0.086098	0.000086	115.807745	3.3
1491	9341.499209	0.084582	0.000086	238.600128	2.9
1492	9134.594072	0.087598	0.000086	224.698644	4.7
1493	9619.874670	0.082608	0.000086	138.563723	4.8
1494	8758.972178	0.079372	0.000086	88.994296	4.9
1495	9670.165170	0.079937	0.000086	100.816659	4.6
1496	9127.087246	0.079622	0.000086	165.338863	4.6
1497	9143.044203	0.078903	0.000086	46.993749	4.4
1498	8885.903866	0.078323	0.000086	138.792279	3.4
1499	9833.466143	0.077803	0.000086	117.480777	3.4
1500	8960.595906	0.077309	0.000086	180.349127	3.4
1501	9651.368069	0.079741	0.000086	203.333150	2.8
1502	8715.201106	0.079149	0.000086	166.884891	2.9
1503	9822.755069	0.079914	0.000086	281.286626	2.8
1504	8548.227818	0.080460	0.000086	227.860934	2.5
1505	9811.421997	0.082909	0.000086	184.685049	2.5
1506	9480.027360	0.083019	0.000086	98.666920	2.4
1507	9326.256872	0.081885	0.000086	130.179051	2.5
1508	9439.258750	0.083285	0.000086	65.277440	2.7
1509	9417.382245	0.083276	0.000086	156.456867	2.5
1510	8438.168256	0.083918	0.000086	220.807417	2.5
1511	8565.025220	0.085851	0.000086	70.035775	2.5
1512	9071.937379	0.084201	0.000086	76.841821	2.3
1513	8940.284660	0.084011	0.000086	117.493591	2.2
1514	8880.716377	0.083950	0.000086	115.380160	2.3
1515	8932.388367	0.084362	0.000086	181.981671	2.3
1516	9089.410518	0.086163	0.000086	167.911603	2.3
1517	9085.317108	0.089766	0.000086	169.702422	2.4
1518	9843.932612	0.091649	0.000086	84.533000	2.4
1519	9527.175391	0.090613	0.000086	136.143658	2.3
1520	9025.982397	0.090416	0.000086	95.161969	2.5
1521	8983.082299	0.091379	0.000086	183.318535	2.2
1522	8788.454930	0.092390	0.000086	137.417141	4.3
1523	9293.800542	0.092226	0.000086	145.364182	2.2
1524	9532.920005	0.091074	0.000086	136.300014	2.4
1525	8618.461555	0.088809	0.000086	162.861270	2.4
1526	8440.605816	0.090926	0.000086	214.878257	2.5
1527	9104.678396	0.095477	0.000086	174.316563	2.3
1528	8966.794722	0.098486	0.000086	96.975794	2.3
1529	8927.434454	0.097782	0.000086	64.509348	2.2
1530	9556.124117	0.097274	0.000086	73.147957	2.2
1531	8857.258275	0.096687	0.000086	120.252560	3.7
1532	8677.792519	0.097361	0.000086	223.144602	2.2
1533	8831.491183	0.095284	0.000086	60.616250	2.2
1534	9046.161995	0.095402	0.000086	82.631563	2.2
1535	9095.971223	0.095427	0.000086	142.482775	3.7
1536	9599.535704	0.094824	0.000086	142.534229	2.4
1537	9507.820400	0.093083	0.000086	128.374708	2.4
1538	9460.404788	0.093817	0.000086	194.778905	2.3
1539	9292.056418	0.094984	0.000086	128.176134	5.4
1540	8873.572246	0.097038	0.000086	74.681070	5.0
1541	9096.281911	0.096828	0.000086	133.498982	4.9
1542	9467.535512	0.095958	0.000086	81.368253	2.8
1543	9514.386378	0.096679	0.000086	201.621857	2.1
1544	9131.547461	0.097323	0.000086	82.636548	2.0
1545	9192.134539	0.095729	0.000086	77.792923	1.9
1546	9086.785249	0.095517	0.000086	127.297343	2.1
1547	9296.064272	0.094376	0.000086	182.910192	2.0
1548	9766.905495	0.095928	0.000086	54.787980	2.0
1549	8919.860672	0.095117	0.000086	82.856239	2.0
1550	9084.350776	0.095147	0.000086	108.056540	7.9
1551	9000.070847	0.094748	0.000086	263.755378	4.4
1552	9176.232935	0.093827	0.000086	129.743966	2.3
1553	8883.062896	0.098559	0.000086	184.770440	4.6
1554	9806.884586	0.095836	0.000086	85.285317	4.9
1555	8914.714356	0.096684	0.000086	233.940247	4.7
1556	9648.384937	0.099190	0.000086	203.523158	3.9
1557	9489.190300	0.099692	0.000086	118.848103	3.5
1558	9111.967859	0.100661	0.000086	209.872845	3.3
1559	9675.335384	0.102001	0.000086	116.137796	4.3
1560	8645.740996	0.102988	0.000086	136.987257	4.3
1561	8709.297818	0.102621	0.000086	184.194937	3.8
1562	8967.144197	0.104379	0.000086	109.663983	3.1
1563	8988.334750	0.106843	0.000086	63.981473	3.2
1564	9438.523289	0.107173	0.000086	154.790368	3.1
1565	9804.740954	0.107213	0.000086	133.884476	2.5
1566	9087.695784	0.105149	0.000086	128.478992	2.5
1567	8831.743986	0.107140	0.000086	126.512996	2.4
1568	9598.498135	0.105679	0.000086	121.543081	2.4
1569	9042.679529	0.106737	0.000086	153.643842	2.3
1570	9393.337378	0.106138	0.000086	273.365044	2.2
1571	8506.267477	0.110660	0.000086	166.298676	2.2
1572	8654.067036	0.115205	0.000086	273.032987	2.2
1573	8764.561748	0.120796	0.000086	298.438027	2.1
1574	8927.862766	0.118225	0.000086	186.868926	2.1
1575	9270.307571	0.112406	0.000086	258.532925	2.0
1576	8596.882309	0.110975	0.000086	279.123560	2.2
1577	9521.308104	0.105597	0.000086	163.059579	4.1
1578	9192.490901	0.110152	0.000086	109.406874	2.2
1579	8928.416951	0.110842	0.000086	99.282598	2.3
1580	9236.543374	0.110428	0.000086	96.794618	2.2
1581	9036.993208	0.110463	0.000086	205.546597	2.3
1582	9579.129899	0.111227	0.000086	90.775892	2.3
1583	8965.086647	0.109618	0.000086	98.389433	2.3
1584	8975.582287	0.109548	0.000086	284.537380	2.4
1585	9086.004518	0.107858	0.000086	255.566106	2.3
1586	9561.835218	0.102751	0.000086	179.801848	2.5
1587	9069.682456	0.109284	0.000086	184.331532	2.5
1588	9743.376011	0.111112	0.000086	80.279140	2.5
1589	9039.241999	0.109717	0.000086	176.593777	2.6
1590	8801.511367	0.110785	0.000086	55.058167	2.0
1591	9465.635606	0.109773	0.000086	183.200692	2.1
1592	9498.099731	0.110428	0.000086	252.185374	2.0
1593	9044.297402	0.106220	0.000086	159.844658	2.0
1594	9429.308928	0.101701	0.000086	228.648547	2.0
1595	9707.819703	0.106196	0.000086	60.982933	2.0
1596	9368.738226	0.104968	0.000086	156.540667	2.0
1597	9501.286262	0.105017	0.000086	219.936068	2.1
1598	8839.641828	0.103654	0.000086	182.338574	2.2
1599	8974.151062	0.099463	0.000086	56.328773	4.8
1600	9643.749405	0.098678	0.000086	136.791215	4.9
1601	8711.970437	0.098094	0.000086	132.792908	3.8
1602	9125.677305	0.097118	0.000086	207.690302	3.1
1603	9149.379389	0.097711	0.000086	117.641857	1.9
1604	8787.554758	0.095808	0.000086	220.462212	2.1
1605	9425.551860	0.095961	0.000086	145.072713	2.1
1606	8618.062313	0.092467	0.000086	152.848468	2.3
1607	9441.851205	0.090395	0.000086	145.775912	2.5
1608	9309.925803	0.089015	0.000086	82.879935	4.8
1609	9051.860837	0.087809	0.000086	83.624685	5.5
1610	9117.705169	0.087474	0.000086	95.218878	4.9
1611	8745.194947	0.087089	0.000086	204.755658	4.2
1612	8937.172448	0.089285	0.000086	53.108581	4.2
1613	9478.782818	0.089700	0.000086	203.738091	3.2
1614	9590.437451	0.088661	0.000086	99.785145	3.1
1615	8780.970556	0.089389	0.000086	98.302036	3.0
1616	9053.585355	0.089572	0.000086	118.405949	2.9
1617	9338.383968	0.090189	0.000086	89.480782	3.1
1618	8967.030970	0.090230	0.000086	93.947811	2.9
1619	9239.273346	0.090118	0.000086	45.960711	2.8
1620	8393.185735	0.090079	0.000086	71.284326	2.4
1621	9000.248932	0.089813	0.000086	162.493577	4.9
1622	9689.884778	0.089552	0.000086	75.847041	4.6
1623	9367.818782	0.089876	0.000086	271.469932	4.4
1624	9025.076483	0.091265	0.000086	175.815419	4.0
1625	8848.890408	0.097880	0.000086	248.228661	3.3
1626	9150.265250	0.099238	0.000086	110.678556	3.3
1627	9734.156125	0.100471	0.000086	120.219472	3.2
1628	9151.073499	0.098924	0.000086	97.222072	2.7
1629	9324.312806	0.099037	0.000086	58.387374	2.6
1630	8977.479238	0.098842	0.000086	310.806380	2.6
1631	9326.966646	0.097302	0.000086	133.763440	2.7
1632	9057.661003	0.092790	0.000086	93.056912	2.7
1633	8890.437518	0.093963	0.000086	130.160455	3.0
1634	9039.022439	0.092781	0.000086	88.625140	2.7
1635	9389.214684	0.092493	0.000086	90.663194	2.7
1636	9131.638129	0.092697	0.000086	163.587176	2.8
1637	9420.391055	0.091571	0.000086	72.806034	2.8
1638	9071.709472	0.092338	0.000086	101.889410	2.6
1639	8756.360295	0.091560	0.000086	182.625945	2.5
1640	9137.072397	0.091722	0.000086	138.930675	2.5
1641	8927.198685	0.094488	0.000086	106.081755	2.5
1642	9255.594252	0.094083	0.000086	187.648530	2.4
1643	9259.563090	0.095671	0.000086	97.446558	2.2
1644	8870.406974	0.095345	0.000086	110.742554	2.2
1645	8475.365304	0.094797	0.000086	302.291129	2.2
1646	9506.927317	0.098207	0.000086	219.392707	2.2
1647	9132.887656	0.105782	0.000086	198.865878	2.1
1648	8958.874728	0.101379	0.000086	188.831779	2.1
1649	8597.928181	0.106020	0.000086	79.550277	2.1
1650	9000.836761	0.104477	0.000086	157.606256	2.0
1651	8664.314945	0.104833	0.000086	131.716758	2.3
1652	8449.348409	0.106545	0.000086	174.390848	2.2
1653	9297.398176	0.105630	0.000086	120.805064	2.1
1654	9267.923654	0.107500	0.000086	156.427693	2.4
1655	9482.904511	0.105519	0.000086	180.344440	2.2
1656	9037.646955	0.102844	0.000086	99.916811	2.2
1657	9554.226443	0.101558	0.000086	91.726397	2.3
1658	8880.247726	0.101671	0.000086	111.043458	2.3
1659	8709.548367	0.100541	0.000086	147.247576	2.3
1660	9057.490464	0.100861	0.000086	173.108847	2.3
1661	9252.129853	0.097960	0.000086	160.822744	2.1
1662	8585.573504	0.096356	0.000086	222.242764	2.1
1663	9370.606861	0.099718	0.000086	117.596965	2.1
1664	9081.541894	0.100489	0.000086	79.213475	2.1
1665	9308.162165	0.099851	0.000086	231.680513	2.1
1666	9020.515980	0.100753	0.000086	68.682118	1.9
1667	9293.032699	0.101139	0.000086	220.164445	1.9
1668	8997.876168	0.100735	0.000086	132.620158	2.0
1669	10078.175149	0.104262	0.000086	106.507657	2.2
1670	9089.466113	0.105298	0.000086	284.143697	4.7
1671	8811.463185	0.109007	0.000086	123.244277	4.7
1672	9008.971326	0.111457	0.000086	197.767124	4.1
1673	8479.065502	0.109373	0.000086	58.922147	4.3
1674	8688.886342	0.110179	0.000086	102.227438	4.5
1675	8236.763848	0.109498	0.000086	112.511362	4.7
1676	8854.563051	0.108485	0.000086	168.821606	4.8
1677	9115.496279	0.107208	0.000086	243.429348	3.6
1678	9262.680229	0.113274	0.000086	114.462121	3.2
1679	9261.927676	0.115907	0.000086	119.269604	3.1
1680	9840.751067	0.116302	0.000086	148.114014	2.6
1681	9202.626084	0.115711	0.000086	117.240055	2.0
1682	8890.255115	0.114067	0.000086	101.002635	1.9
1683	9550.801691	0.114723	0.000086	156.998484	2.0
1684	9360.834713	0.116021	0.000086	86.098101	2.2
1685	8776.622908	0.116071	0.000086	92.944943	1.9
1686	8760.283938	0.116516	0.000086	95.283787	3.1
1687	8853.278200	0.115543	0.000086	57.869686	1.9
1688	9266.007476	0.114934	0.000086	252.212343	2.0
1689	9486.953192	0.115089	0.000086	197.053495	2.0
1690	8946.179002	0.111626	0.000086	250.132479	2.0
1691	9109.482295	0.108791	0.000086	231.673212	3.1
1692	9517.085338	0.117107	0.000086	147.756756	2.2
1693	8984.680645	0.121557	0.000086	66.515595	2.1
1694	9275.868088	0.121969	0.000086	50.482126	2.1
1695	8348.791233	0.121909	0.000086	223.909595	2.1
1696	9849.416952	0.122066	0.000086	240.400412	2.4
1697	9489.448672	0.130641	0.000086	140.585846	2.0
1698	8750.419269	0.135320	0.000086	108.387722	1.9
1699	8994.323237	0.136796	0.000086	182.715355	2.0
1700	8861.076516	0.138007	0.000086	218.907519	1.9
1701	8836.218281	0.140578	0.000086	125.670978	1.9
1702	9110.803720	0.138376	0.000086	117.762622	2.0
1703	8817.745437	0.138255	0.000086	229.806397	1.9
1704	8882.099836	0.140243	0.000086	158.623201	1.9
1705	8838.354658	0.139364	0.000086	134.879848	2.0
1706	8808.712183	0.139410	0.000086	131.076343	1.9
1707	8967.895582	0.138697	0.000086	194.881419	2.0
1708	8662.406323	0.141254	0.000086	108.030937	2.0
1709	9194.591634	0.143335	0.000086	92.360159	2.0
1710	9458.070203	0.142775	0.000086	179.723879	1.9
1711	8822.784908	0.142678	0.000086	130.557070	1.9
1712	9748.922098	0.142536	0.000086	187.248734	1.9
1713	8771.178726	0.144597	0.000086	128.581367	1.9
1714	9214.582699	0.141859	0.000086	135.232123	1.9
1715	9219.982792	0.143681	0.000086	120.444849	2.0
1716	9116.445830	0.145119	0.000086	39.340590	2.0
1717	9342.377181	0.144765	0.000086	153.038927	1.9
1718	9302.806553	0.144285	0.000086	87.853090	2.0
1719	8930.150331	0.145034	0.000086	337.096971	1.9
1720	9225.725346	0.142146	0.000086	97.914039	2.0
1721	8580.167910	0.145618	0.000086	168.893769	1.9
1722	9319.456234	0.143742	0.000086	70.999350	1.9
1723	9497.854197	0.142615	0.000086	229.506031	2.0
1724	9123.654186	0.143163	0.000086	168.395964	2.0
1725	9025.729557	0.145893	0.000086	92.447222	2.0
1726	9088.925316	0.147177	0.000086	101.475422	1.9
1727	9344.347373	0.146401	0.000086	216.961275	1.9
1728	10109.616021	0.146518	0.000086	162.306701	1.9
1729	9160.686904	0.149719	0.000086	78.823396	1.9
1730	9167.514898	0.148553	0.000086	157.545413	1.9
1731	9249.348394	0.149033	0.000086	147.674926	1.9
1732	8221.638699	0.151443	0.000086	58.406860	2.0
1733	9376.598042	0.151158	0.000086	94.923140	1.9
1734	8966.531859	0.151313	0.000086	196.441689	2.0
1735	8704.141366	0.149940	0.000086	181.991596	1.9
1736	8328.417808	0.153079	0.000086	185.078652	2.0
1737	9363.427979	0.157635	0.000086	145.887044	2.0
1738	9284.953747	0.157121	0.000086	174.224682	2.0
1739	8587.192498	0.157763	0.000086	82.881805	2.0
1740	8834.794073	0.156573	0.000086	100.885519	1.9
1741	9190.977256	0.156847	0.000086	134.740248	1.9
1742	9828.286753	0.156128	0.000086	224.421580	2.0
1743	9312.138636	0.152898	0.000086	78.134616	1.9
1744	8896.427750	0.150937	0.000086	194.346585	1.9
1745	9058.988793	0.152063	0.000086	113.729194	1.9
1746	8591.291207	0.154355	0.000086	113.248133	1.9
1747	9158.657054	0.154127	0.000086	168.902719	1.9
1748	8728.515445	0.152129	0.000086	116.648091	2.0
1749	9524.589639	0.151939	0.000086	108.132349	2.0
1750	9294.530019	0.150638	0.000086	70.898238	1.9
1751	8700.011498	0.150843	0.000086	205.935377	2.0
1752	8930.021406	0.149712	0.000086	116.457831	2.0
1753	9967.948373	0.152043	0.000086	244.417758	1.9
1754	9067.635485	0.155682	0.000086	74.060296	2.1
1755	8785.288737	0.156644	0.000086	52.793541	4.6
1756	8937.408847	0.156180	0.000086	66.241133	4.7
1757	8894.900638	0.156144	0.000086	134.620661	4.5
1758	8581.881787	0.155237	0.000086	199.396250	4.4
1759	8250.669587	0.158154	0.000086	146.102038	4.5
1760	8918.173404	0.159146	0.000086	264.208060	4.5
1761	8960.058244	0.158268	0.000086	125.350246	3.7
1762	8710.971411	0.158831	0.000086	153.735549	3.5
1763	9609.445568	0.158618	0.000086	166.175574	3.4
1764	8619.317654	0.156440	0.000086	124.883734	2.7
1765	9191.120986	0.158911	0.000086	67.727129	2.6
1766	9093.123326	0.158558	0.000086	309.971201	2.6
1767	8558.425394	0.157516	0.000086	177.861165	3.2
1768	9089.634895	0.156762	0.000086	141.815102	3.0
1769	9229.778816	0.156672	0.000086	181.846806	2.8
1770	9012.673416	0.159217	0.000086	131.488285	2.8
1771	9396.755939	0.161131	0.000086	163.276176	2.4
1772	9441.223941	0.162891	0.000086	114.136657	2.0
1773	9318.143592	0.162137	0.000086	173.383128	1.9
1774	9509.394564	0.162419	0.000086	108.863239	2.0
1775	8249.807734	0.163239	0.000086	104.629211	2.7
1776	9275.901947	0.163673	0.000086	90.364749	2.6
1777	9320.980287	0.164201	0.000086	242.104891	2.5
1778	9376.920869	0.163898	0.000086	140.571874	2.5
1779	8992.481046	0.160454	0.000086	155.882500	2.8
1780	9372.337859	0.158056	0.000086	101.120403	2.4
1781	8561.908662	0.159540	0.000086	57.851389	2.5
1782	9300.407986	0.159378	0.000086	113.908520	4.6
1783	9622.593213	0.159553	0.000086	207.134196	4.6
1784	8971.781036	0.158137	0.000086	41.848242	4.2
1785	9034.505678	0.157685	0.000086	186.812859	2.5
1786	9480.332901	0.157169	0.000086	152.903563	2.9
1787	8740.147770	0.154371	0.000086	94.927867	2.9
1788	8591.246575	0.153029	0.000086	73.832363	2.9
1789	8897.587516	0.152450	0.000086	151.353646	2.2
1790	8979.460076	0.153417	0.000086	121.630570	2.3
1791	8648.970168	0.154525	0.000086	163.849691	2.2
1792	8935.450061	0.154965	0.000086	91.749864	2.2
1793	9188.995244	0.155148	0.000086	95.503984	2.3
1794	9285.374364	0.154412	0.000086	105.871218	2.6
1795	9083.645077	0.153134	0.000086	100.693498	4.8
1796	9805.783645	0.152367	0.000086	106.552380	4.9
1797	9834.537010	0.151544	0.000086	165.108787	4.7
1798	9560.987646	0.151658	0.000086	184.469109	4.2
1799	9157.599539	0.149508	0.000086	220.308376	3.5
1800	8661.083984	0.150842	0.000086	152.490838	3.5
1801	9235.807433	0.154770	0.000086	114.556641	3.5
1802	9121.220967	0.155738	0.000086	96.163594	3.5
1803	8826.286315	0.156245	0.000086	149.794928	3.6
1804	9385.122169	0.156410	0.000086	159.450503	2.7
1805	8774.270599	0.157645	0.000086	250.342193	2.7
1806	8672.168445	0.162499	0.000086	190.870200	2.7
1807	8554.467683	0.158710	0.000086	133.829627	2.7
1808	8657.519513	0.156166	0.000086	149.948483	2.4
1809	8761.220206	0.155228	0.000086	64.266492	2.4
1810	9095.716446	0.156112	0.000086	227.623260	2.4
1811	8590.037346	0.155335	0.000086	131.756311	2.3
1812	8920.947563	0.154332	0.000086	132.656766	2.0
1813	9351.462668	0.154864	0.000086	119.246885	2.2
1814	8747.519240	0.156317	0.000086	100.863187	4.7
1815	8978.428760	0.155663	0.000086	93.771535	4.7
1816	9332.996733	0.155825	0.000086	60.817668	4.5
1817	9275.109167	0.156050	0.000086	157.113959	6.6
1818	9084.029444	0.156745	0.000086	108.357771	4.6
1819	9256.011894	0.155746	0.000086	300.149840	4.4
1820	8996.574546	0.156395	0.000086	87.989304	4.5
1821	8765.655512	0.158728	0.000086	136.538145	3.6
1822	9572.723122	0.158441	0.000086	151.498423	3.4
1823	9245.196680	0.159933	0.000086	175.783159	5.1
1824	9239.829143	0.158730	0.000086	214.118269	4.7
1825	9306.888284	0.157939	0.000086	173.502856	4.7
1826	9171.422321	0.163325	0.000086	109.709384	3.5
1827	9023.825287	0.164868	0.000086	224.871894	3.5
1828	8966.658445	0.162180	0.000086	112.218560	3.6
1829	9041.816066	0.162500	0.000086	222.040190	4.5
1830	9184.325426	0.163880	0.000086	174.341100	4.7
1831	9203.199314	0.169164	0.000086	106.474586	4.6
1832	9190.699332	0.170943	0.000086	165.364916	4.4
1833	8555.636039	0.172815	0.000086	93.666589	3.5
1834	9608.235092	0.171134	0.000086	170.794923	3.2
1835	9316.180073	0.170951	0.000086	144.020891	3.2
1836	8521.933303	0.173423	0.000086	201.756728	3.2
1837	9136.346888	0.175299	0.000086	156.218826	3.1
1838	8620.780927	0.178341	0.000086	41.909908	3.1
1839	9073.447803	0.177810	0.000086	63.988231	3.0
1840	8992.926143	0.177839	0.000086	99.354454	2.6
1841	8319.788767	0.178129	0.000086	82.730256	2.7
1842	9183.973828	0.178310	0.000086	114.038866	2.5
1843	9255.208190	0.178514	0.000086	125.416559	2.6
1844	9196.985580	0.178341	0.000086	162.356633	2.6
1845	9503.403127	0.176785	0.000086	130.714690	2.5
1846	8798.197080	0.174547	0.000086	242.294541	2.5
1847	9222.596848	0.171257	0.000086	148.111225	2.6
1848	8606.531191	0.173533	0.000086	174.141207	2.6
1849	9438.778570	0.174236	0.000086	112.507091	2.6
1850	8749.710989	0.172470	0.000086	367.430813	2.7
1851	8770.022205	0.175884	0.000086	148.876808	4.5
1852	8881.153021	0.171745	0.000086	76.364090	4.4
1853	9320.951891	0.172280	0.000086	155.210426	3.6
1854	9358.040674	0.173398	0.000086	120.240436	3.3
1855	9611.873039	0.174877	0.000086	190.345491	3.3
1856	9036.988582	0.176878	0.000086	113.397779	2.7
1857	8203.657618	0.179509	0.000086	41.166775	2.7
1858	9220.732929	0.179048	0.000086	114.437840	2.6
1859	9191.613662	0.178656	0.000086	207.742708	2.6
1860	8879.073569	0.181431	0.000086	231.096037	2.2
1861	8925.045245	0.186874	0.000086	66.815785	2.3
1862	9132.849943	0.185423	0.000086	146.090966	2.3
1863	8865.357385	0.186291	0.000086	121.328023	2.2
1864	9784.583040	0.184225	0.000086	130.005460	2.1
1865	8955.533331	0.182661	0.000086	174.692187	2.1
1866	8726.058027	0.181719	0.000086	188.225657	2.0
1867	8777.575551	0.179699	0.000086	354.457729	2.1
1868	9093.472913	0.187043	0.000086	63.801149	2.1
1869	9228.776160	0.187893	0.000086	90.189070	2.0
1870	9641.132520	0.187615	0.000086	78.621017	2.0
1871	8564.377499	0.187970	0.000086	107.591609	2.0
1872	9098.336492	0.187450	0.000086	73.961298	2.0
1873	8957.045260	0.187778	0.000086	135.121884	2.0
1874	8966.648751	0.188797	0.000086	73.554135	1.9
1875	9178.060487	0.187792	0.000086	130.144076	2.0
1876	9177.327419	0.186652	0.000086	141.740333	2.0
1877	8766.299089	0.185794	0.000086	184.295289	2.0
1878	8952.026395	0.187417	0.000086	87.892681	2.0
1879	8176.738793	0.185595	0.000086	203.267557	2.2
1880	9470.722669	0.183633	0.000086	172.531966	4.7
1881	9006.936720	0.187553	0.000086	59.973952	4.6
1882	9189.985595	0.186960	0.000086	231.786880	4.4
1883	9352.558086	0.185887	0.000086	98.515281	4.7
1884	9566.362618	0.188820	0.000086	112.345973	4.6
1885	9332.939089	0.189312	0.000086	124.757965	4.6
1886	9129.952056	0.189932	0.000086	166.686463	3.3
1887	8834.869696	0.187795	0.000086	106.490003	3.2
1888	9153.305326	0.186321	0.000086	70.277235	3.2
1889	8908.061750	0.186284	0.000086	84.274493	2.8
1890	8823.967902	0.186397	0.000086	133.831118	2.7
1891	8407.855294	0.185290	0.000086	111.414533	2.8
1892	10115.014637	0.185527	0.000086	310.157958	3.1
1893	8647.733065	0.183693	0.000086	306.930240	4.2
1894	9338.551563	0.202790	0.000085	186.013243	4.1
1895	9159.151952	0.197806	0.000086	92.921625	3.2
1896	9368.959928	0.197991	0.000086	81.307067	2.7
1897	9525.412561	0.197217	0.000086	206.922270	2.7
1898	9377.956871	0.195261	0.000086	115.290744	2.7
1899	8396.740943	0.194962	0.000086	249.931909	2.8
1900	9139.837277	0.198148	0.000086	152.091741	2.8
1901	9024.892804	0.193874	0.000086	194.720697	2.8
1902	9624.325034	0.197237	0.000086	136.754984	2.6
1903	8892.564903	0.194087	0.000086	213.022988	4.4
1904	9014.895033	0.198120	0.000086	277.018187	4.8
1905	8931.869006	0.194333	0.000086	44.590204	4.8
1906	8897.263908	0.193115	0.000086	112.766700	4.8
1907	9079.375989	0.193118	0.000086	89.880624	3.8
1908	9173.163284	0.192546	0.000086	69.289731	3.9
1909	8691.910917	0.192822	0.000086	194.856289	3.8
1910	8824.625378	0.193213	0.000086	134.002069	5.0
1911	8525.563585	0.193298	0.000086	176.554522	3.7
1912	9717.461764	0.192429	0.000086	227.591789	3.7
1913	9234.438045	0.187933	0.000086	71.977627	3.9
1914	9646.557689	0.188555	0.000086	135.018946	3.4
1915	9214.586475	0.187689	0.000086	135.526045	3.2
1916	8868.168118	0.185946	0.000086	78.375306	3.0
1917	9167.089397	0.184854	0.000086	99.497733	2.8
1918	9203.807918	0.185527	0.000086	249.417664	2.6
1919	8953.676802	0.186246	0.000086	176.340305	2.6
1920	9285.881572	0.182309	0.000086	103.529676	2.6
1921	9107.106218	0.184517	0.000086	42.234879	2.4
1922	9274.871662	0.184289	0.000086	106.146636	2.3
1923	9533.698033	0.184269	0.000086	116.702164	2.3
1924	8409.820991	0.183533	0.000086	77.893959	2.2
1925	9869.837649	0.184019	0.000086	224.584184	2.3
1926	9131.850884	0.184241	0.000086	128.037550	2.3
1927	8930.680464	0.182270	0.000086	88.090609	2.3
1928	9274.663275	0.181878	0.000086	78.883231	2.4
1929	8610.328898	0.182344	0.000086	91.378605	2.3
1930	9590.827660	0.182534	0.000086	65.635327	2.2
1931	9150.124417	0.182270	0.000086	168.859732	2.3
1932	9353.817212	0.182098	0.000086	72.012540	2.2
1933	9343.319266	0.183167	0.000086	141.834393	2.3
1934	9630.880699	0.183938	0.000086	146.588438	2.3
1935	8233.470135	0.184559	0.000086	106.851962	2.5
1936	9697.862940	0.184083	0.000086	87.034835	2.4
1937	9327.342983	0.184156	0.000086	215.157681	2.4
1938	9147.981527	0.186022	0.000086	271.918785	2.3
1939	8821.421184	0.183112	0.000086	237.207670	2.0
1940	8954.969385	0.194545	0.000086	134.624743	2.1
1941	8777.374048	0.197964	0.000086	147.491243	2.0
1942	9048.541528	0.200123	0.000085	96.214048	2.0
1943	9309.994088	0.200761	0.000085	235.081116	2.0
1944	8303.547381	0.198956	0.000085	111.586279	2.0
1945	9358.691561	0.200499	0.000085	223.842139	2.0
1946	8996.182260	0.198187	0.000086	184.420264	1.9
1947	9485.394215	0.195057	0.000086	132.451044	2.0
1948	8788.865773	0.193974	0.000086	129.960638	2.0
1949	9339.600075	0.194526	0.000086	88.297677	2.0
1950	9326.238845	0.193583	0.000086	113.915214	2.1
1951	9102.906806	0.193499	0.000086	102.209683	2.0
1952	9040.935893	0.192890	0.000086	191.543205	2.0
1953	8731.315828	0.193129	0.000086	270.699483	2.0
1954	9145.092042	0.187917	0.000086	77.907094	2.0
1955	8745.383411	0.185681	0.000086	125.890358	2.0
1956	9133.935164	0.186140	0.000086	209.290768	2.0
1957	9391.344170	0.184918	0.000086	66.524547	2.4
1958	8758.310835	0.184260	0.000086	172.723287	2.5
1959	9235.906855	0.183702	0.000086	87.231775	2.5
1960	9176.466033	0.182524	0.000086	122.697352	2.5
1961	9134.795816	0.181477	0.000086	92.207963	3.8
1962	9220.697811	0.182582	0.000086	188.249066	2.3
1963	8824.211306	0.184205	0.000086	172.072311	2.1
1964	8642.823512	0.187049	0.000086	196.685084	1.9
1965	8884.845750	0.185105	0.000086	160.934320	2.0
1966	8911.887730	0.185182	0.000086	155.832777	2.0
1967	8909.739897	0.182928	0.000086	198.549716	1.9
1968	8964.306634	0.179330	0.000086	144.688489	2.0
1969	9459.756561	0.182739	0.000086	187.005599	1.9
1970	8996.963733	0.179594	0.000086	187.609553	2.0
1971	9753.278372	0.175771	0.000086	104.870992	2.2
1972	9452.387197	0.173690	0.000086	140.653145	2.3
1973	8875.754428	0.174534	0.000086	183.799058	2.5
1974	9369.646641	0.174981	0.000086	181.333452	2.5
1975	9265.013352	0.179268	0.000086	146.440855	2.5
1976	8873.621022	0.176654	0.000086	171.151021	3.3
1977	8825.199876	0.179561	0.000086	77.844334	2.0
1978	9165.040073	0.179498	0.000086	52.530666	2.0
1979	8898.853590	0.179020	0.000086	63.583328	1.9
1980	8894.423527	0.179132	0.000086	144.484450	2.0
1981	9264.948437	0.179151	0.000086	164.062175	3.2
1982	8951.543269	0.177417	0.000086	65.004422	2.5
1983	9353.372931	0.177218	0.000086	74.531057	2.4
1984	9488.867861	0.177329	0.000086	191.710278	2.4
1985	8666.188170	0.177034	0.000086	127.503247	2.6
1986	8682.521047	0.180044	0.000086	118.357632	2.0
1987	8881.137507	0.180731	0.000086	70.391705	2.0
1988	8611.888533	0.180247	0.000086	132.004051	2.0
1989	9628.708044	0.179628	0.000086	127.454765	1.9
1990	9765.016756	0.177685	0.000086	112.874934	1.9
1991	9553.104828	0.178333	0.000086	95.708531	2.1
1992	8497.055774	0.177597	0.000086	148.172539	2.6
1993	9320.366348	0.175847	0.000086	124.948015	2.5
1994	9300.968475	0.174928	0.000086	224.934142	2.5
1995	9432.730530	0.173984	0.000086	72.430504	2.4
1996	9429.934063	0.175067	0.000086	150.117156	2.4
1997	9087.688425	0.175608	0.000086	64.904017	2.0
1998	8900.165286	0.175069	0.000086	56.196885	2.0
1999	9027.185560	0.174919	0.000086	127.686525	1.9
