1:ItNr	2:Metric	3a:Time	3b:StepSize	4:||Gradient||	Time[ms]
0	285959.065522	0.000000	0.000053	32027.585207	244.5
1	248732.228601	0.000000	0.000053	31244.016354	1.6
2	187138.622676	0.000000	0.000053	26594.481204	1.5
3	157920.914751	0.000000	0.000053	25837.529882	1.5
4	123589.258988	0.000000	0.000053	20330.879398	1.5
5	104826.551925	0.000000	0.000053	17545.794859	1.6
6	92589.739160	0.000000	0.000053	17828.419613	1.6
7	73725.826981	0.000000	0.000053	14389.554658	1.7
8	65370.535672	0.000000	0.000053	13341.429143	1.7
9	56223.522019	0.000000	0.000053	12197.682338	1.8
10	48935.370966	0.000000	0.000053	11538.593959	1.8
11	41956.711228	0.000000	0.000053	10128.650182	2.0
12	36348.339606	0.000000	0.000053	9160.839395	2.3
13	32306.182545	0.000000	0.000053	8864.339469	2.4
14	29080.046903	0.000000	0.000053	8596.103172	2.3
15	25535.595998	0.000000	0.000053	7896.617970	2.5
16	21829.239170	0.000000	0.000053	6854.765538	2.5
17	18417.138663	0.000000	0.000053	6016.180619	3.4
18	17206.845097	0.000000	0.000053	5733.752515	3.3
19	15526.847110	0.000000	0.000053	5381.142149	3.0
20	13751.976648	0.000000	0.000053	4832.780384	3.6
21	13026.231974	0.000000	0.000053	4597.899304	3.4
22	11931.355820	0.000000	0.000053	4045.895431	3.5
23	11282.482764	0.000000	0.000053	3773.837234	3.5
24	10386.965149	0.000000	0.000053	3412.335373	3.5
25	9627.350706	0.000000	0.000053	3027.502911	3.7
26	9047.689481	0.000000	0.000053	2597.124530	3.2
27	8811.352531	0.000000	0.000053	2469.273056	3.1
28	8631.599943	0.000000	0.000053	2342.728092	2.7
29	8331.015680	0.000000	0.000053	2212.148037	2.8
30	7820.095122	0.000000	0.000053	2009.550221	3.1
31	8019.293155	0.000000	0.000053	1764.061651	2.9
32	7766.509231	0.000000	0.000053	1731.416311	2.9
33	7309.894739	0.000000	0.000053	1466.735396	2.9
34	7276.234639	0.000000	0.000053	1517.606048	2.9
35	7375.261672	0.000000	0.000053	1334.791443	3.2
36	7430.908924	0.000000	0.000053	1173.456121	3.2
37	7294.711508	0.000000	0.000053	1199.140959	3.2
38	6973.651071	0.000000	0.000053	1121.538195	3.4
39	7072.997899	0.000000	0.000053	937.388849	3.4
40	7129.409359	0.000000	0.000053	869.851704	3.4
41	6981.019266	0.000000	0.000053	897.590139	3.7
42	6968.487252	0.000000	0.000053	805.961148	3.7
43	6818.564659	0.000000	0.000053	667.384536	3.6
44	6839.930457	0.000000	0.000053	739.555994	3.9
45	7028.749783	0.000000	0.000053	709.439039	3.6
46	7023.581274	0.000000	0.000053	677.060398	3.4
47	6958.018288	0.000000	0.000053	630.442978	3.5
48	6734.048532	0.000000	0.000053	669.475483	3.6
49	6577.499148	0.000000	0.000053	533.801740	5.4
50	6682.956152	0.000000	0.000053	511.853945	5.3
51	6287.393942	0.000000	0.000053	448.961973	5.1
52	6678.692948	0.000000	0.000053	513.712286	5.1
53	6706.158995	0.000000	0.000053	441.276434	5.9
54	6425.599599	0.000000	0.000053	535.228146	5.3
55	6597.544362	0.000000	0.000053	391.933755	4.9
56	6800.040027	0.000000	0.000053	466.062713	5.1
57	6454.364785	0.000000	0.000053	507.040174	4.6
58	6640.576775	0.000000	0.000053	410.082480	4.6
59	6482.732136	0.000000	0.000053	364.336345	4.0
60	6549.621642	0.000000	0.000053	386.098080	3.9
61	6452.369717	0.000000	0.000053	287.010851	3.8
62	6388.373430	0.000000	0.000053	431.778701	3.8
63	6679.187536	0.000000	0.000053	334.437141	3.6
64	6653.823441	0.000000	0.000053	371.467870	3.4
65	6619.210172	0.000000	0.000053	427.229443	5.0
66	6456.013107	0.000000	0.000053	354.229001	5.0
67	6762.465793	0.000000	0.000053	481.038204	5.2
68	6521.660466	0.000000	0.000053	365.623875	5.2
69	6513.748978	0.000000	0.000053	382.759842	5.1
70	6346.963403	0.000000	0.000053	356.722852	4.6
71	6569.049659	0.000000	0.000053	326.687428	5.0
72	6499.393781	0.000000	0.000053	382.466981	3.9
73	6471.283546	0.000000	0.000053	361.820657	3.6
74	6517.505606	0.000000	0.000053	299.229500	3.8
75	6523.713959	0.000000	0.000053	345.247135	3.4
76	6466.468617	0.000000	0.000053	329.787365	3.3
77	6649.074319	0.000000	0.000053	334.221785	3.3
78	6635.366243	0.000000	0.000053	325.638654	3.3
79	6610.822928	0.000000	0.000053	365.317843	3.3
80	6443.977573	0.000000	0.000053	360.603777	3.4
81	6626.778082	0.000000	0.000053	411.650418	3.5
82	6518.315582	0.000000	0.000053	362.656633	3.4
83	6728.110323	0.000000	0.000053	380.665521	3.4
84	6498.113227	0.000000	0.000053	341.331305	3.5
85	6477.400645	0.000000	0.000053	377.516723	5.3
86	6246.771478	0.000000	0.000053	285.403412	5.1
87	6527.264059	0.000000	0.000053	339.234920	5.1
88	6543.722760	0.000000	0.000053	344.572479	5.4
89	6395.870048	0.000000	0.000053	288.574611	5.4
90	6537.101764	0.000000	0.000053	348.098480	5.1
91	6432.991263	0.000000	0.000053	280.076119	4.3
92	6529.261661	0.000000	0.000053	297.800755	5.1
93	6405.189546	0.000000	0.000053	327.481145	5.1
94	6364.005755	0.000000	0.000053	335.484066	4.2
95	6766.966885	0.000000	0.000053	392.970580	4.3
96	6599.475897	0.000000	0.000053	307.581670	4.1
97	6439.817003	0.000000	0.000053	296.751669	4.0
98	6268.804827	0.000000	0.000053	328.099148	4.6
99	6532.771048	0.000000	0.000053	348.772011	5.4
100	6422.305973	0.000000	0.000053	294.069829	5.2
101	6297.901288	0.000000	0.000053	328.411705	5.2
102	6412.571800	0.000000	0.000053	301.563318	5.1
103	6550.874634	0.000000	0.000053	377.216167	4.3
104	6394.737346	0.000000	0.000053	294.733716	4.6
105	6312.825083	0.000000	0.000053	316.034770	5.5
106	6257.591366	0.000000	0.000053	261.943795	5.3
107	6446.609355	0.000000	0.000053	277.721008	5.6
108	6389.603793	0.000000	0.000053	244.922802	5.6
109	6312.206721	0.000000	0.000053	345.136999	5.5
110	6422.209276	0.000000	0.000053	275.627169	4.6
111	6414.777823	0.000000	0.000053	351.728218	4.6
112	6362.815362	0.000000	0.000053	314.668540	5.3
113	6409.778160	0.000000	0.000053	284.935004	5.5
114	6409.786291	0.000000	0.000053	323.404201	4.4
115	6634.947458	0.000000	0.000053	345.191349	4.1
116	6396.256460	0.000000	0.000053	304.532734	4.2
117	6505.364680	0.000000	0.000053	295.698037	3.7
118	6393.068364	0.000000	0.000053	290.009309	4.0
119	6350.282163	0.000000	0.000053	295.223882	3.4
120	6271.534926	0.000000	0.000053	290.728411	3.4
121	6511.371217	0.000000	0.000053	305.986216	3.4
122	6261.534760	0.000000	0.000053	281.425223	3.2
123	6327.011282	0.000000	0.000053	249.108440	3.3
124	6307.921885	0.000000	0.000053	270.060660	3.4
125	6124.516593	0.000000	0.000053	254.322702	3.4
126	6234.227223	0.000000	0.000053	267.417954	3.4
127	6468.774166	0.000000	0.000053	286.465096	3.4
128	6203.911103	0.000000	0.000053	285.843369	3.8
129	6488.632156	0.000000	0.000053	302.694507	5.3
130	6422.213054	0.000000	0.000053	298.678462	5.1
131	6364.899363	0.000000	0.000053	292.141282	5.1
132	6159.728260	0.000000	0.000053	251.037353	4.3
133	6589.091224	0.000000	0.000053	285.546260	5.3
134	6344.292400	0.000000	0.000053	250.492331	5.4
135	6176.567484	0.000000	0.000053	248.194959	5.1
136	6290.884807	0.000000	0.000053	285.975893	5.3
137	6257.473953	0.000000	0.000053	240.778126	5.2
138	6258.100189	0.000000	0.000053	322.616540	4.2
139	6313.416738	0.000000	0.000053	357.543031	4.1
140	6434.805908	0.000000	0.000053	248.384881	3.9
141	6272.253124	0.000000	0.000053	238.639364	3.7
142	6026.242363	0.000000	0.000053	259.439861	3.8
143	6389.257110	0.000000	0.000053	333.012213	3.1
144	6145.739232	0.000000	0.000053	263.854619	3.1
145	6234.149795	0.000000	0.000053	269.619068	3.3
146	6162.471976	0.000000	0.000053	280.649749	5.5
147	6207.724594	0.000000	0.000053	268.353411	5.5
148	6234.464630	0.000000	0.000053	266.893901	4.9
149	6280.550128	0.000000	0.000053	280.527178	2.7
150	6254.198286	0.000000	0.000053	275.636913	4.1
151	6280.940622	0.000000	0.000053	263.177965	2.8
152	6437.452490	0.000000	0.000053	255.639386	2.8
153	6313.643684	0.000000	0.000053	259.934149	3.2
154	6179.998136	0.000000	0.000053	266.158803	3.1
155	6327.340563	0.000000	0.000053	273.476973	3.2
156	6525.126165	0.000000	0.000053	284.512010	3.0
157	6404.931178	0.000000	0.000053	308.621846	5.6
158	6042.855993	0.000000	0.000053	251.074686	4.4
159	6118.582187	0.000000	0.000053	248.461655	4.5
160	6257.956208	0.000000	0.000053	272.725633	4.6
161	6022.322587	0.000000	0.000053	258.462968	3.8
162	6409.404301	0.000000	0.000053	293.733698	3.6
163	5955.854134	0.000000	0.000053	273.755751	3.7
164	6138.581215	0.000000	0.000053	225.050234	3.3
165	6274.925842	0.000000	0.000053	245.177662	3.4
166	6039.781181	0.000000	0.000053	224.838015	3.5
167	6452.367393	0.000000	0.000053	301.708066	3.6
168	6250.292836	0.000000	0.000053	242.357240	3.7
169	6276.330468	0.000000	0.000053	245.274991	3.8
170	6154.275816	0.000000	0.000053	252.512092	3.4
171	6184.529833	0.000000	0.000053	246.332697	3.4
172	6139.830809	0.000000	0.000053	235.315102	3.4
173	6193.299246	0.000000	0.000053	339.612302	3.5
174	6188.121060	0.000000	0.000053	311.055742	3.4
175	6255.877592	0.000000	0.000053	242.814361	3.4
176	6272.001962	0.000000	0.000053	287.976561	3.5
177	6188.555739	0.000000	0.000053	256.856566	3.5
178	6059.528963	0.000000	0.000053	222.618048	3.0
179	6195.478178	0.000000	0.000053	236.851203	2.8
180	6473.972583	0.000000	0.000053	430.597003	2.9
181	6301.670660	0.000000	0.000053	267.855601	2.9
182	6264.911938	0.000000	0.000053	255.373616	2.7
183	6289.852703	0.000000	0.000053	227.103527	2.8
184	6349.817942	0.000000	0.000053	249.122173	2.9
185	6227.306592	0.000000	0.000053	302.793458	3.0
186	6256.462938	0.000000	0.000053	284.959946	2.9
187	6266.605799	0.000000	0.000053	279.870865	2.9
188	6075.513321	0.000000	0.000053	292.161669	3.0
189	6163.888468	0.000000	0.000053	237.325249	3.1
190	6232.873580	0.000000	0.000053	260.008009	3.0
191	6266.231985	0.000000	0.000053	285.731194	2.9
192	6223.629329	0.000000	0.000053	240.571162	3.2
193	6130.503644	0.000000	0.000053	227.224967	3.3
194	6274.458204	0.000000	0.000053	263.601874	3.2
195	5916.487202	0.000000	0.000053	271.268012	3.1
196	6149.531045	0.000000	0.000053	224.015583	3.1
197	6068.810691	0.000000	0.000053	260.975544	3.2
198	5954.050792	0.000000	0.000053	242.691369	3.2
199	6232.208911	0.000000	0.000053	231.564115	3.2
200	5995.196196	0.000000	0.000053	256.479902	3.2
201	6254.392513	0.000000	0.000053	307.717095	3.3
202	6049.007399	0.000000	0.000053	281.829965	3.4
203	6140.931646	0.000000	0.000053	319.497701	3.4
204	6227.067273	0.000000	0.000053	253.605380	3.4
205	6121.313486	0.000000	0.000053	287.277084	3.4
206	6216.464297	0.000000	0.000053	244.752618	5.5
207	6168.391747	0.000000	0.000053	247.066694	5.3
208	6170.321901	0.000000	0.000053	246.302361	5.0
209	6061.455490	0.000000	0.000053	248.987811	4.8
210	5913.191142	0.000000	0.000053	227.341266	4.7
211	5939.462041	0.000000	0.000053	228.000647	4.3
212	6171.726103	0.000000	0.000053	269.756715	4.4
213	5984.375573	0.000000	0.000053	216.333267	4.0
214	6007.287256	0.000000	0.000053	285.834916	3.6
215	6030.613514	0.000000	0.000053	202.095455	3.5
216	6031.535403	0.000000	0.000053	228.246900	3.4
217	5967.641417	0.000000	0.000053	266.004099	4.6
218	6205.792244	0.000000	0.000053	242.619840	4.5
219	6240.016554	0.000000	0.000053	322.560218	4.3
220	6146.320870	0.000000	0.000053	225.418234	2.9
221	6101.559025	0.000000	0.000053	234.595038	2.6
222	6311.982561	0.000000	0.000053	387.310356	2.5
223	6046.531662	0.000000	0.000053	272.313634	2.6
224	5933.227491	0.000000	0.000053	246.141098	2.7
225	6132.597375	0.000000	0.000053	213.497740	2.7
226	6133.130300	0.000000	0.000053	252.216653	2.8
227	6044.918566	0.000000	0.000053	216.029666	2.9
228	6138.283118	0.000000	0.000053	238.457004	2.5
229	6018.550408	0.000000	0.000053	226.891426	2.7
230	6045.116112	0.000000	0.000053	236.075132	5.1
231	5968.832396	0.000000	0.000053	283.925218	5.2
232	6006.746988	0.000000	0.000053	247.585445	4.5
233	6075.239285	0.000000	0.000053	232.713943	4.5
234	6141.749381	0.000000	0.000053	232.138531	4.5
235	5973.797561	0.000000	0.000053	251.792653	4.1
236	6048.390336	0.000000	0.000053	264.017526	4.2
237	6001.373002	0.000000	0.000053	244.297320	4.2
238	5787.273432	0.000000	0.000053	240.809903	4.9
239	6015.420541	0.000000	0.000053	212.717504	4.6
240	5997.070516	0.000000	0.000053	217.638137	5.2
241	5887.672263	0.000000	0.000053	210.299183	5.3
242	5856.382072	0.000000	0.000053	225.146562	5.3
243	6148.761322	0.000000	0.000053	238.090167	4.9
244	6152.749832	0.000000	0.000053	261.646496	4.1
245	6177.858668	0.000000	0.000053	253.024078	4.1
246	5879.324296	0.000000	0.000053	230.814880	3.8
247	5981.006115	0.000000	0.000053	220.836673	3.8
248	6210.617522	0.000000	0.000053	265.511761	3.8
249	6243.097566	0.000000	0.000053	245.097519	3.6
250	5967.714409	0.000000	0.000053	213.846446	3.6
251	6094.417254	0.000000	0.000053	258.391366	5.3
252	6081.183588	0.000000	0.000053	255.116581	5.5
253	5918.698532	0.000000	0.000053	218.658846	5.4
254	6128.489931	0.000000	0.000053	223.955822	5.3
255	6138.980841	0.000000	0.000053	230.627959	5.2
256	5862.145807	0.000000	0.000053	219.540818	5.2
257	5883.244883	0.000000	0.000053	212.205125	4.3
258	6117.675469	0.000000	0.000053	212.626554	4.3
259	6056.247081	0.000000	0.000053	216.739188	4.0
260	6060.640359	0.000000	0.000053	262.248587	5.6
261	5945.326547	0.000000	0.000053	227.750530	5.1
262	5985.907513	0.000000	0.000053	251.246279	5.1
263	5789.152287	0.000000	0.000053	237.107165	4.2
264	6027.092339	0.000000	0.000053	316.835982	4.4
265	5944.662129	0.000000	0.000053	204.828936	4.3
266	6206.468911	0.000000	0.000053	238.578679	4.3
267	6067.334938	0.000000	0.000053	218.892412	4.5
268	5769.628902	0.000000	0.000053	236.088532	4.0
269	5939.427438	0.000000	0.000053	207.183370	4.2
270	5914.940359	0.000000	0.000053	321.997368	5.4
271	6155.435515	0.000000	0.000053	225.193708	5.1
272	6067.409629	0.000000	0.000053	238.729961	5.0
273	5810.849129	0.000000	0.000053	307.577419	4.9
274	5995.472159	0.000000	0.000053	220.948529	4.1
275	6090.374535	0.000000	0.000053	272.618926	3.9
276	6095.937000	0.000000	0.000053	214.765477	4.0
277	5769.610974	0.000000	0.000053	239.901491	4.2
278	6004.269486	0.000000	0.000053	214.823863	3.9
279	6060.094657	0.000000	0.000053	219.434051	5.1
280	5813.729280	0.000000	0.000053	234.890803	5.1
281	5712.039237	0.000000	0.000053	190.665605	5.3
282	6056.973483	0.000000	0.000053	254.613727	5.5
283	5876.057454	0.000000	0.000053	257.681373	5.2
284	6149.107945	0.000000	0.000053	244.877450	5.2
285	5872.503979	0.000000	0.000053	207.672817	4.6
286	5998.443242	0.000000	0.000053	213.009345	4.5
287	6033.022749	0.000000	0.000053	274.738126	3.7
288	6061.885256	0.000000	0.000053	219.635538	3.6
289	5767.228193	0.000000	0.000053	221.475231	3.5
290	5999.377075	0.000000	0.000053	205.014203	3.4
291	5948.281299	0.000000	0.000053	195.071400	3.4
292	5818.864513	0.000000	0.000053	226.966119	3.4
293	5910.979381	0.000000	0.000053	264.014363	3.5
294	5919.450312	0.000000	0.000053	226.831589	3.4
295	5825.017023	0.000000	0.000053	190.351281	3.3
296	5911.073250	0.000000	0.000053	256.242739	3.3
297	6184.805677	0.000000	0.000053	375.807412	3.5
298	5585.931801	0.000000	0.000053	226.211765	5.2
299	5869.038125	0.000000	0.000053	218.938794	4.8
300	5921.680211	0.000000	0.000053	237.414615	3.9
301	5986.386638	0.000000	0.000053	250.828132	5.4
302	5872.118315	0.000000	0.000053	245.554334	5.2
303	5921.667232	0.000000	0.000053	220.152414	3.2
304	5953.294889	0.000000	0.000053	238.536788	3.1
305	5915.516512	0.000000	0.000053	253.623916	2.6
306	6097.864554	0.000000	0.000053	263.693325	4.7
307	5858.290238	0.000000	0.000053	219.885741	5.3
308	6089.579375	0.000000	0.000053	232.749270	5.0
309	5847.742199	0.000000	0.000053	202.332484	4.4
310	6003.608626	0.000000	0.000053	229.787126	3.9
311	5685.535939	0.000000	0.000053	175.613937	4.0
312	6146.221096	0.000000	0.000053	312.533758	3.4
313	5922.913655	0.000000	0.000053	223.360206	4.4
314	5873.279260	0.000000	0.000053	203.597660	3.3
315	5675.043560	0.000000	0.000053	243.316305	3.0
316	5879.339875	0.000000	0.000053	227.909436	3.5
317	6087.666628	0.000000	0.000053	275.527776	3.1
318	5866.953958	0.000000	0.000053	218.020297	3.0
319	5915.346576	0.000000	0.000053	209.007833	3.6
320	5879.404744	0.000000	0.000053	217.725701	4.3
321	5759.752938	0.000000	0.000053	261.912303	4.3
322	5881.561839	0.000000	0.000053	196.791209	4.1
323	5874.764744	0.000000	0.000053	214.139001	2.6
324	5941.596857	0.000000	0.000053	234.735749	2.5
325	5792.271868	0.000000	0.000053	215.741860	2.5
326	5994.846466	0.000000	0.000053	294.059651	2.4
327	6005.859301	0.000000	0.000053	213.337684	2.5
328	6032.804948	0.000000	0.000053	211.004608	5.1
329	5991.549406	0.000000	0.000053	219.046265	5.0
330	5836.136042	0.000000	0.000053	226.835332	4.9
331	5785.930172	0.000000	0.000053	206.326609	4.4
332	5864.535470	0.000000	0.000053	228.148105	4.1
333	5655.492812	0.000000	0.000053	209.871226	5.0
334	5879.008316	0.000000	0.000053	260.160246	4.4
335	5859.742487	0.000000	0.000053	207.165575	4.2
336	5858.540947	0.000000	0.000053	210.647856	5.6
337	5903.759872	0.000000	0.000053	270.960940	5.2
338	6029.070492	0.000000	0.000053	217.057985	4.4
339	5763.826225	0.000000	0.000053	186.510393	4.7
340	5950.548917	0.000000	0.000053	235.016595	5.6
341	6017.405438	0.000000	0.000053	260.679264	5.3
342	5823.446558	0.000000	0.000053	274.439428	6.0
343	5894.389843	0.000000	0.000053	209.051342	5.2
344	5969.236306	0.000000	0.000053	208.190979	4.8
345	5768.222090	0.000000	0.000053	199.171610	4.3
346	5746.620155	0.000000	0.000053	223.887306	5.3
347	5813.881377	0.000000	0.000053	221.185272	5.3
348	5722.379819	0.000000	0.000053	206.686487	5.0
349	5885.224001	0.000000	0.000053	221.902928	4.9
350	5689.090851	0.000000	0.000053	216.673636	4.8
351	5849.725787	0.000000	0.000053	236.611009	5.9
352	5725.167848	0.000000	0.000053	233.611064	5.7
353	5695.026592	0.000000	0.000053	246.737072	5.7
354	6023.146055	0.000000	0.000053	209.575457	5.3
355	5847.165823	0.000000	0.000053	224.546855	4.2
356	5810.923806	0.000000	0.000053	291.302333	4.0
357	5890.043763	0.000000	0.000053	229.058859	3.9
358	5807.455547	0.000000	0.000053	229.086924	3.6
359	5816.624732	0.000000	0.000053	198.795898	5.2
360	5922.967969	0.000000	0.000053	207.626976	5.6
361	5941.794919	0.000000	0.000053	200.185871	5.3
362	5798.276291	0.000000	0.000053	212.949917	5.5
363	5713.555400	0.000000	0.000053	210.004243	5.1
364	5890.167192	0.000000	0.000053	226.876464	4.4
365	5975.999911	0.000000	0.000053	217.414651	5.8
366	5868.909007	0.000000	0.000053	282.850360	5.2
367	6093.301932	0.000000	0.000053	221.121804	4.8
368	5711.016955	0.000000	0.000053	211.592077	4.3
369	5737.126229	0.000000	0.000053	205.249637	4.4
370	5876.729331	0.000000	0.000053	216.168315	3.7
371	5630.055040	0.000000	0.000053	206.387532	3.6
372	5934.439978	0.000000	0.000053	213.770982	3.6
373	5963.535838	0.000000	0.000053	222.241682	3.7
374	5937.791882	0.000000	0.000053	226.067567	3.4
375	5688.850226	0.000000	0.000053	204.207733	3.2
376	5869.785516	0.000000	0.000053	208.685290	3.3
377	5943.651651	0.000000	0.000053	287.951879	3.3
378	5770.134848	0.000000	0.000053	257.224504	3.3
379	6011.295055	0.000000	0.000053	198.806208	3.6
380	5561.133000	0.000000	0.000053	183.058767	4.0
381	5507.121296	0.000000	0.000053	188.558124	3.6
382	5778.314053	0.000000	0.000053	216.675652	3.7
383	5605.398849	0.000000	0.000053	218.217165	3.6
384	5707.850178	0.000000	0.000053	194.799236	3.3
385	5852.339145	0.000000	0.000053	232.461610	3.4
386	5686.454745	0.000000	0.000053	225.684875	3.4
387	5795.144066	0.000000	0.000053	209.227363	3.3
388	5883.266780	0.000000	0.000053	265.091222	3.4
389	5829.667817	0.000000	0.000053	285.100709	3.4
390	6005.832284	0.000000	0.000053	238.737549	3.3
391	5595.844201	0.000000	0.000053	262.132065	5.3
392	5834.907632	0.000000	0.000053	216.114889	5.4
393	5954.770234	0.000000	0.000053	311.126109	5.3
394	5796.701179	0.000000	0.000053	198.405071	5.4
395	5869.917344	0.000000	0.000053	202.222360	4.8
396	5615.003944	0.000000	0.000053	200.359700	5.6
397	5771.921492	0.000000	0.000053	250.913941	5.4
398	5667.673552	0.000000	0.000053	201.695605	4.1
399	5755.527873	0.000000	0.000053	207.825544	4.1
400	5797.187874	0.000000	0.000053	215.298804	3.7
401	5722.464927	0.000000	0.000053	266.090413	3.6
402	5607.188604	0.000000	0.000053	215.781023	4.6
403	5786.520882	0.000000	0.000053	227.559001	3.4
404	5817.035394	0.000000	0.000053	211.328551	3.4
405	5627.320086	0.000000	0.000053	248.349225	3.5
406	5820.920809	0.000000	0.000053	203.401861	4.9
407	5974.697409	0.000000	0.000053	260.491477	5.0
408	5814.840174	0.000000	0.000053	217.936636	5.6
409	6161.541591	0.000000	0.000053	280.062978	5.5
410	5691.989310	0.000000	0.000053	246.583979	5.1
411	5662.707780	0.000000	0.000053	185.742825	4.9
412	5840.516223	0.000000	0.000053	192.120709	4.9
413	5734.090717	0.000000	0.000053	235.749822	4.2
414	5907.470772	0.000000	0.000053	230.942580	4.1
415	5545.075680	0.000000	0.000053	241.456046	4.6
416	5941.354574	0.000000	0.000053	257.575655	3.9
417	5858.469296	0.000000	0.000053	190.053492	4.0
418	5820.630536	0.000000	0.000053	212.093776	3.9
419	5715.384232	0.000000	0.000053	218.363810	3.8
420	5786.112907	0.000000	0.000053	258.764748	3.8
421	5677.160824	0.000000	0.000053	247.871002	3.5
422	5584.130652	0.000000	0.000053	197.269611	5.2
423	5699.009921	0.000000	0.000053	210.620715	5.4
424	5569.243497	0.000000	0.000053	221.402614	5.4
425	5775.532621	0.000000	0.000053	194.892856	4.9
426	5691.961251	0.000000	0.000053	235.893525	4.8
427	5550.047543	0.000000	0.000053	206.406945	5.1
428	5724.743893	0.000000	0.000053	243.833969	4.9
429	5828.596796	0.000000	0.000053	230.248006	4.1
430	5884.222289	0.000000	0.000053	233.317290	5.2
431	5791.018011	0.000000	0.000053	181.891996	5.3
432	5870.458850	0.000000	0.000053	261.078868	5.2
433	5821.453024	0.000000	0.000053	243.633125	4.1
434	5940.150710	0.000000	0.000053	194.909950	4.2
435	5974.135577	0.000000	0.000053	228.819962	4.4
436	5580.291128	0.000000	0.000053	191.870639	4.5
437	5904.468916	0.000000	0.000053	313.824380	4.3
438	5629.024510	0.000000	0.000053	225.559101	3.8
439	5895.105892	0.000000	0.000053	228.945686	3.8
440	5658.023378	0.000000	0.000053	185.062186	3.5
441	5857.967639	0.000000	0.000053	193.935006	3.4
442	5803.938615	0.000000	0.000053	227.043950	3.5
443	5751.259590	0.000000	0.000053	248.995883	3.3
444	5777.039096	0.000000	0.000053	224.048086	3.3
445	5727.682283	0.000000	0.000053	214.765409	3.2
446	5737.552552	0.000000	0.000053	268.480539	7.3
447	5547.767957	0.000000	0.000053	199.986128	3.7
448	5488.326028	0.000000	0.000053	213.504474	4.9
449	5748.380263	0.000000	0.000053	227.606883	5.5
450	5656.669713	0.000000	0.000053	199.130616	5.6
451	5813.901400	0.000000	0.000053	273.064743	5.5
452	5570.926680	0.000000	0.000053	181.633037	4.4
453	5567.831035	0.000000	0.000053	171.455170	4.2
454	5644.237503	0.000000	0.000053	264.295524	4.2
455	5759.624232	0.000000	0.000053	222.209934	4.3
456	5785.596765	0.000000	0.000053	214.614841	3.9
457	5696.559973	0.000000	0.000053	199.739209	3.8
458	5798.664453	0.000000	0.000053	199.058723	4.6
459	5697.583096	0.000000	0.000053	223.506456	3.7
460	5483.092789	0.000000	0.000053	192.267941	3.7
461	5699.940214	0.000000	0.000053	204.312424	3.7
462	5663.914877	0.000000	0.000053	207.882374	3.8
463	5657.015116	0.000000	0.000053	313.724648	3.7
464	5735.361536	0.000000	0.000053	260.918366	3.1
465	5677.726850	0.001446	0.000053	205.378989	3.1
466	5807.427450	0.000000	0.000053	191.503074	3.1
467	5824.063174	0.000000	0.000053	197.026548	3.1
468	5401.740982	0.000000	0.000053	177.803007	3.2
469	5863.606936	0.000000	0.000053	216.630237	3.2
470	5757.779682	0.000000	0.000053	208.064408	3.2
471	5777.074303	0.000000	0.000053	266.824140	3.3
472	5448.119367	0.000000	0.000053	240.091897	3.3
473	5715.233676	0.000000	0.000053	219.292121	3.3
474	5931.005618	0.000000	0.000053	207.023527	3.2
475	5562.363355	0.000000	0.000053	193.131305	3.2
476	5745.650526	0.000000	0.000053	192.769554	3.2
477	5731.635062	0.000000	0.000053	293.542730	3.3
478	5723.904529	0.000000	0.000053	188.958290	3.3
479	5655.373227	0.000000	0.000053	200.494400	3.3
480	5820.097437	0.000000	0.000053	230.219326	3.3
481	5491.145356	0.000000	0.000053	192.868607	3.3
482	5501.820375	0.000000	0.000053	202.362030	3.7
483	5391.970961	0.000000	0.000053	214.326654	3.1
484	5608.216107	0.000000	0.000053	197.180315	3.1
485	5630.811370	0.000000	0.000053	200.681038	3.1
486	5397.627463	0.000000	0.000053	188.613470	3.1
487	5755.764491	0.000000	0.000053	183.678441	3.2
488	5677.429124	0.000000	0.000053	230.823175	3.3
489	5547.467988	0.000000	0.000053	259.299189	4.0
490	5921.363841	0.000000	0.000053	296.109880	3.3
491	5586.738276	0.002048	0.000053	179.740959	3.2
492	5428.363398	0.000000	0.000053	174.304867	2.8
493	6003.816129	0.000000	0.000053	196.818507	2.8
494	5486.933518	0.000000	0.000053	177.499972	2.9
495	5610.111692	0.000000	0.000053	195.280245	2.9
496	5570.406976	0.000000	0.000053	174.359467	3.0
497	5232.657921	0.000000	0.000053	164.351086	3.5
498	5453.955632	0.000000	0.000053	189.911975	3.6
499	5673.277359	0.000000	0.000053	252.669930	3.2
500	5390.630066	0.000000	0.000053	280.863051	3.8
501	5621.264713	0.000948	0.000053	201.846948	4.4
502	5717.472437	0.000000	0.000053	202.970066	4.3
503	5664.351067	0.000000	0.000053	175.599950	5.2
504	5799.620555	0.000000	0.000053	186.781750	5.4
505	5342.407142	0.000000	0.000053	172.511911	3.8
506	5522.298591	0.000000	0.000053	296.542095	4.5
507	5799.644844	0.000000	0.000053	222.437865	4.7
508	5734.498424	0.000000	0.000053	347.703028	5.5
509	5476.718570	0.000000	0.000053	162.402671	5.2
510	5518.048956	0.000000	0.000053	175.689669	4.2
511	5635.990062	0.000000	0.000053	176.143998	4.1
512	5634.919395	0.000000	0.000053	213.016041	3.7
513	5611.111199	0.000000	0.000053	182.417410	3.6
514	5623.703623	0.000000	0.000053	208.099068	3.7
515	5605.823761	0.000000	0.000053	252.267223	5.3
516	5684.079597	0.000000	0.000053	180.807579	5.1
517	5616.101290	0.000000	0.000053	189.736856	5.0
518	5556.166499	0.000000	0.000053	199.844471	11.0
519	5688.096924	0.000000	0.000053	193.975890	5.5
520	5799.139069	0.000000	0.000053	231.553084	5.3
521	5542.044660	0.000000	0.000053	180.817232	4.3
522	5503.443356	0.000000	0.000053	184.141630	4.1
523	5732.226776	0.000000	0.000053	207.888395	4.0
524	5822.427859	0.000000	0.000053	187.926261	3.6
525	5750.104303	0.000000	0.000053	178.990460	3.6
526	5418.225556	0.000000	0.000053	256.294180	4.8
527	5788.381429	0.000000	0.000053	204.160495	3.5
528	5668.873508	0.000000	0.000053	203.279454	3.6
529	5517.388608	0.000000	0.000053	169.153022	5.5
530	5845.848430	0.000000	0.000053	197.331801	4.2
531	5663.385123	0.000000	0.000053	201.408063	4.3
532	5432.301802	0.000000	0.000053	211.545702	4.2
533	5467.963379	0.000000	0.000053	188.064748	3.6
534	5545.297707	0.000000	0.000053	283.915556	3.5
535	5511.780391	0.000000	0.000053	201.753283	3.5
536	5449.036535	0.000000	0.000053	175.087758	5.3
537	5714.778714	0.000000	0.000053	222.828725	5.3
538	5381.673209	0.000000	0.000053	201.955409	5.4
539	5604.604750	0.000000	0.000053	192.027658	4.5
540	5751.415802	0.000000	0.000053	183.326897	4.8
541	5451.728474	0.000000	0.000053	190.111963	4.7
542	5479.330747	0.000000	0.000053	208.055725	3.8
543	5766.989502	0.000000	0.000053	191.616598	4.1
544	5697.241258	0.000000	0.000053	179.931694	6.2
545	5606.878791	0.000000	0.000053	180.278181	5.4
546	5378.224773	0.000000	0.000053	223.901018	5.3
547	5517.501656	0.000000	0.000053	169.445461	5.3
548	5516.036699	0.000000	0.000053	182.485354	5.4
549	5316.901435	0.000000	0.000053	243.977782	5.4
550	5745.385322	0.000000	0.000053	191.364739	5.2
551	5406.173698	0.000000	0.000053	171.795604	5.3
552	5553.232829	0.000000	0.000053	210.739761	4.4
553	5614.050916	0.000000	0.000053	180.091696	5.5
554	5553.910273	0.000000	0.000053	282.284756	4.9
555	5521.002525	0.000000	0.000053	224.752978	4.8
556	5338.180821	0.000000	0.000053	155.768061	3.7
557	5626.409040	0.000000	0.000053	204.256254	3.7
558	5516.168974	0.000000	0.000053	166.263367	3.7
559	5662.310270	0.000000	0.000053	188.372445	3.5
560	5546.958977	0.000000	0.000053	175.627816	3.7
561	5278.789496	0.000000	0.000053	160.886016	5.5
562	5601.273238	0.000000	0.000053	203.120604	5.3
563	5547.855294	0.000000	0.000053	202.647829	5.5
564	5622.693137	0.000000	0.000053	296.955670	4.4
565	5367.431293	0.000000	0.000053	161.960106	4.9
566	5538.925738	0.000000	0.000053	226.043501	4.8
567	5465.659808	0.000000	0.000053	228.343173	3.9
568	5562.739322	0.000000	0.000053	248.536772	3.8
569	5478.396426	0.000000	0.000053	173.687048	3.9
570	5469.021102	0.000000	0.000053	177.717059	3.7
571	5484.247178	0.000000	0.000053	269.527002	3.6
572	5594.422162	0.000000	0.000053	214.866262	3.6
573	5450.446449	0.000000	0.000053	199.226961	3.6
574	5371.039748	0.000000	0.000053	193.714483	3.4
575	5647.218654	0.000000	0.000053	236.976565	3.6
576	5478.358174	0.000000	0.000053	220.823868	3.7
577	5640.361077	0.000000	0.000053	180.646816	3.5
578	5601.946470	0.000000	0.000053	198.036883	3.3
579	5232.365292	0.000000	0.000053	178.185015	3.4
580	5403.602577	0.000000	0.000053	196.160089	6.3
581	5532.620791	0.000000	0.000053	184.906181	6.0
582	5314.144239	0.000000	0.000053	202.502274	5.5
583	5607.439331	0.000000	0.000053	220.716156	5.4
584	5466.572851	0.000000	0.000053	241.046189	5.3
585	5506.539724	0.000000	0.000053	205.634830	5.3
586	5621.799432	0.000000	0.000053	190.820588	5.2
587	5446.500791	0.000000	0.000053	220.580951	5.3
588	5380.363739	0.000000	0.000053	177.723810	4.2
589	5402.868950	0.000000	0.000053	189.821382	4.3
590	5515.812717	0.000000	0.000053	187.145676	4.6
591	5787.741635	0.000000	0.000053	300.585347	4.1
592	5479.867933	0.000000	0.000053	183.220589	5.3
593	5544.929848	0.000000	0.000053	226.442907	4.1
594	5513.029082	0.000000	0.000053	273.740509	4.3
595	5702.851265	0.000000	0.000053	291.174330	4.2
596	5368.136713	0.000000	0.000053	166.896156	4.6
597	5418.192916	0.000000	0.000053	182.734741	3.4
598	5352.686706	0.000000	0.000053	188.283284	3.3
599	5348.592736	0.000000	0.000053	177.842942	3.3
600	5612.836129	0.000000	0.000053	230.067486	3.1
601	5473.706706	0.000000	0.000053	238.892626	5.6
602	5402.609032	0.000000	0.000053	178.709782	3.7
603	5344.055096	0.000000	0.000053	176.210129	3.6
604	5494.947640	0.000000	0.000053	188.313604	3.6
605	5569.145358	0.000000	0.000053	183.137580	3.2
606	5425.613433	0.000000	0.000053	190.888277	2.6
607	5633.544476	0.000000	0.000053	192.433594	2.7
608	5405.721382	0.000000	0.000053	184.752410	2.7
609	5303.172496	0.000000	0.000053	190.678144	2.7
610	5333.550048	0.000000	0.000053	230.236363	2.6
611	5680.064819	0.000000	0.000053	186.771597	2.6
612	5627.176477	0.000000	0.000053	222.274354	2.7
613	5359.531415	0.000000	0.000053	247.190589	2.8
614	5498.805031	0.000000	0.000053	235.051629	2.8
615	5379.758358	0.000000	0.000053	191.877363	2.7
616	5021.453622	0.000000	0.000053	192.101477	2.6
617	5457.561048	0.000000	0.000053	187.105247	2.6
618	5476.709895	0.000000	0.000053	165.431409	2.5
619	5363.253229	0.000000	0.000053	175.259787	2.6
620	5395.115801	0.000000	0.000053	179.363380	2.6
621	5561.328351	0.000000	0.000053	195.025081	2.5
622	5309.154694	0.000000	0.000053	183.484364	2.6
623	5426.865725	0.000000	0.000053	200.846543	2.7
624	5558.593763	0.000000	0.000053	347.619378	2.6
625	5546.664893	0.000000	0.000053	178.634112	2.6
626	5561.356856	0.000000	0.000053	243.053471	2.8
627	5263.658051	0.000000	0.000053	161.789142	2.7
628	5449.597247	0.000000	0.000053	293.799397	2.8
629	5352.426145	0.000000	0.000053	276.929262	2.8
630	5665.741064	0.000000	0.000053	175.757373	2.8
631	5419.450296	0.000000	0.000053	160.218026	2.6
632	5405.595527	0.000000	0.000053	161.496041	2.6
633	5510.103720	0.000000	0.000053	234.635675	2.7
634	5289.635426	0.000000	0.000053	169.785683	2.7
635	5192.261954	0.000000	0.000053	182.317067	2.7
636	5560.269681	0.000000	0.000053	212.842639	2.6
637	5423.666786	0.000000	0.000053	250.145496	2.7
638	5349.960916	0.000000	0.000053	188.550565	2.7
639	5294.155247	0.000000	0.000053	243.479259	2.7
640	5224.275310	0.000000	0.000053	165.237470	2.7
641	5503.429335	0.000000	0.000053	247.679243	2.8
642	5525.679011	0.000000	0.000053	180.425914	3.0
643	5137.544985	0.000000	0.000053	229.972153	5.5
644	5397.558081	0.000000	0.000053	179.173240	5.0
645	5480.291302	0.000000	0.000053	189.809447	4.8
646	5255.202193	0.000000	0.000053	178.464270	3.1
647	5450.979641	0.000000	0.000053	210.901470	3.5
648	5411.761907	0.000000	0.000053	170.267860	3.6
649	5408.891623	0.000000	0.000053	182.366150	3.4
650	5360.791146	0.000000	0.000053	238.533324	3.0
651	5370.245350	0.000000	0.000053	161.098242	3.3
652	5186.209085	0.000000	0.000053	160.570730	2.9
653	5354.685106	0.000000	0.000053	197.440241	2.9
654	5481.732461	0.000000	0.000053	172.448508	2.8
655	5222.317222	0.000000	0.000053	142.755322	5.5
656	5285.934281	0.000000	0.000053	184.177591	5.8
657	5410.955679	0.000000	0.000053	213.778389	5.0
658	5383.832865	0.000000	0.000053	203.832546	3.3
659	5362.844502	0.000000	0.000053	229.296232	2.5
660	5284.902813	0.000000	0.000053	187.644534	2.6
661	5379.104562	0.000000	0.000053	218.743305	3.1
662	5335.394823	0.000000	0.000053	213.744162	2.9
663	5306.761695	0.000000	0.000053	221.058946	3.3
664	5192.334656	0.000000	0.000053	187.607307	2.8
665	5357.617575	0.000000	0.000053	177.480883	2.8
666	5395.937203	0.000000	0.000053	178.940307	2.9
667	5170.700646	0.000000	0.000053	162.487557	2.5
668	5430.535712	0.000000	0.000053	168.489661	2.5
669	5378.749495	0.000000	0.000053	158.609411	2.5
670	5249.294850	0.000000	0.000053	139.015518	2.4
671	5186.934627	0.000000	0.000053	168.186610	2.7
672	5468.183651	0.000000	0.000053	178.884179	2.8
673	5324.804095	0.000000	0.000053	159.146931	2.6
674	5482.868072	0.000000	0.000053	366.776996	2.6
675	5268.413077	0.000000	0.000053	175.522098	2.9
676	5299.098192	0.000325	0.000053	197.128709	2.8
677	5404.019335	0.000000	0.000053	164.212321	2.9
678	5602.467571	0.000000	0.000053	206.582508	3.0
679	5342.406010	0.000000	0.000053	176.538160	2.9
680	5258.960685	0.000000	0.000053	169.247774	2.8
681	5402.312394	0.000000	0.000053	164.156235	2.9
682	5634.284325	0.000000	0.000053	187.089389	2.9
683	5388.105366	0.000000	0.000053	154.901141	2.9
684	5484.649703	0.000000	0.000053	170.482161	2.9
685	5323.295493	0.000000	0.000053	187.910808	3.0
686	5181.530577	0.000000	0.000053	153.416050	3.0
687	5398.227131	0.000000	0.000053	268.496242	3.0
688	5425.059115	0.000000	0.000053	341.569511	2.9
689	5488.461421	0.000000	0.000053	182.912865	2.9
690	5217.512235	0.000000	0.000053	183.949639	2.9
691	5434.420590	0.000000	0.000053	177.646354	2.9
692	5255.326960	0.000000	0.000053	164.370294	2.9
693	5295.912452	0.000000	0.000053	218.631895	2.9
694	5320.107312	0.000000	0.000053	201.316907	2.9
695	5124.911044	0.000000	0.000053	227.017545	3.3
696	5353.837696	0.000000	0.000053	260.695873	3.2
697	5379.434275	0.000000	0.000053	209.184162	3.2
698	5172.041072	0.000000	0.000053	143.970390	3.2
699	5307.639018	0.000000	0.000053	236.653661	3.0
700	5360.389218	0.000000	0.000053	184.495092	3.5
701	5481.001997	0.000000	0.000053	160.522155	3.1
702	5369.261044	0.000000	0.000053	147.997961	3.4
703	5266.144735	0.000000	0.000053	225.125364	3.5
704	5351.131635	0.000000	0.000053	225.908654	3.5
705	5176.253221	0.000000	0.000053	257.328922	3.7
706	5383.173635	0.000489	0.000053	209.035492	3.6
707	5509.169359	0.000000	0.000053	169.666880	3.4
708	5370.925276	0.000000	0.000053	168.929965	3.3
709	5392.980129	0.000000	0.000053	175.706696	3.3
710	5166.199850	0.000000	0.000053	168.675416	3.6
711	5302.377776	0.000000	0.000053	164.684155	3.5
712	5377.189705	0.000000	0.000053	179.575191	3.4
713	5296.099247	0.000000	0.000053	316.307184	3.4
714	5570.861058	0.000000	0.000053	163.914089	3.5
715	5211.893683	0.000000	0.000053	165.176619	3.5
716	5260.803605	0.000000	0.000053	217.022375	3.6
717	5417.927398	0.000000	0.000053	184.719547	3.2
718	5195.832506	0.000000	0.000053	164.457181	3.4
719	5191.595037	0.000000	0.000053	195.424779	3.8
720	5247.994435	0.000000	0.000053	216.867220	4.8
721	5115.482489	0.000000	0.000053	182.842824	4.4
722	5202.507437	0.000000	0.000053	225.831983	9.9
723	5359.741489	0.000000	0.000053	139.390687	3.6
724	5207.405598	0.000000	0.000053	152.236961	3.4
725	5440.902056	0.000000	0.000053	230.945952	2.9
726	5395.654145	0.000000	0.000053	163.358253	2.8
727	5229.377730	0.000000	0.000053	178.859764	3.5
728	5184.813191	0.000000	0.000053	199.333471	2.9
729	5319.025342	0.000000	0.000053	148.326729	2.8
730	5213.237395	0.000000	0.000053	248.646977	2.8
731	5308.145064	0.000000	0.000053	179.668209	5.9
732	5308.764160	0.000000	0.000053	217.437106	3.7
733	5310.883832	0.000000	0.000053	168.968123	3.4
734	5362.095949	0.000000	0.000053	210.674013	2.8
735	5150.582570	0.000000	0.000053	179.119523	2.7
736	5033.928185	0.000000	0.000053	159.770511	5.0
737	5409.494203	0.000000	0.000053	204.099967	4.5
738	5349.041853	0.000000	0.000053	205.618930	4.5
739	5225.579035	0.000000	0.000053	152.322085	3.7
740	5223.691415	0.000000	0.000053	172.773134	3.7
741	5152.056438	0.000000	0.000053	186.713744	3.6
742	5377.432441	0.000000	0.000053	181.764430	3.4
743	5353.612991	0.000000	0.000053	162.777507	3.4
744	5215.571659	0.000000	0.000053	283.124487	6.3
745	5317.533349	0.000000	0.000053	188.534236	4.6
746	5191.391228	0.000000	0.000053	139.606586	4.6
747	5233.218625	0.000000	0.000053	154.858769	4.8
748	5406.210725	0.000000	0.000053	152.455679	4.7
749	5438.825589	0.000000	0.000053	187.771360	5.2
750	5237.667750	0.000000	0.000053	162.805081	4.8
751	5488.542970	0.000000	0.000053	155.200963	5.4
752	5211.803181	0.000000	0.000053	246.332035	5.4
753	5507.998575	0.000000	0.000053	188.766047	5.2
754	5341.688028	0.000000	0.000053	157.477266	5.3
755	5290.249535	0.000000	0.000053	175.309169	6.1
756	5476.135719	0.000000	0.000053	195.490777	4.1
757	5212.919307	0.000000	0.000053	181.341304	4.2
758	5190.688533	0.000000	0.000053	148.446134	3.9
759	5339.853548	0.000000	0.000053	164.394524	6.0
760	4977.683023	0.000000	0.000053	140.904002	5.4
761	5345.621182	0.000000	0.000053	174.386681	4.4
762	5070.102541	0.000000	0.000053	232.670826	4.2
763	5369.340159	0.000000	0.000053	318.075279	4.0
764	5110.013088	0.000000	0.000053	192.367386	4.2
765	5179.950349	0.001314	0.000053	167.211823	5.3
766	5338.940501	0.000000	0.000053	159.650733	3.5
767	5297.557284	0.000000	0.000053	238.101144	3.3
768	5081.051815	0.000000	0.000053	161.991071	3.5
769	5381.049527	0.000000	0.000053	281.393363	3.6
770	5251.411903	0.000000	0.000053	169.876403	2.7
771	5445.135720	0.000000	0.000053	149.741849	2.7
772	5281.599556	0.000000	0.000053	161.510303	3.2
773	5341.703950	0.000000	0.000053	197.247157	5.9
774	5229.937105	0.000000	0.000053	159.625670	5.3
775	5161.208171	0.000000	0.000053	167.195813	3.2
776	5239.072088	0.000000	0.000053	166.993995	3.1
777	5245.307575	0.000000	0.000053	204.155447	3.9
778	5160.503042	0.000000	0.000053	143.777642	5.3
779	5201.266837	0.000000	0.000053	154.072265	5.0
780	5168.991280	0.000000	0.000053	176.494060	5.1
781	5238.636732	0.000000	0.000053	174.422694	3.6
782	5208.694688	0.000000	0.000053	173.745403	5.5
783	5300.664480	0.000000	0.000053	148.159336	5.0
784	5333.467776	0.000000	0.000053	257.343152	3.2
785	5020.657677	0.000000	0.000053	289.327901	3.4
786	5121.217647	0.005771	0.000053	216.342461	3.6
787	5117.993871	0.001532	0.000053	137.592523	5.2
788	5343.785263	0.000000	0.000053	172.273208	2.8
789	5248.502183	0.000000	0.000053	240.357381	2.9
790	5013.891857	0.000000	0.000053	164.006961	3.1
791	5140.350930	0.000000	0.000053	162.727095	3.1
792	5309.941590	0.000000	0.000053	139.667447	3.0
793	5153.925524	0.000000	0.000053	142.342378	3.2
794	5293.755872	0.000000	0.000053	140.874076	3.4
795	5120.341804	0.000000	0.000053	160.178404	5.4
796	5219.801527	0.000000	0.000053	170.382845	5.2
797	5229.884376	0.000000	0.000053	212.275264	4.9
798	5324.376474	0.000000	0.000053	146.623190	4.1
799	5209.915817	0.000000	0.000053	176.687410	5.2
800	5261.706970	0.000000	0.000053	145.128216	5.1
801	5088.962271	0.000000	0.000053	141.050771	5.1
802	5371.181250	0.000000	0.000053	224.691019	4.8
803	5094.064797	0.000000	0.000053	136.430217	4.7
804	5305.049570	0.000000	0.000053	178.276413	4.5
805	5154.214378	0.000000	0.000053	181.883951	5.9
806	5135.612999	0.000000	0.000053	213.640063	5.5
807	5302.945608	0.000321	0.000053	246.656176	5.6
808	5397.752070	0.000000	0.000053	150.369760	5.6
809	5366.878457	0.000000	0.000053	154.803773	6.0
810	5400.915388	0.000000	0.000053	189.261458	5.8
811	5085.052398	0.000000	0.000053	178.329020	5.6
812	5073.025551	0.000000	0.000053	209.822764	8.3
813	5250.734452	0.000000	0.000053	163.671148	6.0
814	5204.501274	0.000000	0.000053	146.820492	5.5
815	5164.721976	0.000000	0.000053	174.055273	5.1
816	5304.690211	0.000000	0.000053	160.553476	3.9
817	5383.071601	0.000000	0.000053	164.498234	4.2
818	5173.791550	0.000000	0.000053	201.453848	8.4
819	5158.038243	0.000000	0.000053	165.528015	3.6
820	5396.509977	0.000000	0.000053	226.485743	3.3
821	5150.492788	0.000000	0.000053	242.262895	5.5
822	5173.262046	0.001839	0.000053	148.400079	4.3
823	5122.701872	0.000421	0.000053	145.228987	4.1
824	5212.992977	0.000000	0.000053	160.683955	3.2
825	5266.838223	0.000000	0.000053	174.474395	3.7
826	5087.332673	0.000000	0.000053	163.093193	3.7
827	5367.113110	0.000000	0.000053	244.488924	3.3
828	5218.893703	0.000000	0.000053	146.481443	3.1
829	5093.581243	0.000000	0.000053	166.546273	3.1
830	5203.552188	0.000000	0.000053	157.026461	3.0
831	5154.438745	0.000000	0.000053	158.887749	3.5
832	5121.276834	0.000000	0.000053	164.973707	3.7
833	4952.640000	0.000000	0.000053	204.102761	3.1
834	5063.271831	0.000000	0.000053	153.619228	2.8
835	5193.823348	0.000000	0.000053	133.295238	2.6
836	5154.840184	0.000000	0.000053	250.120617	2.6
837	5163.084926	0.000000	0.000053	145.969307	3.0
838	5296.066770	0.000000	0.000053	149.448654	3.2
839	5266.937379	0.000000	0.000053	195.527214	5.5
840	4976.772086	0.000000	0.000053	148.768064	5.0
841	5296.365701	0.000000	0.000053	149.716256	5.2
842	5289.371456	0.000000	0.000053	185.427767	4.9
843	5304.208836	0.000000	0.000053	200.868504	4.9
844	5072.367586	0.000000	0.000053	145.285806	4.6
845	5450.915230	0.000000	0.000053	195.900521	4.6
846	5134.714570	0.000000	0.000053	241.221717	3.7
847	5054.251735	0.001031	0.000053	148.884361	5.0
848	5107.043942	0.000179	0.000053	141.740727	3.4
849	5135.087095	0.000000	0.000053	148.783159	3.3
850	5189.351876	0.000000	0.000053	158.513004	3.4
851	5422.314610	0.000000	0.000053	154.749581	5.3
852	5033.946832	0.000000	0.000053	135.074019	5.0
853	5025.147627	0.000000	0.000053	203.916693	4.8
854	5002.038155	0.000000	0.000053	155.623688	3.8
855	5241.708895	0.000000	0.000053	206.604015	4.1
856	5108.820133	0.000000	0.000053	180.145030	5.3
857	5229.380465	0.000000	0.000053	121.908584	4.5
858	5139.151026	0.000000	0.000053	157.862776	3.2
859	5164.096392	0.000000	0.000053	145.788786	3.1
860	5253.364412	0.000000	0.000053	138.121832	3.0
861	5146.339638	0.000000	0.000053	135.841119	5.6
862	5128.132929	0.000000	0.000053	162.355146	3.7
863	5099.503915	0.000000	0.000053	235.618144	3.5
864	5375.516660	0.000000	0.000053	231.711102	5.2
865	5057.859390	0.000000	0.000053	188.616304	5.4
866	5112.846058	0.000936	0.000053	209.356386	3.7
867	5178.513582	0.000000	0.000053	148.775212	2.9
868	5199.178528	0.000000	0.000053	295.628588	3.0
869	5301.036799	0.000000	0.000053	179.883426	3.1
870	5140.990924	0.001373	0.000053	144.549404	3.0
871	5100.284916	0.000264	0.000053	172.957070	3.0
872	5193.771138	0.000000	0.000053	134.755485	3.0
873	5096.274582	0.000000	0.000053	171.408995	3.0
874	5249.852440	0.000000	0.000053	144.638975	3.4
875	5112.344434	0.000000	0.000053	159.653669	3.0
876	5333.171854	0.000000	0.000053	166.361814	3.0
877	5188.314063	0.000000	0.000053	147.553123	3.0
878	5305.570279	0.000000	0.000053	170.867511	2.9
879	5220.232656	0.000000	0.000053	143.572308	2.9
880	5120.340256	0.000000	0.000053	161.264479	3.2
881	5065.072398	0.000000	0.000053	148.635755	3.5
882	5271.917435	0.000000	0.000053	191.378760	3.2
883	5254.103601	0.000000	0.000053	137.787171	3.4
884	4993.557027	0.000000	0.000053	216.496040	3.4
885	5203.127067	0.000000	0.000053	156.345809	3.8
886	5122.899762	0.000000	0.000053	139.342141	3.5
887	5180.585881	0.000000	0.000053	171.519002	3.4
888	5091.322981	0.000000	0.000053	167.026287	3.3
889	4973.973851	0.000000	0.000053	145.722655	3.6
890	5083.652563	0.000000	0.000053	137.224553	5.3
891	5035.244952	0.000000	0.000053	132.595650	5.2
892	5096.344280	0.000000	0.000053	158.594580	4.2
893	5183.658017	0.000000	0.000053	162.798508	4.3
894	5129.741659	0.000000	0.000053	151.007589	4.4
895	5278.096234	0.000000	0.000053	148.218033	4.4
896	5009.463385	0.000000	0.000053	142.980339	3.6
897	5180.810623	0.000000	0.000053	130.736274	3.6
898	5068.034865	0.000000	0.000053	112.330381	3.7
899	5318.495270	0.000000	0.000053	120.892845	3.9
900	5169.136963	0.000000	0.000053	178.583935	3.6
901	5166.750112	0.000000	0.000053	172.562145	5.5
902	5048.413407	0.000000	0.000053	127.644462	5.4
903	5085.124466	0.000000	0.000053	146.862583	4.3
904	5045.460478	0.000000	0.000053	160.535694	3.7
905	5204.586456	0.000000	0.000053	150.868548	3.9
906	5267.046997	0.000000	0.000053	130.064990	4.1
907	5182.897561	0.000000	0.000053	135.509870	4.1
908	5210.900850	0.000000	0.000053	294.858731	3.3
909	5233.680161	0.000000	0.000053	154.282314	3.3
910	4976.234301	0.000000	0.000053	128.011957	5.3
911	5242.741448	0.000000	0.000053	169.462754	5.4
912	4922.703930	0.000000	0.000053	156.760624	5.5
913	5285.107174	0.000000	0.000053	158.087638	5.3
914	5162.634535	0.000000	0.000053	146.720854	4.7
915	5105.288928	0.000000	0.000053	170.383406	4.5
916	5150.066859	0.000000	0.000053	196.809969	4.5
917	5223.671569	0.000487	0.000053	166.974729	3.9
918	5021.136496	0.000000	0.000053	150.137264	3.8
919	5126.438195	0.000000	0.000053	155.688490	3.5
920	5093.406275	0.000000	0.000053	203.808503	3.4
921	5153.190297	0.000000	0.000053	151.533125	3.5
922	5031.596391	0.000000	0.000053	161.195003	3.2
923	4989.877100	0.000000	0.000053	150.279045	3.1
924	5120.689692	0.000000	0.000053	226.126377	3.0
925	4932.684870	0.000092	0.000053	195.720381	3.5
926	5063.620053	0.001423	0.000053	164.913835	3.3
927	4992.088513	0.000295	0.000053	128.019321	3.2
928	5318.834936	0.000000	0.000053	156.634557	2.6
929	5071.663899	0.000000	0.000053	156.541726	2.7
930	4924.075751	0.000000	0.000053	157.401563	2.7
931	4965.274645	0.000000	0.000053	133.508671	2.9
932	5163.982680	0.000000	0.000053	141.658391	5.2
933	5005.898853	0.000000	0.000053	134.623412	4.0
934	5027.831288	0.000000	0.000053	199.949436	3.4
935	5079.901991	0.000000	0.000053	159.341215	3.3
936	5053.547722	0.000000	0.000053	172.313936	3.4
937	5177.429172	0.000000	0.000053	156.855030	3.2
938	5296.422074	0.000000	0.000053	197.819011	3.2
939	4983.145168	0.000000	0.000053	144.956131	3.2
940	5194.725746	0.000000	0.000053	170.130741	3.4
941	5296.748221	0.000000	0.000053	116.737672	5.2
942	5288.384471	0.000000	0.000053	154.946507	5.4
943	5053.352174	0.000000	0.000053	140.819579	5.3
944	5069.000460	0.000000	0.000053	159.594455	4.6
945	4883.353768	0.000000	0.000053	129.166526	4.8
946	4972.513873	0.000000	0.000053	121.972732	4.6
947	5194.652765	0.000000	0.000053	138.943999	5.0
948	5233.027836	0.000000	0.000053	197.016921	4.2
949	5140.760254	0.000000	0.000053	186.344843	4.6
950	5162.052748	0.000000	0.000053	130.664380	4.2
951	5077.715258	0.000000	0.000053	142.321524	3.6
952	5164.294302	0.000000	0.000053	194.572689	3.2
953	5147.713466	0.000153	0.000053	152.014915	3.1
954	4972.368801	0.000000	0.000053	135.837681	3.1
955	4960.544205	0.000000	0.000053	120.527748	2.9
956	5171.971294	0.000000	0.000053	126.506985	5.3
957	5046.814172	0.000000	0.000053	131.161980	3.0
958	4981.630680	0.000000	0.000053	218.153606	3.0
959	4993.547845	0.000000	0.000053	113.481261	3.2
960	5253.651106	0.000000	0.000053	209.823372	3.5
961	5215.477843	0.000000	0.000053	119.538519	3.5
962	5138.551468	0.000000	0.000053	151.694686	5.4
963	5174.085118	0.000000	0.000053	153.756784	5.4
964	5243.319665	0.000000	0.000053	153.233414	6.2
965	5237.753348	0.000000	0.000053	204.932929	5.4
966	5098.206457	0.000000	0.000053	116.040213	5.6
967	4933.986760	0.000000	0.000053	125.061428	5.5
968	5130.982346	0.000000	0.000053	158.733671	5.4
969	5060.337771	0.000000	0.000053	151.851874	5.3
970	4983.400072	0.000000	0.000053	157.075524	6.0
971	5111.661294	0.000000	0.000053	184.297297	5.9
972	4993.167252	0.000000	0.000053	145.749920	5.7
973	5096.721876	0.000000	0.000053	173.840127	5.4
974	5041.902934	0.000000	0.000053	164.740522	5.1
975	5212.254877	0.000000	0.000053	170.856184	4.6
976	4994.549958	0.000000	0.000053	144.030523	4.8
977	5011.434789	0.000000	0.000053	149.055281	3.9
978	5200.465269	0.000000	0.000053	128.008770	3.8
979	5050.237970	0.000000	0.000053	159.798845	3.9
980	5111.929162	0.000000	0.000053	119.575953	4.5
981	5180.256926	0.000000	0.000053	195.737656	5.3
982	5141.636748	0.000000	0.000053	132.623807	5.2
983	5019.971603	0.000000	0.000053	128.199238	5.2
984	4887.360825	0.000000	0.000053	141.714264	4.2
985	5005.522023	0.000000	0.000053	273.580128	4.2
986	5045.598867	0.000000	0.000053	125.693361	3.7
987	5185.643472	0.000000	0.000053	131.901295	3.8
988	5002.702506	0.000000	0.000053	194.594140	3.7
989	5029.089500	0.000000	0.000053	122.618412	3.5
990	5051.340597	0.000000	0.000053	110.909417	3.5
991	5205.629574	0.000000	0.000053	122.466627	3.4
992	5171.825848	0.000000	0.000053	178.536131	3.5
993	4906.609535	0.000000	0.000053	139.908273	3.4
994	5112.331589	0.000000	0.000053	159.785122	3.6
995	5043.110714	0.000000	0.000053	119.077602	3.6
996	4964.893266	0.000000	0.000053	172.759546	3.6
997	4864.200271	0.000000	0.000053	125.726600	5.0
998	4925.298823	0.000000	0.000053	205.926877	5.0
999	5087.701350	0.000000	0.000053	161.890546	4.5
1000	5032.170088	0.000000	0.000053	134.314692	3.6
1001	5103.463064	0.000000	0.000053	125.680955	4.7
1002	5111.592158	0.000000	0.000053	165.708603	4.8
1003	5149.740645	0.000000	0.000053	158.727379	3.6
1004	5120.209437	0.000000	0.000053	204.684346	3.2
1005	5033.072475	0.000000	0.000053	153.779042	5.1
1006	5210.487327	0.000000	0.000053	132.896989	3.3
1007	5193.342019	0.000000	0.000053	124.823336	3.2
1008	4861.926011	0.000000	0.000053	104.471523	3.9
1009	5130.600757	0.000000	0.000053	207.935406	3.9
1010	5025.225685	0.000000	0.000053	128.671790	3.6
1011	5059.251178	0.000000	0.000053	121.891585	3.6
1012	5009.541508	0.000000	0.000053	129.822133	3.4
1013	5203.745544	0.000000	0.000053	151.356922	3.5
1014	4950.220688	0.000000	0.000053	139.971856	3.7
1015	5095.499851	0.000000	0.000053	224.358560	4.1
1016	5124.590896	0.000000	0.000053	138.137029	4.0
1017	5197.268441	0.000000	0.000053	120.180749	3.1
1018	5058.728528	0.000000	0.000053	130.394597	4.9
1019	4859.759194	0.000000	0.000053	147.217031	5.5
1020	5115.419093	0.000000	0.000053	156.086961	5.2
1021	5067.782050	0.000000	0.000053	164.246829	5.3
1022	5138.696352	0.000000	0.000053	144.719810	3.8
1023	5037.771949	0.000000	0.000053	139.558866	3.8
1024	5220.226574	0.000000	0.000053	119.118488	4.1
1025	5127.759283	0.000000	0.000053	120.017283	4.3
1026	5114.130245	0.000000	0.000053	176.990590	4.1
1027	4972.945289	0.000000	0.000053	167.607451	3.3
1028	5001.552465	0.000000	0.000053	143.872600	3.3
1029	4805.759207	0.000000	0.000053	100.388121	3.6
1030	4961.531310	0.000000	0.000053	126.251639	3.4
1031	4892.144456	0.000000	0.000053	123.173860	3.4
1032	5068.219408	0.000000	0.000053	161.564903	3.5
1033	4921.249053	0.000000	0.000053	199.451466	3.6
1034	5071.891598	0.000169	0.000053	153.718178	3.7
1035	4938.545244	0.000000	0.000053	168.475427	3.9
1036	5036.753272	0.000000	0.000053	112.995349	3.8
1037	5110.713479	0.000000	0.000053	177.397564	3.9
1038	5095.694584	0.000000	0.000053	190.083123	5.4
1039	4916.122678	0.000000	0.000053	163.878214	4.1
1040	5047.717494	0.000000	0.000053	109.709869	4.4
1041	5223.764912	0.000000	0.000053	138.952219	4.3
1042	5127.180651	0.000000	0.000053	117.084131	3.7
1043	5006.157231	0.000000	0.000053	150.801373	3.6
1044	4927.974675	0.000000	0.000053	130.617170	3.6
1045	5019.095774	0.000000	0.000053	152.521326	5.0
1046	5179.294991	0.000000	0.000053	179.512191	5.1
1047	4960.051609	0.000000	0.000053	151.623213	4.7
1048	5087.737486	0.000000	0.000053	136.893755	4.3
1049	5180.984242	0.000000	0.000053	182.590513	3.8
1050	5101.328420	0.000000	0.000053	154.905899	3.8
1051	4961.716022	0.000000	0.000053	125.984113	5.3
1052	5123.430450	0.000000	0.000053	115.223251	6.0
1053	4942.354189	0.000000	0.000053	134.561293	3.3
1054	5024.023056	0.000000	0.000053	145.302737	3.2
1055	4828.826329	0.000000	0.000053	163.300013	3.1
1056	4926.722118	0.000000	0.000053	182.104437	3.8
1057	5079.680314	0.000000	0.000053	163.957658	4.9
1058	5004.631943	0.000000	0.000053	134.399572	4.9
1059	4917.468911	0.000000	0.000053	177.151792	5.0
1060	5054.496565	0.000000	0.000053	130.605602	4.1
1061	4829.660888	0.000000	0.000053	117.063472	3.8
1062	5184.228104	0.000000	0.000053	241.626372	3.2
1063	5019.738579	0.000000	0.000053	128.671155	3.0
1064	5103.115687	0.000000	0.000053	212.863784	4.6
1065	5220.067466	0.000000	0.000053	163.591490	4.2
1066	5115.598857	0.000931	0.000053	162.327017	3.4
1067	5132.133432	0.000000	0.000053	203.982388	2.5
1068	5080.386935	0.000000	0.000053	154.577871	3.8
1069	4969.803940	0.000163	0.000053	116.311047	4.3
1070	4848.295692	0.000000	0.000053	153.942092	4.4
1071	5002.719769	0.000000	0.000053	192.885353	3.5
1072	5123.183130	0.000430	0.000053	116.841130	3.5
1073	5070.296296	0.000000	0.000053	161.509566	3.5
1074	5082.145725	0.000000	0.000053	109.462194	3.2
1075	4980.000087	0.000000	0.000053	126.853298	3.4
1076	5024.428547	0.000000	0.000053	141.362707	3.4
1077	4918.772439	0.000000	0.000053	155.453321	3.4
1078	5141.811614	0.000000	0.000053	160.368994	3.5
1079	4896.664934	0.000000	0.000053	110.179074	3.5
1080	4858.831832	0.000000	0.000053	162.888391	4.3
1081	4977.834976	0.000000	0.000053	158.953571	5.0
1082	5069.475171	0.000340	0.000053	200.414957	5.0
1083	5171.504765	0.000000	0.000053	123.212175	4.9
1084	5193.079779	0.000000	0.000053	206.678188	4.0
1085	5112.984482	0.000000	0.000053	230.326117	4.0
1086	4879.412083	0.000000	0.000053	133.510239	3.8
1087	5148.094042	0.000000	0.000053	164.604486	3.7
1088	4969.726998	0.000000	0.000053	232.895001	4.1
1089	5078.270280	0.001957	0.000053	173.118761	3.1
1090	5075.053241	0.000000	0.000053	162.566806	3.0
1091	4906.066256	0.000395	0.000053	110.340822	3.0
1092	5036.831645	0.000000	0.000053	146.910390	3.3
1093	4900.475185	0.000000	0.000053	135.403079	3.9
1094	4946.748020	0.000000	0.000053	116.964880	3.2
1095	4981.384204	0.000000	0.000053	124.241190	3.5
1096	4995.840221	0.000000	0.000053	148.216235	3.7
1097	5190.881558	0.000000	0.000053	141.957330	3.7
1098	4951.039334	0.000000	0.000053	212.063395	3.0
1099	5001.096904	0.000000	0.000053	124.306968	4.5
1100	5013.441298	0.000000	0.000053	105.365721	5.3
1101	5116.613081	0.000000	0.000053	138.706718	7.0
1102	4959.726826	0.000000	0.000053	146.834797	5.2
1103	4897.093796	0.000000	0.000053	119.641844	4.2
1104	5316.226225	0.000000	0.000053	156.213573	5.1
1105	5023.835898	0.000000	0.000053	102.512888	5.1
1106	4990.992672	0.000000	0.000053	142.030098	5.6
1107	5091.044054	0.000000	0.000053	243.103332	5.8
1108	5107.876697	0.000000	0.000053	109.077052	5.7
1109	5129.781020	0.000000	0.000053	137.574402	5.0
1110	4950.292609	0.000000	0.000053	138.669064	5.0
1111	4932.822321	0.000000	0.000053	176.947394	4.4
1112	5051.557784	0.000000	0.000053	168.702634	4.2
1113	4969.814196	0.000798	0.000053	134.563459	4.0
1114	4851.072637	0.000000	0.000053	106.937374	3.4
1115	4992.801094	0.000000	0.000053	133.561809	3.2
1116	4917.493917	0.000000	0.000053	106.361792	3.7
1117	4867.376883	0.000000	0.000053	151.731273	4.0
1118	5030.948755	0.000000	0.000053	102.846919	4.0
1119	5305.195959	0.000000	0.000053	124.696927	4.0
1120	5089.816112	0.000000	0.000053	165.434561	3.9
1121	4860.522320	0.000000	0.000053	126.412450	3.9
1122	5057.656280	0.000000	0.000053	142.803508	3.3
1123	4967.998902	0.000000	0.000053	132.632475	3.6
1124	4939.932104	0.000000	0.000053	224.241097	3.2
1125	4934.183652	0.000000	0.000053	191.833186	3.2
1126	4970.204267	0.001326	0.000053	148.214966	4.9
1127	5202.561402	0.001103	0.000053	109.058589	5.1
1128	4944.702321	0.000000	0.000053	182.408344	3.5
1129	4987.335540	0.000000	0.000053	210.522303	3.6
1130	4989.087864	0.002016	0.000053	135.170863	3.6
1131	5103.101665	0.000132	0.000053	121.971290	3.7
1132	5031.655099	0.000000	0.000053	123.282704	5.0
1133	4886.102905	0.000000	0.000053	115.668561	3.6
1134	4940.209665	0.000000	0.000053	119.131449	3.5
1135	5086.595839	0.000000	0.000053	184.403291	3.7
1136	5241.831375	0.000000	0.000053	145.511164	4.1
1137	4958.575542	0.000000	0.000053	116.846213	5.2
1138	5087.969936	0.000000	0.000053	106.084207	5.4
1139	5026.718496	0.000000	0.000053	206.083911	5.6
1140	4936.106861	0.000000	0.000053	139.490401	5.3
1141	4835.362939	0.000412	0.000053	120.502231	5.1
1142	5069.970378	0.000000	0.000053	102.307598	5.4
1143	4991.727897	0.000000	0.000053	200.983137	4.3
1144	4754.677326	0.000000	0.000053	128.433225	4.1
1145	4928.385191	0.000000	0.000053	130.968727	4.0
1146	5091.350567	0.000000	0.000053	161.103593	3.7
1147	5013.250509	0.000171	0.000053	118.820825	3.6
1148	4906.898726	0.000000	0.000053	157.920230	3.5
1149	5019.534642	0.000000	0.000053	144.393314	3.4
1150	5159.260769	0.000000	0.000053	169.392109	3.5
1151	4855.075604	0.000402	0.000053	123.791996	3.8
1152	5021.035579	0.000000	0.000053	205.662158	5.1
1153	4904.578205	0.000492	0.000053	112.014975	5.1
1154	4817.587468	0.000000	0.000053	142.902233	5.2
1155	5084.435160	0.000000	0.000053	194.178879	4.4
1156	4932.477609	0.000605	0.000053	98.853379	4.1
1157	5006.242467	0.000000	0.000053	157.862422	4.1
1158	5032.493804	0.000000	0.000053	150.302740	3.9
1159	4878.034337	0.000000	0.000053	184.729503	5.6
1160	4823.573003	0.000000	0.000053	124.222020	4.4
1161	4888.942934	0.000000	0.000053	131.327805	4.4
1162	5014.607352	0.000000	0.000053	149.567412	3.7
1163	5060.265679	0.000000	0.000053	109.226343	3.5
1164	4768.739083	0.000000	0.000053	143.031664	3.4
1165	5079.978151	0.000000	0.000053	250.364095	3.3
1166	5001.669041	0.001645	0.000053	145.787643	3.3
1167	4879.072040	0.003233	0.000053	111.435429	4.0
1168	4981.373404	0.001278	0.000053	154.771487	3.4
1169	5009.569608	0.000333	0.000053	154.437825	4.9
1170	5154.269546	0.000000	0.000053	151.901897	3.9
1171	5015.036443	0.000000	0.000053	178.052372	3.6
1172	4967.252225	0.000000	0.000053	127.053196	3.6
1173	4970.017351	0.000000	0.000053	145.130234	3.6
1174	5155.229122	0.000000	0.000053	106.226077	3.6
1175	5057.325997	0.000000	0.000053	191.778734	3.6
1176	4951.684249	0.000000	0.000053	198.970051	3.5
1177	5033.765485	0.001131	0.000053	213.265398	4.6
1178	5096.554651	0.004326	0.000053	174.951502	4.6
1179	4784.243081	0.001720	0.000053	139.694704	4.9
1180	5184.195077	0.000902	0.000053	169.413379	5.5
1181	4882.916693	0.001033	0.000053	129.962548	5.4
1182	4851.454140	0.000000	0.000053	214.683900	5.2
1183	4844.291154	0.001640	0.000053	218.500993	4.7
1184	4859.612849	0.005320	0.000053	103.508322	5.7
1185	4902.959636	0.003412	0.000053	148.315131	5.7
1186	4860.649468	0.003175	0.000053	157.531991	4.6
1187	5002.569248	0.003570	0.000053	146.042001	4.5
1188	5021.289988	0.002136	0.000053	158.871888	4.1
1189	5077.746690	0.002600	0.000053	116.807187	4.4
1190	4998.008611	0.002089	0.000053	124.772891	4.0
1191	4938.269508	0.000453	0.000053	203.497357	4.1
1192	4962.632721	0.000454	0.000053	117.460334	3.9
1193	4926.991479	0.000000	0.000053	121.311954	5.3
1194	4690.390845	0.000000	0.000053	124.227572	5.4
1195	4932.506705	0.000000	0.000053	117.919105	5.5
1196	5018.645532	0.000000	0.000053	139.425333	5.5
1197	4999.502412	0.000000	0.000053	116.115252	5.6
1198	4984.910827	0.000000	0.000053	122.713393	4.9
1199	4939.489239	0.000000	0.000053	172.354028	4.6
1200	4956.455461	0.000100	0.000053	109.382762	4.4
1201	5189.731515	0.000000	0.000053	188.967862	3.7
1202	4876.236679	0.000000	0.000053	283.316206	5.7
1203	5082.820549	0.004817	0.000053	148.350473	6.3
1204	4905.034315	0.005662	0.000053	139.189546	5.1
1205	5185.584476	0.005241	0.000053	116.639144	4.9
1206	4874.900901	0.004454	0.000053	127.540452	4.7
1207	4893.099262	0.003269	0.000053	100.127247	4.4
1208	4848.147706	0.001740	0.000053	95.505712	3.9
1209	4955.872962	0.000533	0.000053	125.157237	3.3
1210	4712.731404	0.000000	0.000053	139.314399	5.7
1211	4925.893408	0.000000	0.000053	157.619038	4.3
1212	5000.417764	0.000495	0.000053	130.103410	4.2
1213	4953.952652	0.000000	0.000053	137.600605	4.1
1214	4823.738038	0.000000	0.000053	198.881403	4.1
1215	4868.968793	0.000878	0.000053	146.790686	3.9
1216	4999.378530	0.000000	0.000053	124.909054	5.1
1217	4928.197254	0.000000	0.000053	112.591476	5.2
1218	4765.040448	0.000000	0.000053	109.672962	4.0
1219	4881.514291	0.000000	0.000053	110.332332	3.9
1220	4970.450107	0.000000	0.000053	190.442647	3.9
1221	4912.828882	0.000000	0.000053	152.499468	4.0
1222	4937.854011	0.000816	0.000053	148.779155	3.8
1223	4900.237793	0.000000	0.000053	119.544659	3.2
1224	4752.609034	0.000000	0.000053	94.280356	3.1
1225	4932.321107	0.000000	0.000053	144.936905	3.2
1226	5068.486143	0.000000	0.000053	136.845680	3.2
1227	4881.163492	0.000000	0.000053	116.579496	3.2
1228	4871.521383	0.000000	0.000053	172.579354	3.2
1229	4926.379435	0.000000	0.000053	146.080202	3.4
1230	4799.039559	0.000000	0.000053	114.070460	3.4
1231	4829.746479	0.000000	0.000053	113.995317	3.5
1232	4812.365640	0.000000	0.000053	212.842406	2.9
1233	5039.423207	0.000000	0.000053	120.378772	2.8
1234	4775.721670	0.000592	0.000053	168.388501	2.9
1235	4936.321045	0.000461	0.000053	222.750386	2.9
1236	4935.607951	0.000000	0.000053	129.798714	2.9
1237	4860.800044	0.000721	0.000053	125.274232	3.0
1238	4976.943490	0.000000	0.000053	122.604564	2.8
1239	4999.923781	0.000000	0.000053	154.074492	2.7
1240	5034.987903	0.000000	0.000053	158.963947	2.9
1241	5088.843880	0.000082	0.000053	107.711711	2.8
1242	4853.278056	0.000000	0.000053	149.901106	3.2
1243	4948.741170	0.000000	0.000053	192.671592	7.8
1244	4742.436625	0.001565	0.000053	99.364576	3.5
1245	5112.094685	0.000359	0.000053	126.221745	3.6
1246	4853.925437	0.000000	0.000053	143.363343	4.0
1247	4790.563267	0.000000	0.000053	149.955486	3.0
1248	4924.780607	0.000000	0.000053	91.343785	3.8
1249	4802.351169	0.000000	0.000053	172.225219	2.9
1250	4807.474614	0.000000	0.000053	234.399843	3.1
1251	4765.447477	0.003410	0.000053	146.519148	3.4
1252	4848.030974	0.005854	0.000053	117.554959	6.2
1253	4903.810365	0.003796	0.000053	151.243931	5.5
1254	4951.413822	0.001656	0.000053	229.382682	3.5
1255	4821.415961	0.000000	0.000053	113.342852	3.0
1256	4961.751447	0.000000	0.000053	115.566870	3.0
1257	4766.382695	0.000000	0.000053	101.109480	3.1
1258	4837.576145	0.000000	0.000053	99.202375	5.4
1259	4976.735889	0.000000	0.000053	150.517617	5.2
1260	5001.844652	0.000000	0.000053	161.200811	3.1
1261	5028.981244	0.000476	0.000053	167.162258	3.2
1262	4824.844128	0.001774	0.000053	106.780975	2.5
1263	4873.875400	0.000000	0.000053	127.255992	3.7
1264	4880.650445	0.000000	0.000053	124.497854	2.7
1265	4759.782075	0.000000	0.000053	131.109753	2.6
1266	5032.667195	0.000000	0.000053	114.945709	2.7
1267	4981.676485	0.000000	0.000053	145.404316	3.2
1268	4740.619149	0.000000	0.000053	195.552510	2.8
1269	4837.443366	0.001062	0.000053	111.879475	2.9
1270	4902.298523	0.001577	0.000053	120.627084	3.3
1271	4835.228741	0.000000	0.000053	199.600359	3.2
1272	4794.890511	0.000000	0.000053	89.157986	3.1
1273	4855.452769	0.000000	0.000053	112.758490	2.5
1274	4829.752934	0.000000	0.000053	195.781860	2.6
1275	4798.467372	0.000180	0.000053	200.645113	2.6
1276	4862.412432	0.000000	0.000053	97.856799	2.9
1277	4897.277964	0.000000	0.000053	193.488947	5.1
1278	4835.556785	0.000000	0.000053	136.052238	4.2
1279	4907.381460	0.000000	0.000053	101.309027	3.2
1280	4890.555104	0.000000	0.000053	140.454727	4.9
1281	5024.862167	0.000000	0.000053	137.142225	4.8
1282	4915.957013	0.000000	0.000053	109.843456	4.7
1283	4922.690247	0.000000	0.000053	147.501948	4.5
1284	4829.773615	0.000000	0.000053	252.910917	4.2
1285	5227.427407	0.000000	0.000053	152.482678	4.0
1286	4756.076800	0.002021	0.000053	161.796204	3.6
1287	4852.980194	0.000000	0.000053	99.928108	3.6
1288	4846.345013	0.000100	0.000053	94.810859	3.6
1289	4891.546529	0.000000	0.000053	105.522862	3.3
1290	4938.856015	0.000000	0.000053	98.642439	3.4
1291	4968.505448	0.000000	0.000053	154.651010	3.3
1292	4857.395351	0.000000	0.000053	148.891589	3.2
1293	4971.703262	0.000000	0.000053	170.151152	3.2
1294	4940.210767	0.000000	0.000053	103.860930	3.2
1295	4876.099244	0.000000	0.000053	127.949126	3.1
1296	4860.593932	0.000000	0.000053	132.805970	3.1
1297	4995.129433	0.000000	0.000053	144.294564	3.1
1298	4912.410719	0.000000	0.000053	154.987913	5.5
1299	4893.957488	0.000000	0.000053	134.597939	5.4
1300	4762.684818	0.000306	0.000053	170.357408	5.2
1301	4769.228915	0.000000	0.000053	175.133939	3.6
1302	4913.241976	0.001006	0.000053	114.791503	2.8
1303	4962.751399	0.000000	0.000053	142.884234	2.8
1304	4918.487029	0.000000	0.000053	104.361738	2.8
1305	4748.700857	0.000000	0.000053	133.348521	3.4
1306	4750.332229	0.000130	0.000053	141.412256	3.7
1307	4773.002677	0.000545	0.000053	144.100137	5.5
1308	4872.247889	0.001243	0.000053	255.836316	5.0
1309	4867.746698	0.000000	0.000053	132.389784	5.0
1310	4806.257700	0.000654	0.000053	129.269767	6.1
1311	4943.746050	0.000000	0.000053	137.482540	5.4
1312	4849.982816	0.000000	0.000053	107.850410	5.4
1313	4799.742330	0.000000	0.000053	111.219144	3.7
1314	5091.847974	0.000000	0.000053	126.253175	4.3
1315	4774.694981	0.000000	0.000053	125.484502	5.3
1316	4864.562712	0.000000	0.000053	101.072076	5.5
1317	4895.821947	0.000000	0.000053	95.560880	5.4
1318	4934.336600	0.000000	0.000053	115.501943	4.6
1319	4850.132885	0.000000	0.000053	127.975837	4.7
1320	4741.559474	0.000000	0.000053	187.855566	4.0
1321	4892.042230	0.000000	0.000053	120.272888	4.7
1322	5087.905612	0.000000	0.000053	207.901105	4.4
1323	4965.386802	0.000000	0.000053	111.992980	4.8
1324	4828.761399	0.000000	0.000053	85.841176	4.2
1325	4838.532001	0.000000	0.000053	111.876023	4.0
1326	4951.169504	0.000000	0.000053	145.320495	4.1
1327	4791.271735	0.000000	0.000053	84.292045	4.3
1328	5167.505494	0.000000	0.000053	174.932477	5.3
1329	4917.594594	0.000000	0.000053	134.842616	5.3
1330	4669.518808	0.001378	0.000053	202.498710	5.6
1331	4684.845619	0.000000	0.000053	117.556627	4.6
1332	4997.607461	0.000000	0.000053	118.802317	4.6
1333	4929.997159	0.000000	0.000053	143.376165	4.4
1334	4797.588400	0.000000	0.000053	135.181387	4.3
1335	4914.937564	0.000000	0.000053	179.366435	3.4
1336	4703.125243	0.001431	0.000053	93.564125	3.4
1337	4832.521041	0.000011	0.000053	141.199506	3.3
1338	4757.148041	0.000000	0.000053	121.883157	3.3
1339	4938.068011	0.000000	0.000053	142.811447	3.3
1340	4877.511279	0.000000	0.000053	96.086365	3.2
1341	5079.978291	0.000000	0.000053	150.780067	3.1
1342	4910.727638	0.000000	0.000053	99.870086	3.0
1343	5105.907237	0.000000	0.000053	130.998573	3.1
1344	4801.189271	0.000000	0.000053	115.913795	3.0
1345	4836.515097	0.000000	0.000053	133.577978	3.1
1346	5040.424800	0.000000	0.000053	110.109999	3.2
1347	4725.554842	0.000000	0.000053	92.707500	5.4
1348	4892.193801	0.000000	0.000053	98.171080	5.5
1349	4904.298536	0.000000	0.000053	183.470857	5.8
1350	4701.849242	0.000000	0.000053	96.683951	3.0
1351	4754.210624	0.000000	0.000053	129.336903	2.8
1352	4978.387392	0.000000	0.000053	114.979867	4.9
1353	5002.215361	0.000000	0.000053	134.379293	5.0
1354	4961.697881	0.000000	0.000053	131.230247	4.9
1355	4974.912219	0.000000	0.000053	112.048303	5.0
1356	4800.425614	0.000000	0.000053	124.733463	4.9
1357	4807.729468	0.000385	0.000053	146.160168	3.9
1358	4861.892374	0.000000	0.000053	154.771724	4.0
1359	4818.924634	0.000783	0.000053	132.957944	4.5
1360	4781.292548	0.001473	0.000053	84.069401	4.6
1361	4811.357559	0.000536	0.000053	118.517414	4.6
1362	5088.252982	0.000000	0.000053	144.067398	4.1
1363	4948.084150	0.000000	0.000053	126.007264	4.9
1364	4850.876938	0.000000	0.000053	111.150380	5.0
1365	4818.922761	0.000000	0.000053	76.377960	4.8
1366	4829.877243	0.000000	0.000053	113.432109	5.1
1367	5041.039074	0.000000	0.000053	143.679756	5.3
1368	4925.784236	0.000000	0.000053	138.529772	5.2
1369	4697.162882	0.000000	0.000053	181.562020	4.5
1370	4867.346960	0.000016	0.000053	135.234162	5.5
1371	4935.230714	0.000000	0.000053	141.160026	5.4
1372	4715.302067	0.000033	0.000053	191.291471	4.9
1373	4785.666401	0.000662	0.000053	140.058245	4.3
1374	4719.230996	0.000000	0.000053	137.532853	4.2
1375	4725.265841	0.000000	0.000053	215.526201	3.7
1376	4888.049923	0.000000	0.000053	193.113844	3.8
1377	4886.243408	0.002601	0.000053	119.876906	4.3
1378	4821.221206	0.000146	0.000053	142.473091	3.5
1379	4935.616050	0.000000	0.000053	114.548210	3.4
1380	4907.227969	0.000000	0.000053	104.894027	3.4
1381	5022.372617	0.000000	0.000053	110.617097	3.5
1382	4824.182866	0.000000	0.000053	88.942363	7.0
1383	4958.262938	0.000000	0.000053	116.894368	3.4
1384	4997.425840	0.000000	0.000053	103.352500	3.7
1385	4770.147483	0.000000	0.000053	119.701597	5.1
1386	4816.528045	0.000000	0.000053	94.977508	5.0
1387	4814.908899	0.000000	0.000053	113.755789	4.4
1388	4820.773807	0.000000	0.000053	150.486675	4.7
1389	4815.585390	0.000000	0.000053	93.277045	4.1
1390	4854.331433	0.000000	0.000053	99.076876	4.1
1391	4931.417732	0.000000	0.000053	122.365799	3.9
1392	4805.280236	0.000000	0.000053	204.501982	3.9
1393	4870.821395	0.000000	0.000053	163.079257	3.7
1394	5010.006663	0.002446	0.000053	151.542555	3.1
1395	4787.940880	0.003114	0.000053	86.531092	3.1
1396	4654.839562	0.002573	0.000053	89.731164	3.1
1397	4762.141757	0.001690	0.000053	180.451443	3.4
1398	4784.074652	0.000088	0.000053	77.252262	5.3
1399	4852.174971	0.000000	0.000053	149.289567	3.5
1400	4805.977556	0.000000	0.000053	76.695651	3.8
1401	4946.182033	0.000000	0.000053	97.542838	3.8
1402	4798.008190	0.000000	0.000053	185.038431	3.7
1403	4995.152113	0.000000	0.000053	206.911484	3.8
1404	4779.084457	0.000763	0.000053	142.655348	3.8
1405	4828.011963	0.000000	0.000053	105.248542	3.1
1406	4908.684634	0.000080	0.000053	86.426907	3.2
1407	4865.147965	0.000000	0.000053	300.223575	3.1
1408	4826.335467	0.000000	0.000053	145.987663	3.1
1409	4833.583160	0.000000	0.000053	171.552035	4.8
1410	4838.690350	0.000812	0.000053	181.649145	3.5
1411	4762.323760	0.000000	0.000053	126.921135	5.3
1412	4789.041311	0.000000	0.000053	121.562465	5.4
1413	4644.567471	0.000000	0.000053	154.029365	5.4
1414	4751.589509	0.000032	0.000053	118.085451	4.8
1415	4981.861755	0.000079	0.000053	117.043076	3.9
1416	4694.177242	0.000000	0.000053	91.886358	3.9
1417	4973.766836	0.000000	0.000053	127.842193	3.8
1418	4986.027441	0.000000	0.000053	190.785036	3.5
1419	4855.710645	0.000000	0.000053	140.022322	3.5
1420	4898.836130	0.000000	0.000053	131.855422	3.6
1421	4800.418161	0.000000	0.000053	101.283975	3.6
1422	4769.407643	0.000000	0.000053	98.619563	3.9
1423	5059.548520	0.000000	0.000053	187.803340	5.4
1424	4815.866543	0.000000	0.000053	121.839574	5.2
1425	4721.525760	0.000000	0.000053	178.159057	5.2
1426	4775.947407	0.000000	0.000053	107.329137	5.2
1427	5005.269556	0.000127	0.000053	90.817051	5.4
1428	4832.660831	0.000000	0.000053	133.889584	4.6
1429	4799.906560	0.000000	0.000053	134.613215	5.4
1430	4720.222137	0.000000	0.000053	120.210873	5.1
1431	5105.280852	0.000569	0.000053	222.861514	5.2
1432	4875.562886	0.001780	0.000053	140.455204	4.5
1433	4682.471270	0.003939	0.000053	150.041981	4.3
1434	4824.365706	0.001449	0.000053	115.599842	4.1
1435	4826.497954	0.000345	0.000053	186.571627	3.6
1436	4925.150875	0.000000	0.000053	90.001575	3.8
1437	4708.713056	0.000000	0.000053	119.161492	3.5
1438	4921.232247	0.000000	0.000053	109.912935	3.5
1439	4890.840525	0.000000	0.000053	91.665354	3.5
1440	4910.455658	0.000000	0.000053	177.138030	3.4
1441	4833.231385	0.000000	0.000053	82.949834	3.2
1442	4961.190284	0.000000	0.000053	112.169634	3.3
1443	4792.177451	0.000000	0.000053	117.928414	2.7
1444	4614.035607	0.000000	0.000053	132.507867	2.6
1445	4681.981320	0.000000	0.000053	92.323119	2.6
1446	4769.868856	0.000000	0.000053	143.764918	2.7
1447	4950.976812	0.000000	0.000053	94.063582	3.2
1448	4862.183282	0.000000	0.000053	166.587481	2.8
1449	4762.002563	0.000000	0.000053	140.063609	2.8
1450	4745.320339	0.000192	0.000053	122.272438	4.9
1451	4821.818009	0.000000	0.000053	161.740543	2.9
1452	4912.632133	0.000167	0.000053	102.067533	4.5
1453	4775.435703	0.000000	0.000053	128.987622	5.0
1454	4936.225072	0.000000	0.000053	134.369631	5.1
1455	4779.226543	0.000000	0.000053	126.341634	5.1
1456	4698.145343	0.000000	0.000053	120.909859	4.6
1457	4912.881534	0.000408	0.000053	96.766235	3.9
1458	4807.751001	0.000670	0.000053	144.369627	4.1
1459	4601.102929	0.000430	0.000053	103.543603	4.0
1460	4965.309499	0.000701	0.000053	141.612256	3.8
1461	4743.339498	0.000000	0.000053	83.029896	3.6
1462	4939.472328	0.000000	0.000053	144.347540	3.3
1463	4737.567197	0.000000	0.000053	203.128249	3.3
1464	4733.330153	0.000000	0.000053	189.146488	3.4
1465	4917.831303	0.003993	0.000053	125.595005	3.2
1466	5038.821441	0.003698	0.000053	113.992282	3.1
1467	4823.612433	0.003664	0.000053	94.727742	3.1
1468	4628.158313	0.002855	0.000053	87.921291	3.2
1469	4757.082716	0.001990	0.000053	191.117785	5.0
1470	4970.764706	0.001599	0.000053	111.300898	4.9
1471	4744.908039	0.000595	0.000053	92.193110	4.8
1472	4745.751141	0.000000	0.000053	126.455505	4.6
1473	4854.948071	0.000000	0.000053	133.051097	4.0
1474	4820.615624	0.000000	0.000053	127.487148	4.1
1475	4776.246312	0.000000	0.000053	129.517406	3.6
1476	4652.231730	0.000117	0.000053	125.926298	5.4
1477	4976.671627	0.000000	0.000053	146.984516	5.5
1478	4673.329285	0.000000	0.000053	128.367190	5.3
1479	4899.094021	0.000000	0.000053	127.803886	4.2
1480	4597.563012	0.000000	0.000053	90.586599	4.4
1481	4812.219089	0.000000	0.000053	85.441606	5.5
1482	4809.038649	0.000000	0.000053	108.737232	5.4
1483	5017.924739	0.000000	0.000053	138.486974	4.9
1484	4815.469821	0.000000	0.000053	115.544432	5.3
1485	4861.230262	0.000000	0.000053	75.778501	5.3
1486	4756.174723	0.000000	0.000053	100.277383	5.2
1487	5015.969267	0.000000	0.000053	89.236326	4.2
1488	4738.504494	0.000000	0.000053	73.184656	4.3
1489	4924.435249	0.000000	0.000053	143.352901	4.4
1490	4945.026127	0.000000	0.000053	231.896035	4.2
1491	4740.774612	0.000000	0.000053	98.323259	3.8
1492	4663.273632	0.000950	0.000053	83.777294	3.4
1493	4692.590945	0.000000	0.000053	100.239086	3.4
1494	4860.631327	0.000000	0.000053	130.625897	5.4
1495	4657.519002	0.000000	0.000053	94.318219	5.3
1496	4740.323241	0.000000	0.000053	107.351198	6.0
1497	4798.948413	0.000000	0.000053	135.445086	6.0
1498	4875.495679	0.000000	0.000053	149.883157	4.6
1499	4670.537301	0.000838	0.000053	137.973969	4.3
1500	4902.729369	0.001833	0.000053	106.618636	3.9
1501	4923.787761	0.000317	0.000053	196.476739	4.3
1502	4826.696970	0.000000	0.000053	86.181620	3.9
1503	4875.288502	0.000000	0.000053	133.724781	3.1
1504	4875.147629	0.000000	0.000053	114.811595	3.6
1505	4727.228399	0.000000	0.000053	79.758162	2.8
1506	4868.728838	0.000000	0.000053	175.715804	2.8
1507	4897.537707	0.000000	0.000053	109.850697	2.7
1508	4711.683132	0.001037	0.000053	197.831564	3.0
1509	4797.916141	0.002194	0.000053	177.231962	3.5
1510	4903.227588	0.005365	0.000053	158.496815	3.5
1511	4857.294422	0.007924	0.000053	86.789968	3.5
1512	4935.352786	0.008051	0.000053	104.446967	5.2
1513	4749.643385	0.007617	0.000053	105.608228	4.8
1514	4840.177272	0.006323	0.000053	113.128779	3.2
1515	4814.814602	0.006184	0.000053	95.580755	5.2
1516	4869.919398	0.005907	0.000053	101.856623	5.4
1517	4767.017560	0.004647	0.000053	154.885615	5.6
1518	5060.662571	0.002881	0.000053	110.367831	5.4
1519	4939.400844	0.002631	0.000053	92.013564	5.2
1520	4884.167297	0.001874	0.000053	114.034780	5.3
1521	4896.356308	0.000962	0.000053	187.982694	4.6
1522	4810.320820	0.001713	0.000053	161.046835	4.0
1523	5017.746630	0.000000	0.000053	138.045163	4.0
1524	4870.722545	0.001195	0.000053	80.297555	3.4
1525	4886.431576	0.000281	0.000053	160.313724	3.4
1526	4882.597853	0.000000	0.000053	105.343972	3.3
1527	4838.334134	0.000000	0.000053	95.344289	3.2
1528	4828.021136	0.000000	0.000053	158.337702	3.1
1529	4802.638261	0.000000	0.000053	105.605678	3.1
1530	4782.946836	0.000000	0.000053	105.965940	3.1
1531	4882.206336	0.000000	0.000053	100.949740	3.1
1532	4840.678978	0.000000	0.000053	90.975314	3.1
1533	4930.778731	0.000000	0.000053	262.335372	3.1
1534	4834.024761	0.000000	0.000053	127.756451	2.9
1535	4785.646029	0.000000	0.000053	129.583496	3.3
1536	4857.196080	0.000754	0.000053	70.353871	3.0
1537	4861.933562	0.000000	0.000053	158.722481	3.0
1538	4714.386738	0.000000	0.000053	158.554705	3.0
1539	4868.088586	0.000000	0.000053	158.784808	4.0
1540	4872.952964	0.001703	0.000053	117.434585	3.7
1541	4683.975199	0.000775	0.000053	157.815494	3.4
1542	4810.622302	0.000000	0.000053	88.528892	3.5
1543	4921.340447	0.000000	0.000053	98.792168	3.2
1544	4810.973585	0.000000	0.000053	164.836353	3.1
1545	4641.276144	0.000000	0.000053	101.563973	3.2
1546	4798.319520	0.000000	0.000053	81.695964	3.1
1547	4889.086911	0.000000	0.000053	121.574422	3.1
1548	4798.530922	0.000000	0.000053	141.068227	3.1
1549	4782.263784	0.000650	0.000053	110.761141	3.3
1550	4897.041566	0.000000	0.000053	274.128793	3.6
1551	4647.798577	0.002439	0.000053	103.893367	4.0
1552	4861.312974	0.000000	0.000053	73.584545	5.9
1553	4727.239318	0.000000	0.000053	124.991837	5.7
1554	4900.341433	0.000000	0.000053	100.778213	5.0
1555	4713.946929	0.000000	0.000053	145.074447	4.9
1556	4840.785944	0.000000	0.000053	95.512173	4.7
1557	4980.814130	0.000000	0.000053	86.136282	4.7
1558	4728.896361	0.000000	0.000053	120.528817	5.1
1559	4752.017620	0.000000	0.000053	108.478122	5.4
1560	4862.312857	0.000000	0.000053	93.486936	5.6
1561	4908.470695	0.000000	0.000053	112.450485	5.2
1562	4942.413542	0.000000	0.000053	89.147370	4.8
1563	4781.756539	0.000000	0.000053	105.784794	5.4
1564	4680.459215	0.000000	0.000053	109.579435	3.6
1565	5004.548209	0.000000	0.000053	100.766976	3.7
1566	4940.358858	0.000000	0.000053	68.583795	3.8
1567	4609.298208	0.000000	0.000053	153.704888	3.8
1568	4791.287428	0.000000	0.000053	115.368301	3.8
1569	4763.041729	0.000000	0.000053	83.736661	3.5
1570	4854.712234	0.000000	0.000053	120.202519	3.5
1571	4615.065523	0.000063	0.000053	122.183670	3.4
1572	4809.142324	0.000740	0.000053	112.152464	3.7
1573	4960.153228	0.000993	0.000053	87.085406	3.4
1574	4660.293441	0.000176	0.000053	78.896392	3.4
1575	4725.666795	0.000000	0.000053	92.784523	3.4
1576	4511.084483	0.000000	0.000053	119.353890	3.4
1577	4786.887750	0.000000	0.000053	154.407519	3.6
1578	4760.796314	0.000632	0.000053	128.465993	3.4
1579	4796.413617	0.000996	0.000053	76.619080	3.5
1580	4766.000122	0.000214	0.000053	95.536132	3.2
1581	4660.972210	0.000000	0.000053	99.961791	3.5
1582	4721.488467	0.000000	0.000053	78.197525	3.4
1583	4757.153852	0.000000	0.000053	117.380809	5.1
1584	4774.894890	0.000000	0.000053	71.463409	4.9
1585	4943.493612	0.000000	0.000053	104.626361	4.0
1586	4722.571951	0.000000	0.000053	100.939007	5.3
1587	4888.144853	0.000000	0.000053	74.813451	4.6
1588	4786.729714	0.000000	0.000053	87.124770	4.6
1589	4646.487285	0.000000	0.000053	159.134337	5.7
1590	4768.994136	0.000000	0.000053	98.121260	4.9
1591	4796.024339	0.000502	0.000053	76.505052	5.4
1592	4819.162344	0.000000	0.000053	89.604314	5.7
1593	4713.950656	0.000000	0.000053	128.635697	6.0
1594	4995.596064	0.000000	0.000053	230.959925	5.6
1595	4761.396962	0.002371	0.000053	90.443662	5.4
1596	4768.533956	0.002532	0.000053	93.424908	5.3
1597	4712.990900	0.001546	0.000053	177.208158	5.4
1598	4879.091640	0.000492	0.000053	140.829576	5.8
1599	4911.684457	0.000000	0.000053	90.349563	5.8
1600	4796.276140	0.000000	0.000053	128.212674	5.2
1601	4821.467160	0.000000	0.000053	94.845753	5.4
1602	4778.824194	0.000000	0.000053	97.616203	5.6
1603	4776.874686	0.000000	0.000053	199.072302	5.4
1604	4742.892342	0.000000	0.000053	98.037671	3.5
1605	4873.805102	0.000000	0.000053	101.644044	3.4
1606	4787.695155	0.000000	0.000053	123.509146	3.4
1607	4774.170021	0.000000	0.000053	89.214884	3.4
1608	4917.361872	0.000000	0.000053	195.186012	5.2
1609	4741.180666	0.000000	0.000053	68.049371	5.2
1610	4798.456967	0.000000	0.000053	92.971193	5.0
1611	4809.407965	0.000000	0.000053	140.608818	4.6
1612	4583.435001	0.000000	0.000053	128.505935	4.7
1613	4549.501720	0.000000	0.000053	99.781315	5.3
1614	4758.749332	0.000129	0.000053	182.378218	5.2
1615	4591.928920	0.000000	0.000053	72.738510	5.7
1616	4777.375880	0.000000	0.000053	157.520761	5.6
1617	4648.001085	0.000000	0.000053	104.113282	5.5
1618	4789.451929	0.000000	0.000053	89.151580	4.9
1619	4957.113085	0.000000	0.000053	135.126884	5.3
1620	4823.177505	0.000039	0.000053	125.759756	5.1
1621	4840.370691	0.000000	0.000053	115.595690	5.2
1622	4592.674800	0.000743	0.000053	87.011965	4.1
1623	4784.021604	0.000000	0.000053	131.321318	4.1
1624	4792.590066	0.000000	0.000053	74.513691	4.0
1625	4868.643216	0.000000	0.000053	91.652759	3.3
1626	4756.597765	0.000000	0.000053	66.838720	3.3
1627	4725.609999	0.000000	0.000053	106.929413	3.2
1628	4656.621730	0.000000	0.000053	121.914682	3.1
1629	4811.028921	0.000000	0.000053	83.782146	3.2
1630	4668.419777	0.000000	0.000053	113.643958	4.7
1631	4925.717171	0.000000	0.000053	117.716286	3.1
1632	4727.776760	0.000250	0.000053	120.554685	3.0
1633	4875.581522	0.000000	0.000053	123.583365	3.1
1634	4808.039835	0.000000	0.000053	117.371488	3.2
1635	4728.176848	0.000000	0.000053	102.916179	3.2
1636	4743.508541	0.000000	0.000053	106.098923	3.3
1637	4764.410563	0.000357	0.000053	102.123812	3.7
1638	4689.218098	0.000016	0.000053	116.315329	5.4
1639	4907.300457	0.000000	0.000053	115.064644	5.1
1640	4787.947498	0.000000	0.000053	84.816701	4.9
1641	4757.737473	0.000000	0.000053	101.360298	3.5
1642	4836.567124	0.000000	0.000053	105.755811	3.7
1643	4683.635340	0.000294	0.000053	160.013776	3.7
1644	4630.726387	0.000000	0.000053	120.805483	3.4
1645	4820.771820	0.000809	0.000053	107.547166	3.3
1646	4688.471128	0.000719	0.000053	78.858385	3.2
1647	4799.030421	0.000000	0.000053	101.349776	3.7
1648	4666.250999	0.000000	0.000053	167.357372	4.5
1649	4798.580944	0.000000	0.000053	99.052707	3.7
1650	4877.398738	0.000949	0.000053	97.022029	3.6
1651	4659.793810	0.000417	0.000053	89.013412	3.8
1652	4803.060079	0.000000	0.000053	114.299485	3.4
1653	4661.241165	0.000289	0.000053	99.908565	4.5
1654	4843.527413	0.000356	0.000053	142.854927	5.1
1655	4677.774083	0.000000	0.000053	205.462796	5.0
1656	4788.160703	0.000000	0.000053	89.276295	4.9
1657	4915.830830	0.000000	0.000053	77.480619	4.7
1658	4712.672432	0.000000	0.000053	94.562481	4.7
1659	4696.148324	0.000000	0.000053	90.953345	4.7
1660	4679.541736	0.000000	0.000053	89.050995	4.5
1661	4727.885953	0.000000	0.000053	96.289034	3.7
1662	4754.914069	0.000000	0.000053	121.843116	3.7
1663	4735.631789	0.000000	0.000053	182.610316	3.6
1664	4892.125566	0.000899	0.000053	100.203641	3.4
1665	4683.556745	0.001917	0.000053	107.373864	3.6
1666	4847.224090	0.001019	0.000053	93.399051	3.4
1667	4876.982709	0.000480	0.000053	181.244979	3.2
1668	4750.442304	0.000000	0.000053	105.156088	3.3
1669	4752.440323	0.000000	0.000053	70.118130	3.2
1670	4701.304067	0.000000	0.000053	124.011929	3.2
1671	4791.214745	0.000000	0.000053	191.377604	3.1
1672	4876.244443	0.000265	0.000053	130.729460	3.3
1673	4691.465227	0.000000	0.000053	132.372084	3.3
1674	4743.000232	0.000596	0.000053	166.701473	3.4
1675	4876.491607	0.000000	0.000053	119.704688	3.3
1676	4749.471738	0.000000	0.000053	76.268352	3.4
1677	4808.835813	0.000000	0.000053	96.484908	3.5
1678	4789.370282	0.000000	0.000053	98.718319	2.9
1679	4788.477222	0.000000	0.000053	80.757528	2.9
1680	4800.562526	0.000000	0.000053	169.445534	2.9
1681	4852.437430	0.000079	0.000053	97.954242	2.9
1682	4566.868463	0.000895	0.000053	81.740557	3.1
1683	4967.783751	0.000682	0.000053	97.324173	5.4
1684	4905.820429	0.000189	0.000053	75.014851	5.2
1685	4871.504855	0.000000	0.000053	101.649305	2.9
1686	4989.835267	0.000000	0.000053	109.245983	3.0
1687	4943.792376	0.000000	0.000053	76.426339	3.6
1688	4742.337276	0.000000	0.000053	106.229779	3.5
1689	4720.011634	0.000000	0.000053	99.846648	5.6
1690	4817.270232	0.000076	0.000053	140.840916	5.3
1691	4878.548048	0.000315	0.000053	90.060047	5.3
1692	4706.846004	0.000000	0.000053	71.909640	5.2
1693	4634.690494	0.000000	0.000053	120.770282	3.9
1694	4768.131272	0.000000	0.000053	74.807511	2.5
1695	4630.734977	0.000000	0.000053	59.921294	2.6
1696	4842.094834	0.000000	0.000053	97.539795	2.6
1697	4726.954208	0.000000	0.000053	107.541424	3.1
1698	4860.349709	0.000284	0.000053	84.936746	2.4
1699	4758.849046	0.000000	0.000053	69.247309	2.4
1700	4780.131791	0.000000	0.000053	79.599243	2.7
1701	4798.138388	0.000000	0.000053	87.749790	2.9
1702	4761.713413	0.000000	0.000053	74.302178	3.0
1703	4620.399607	0.000000	0.000053	120.673614	4.2
1704	4563.561415	0.000000	0.000053	126.033465	2.4
1705	4818.614826	0.000000	0.000053	72.113659	2.3
1706	4835.372561	0.000000	0.000053	202.511992	2.3
1707	4597.333771	0.000000	0.000053	121.262066	5.1
1708	4741.544167	0.001642	0.000053	83.187376	2.9
1709	4857.036010	0.000748	0.000053	104.576866	3.8
1710	4628.501844	0.000235	0.000053	76.632484	3.2
1711	4714.292524	0.000000	0.000053	105.329492	3.3
1712	4630.306653	0.000000	0.000053	168.569490	3.7
1713	4901.977564	0.000000	0.000053	112.795855	3.1
1714	5001.141111	0.000915	0.000053	83.313792	3.1
1715	4862.140183	0.000000	0.000053	146.861096	3.1
1716	4821.227326	0.000000	0.000053	110.568198	3.1
1717	4706.540440	0.000000	0.000053	126.768471	3.1
1718	4688.026157	0.000000	0.000053	144.453879	3.1
1719	4877.259276	0.000046	0.000053	215.813586	3.3
1720	4719.087099	0.003170	0.000053	96.423423	3.5
1721	4568.994292	0.004492	0.000053	155.392259	3.5
1722	4828.265625	0.002901	0.000053	160.024413	2.9
1723	4978.254037	0.005018	0.000053	91.073202	2.8
1724	4671.642639	0.003795	0.000053	128.573802	2.9
1725	4851.472003	0.004052	0.000053	74.040419	3.0
1726	4765.813946	0.002958	0.000053	144.334203	5.2
1727	4670.733946	0.002303	0.000053	178.239720	5.2
1728	4725.468080	0.000000	0.000053	74.581313	5.0
1729	4753.240269	0.000000	0.000053	97.831175	4.6
1730	4696.203244	0.000000	0.000053	67.088222	4.9
1731	4719.989412	0.000000	0.000053	120.056685	5.3
1732	4735.826640	0.000000	0.000053	81.283579	3.8
1733	4814.637476	0.000000	0.000053	84.706055	3.7
1734	4884.017500	0.000000	0.000053	153.550743	3.7
1735	4808.211577	0.000708	0.000053	81.647224	4.6
1736	4737.369377	0.000000	0.000053	106.010497	5.2
1737	4835.174569	0.000000	0.000053	74.013369	5.1
1738	4853.402443	0.000000	0.000053	119.598793	4.7
1739	4781.753904	0.000000	0.000053	80.821837	4.0
1740	4762.861267	0.000000	0.000053	84.706699	4.0
1741	4766.373317	0.000000	0.000053	86.640054	3.7
1742	4702.568792	0.000000	0.000053	140.181122	3.6
1743	4722.253017	0.000000	0.000053	90.225051	3.5
1744	4676.741362	0.000000	0.000053	80.183285	3.3
1745	4770.496347	0.000000	0.000053	85.002969	3.4
1746	4741.616055	0.000000	0.000053	83.720015	5.0
1747	4672.204012	0.000000	0.000053	107.164212	3.6
1748	4823.426313	0.000000	0.000053	109.495383	3.7
1749	4616.324287	0.000000	0.000053	92.844743	3.8
1750	4816.276004	0.000000	0.000053	224.134123	3.7
1751	4947.164250	0.001593	0.000053	83.148044	5.3
1752	4879.788660	0.000268	0.000053	86.557888	5.4
1753	4742.481664	0.000060	0.000053	211.072712	4.5
1754	4616.880250	0.000000	0.000053	64.817959	3.9
1755	4590.015805	0.000000	0.000053	78.678876	2.7
1756	4811.740666	0.000000	0.000053	186.934135	2.4
1757	4839.099402	0.000017	0.000053	112.264113	3.0
1758	4591.729225	0.000000	0.000053	105.098688	3.1
1759	4708.039823	0.000000	0.000053	71.296243	3.2
1760	4690.105020	0.000000	0.000053	57.073809	3.9
1761	4766.384992	0.000000	0.000053	81.936809	2.8
1762	4886.110604	0.000000	0.000053	70.841996	4.4
1763	4634.959286	0.000000	0.000053	93.148127	2.5
1764	4770.122118	0.000000	0.000053	79.093006	2.5
1765	4751.075217	0.000000	0.000053	106.418951	2.5
1766	4969.441773	0.000000	0.000053	84.888226	2.8
1767	4728.924413	0.000000	0.000053	155.638099	2.8
1768	4882.223909	0.000253	0.000053	98.092994	2.8
1769	4633.685280	0.000699	0.000053	79.216762	3.6
1770	4813.784311	0.000462	0.000053	115.061593	4.2
1771	4858.632904	0.000000	0.000053	106.410031	3.6
1772	4728.386877	0.000672	0.000053	79.916442	2.6
1773	4701.547267	0.000498	0.000053	79.097125	2.5
1774	4854.265300	0.000000	0.000053	78.559556	2.5
1775	4681.851205	0.000000	0.000053	60.502558	2.5
1776	4710.810222	0.000000	0.000053	129.645737	2.8
1777	4806.586747	0.000000	0.000053	65.375230	2.5
1778	4757.985653	0.000000	0.000053	211.225574	2.4
1779	4640.129475	0.000000	0.000053	127.518896	3.6
1780	4655.846454	0.000000	0.000053	114.502303	5.2
1781	4736.295961	0.000213	0.000053	136.175954	4.8
1782	4737.362740	0.000000	0.000053	173.323258	3.9
1783	4821.591931	0.000000	0.000053	104.659369	3.8
1784	4760.630986	0.001186	0.000053	107.830054	4.0
1785	4670.824848	0.001102	0.000053	94.965010	4.1
1786	4833.785077	0.001535	0.000053	81.169130	3.9
1787	4730.151123	0.001235	0.000053	54.852966	3.6
1788	4748.763458	0.000891	0.000053	104.686017	3.7
1789	4749.101964	0.000573	0.000053	107.013946	3.6
1790	4845.010103	0.000410	0.000053	70.068629	5.0
1791	4740.163681	0.000372	0.000053	221.658351	5.0
1792	4568.036992	0.000019	0.000053	135.970896	5.0
1793	4885.152860	0.002319	0.000053	115.143434	5.4
1794	4595.396086	0.003670	0.000053	118.624895	5.3
1795	4610.342060	0.004012	0.000053	102.090136	4.6
1796	4664.750542	0.002798	0.000053	68.965013	4.2
1797	4817.357599	0.002161	0.000053	122.447440	4.1
1798	4809.392958	0.001437	0.000053	99.436828	3.3
1799	4873.446445	0.000155	0.000053	92.728089	3.3
1800	4702.715296	0.000000	0.000053	97.579436	3.6
1801	4922.609918	0.000000	0.000053	202.668770	3.3
1802	4680.290520	0.001243	0.000053	82.974802	3.1
1803	4635.375961	0.000776	0.000053	115.379154	3.3
1804	4540.496105	0.000141	0.000053	68.848750	3.3
1805	4700.469873	0.000000	0.000053	120.999619	3.3
1806	4821.594914	0.000000	0.000053	147.981289	3.3
1807	4712.339907	0.000063	0.000053	85.315751	3.5
1808	4661.566172	0.000591	0.000053	156.693840	3.0
1809	4850.845518	0.000838	0.000053	140.831921	4.3
1810	4867.875370	0.000000	0.000053	78.108383	5.2
1811	4602.004886	0.000000	0.000053	159.384269	5.0
1812	4687.667391	0.000000	0.000053	92.138771	4.5
1813	4716.989077	0.000070	0.000053	116.123341	4.5
1814	4715.400817	0.000000	0.000053	99.690248	4.1
1815	4753.630461	0.000000	0.000053	124.564403	4.2
1816	4762.716357	0.000000	0.000053	76.919675	5.3
1817	4756.062129	0.000000	0.000053	186.103052	5.3
1818	4703.632270	0.000000	0.000053	96.571487	5.4
1819	4646.630307	0.000000	0.000053	79.877735	4.7
1820	4712.487839	0.000000	0.000053	90.495884	5.7
1821	4778.239981	0.000000	0.000053	157.451534	5.3
1822	4781.133029	0.000000	0.000053	180.202880	5.5
1823	4924.388692	0.003070	0.000053	200.524969	5.5
1824	4715.538593	0.000000	0.000053	197.942032	5.5
1825	4561.979749	0.000000	0.000053	111.751330	5.7
1826	4918.801815	0.000000	0.000053	89.395334	6.2
1827	4880.208797	0.000163	0.000053	92.554718	5.3
1828	4814.467335	0.000000	0.000053	108.483250	4.5
1829	4826.074662	0.000000	0.000053	89.620636	4.8
1830	4702.807123	0.000000	0.000053	103.409253	4.8
1831	4706.704280	0.000000	0.000053	140.227429	5.3
1832	4733.513132	0.000000	0.000053	99.332453	5.2
1833	4955.444523	0.000000	0.000053	83.683258	4.5
1834	4644.477480	0.000000	0.000053	94.911523	4.6
1835	4713.754577	0.000047	0.000053	186.148435	4.4
1836	4646.539698	0.000535	0.000053	147.864367	4.1
1837	4650.315122	0.000000	0.000053	106.403504	4.1
1838	4693.326185	0.000000	0.000053	210.511144	3.7
1839	4643.655681	0.000000	0.000053	117.961040	4.2
1840	4812.940972	0.000000	0.000053	110.374163	3.9
1841	4749.724569	0.000000	0.000053	83.940246	3.5
1842	4885.745629	0.000000	0.000053	86.648984	3.4
1843	4586.653125	0.000000	0.000053	102.582601	3.2
1844	4664.778588	0.000000	0.000053	80.558627	3.2
1845	4865.366940	0.000000	0.000053	56.859587	3.1
1846	4964.679222	0.000000	0.000053	68.675504	3.9
1847	4690.661292	0.000000	0.000053	68.767526	5.5
1848	4767.406558	0.000000	0.000053	78.701832	5.6
1849	4623.767167	0.000000	0.000053	96.861367	2.9
1850	4646.711506	0.000000	0.000053	86.648513	5.0
1851	4762.933368	0.000115	0.000053	80.353587	5.2
1852	4664.128373	0.000000	0.000053	91.335525	4.5
1853	4736.026506	0.000003	0.000053	98.781600	4.0
1854	4899.861123	0.000203	0.000053	88.536237	3.1
1855	4660.026418	0.000000	0.000053	129.608563	3.4
1856	4745.906450	0.000106	0.000053	63.276218	3.4
1857	4637.363975	0.000250	0.000053	183.576260	3.6
1858	4817.596622	0.000857	0.000053	96.050475	3.4
1859	4525.754211	0.000000	0.000053	118.004844	3.4
1860	4845.126699	0.000000	0.000053	67.562149	6.4
1861	4685.783817	0.000004	0.000053	84.832699	4.1
1862	4656.693298	0.000000	0.000053	102.949889	5.6
1863	4734.014378	0.000000	0.000053	147.203143	2.6
1864	4713.542770	0.000000	0.000053	110.746036	2.6
1865	4749.326779	0.000000	0.000053	154.972865	2.6
1866	4830.320834	0.000000	0.000053	181.959145	2.6
1867	4781.382307	0.000000	0.000053	110.019519	2.5
1868	4735.639918	0.000000	0.000053	79.087011	2.5
1869	4827.744200	0.000000	0.000053	145.279267	2.5
1870	4731.501578	0.000000	0.000053	98.507068	2.7
1871	4599.622053	0.000000	0.000053	58.161198	2.6
1872	4620.920555	0.000000	0.000053	118.857527	2.7
1873	4684.024687	0.000000	0.000053	62.818699	2.8
1874	4568.642685	0.000000	0.000053	95.448649	2.8
1875	4633.464569	0.000000	0.000053	152.286231	2.8
1876	4633.604963	0.000776	0.000053	82.920333	2.8
1877	4730.390316	0.000783	0.000053	145.549294	3.0
1878	4765.501137	0.001542	0.000053	71.041880	2.9
1879	4760.293057	0.001188	0.000053	128.658853	2.8
1880	4691.019388	0.000777	0.000053	134.374263	2.9
1881	4843.224546	0.001769	0.000053	85.415635	3.1
1882	4633.783004	0.001761	0.000053	77.169356	3.0
1883	4869.629458	0.000933	0.000053	119.096597	3.0
1884	4549.418888	0.000000	0.000053	80.207498	2.9
1885	4683.649149	0.000037	0.000053	78.730173	3.0
1886	4711.501350	0.000000	0.000053	152.810969	3.0
1887	4748.101993	0.000000	0.000053	144.873126	3.2
1888	4797.638579	0.000000	0.000053	136.182529	3.1
1889	4548.749101	0.001298	0.000053	70.737502	3.2
1890	4733.370359	0.000112	0.000053	120.267540	3.3
1891	4697.214598	0.000000	0.000053	120.468264	3.3
1892	4935.251673	0.000000	0.000053	115.719825	3.3
1893	4598.869975	0.000177	0.000053	125.076678	3.2
1894	4527.036815	0.000000	0.000053	101.473595	3.2
1895	4820.463177	0.000431	0.000053	144.215617	3.3
1896	4744.020126	0.001583	0.000053	64.898922	3.2
1897	4748.522126	0.001241	0.000053	87.071256	3.1
1898	4763.287680	0.000568	0.000053	114.056776	3.3
1899	4708.978925	0.000000	0.000053	199.496777	3.2
1900	4792.595180	0.001499	0.000053	73.787068	3.2
1901	4650.890793	0.000939	0.000053	126.098900	3.3
1902	4714.771117	0.000969	0.000053	78.805187	3.2
1903	4667.598693	0.000129	0.000053	147.327522	3.2
1904	4681.977091	0.000355	0.000053	177.701028	3.5
1905	4812.296048	0.002759	0.000053	77.851345	3.3
1906	4623.457821	0.003281	0.000053	158.153742	4.6
1907	4945.713255	0.003686	0.000053	94.656757	5.3
1908	5009.225245	0.002339	0.000053	136.153063	5.4
1909	4635.122065	0.000957	0.000053	58.830862	3.6
1910	4739.492322	0.000737	0.000053	116.160544	2.6
1911	4688.144681	0.000002	0.000053	74.734575	2.5
1912	4856.244699	0.000000	0.000053	92.493516	2.6
1913	4723.096301	0.000000	0.000053	106.570582	2.6
1914	4681.676652	0.000000	0.000053	84.877250	2.8
1915	4797.440908	0.000000	0.000053	95.667044	2.9
1916	4570.838935	0.000153	0.000053	65.308866	5.7
1917	4542.033481	0.000036	0.000053	68.410743	5.3
1918	4615.129893	0.000000	0.000053	276.631577	5.1
1919	4679.652245	0.000000	0.000053	81.733630	5.2
1920	4943.304506	0.001465	0.000053	131.019695	5.3
1921	4976.311764	0.001927	0.000053	71.005560	5.2
1922	4680.365310	0.001829	0.000053	164.634613	5.1
1923	4888.777379	0.000883	0.000053	123.153985	4.7
1924	4670.991322	0.002001	0.000053	60.292330	4.0
1925	4780.833447	0.001803	0.000053	190.260504	4.9
1926	4796.737081	0.001389	0.000053	181.536251	2.7
1927	4690.405323	0.000000	0.000053	120.153345	3.0
1928	4802.165408	0.000977	0.000053	122.336533	3.1
1929	4808.039006	0.000000	0.000053	102.844789	3.1
1930	4720.342682	0.000000	0.000053	70.124277	3.2
1931	4492.449700	0.000000	0.000053	88.029291	3.1
1932	4923.949209	0.000000	0.000053	90.554385	3.2
1933	4786.597332	0.000000	0.000053	70.162821	3.4
1934	4832.730245	0.000000	0.000053	60.005429	3.4
1935	4900.031323	0.000000	0.000053	85.082970	3.4
1936	4866.655764	0.000000	0.000053	135.729344	3.2
1937	4820.022870	0.000399	0.000053	108.059356	3.2
1938	4897.838956	0.000000	0.000053	78.762238	3.2
1939	4687.115240	0.000000	0.000053	202.052408	3.4
1940	4747.386378	0.000595	0.000053	229.912717	3.5
1941	4785.558853	0.007055	0.000053	75.058038	3.5
1942	4906.195770	0.008199	0.000053	129.208270	3.4
1943	4733.645247	0.007125	0.000053	57.711017	3.4
1944	4584.773434	0.006785	0.000053	136.563230	3.5
1945	4651.560080	0.006378	0.000053	175.461581	3.5
1946	4619.156940	0.008161	0.000053	139.986904	3.7
1947	4691.051057	0.006114	0.000053	77.360592	3.7
1948	4769.547710	0.005029	0.000053	110.178396	5.4
1949	4772.294824	0.004565	0.000053	66.350315	5.0
1950	4774.097761	0.003946	0.000053	80.275712	5.3
1951	4761.575794	0.003427	0.000053	124.971462	5.4
1952	4689.656899	0.002964	0.000053	79.410609	5.3
1953	4709.728084	0.003089	0.000053	89.452428	5.2
1954	4803.307814	0.002452	0.000053	107.575375	4.2
1955	4697.246339	0.002341	0.000053	109.744417	4.2
1956	4656.295107	0.002143	0.000053	63.341636	4.5
1957	4775.573705	0.001632	0.000053	90.375523	4.6
1958	4715.676300	0.001107	0.000053	107.721577	4.4
1959	4845.823359	0.000000	0.000053	67.567142	4.5
1960	4802.319290	0.000000	0.000053	146.374807	4.9
1961	4717.129042	0.000000	0.000053	82.241497	5.3
1962	4719.350291	0.000000	0.000053	177.519412	4.5
1963	4679.134233	0.000494	0.000053	168.136502	4.1
1964	4685.646174	0.000000	0.000053	92.531381	4.1
1965	4778.045067	0.000000	0.000053	195.675153	3.6
1966	4830.150589	0.000000	0.000053	149.761225	3.7
1967	4653.515086	0.002315	0.000053	111.205112	3.8
1968	4711.090856	0.000361	0.000053	73.284134	3.4
1969	4657.561833	0.000000	0.000053	132.878747	3.4
1970	4683.987716	0.000000	0.000053	100.701974	3.4
1971	4655.981929	0.000576	0.000053	86.216700	4.0
1972	4746.949706	0.000729	0.000053	62.653286	3.3
1973	4556.049005	0.000296	0.000053	75.827812	3.6
1974	4701.900071	0.000000	0.000053	99.388183	3.1
1975	4648.758290	0.000000	0.000053	114.380335	3.2
1976	4763.643516	0.000000	0.000053	74.920061	3.5
1977	4713.697558	0.000000	0.000053	55.329119	3.9
1978	4735.904384	0.000000	0.000053	103.885543	5.1
1979	4591.680571	0.000000	0.000053	209.636567	5.0
1980	4761.237697	0.002055	0.000053	58.753014	4.8
1981	4674.531535	0.000835	0.000053	90.630347	4.9
1982	4819.543172	0.000163	0.000053	83.875694	4.2
1983	4629.842804	0.000000	0.000053	143.844141	4.2
1984	4831.678920	0.000722	0.000053	86.002660	4.3
1985	4777.100707	0.000000	0.000053	133.084163	4.2
1986	4609.019845	0.000608	0.000053	62.823431	4.1
1987	4816.577172	0.000014	0.000053	178.949611	3.9
1988	4701.539276	0.000000	0.000053	111.519652	3.7
1989	4724.760281	0.000000	0.000053	114.770937	3.6
1990	4732.778579	0.000000	0.000053	101.894605	3.6
1991	4687.551359	0.001055	0.000053	82.282460	3.4
1992	4737.963284	0.000684	0.000053	55.078316	3.4
1993	4734.100564	0.000188	0.000053	65.060420	3.4
1994	4596.398695	0.000000	0.000053	131.882866	5.3
1995	4764.203824	0.000000	0.000053	82.323561	5.5
1996	4617.201693	0.000000	0.000053	97.080840	5.4
1997	4656.013204	0.000000	0.000053	83.366509	5.5
1998	4739.899167	0.000000	0.000053	67.439628	5.4
1999	4734.731358	0.000000	0.000053	62.884617	5.2
