1:ItNr	2:Metric	3a:Time	3b:StepSize	4:||Gradient||	Time[ms]
0	41629.140093	0.000000	0.000783	2442.627719	202.8
1	36786.769396	0.000000	0.000783	2639.285415	1.4
2	31891.577932	0.000000	0.000783	2601.575771	1.4
3	25802.150427	0.000000	0.000783	2735.425630	1.3
4	20330.056971	0.000000	0.000783	3233.026227	1.4
5	12509.976775	0.000000	0.000783	3243.453852	1.4
6	5670.265437	0.000000	0.000783	1991.468995	1.4
7	3495.997199	0.000000	0.000783	898.914688	1.4
8	3057.090646	0.000000	0.000783	418.149609	1.4
9	2886.307970	0.000000	0.000783	170.088896	1.4
10	2882.354130	0.000000	0.000783	167.055918	1.4
11	2959.517281	0.000000	0.000783	181.871427	1.4
12	2870.127288	0.000000	0.000783	165.388006	1.5
13	2926.349329	0.000000	0.000783	164.716033	1.5
14	2611.966005	0.000000	0.000783	238.119195	1.5
15	2788.973439	0.403050	0.000768	149.878409	1.5
16	2670.782360	0.533006	0.000763	117.591442	1.5
17	2872.019263	0.515851	0.000764	123.757238	1.5
18	2739.295318	0.499095	0.000764	131.201899	1.5
19	2737.329541	0.482022	0.000765	164.197143	1.7
20	2847.023372	0.466629	0.000766	173.544694	1.6
21	2670.925647	0.559978	0.000762	112.744086	1.7
22	2747.782749	0.544434	0.000763	119.579246	1.8
23	2699.621895	0.527429	0.000763	146.383145	1.7
24	2885.713137	0.511757	0.000764	153.144784	1.9
25	2572.930575	0.494662	0.000765	146.017620	2.7
26	2643.545642	0.534570	0.000763	195.039488	2.0
27	2658.461588	0.890309	0.000751	126.545738	4.2
28	2610.708002	0.877474	0.000751	136.321889	4.6
29	2682.721521	0.872553	0.000751	102.770372	4.6
30	2721.531138	0.855982	0.000752	109.531559	3.9
31	2638.799498	0.839015	0.000752	118.477830	3.7
32	2481.720256	0.822245	0.000753	168.701126	3.7
33	2649.087450	0.805106	0.000754	226.773357	2.9
34	2642.721184	1.801290	0.000721	117.395028	2.9
35	2588.559230	1.869478	0.000719	118.554619	2.9
36	2579.278650	1.852509	0.000719	147.414010	3.0
37	2570.019404	1.861590	0.000719	93.694454	3.1
38	2645.756382	1.846267	0.000719	100.807210	3.2
39	2485.154860	1.829483	0.000720	167.817840	3.0
40	2514.673960	1.813934	0.000720	117.380850	2.3
41	2579.495586	1.823447	0.000720	190.715297	2.2
42	2546.059958	1.806282	0.000721	228.037446	2.2
43	2585.938755	2.806045	0.000690	131.797838	2.3
44	2577.918408	3.397553	0.000674	109.828976	2.3
45	2529.895369	3.396706	0.000674	167.745676	2.6
46	2515.474548	3.470011	0.000672	192.286344	2.7
47	2455.970837	4.445804	0.000646	148.321269	2.3
48	2535.242818	5.012847	0.000632	144.153882	2.9
49	2575.551717	5.331526	0.000624	118.252429	3.0
50	2568.574832	5.316139	0.000624	116.080263	2.8
51	2468.714393	5.309798	0.000625	83.853836	2.5
52	2480.891121	5.294619	0.000625	81.617613	2.2
53	2541.702201	5.278537	0.000625	123.772169	2.4
54	2543.212824	5.262585	0.000626	81.498199	4.4
55	2451.022394	5.246371	0.000626	161.198923	4.5
56	2374.858315	5.230673	0.000626	144.164462	4.7
57	2482.008452	5.243174	0.000626	82.586739	4.4
58	2523.218215	5.226661	0.000627	97.476076	4.4
59	2456.375624	5.211247	0.000627	124.813015	3.9
60	2570.530580	5.202632	0.000627	100.272556	3.4
61	2528.008926	5.193487	0.000627	99.333610	3.2
62	2458.915955	5.176584	0.000628	98.674333	3.0
63	2407.592845	5.160761	0.000628	122.298479	2.7
64	2395.053475	5.151949	0.000628	81.121017	2.8
65	2436.840579	5.139884	0.000629	85.725293	2.7
66	2529.425491	5.124567	0.000629	105.780940	2.2
67	2404.645529	5.109886	0.000629	121.643746	2.3
68	2439.016965	5.117123	0.000629	86.264715	4.4
69	2391.726220	5.102417	0.000630	77.959954	4.4
70	2366.446097	5.086447	0.000630	88.306269	4.4
71	2437.128355	5.072660	0.000630	74.959536	4.0
72	2375.892951	5.057121	0.000631	73.629047	3.2
73	2430.829171	5.041746	0.000631	164.774587	3.2
74	2531.220516	5.028061	0.000631	275.818163	3.3
75	2378.891493	6.027956	0.000608	135.667727	4.7
76	2350.584340	7.020405	0.000586	104.940775	4.7
77	2360.847415	7.003294	0.000587	106.389754	4.5
78	2364.445700	7.007588	0.000587	88.575260	4.6
79	2431.427383	7.007322	0.000587	81.667651	4.4
80	2481.733946	6.993805	0.000587	90.406499	4.6
81	2454.062261	6.979554	0.000587	92.968173	3.9
82	2456.838225	6.969708	0.000588	95.322793	3.9
83	2434.676040	6.954320	0.000588	141.935642	3.8
84	2414.082862	6.938014	0.000588	115.871056	2.8
85	2443.960508	6.989510	0.000587	82.855679	3.0
86	2338.782140	6.975773	0.000587	78.995529	3.0
87	2283.200455	6.960576	0.000588	125.215997	2.6
88	2338.640566	6.953128	0.000588	76.514378	2.6
89	2367.446125	6.938791	0.000588	76.587372	2.6
90	2442.700534	6.925175	0.000588	96.133951	2.6
91	2366.433594	6.915983	0.000589	93.938200	3.5
92	2283.978426	6.899828	0.000589	82.878650	2.1
93	2366.180069	6.889750	0.000589	100.219308	2.1
94	2287.589280	6.875895	0.000590	76.263296	2.2
95	2346.126489	6.862305	0.000590	110.604112	6.9
96	2389.941962	6.851295	0.000590	169.263906	5.5
97	2400.287847	7.318765	0.000580	72.109751	4.9
98	2469.681804	7.306573	0.000581	132.490170	4.2
99	2374.074563	7.291375	0.000581	77.471995	3.7
100	2284.610910	7.287722	0.000581	104.522505	3.5
101	2441.780952	7.277759	0.000581	96.365967	3.7
102	2315.706310	7.261924	0.000581	188.925770	4.7
103	2325.886805	7.246364	0.000582	116.031238	4.0
104	2416.791508	7.652927	0.000574	98.596034	3.2
105	2397.349129	7.637521	0.000574	108.829076	3.2
106	2289.921839	7.667817	0.000573	134.162517	3.1
107	2295.260174	7.943032	0.000568	182.632633	2.5
108	2375.874995	8.905534	0.000549	220.512099	2.5
109	2297.348156	9.905455	0.000532	128.995262	2.5
110	2316.815077	10.898251	0.000515	55.702336	2.5
111	2349.128506	10.886688	0.000515	60.159064	2.2
112	2357.208139	10.875434	0.000516	98.013554	2.3
113	2390.535284	10.862896	0.000516	116.947190	4.9
114	2378.521598	10.928587	0.000515	142.732194	2.6
115	2345.036915	10.911696	0.000515	114.983189	2.5
116	2387.092929	11.119060	0.000512	83.094733	2.4
117	2382.513197	11.107794	0.000512	79.874154	2.4
118	2343.707084	11.095474	0.000512	97.911652	2.3
119	2199.890617	11.079311	0.000512	85.961888	2.3
120	2367.261132	11.106145	0.000512	63.847370	2.3
121	2405.634899	11.093128	0.000512	81.241929	2.3
122	2376.646726	11.080758	0.000512	68.767685	2.3
123	2366.020535	11.065719	0.000512	70.592716	2.2
124	2289.219754	11.053033	0.000513	91.530815	2.3
125	2266.733325	11.057882	0.000513	171.379916	2.3
126	2344.115050	11.576262	0.000504	127.402741	2.2
127	2382.110344	12.494598	0.000491	95.715400	2.2
128	2370.589987	12.535833	0.000490	75.644034	2.2
129	2301.717222	12.533822	0.000490	88.427206	2.2
130	2469.177869	12.530347	0.000490	93.959201	2.2
131	2343.658730	12.541658	0.000490	56.927475	2.4
132	2302.601425	12.526949	0.000490	54.034422	2.3
133	2355.915999	12.514508	0.000490	87.976596	2.4
134	2298.036296	12.502500	0.000491	66.541451	2.4
135	2327.646765	12.491765	0.000491	79.806233	2.3
136	2344.984996	12.478507	0.000491	116.361397	4.5
137	2273.960704	12.527423	0.000490	160.033642	4.7
138	2334.969760	13.385263	0.000478	121.025218	4.6
139	2263.898061	14.079922	0.000468	55.919607	4.2
140	2315.278827	14.064358	0.000469	70.773180	3.2
141	2294.496105	14.057884	0.000469	57.301848	3.2
142	2273.614172	14.048264	0.000469	48.532587	3.2
143	2328.521934	14.036521	0.000469	127.116255	3.0
144	2377.949374	14.038582	0.000469	102.460445	2.8
145	2216.975428	14.205027	0.000467	53.029833	2.8
146	2262.105653	14.199073	0.000467	97.541363	2.8
147	2334.980993	14.194030	0.000467	91.873385	2.2
148	2274.324553	14.271780	0.000466	56.014388	2.2
149	2372.702178	14.271907	0.000466	82.773354	2.2
150	2294.867582	14.270244	0.000466	110.215672	2.3
151	2287.143291	14.345350	0.000465	81.177613	4.7
152	2348.357090	14.348296	0.000465	66.102434	2.7
153	2350.901914	14.333355	0.000465	71.919569	2.5
154	2238.295904	14.327653	0.000465	85.396180	2.6
155	2290.648825	14.340274	0.000465	79.591303	2.0
156	2244.465128	14.363207	0.000465	43.836197	2.1
157	2296.468666	14.354251	0.000465	81.195795	2.1
158	2221.913330	14.344734	0.000465	111.630561	1.9
159	2359.031844	14.375171	0.000465	44.856598	1.9
160	2254.347519	14.364254	0.000465	57.341719	6.0
161	2257.808074	14.354937	0.000465	69.756834	2.1
162	2246.042454	14.342001	0.000465	69.956059	2.3
163	2325.190918	14.343591	0.000465	53.540935	2.6
164	2234.808353	14.331249	0.000465	58.940734	2.5
165	2338.766531	14.319360	0.000465	133.099092	2.3
166	2305.355288	14.303821	0.000465	107.732590	2.4
167	2257.895452	14.534509	0.000462	81.517278	2.4
168	2307.212096	14.521958	0.000463	127.173053	2.4
169	2301.914075	14.656731	0.000461	78.001450	2.4
170	2223.115881	14.834207	0.000459	181.161474	2.8
171	2226.103536	14.854014	0.000458	170.549950	2.6
172	2277.199559	15.853478	0.000446	66.652639	2.6
173	2312.004228	15.906154	0.000445	56.370988	2.9
174	2342.404826	15.895245	0.000445	73.578090	4.2
175	2262.831088	15.885433	0.000446	83.452546	4.1
176	2305.626797	15.893095	0.000445	65.088474	3.6
177	2304.614304	15.878738	0.000446	85.383842	3.1
178	2335.911774	15.870062	0.000446	78.505299	3.1
179	2264.896949	15.868603	0.000446	69.911632	2.8
180	2263.672732	15.876395	0.000446	70.693030	2.6
181	2170.190454	15.861923	0.000446	120.093868	2.5
182	2237.880670	15.926308	0.000445	75.096035	2.6
183	2335.688257	15.920605	0.000445	74.677282	2.4
184	2275.647184	15.945088	0.000445	87.427849	2.3
185	2233.626245	15.941206	0.000445	98.947886	2.2
186	2288.429026	15.933232	0.000445	116.031023	2.2
187	2193.254301	16.144373	0.000442	51.166546	2.2
188	2259.745872	16.162411	0.000442	54.005638	2.0
189	2270.300886	16.154977	0.000442	73.913224	2.0
190	2253.669434	16.145023	0.000442	79.363820	2.0
191	2232.006012	16.146059	0.000442	57.040968	2.0
192	2250.058387	16.131703	0.000443	80.938859	2.0
193	2176.240822	16.140677	0.000442	48.518997	2.0
194	2256.240253	16.138355	0.000442	80.898006	1.9
195	2263.503490	16.126837	0.000443	42.448730	1.9
196	2329.517284	16.119260	0.000443	165.364699	1.9
197	2244.027438	16.112476	0.000443	76.337387	1.9
198	2137.395273	16.543027	0.000438	46.970965	1.9
199	2271.319132	16.536774	0.000438	73.118357	2.0
200	2273.113340	16.527965	0.000438	101.255235	1.9
201	2213.599915	16.617465	0.000437	63.227969	1.9
202	2176.020741	16.630951	0.000437	43.634263	1.9
203	2267.922235	16.626062	0.000437	48.125503	2.1
204	2163.308601	16.617269	0.000437	108.624450	4.7
205	2235.575036	16.611343	0.000437	67.090273	4.5
206	2348.852422	16.664246	0.000436	142.727007	4.4
207	2177.306098	16.648187	0.000436	95.309704	4.2
208	2192.679324	16.910637	0.000433	53.220115	3.2
209	2249.988705	16.932015	0.000433	38.203387	3.2
210	2269.952494	16.927284	0.000433	93.969065	3.2
211	2240.745231	16.924403	0.000433	80.863675	2.7
212	2234.002914	17.044988	0.000432	63.967023	2.7
213	2301.025052	17.078894	0.000432	76.976686	2.8
214	2242.081337	17.100299	0.000431	97.855059	2.7
215	2185.807774	17.084435	0.000431	42.101378	2.4
216	2218.280483	17.083367	0.000432	47.611447	2.4
217	2153.536896	17.074691	0.000432	43.943813	2.4
218	2163.309275	17.066831	0.000432	53.318870	3.6
219	2228.696632	17.057473	0.000432	50.272752	2.5
220	2280.618469	17.050948	0.000432	111.512424	2.7
221	2232.708313	17.061808	0.000432	55.801746	2.8
222	2192.343855	17.046144	0.000432	65.063598	4.5
223	2237.523814	17.057806	0.000432	62.618728	2.7
224	2192.369902	17.059643	0.000432	57.365957	2.7
225	2310.613036	17.054570	0.000432	63.842930	2.8
226	2296.167294	17.055636	0.000432	52.723003	2.9
227	2195.634830	17.044327	0.000432	48.659442	2.9
228	2221.526101	17.044374	0.000432	38.563025	2.8
229	2314.680440	17.039518	0.000432	99.820876	2.5
230	2203.231853	17.040674	0.000432	73.042694	2.5
231	2191.374949	17.058364	0.000432	70.217406	2.5
232	2229.624985	17.069099	0.000432	119.342014	2.5
233	2256.304553	17.070734	0.000432	52.532664	2.2
234	2282.093941	17.139491	0.000431	56.004009	4.3
235	2109.185863	17.127537	0.000431	54.405265	4.7
236	2181.463725	17.130047	0.000431	72.259010	4.5
237	2304.872603	17.116687	0.000431	92.906638	4.3
238	2178.035428	17.191778	0.000430	83.114177	4.4
239	2220.016685	17.192739	0.000430	111.794695	4.2
240	2279.815511	17.223752	0.000430	113.252151	3.7
241	2247.357066	17.455545	0.000427	37.692554	3.5
242	2261.052471	17.463313	0.000427	52.884979	3.6
243	2249.080157	17.454726	0.000427	92.098224	3.7
244	2212.554500	17.447991	0.000427	79.234221	3.6
245	2146.662539	17.509862	0.000427	40.156583	3.6
246	2161.006281	17.499208	0.000427	59.850456	4.2
247	2244.463082	17.495050	0.000427	120.208252	2.4
248	2231.591529	17.548527	0.000426	113.483542	2.4
249	2229.009415	18.092598	0.000420	44.948728	2.3
250	2118.475290	18.078683	0.000421	81.500720	2.3
251	2258.116311	18.080815	0.000420	43.349734	2.2
252	2209.434699	18.072790	0.000421	70.309799	2.3
253	2165.226922	18.067308	0.000421	97.851464	2.4
254	2230.834790	18.057211	0.000421	92.925595	2.4
255	2178.768847	18.232795	0.000419	33.753824	2.4
256	2204.561784	18.233121	0.000419	92.550133	2.4
257	2152.076406	18.237521	0.000419	76.819348	2.3
258	2080.711854	18.260297	0.000419	104.500763	2.2
259	2208.011148	18.244301	0.000419	110.535198	2.2
260	2174.393136	18.271688	0.000418	69.127040	2.2
261	2269.979703	18.255460	0.000419	42.212802	2.4
262	2177.257886	18.260184	0.000419	36.668967	4.4
263	2118.624627	18.257982	0.000419	93.068886	4.4
264	2209.200739	18.267839	0.000418	94.776590	4.3
265	2171.869057	18.251228	0.000419	57.797935	4.2
266	2186.616277	18.299381	0.000418	62.595113	3.8
267	2156.523252	18.287238	0.000418	64.508009	3.2
268	2246.998821	18.278711	0.000418	78.013535	3.1
269	2192.115709	18.310461	0.000418	64.582097	3.0
270	2290.051540	18.301538	0.000418	30.872726	2.6
271	2244.940973	18.295566	0.000418	97.187031	2.6
272	2156.904546	18.289544	0.000418	33.306290	2.6
273	2304.201778	18.290993	0.000418	143.465624	2.7
274	2238.221462	18.283367	0.000418	72.708632	2.7
275	2202.269636	18.642736	0.000415	63.856315	2.6
276	2307.035081	18.629229	0.000415	66.599531	2.7
277	2152.887009	18.623471	0.000415	62.909440	2.5
278	2234.488489	18.627543	0.000415	29.798407	2.4
279	2262.122054	18.619891	0.000415	75.049316	2.5
280	2253.561285	18.624607	0.000415	50.482304	2.5
281	2175.638404	18.655879	0.000414	31.241372	2.3
282	2192.620598	18.654492	0.000414	65.669542	2.3
283	2241.425146	18.651964	0.000414	133.813293	4.4
284	2278.999394	18.751147	0.000413	108.432278	4.2
285	2276.561705	19.507288	0.000406	32.763370	4.1
286	2151.400448	19.509271	0.000406	59.033060	4.3
287	2224.739127	19.510208	0.000406	80.972136	4.8
288	2181.074025	19.512952	0.000406	54.483567	4.4
289	2206.200693	19.530553	0.000405	82.544218	4.2
290	2215.058505	19.516402	0.000406	71.970638	4.1
291	2189.813502	19.556489	0.000405	90.239111	4.6
292	2191.530356	19.604839	0.000405	61.982019	4.8
293	2212.840280	19.623543	0.000405	48.324332	4.0
294	2177.078944	19.640426	0.000404	59.005698	3.6
295	2258.592543	19.628826	0.000404	60.909525	3.6
296	2224.954239	19.648267	0.000404	41.046302	2.9
297	2275.941219	19.640205	0.000404	87.984804	3.7
298	2198.746332	19.631254	0.000404	77.887456	4.8
299	2149.570657	19.758476	0.000403	168.208382	4.9
300	2212.535998	19.741479	0.000403	137.169252	4.8
301	2183.737983	20.731343	0.000394	102.206642	3.5
302	2183.813920	21.515979	0.000387	63.570082	3.5
303	2175.470273	21.617335	0.000386	44.195281	3.6
304	2266.290653	21.608092	0.000386	95.022213	4.5
305	2200.770003	21.615244	0.000386	108.574612	4.4
306	2284.137863	22.095709	0.000381	56.328685	4.4
307	2241.741353	22.082826	0.000381	47.525214	3.4
308	2231.013993	22.073566	0.000382	55.080157	3.4
309	2252.863876	22.077396	0.000381	68.556313	3.8
310	2131.024879	22.081456	0.000381	80.568430	3.8
311	2213.177583	22.068490	0.000382	43.242703	3.3
312	2184.240947	22.056604	0.000382	52.521489	2.9
313	2204.732197	22.048867	0.000382	78.470452	2.9
314	2176.160710	22.090495	0.000381	26.308772	2.9
315	2214.915692	22.084349	0.000381	45.476425	4.5
316	2194.162387	22.080026	0.000381	41.420817	4.3
317	2171.157245	22.071565	0.000382	46.020903	4.5
318	2191.519827	22.064792	0.000382	32.375082	4.6
319	2213.429089	22.068637	0.000382	97.217288	3.7
320	2193.794671	22.056714	0.000382	55.619838	3.3
321	2220.043569	22.061156	0.000382	35.174752	3.3
322	2159.960995	22.055660	0.000382	62.785772	3.0
323	2223.356936	22.047606	0.000382	79.075801	2.7
324	2210.621644	22.045007	0.000382	67.868824	2.6
325	2121.973700	22.030449	0.000382	63.291758	2.6
326	2261.031187	22.077188	0.000381	85.026902	2.6
327	2259.528775	22.073292	0.000382	99.479838	2.6
328	2197.114904	22.187495	0.000381	27.455680	2.6
329	2220.324525	22.178798	0.000381	22.274327	2.7
330	2130.050174	22.176713	0.000381	59.452709	2.6
331	2278.455288	22.177432	0.000381	121.270922	2.6
332	2218.216583	22.215248	0.000380	43.399392	2.5
333	2102.305142	22.234079	0.000380	60.827227	2.6
334	2216.621641	22.251672	0.000380	108.303307	2.6
335	2236.385178	22.382471	0.000379	56.339481	2.6
336	2194.807637	22.425315	0.000378	59.938709	4.2
337	2119.323561	22.436375	0.000378	58.353637	2.5
338	2205.625206	22.445338	0.000378	58.146176	2.2
339	2189.788821	22.464839	0.000378	55.434871	2.1
340	2276.019508	22.452923	0.000378	162.764239	2.3
341	2206.744358	22.538416	0.000377	66.621758	4.8
342	2150.907240	22.603081	0.000377	85.466834	3.5
343	2225.628287	22.589269	0.000377	107.382024	3.4
344	2206.454021	22.945798	0.000374	57.660334	3.4
345	2117.390169	23.050881	0.000373	33.247863	3.8
346	2221.150600	23.041796	0.000373	53.406214	3.3
347	2227.298733	23.044004	0.000373	27.375250	4.2
348	2280.518686	23.041654	0.000373	26.465092	2.4
349	2210.308100	23.040678	0.000373	68.771189	2.2
350	2185.608092	23.041693	0.000373	82.995234	2.2
351	2228.632323	23.068563	0.000373	64.921721	2.0
352	2181.862850	23.146323	0.000372	79.792930	4.1
353	2210.157407	23.154721	0.000372	34.952292	2.1
354	2148.168847	23.148515	0.000372	36.774468	2.0
355	2172.087722	23.144419	0.000372	74.026704	5.0
356	2188.838676	23.137162	0.000372	151.363839	4.5
357	2196.379758	23.571910	0.000369	109.952248	4.4
358	2154.621255	24.387726	0.000362	70.614913	2.4
359	2224.210459	24.610386	0.000360	40.161402	3.1
360	2148.809135	24.601022	0.000360	30.888046	3.5
361	2243.812900	24.598520	0.000360	39.329250	4.9
362	2127.954087	24.592315	0.000360	72.838444	2.9
363	2135.001479	24.581301	0.000361	34.609935	3.6
364	2191.823927	24.593888	0.000360	57.488174	2.3
365	2178.007832	24.591726	0.000360	43.064550	2.3
366	2210.786120	24.596512	0.000360	47.136810	2.3
367	2157.748935	24.588522	0.000360	46.106980	2.3
368	2122.233755	24.585047	0.000360	27.812004	2.2
369	2211.062152	24.585335	0.000360	33.862421	2.3
370	2261.187439	24.587063	0.000360	44.523071	2.4
371	2226.307174	24.592600	0.000360	83.037032	2.5
372	2212.906669	24.622335	0.000360	63.757492	4.4
373	2118.941525	24.622877	0.000360	56.562873	2.7
374	2100.172068	24.623367	0.000360	27.583472	2.8
375	2260.218990	24.625126	0.000360	63.255383	2.7
376	2201.480469	24.620337	0.000360	127.266260	2.7
377	2237.982878	24.850958	0.000358	78.692653	2.2
378	2246.717394	25.087089	0.000357	28.929256	2.2
379	2187.221460	25.088991	0.000357	61.715024	2.1
380	2196.423281	25.086439	0.000357	87.652851	2.2
381	2218.579335	25.081930	0.000357	89.579900	2.0
382	2163.723632	25.065564	0.000357	25.699502	1.9
383	2183.251665	25.061762	0.000357	57.961391	1.9
384	2164.004617	25.059693	0.000357	58.637588	1.9
385	2244.539669	25.046942	0.000357	111.586505	1.9
386	2221.970776	25.031216	0.000357	85.692043	1.9
387	2176.640912	25.415545	0.000354	89.643447	2.0
388	2175.267817	25.403987	0.000354	75.724790	1.9
389	2169.299195	25.477209	0.000354	122.553207	1.9
390	2096.655217	25.707151	0.000352	41.426991	1.9
391	2145.611594	25.771215	0.000351	28.323105	1.9
392	2109.476582	25.767412	0.000351	26.957435	2.0
393	2169.457569	25.765987	0.000351	50.756614	2.0
394	2205.437317	25.761925	0.000351	38.836760	2.0
395	2237.823885	25.773908	0.000351	43.038822	1.9
396	2180.494410	25.780867	0.000351	47.625878	1.8
397	2222.085096	25.774751	0.000351	89.886137	1.9
398	2210.535372	25.820284	0.000351	45.263393	1.8
399	2168.836470	25.818318	0.000351	69.018545	1.9
400	2085.365882	25.834604	0.000351	41.632400	1.9
401	2196.553731	25.823871	0.000351	23.869201	1.9
402	2157.883945	25.821714	0.000351	51.287347	1.9
403	2182.443383	25.822228	0.000351	65.349019	1.8
404	2146.345433	25.809483	0.000351	80.746172	1.9
405	2231.186312	25.897136	0.000350	16.307848	1.9
406	2179.021251	25.904686	0.000350	70.125874	1.9
407	2166.807195	25.899477	0.000350	29.312631	1.9
408	2134.231470	25.904630	0.000350	94.948050	1.9
409	2312.474711	25.896292	0.000350	42.012718	1.9
410	2124.216215	25.913204	0.000350	128.402208	1.8
411	2279.637657	25.930800	0.000350	69.240106	1.9
412	2090.779298	26.165176	0.000348	132.816840	2.0
413	2158.180011	26.166645	0.000348	39.506173	1.9
414	2140.877574	26.205569	0.000348	90.090733	1.9
415	2258.832768	26.213425	0.000348	21.856758	2.0
416	2166.786969	26.214341	0.000348	73.586028	1.9
417	2228.172836	26.207478	0.000348	31.213995	1.9
418	2135.839076	26.211991	0.000348	73.241461	4.2
419	2146.638110	26.217382	0.000348	73.341882	2.2
420	2148.529137	26.245327	0.000348	81.940194	2.4
421	2176.925316	26.240173	0.000348	38.990741	2.5
422	2205.537255	26.230099	0.000348	72.120858	2.4
423	2124.785341	26.245592	0.000348	47.208433	2.4
424	2132.407160	26.259295	0.000348	44.597580	2.4
425	2286.711077	26.249632	0.000348	46.354865	2.0
426	2253.402661	26.261752	0.000348	23.559500	1.8
427	2186.943224	26.256780	0.000348	90.311750	1.9
428	2185.194262	26.256162	0.000348	48.982518	1.9
429	2118.892760	26.252568	0.000348	41.139659	2.4
430	2200.273935	26.247796	0.000348	61.298194	2.1
431	2141.082224	26.238305	0.000348	60.738319	2.0
432	2189.019602	26.225014	0.000348	105.777100	2.0
433	2170.255563	26.371633	0.000347	86.165578	1.9
434	2188.479618	26.482531	0.000346	59.755596	2.2
435	2277.316724	26.507219	0.000346	76.501272	2.2
436	2161.232492	26.492711	0.000346	54.275555	4.6
437	2217.831752	26.547207	0.000346	78.683426	4.5
438	2213.431744	26.533251	0.000346	75.401842	4.9
439	2102.724913	26.636723	0.000345	67.668277	4.3
440	2226.139957	26.691404	0.000345	55.774829	4.4
441	2176.767444	26.688920	0.000345	48.697410	4.2
442	2220.081636	26.678042	0.000345	94.831040	3.3
443	2254.572155	26.690633	0.000345	39.763700	3.3
444	2169.585824	26.734351	0.000344	109.413831	3.1
445	2247.542190	26.774606	0.000344	69.966495	2.9
446	2179.080413	26.758596	0.000344	152.651697	2.6
447	2193.941332	27.205736	0.000341	65.875675	2.7
448	2192.827957	27.590809	0.000338	69.930585	2.7
449	2160.569047	27.578190	0.000338	71.106183	2.5
450	2238.856149	27.576400	0.000338	43.185463	2.4
451	2228.744866	27.568213	0.000338	33.613912	3.3
452	2259.865398	27.567230	0.000338	35.853900	2.3
453	2262.837719	27.563174	0.000338	41.552324	2.1
454	2230.143314	27.571803	0.000338	103.291593	2.2
455	2145.151606	27.561248	0.000338	127.146559	2.1
456	2215.870463	28.322958	0.000333	80.413822	2.2
457	2160.124300	28.534681	0.000332	23.184469	2.1
458	2170.800072	28.526037	0.000332	40.601570	2.0
459	2214.652907	28.529358	0.000332	24.260084	2.0
460	2219.309765	28.526247	0.000332	52.975209	2.0
461	2248.514589	28.524314	0.000332	83.291419	3.5
462	2210.468700	28.576286	0.000331	40.057984	2.0
463	2262.151874	28.581038	0.000331	82.110415	2.0
464	2173.968791	28.607769	0.000331	55.973285	2.0
465	2164.901980	28.595832	0.000331	51.035207	2.0
466	2207.947330	28.624650	0.000331	87.355055	2.0
467	2199.556178	28.610759	0.000331	102.077823	2.2
468	2074.615981	28.852772	0.000330	33.192847	2.2
469	2135.204064	28.893340	0.000329	60.460764	2.2
470	2226.096113	28.884487	0.000329	70.494134	2.2
471	2310.378285	28.931804	0.000329	71.780962	2.0
472	2160.579344	28.917372	0.000329	37.718017	1.9
473	2219.687281	28.917702	0.000329	92.134383	1.9
474	2215.685885	28.930336	0.000329	41.332727	1.9
475	2198.144173	28.950076	0.000329	27.047810	1.9
476	2227.027282	28.955654	0.000329	31.842715	1.8
477	2173.046835	28.957085	0.000329	33.194101	1.9
478	2229.118965	28.953750	0.000329	50.702656	2.1
479	2246.208163	28.959859	0.000329	39.575247	1.9
480	2189.905561	28.959194	0.000329	56.703031	1.9
481	2125.701198	28.960936	0.000329	60.736150	1.9
482	2173.590491	28.965055	0.000329	36.068257	2.0
483	2244.267870	28.982527	0.000329	50.644822	2.0
484	2124.462510	28.986930	0.000329	66.077543	2.0
485	2194.420924	28.981513	0.000329	79.625641	1.9
486	2156.414723	29.019219	0.000329	101.974682	1.9
487	2230.875272	29.142897	0.000328	106.337542	1.9
488	2103.587502	29.429899	0.000326	105.054042	1.9
489	2128.214224	29.689192	0.000324	25.003668	1.8
490	2298.532167	29.699326	0.000324	98.968463	1.9
491	2153.410398	29.692412	0.000324	56.151952	1.9
492	2182.545461	29.681695	0.000324	54.408853	1.9
493	2208.560400	29.692918	0.000324	42.534266	1.9
494	2160.514171	29.691751	0.000324	45.729785	2.0
495	2194.611372	29.696915	0.000324	56.785533	2.0
496	2167.372386	29.719050	0.000324	27.895613	1.9
497	2148.533493	29.716871	0.000324	38.395157	1.9
498	2187.566296	29.719124	0.000324	67.693703	1.9
499	2287.332412	29.723995	0.000324	46.691623	1.9
500	2130.702821	29.715124	0.000324	50.284650	1.9
501	2161.794218	29.711483	0.000324	90.350068	2.0
502	2220.252172	29.733357	0.000324	91.047907	1.9
503	2116.428361	29.833028	0.000323	122.529430	2.0
504	2176.255183	29.816044	0.000323	57.083269	2.0
505	2176.404519	29.824454	0.000323	73.094433	2.1
506	2195.530885	29.811752	0.000323	96.650745	1.9
507	2180.358619	29.795751	0.000324	76.555772	1.9
508	2205.898984	30.040612	0.000322	50.594799	1.9
509	2175.430114	30.080196	0.000322	60.373263	1.8
510	2162.144853	30.082275	0.000322	71.391749	1.8
511	2166.983912	30.151316	0.000321	71.363953	1.9
512	2161.591848	30.209979	0.000321	54.272935	1.9
513	2218.158861	30.214561	0.000321	16.167237	1.8
514	2223.447306	30.215540	0.000321	75.738148	1.9
515	2194.738722	30.212002	0.000321	41.128595	1.9
516	2305.797626	30.247561	0.000321	17.337690	1.9
517	2262.519191	30.246934	0.000321	62.761940	1.9
518	2173.743431	30.248696	0.000321	23.129037	2.1
519	2179.192683	30.249113	0.000321	39.851372	2.1
520	2150.071973	30.253055	0.000321	31.005505	2.1
521	2192.556227	30.247198	0.000321	49.744296	2.1
522	2176.611494	30.252549	0.000321	85.704385	2.4
523	2206.232771	30.242383	0.000321	81.342154	4.3
524	2215.834297	30.352948	0.000320	73.565699	4.3
525	2171.003196	30.338293	0.000320	23.749956	4.6
526	2110.130054	30.341968	0.000320	106.200357	4.5
527	2217.371169	30.340350	0.000320	57.049200	3.8
528	2218.896458	30.385788	0.000320	45.682924	3.3
529	2247.510574	30.378762	0.000320	67.293345	3.2
530	2232.411962	30.374288	0.000320	44.183893	2.9
531	2243.458919	30.369461	0.000320	96.913595	3.4
532	2216.510129	30.371752	0.000320	147.869210	3.3
533	2203.514101	31.190796	0.000315	63.895840	3.0
534	2171.415277	31.190843	0.000315	24.853803	2.6
535	2215.770947	31.186293	0.000315	35.431538	2.6
536	2206.295477	31.187282	0.000315	79.532970	2.5
537	2157.265716	31.175674	0.000315	47.624309	2.7
538	2258.979589	31.165311	0.000315	58.736695	4.4
539	2221.945197	31.165551	0.000315	78.138296	4.6
540	2166.976796	31.186711	0.000315	58.286258	4.6
541	2119.949671	31.228285	0.000315	52.505618	4.3
542	2211.741830	31.218043	0.000315	75.755084	4.4
543	2255.283282	31.248008	0.000315	37.885799	4.4
544	2267.610446	31.244088	0.000315	39.988201	3.8
545	2185.430375	31.243023	0.000315	51.292602	3.4
546	2209.220255	31.237708	0.000315	42.511550	3.4
547	2154.145441	31.243844	0.000315	113.927494	3.2
548	2229.468692	31.233668	0.000315	35.476072	3.2
549	2196.428507	31.233319	0.000315	64.043084	3.1
550	2183.778804	31.242634	0.000315	105.053229	2.9
551	2092.748511	31.308700	0.000314	70.149888	2.5
552	2220.913918	31.296144	0.000314	69.734738	2.5
553	2125.824803	31.377965	0.000314	60.385999	2.5
554	2172.645587	31.386135	0.000314	115.463094	2.4
555	2176.427686	31.410865	0.000314	55.856785	4.5
556	2226.561494	31.396721	0.000314	61.162810	4.6
557	2131.889062	31.405686	0.000314	82.123545	4.3
558	2119.714259	31.391058	0.000314	37.718318	4.3
559	2061.897577	31.384948	0.000314	19.484547	3.3
560	2215.500789	31.382678	0.000314	87.515121	3.2
561	2158.846901	31.375155	0.000314	27.570591	3.1
562	2168.008325	31.375777	0.000314	55.142536	2.7
563	2244.652446	31.375157	0.000314	16.422852	2.5
564	2227.518304	31.375665	0.000314	61.277345	2.5
565	2181.166787	31.373655	0.000314	28.643522	2.5
566	2195.705658	31.369730	0.000314	16.964996	2.4
567	2213.798701	31.368508	0.000314	19.617805	2.2
568	2178.602123	31.366610	0.000314	68.151952	2.2
569	2231.670255	31.374340	0.000314	102.921434	2.2
570	2188.552210	31.359830	0.000314	84.605107	2.2
571	2213.326347	31.437975	0.000313	50.780872	2.3
572	2113.434758	31.450375	0.000313	22.353092	4.3
573	2162.415978	31.454132	0.000313	55.400892	4.6
574	2163.835627	31.448973	0.000313	32.755033	2.8
575	2140.909112	31.441268	0.000313	64.921904	2.8
576	2212.683172	31.438539	0.000313	70.243489	2.9
577	2293.081662	31.431270	0.000313	88.545955	3.0
578	2134.130543	31.567525	0.000313	109.711384	2.8
579	2237.610976	31.550848	0.000313	25.709470	4.7
580	2137.661563	31.540526	0.000313	96.004684	4.6
581	2119.441802	31.561714	0.000313	28.042648	4.7
582	2141.285752	31.570381	0.000313	80.655764	3.5
583	2207.040464	31.594362	0.000312	37.310911	3.6
584	2150.269848	31.627573	0.000312	65.151130	3.6
585	2245.680458	31.642944	0.000312	30.948847	4.7
586	2149.218265	31.646219	0.000312	46.601772	4.7
587	2177.427886	31.640868	0.000312	61.872342	3.9
588	2121.038234	31.659619	0.000312	21.026499	4.5
589	2130.545192	31.655320	0.000312	66.473452	4.6
590	2208.194492	31.655338	0.000312	54.697681	4.6
591	2206.862911	31.698938	0.000312	72.697095	4.1
592	2227.686813	31.732714	0.000312	44.559968	3.5
593	2133.326668	31.729504	0.000312	83.641869	3.5
594	2133.882576	31.769190	0.000311	49.989247	3.3
595	2171.072168	31.783862	0.000311	20.754079	3.1
596	2149.721118	31.782899	0.000311	27.219197	4.3
597	2218.248748	31.784827	0.000311	85.243065	2.9
598	2215.986740	31.784639	0.000311	92.703521	3.1
599	2201.954182	31.883373	0.000311	87.037601	3.0
600	2150.135610	32.194716	0.000309	72.268333	2.8
601	2188.320545	32.327530	0.000308	31.799029	2.3
602	2154.590187	32.347690	0.000308	92.556434	2.4
603	2174.115296	32.336399	0.000308	39.591224	2.4
604	2279.972783	32.329250	0.000308	39.114323	2.4
605	2206.516577	32.329561	0.000308	56.609276	2.4
606	2230.467365	32.333248	0.000308	54.358844	2.4
607	2181.339334	32.346321	0.000308	33.801707	2.4
608	2212.338148	32.347610	0.000308	53.386633	2.4
609	2211.296291	32.340904	0.000308	24.639978	2.4
610	2267.112369	32.343597	0.000308	40.251365	2.3
611	2196.569743	32.339095	0.000308	25.403890	2.3
612	2284.907324	32.344039	0.000308	55.598115	2.4
613	2124.473872	32.338099	0.000308	64.070818	2.1
614	2224.960030	32.333470	0.000308	90.575133	2.1
615	2241.991387	32.419299	0.000308	36.395077	2.1
616	2200.722751	32.463292	0.000307	26.201487	2.0
617	2198.682608	32.463546	0.000307	122.921928	2.1
618	2212.059406	32.453986	0.000307	32.166397	2.0
619	2205.359929	32.493209	0.000307	16.402165	1.9
620	2231.030836	32.490434	0.000307	38.096724	2.0
621	2143.220658	32.488962	0.000307	107.046639	2.0
622	2204.068892	32.481357	0.000307	98.741898	2.0
623	2171.079767	32.571578	0.000307	69.780869	2.2
624	2218.301035	32.555905	0.000307	124.622468	2.1
625	2166.567269	32.927955	0.000305	87.410598	2.2
626	2223.822652	33.521423	0.000301	90.871796	2.2
627	2103.094143	33.504855	0.000301	54.563343	2.2
628	2241.247797	33.491965	0.000302	55.234972	2.2
629	2190.216548	33.480625	0.000302	121.761949	2.2
630	2160.560058	33.505025	0.000301	73.298701	2.2
631	2098.021454	33.488335	0.000302	119.885534	2.2
632	2177.943102	33.561033	0.000301	38.522017	2.1
633	2153.372987	33.593153	0.000301	87.398487	2.0
634	2197.312209	33.623670	0.000301	96.082638	2.0
635	2216.181963	33.715018	0.000300	89.503637	2.0
636	2241.757089	34.003847	0.000299	91.163411	2.0
637	2156.453924	34.228174	0.000298	80.843661	2.0
638	2222.724079	34.211816	0.000298	40.827317	2.0
639	2229.253806	34.201444	0.000298	46.814967	2.0
640	2170.838397	34.210484	0.000298	92.605843	2.0
641	2164.191709	34.196187	0.000298	45.871417	2.0
642	2180.290797	34.214084	0.000298	18.217965	1.9
643	2178.703691	34.216478	0.000298	50.746996	3.0
644	2214.611368	34.213454	0.000298	68.226888	2.5
645	2270.962852	34.257320	0.000297	90.361674	2.0
646	2242.416685	34.244693	0.000297	137.282518	2.2
647	2173.550892	34.977456	0.000294	38.151809	2.1
648	2197.438522	34.971928	0.000294	57.227930	2.1
649	2224.039790	34.968420	0.000294	24.717729	2.1
650	2113.483699	34.967287	0.000294	87.922635	2.0
651	2160.369063	34.979815	0.000294	62.603915	2.0
652	2186.246220	35.040895	0.000293	22.337361	1.9
653	2172.876987	35.048691	0.000293	62.972988	2.0
654	2203.977112	35.051943	0.000293	81.191811	1.9
655	2306.042000	35.138105	0.000293	39.399310	2.0
656	2116.646865	35.127134	0.000293	114.974041	1.9
657	2155.310070	35.174993	0.000293	72.782751	1.9
658	2185.240663	35.517041	0.000291	25.133862	1.9
659	2126.489553	35.530525	0.000291	69.199056	1.9
660	2184.195326	35.536670	0.000291	26.980879	1.9
661	2225.413426	35.536799	0.000291	32.074251	2.1
662	2199.370991	35.533977	0.000291	49.900038	2.0
663	2214.423524	35.531822	0.000291	58.887449	2.1
664	2149.479328	35.519820	0.000291	59.886620	2.1
665	2220.275515	35.564032	0.000291	63.033281	2.1
666	2211.628162	35.580034	0.000290	67.231219	2.1
667	2177.177871	35.586343	0.000290	61.149772	2.0
668	2194.090326	35.581856	0.000290	110.691259	2.0
669	2185.889433	35.768580	0.000289	15.367188	2.0
670	2180.838631	35.776738	0.000289	56.005123	2.0
671	2149.562913	35.774807	0.000289	50.913909	1.9
672	2174.802177	35.791138	0.000289	39.300312	2.0
673	2222.919828	35.782079	0.000289	49.521223	1.8
674	2140.598673	35.781493	0.000289	76.823703	1.8
675	2128.978901	35.768702	0.000289	65.352462	1.9
676	2160.147396	35.765173	0.000289	46.105208	2.3
677	2173.545767	35.757918	0.000290	48.175368	4.6
678	2175.868081	35.751271	0.000290	36.775547	4.4
679	2207.268378	35.742983	0.000290	64.295731	2.5
680	2177.474145	35.766274	0.000289	22.564803	4.0
681	2137.232601	35.776411	0.000289	14.588851	2.5
682	2130.384175	35.777922	0.000289	40.505395	2.8
683	2175.866276	35.778210	0.000289	107.059137	2.7
684	2205.585267	35.849583	0.000289	22.348132	2.8
685	2251.752397	35.845508	0.000289	43.294020	2.7
686	2188.760649	35.845488	0.000289	77.921652	2.1
687	2152.530752	35.835194	0.000289	52.449576	2.2
688	2196.961189	35.878085	0.000289	76.642187	2.1
689	2114.593031	35.864377	0.000289	78.732175	2.1
690	2220.854973	35.871634	0.000289	44.379295	2.2
691	2185.847228	35.858606	0.000289	86.988727	2.4
692	2150.845423	35.893535	0.000289	30.988913	2.3
693	2123.665511	35.883940	0.000289	41.284474	2.3
694	2193.906465	35.892880	0.000289	43.157848	2.3
695	2226.902049	35.895761	0.000289	46.868824	2.5
696	2270.465983	35.913872	0.000289	49.324512	2.5
697	2145.035576	35.903396	0.000289	14.852308	2.5
698	2188.631057	35.901793	0.000289	38.736395	2.3
699	2174.997270	35.900062	0.000289	33.465945	1.9
700	2243.801685	35.895734	0.000289	58.778353	1.9
701	2217.823342	35.904702	0.000289	177.640198	2.0
702	2236.760159	35.918424	0.000289	66.633097	2.0
703	2099.734592	36.336142	0.000287	74.791495	2.0
704	2224.120052	36.322740	0.000287	15.821158	1.9
705	2230.848109	36.331367	0.000287	77.838726	2.0
706	2305.558819	36.336972	0.000287	54.238009	4.3
707	2167.928640	36.403406	0.000286	46.219586	1.9
708	2163.559674	36.415122	0.000286	62.147332	2.2
709	2128.928062	36.425147	0.000286	144.749323	2.2
710	2192.943999	36.699237	0.000285	23.932613	2.3
711	2102.660497	36.708783	0.000285	21.949867	2.2
712	2203.762601	36.710263	0.000285	45.828446	2.0
713	2198.214100	36.705997	0.000285	98.060590	4.5
714	2265.848197	36.719266	0.000285	140.457579	4.5
715	2145.820554	37.523813	0.000281	56.341067	4.4
716	2173.069297	37.825202	0.000279	73.611577	4.2
717	2177.654886	37.894942	0.000279	76.170211	4.3
718	2272.404245	38.030991	0.000278	30.205190	4.3
719	2205.501634	38.032521	0.000278	145.362720	3.7
720	2209.264688	38.038565	0.000278	80.354985	3.2
721	2111.532583	38.025684	0.000278	60.941777	3.1
722	2167.130508	38.016626	0.000278	39.015863	3.0
723	2208.174487	38.013030	0.000278	75.615677	3.2
724	2220.644915	38.041694	0.000278	50.481230	3.3
725	2184.536103	38.031775	0.000278	25.701759	4.4
726	2190.413735	38.032386	0.000278	22.302738	2.8
727	2163.198406	38.033457	0.000278	50.755959	2.6
728	2173.740150	38.039690	0.000278	72.498091	2.4
729	2071.368659	38.048888	0.000278	25.903004	2.0
730	2107.322367	38.063866	0.000278	24.894160	1.9
731	2239.321000	38.067529	0.000278	96.075510	1.9
732	2188.238142	38.092298	0.000278	39.325535	1.9
733	2169.635723	38.144589	0.000278	36.601089	2.0
734	2199.493957	38.137941	0.000278	36.817826	2.0
735	2214.159458	38.134085	0.000278	19.250711	2.0
736	2183.157578	38.130010	0.000278	87.109158	1.9
737	2138.635434	38.141767	0.000278	38.326930	2.0
738	2267.541109	38.162109	0.000278	102.219336	1.9
739	2147.137510	38.166271	0.000278	47.447677	1.9
740	2129.448973	38.246158	0.000277	62.435064	1.9
741	2099.113677	38.234071	0.000277	64.743318	2.0
742	2201.758091	38.298433	0.000277	84.700030	1.9
743	2203.164057	38.287408	0.000277	75.670860	2.0
744	2199.591014	38.409469	0.000277	87.775782	2.0
745	2300.589225	38.408261	0.000277	125.736560	2.1
746	2209.197191	38.895774	0.000274	32.499842	4.4
747	2100.699272	38.909565	0.000274	44.034018	3.6
748	2234.692497	38.916427	0.000274	31.886500	2.5
749	2177.630880	38.921410	0.000274	147.810571	4.5
750	2080.104404	38.917185	0.000274	75.984562	4.5
751	2168.659450	39.505516	0.000272	79.210523	4.3
752	2161.997553	39.491272	0.000272	53.795499	2.8
753	2180.150877	39.500531	0.000272	37.112207	3.4
754	2160.916793	39.517952	0.000272	13.378272	3.4
755	2213.844732	39.518050	0.000272	49.009928	3.4
756	2198.054580	39.516535	0.000272	17.875856	2.6
757	2196.924148	39.517295	0.000272	148.429705	2.6
758	2219.990469	39.527028	0.000271	141.968789	2.6
759	2144.751271	40.491058	0.000267	72.219417	2.6
760	2194.103252	40.986460	0.000265	63.445005	2.3
761	2225.556705	41.001086	0.000265	17.518441	2.3
762	2168.629760	41.000751	0.000265	61.561050	2.4
763	2129.797669	41.000383	0.000265	111.925839	2.3
764	2154.287127	41.126137	0.000265	55.880094	2.1
765	2260.920436	41.252892	0.000264	50.882329	2.1
766	2084.503103	41.241663	0.000264	50.367453	2.0
767	2141.280875	41.266215	0.000264	47.902932	2.1
768	2293.439952	41.280396	0.000264	60.147566	2.1
769	2174.502994	41.287279	0.000264	64.945418	2.0
770	2267.247117	41.324333	0.000264	50.887646	2.1
771	2156.624526	41.312574	0.000264	52.038547	2.0
772	2131.127356	41.314181	0.000264	31.670980	2.1
773	2220.566165	41.314934	0.000264	72.032255	2.1
774	2201.668860	41.304733	0.000264	74.704974	2.3
775	2214.378335	41.424825	0.000263	38.586426	2.3
776	2255.493547	41.449884	0.000263	90.791908	2.5
777	2126.467036	41.494128	0.000263	31.768928	4.4
778	2194.591829	41.509896	0.000263	38.248497	4.4
779	2150.273829	41.516684	0.000263	38.632225	4.2
780	2148.646258	41.527196	0.000263	26.550871	3.1
781	2180.747658	41.530807	0.000263	31.767245	3.2
782	2082.264579	41.536721	0.000263	93.107391	3.1
783	2188.170361	41.549830	0.000263	82.810657	2.7
784	2228.022560	41.654729	0.000262	19.807084	2.7
785	2250.688968	41.648568	0.000262	72.866824	2.7
786	2163.919305	41.642657	0.000262	101.140608	2.7
787	2100.726940	41.710266	0.000262	42.345391	2.3
788	2189.570444	41.774812	0.000262	53.198863	2.3
789	2090.964920	41.768056	0.000262	55.674542	2.3
790	2159.446848	41.763838	0.000262	68.456444	2.4
791	2191.189959	41.816311	0.000262	55.437803	2.5
792	2087.018072	41.808479	0.000262	62.603728	2.5
793	2107.522437	41.797547	0.000262	53.374369	2.4
794	2128.388369	41.832033	0.000262	25.985457	2.4
795	2136.161250	41.840233	0.000262	36.761490	2.5
796	2248.391255	41.842133	0.000261	22.864003	2.6
797	2232.052275	41.840081	0.000262	47.359470	4.5
798	2186.790656	41.841157	0.000262	73.593265	4.6
799	2182.551210	41.839313	0.000262	67.219332	4.5
800	2141.969060	41.935790	0.000261	25.661469	3.8
801	2155.931376	41.951288	0.000261	64.260308	3.6
802	2213.710489	41.960703	0.000261	79.323265	3.6
803	2241.269410	42.016020	0.000261	89.567584	3.5
804	2197.681969	42.196008	0.000260	118.217071	3.5
805	2117.310935	42.781600	0.000258	21.094615	3.5
806	2200.307177	42.782194	0.000258	32.763612	2.7
807	2219.194016	42.779416	0.000258	72.588776	2.7
808	2227.244055	42.803479	0.000258	38.698826	2.7
809	2186.774356	42.831129	0.000257	53.529859	2.5
810	2232.637144	42.851457	0.000257	33.425582	2.3
811	2175.559487	42.858959	0.000257	74.398857	2.4
812	2252.038785	42.852295	0.000257	36.259512	2.4
813	2207.533960	42.878303	0.000257	50.110769	2.6
814	2240.901040	42.884661	0.000257	24.472895	4.4
815	2185.550194	42.881091	0.000257	80.404138	2.2
816	2191.477607	42.897712	0.000257	107.603211	2.2
817	2182.269819	43.263541	0.000256	34.049280	2.4
818	2205.903797	43.256672	0.000256	107.469791	2.5
819	2153.819443	43.263118	0.000256	64.694644	2.4
820	2120.960730	43.490666	0.000255	58.984862	3.6
821	2168.196512	43.483494	0.000255	35.779166	2.5
822	2140.254870	43.496576	0.000255	23.920651	2.5
823	2071.594471	43.491763	0.000255	52.196547	2.5
824	2217.309641	43.485336	0.000255	37.204838	3.5
825	2169.756989	43.491256	0.000255	66.355295	2.0
826	2205.892433	43.482606	0.000255	67.308396	1.9
827	2219.098027	43.561705	0.000255	38.626292	1.9
828	2120.367262	43.550349	0.000255	34.206652	1.9
829	2254.202345	43.545323	0.000255	96.094510	2.1
830	2179.878611	43.573907	0.000254	25.531998	2.0
831	2197.402265	43.563678	0.000255	32.145614	2.0
832	2210.919603	43.566662	0.000255	83.477183	1.9
833	2084.916241	43.565018	0.000255	25.240009	2.2
834	2173.759543	43.556169	0.000255	142.509226	2.2
835	2202.820289	43.562000	0.000255	77.341426	2.0
836	2178.031310	44.019076	0.000253	8.550803	1.9
837	2126.191051	44.020095	0.000253	100.830077	2.2
838	2185.746498	44.025342	0.000253	59.956213	2.0
839	2153.151517	44.052711	0.000253	12.148060	2.0
840	2188.914956	44.051301	0.000253	155.875906	1.9
841	2113.197733	44.059039	0.000253	24.964302	1.9
842	2189.827006	44.069690	0.000253	81.072209	2.0
843	2253.689045	44.062927	0.000253	57.297908	2.1
844	2083.294464	44.128489	0.000252	95.607528	4.6
845	2104.683353	44.124411	0.000252	72.190909	4.5
846	2200.192697	44.133685	0.000252	25.722186	4.4
847	2207.010992	44.125590	0.000252	121.270208	4.5
848	2165.441374	44.116013	0.000252	46.683661	4.0
849	2197.857210	44.163187	0.000252	72.693946	3.3
850	2142.044576	44.196430	0.000252	34.686343	4.0
851	2269.914706	44.195642	0.000252	17.796983	3.8
852	2163.606593	44.192224	0.000252	40.225415	5.0
853	2097.352360	44.190618	0.000252	61.688370	5.3
854	2198.061105	44.180628	0.000252	46.950462	5.4
855	2146.414799	44.182414	0.000252	37.775671	4.2
856	2176.509286	44.191235	0.000252	53.274319	3.8
857	2223.092256	44.198552	0.000252	65.632039	4.8
858	2195.254027	44.249883	0.000252	68.669927	2.6
859	2167.151588	44.235970	0.000252	32.361363	2.6
860	2189.422192	44.257011	0.000252	105.623560	6.7
861	2179.070335	44.249189	0.000252	61.587492	2.8
862	2120.613912	44.405775	0.000251	47.254239	4.8
863	2177.931200	44.404543	0.000251	28.589228	4.7
864	2124.615389	44.409996	0.000251	85.322332	4.7
865	2153.937688	44.403616	0.000251	42.056517	6.1
866	2208.384319	44.416747	0.000251	70.406731	4.3
867	2094.316505	44.430953	0.000251	67.991789	2.4
868	2188.499090	44.482022	0.000251	72.272522	2.3
869	2164.957199	44.467354	0.000251	50.670258	3.6
870	2117.230169	44.467105	0.000251	35.734103	4.0
871	2111.091164	44.464395	0.000251	65.406136	2.6
872	2189.935317	44.481829	0.000251	27.341989	6.4
873	2174.584417	44.484443	0.000251	40.649134	3.1
874	2183.759320	44.478726	0.000251	90.024157	4.0
875	2214.198722	44.492696	0.000251	177.066007	3.4
876	2214.324118	45.425236	0.000247	83.597109	3.4
877	2142.100006	46.271766	0.000244	99.526125	3.3
878	2206.070590	46.260962	0.000244	104.310149	4.0
879	2079.170428	46.388210	0.000244	29.301712	2.8
880	2196.038626	46.398401	0.000244	24.680445	2.9
881	2150.729667	46.396743	0.000244	122.301239	3.0
882	2163.513002	46.386219	0.000244	69.106195	2.6
883	2174.464642	46.711836	0.000243	47.616181	2.6
884	2114.242768	46.713542	0.000243	60.883926	2.5
885	2207.006754	46.732223	0.000243	24.850396	2.2
886	2149.483296	46.736322	0.000243	38.704350	6.6
887	2144.109478	46.739840	0.000243	57.708150	2.6
888	2152.304769	46.762472	0.000243	48.536374	3.1
889	2131.699534	46.784597	0.000242	66.534741	2.5
890	2191.143509	46.794601	0.000242	90.116339	2.5
891	2188.709197	46.936856	0.000242	77.789078	4.2
892	2110.878593	47.011983	0.000242	54.938503	5.3
893	2185.036771	46.998774	0.000242	37.761285	2.4
894	2135.884072	46.997400	0.000242	70.816328	2.4
895	2198.783914	46.987420	0.000242	48.417949	3.3
896	2190.968836	46.996893	0.000242	83.113933	4.6
897	2165.907270	47.058424	0.000241	35.880044	4.3
898	2149.120005	47.098600	0.000241	66.576449	3.4
899	2144.326894	47.094669	0.000241	85.452134	4.4
900	2167.436284	47.082993	0.000241	163.060355	4.2
901	2193.699130	47.929010	0.000238	32.023217	3.6
902	2112.464165	47.992253	0.000238	49.909745	3.3
903	2119.861253	47.986903	0.000238	59.131470	4.1
904	2143.250156	48.025349	0.000238	29.085986	4.4
905	2143.105051	48.016954	0.000238	27.949459	4.4
906	2184.411449	48.020924	0.000238	12.068257	4.1
907	2217.260859	48.020391	0.000238	48.061889	3.3
908	2230.687623	48.020881	0.000238	105.720746	3.3
909	2162.661265	48.040457	0.000238	47.294711	5.1
910	2225.040531	48.053767	0.000238	29.362300	4.4
911	2175.809308	48.065488	0.000238	42.788456	3.4
912	2217.599626	48.072959	0.000238	77.468104	3.5
913	2205.651055	48.090826	0.000238	19.614832	4.8
914	2066.453977	48.090688	0.000238	60.840347	5.0
915	2201.351793	48.095707	0.000238	32.023287	4.7
916	2214.214363	48.092875	0.000238	25.994547	4.5
917	2246.717008	48.097553	0.000238	66.341576	4.4
918	2193.858199	48.105531	0.000238	93.553777	4.9
919	2282.469465	48.227088	0.000237	45.544748	5.2
920	2095.843016	48.278819	0.000237	37.793151	4.9
921	2165.965953	48.274102	0.000237	47.741811	3.4
922	2265.630362	48.271852	0.000237	68.970645	3.1
923	2097.806795	48.260524	0.000237	28.982954	2.5
924	2151.952796	48.272940	0.000237	61.926266	2.8
925	2179.529678	48.265118	0.000237	10.352719	3.8
926	2124.569219	48.268656	0.000237	13.318569	2.4
927	2117.922731	48.269403	0.000237	32.770610	5.1
928	2154.384769	48.271089	0.000237	43.139019	5.3
929	2148.032720	48.267734	0.000237	75.816415	3.1
930	2193.601241	48.291688	0.000237	50.627079	2.9
931	2244.536720	48.282051	0.000237	85.767949	3.9
932	2119.026509	48.277039	0.000237	62.074209	5.2
933	2215.292016	48.321333	0.000237	12.652323	4.0
934	2136.554155	48.319371	0.000237	48.069009	3.2
935	2202.978421	48.318401	0.000237	89.500910	3.5
936	2147.476857	48.304726	0.000237	49.915097	3.2
937	2192.362176	48.300753	0.000237	95.502993	10.0
938	2176.970698	48.373898	0.000237	9.795484	3.5
939	2227.820269	48.372108	0.000237	51.358479	5.2
940	2186.125650	48.373416	0.000237	59.831917	2.9
941	2215.104142	48.394650	0.000237	75.866869	3.2
942	2219.698355	48.386225	0.000237	87.958729	5.4
943	2243.844455	48.484287	0.000236	55.502139	2.7
944	2190.705312	48.539023	0.000236	88.538783	3.1
945	2156.915364	48.574166	0.000236	31.417313	2.6
946	2074.261107	48.607489	0.000236	79.515204	2.8
947	2221.065093	48.598826	0.000236	87.314502	2.7
948	2279.465827	48.583986	0.000236	50.878659	2.6
949	2181.756376	48.569712	0.000236	50.847327	2.7
950	2287.829420	48.599416	0.000236	46.445791	2.8
951	2247.837048	48.588749	0.000236	113.327374	2.8
952	2179.395268	48.590932	0.000236	56.241209	2.8
953	2199.273596	48.764377	0.000236	54.542578	4.7
954	2113.884375	48.754225	0.000236	38.168473	7.6
955	2210.341842	48.766847	0.000236	72.831974	2.7
956	2150.841829	48.755912	0.000236	32.893659	2.7
957	2153.724832	48.756463	0.000236	34.831783	3.3
958	2146.940891	48.762828	0.000236	61.004699	3.2
959	2110.510430	48.759517	0.000236	57.437628	2.6
960	2211.787149	48.795047	0.000235	88.094692	2.5
961	2152.977712	48.780149	0.000235	42.042707	2.5
962	2224.061741	48.767580	0.000236	36.523921	4.1
963	2182.460705	48.764074	0.000236	27.309698	2.3
964	2120.320636	48.769221	0.000236	48.106796	2.4
965	2167.612378	48.762225	0.000236	86.213409	2.2
966	2211.250151	48.812989	0.000235	21.866666	3.4
967	2132.364286	48.815982	0.000235	58.903294	5.9
968	2250.421817	48.808986	0.000235	37.188707	2.5
969	2125.157710	48.818302	0.000235	37.371915	5.3
970	2255.514451	48.828118	0.000235	103.977570	2.8
971	2164.182543	48.816214	0.000235	19.570347	3.0
972	2107.107283	48.835012	0.000235	13.265924	2.9
973	2241.011182	48.834317	0.000235	58.861283	2.8
974	2169.766251	48.837550	0.000235	50.800217	4.9
975	2151.709820	48.856790	0.000235	20.220975	4.4
976	2134.764896	48.853654	0.000235	46.061184	4.3
977	2195.364656	48.853467	0.000235	16.311888	4.4
978	2200.145513	48.854237	0.000235	27.402965	3.5
979	2189.736610	48.853847	0.000235	25.115790	3.3
980	2122.995631	48.853048	0.000235	90.846803	7.1
981	2172.442521	48.844511	0.000235	68.121451	4.6
982	2144.311028	48.958257	0.000235	87.006499	4.6
983	2220.406054	48.942783	0.000235	63.937936	4.6
984	2180.925480	48.960396	0.000235	100.434990	4.7
985	2172.452840	48.957541	0.000235	56.857925	3.0
986	2215.055308	48.942490	0.000235	90.966030	3.8
987	2293.799959	48.974967	0.000235	28.398103	3.1
988	2283.533339	48.963931	0.000235	30.353086	3.1
989	2213.437939	48.967758	0.000235	59.334377	4.6
990	2171.912235	48.971403	0.000235	69.510818	4.2
991	2197.169990	48.995081	0.000235	39.544347	2.5
992	2204.282202	48.995090	0.000235	81.496965	2.4
993	2170.215968	49.029762	0.000235	63.726766	2.7
994	2195.098797	49.047024	0.000235	76.567120	2.5
995	2242.129469	49.032309	0.000235	111.930072	5.6
996	2148.183010	49.398481	0.000233	20.321970	7.6
997	2147.995480	49.394589	0.000233	80.806070	4.0
998	2201.678626	49.388867	0.000233	34.674426	2.8
999	2212.697151	49.400849	0.000233	67.532424	5.1
1000	2217.544096	49.425439	0.000233	87.607475	3.2
1001	2250.542334	49.484276	0.000233	31.536216	3.7
1002	2162.082703	49.499555	0.000233	122.505990	2.9
1003	2242.385736	49.516854	0.000233	50.396976	3.0
1004	2131.524890	49.642841	0.000233	28.431325	3.2
1005	2146.377109	49.655010	0.000233	74.696466	3.3
1006	2174.417442	49.645301	0.000233	198.709282	2.8
1007	2255.697830	50.520324	0.000230	18.241766	5.2
1008	2204.148395	50.519602	0.000230	15.387867	4.4
1009	2187.663201	50.519774	0.000230	55.285982	2.6
1010	2133.645228	50.515529	0.000230	74.827322	2.5
1011	2160.910679	50.511581	0.000230	57.120814	2.5
1012	2237.457128	50.561173	0.000230	59.777809	4.2
1013	2278.359247	50.556002	0.000230	36.313705	2.5
1014	2130.881848	50.557372	0.000230	63.061953	2.9
1015	2148.629648	50.560788	0.000230	142.180941	2.9
1016	2254.781499	50.812990	0.000229	153.016756	6.4
1017	2187.747702	51.802005	0.000226	30.003654	4.6
1018	2197.222861	51.788587	0.000226	16.307853	4.1
1019	2152.134017	51.787755	0.000226	40.757758	4.1
1020	2245.537557	51.785084	0.000226	66.964665	3.8
1021	2142.837847	51.774152	0.000226	63.148237	3.7
1022	2131.902153	51.817129	0.000226	43.780201	3.3
1023	2221.567058	51.805618	0.000226	100.586009	2.7
1024	2137.166778	51.880051	0.000225	69.339799	2.8
1025	2166.606760	51.864046	0.000226	50.204114	2.8
1026	2185.486820	51.887203	0.000225	100.081035	4.8
1027	2151.779138	51.893842	0.000225	70.062733	2.3
1028	2188.755840	51.878236	0.000225	40.138717	2.2
1029	2126.632115	51.907278	0.000225	96.828278	2.8
1030	2168.545720	51.895100	0.000225	53.179292	2.4
1031	2208.826699	51.920216	0.000225	67.403663	2.5
1032	2260.741284	51.955997	0.000225	65.492364	2.4
1033	2156.939249	51.941987	0.000225	27.498065	2.4
1034	2162.269924	51.959377	0.000225	43.203057	3.0
1035	2179.909051	51.954929	0.000225	63.259358	5.2
1036	2178.650190	51.946591	0.000225	54.030872	4.8
1037	2202.354515	51.946016	0.000225	36.530120	2.0
1038	2173.995679	51.950364	0.000225	32.529470	2.3
1039	2244.423498	51.951376	0.000225	55.236433	4.7
1040	2211.058814	51.968566	0.000225	73.353835	5.0
1041	2190.550491	51.988912	0.000225	15.341142	4.1
1042	2134.831454	51.983651	0.000225	43.470644	3.6
1043	2206.306141	51.988467	0.000225	87.538830	4.3
1044	2161.153030	52.013686	0.000225	28.225129	2.8
1045	2193.474262	52.005252	0.000225	55.899584	2.8
1046	2126.689842	52.005050	0.000225	93.525719	3.1
1047	2225.197096	52.111048	0.000225	47.384523	2.7
1048	2184.150975	52.097683	0.000225	60.935631	2.4
1049	2246.358422	52.087861	0.000225	27.612074	5.5
1050	2130.714425	52.092521	0.000225	72.981182	2.6
1051	2175.355209	52.084839	0.000225	31.299408	3.2
1052	2177.409256	52.077081	0.000225	46.704453	5.9
1053	2207.950316	52.087135	0.000225	29.952757	3.1
1054	2244.696923	52.099903	0.000225	15.227072	3.0
1055	2149.647761	52.102683	0.000225	37.129659	3.6
1056	2239.917504	52.103185	0.000225	68.117584	4.2
1057	2198.109232	52.093851	0.000225	56.505431	4.3
1058	2188.363131	52.122486	0.000225	32.455799	3.6
1059	2212.744002	52.115232	0.000225	34.802144	2.6
1060	2189.718770	52.109083	0.000225	38.155564	2.8
1061	2177.939844	52.105751	0.000225	43.087935	4.1
1062	2177.194117	52.104355	0.000225	50.848532	2.6
1063	2139.474922	52.118636	0.000225	25.114371	4.1
1064	2218.577649	52.115143	0.000225	31.226159	3.6
1065	2103.752656	52.110750	0.000225	18.945564	2.6
1066	2151.453524	52.112829	0.000225	37.471338	3.0
1067	2226.074161	52.113327	0.000225	29.150010	3.6
1068	2189.476794	52.119839	0.000225	26.154272	2.8
1069	2187.065518	52.118088	0.000225	33.312640	3.6
1070	2177.151077	52.122299	0.000225	78.977175	3.4
1071	2218.584252	52.121875	0.000225	33.200755	2.9
1072	2217.880523	52.136063	0.000225	69.960303	2.7
1073	2229.736220	52.127146	0.000225	31.350482	2.6
1074	2157.256289	52.136337	0.000225	69.190203	3.7
1075	2183.159821	52.127632	0.000225	51.839283	2.6
1076	2194.499286	52.121682	0.000225	108.181938	4.2
1077	2243.786466	52.203507	0.000224	8.527228	2.4
1078	2188.295573	52.211105	0.000224	72.434051	2.4
1079	2191.904363	52.214711	0.000224	57.405812	2.4
1080	2134.561828	52.267183	0.000224	60.326883	2.5
1081	2212.017598	52.275203	0.000224	28.288871	4.0
1082	2189.310477	52.267652	0.000224	60.330412	4.6
1083	2219.740876	52.280400	0.000224	68.800052	2.7
1084	2191.423264	52.277649	0.000224	119.050994	6.0
1085	2183.859814	52.262960	0.000224	36.827741	4.7
1086	2262.335031	52.265982	0.000224	58.067002	3.3
1087	2180.197575	52.259146	0.000224	128.243008	3.3
1088	2202.228880	52.456395	0.000224	71.558941	3.2
1089	2211.977528	52.501602	0.000224	64.069125	5.2
1090	2162.593920	52.487528	0.000224	29.520948	3.1
1091	2241.427044	52.482324	0.000224	34.330011	2.9
1092	2134.747196	52.477351	0.000224	66.440799	3.1
1093	2265.700427	52.487109	0.000224	71.438319	3.0
1094	2210.957208	52.535104	0.000223	38.729815	7.1
1095	2148.343015	52.524041	0.000224	21.150052	4.9
1096	2276.585922	52.520192	0.000224	14.082153	2.5
1097	2128.678481	52.520209	0.000224	46.170684	2.0
1098	2177.910955	52.522106	0.000224	48.371411	2.0
1099	2249.052895	52.544372	0.000223	20.307932	5.3
1100	2152.642883	52.545903	0.000223	37.482979	5.1
1101	2130.812612	52.542029	0.000223	55.846267	2.1
1102	2148.319572	52.542855	0.000223	93.150732	2.4
1103	2197.032829	52.528850	0.000223	140.587957	3.1
1104	2178.524813	52.521358	0.000224	77.602079	2.7
1105	2186.468766	52.720877	0.000223	92.367357	4.4
1106	2202.176408	52.705393	0.000223	47.627119	2.1
1107	2159.729845	52.691139	0.000223	31.532480	1.8
1108	2192.646110	52.693325	0.000223	25.983571	1.8
1109	2137.112653	52.694541	0.000223	28.207341	1.8
1110	2165.385242	52.696389	0.000223	22.991194	1.9
1111	2049.182644	52.694345	0.000223	23.307665	6.1
1112	2143.912880	52.697725	0.000223	51.161287	4.7
1113	2190.354795	52.699072	0.000223	53.131156	4.4
1114	2172.139920	52.697872	0.000223	37.334409	1.9
1115	2135.139277	52.691577	0.000223	150.178763	6.2
1116	2240.723600	52.692845	0.000223	20.419353	2.0
1117	2186.701426	52.688132	0.000223	61.146458	5.0
1118	2219.560074	52.682514	0.000223	104.046944	2.7
1119	2179.296287	52.777465	0.000223	28.478142	2.3
1120	2232.677432	52.774573	0.000223	33.575492	4.7
1121	2197.008488	52.775379	0.000223	24.214637	2.6
1122	2188.309896	52.771802	0.000223	64.331733	2.6
1123	2141.891948	52.778126	0.000223	104.099480	4.9
1124	2211.109153	52.895566	0.000222	92.631258	2.7
1125	2166.640209	52.892368	0.000222	29.393292	2.8
1126	2148.136773	52.884803	0.000222	93.462641	5.4
1127	2215.648576	52.886037	0.000222	44.971684	3.4
1128	2172.089324	52.939966	0.000222	24.953744	3.5
1129	2169.971869	52.948139	0.000222	74.708567	4.4
1130	2054.079948	52.939278	0.000222	18.931552	4.3
1131	2176.408121	52.948835	0.000222	51.070599	4.0
1132	2151.641150	52.953140	0.000222	38.831366	3.3
1133	2232.727298	52.952663	0.000222	44.932450	3.3
1134	2205.002970	52.944360	0.000222	79.257541	2.8
1135	2218.460277	52.966597	0.000222	52.616640	6.2
1136	2200.969558	53.033588	0.000222	47.450375	3.5
1137	2153.075284	53.038865	0.000222	20.723986	3.6
1138	2155.580223	53.037018	0.000222	81.279348	4.1
1139	2217.397282	53.041172	0.000222	37.122868	4.7
1140	2196.614012	53.032301	0.000222	51.387035	4.6
1141	2183.556000	53.024984	0.000222	29.812786	4.0
1142	2230.062351	53.026008	0.000222	81.703457	4.0
1143	2223.169853	53.018105	0.000222	59.418029	3.5
1144	2149.941270	53.008861	0.000222	41.309535	3.1
1145	2278.551298	53.028987	0.000222	93.132106	4.3
1146	2151.241141	53.019328	0.000222	96.140727	4.7
1147	2197.539449	53.198066	0.000221	43.140652	4.6
1148	2146.774708	53.184911	0.000222	64.926421	4.6
1149	2147.553517	53.218755	0.000221	53.263318	2.9
1150	2211.610809	53.255466	0.000221	114.339974	2.7
1151	2233.268634	53.398776	0.000221	18.650842	3.2
1152	2226.794213	53.394140	0.000221	33.634266	3.7
1153	2163.225590	53.392850	0.000221	25.517231	4.4
1154	2179.408307	53.393316	0.000221	29.125351	6.0
1155	2103.834695	53.392084	0.000221	56.808637	3.9
1156	2241.723312	53.393298	0.000221	80.968766	4.8
1157	2191.676118	53.381502	0.000221	56.093104	4.6
1158	2146.528835	53.448746	0.000221	63.507767	7.2
1159	2241.944206	53.438237	0.000221	93.746301	5.2
1160	2175.651317	53.427780	0.000221	102.484489	4.3
1161	2157.637878	53.691951	0.000220	57.420985	4.2
1162	2273.411186	53.676289	0.000220	145.835396	3.8
1163	2194.153143	53.984359	0.000219	46.140609	4.7
1164	2183.207662	53.972609	0.000219	100.141740	3.9
1165	2148.700887	54.046553	0.000219	10.993108	4.0
1166	2209.392544	54.044139	0.000219	63.945987	4.0
1167	2214.064301	54.044297	0.000219	61.336308	3.1
1168	2217.342412	54.098255	0.000219	56.208070	3.0
1169	2175.201212	54.145962	0.000219	70.822623	3.0
1170	2076.124898	54.154124	0.000219	42.243736	2.6
1171	2098.428132	54.144374	0.000219	104.476351	2.5
1172	2213.650762	54.172808	0.000219	137.665006	7.8
1173	2223.718783	54.901822	0.000217	33.567505	4.5
1174	2240.838941	54.933432	0.000216	15.649869	4.3
1175	2139.991983	54.930995	0.000216	63.787797	4.6
1176	2140.006168	54.929917	0.000216	76.757998	4.2
1177	2198.757193	55.007448	0.000216	20.940892	4.1
1178	2165.164645	55.000363	0.000216	23.512644	3.4
1179	2168.636345	55.003913	0.000216	78.203128	3.5
1180	2176.645689	54.999191	0.000216	124.712334	3.5
1181	2237.443522	55.499209	0.000215	21.937534	3.2
1182	2146.062313	55.515894	0.000215	46.706743	3.2
1183	2152.318921	55.519269	0.000215	44.337571	2.4
1184	2164.247248	55.530822	0.000215	40.955213	3.7
1185	2208.476486	55.530913	0.000215	39.153156	3.3
1186	2123.495993	55.543078	0.000215	8.206534	2.6
1187	2200.038849	55.542824	0.000215	36.142686	2.5
1188	2250.391063	55.542149	0.000215	95.971465	2.8
1189	2173.993279	55.530389	0.000215	112.771813	2.4
1190	2056.861885	55.971221	0.000213	46.682625	2.8
1191	2167.698642	55.959335	0.000214	160.978238	2.8
1192	2274.652055	55.960297	0.000214	100.287802	3.0
1193	2170.023670	56.865347	0.000211	69.033653	2.8
1194	2180.217003	56.849617	0.000211	94.740852	4.6
1195	2256.442547	57.020336	0.000211	63.877580	3.2
1196	2202.672404	57.010197	0.000211	26.716034	5.1
1197	2158.882646	57.002032	0.000211	91.628985	5.4
1198	2155.318643	57.028332	0.000211	91.608265	5.1
1199	2217.698714	57.012010	0.000211	22.824964	4.7
1200	2243.965185	57.006877	0.000211	63.112636	3.6
1201	2251.722101	57.012560	0.000211	26.162161	3.6
1202	2166.370478	57.009389	0.000211	65.262026	3.9
1203	2309.106554	57.022511	0.000211	45.472302	3.1
1204	2206.494148	57.053035	0.000211	71.235416	3.6
1205	2279.640163	57.040473	0.000211	51.542650	4.5
1206	2177.698460	57.035781	0.000211	23.608247	2.9
1207	2140.070612	57.042487	0.000211	108.621109	3.6
1208	2133.299322	57.031690	0.000211	38.724025	2.6
1209	2225.548293	57.089504	0.000210	32.810343	3.0
1210	2117.266614	57.087036	0.000210	91.092349	3.1
1211	2228.556802	57.075838	0.000210	57.685550	2.4
1212	2214.013158	57.061024	0.000211	49.393304	2.4
1213	2191.348785	57.056069	0.000211	70.411260	2.3
1214	2183.979855	57.044327	0.000211	32.534061	4.9
1215	2123.384051	57.037645	0.000211	63.839848	2.5
1216	2097.413780	57.037038	0.000211	40.447152	2.5
1217	2142.826821	57.063041	0.000211	42.148069	4.3
1218	2142.140099	57.073082	0.000210	58.574036	5.8
1219	2108.652078	57.063614	0.000211	90.665908	2.5
1220	2176.979733	57.056127	0.000211	101.316893	2.7
1221	2215.269253	57.346751	0.000210	22.360290	3.1
1222	2156.134711	57.339170	0.000210	80.612380	3.4
1223	2129.509561	57.337823	0.000210	53.642549	3.1
1224	2123.406515	57.375879	0.000210	46.348312	3.3
1225	2215.693207	57.366815	0.000210	22.699735	3.5
1226	2109.896397	57.371803	0.000210	108.644448	3.2
1227	2165.344379	57.380905	0.000210	83.755570	4.0
1228	2143.401151	57.392501	0.000210	91.955770	4.6
1229	2100.275750	57.450922	0.000209	90.263371	4.5
1230	2204.014384	57.439792	0.000209	63.691724	4.0
1231	2149.095909	57.538607	0.000209	35.096437	4.2
1232	2224.621049	57.533138	0.000209	22.736093	4.4
1233	2123.942378	57.533703	0.000209	127.708778	4.3
1234	2138.243078	57.558022	0.000209	74.827699	3.3
1235	2126.938260	57.961826	0.000208	37.667403	3.1
1236	2193.357440	57.961576	0.000208	48.341175	3.3
1237	2248.249859	57.953009	0.000208	34.254538	4.7
1238	2141.428632	57.950153	0.000208	77.960966	4.7
1239	2197.903572	57.975314	0.000208	53.855015	4.7
1240	2244.124138	57.977403	0.000208	59.002493	4.7
1241	2164.469794	57.978645	0.000208	70.327456	3.7
1242	2149.310049	58.028646	0.000208	119.560676	3.4
1243	2217.483820	58.038743	0.000208	56.124900	3.3
1244	2197.665787	58.209718	0.000207	45.307690	3.1
1245	2300.265126	58.198594	0.000207	83.676809	3.1
1246	2233.728839	58.185098	0.000208	97.295044	3.1
1247	2158.570621	58.313653	0.000207	43.780705	2.9
1248	2238.808594	58.385609	0.000207	30.703733	5.2
1249	2138.081258	58.390683	0.000207	81.513281	2.6
1250	2215.700518	58.388994	0.000207	136.619067	2.7
1251	2123.513120	58.654710	0.000206	41.409060	2.7
1252	2220.237980	58.650016	0.000206	70.717330	3.2
1253	2217.001327	58.685517	0.000206	54.128121	5.0
1254	2173.323285	58.742943	0.000206	29.911314	5.9
1255	2156.245236	58.752340	0.000206	138.472338	4.9
1256	2165.556949	58.742709	0.000206	68.827579	4.6
1257	2143.956538	59.154874	0.000205	28.208877	4.2
1258	2192.792000	59.145979	0.000205	29.834650	3.8
1259	2216.192693	59.141737	0.000205	48.201256	4.0
1260	2166.979592	59.155236	0.000205	74.438038	3.7
1261	2230.395623	59.176875	0.000205	38.621571	3.5
1262	2213.416392	59.168482	0.000205	53.561664	3.4
1263	2173.186780	59.158699	0.000205	73.668268	6.2
1264	2167.299950	59.178048	0.000205	33.324290	4.7
1265	2130.077121	59.204759	0.000205	61.696823	4.6
1266	2153.729644	59.195473	0.000205	49.260309	3.9
1267	2115.807472	59.185568	0.000205	63.524667	2.6
1268	2206.714368	59.178019	0.000205	75.740144	3.8
1269	2136.542058	59.227386	0.000205	35.517934	2.3
1270	2236.264597	59.217428	0.000205	54.305515	5.6
1271	2260.219859	59.218541	0.000205	27.556866	3.4
1272	2149.227091	59.225365	0.000205	11.856749	2.5
1273	2153.079188	59.223640	0.000205	46.520848	2.8
1274	2242.226927	59.227110	0.000205	84.438697	3.4
1275	2146.068317	59.241113	0.000205	23.999324	2.7
1276	2140.621624	59.252161	0.000205	63.341503	2.5
1277	2152.980415	59.247038	0.000205	42.650257	2.8
1278	2135.124617	59.240357	0.000205	30.833499	3.8
1279	2194.338606	59.251367	0.000205	90.713737	3.8
1280	2173.068279	59.250015	0.000205	51.969772	5.2
1281	2215.505024	59.241931	0.000205	56.484342	7.0
1282	2159.501083	59.278639	0.000205	26.730762	3.4
1283	2148.079636	59.291419	0.000205	39.440505	3.6
1284	2173.948365	59.285977	0.000205	56.457609	4.8
1285	2162.096560	59.277234	0.000205	99.264447	4.8
1286	2180.000104	59.401677	0.000204	60.413791	4.6
1287	2227.742593	59.402892	0.000204	27.046268	4.5
1288	2147.434676	59.411615	0.000204	20.530393	3.9
1289	2196.844336	59.409684	0.000204	60.402609	4.0
1290	2150.357890	59.413669	0.000204	35.055893	3.8
1291	2238.456028	59.434863	0.000204	73.483475	3.5
1292	2153.700477	59.459997	0.000204	71.801999	4.4
1293	2168.242947	59.495833	0.000204	47.574702	3.7
1294	2145.069374	59.491159	0.000204	50.029767	3.4
1295	2119.937063	59.485353	0.000204	39.280616	3.4
1296	2111.866938	59.483697	0.000204	9.789592	3.7
1297	2180.522926	59.483471	0.000204	87.270989	3.0
1298	2071.698408	59.481765	0.000204	41.995254	3.0
1299	2230.290368	59.468544	0.000204	30.425667	2.7
1300	2158.950921	59.468738	0.000204	79.158114	2.7
1301	2172.728099	59.459929	0.000204	23.581573	4.3
1302	2190.677366	59.469991	0.000204	102.310043	4.2
1303	2197.315236	59.462871	0.000204	161.066173	2.5
1304	2231.414704	59.445915	0.000204	86.841595	4.5
1305	2170.385661	59.600271	0.000204	58.156878	2.8
1306	2205.143729	59.605419	0.000204	23.652734	5.8
1307	2260.238097	59.598643	0.000204	86.565168	3.4
1308	2101.074827	59.613599	0.000204	51.731501	4.6
1309	2139.589708	59.669307	0.000204	45.190022	4.3
1310	2195.967781	59.685863	0.000204	50.358953	4.1
1311	2121.864303	59.707772	0.000204	39.719724	5.2
1312	2105.331614	59.713519	0.000204	85.168745	2.9
1313	2177.447392	59.756583	0.000203	58.060310	3.0
1314	2104.968507	59.778754	0.000203	78.728561	4.2
1315	2144.335821	59.829594	0.000203	84.321550	4.4
1316	2228.058489	60.017029	0.000203	34.075216	3.9
1317	2135.991109	60.053272	0.000203	12.823265	3.1
1318	2160.156976	60.051604	0.000203	68.252250	3.2
1319	2058.057488	60.056862	0.000203	32.557888	3.3
1320	2158.245925	60.064977	0.000203	59.607897	2.9
1321	2188.816204	60.084671	0.000203	94.004541	4.4
1322	2144.965200	60.070941	0.000203	21.727642	3.3
1323	2202.354501	60.090702	0.000203	84.782938	2.9
1324	2216.249861	60.091426	0.000203	87.050856	2.4
1325	2171.614230	60.075835	0.000203	76.313244	2.2
1326	2097.180841	60.110748	0.000203	122.210746	3.9
1327	2153.970089	60.221166	0.000202	69.336786	3.4
1328	2195.481717	60.208925	0.000202	53.639347	4.6
1329	2122.132688	60.261386	0.000202	85.144426	2.4
1330	2225.676699	60.323956	0.000202	58.967719	2.3
1331	2142.435914	60.309785	0.000202	54.798358	2.3
1332	2212.362723	60.346429	0.000202	57.431059	6.1
1333	2169.978495	60.369675	0.000202	83.926852	3.4
1334	2236.192628	60.361009	0.000202	62.303113	2.8
1335	2184.960741	60.474950	0.000202	69.168379	2.7
1336	2186.541466	60.475044	0.000202	29.147660	2.5
1337	2142.927944	60.470334	0.000202	26.173319	2.9
1338	2158.337601	60.474939	0.000202	66.512546	2.2
1339	2203.386189	60.473002	0.000202	55.692383	2.0
1340	2136.279043	60.523513	0.000202	6.488912	4.0
1341	2138.197394	60.522222	0.000202	63.381971	4.6
1342	2121.284984	60.521992	0.000202	74.779388	2.4
1343	2092.978675	60.522895	0.000202	62.734579	2.5
1344	2133.112783	60.511894	0.000202	30.579709	2.8
1345	2163.400311	60.512281	0.000202	100.337647	3.5
1346	2221.866547	60.512682	0.000202	64.453416	2.4
1347	2165.697061	60.532793	0.000202	121.857681	5.3
1348	2229.657978	60.777118	0.000201	57.298049	2.7
1349	2201.511957	60.887463	0.000201	36.225473	2.9
1350	2181.808176	60.878730	0.000201	93.877834	4.1
1351	2179.690598	60.873737	0.000201	29.799613	3.1
1352	2152.443021	60.865848	0.000201	49.783159	3.1
1353	2166.580608	60.858670	0.000201	61.493882	4.4
1354	2175.695911	60.851381	0.000201	37.311136	3.9
1355	2226.493132	60.844187	0.000201	59.211027	3.7
1356	2156.418254	60.835258	0.000201	86.363383	3.4
1357	2184.180552	60.835010	0.000201	24.941452	3.0
1358	2211.100667	60.829029	0.000201	41.758032	2.9
1359	2241.250898	60.825059	0.000201	47.190905	3.0
1360	2145.496053	60.816007	0.000201	25.303555	2.4
1361	2173.457871	60.809458	0.000201	76.124929	2.4
1362	2106.991340	60.800162	0.000201	27.354614	2.9
1363	2320.668753	60.821313	0.000201	63.436644	3.9
1364	2179.263449	60.817956	0.000201	67.800133	4.0
1365	2118.802217	60.896648	0.000201	41.731018	2.6
1366	2116.891152	60.885847	0.000201	35.509074	5.6
1367	2104.894908	60.878205	0.000201	52.713121	4.6
1368	2179.007738	60.896598	0.000201	62.684005	4.8
1369	2148.857398	60.912348	0.000201	116.556800	7.0
1370	2137.173101	61.137222	0.000200	66.490652	4.7
1371	2162.151367	61.412790	0.000199	43.962511	4.2
1372	2136.303811	61.423366	0.000199	37.767842	3.5
1373	2167.840599	61.429322	0.000199	57.377429	7.0
1374	2211.006485	61.422644	0.000199	60.415852	5.7
1375	2207.805258	61.414339	0.000199	91.721469	5.9
1376	2230.499273	61.550890	0.000199	23.277336	3.4
1377	2211.611531	61.570121	0.000199	48.334527	3.5
1378	2184.694103	61.564561	0.000199	153.014548	3.5
1379	2186.280647	61.649761	0.000199	127.941083	3.0
1380	2196.764045	62.630112	0.000196	42.666511	3.1
1381	2196.323156	62.724627	0.000196	67.134142	3.2
1382	2182.501213	62.717032	0.000196	22.334954	4.2
1383	2175.260584	62.721758	0.000196	39.492391	3.1
1384	2256.320770	62.717786	0.000196	58.355065	3.2
1385	2195.273516	62.733332	0.000196	84.722815	5.5
1386	2132.453995	62.734290	0.000196	60.204412	2.2
1387	2145.096333	62.832252	0.000196	110.069867	2.1
1388	2187.673845	62.850042	0.000196	60.461961	3.7
1389	2143.783522	62.898014	0.000196	55.294090	3.9
1390	2325.422242	62.934464	0.000196	86.071790	2.6
1391	2151.885095	62.957639	0.000196	64.699180	2.3
1392	2227.658600	62.942267	0.000196	55.552808	2.0
1393	2249.781597	62.990333	0.000196	18.773937	4.8
1394	2221.861222	62.992643	0.000196	24.689914	2.0
1395	2113.884781	62.993533	0.000196	63.996451	2.1
1396	2160.806093	62.990721	0.000196	141.021197	2.0
1397	2135.338779	63.336947	0.000195	22.992038	2.1
1398	2183.122122	63.366932	0.000195	32.844497	2.1
1399	2123.876715	63.364640	0.000195	12.555219	2.0
1400	2241.278208	63.363803	0.000195	103.348913	2.1
1401	2283.710298	63.357832	0.000195	110.819351	2.1
1402	2219.742397	63.340851	0.000195	59.242080	2.0
1403	2172.590470	63.420381	0.000195	68.713126	2.6
1404	2211.260172	63.407282	0.000195	121.755114	3.4
1405	2146.836308	63.399111	0.000195	103.351488	1.9
1406	2234.087629	64.119986	0.000193	33.122144	3.3
1407	2136.685782	64.109685	0.000193	24.347123	5.1
1408	2164.303518	64.112399	0.000193	79.040758	3.6
1409	2159.764840	64.109761	0.000193	61.433247	5.4
1410	2173.404592	64.185716	0.000193	31.672772	4.6
1411	2138.848381	64.178613	0.000193	54.397611	4.6
1412	2151.936478	64.192647	0.000193	39.482099	4.5
1413	2250.199396	64.210636	0.000193	32.775761	4.3
1414	2153.313931	64.219209	0.000193	74.341916	4.3
1415	2134.516847	64.209183	0.000193	82.781157	4.2
1416	2141.054118	64.201080	0.000193	14.164027	4.6
1417	2202.152421	64.195673	0.000193	17.076866	3.2
1418	2074.609095	64.194864	0.000193	64.165086	5.0
1419	2172.809803	64.199073	0.000193	22.819301	5.1
1420	2184.964548	64.201389	0.000193	141.897060	2.8
1421	2171.279767	64.192214	0.000193	42.959000	2.7
1422	2199.849675	64.182039	0.000193	26.662842	2.7
1423	2149.934655	64.177255	0.000193	75.759248	2.7
1424	2200.255677	64.172359	0.000193	65.594659	5.4
1425	2230.319566	64.163019	0.000193	63.185846	2.5
1426	2182.264011	64.148843	0.000193	72.795397	4.2
1427	2152.725723	64.229080	0.000193	18.982916	7.6
1428	2186.801989	64.230317	0.000193	46.034461	2.3
1429	2137.394245	64.226035	0.000193	27.204800	2.6
1430	2170.522465	64.222845	0.000193	37.355276	3.3
1431	2168.996964	64.220576	0.000193	99.303724	5.9
1432	2219.539580	64.223361	0.000193	70.507619	2.5
1433	2218.019525	64.207096	0.000193	16.181267	2.5
1434	2114.880693	64.215386	0.000193	23.894876	2.6
1435	2274.835612	64.213701	0.000193	44.377464	2.8
1436	2190.748554	64.212491	0.000193	31.278610	2.7
1437	2242.880620	64.222567	0.000193	51.136935	2.7
1438	2225.849946	64.235704	0.000193	91.473207	2.2
1439	2271.310573	64.261536	0.000193	100.607123	2.1
1440	2224.272434	64.712415	0.000192	98.978099	2.2
1441	2170.761948	64.695560	0.000192	15.317854	2.2
1442	2135.801408	64.689343	0.000192	57.222390	2.4
1443	2140.782496	64.684890	0.000192	67.494238	4.5
1444	2192.442193	64.720239	0.000192	13.178995	3.9
1445	2150.618712	64.723038	0.000192	60.733262	5.1
1446	2085.486567	64.724391	0.000192	83.599628	2.9
1447	2218.581631	64.799702	0.000192	75.719914	2.7
1448	2201.249023	64.811119	0.000192	65.972385	2.7
1449	2196.521157	64.914901	0.000191	150.383365	2.8
1450	2219.087873	64.899574	0.000191	58.801728	4.0
1451	2188.492536	64.909567	0.000191	22.645833	4.6
1452	2262.083992	64.917073	0.000191	111.650806	2.7
1453	2169.790769	64.930759	0.000191	72.809978	2.7
1454	2139.354937	65.132866	0.000191	39.997967	2.7
1455	2184.527006	65.145660	0.000191	45.825852	4.9
1456	2086.111208	65.143188	0.000191	82.099518	2.7
1457	2187.477212	65.196968	0.000191	59.501350	3.2
1458	2061.323928	65.240784	0.000191	57.444562	3.2
1459	2266.862548	65.274699	0.000190	48.041846	3.2
1460	2217.322835	65.308012	0.000190	56.989377	2.6
1461	2139.980177	65.340295	0.000190	80.726927	2.5
1462	2192.825733	65.369933	0.000190	27.567770	2.5
1463	2071.801119	65.363212	0.000190	62.881391	3.9
1464	2164.021157	65.378956	0.000190	49.367889	3.8
1465	2255.835639	65.383432	0.000190	105.224460	2.3
1466	2216.347591	65.398968	0.000190	35.437344	6.2
1467	2165.153945	65.408991	0.000190	38.517426	2.6
1468	2108.659835	65.411190	0.000190	52.859419	2.6
1469	2183.676137	65.412872	0.000190	47.143905	2.8
1470	2149.775554	65.404666	0.000190	105.191197	3.2
1471	2217.769291	65.449248	0.000190	61.733840	3.1
1472	2315.019228	65.438139	0.000190	77.497563	5.3
1473	2115.511369	65.535368	0.000190	17.560989	2.6
1474	2171.396674	65.528861	0.000190	16.196491	3.6
1475	2217.044904	65.529521	0.000190	18.037554	4.0
1476	2223.282741	65.528263	0.000190	78.205771	5.9
1477	2227.649902	65.521247	0.000190	136.120816	4.7
1478	2179.424144	66.028289	0.000189	43.115959	4.2
1479	2288.388915	66.013528	0.000189	81.384248	3.8
1480	2170.843399	66.061773	0.000189	40.735839	4.4
1481	2244.619991	66.050373	0.000189	89.077863	4.3
1482	2171.266025	66.041242	0.000189	56.891695	3.4
1483	2293.644731	66.095704	0.000189	26.472459	3.7
1484	2167.273074	66.089665	0.000189	87.305164	4.8
1485	2206.428215	66.087981	0.000189	74.481402	4.7
1486	2141.891076	66.208371	0.000188	81.532600	5.5
1487	2164.754041	66.208346	0.000188	41.942709	3.9
1488	2164.308114	66.227771	0.000188	105.982763	3.8
1489	2179.263842	66.214891	0.000188	54.145378	3.6
1490	2222.380930	66.202532	0.000188	128.036874	3.8
1491	2257.676951	66.186336	0.000188	99.578022	3.3
1492	2173.882044	66.855159	0.000187	35.525947	2.8
1493	2177.162948	66.878608	0.000187	82.789817	4.0
1494	2091.530675	66.877704	0.000187	76.915390	4.6
1495	2210.735621	66.881345	0.000187	84.481476	4.4
1496	2137.695988	66.872007	0.000187	104.104287	4.4
1497	2163.656900	67.043622	0.000187	95.138235	4.7
1498	2153.969483	67.545748	0.000186	131.306439	4.7
1499	2107.262777	67.917712	0.000185	22.993491	3.0
1500	2168.202286	67.928597	0.000185	38.752200	2.9
1501	2213.310677	67.933189	0.000185	36.731541	5.8
1502	2244.640982	67.939052	0.000185	63.377687	4.6
1503	2270.318460	67.928545	0.000185	81.614813	4.7
1504	2217.490286	68.046247	0.000185	48.116558	4.3
1505	2180.996311	68.067589	0.000185	64.615612	4.5
1506	2133.269372	68.068036	0.000184	86.862115	4.2
1507	2135.073749	68.114900	0.000184	41.506787	3.5
1508	2214.699783	68.104629	0.000184	36.684913	4.8
1509	2174.541400	68.116963	0.000184	19.718684	2.5
1510	2186.991955	68.115324	0.000184	49.067813	2.6
1511	2134.842070	68.111192	0.000184	35.527328	4.5
1512	2177.007398	68.110931	0.000184	59.356849	2.8
1513	2114.225073	68.122001	0.000184	37.925865	2.8
1514	2216.569378	68.115315	0.000184	27.158681	4.5
1515	2250.164645	68.112634	0.000184	82.145877	2.9
1516	2206.712277	68.104357	0.000184	20.436841	2.8
1517	2068.574244	68.097582	0.000184	64.665701	2.9
1518	2172.154638	68.092216	0.000184	28.587181	2.9
1519	2215.237013	68.106839	0.000184	19.167627	2.9
1520	2156.401179	68.109275	0.000184	87.779605	2.9
1521	2219.699402	68.122234	0.000184	19.575032	3.3
1522	2213.873385	68.118552	0.000184	68.655380	2.3
1523	2173.759871	68.113982	0.000184	97.611032	4.3
1524	2193.230930	68.183567	0.000184	28.823520	2.7
1525	2193.272215	68.187795	0.000184	111.466336	2.6
1526	2170.440975	68.182283	0.000184	43.769240	2.8
1527	2156.049093	68.170855	0.000184	73.982274	5.6
1528	2148.243013	68.159209	0.000184	64.706641	3.6
1529	2180.312346	68.186126	0.000184	68.969394	4.2
1530	2282.153111	68.233681	0.000184	83.479891	3.9
1531	2214.529719	68.342047	0.000184	48.646097	5.9
1532	2133.076940	68.357406	0.000184	29.918683	3.4
1533	2213.199111	68.355979	0.000184	54.670676	3.4
1534	2143.385769	68.349263	0.000184	44.303257	4.1
1535	2100.686359	68.347835	0.000184	38.875112	4.8
1536	2197.243779	68.339802	0.000184	64.404307	4.2
1537	2115.340513	68.353948	0.000184	22.975155	4.1
1538	2132.376535	68.363719	0.000184	33.586035	4.1
1539	2187.224838	68.369475	0.000184	41.162065	5.8
1540	2189.164323	68.366042	0.000184	81.920358	3.9
1541	2242.237647	68.353927	0.000184	77.198081	2.9
1542	2156.103934	68.407576	0.000184	43.157935	2.8
1543	2220.607723	68.396917	0.000184	80.477153	4.0
1544	2105.895900	68.383816	0.000184	41.629258	2.9
1545	2209.454598	68.398456	0.000184	23.967229	3.4
1546	2182.451068	68.395883	0.000184	89.815103	2.8
1547	2144.060553	68.391983	0.000184	35.611951	2.8
1548	2138.542763	68.409123	0.000184	70.372490	2.6
1549	2232.141352	68.409315	0.000184	45.069732	3.7
1550	2235.427250	68.398219	0.000184	66.463956	2.9
1551	2114.996071	68.425893	0.000184	37.665980	2.4
1552	2240.710083	68.414890	0.000184	16.070079	2.2
1553	2204.790553	68.415281	0.000184	57.254438	4.5
1554	2185.888434	68.418054	0.000184	28.045333	2.4
1555	2123.437605	68.430262	0.000184	13.761450	2.6
1556	2187.412544	68.429275	0.000184	19.656845	2.9
1557	2119.354757	68.427601	0.000184	47.821556	4.5
1558	2185.743034	68.435061	0.000184	19.456642	4.6
1559	2128.442981	68.439544	0.000184	28.776530	4.1
1560	2208.347357	68.441692	0.000184	40.382799	3.4
1561	2080.747064	68.437195	0.000184	29.726155	4.4
1562	2247.934843	68.430697	0.000184	53.116629	4.5
1563	2217.068542	68.439561	0.000184	62.757856	4.8
1564	2202.093227	68.488121	0.000184	43.631644	3.9
1565	2077.288440	68.517260	0.000184	62.143668	3.4
1566	2129.618895	68.510202	0.000184	44.526451	3.4
1567	2235.759225	68.511745	0.000184	54.036047	3.6
1568	2176.609875	68.535520	0.000184	43.076964	3.7
1569	2123.649934	68.535716	0.000184	31.949006	3.7
1570	2297.781143	68.537142	0.000184	50.947531	2.9
1571	2091.211104	68.536974	0.000184	103.754306	4.6
1572	2222.968144	68.602000	0.000183	90.210975	3.3
1573	2144.700929	68.586077	0.000183	71.752201	4.1
1574	2152.343654	68.674375	0.000183	57.589603	4.0
1575	2199.009232	68.734144	0.000183	51.214138	3.5
1576	2241.669628	68.765105	0.000183	124.395177	4.6
1577	2139.153539	68.750935	0.000183	90.714580	4.7
1578	2239.075742	68.920396	0.000183	45.948536	2.6
1579	2267.614543	68.907419	0.000183	120.044796	2.6
1580	2107.154911	68.911706	0.000183	94.023434	2.6
1581	2107.114979	68.896754	0.000183	81.239495	3.9
1582	2183.822707	68.961109	0.000183	69.181267	2.4
1583	2145.755245	68.946320	0.000183	38.580550	2.5
1584	2181.464349	68.962686	0.000183	32.250484	2.3
1585	2161.038948	68.968587	0.000183	53.507968	6.0
1586	2206.760018	68.983425	0.000183	42.569132	2.3
1587	2181.222824	68.975799	0.000183	64.340524	2.4
1588	2211.371916	68.964422	0.000183	40.865104	2.8
1589	2178.983262	68.989530	0.000183	53.901738	7.2
1590	2137.136892	68.983912	0.000183	96.909828	4.6
1591	2137.324312	69.074977	0.000182	42.388874	7.1
1592	2247.708516	69.135236	0.000182	94.228380	5.8
1593	2197.474622	69.132877	0.000182	47.057528	3.2
1594	2180.055396	69.187458	0.000182	81.849128	3.7
1595	2214.193085	69.218436	0.000182	103.525785	5.1
1596	2207.101261	69.202157	0.000182	40.918390	5.2
1597	2088.357697	69.207260	0.000182	37.255696	2.7
1598	2206.185974	69.200162	0.000182	125.332929	3.0
1599	2167.227362	69.277462	0.000182	109.358232	3.2
1600	2229.402578	69.392437	0.000182	17.374811	3.1
1601	2259.847753	69.398540	0.000182	47.196165	3.0
1602	2268.263276	69.395179	0.000182	19.715805	2.4
1603	2181.810738	69.395624	0.000182	34.317019	5.5
1604	2190.035089	69.393866	0.000182	13.921544	2.4
1605	2156.358212	69.395548	0.000182	67.824947	2.9
1606	2238.191743	69.391315	0.000182	33.619829	4.6
1607	2095.642168	69.380960	0.000182	107.129483	3.1
1608	2126.927958	69.372829	0.000182	107.940702	5.0
1609	2131.051372	69.358000	0.000182	45.817126	4.4
1610	2106.144255	69.344934	0.000182	89.581901	4.2
1611	2204.426820	69.375113	0.000182	86.056796	4.2
1612	2175.542401	69.435131	0.000182	38.032482	4.5
1613	2148.786291	69.425918	0.000182	54.678904	4.5
1614	2190.781903	69.438081	0.000182	98.664859	4.4
1615	2203.209088	69.448078	0.000182	74.689168	4.2
1616	2163.723055	69.691151	0.000181	85.037591	4.5
1617	2172.911221	69.701738	0.000181	99.632717	3.2
1618	2182.898966	69.699332	0.000181	56.018928	3.2
1619	2231.803075	69.683922	0.000181	70.533755	3.1
1620	2211.121369	69.737482	0.000181	36.153987	2.5
1621	2177.425289	69.726552	0.000181	65.791710	2.5
1622	2142.959453	69.751260	0.000181	39.275043	4.5
1623	2101.029814	69.748876	0.000181	31.042656	2.3
1624	2155.850898	69.755803	0.000181	78.773538	2.3
1625	2138.175071	69.745132	0.000181	72.656643	4.7
1626	2192.947618	69.744237	0.000181	13.797318	2.8
1627	2216.383209	69.741197	0.000181	19.635038	4.3
1628	2153.398355	69.740414	0.000181	51.973981	3.4
1629	2203.473952	69.737903	0.000181	38.952470	3.5
1630	2264.306482	69.734750	0.000181	49.263952	3.4
1631	2156.987159	69.727059	0.000181	85.493801	2.8
1632	2213.413928	69.771440	0.000181	34.812057	2.5
1633	2215.579134	69.778813	0.000181	110.424254	2.5
1634	2269.278400	69.782933	0.000181	75.342781	3.1
1635	2167.587835	69.867788	0.000181	51.930924	3.3
1636	2171.769121	69.892617	0.000181	53.310268	7.9
1637	2152.190189	69.913957	0.000181	16.710886	2.8
1638	2228.499460	69.914404	0.000181	114.254566	4.7
1639	2240.397660	69.928133	0.000181	116.708362	4.7
1640	2195.639187	69.911033	0.000181	101.318750	4.9
1641	2212.177241	70.589337	0.000179	103.272350	5.1
1642	2140.931817	70.572375	0.000179	62.907613	5.0
1643	2193.494212	70.556841	0.000179	41.908091	4.0
1644	2180.339583	70.548501	0.000180	63.795819	3.7
1645	2208.162491	70.570807	0.000179	41.219648	4.3
1646	2139.934681	70.566112	0.000179	106.135537	4.8
1647	2192.557355	70.552232	0.000179	47.495375	4.7
1648	2158.610256	70.537819	0.000180	84.679613	4.5
1649	2179.388820	70.527746	0.000180	50.372253	2.5
1650	2086.968541	70.604251	0.000179	36.381661	2.7
1651	2219.845118	70.603825	0.000179	111.265742	2.8
1652	2130.370178	70.590364	0.000179	63.012728	3.0
1653	2167.503094	70.574201	0.000179	52.268201	3.0
1654	2150.431011	70.568872	0.000179	42.462097	2.9
1655	2090.271942	70.561805	0.000179	73.898385	3.7
1656	2208.087307	70.572635	0.000179	78.351769	4.4
1657	2191.915815	70.701397	0.000179	81.270277	3.2
1658	2214.871749	70.832671	0.000179	5.665092	2.9
1659	2106.895107	70.833994	0.000179	45.508977	2.9
1660	2206.644086	70.833236	0.000179	66.351898	2.8
1661	2152.569704	70.836895	0.000179	80.419576	2.4
1662	2134.086371	70.864668	0.000179	50.511460	7.0
1663	2205.314773	70.910116	0.000179	21.353453	3.6
1664	2237.359870	70.904148	0.000179	75.522628	4.6
1665	2092.625406	70.900101	0.000179	63.229901	4.5
1666	2233.663446	70.885572	0.000179	53.547661	4.5
1667	2163.992743	70.910445	0.000179	84.798311	4.6
1668	2197.276132	70.912975	0.000179	46.638464	4.3
1669	2198.114213	70.970745	0.000179	34.440763	5.0
1670	2211.820724	70.963069	0.000179	73.746578	5.3
1671	2272.213540	70.953441	0.000179	71.186357	4.2
1672	2135.369190	70.941561	0.000179	38.643826	3.3
1673	2243.318943	70.958439	0.000179	94.385234	3.4
1674	2187.759181	70.947904	0.000179	26.465681	4.5
1675	2175.350995	70.959370	0.000179	83.026875	6.3
1676	2252.440416	70.957463	0.000179	58.182095	4.3
1677	2184.280894	70.945708	0.000179	35.660978	4.1
1678	2219.454915	70.936096	0.000179	78.083801	2.4
1679	2206.702721	70.936500	0.000179	117.331315	5.9
1680	2172.521838	70.945602	0.000179	43.827824	2.6
1681	2116.629976	71.031751	0.000179	53.394589	2.6
1682	2139.401370	71.023681	0.000179	30.646862	6.6
1683	2216.176714	71.024606	0.000179	38.365951	2.8
1684	2260.369690	71.020052	0.000179	121.693656	3.4
1685	2203.183919	71.018310	0.000179	90.711843	3.6
1686	2135.585916	71.253443	0.000178	48.534785	3.5
1687	2192.276041	71.248947	0.000178	22.916349	2.7
1688	2064.937981	71.246056	0.000178	70.959070	2.7
1689	2217.346943	71.258784	0.000178	60.883914	2.7
1690	2159.105134	71.262215	0.000178	72.378478	2.7
1691	2195.327231	71.261161	0.000178	98.455602	2.3
1692	2191.251734	71.448026	0.000178	127.403647	5.4
1693	2054.659633	71.434776	0.000178	63.021042	4.5
1694	2272.410676	71.418271	0.000178	75.704396	4.9
1695	2188.144982	71.493238	0.000178	17.876087	3.5
1696	2092.922388	71.503335	0.000178	88.501848	3.4
1697	2130.630936	71.510045	0.000178	17.707837	1.7
1698	2236.070911	71.512352	0.000178	74.454500	6.0
1699	2234.216537	71.521939	0.000178	103.477547	4.4
1700	2106.683124	71.505913	0.000178	103.090335	4.6
1701	2204.829673	71.721663	0.000177	63.894203	6.3
1702	2174.679415	71.866984	0.000177	84.200828	4.4
1703	2101.774510	71.931622	0.000177	112.566466	4.3
1704	2230.851459	72.089282	0.000177	31.602728	4.9
1705	2178.889751	72.108461	0.000176	51.195714	4.0
1706	2250.108298	72.108639	0.000176	60.088073	3.3
1707	2162.548240	72.104852	0.000177	51.497764	4.4
1708	2124.917331	72.097433	0.000177	51.956534	3.2
1709	2190.443953	72.112839	0.000176	66.183476	3.7
1710	2258.664841	72.152493	0.000176	68.778812	3.5
1711	2129.086988	72.142127	0.000176	27.545593	3.3
1712	2132.508208	72.138871	0.000176	26.864246	3.2
1713	2171.424647	72.144630	0.000176	104.163541	2.8
1714	2209.126827	72.179845	0.000176	58.172605	2.6
1715	2109.153084	72.267375	0.000176	54.992258	2.7
1716	2111.050121	72.257178	0.000176	23.573659	2.7
1717	2196.026472	72.251510	0.000176	29.153590	2.2
1718	2131.119483	72.254329	0.000176	49.726294	2.2
1719	2198.105740	72.246817	0.000176	46.226419	2.3
1720	2123.015115	72.239417	0.000176	52.302814	2.3
1721	2103.425790	72.268083	0.000176	35.870791	5.6
1722	2088.884450	72.258725	0.000176	47.154216	4.2
1723	2208.429331	72.270436	0.000176	98.909560	2.2
1724	2168.815540	72.260254	0.000176	40.187205	2.2
1725	2137.806197	72.288493	0.000176	91.319856	2.3
1726	2119.879610	72.278499	0.000176	9.237561	5.2
1727	2190.329295	72.283731	0.000176	110.684208	3.7
1728	2260.521030	72.290369	0.000176	75.341980	2.4
1729	2088.424905	72.524040	0.000176	33.429532	2.3
1730	2225.068316	72.518954	0.000176	45.425778	2.6
1731	2200.030103	72.530048	0.000176	24.669638	2.6
1732	2158.112371	72.535539	0.000176	70.024633	2.6
1733	2215.928460	72.531504	0.000176	28.839907	2.6
1734	2150.407592	72.542554	0.000176	41.185096	5.6
1735	2124.981408	72.538263	0.000176	84.569404	2.5
1736	2149.300605	72.535831	0.000176	75.384844	2.5
1737	2177.230894	72.605592	0.000176	85.566554	4.1
1738	2170.099820	72.589696	0.000176	91.777261	2.5
1739	2270.230997	72.769552	0.000175	16.276864	2.4
1740	2149.954973	72.780497	0.000175	21.927964	2.9
1741	2247.627835	72.779020	0.000175	42.778640	2.9
1742	2182.561571	72.785349	0.000175	18.707510	2.9
1743	2227.984999	72.784992	0.000175	66.011060	2.5
1744	2248.431558	72.794493	0.000175	27.758484	5.8
1745	2196.990174	72.812225	0.000175	52.678165	2.3
1746	2165.623470	72.807715	0.000175	70.726287	2.7
1747	2117.656242	72.822451	0.000175	18.994078	3.9
1748	2197.231729	72.819867	0.000175	44.550419	2.8
1749	2204.956900	72.818840	0.000175	92.982162	3.1
1750	2177.413465	72.810790	0.000175	114.029815	4.9
1751	2121.553117	73.366259	0.000174	71.825886	3.1
1752	2183.376962	73.702377	0.000174	29.492663	3.2
1753	2187.367294	73.711560	0.000174	22.052272	3.1
1754	2223.941860	73.708939	0.000174	40.422373	3.6
1755	2096.176021	73.712399	0.000174	24.144017	3.3
1756	2084.095137	73.716341	0.000173	62.719107	3.4
1757	2161.617730	73.708389	0.000174	67.035334	3.4
1758	2180.306806	73.751833	0.000173	49.690016	8.7
1759	2187.417528	73.799030	0.000173	95.078070	5.5
1760	2158.084296	73.843105	0.000173	11.032920	4.7
1761	2189.544982	73.844277	0.000173	81.510656	4.0
1762	2148.348962	73.846231	0.000173	36.027677	4.6
1763	2202.819356	73.843422	0.000173	148.977147	3.5
1764	2171.717991	73.903116	0.000173	28.162452	3.2
1765	2143.283958	73.914834	0.000173	28.516078	3.4
1766	2168.466747	73.911277	0.000173	18.317476	2.4
1767	2193.601903	73.910700	0.000173	52.254444	4.0
1768	2202.962344	73.905815	0.000173	22.899563	5.1
1769	2223.820688	73.905293	0.000173	67.065307	3.5
1770	2187.291478	73.915557	0.000173	40.856919	3.5
1771	2233.726087	73.927169	0.000173	78.934857	3.3
1772	2168.353757	73.924256	0.000173	66.719853	2.0
1773	2156.158580	73.909728	0.000173	135.765073	1.8
1774	2148.925580	74.285865	0.000172	90.035120	2.5
1775	2183.979476	74.941148	0.000171	29.532532	1.8
1776	2244.185639	74.953457	0.000171	53.908999	1.8
1777	2188.907888	74.946279	0.000171	58.296665	1.7
1778	2120.988800	74.940684	0.000171	86.199391	1.8
1779	2173.407461	74.947749	0.000171	8.322920	1.8
1780	2215.446047	74.948772	0.000171	46.601008	1.8
1781	2131.089643	74.950382	0.000171	35.933686	1.8
1782	2132.622233	74.963399	0.000171	126.420237	2.0
1783	2140.866281	74.949129	0.000171	95.752331	4.1
1784	2132.396794	75.682415	0.000170	59.381706	3.9
1785	2156.724159	75.678181	0.000170	49.793877	1.9
1786	2178.557089	75.699074	0.000170	53.585535	4.3
1787	2226.382983	75.712847	0.000170	21.762408	2.6
1788	2239.162985	75.706821	0.000170	32.875938	4.6
1789	2224.803640	75.705638	0.000170	110.385844	4.5
1790	2104.143417	75.694218	0.000170	23.208709	5.6
1791	2131.616930	75.697392	0.000170	71.953390	3.4
1792	2172.442106	75.691142	0.000170	47.246203	3.4
1793	2221.779190	75.715890	0.000170	71.280786	4.0
1794	2231.567325	75.754790	0.000170	95.759964	2.9
1795	2217.305121	75.859724	0.000170	47.465199	3.0
1796	2184.197391	75.912407	0.000170	23.626878	2.9
1797	2143.502354	75.917590	0.000170	24.137610	2.7
1798	2064.024102	75.917297	0.000170	38.015462	2.7
1799	2264.835872	75.918294	0.000170	20.364660	2.6
1800	2184.408146	75.924047	0.000170	40.916276	2.4
1801	2269.593174	75.923578	0.000170	48.505764	2.4
1802	2300.705239	75.928267	0.000170	25.647828	3.1
1803	2034.573955	75.930007	0.000170	82.628458	3.9
1804	2211.340826	75.944991	0.000170	64.802920	4.2
1805	2139.277535	76.064862	0.000169	82.907129	4.2
1806	2191.898296	76.083904	0.000169	49.558908	3.6
1807	2233.086413	76.120861	0.000169	96.230809	3.0
1808	2197.908970	76.135853	0.000169	24.431849	3.0
1809	2170.953091	76.141300	0.000169	80.838657	2.6
1810	2199.155120	76.133084	0.000169	71.540162	3.4
1811	2155.768238	76.192729	0.000169	97.017804	3.5
1812	2210.407777	76.177505	0.000169	25.426492	2.4
1813	2226.743493	76.198686	0.000169	61.223481	2.2
1814	2205.036026	76.204065	0.000169	75.748354	3.3
1815	2327.556953	76.275835	0.000169	66.015180	3.4
1816	2119.779060	76.283818	0.000169	44.861337	2.1
1817	2158.245106	76.304211	0.000169	92.993427	2.0
1818	2277.087442	76.291821	0.000169	35.690457	2.0
1819	2163.976180	76.282614	0.000169	84.844259	2.0
1820	2144.354152	76.315857	0.000169	54.240199	2.4
1821	2188.233339	76.374666	0.000169	43.291875	2.0
1822	2197.512890	76.371031	0.000169	110.147544	1.9
1823	2205.063778	76.461275	0.000169	80.965265	1.9
1824	2159.905712	76.446184	0.000169	82.517876	1.9
1825	2218.077662	76.438250	0.000169	46.951090	1.9
1826	2209.304125	76.429156	0.000169	50.773774	1.8
1827	2180.906675	76.423017	0.000169	30.662953	2.9
1828	2225.554418	76.417458	0.000169	71.459181	1.8
1829	2189.203831	76.429125	0.000169	79.001817	1.8
1830	2159.425017	76.418275	0.000169	67.622962	1.9
1831	2185.960907	76.502942	0.000169	116.846237	2.5
1832	2177.171797	76.487240	0.000169	67.550930	4.0
1833	2217.588066	76.483251	0.000169	102.524028	2.0
1834	2115.942193	76.655692	0.000168	30.779847	1.9
1835	2143.115540	76.659216	0.000168	45.595441	6.7
1836	2174.467104	76.660281	0.000168	60.117999	5.2
1837	2231.381774	76.650718	0.000168	56.659697	2.6
1838	2252.820350	76.666791	0.000168	74.588912	4.0
1839	2183.632892	76.683572	0.000168	22.213373	2.6
1840	2282.209868	76.692332	0.000168	53.388652	1.9
1841	2111.689959	76.699616	0.000168	9.453412	3.8
1842	2102.702188	76.699523	0.000168	17.897791	2.3
1843	2205.882054	76.700317	0.000168	29.449779	2.5
1844	2159.487176	76.700129	0.000168	9.807640	4.0
1845	2158.912767	76.699638	0.000168	25.969304	2.3
1846	2127.036631	76.700269	0.000168	32.407465	2.3
1847	2179.364098	76.695315	0.000168	41.132570	1.7
1848	2176.733861	76.695086	0.000168	90.856165	4.2
1849	2196.949633	76.682085	0.000168	31.469696	1.8
1850	2232.601056	76.694778	0.000168	79.806826	1.9
1851	2162.674273	76.690474	0.000168	66.571667	1.9
1852	2170.892565	76.712783	0.000168	93.159927	1.9
1853	2172.574812	76.698271	0.000168	56.560749	4.7
1854	2184.933410	76.790113	0.000168	81.278565	2.1
1855	2192.359571	76.778688	0.000168	79.577232	2.8
1856	2236.608162	76.959016	0.000168	93.915722	4.6
1857	2266.126987	77.186849	0.000167	41.129659	2.5
1858	2228.528851	77.181240	0.000167	15.763240	4.6
1859	2136.794455	77.181936	0.000167	74.169218	2.5
1860	2092.759232	77.177467	0.000167	29.118551	5.6
1861	2135.770674	77.198546	0.000167	36.404435	5.3
1862	2148.872048	77.203797	0.000167	62.768200	4.1
1863	2150.264682	77.210682	0.000167	38.575459	3.9
1864	2123.428729	77.200875	0.000167	60.577038	4.0
1865	2170.725238	77.218689	0.000167	26.934346	6.5
1866	2222.816778	77.220870	0.000167	42.352355	5.1
1867	2205.954879	77.219437	0.000167	60.907927	4.3
1868	2183.897409	77.247679	0.000167	65.285389	4.1
1869	2179.499668	77.234877	0.000167	50.621484	3.6
1870	2193.998351	77.247582	0.000167	57.692386	4.0
1871	2165.693112	77.254274	0.000167	45.044778	2.8
1872	2188.441038	77.247743	0.000167	43.990178	2.7
1873	2172.787345	77.241361	0.000167	71.448124	2.8
1874	2225.221486	77.231304	0.000167	30.528688	5.7
1875	2164.386358	77.251318	0.000167	70.234533	2.5
1876	2187.389793	77.268501	0.000167	123.481658	3.0
1877	2182.831137	77.463328	0.000167	64.420575	3.2
1878	2134.009296	77.454875	0.000167	58.574458	3.6
1879	2139.237592	77.460393	0.000167	47.648641	2.7
1880	2101.614193	77.465044	0.000167	55.583228	3.0
1881	2205.737200	77.491858	0.000167	69.777843	10.5
1882	2096.018527	77.478321	0.000167	51.120109	3.0
1883	2112.462419	77.482888	0.000167	68.921359	3.5
1884	2131.012549	77.530326	0.000167	64.611605	3.2
1885	2172.891021	77.521623	0.000167	47.493662	3.2
1886	2235.297205	77.511038	0.000167	83.925568	3.2
1887	2130.167347	77.506115	0.000167	10.122972	3.5
1888	2093.464098	77.509100	0.000167	32.906226	2.3
1889	2128.644073	77.508063	0.000167	112.330982	2.6
1890	2198.227249	77.507456	0.000167	37.239869	2.4
1891	2209.176804	77.498874	0.000167	55.900263	2.3
1892	2248.688635	77.489197	0.000167	39.676592	2.3
1893	2150.983162	77.483277	0.000167	35.218635	2.3
1894	2179.885639	77.481802	0.000167	67.167891	2.4
1895	2137.806809	77.471664	0.000167	35.580303	2.1
1896	2150.093961	77.461390	0.000167	60.971597	2.0
1897	2107.317749	77.464228	0.000167	32.211079	2.0
1898	2179.494812	77.474319	0.000167	154.550773	2.1
1899	2180.912317	77.468338	0.000167	43.371257	2.0
1900	2157.565118	77.556810	0.000167	36.756429	5.0
1901	2145.710051	77.548978	0.000167	64.268753	4.3
1902	2175.105209	77.544729	0.000167	48.306346	2.1
1903	2165.929006	77.547602	0.000167	41.265449	5.6
1904	2190.947337	77.541412	0.000167	19.109161	2.4
1905	2189.975671	77.539824	0.000167	37.232047	2.4
1906	2187.039578	77.538999	0.000167	63.334176	4.2
1907	2220.400903	77.548816	0.000167	40.407871	2.6
1908	2142.701736	77.540058	0.000167	112.631439	2.6
1909	2147.482477	77.620314	0.000167	45.209818	2.4
1910	2164.838701	77.607803	0.000167	52.668582	2.4
1911	2199.160921	77.597780	0.000167	59.988116	2.4
1912	2203.044839	77.609881	0.000167	18.267772	2.6
1913	2209.571394	77.603999	0.000167	85.438384	2.0
1914	2204.491601	77.615659	0.000167	85.432963	2.1
1915	2265.903884	77.603903	0.000167	77.968211	4.3
1916	2112.216614	77.648628	0.000167	82.538595	3.2
1917	2115.775937	77.650297	0.000167	67.680240	3.5
1918	2112.891069	77.756203	0.000166	115.814505	4.2
1919	2181.004988	77.763572	0.000166	74.320241	2.7
1920	2194.897147	77.831674	0.000166	36.355864	5.1
1921	2225.756491	77.820982	0.000166	90.805965	4.6
1922	2242.929610	77.859597	0.000166	58.525669	4.3
1923	2218.304635	77.963910	0.000166	96.321141	2.7
1924	2237.890783	78.088575	0.000166	46.006005	4.3
1925	2234.759358	78.112609	0.000166	24.959030	2.3
1926	2253.500449	78.106783	0.000166	75.039690	2.3
1927	2144.386970	78.117665	0.000166	27.477856	3.5
1928	2257.225329	78.126939	0.000166	99.817958	4.7
1929	2205.138188	78.118591	0.000166	62.628632	2.6
1930	2180.731066	78.279258	0.000166	77.326498	2.9
1931	2207.919879	78.264954	0.000166	18.377660	3.4
1932	2188.439038	78.258460	0.000166	65.938709	3.4
1933	2087.961191	78.253219	0.000166	43.429195	6.5
1934	2122.010192	78.246378	0.000166	37.520682	2.3
1935	2160.850128	78.243037	0.000166	84.841205	2.2
1936	2267.029949	78.265678	0.000166	17.221436	2.3
1937	2160.358566	78.264005	0.000166	51.570316	2.4
1938	2204.044656	78.259370	0.000166	25.194525	2.4
1939	2266.829689	78.252501	0.000166	43.129777	2.5
1940	2129.313876	78.250046	0.000166	66.948411	3.1
1941	2211.412440	78.238420	0.000166	60.303320	4.4
1942	2188.616033	78.304110	0.000165	22.929358	4.3
1943	2153.332689	78.299771	0.000165	50.113627	4.1
1944	2187.476162	78.306994	0.000165	46.176471	4.9
1945	2184.570543	78.324620	0.000165	63.826747	3.7
1946	2074.877918	78.313859	0.000165	42.997021	3.1
1947	2185.227216	78.309235	0.000165	78.921676	3.1
1948	2199.395497	78.299213	0.000165	89.788309	2.4
1949	2174.214608	78.283318	0.000166	79.388054	2.5
1950	2161.037951	78.319286	0.000165	30.482969	3.8
1951	2204.391695	78.346602	0.000165	58.667258	6.4
1952	2223.691719	78.364460	0.000165	68.957231	2.3
1953	2197.057788	78.368065	0.000165	38.942937	2.4
1954	2225.604395	78.359001	0.000165	64.565180	7.1
1955	2204.625576	78.368620	0.000165	30.569399	2.7
1956	2114.024025	78.379860	0.000165	116.002125	3.4
1957	2171.046587	78.371344	0.000165	55.554007	3.3
1958	2156.289420	78.408733	0.000165	43.834116	3.3
1959	2139.498510	78.405381	0.000165	56.912838	2.7
1960	2183.837072	78.408702	0.000165	33.293736	3.3
1961	2157.161484	78.401547	0.000165	17.192582	3.2
1962	2174.495354	78.405191	0.000165	31.851608	2.8
1963	2162.725826	78.404264	0.000165	91.029082	3.3
1964	2267.752547	78.425709	0.000165	91.966161	4.5
1965	2204.449609	78.513235	0.000165	59.834296	4.4
1966	2183.824183	78.506634	0.000165	86.671348	4.4
1967	2255.149436	78.496984	0.000165	44.429551	3.6
1968	2186.489857	78.488899	0.000165	23.757619	3.7
1969	2184.753652	78.488151	0.000165	35.058545	5.0
1970	2202.794258	78.484039	0.000165	32.952506	2.6
1971	2142.313564	78.481016	0.000165	64.969057	2.7
1972	2217.212742	78.479053	0.000165	55.280515	2.6
1973	2183.595651	78.465841	0.000165	104.762681	2.6
1974	2165.695662	78.468789	0.000165	109.295662	3.3
1975	2185.431274	79.084807	0.000164	44.903371	3.8
1976	2192.239716	79.101005	0.000164	60.512471	2.5
1977	2265.636289	79.098514	0.000164	128.458038	5.6
1978	2196.943385	79.110385	0.000164	44.579500	2.5
1979	2237.781521	79.117476	0.000164	8.762055	6.3
1980	2131.139943	79.117020	0.000164	35.945228	2.7
1981	2139.573345	79.118143	0.000164	83.414148	2.8
1982	2238.029422	79.112346	0.000164	6.972805	3.2
1983	2040.965628	79.111713	0.000164	26.022436	3.2
1984	2204.296954	79.111334	0.000164	52.858905	4.6
1985	2248.226726	79.116062	0.000164	51.749220	5.2
1986	2160.108086	79.111128	0.000164	41.585928	4.4
1987	2195.654956	79.121012	0.000164	23.629246	3.9
1988	2128.690405	79.120006	0.000164	79.095178	4.1
1989	2126.512922	79.127605	0.000164	44.805043	3.1
1990	2096.179087	79.158441	0.000164	59.320647	5.2
1991	2165.393652	79.150640	0.000164	83.466010	4.4
1992	2220.052604	79.256230	0.000164	86.076608	3.5
1993	2164.181270	79.468806	0.000164	31.984406	3.4
1994	2208.946557	79.491189	0.000164	93.538213	5.0
1995	2221.852603	79.493308	0.000164	57.622537	4.4
1996	2195.796762	79.579345	0.000163	59.073614	4.6
1997	2176.886953	79.620693	0.000163	42.112401	6.8
1998	2277.024903	79.614803	0.000163	15.042448	4.5
1999	2169.601497	79.613345	0.000163	38.537773	7.4
