1:ItNr	2:Metric	3a:Time	3b:StepSize	4:||Gradient||	Time[ms]
0	276.875818	0.000000	0.000036	743.246499	201.7
1	258.836241	0.000000	0.000036	558.971280	4.7
2	246.028568	0.000000	0.000036	342.231772	5.4
3	254.303030	0.000000	0.000036	278.006952	3.8
4	247.746416	0.000000	0.000036	212.037268	4.2
5	263.729761	0.000000	0.000036	261.897874	4.7
6	231.524679	0.000000	0.000036	238.264765	5.0
7	252.480643	0.752147	0.000035	346.839118	4.9
8	242.035976	1.752071	0.000034	345.715606	4.9
9	247.137886	2.752071	0.000032	132.728472	4.6
10	240.000028	2.741630	0.000032	157.542564	5.4
11	253.840282	2.820097	0.000032	181.767051	6.5
12	241.902708	2.809667	0.000032	384.368801	5.4
13	247.117710	3.809628	0.000031	223.275451	3.6
14	249.889514	4.809626	0.000030	213.703492	3.9
15	248.189229	5.801288	0.000028	308.479961	4.7
16	243.768074	6.800815	0.000027	137.613227	4.2
17	230.850137	7.765932	0.000027	84.845863	3.8
18	245.905469	7.779017	0.000027	103.618523	3.8
19	250.187674	7.809709	0.000026	99.544999	3.6
20	254.478384	7.839414	0.000026	137.161562	3.4
21	247.223560	7.962648	0.000026	252.033293	5.0
22	252.859479	8.906161	0.000026	65.642771	5.7
23	238.830072	8.896066	0.000026	148.548469	4.5
24	247.200244	8.937168	0.000025	122.268720	4.5
25	236.576156	8.926905	0.000026	103.982820	4.4
26	252.815041	9.007953	0.000025	239.738167	4.0
27	241.302368	9.599172	0.000025	133.254620	3.9
28	238.474987	10.482171	0.000024	66.221943	3.7
29	235.049387	10.474110	0.000024	84.796131	4.9
30	234.106976	10.472750	0.000024	246.739901	4.7
31	245.057277	10.780885	0.000024	337.205321	4.8
32	240.171061	11.780884	0.000023	151.672329	4.0
33	236.658791	11.777804	0.000023	70.196819	3.9
34	243.173268	11.798567	0.000023	145.126072	3.9
35	253.181520	11.791540	0.000023	140.867796	3.2
36	243.315502	11.785285	0.000023	61.676149	5.5
37	237.965661	11.778385	0.000023	84.104484	4.0
38	238.021672	11.784389	0.000023	132.233193	3.9
39	247.153186	11.822569	0.000023	173.793867	3.5
40	231.185103	12.268287	0.000023	50.061780	2.7
41	245.641088	12.262839	0.000023	183.006009	3.0
42	243.511272	12.256177	0.000023	268.470202	2.8
43	239.343345	13.253108	0.000022	162.551401	4.4
44	243.978215	14.246681	0.000022	39.828064	2.8
45	247.372949	14.246611	0.000022	315.186407	2.9
46	247.521949	14.244801	0.000022	159.070921	3.2
47	237.621628	15.223819	0.000021	54.016110	5.3
48	247.498308	15.257911	0.000021	39.988372	5.7
49	248.547910	15.257934	0.000021	204.267272	3.4
50	251.962980	15.250327	0.000021	57.642315	3.3
51	236.377305	15.298332	0.000021	136.269131	5.1
52	242.546397	15.293280	0.000021	134.086403	5.0
53	259.091509	15.421498	0.000021	84.803418	6.9
54	244.930707	15.472541	0.000021	165.820075	5.0
55	238.497458	15.546044	0.000021	150.259590	5.2
56	241.331985	15.976511	0.000021	148.619911	4.8
57	250.288605	15.966241	0.000021	293.381177	4.8
58	237.183043	16.952746	0.000020	232.082337	4.8
59	244.566083	17.952702	0.000020	55.987870	5.1
60	246.626425	18.031353	0.000020	120.124892	5.5
61	231.251277	18.034692	0.000020	295.553327	4.6
62	239.206997	18.066249	0.000020	55.619914	5.2
63	230.223272	18.212180	0.000019	145.797271	3.7
64	238.870133	18.203644	0.000019	140.352433	6.8
65	239.202587	18.208520	0.000019	98.911269	4.9
66	234.513904	18.200005	0.000019	43.347295	4.9
67	242.802019	18.202244	0.000019	56.733254	4.0
68	244.421332	18.205130	0.000019	83.935901	3.0
69	237.202015	18.215801	0.000019	63.726407	5.0
70	248.147756	18.209548	0.000019	66.331649	3.5
71	248.339019	18.207592	0.000019	131.428014	3.5
72	236.910611	18.200340	0.000019	332.592370	3.9
73	245.913099	19.189714	0.000019	216.699534	4.6
74	245.442701	20.189702	0.000019	86.939147	5.3
75	253.092253	20.180086	0.000019	96.874140	5.0
76	239.145393	20.171483	0.000019	239.909710	4.5
77	247.814051	20.616306	0.000018	125.244583	4.7
78	242.495976	20.605893	0.000018	114.695586	3.6
79	237.872604	20.604425	0.000018	217.863732	4.3
80	246.188419	20.595210	0.000018	138.478758	4.1
81	241.483827	21.457682	0.000018	58.481338	5.0
82	238.614708	21.478830	0.000018	149.453087	4.8
83	243.666413	21.503978	0.000018	72.288711	2.8
84	247.993834	21.500944	0.000018	33.264887	2.8
85	244.735754	21.498235	0.000018	42.891410	2.8
86	242.496920	21.496280	0.000018	75.706672	5.5
87	241.215006	21.490906	0.000018	42.683768	3.9
88	231.252307	21.486147	0.000018	81.425133	5.0
89	246.455337	21.489383	0.000018	127.257395	5.3
90	239.778963	21.529099	0.000018	102.152774	4.0
91	243.177696	21.578508	0.000018	303.079844	5.0
92	241.103093	22.445210	0.000018	160.727441	4.6
93	255.114157	23.442433	0.000017	51.520502	4.3
94	217.174197	23.434865	0.000017	384.875445	3.8
95	235.291481	23.424796	0.000017	309.916649	4.2
96	238.380653	24.424796	0.000017	59.205039	4.2
97	247.310346	24.550303	0.000017	113.160204	3.3
98	236.216967	24.565169	0.000017	131.923369	6.4
99	241.371623	24.705193	0.000017	223.712863	2.8
100	240.738568	25.566269	0.000016	79.494098	4.2
101	232.855948	25.827326	0.000016	122.033467	2.8
102	233.297063	25.818548	0.000016	60.352315	2.9
103	238.047167	25.811251	0.000016	198.043123	7.1
104	258.244027	25.905888	0.000016	51.409814	3.6
105	231.107312	25.906889	0.000016	98.645980	4.9
106	239.472833	25.903123	0.000016	87.358146	4.9
107	241.643408	25.939498	0.000016	129.920436	5.4
108	249.069126	25.930204	0.000016	111.065675	4.5
109	241.038928	25.928803	0.000016	85.277720	4.4
110	247.492730	25.923669	0.000016	222.056206	4.5
111	243.549875	25.914032	0.000016	263.564778	3.5
112	244.331443	26.913807	0.000016	136.218094	3.3
113	243.345093	26.903683	0.000016	148.448194	3.9
114	244.847660	26.906795	0.000016	63.123419	3.2
115	251.187128	26.934473	0.000016	88.203315	3.1
116	232.709906	26.931332	0.000016	75.647659	4.8
117	231.091598	26.937024	0.000016	203.759007	3.6
118	239.093089	26.964631	0.000016	58.165780	2.8
119	235.239351	26.974083	0.000016	117.713567	2.8
120	244.957094	26.967810	0.000016	139.870568	4.3
121	249.089819	27.185407	0.000016	129.386075	3.7
122	248.998321	27.454013	0.000016	49.042909	2.8
123	242.909756	27.460142	0.000016	104.559881	5.7
124	230.014678	27.468342	0.000016	171.612659	5.2
125	239.792206	27.692687	0.000016	140.313186	5.3
126	241.866308	28.249998	0.000015	120.578117	3.6
127	232.455824	28.239965	0.000015	156.956679	3.8
128	243.660975	28.338266	0.000015	80.344954	4.3
129	246.939453	28.332571	0.000015	80.796669	4.2
130	241.618071	28.325405	0.000015	148.180236	5.0
131	237.025257	28.315776	0.000015	182.366507	3.7
132	238.898778	29.091534	0.000015	162.631039	4.6
133	240.176183	29.312776	0.000015	199.555006	6.0
134	233.005292	30.008138	0.000015	93.541491	5.3
135	241.468118	29.999088	0.000015	295.009733	2.7
136	249.567436	30.017465	0.000015	288.114698	2.9
137	240.901460	31.017465	0.000015	110.453243	3.8
138	238.667655	31.007030	0.000015	171.390930	3.6
139	233.716252	31.266549	0.000015	218.143362	4.9
140	245.122017	31.256120	0.000015	105.571628	5.1
141	238.434618	31.600034	0.000015	158.934747	5.1
142	238.769994	31.589840	0.000015	267.702551	4.1
143	240.571426	32.577068	0.000014	71.122891	3.9
144	239.638402	32.567723	0.000014	89.147879	3.6
145	240.827939	32.563000	0.000014	109.544650	4.4
146	245.400911	32.589300	0.000014	70.568897	2.8
147	250.189473	32.596220	0.000014	119.958031	2.8
148	240.278536	32.588110	0.000014	97.205595	6.3
149	240.345868	32.578999	0.000014	103.219617	3.0
150	251.368021	32.572088	0.000014	47.393409	3.3
151	232.974009	32.569252	0.000014	92.779424	3.9
152	248.155927	32.565271	0.000014	68.266735	4.0
153	241.010918	32.577729	0.000014	79.437348	5.2
154	229.188311	32.590100	0.000014	110.112301	3.2
155	250.260518	32.615077	0.000014	91.355958	3.5
156	248.362315	32.617129	0.000014	107.975132	3.5
157	239.391296	32.623597	0.000014	72.941079	3.5
158	242.804152	32.626404	0.000014	84.588903	2.9
159	238.526130	32.645875	0.000014	120.388027	4.7
160	233.850281	32.701143	0.000014	71.052134	4.7
161	233.853224	32.717887	0.000014	139.170927	3.8
162	234.411531	32.709647	0.000014	119.059512	4.2
163	239.256077	32.711784	0.000014	242.278948	3.6
164	249.123469	32.708730	0.000014	105.560580	3.5
165	243.175883	33.341329	0.000014	126.481454	3.7
166	235.954773	33.449554	0.000014	188.720031	4.8
167	238.100884	33.443275	0.000014	227.450834	3.6
168	244.770625	34.421994	0.000014	130.491137	4.3
169	249.360289	34.411579	0.000014	63.185530	4.3
170	239.041988	34.409264	0.000014	188.953742	6.0
171	233.459661	34.402573	0.000014	99.131384	5.2
172	250.604569	34.722142	0.000014	31.055185	4.7
173	247.037150	34.722785	0.000014	112.248710	5.5
174	239.407477	34.723034	0.000014	118.058792	4.8
175	254.120569	34.718493	0.000014	96.822067	5.2
176	238.675330	34.769266	0.000014	124.336660	4.6
177	247.817881	34.760075	0.000014	86.655851	4.6
178	244.361009	34.830770	0.000014	154.545601	5.2
179	234.318848	34.821034	0.000014	169.863264	5.9
180	245.299150	35.536871	0.000013	80.626001	3.9
181	227.286568	35.626457	0.000013	43.400139	4.0
182	242.591357	35.621192	0.000013	62.754456	5.4
183	249.424571	35.624281	0.000013	71.964991	3.1
184	241.047117	35.622985	0.000013	149.358135	3.1
185	247.956235	35.614394	0.000013	216.228968	3.7
186	234.166067	36.538361	0.000013	109.562052	3.1
187	239.268773	36.527981	0.000013	299.177150	6.1
188	232.316199	37.290683	0.000013	240.973269	2.6
189	238.034617	38.290657	0.000013	117.927161	2.9
190	245.559880	38.731778	0.000013	129.676607	6.3
191	246.216580	38.723188	0.000013	110.223542	4.7
192	253.629879	38.828666	0.000013	190.465717	2.5
193	233.740414	38.818567	0.000013	90.196910	2.6
194	246.198914	38.808352	0.000013	140.293506	5.2
195	233.737218	38.888957	0.000013	39.517753	3.2
196	243.807674	38.882639	0.000013	49.253092	3.2
197	245.268964	38.879508	0.000013	53.832190	3.2
198	242.372562	38.878522	0.000013	115.721680	3.1
199	229.836891	38.872030	0.000013	74.474458	3.0
200	254.972812	38.863736	0.000013	63.715738	5.7
201	234.104508	38.867877	0.000013	43.907364	3.0
202	237.901222	38.870542	0.000013	159.306038	2.9
203	240.707169	38.881084	0.000013	100.001687	3.0
204	234.363482	39.086560	0.000013	154.044766	3.2
205	230.832749	39.271531	0.000013	62.955664	3.1
206	228.503913	39.313889	0.000013	87.350368	5.0
207	244.398166	39.309434	0.000013	49.626881	6.1
208	249.380344	39.310041	0.000013	83.138413	3.7
209	248.321648	39.307437	0.000013	82.009234	3.6
210	247.945512	39.299639	0.000013	32.234698	3.4
211	236.198466	39.299690	0.000013	72.397274	3.3
212	245.919657	39.297680	0.000013	45.221127	4.7
213	238.904308	39.293274	0.000013	119.693598	3.1
214	231.188642	39.290648	0.000013	106.963439	3.2
215	246.780859	39.280815	0.000013	321.853633	3.3
216	245.812737	40.091666	0.000012	81.788027	3.3
217	251.457739	40.711106	0.000012	61.545122	4.9
218	242.357802	40.705878	0.000012	177.103269	5.0
219	249.802407	40.698950	0.000012	61.055531	4.2
220	249.851510	40.715169	0.000012	104.602480	4.2
221	241.118185	40.707794	0.000012	77.786188	6.2
222	250.936310	40.711268	0.000012	126.913553	5.1
223	233.924230	40.726616	0.000012	198.516105	5.0
224	241.843875	41.419551	0.000012	105.322635	5.0
225	255.146756	41.644602	0.000012	33.576733	3.3
226	234.995337	41.640088	0.000012	63.615486	5.0
227	239.418482	41.638873	0.000012	107.493384	3.7
228	243.650258	41.644693	0.000012	97.359136	4.3
229	242.708068	41.698822	0.000012	199.040217	4.8
230	240.097376	41.755073	0.000012	120.968235	3.3
231	241.701794	42.312963	0.000012	124.812399	3.2
232	242.567863	42.449835	0.000012	69.241549	5.8
233	242.846825	42.449221	0.000012	96.601936	3.0
234	241.814916	42.442637	0.000012	49.404373	3.0
235	238.467762	42.446642	0.000012	110.720537	3.6
236	242.605276	42.439972	0.000012	125.718036	6.2
237	241.306272	42.533815	0.000012	120.719151	6.2
238	245.445375	42.676780	0.000012	92.332035	5.0
239	232.947211	42.670723	0.000012	143.169344	5.0
240	245.850487	42.734554	0.000012	158.805302	4.4
241	244.825406	42.755633	0.000012	210.265843	5.1
242	250.061281	43.597638	0.000012	101.090883	4.6
243	244.400018	43.621756	0.000012	203.992587	3.9
244	254.067851	43.617583	0.000012	84.015150	4.0
245	233.706766	43.618672	0.000012	62.444234	4.1
246	242.521954	43.613981	0.000012	46.152061	6.0
247	241.847850	43.611691	0.000012	63.307721	6.1
248	240.576503	43.607203	0.000012	125.460363	3.8
249	247.663127	43.633585	0.000012	219.507317	3.9
250	229.448770	43.623171	0.000012	201.327602	3.8
251	233.252696	43.612726	0.000012	93.073848	3.8
252	247.183008	43.611246	0.000012	223.380160	3.7
253	233.979534	43.603994	0.000012	111.644786	3.4
254	240.552453	43.595174	0.000012	125.223246	7.5
255	234.801970	43.599898	0.000012	47.171515	3.4
256	239.496232	43.599647	0.000012	113.542733	3.4
257	232.440232	43.596615	0.000012	143.693558	4.6
258	238.932728	43.589085	0.000012	152.602046	4.3
259	245.275440	44.103255	0.000012	129.422699	4.9
260	249.281488	44.424540	0.000012	268.319314	4.7
261	251.713390	45.365060	0.000012	134.559103	4.5
262	241.704306	46.109899	0.000011	64.883205	4.5
263	243.884616	46.103080	0.000011	120.330527	4.6
264	234.329886	46.124585	0.000011	56.833295	5.0
265	249.861220	46.118019	0.000011	199.110293	4.9
266	238.051195	46.144212	0.000011	201.801969	3.7
267	253.290206	47.086486	0.000011	99.773527	4.7
268	237.165736	47.419355	0.000011	98.092331	4.6
269	252.700980	47.424508	0.000011	126.617744	5.2
270	252.999423	47.416593	0.000011	99.254809	5.0
271	234.117929	47.502291	0.000011	144.930462	4.8
272	243.826093	47.619957	0.000011	68.833542	2.6
273	232.379865	47.610810	0.000011	110.056832	2.6
274	247.864762	47.636555	0.000011	72.675776	4.9
275	239.514551	47.630600	0.000011	150.335325	3.4
276	244.285294	47.624914	0.000011	58.607686	3.7
277	240.708369	47.631856	0.000011	225.263083	4.2
278	241.252271	47.657046	0.000011	81.477074	3.0
279	243.711963	47.647251	0.000011	88.078755	4.5
280	235.640789	47.643690	0.000011	139.870006	5.0
281	249.561164	47.641189	0.000011	87.223767	4.3
282	231.938284	47.632020	0.000011	71.496026	4.4
283	249.300141	47.630421	0.000011	152.365544	4.5
284	245.982757	47.626625	0.000011	76.769039	4.3
285	235.473315	47.617110	0.000011	190.503720	3.5
286	239.357219	47.607245	0.000011	80.101998	3.6
287	239.814241	47.753571	0.000011	82.382179	4.2
288	246.140790	47.763246	0.000011	350.943845	4.4
289	232.130261	47.908102	0.000011	106.251303	3.2
290	249.319489	48.796432	0.000011	151.861692	3.8
291	235.355527	48.786418	0.000011	175.667907	3.9
292	239.454394	49.552705	0.000011	74.568575	4.8
293	247.465790	49.595968	0.000011	54.718513	3.8
294	236.086155	49.591994	0.000011	118.138859	3.8
295	244.761781	49.585485	0.000011	107.488472	4.1
296	247.680308	49.578179	0.000011	95.659787	4.0
297	246.671729	49.573971	0.000011	83.558742	3.7
298	246.425890	49.586469	0.000011	171.062794	3.6
299	238.725184	49.667133	0.000011	46.224183	4.9
300	239.673338	49.680126	0.000011	157.495565	5.2
301	235.349746	49.672188	0.000011	153.672672	5.1
302	222.413798	49.661795	0.000011	36.396252	4.7
303	250.983052	49.656281	0.000011	171.375369	4.6
304	243.839122	49.670507	0.000011	102.296731	3.8
305	250.385077	49.662425	0.000011	47.481734	3.8
306	237.584642	49.655654	0.000011	101.750625	3.7
307	241.754353	49.653342	0.000011	41.331889	4.9
308	239.707958	49.649165	0.000011	76.601252	5.0
309	233.181814	49.648640	0.000011	98.380642	5.0
310	244.085769	49.640257	0.000011	154.601210	2.8
311	229.477337	49.635428	0.000011	111.613188	2.8
312	232.437572	49.793571	0.000011	121.130419	2.8
313	240.259522	49.800180	0.000011	103.184502	2.8
314	235.535609	49.792979	0.000011	25.001927	2.9
315	230.619974	49.793559	0.000011	68.964999	2.6
316	240.797489	49.791669	0.000011	45.603142	3.6
317	235.715585	49.795624	0.000011	26.401292	2.5
318	233.749150	49.793329	0.000011	225.512169	4.6
319	229.257236	49.794939	0.000011	228.721203	4.6
320	238.919187	50.792933	0.000011	134.267875	3.6
321	230.704825	51.647721	0.000011	52.167837	3.3
322	247.163037	51.650464	0.000011	90.399125	3.6
323	234.902052	51.649363	0.000011	110.248280	2.5
324	250.284519	51.645176	0.000011	153.747794	2.1
325	232.516590	51.646936	0.000011	140.506861	2.0
326	243.706345	52.015799	0.000010	236.501423	2.1
327	244.911890	52.946508	0.000010	263.641545	2.1
328	237.418992	53.946416	0.000010	81.320413	2.1
329	249.896411	53.936525	0.000010	105.777640	3.9
330	240.708288	53.967307	0.000010	202.041468	2.1
331	235.117285	54.074611	0.000010	84.546817	2.2
332	242.769504	54.161593	0.000010	227.013633	2.3
333	247.084396	54.151372	0.000010	52.445881	2.4
334	242.514341	54.143849	0.000010	128.702655	2.3
335	244.785880	54.147180	0.000010	134.051059	2.5
336	233.966862	54.137213	0.000010	229.981283	3.9
337	231.894622	55.021876	0.000010	179.967253	2.3
338	250.210020	55.864863	0.000010	188.561886	2.3
339	236.829758	55.854429	0.000010	251.222644	2.4
340	240.985648	56.851412	0.000010	108.471203	2.6
341	229.865762	57.595080	0.000010	28.300194	2.7
342	239.513108	57.593542	0.000010	93.616576	3.0
343	240.064698	57.594384	0.000010	129.923484	3.6
344	241.756702	57.649509	0.000010	81.784029	3.5
345	245.560515	57.646711	0.000010	91.454803	2.4
346	243.347840	57.646506	0.000010	73.662035	4.8
347	229.768033	57.660810	0.000010	221.130271	4.9
348	257.058804	57.652131	0.000010	72.215362	4.2
349	236.309566	57.829207	0.000010	82.524369	3.8
350	239.000127	57.844104	0.000010	110.590378	3.7
351	240.105153	57.860799	0.000010	84.568878	3.2
352	238.816949	57.851653	0.000010	32.616777	3.2
353	234.288083	57.848887	0.000010	116.271021	3.3
354	242.707762	57.849183	0.000010	134.489472	3.0
355	236.126447	58.024040	0.000010	193.174685	3.0
356	233.743456	58.481289	0.000010	192.353497	4.8
357	227.748503	59.456820	0.000009	90.286441	4.8
358	242.742493	59.488516	0.000009	97.740883	4.8
359	236.650908	59.523813	0.000009	65.747229	4.1
360	247.019187	59.520976	0.000009	174.116762	4.7
361	245.868095	59.511601	0.000009	248.545832	4.8
362	228.426500	60.503735	0.000009	225.517092	4.7
363	243.868615	60.493290	0.000009	177.789045	3.8
364	232.609522	61.471901	0.000009	46.656539	3.6
365	236.722434	61.464412	0.000009	158.259244	3.6
366	244.784196	61.456985	0.000009	153.486149	2.8
367	227.489024	61.762635	0.000009	84.670990	2.8
368	246.665948	61.753483	0.000009	166.925180	2.9
369	241.117012	61.744186	0.000009	99.757015	4.7
370	240.242771	61.760137	0.000009	131.646652	5.0
371	254.839926	61.750305	0.000009	240.897413	5.0
372	239.507829	61.739878	0.000009	291.322661	3.9
373	237.298895	62.739857	0.000009	59.735843	3.6
374	243.171787	62.730009	0.000009	95.362311	4.0
375	234.071122	62.724056	0.000009	92.038286	3.8
376	240.970296	62.729645	0.000009	97.129861	3.6
377	235.975379	62.721471	0.000009	139.499987	3.1
378	224.679271	62.768210	0.000009	179.874236	3.1
379	235.689303	63.295227	0.000009	62.484263	3.1
380	236.376033	63.373204	0.000009	84.979787	3.2
381	243.113100	63.378682	0.000009	142.486530	3.1
382	236.009052	63.382362	0.000009	110.780627	3.1
383	231.163262	63.592847	0.000009	164.270766	3.3
384	254.236538	63.720401	0.000009	214.324075	3.2
385	240.463309	64.671200	0.000009	170.356832	3.2
386	231.339070	64.660758	0.000009	96.670075	4.8
387	242.659754	64.882250	0.000009	131.064438	4.6
388	232.872999	64.872515	0.000009	65.287253	3.5
389	238.874952	64.902102	0.000009	186.073127	3.5
390	227.986306	64.894882	0.000009	137.432346	3.5
391	237.783540	65.510972	0.000009	106.323266	3.7
392	238.456674	65.501384	0.000009	38.354059	3.8
393	245.693791	65.508404	0.000009	81.574026	3.9
394	231.256918	65.504724	0.000009	155.565109	3.3
395	248.235842	65.566248	0.000009	96.044310	3.3
396	236.776416	65.688137	0.000009	97.675857	4.9
397	233.093802	65.721571	0.000009	93.721546	4.2
398	243.176680	65.715043	0.000009	73.213189	3.1
399	239.816798	65.729083	0.000009	195.507553	3.5
400	240.677087	65.719389	0.000009	60.962253	3.5
401	245.823006	65.754043	0.000009	68.247591	3.5
402	238.294150	65.750130	0.000009	151.632146	4.8
403	237.054683	65.740985	0.000009	62.535890	4.4
404	243.656452	65.786453	0.000009	181.484235	4.4
405	235.737267	65.835747	0.000009	198.783419	4.0
406	228.296900	66.702697	0.000009	71.402282	4.1
407	240.615701	66.715425	0.000009	54.400442	4.3
408	238.474401	66.714114	0.000009	56.854205	4.2
409	248.045580	66.709471	0.000009	116.048195	3.9
410	241.749698	66.717814	0.000009	104.771226	3.4
411	243.516613	66.817744	0.000009	72.099668	3.4
412	238.293572	66.847982	0.000009	114.502756	3.4
413	232.886203	66.871184	0.000009	122.454130	3.4
414	239.959361	66.861230	0.000009	115.320388	2.9
415	241.074306	66.960517	0.000009	67.355509	2.8
416	251.365480	66.965561	0.000009	88.082340	2.8
417	234.625753	66.973666	0.000009	33.932833	2.7
418	250.658639	66.969558	0.000009	117.297465	2.6
419	235.655678	66.966372	0.000009	115.140715	2.5
420	236.736629	66.956812	0.000009	160.137951	2.6
421	235.670398	67.033843	0.000009	129.657401	2.7
422	244.016792	67.481576	0.000009	126.503845	3.3
423	234.772895	67.629827	0.000009	114.420446	2.9
424	238.135791	67.712328	0.000009	48.319130	2.8
425	243.755937	67.710853	0.000009	111.152491	2.5
426	243.400247	67.715375	0.000009	269.682009	2.4
427	240.752531	68.511271	0.000009	49.868676	2.5
428	240.558730	68.501543	0.000009	113.134284	2.5
429	257.935371	68.496526	0.000009	136.203889	4.1
430	240.203964	68.489020	0.000009	84.887944	3.5
431	253.665070	68.500152	0.000009	62.894018	3.5
432	252.925299	68.507269	0.000009	72.148419	4.6
433	239.589029	68.503811	0.000009	145.331803	4.5
434	223.914041	68.495918	0.000009	140.593852	3.6
435	238.930208	68.485631	0.000009	87.717217	3.7
436	240.996676	68.476506	0.000009	268.436788	5.0
437	233.985344	68.492286	0.000009	70.478404	4.1
438	240.883165	68.482044	0.000009	90.641032	4.5
439	246.553539	68.477609	0.000009	182.188304	3.7
440	237.627595	68.475146	0.000009	107.118975	4.0
441	233.962508	68.841216	0.000008	325.007619	5.7
442	241.505567	68.830782	0.000008	204.871405	5.0
443	234.761586	69.830734	0.000008	180.795792	7.3
444	229.167338	69.820293	0.000008	96.921558	4.8
445	234.238131	69.882747	0.000008	100.185059	6.1
446	235.665546	69.902915	0.000008	93.384937	4.1
447	230.879123	69.950885	0.000008	223.217751	5.7
448	241.809707	69.940539	0.000008	71.880732	5.0
449	228.217486	69.930991	0.000008	59.525289	3.1
450	236.206504	69.935685	0.000008	52.030700	5.0
451	243.471588	69.939341	0.000008	146.719423	5.1
452	230.578739	69.932073	0.000008	111.378395	4.7
453	229.322396	70.102229	0.000008	129.027371	6.9
454	232.983241	70.135383	0.000008	51.049051	4.8
455	240.458251	70.132218	0.000008	166.610896	5.2
456	236.437437	70.126024	0.000008	240.584475	5.1
457	231.437343	70.115582	0.000008	94.947307	4.7
458	245.864161	70.391703	0.000008	44.633041	4.5
459	241.313809	70.386256	0.000008	71.833283	4.3
460	242.905166	70.384945	0.000008	37.883213	4.2
461	226.281836	70.382290	0.000008	145.066249	3.2
462	235.501030	70.380898	0.000008	46.521533	3.2
463	235.262760	70.382548	0.000008	69.285511	3.2
464	237.144772	70.378405	0.000008	29.158723	2.8
465	241.750016	70.375625	0.000008	147.735279	2.9
466	239.236576	70.371337	0.000008	107.287542	2.9
467	238.936279	70.362787	0.000008	76.672414	2.9
468	246.821434	70.370729	0.000008	81.793920	2.7
469	238.338069	70.365496	0.000008	82.316796	2.7
470	231.765725	70.358088	0.000008	84.125073	2.9
471	244.580002	70.356618	0.000008	134.995463	3.0
472	224.665533	70.374968	0.000008	121.080633	3.1
473	232.338660	70.516592	0.000008	243.607566	3.0
474	243.950850	71.220191	0.000008	127.385118	3.1
475	218.404236	72.110467	0.000008	94.752057	3.2
476	237.468302	72.101123	0.000008	96.283187	3.1
477	227.649863	72.105776	0.000008	93.891504	3.0
478	238.187017	72.101772	0.000008	43.621587	2.9
479	241.536667	72.098208	0.000008	67.299812	2.9
480	239.831811	72.097438	0.000008	175.255294	2.7
481	241.253036	72.098764	0.000008	133.491414	2.5
482	218.987062	72.661358	0.000008	137.045565	2.5
483	239.348879	72.651133	0.000008	100.671102	2.5
484	241.530575	72.641301	0.000008	106.165355	2.6
485	248.694149	72.693490	0.000008	124.156291	2.9
486	235.435315	72.683628	0.000008	104.681021	3.0
487	238.829702	72.731911	0.000008	59.486836	3.3
488	241.794891	72.725818	0.000008	102.107319	2.9
489	243.060019	72.736381	0.000008	88.872246	2.8
490	246.944709	72.730846	0.000008	104.294277	2.8
491	245.332411	72.722692	0.000008	89.610395	2.1
492	239.796153	72.775983	0.000008	72.744329	2.8
493	240.994874	72.770841	0.000008	58.161787	2.4
494	240.732737	72.768698	0.000008	82.419178	2.5
495	231.125584	72.769363	0.000008	65.509512	2.3
496	236.422471	72.773242	0.000008	112.490728	2.2
497	246.087283	72.797353	0.000008	48.166931	2.2
498	240.390965	72.798808	0.000008	85.613687	2.4
499	236.796303	72.794673	0.000008	298.211856	4.7
500	241.463651	73.492226	0.000008	76.517019	5.0
501	230.257367	73.495333	0.000008	116.579110	4.7
502	237.017865	73.513511	0.000008	206.175703	3.7
503	238.652633	73.505024	0.000008	62.696090	3.8
504	233.296235	73.504436	0.000008	53.069241	2.6
505	245.117540	73.506932	0.000008	135.873164	2.4
506	227.614537	73.498698	0.000008	113.788616	2.4
507	250.448428	73.698552	0.000008	119.086039	2.6
508	252.218708	73.689278	0.000008	83.001631	2.5
509	238.896687	73.692078	0.000008	95.609138	2.3
510	236.301864	73.716231	0.000008	151.398555	2.4
511	243.812501	73.706349	0.000008	266.891493	2.3
512	236.506591	73.695906	0.000008	220.735243	2.4
513	245.662160	74.695676	0.000008	92.542073	2.5
514	232.746383	74.686064	0.000008	94.216824	2.5
515	236.496597	74.677470	0.000008	49.400999	2.5
516	235.214595	74.685430	0.000008	28.900426	2.4
517	241.892616	74.683078	0.000008	70.497443	2.6
518	248.965714	74.680662	0.000008	66.558227	2.5
519	251.172274	74.676473	0.000008	85.367699	2.6
520	237.597714	74.674908	0.000008	70.140666	2.6
521	246.184612	74.693225	0.000008	92.663641	2.7
522	238.943531	74.686511	0.000008	85.381109	2.6
523	237.127870	74.687374	0.000008	247.111917	2.6
524	239.745687	74.684122	0.000008	110.942357	2.7
525	242.728833	75.444723	0.000008	65.008164	2.7
526	238.793880	75.436586	0.000008	48.821493	2.7
527	241.304146	75.433414	0.000008	141.744023	2.8
528	227.443432	75.425734	0.000008	86.311150	2.8
529	248.012911	75.416537	0.000008	96.504589	2.7
530	239.296482	75.444380	0.000008	44.223500	2.7
531	241.006528	75.449814	0.000008	98.962280	2.7
532	240.047348	75.446622	0.000008	202.386011	2.8
533	239.659656	75.458767	0.000008	40.678176	2.6
534	248.896229	75.484839	0.000008	57.257487	2.7
535	235.681171	75.481265	0.000008	152.411359	2.7
536	232.472174	75.486784	0.000008	141.599473	2.6
537	237.251190	75.826785	0.000008	40.857975	2.8
538	244.126808	75.834590	0.000008	84.138464	2.7
539	247.091430	75.836721	0.000008	92.672487	2.9
540	235.920456	75.839952	0.000008	218.621342	3.0
541	233.471352	75.832678	0.000008	56.104451	2.9
542	239.786315	75.895523	0.000008	72.483916	2.9
543	248.400182	75.889927	0.000008	129.920696	2.9
544	246.068086	75.922807	0.000008	50.258737	3.0
545	238.974471	75.933607	0.000008	79.685230	3.9
546	235.752759	75.940177	0.000008	52.364311	3.4
547	237.255252	75.934610	0.000008	74.386111	3.9
548	237.820491	75.931841	0.000008	99.176821	3.1
549	237.763245	75.931503	0.000008	58.374422	3.5
550	239.409694	75.925048	0.000008	104.921763	4.8
551	238.346249	75.917395	0.000008	216.859242	3.6
552	235.107140	76.272140	0.000008	100.022542	3.6
553	245.673393	76.407361	0.000008	114.239543	2.8
554	232.059601	76.399867	0.000008	135.560234	9.2
555	239.998898	76.389849	0.000008	82.436170	4.2
556	242.471360	76.383564	0.000008	102.523315	3.8
557	225.536770	76.375583	0.000008	86.341938	3.7
558	233.189080	76.367231	0.000008	39.691217	3.1
559	237.991555	76.362396	0.000008	286.605539	3.1
560	242.945039	76.373767	0.000008	140.107861	3.0
561	246.530037	76.373345	0.000008	70.120638	3.2
562	244.595767	76.376701	0.000008	176.085912	3.4
563	219.297944	76.367305	0.000008	28.823552	3.2
564	241.198065	76.366823	0.000008	184.826462	2.6
565	245.365502	76.370419	0.000008	102.602382	4.6
566	241.093748	76.400128	0.000008	121.504226	2.6
567	230.260064	76.391585	0.000008	76.070211	2.5
568	227.856061	76.383151	0.000008	147.532227	2.6
569	244.064601	76.374985	0.000008	62.580819	2.6
570	239.185748	76.387808	0.000008	64.784995	2.6
571	237.762926	76.382663	0.000008	121.289848	2.7
572	227.611132	76.409329	0.000008	98.197053	2.7
573	235.789382	76.508931	0.000008	89.997452	5.0
574	243.580601	76.501923	0.000008	99.859580	3.0
575	247.901197	76.499518	0.000008	162.431387	3.2
576	240.474892	76.609400	0.000008	177.117060	3.0
577	229.874577	76.598980	0.000008	55.956477	3.1
578	247.170848	76.632637	0.000008	175.184805	3.0
579	244.529109	76.676571	0.000008	91.936068	3.0
580	241.895722	76.878897	0.000008	85.431995	3.1
581	235.171824	76.870263	0.000008	153.388202	3.0
582	235.630259	76.860693	0.000008	90.457034	3.0
583	238.162271	76.850755	0.000008	77.064422	3.0
584	239.881437	76.842900	0.000008	126.904925	2.8
585	240.563482	76.870729	0.000008	59.581867	2.8
586	244.806550	76.862359	0.000008	135.583280	2.8
587	241.326017	76.894934	0.000008	99.290330	2.8
588	227.719305	77.001462	0.000008	146.055639	2.7
589	243.825486	76.995267	0.000008	72.405074	2.9
590	234.193338	76.988352	0.000008	59.041259	4.7
591	226.793058	76.993803	0.000008	94.333086	4.6
592	230.699308	76.999551	0.000008	204.871837	4.5
593	231.872708	77.353428	0.000008	69.454698	3.6
594	250.654997	77.346581	0.000008	103.639212	3.6
595	232.616707	77.340411	0.000008	84.988373	3.5
596	232.342329	77.372382	0.000008	180.788391	3.2
597	235.293658	77.362460	0.000008	86.753482	3.2
598	236.191202	77.352964	0.000008	70.504262	3.2
599	234.370278	77.368889	0.000008	54.935054	3.0
600	241.537542	77.366908	0.000008	187.487517	3.1
601	238.426465	77.360519	0.000008	189.732752	3.0
602	243.085746	78.181261	0.000008	67.517933	3.0
603	225.836296	78.234143	0.000008	48.658591	3.1
604	241.647924	78.235278	0.000008	95.216535	3.1
605	239.724359	78.231254	0.000008	36.954659	2.8
606	240.125862	78.226720	0.000008	89.849621	2.7
607	230.252101	78.228958	0.000008	48.676624	4.3
608	233.931191	78.237303	0.000008	117.947061	3.2
609	246.093848	78.252182	0.000008	109.065405	3.1
610	241.646317	78.306545	0.000008	64.939097	3.1
611	237.366565	78.330801	0.000008	87.187828	2.9
612	234.534196	78.323657	0.000008	106.982344	3.8
613	239.424380	78.314934	0.000008	191.406062	3.6
614	237.095894	78.749000	0.000008	52.814847	3.0
615	238.128046	78.766948	0.000008	60.299372	4.4
616	239.667140	78.763199	0.000008	53.368451	2.5
617	248.303187	78.766549	0.000008	52.913088	2.3
618	239.664905	78.762650	0.000008	46.397164	2.2
619	230.951649	78.765857	0.000008	186.575552	2.4
620	225.522477	78.758301	0.000008	92.855715	2.4
621	238.813963	78.748379	0.000008	71.112392	2.2
622	236.008350	78.751177	0.000008	134.310435	2.3
623	236.723640	78.785369	0.000008	250.903881	2.3
624	246.586288	78.837364	0.000008	121.284794	4.6
625	238.850697	78.826958	0.000008	104.156528	2.5
626	229.698404	78.818535	0.000008	103.794995	2.4
627	239.323718	78.810895	0.000008	93.377664	2.5
628	238.977997	78.824716	0.000008	62.751398	2.6
629	242.438695	78.832806	0.000008	66.188360	2.6
630	241.297874	78.843561	0.000008	131.644660	2.5
631	239.250294	78.834683	0.000008	44.508382	2.5
632	230.956307	78.841504	0.000008	81.079962	3.8
633	242.198279	78.837536	0.000008	175.037247	2.9
634	241.170430	78.833386	0.000008	51.455446	6.3
635	237.853580	78.825417	0.000008	114.886704	4.8
636	249.445358	78.818745	0.000008	45.096617	5.0
637	242.664069	78.813600	0.000008	112.175820	3.7
638	230.437474	78.808131	0.000008	45.978118	5.2
639	243.932329	78.814145	0.000008	91.075392	4.9
640	237.599014	78.810606	0.000008	52.922727	5.6
641	237.123548	78.815060	0.000008	117.383535	4.4
642	243.035489	78.816170	0.000008	72.764100	4.5
643	238.217418	78.849221	0.000008	72.046138	4.1
644	241.910137	78.842205	0.000008	83.385432	4.0
645	240.366799	78.837055	0.000008	123.440438	4.0
646	239.205505	78.879018	0.000008	152.833167	3.1
647	248.995535	78.881397	0.000008	108.477391	3.2
648	235.232195	78.873525	0.000008	227.539961	3.1
649	237.935799	78.913900	0.000008	179.746475	3.0
650	246.423632	79.895298	0.000008	126.174253	4.9
651	235.271021	80.341629	0.000008	31.555767	4.9
652	239.099312	80.341206	0.000008	70.912045	5.0
653	233.473874	80.338573	0.000008	35.684907	3.9
654	242.135876	80.338168	0.000008	186.465296	4.3
655	244.956033	80.337831	0.000008	44.186445	4.2
656	233.958075	80.329390	0.000008	212.162578	3.4
657	237.438983	80.372390	0.000008	160.070852	3.3
658	224.929344	80.361966	0.000008	140.389093	3.3
659	238.229340	80.896495	0.000007	86.056414	3.0
660	225.638311	80.888965	0.000007	101.595633	3.0
661	246.198436	80.923658	0.000007	90.197964	3.0
662	227.014592	80.914658	0.000007	69.853145	3.2
663	238.812119	80.918775	0.000007	130.848321	3.2
664	230.319970	80.957012	0.000007	78.132609	3.2
665	240.612607	80.997197	0.000007	171.944814	3.5
666	239.172274	80.987361	0.000007	86.677361	3.5
667	236.753524	80.978224	0.000007	78.297553	3.4
668	248.854479	80.980652	0.000007	89.472701	2.8
669	242.872263	80.974003	0.000007	172.563030	2.8
670	234.502062	80.963882	0.000007	233.336328	2.8
671	238.083742	81.937451	0.000007	55.354144	2.7
672	246.756226	82.012408	0.000007	51.631681	2.6
673	237.336001	82.015654	0.000007	82.082316	2.6
674	222.021902	82.023220	0.000007	99.704990	4.0
675	253.491066	82.015758	0.000007	139.559939	2.6
676	242.864420	82.113469	0.000007	81.735061	2.7
677	243.629768	82.109451	0.000007	83.314018	2.6
678	241.165600	82.102423	0.000007	110.278306	4.4
679	245.396119	82.146736	0.000007	61.256342	5.0
680	238.129274	82.141244	0.000007	116.410586	5.3
681	240.584194	82.135005	0.000007	119.616028	4.4
682	236.858996	82.260015	0.000007	96.393966	3.9
683	247.405171	82.334937	0.000007	245.151477	4.2
684	230.377951	82.695107	0.000007	58.229515	4.0
685	232.719947	82.689819	0.000007	138.106309	3.2
686	250.893747	82.696390	0.000007	112.871362	3.4
687	240.526319	82.687196	0.000007	50.814481	3.1
688	237.427466	82.680881	0.000007	74.633724	3.0
689	236.128526	82.678642	0.000007	50.220887	3.0
690	228.795560	82.679331	0.000007	121.854497	3.2
691	239.149793	82.684161	0.000007	195.754935	3.0
692	247.546360	82.673838	0.000007	33.365200	3.0
693	232.407125	82.668899	0.000007	125.951081	3.4
694	240.949445	82.670455	0.000007	71.751516	3.0
695	238.196481	82.664572	0.000007	170.499991	3.9
696	239.909050	82.657179	0.000007	177.064574	4.4
697	240.901468	82.646758	0.000007	108.386491	3.6
698	227.667501	82.648155	0.000007	110.602827	3.5
699	239.799213	82.687130	0.000007	167.706421	3.4
700	240.231844	82.678442	0.000007	108.795626	2.8
701	236.602752	82.668621	0.000007	75.974496	2.8
702	240.055252	82.662032	0.000007	68.904001	2.8
703	236.506670	82.666158	0.000007	97.737622	2.9
704	248.179969	82.660335	0.000007	79.708939	3.0
705	254.168546	82.669024	0.000007	159.670177	2.9
706	238.185698	82.710646	0.000007	30.700767	2.9
707	236.616890	82.715342	0.000007	115.616342	2.9
708	246.517640	82.717440	0.000007	176.366205	2.9
709	228.384099	82.912152	0.000007	44.886142	3.1
710	254.640586	82.918281	0.000007	66.213555	3.0
711	224.766627	82.917052	0.000007	46.470137	3.1
712	237.336072	82.918885	0.000007	45.379815	3.1
713	232.915275	82.915428	0.000007	203.687567	3.1
714	236.131554	82.912899	0.000007	106.239541	3.1
715	253.621066	82.902642	0.000007	32.260625	2.9
716	239.636435	82.899034	0.000007	107.972762	2.9
717	246.664935	82.899137	0.000007	72.977109	2.9
718	251.559517	82.894598	0.000007	119.925064	2.8
719	236.697915	82.889683	0.000007	63.829313	2.8
720	230.890690	82.895360	0.000007	138.317856	2.8
721	244.173020	82.889113	0.000007	84.691812	3.2
722	234.041310	82.976908	0.000007	107.077005	3.1
723	240.673916	82.968103	0.000007	91.929144	3.1
724	238.568633	83.019686	0.000007	64.687376	2.5
725	221.981609	83.013418	0.000007	173.480992	2.6
726	245.226060	83.004089	0.000007	58.317895	2.5
727	234.181445	83.065742	0.000007	96.158474	2.6
728	234.417307	83.074110	0.000007	105.179262	4.2
729	224.478203	83.118548	0.000007	88.933427	5.1
730	231.510681	83.166510	0.000007	317.004263	4.7
731	234.793548	83.156135	0.000007	176.259643	3.0
732	242.911377	84.155479	0.000007	69.356423	3.1
733	234.623201	84.147085	0.000007	189.689719	3.7
734	232.763869	84.141233	0.000007	150.029710	3.7
735	222.966276	84.723107	0.000007	280.483325	3.4
736	237.867277	85.663058	0.000007	119.262231	2.9
737	245.049073	85.652748	0.000007	149.644661	2.9
738	227.611320	85.850160	0.000007	83.741555	2.9
739	249.094623	85.841463	0.000007	115.256275	2.8
740	240.316343	85.888480	0.000007	82.761246	2.8
741	243.611083	85.881569	0.000007	47.877318	2.7
742	235.632698	85.886968	0.000007	97.736331	2.9
743	230.725979	85.881297	0.000007	62.044955	2.8
744	226.611366	85.897597	0.000007	39.566502	2.7
745	233.252260	85.899665	0.000007	171.692933	2.8
746	235.263170	85.893217	0.000007	79.616639	2.7
747	244.294958	85.883360	0.000007	131.114667	2.6
748	242.323192	85.951302	0.000007	102.906540	4.2
749	238.678052	86.015751	0.000007	127.585259	5.0
750	243.852125	86.035097	0.000007	108.235981	5.2
751	236.614211	86.027206	0.000007	213.673785	3.3
752	226.471124	86.395592	0.000007	39.046207	3.2
753	238.131686	86.421513	0.000007	71.629050	3.4
754	238.217415	86.424963	0.000007	127.192916	3.8
755	234.381598	86.470967	0.000007	94.118211	3.9
756	235.266778	86.464168	0.000007	123.577613	3.7
757	235.584779	86.477420	0.000007	53.743754	3.4
758	234.303203	86.469684	0.000007	122.480705	3.8
759	230.174767	86.473381	0.000007	122.755605	5.0
760	240.399983	86.549373	0.000007	83.040275	5.0
761	233.387222	86.547887	0.000007	41.659278	5.0
762	244.060267	86.543841	0.000007	36.429635	4.2
763	242.976582	86.545574	0.000007	39.401167	3.9
764	234.132161	86.545480	0.000007	49.859882	4.4
765	243.934068	86.543233	0.000007	40.983251	4.4
766	235.183865	86.545216	0.000007	95.869700	3.5
767	230.252836	86.551582	0.000007	68.492955	3.5
768	232.281723	86.573870	0.000007	65.249096	3.4
769	243.797698	86.567604	0.000007	81.308620	3.3
770	233.142309	86.568262	0.000007	127.971301	5.0
771	230.089339	86.562188	0.000007	201.659101	5.3
772	236.266286	86.551893	0.000007	133.886282	5.2
773	233.474098	86.541821	0.000007	154.420974	4.9
774	239.630917	86.687969	0.000007	64.837350	4.8
775	262.465788	86.679123	0.000007	68.931798	3.9
776	236.130159	86.678579	0.000007	137.398751	3.9
777	240.588459	86.692068	0.000007	124.378776	3.8
778	237.945755	86.913295	0.000007	50.013931	3.1
779	250.960542	86.932287	0.000007	125.125725	3.0
780	233.530078	86.948993	0.000007	85.433158	3.1
781	245.424916	87.025495	0.000007	90.227585	2.8
782	238.448649	87.018121	0.000007	49.920901	2.8
783	242.696066	87.012890	0.000007	207.033301	2.8
784	244.707395	87.010056	0.000007	220.222979	2.8
785	244.466957	88.004470	0.000007	55.773652	3.6
786	235.753723	88.025569	0.000007	113.574442	2.7
787	235.321488	88.041274	0.000007	103.595892	2.7
788	240.731115	88.139532	0.000007	219.727454	2.7
789	239.513164	88.129295	0.000007	84.197236	2.7
790	242.175440	88.119045	0.000007	250.610551	2.7
791	225.887097	88.513131	0.000007	74.044259	2.8
792	237.417887	88.812062	0.000007	135.972289	2.8
793	239.989993	88.803002	0.000007	93.935502	2.9
794	237.881753	88.874404	0.000007	80.793260	2.6
795	224.223479	88.885678	0.000007	105.887714	2.9
796	237.526282	88.896831	0.000007	73.544901	2.7
797	246.634029	88.922063	0.000007	145.060434	2.9
798	238.269820	88.976041	0.000007	66.850583	5.0
799	231.396651	89.006769	0.000007	98.115384	5.0
800	239.573790	89.011030	0.000007	74.745869	4.5
801	243.406342	89.009996	0.000007	113.782613	4.6
802	245.631008	89.010468	0.000007	114.935608	4.7
803	235.041493	89.058511	0.000007	36.413279	3.7
804	239.786775	89.067053	0.000007	79.355987	3.7
805	239.524789	89.063155	0.000007	187.470878	3.5
806	230.762868	89.053918	0.000007	38.922581	3.0
807	229.462504	89.061629	0.000007	45.929277	3.0
808	240.742344	89.062375	0.000007	264.494075	3.0
809	230.369082	89.094721	0.000007	117.098287	2.8
810	236.844809	89.084298	0.000007	116.973590	2.7
811	244.840220	89.190980	0.000007	115.009349	2.7
812	231.743450	89.229007	0.000007	171.440411	2.6
813	247.183764	89.340511	0.000007	203.132932	2.6
814	232.415140	90.294963	0.000007	246.546088	2.7
815	241.829708	91.277402	0.000007	84.853011	2.7
816	240.471936	91.361367	0.000007	52.418372	2.5
817	231.694109	91.361142	0.000007	57.341454	2.5
818	245.316919	91.356741	0.000007	62.824046	2.5
819	234.792882	91.354735	0.000007	205.280078	2.4
820	236.517643	91.345415	0.000007	120.589748	2.7
821	239.785419	91.928665	0.000007	232.882893	4.8
822	241.617942	91.918681	0.000007	99.253228	4.7
823	235.825354	91.908352	0.000007	72.525303	4.3
824	236.706855	91.936256	0.000007	158.307085	3.0
825	242.261145	91.926969	0.000007	72.591452	3.5
826	231.994237	91.991112	0.000007	166.272499	3.5
827	246.901591	92.061021	0.000007	49.463236	3.5
828	233.591280	92.077454	0.000007	147.183376	2.9
829	244.348875	92.074111	0.000007	160.178613	2.9
830	233.068149	92.539592	0.000007	305.824321	2.8
831	238.779425	92.529148	0.000007	95.121593	3.0
832	244.683887	92.529747	0.000007	83.557105	3.1
833	236.380837	92.527315	0.000007	198.506050	3.1
834	241.846690	92.517132	0.000007	69.828053	3.0
835	246.435999	92.514298	0.000007	208.939099	2.9
836	242.092151	92.513871	0.000007	55.926314	2.9
837	235.745607	92.528582	0.000007	55.560783	2.9
838	236.248032	92.534588	0.000007	135.516418	2.8
839	236.645188	92.539806	0.000007	102.686650	2.9
840	245.634692	92.529929	0.000007	42.727932	2.9
841	226.874050	92.530302	0.000007	72.354033	2.9
842	237.922250	92.525869	0.000007	63.412668	2.9
843	237.539625	92.524384	0.000007	44.605418	3.0
844	233.337371	92.519462	0.000007	97.348144	3.0
845	241.117752	92.518325	0.000007	46.495893	3.0
846	238.831170	92.511859	0.000007	119.814450	4.8
847	234.584857	92.513422	0.000007	137.823581	4.9
848	237.858902	92.506677	0.000007	117.977767	5.0
849	241.060078	92.654251	0.000007	186.478476	3.7
850	229.516001	92.643982	0.000007	63.794806	4.4
851	224.624046	92.651325	0.000007	42.241565	5.1
852	242.889906	92.650247	0.000007	81.484715	5.3
853	240.788143	92.650540	0.000007	85.587553	4.9
854	239.744622	92.667825	0.000007	282.804942	4.9
855	236.711164	92.657432	0.000007	143.496143	4.9
856	243.072418	93.643059	0.000007	61.621946	5.2
857	231.428788	93.641746	0.000007	167.498148	4.9
858	250.661199	93.652048	0.000007	150.721389	5.0
859	241.786251	93.641961	0.000007	91.114654	4.9
860	237.753262	93.633972	0.000007	88.229824	3.7
861	236.815446	93.640153	0.000007	77.762413	3.7
862	241.225433	93.635761	0.000007	100.478334	3.9
863	234.758516	93.634683	0.000007	84.438107	5.3
864	245.860160	93.644081	0.000007	29.250621	5.9
865	234.912164	93.647437	0.000007	85.867886	5.2
866	243.392681	93.647458	0.000007	72.850150	5.1
867	227.251567	93.648308	0.000007	96.661310	5.0
868	237.047852	93.667858	0.000007	74.774956	5.1
869	241.256331	93.668237	0.000007	85.140632	5.0
870	243.179937	93.678768	0.000007	34.713856	5.2
871	238.951164	93.679810	0.000007	73.663439	5.1
872	245.849805	93.682800	0.000007	73.209660	4.0
873	241.240983	93.677023	0.000007	43.787029	4.5
874	231.909960	93.672902	0.000007	217.863988	4.7
875	247.566161	93.666389	0.000007	58.647148	5.4
876	231.115366	93.691077	0.000007	118.113103	5.0
877	234.057613	93.708725	0.000007	77.266025	4.9
878	236.672673	93.760941	0.000007	70.030895	4.3
879	238.359684	93.754603	0.000007	158.226807	3.9
880	235.037114	93.746173	0.000007	60.531841	3.8
881	231.052156	93.774865	0.000007	89.102847	3.3
882	235.926204	93.769161	0.000007	129.749046	3.2
883	240.232717	93.838136	0.000007	63.955850	3.3
884	225.796820	93.830283	0.000007	143.256060	3.0
885	233.772588	93.833409	0.000007	92.096464	3.0
886	236.343183	93.859209	0.000007	139.139415	2.9
887	246.039773	93.849667	0.000007	87.826948	3.0
888	244.360784	93.839928	0.000007	144.550352	2.9
889	231.997676	93.910244	0.000007	80.245047	2.9
890	250.135197	93.993346	0.000007	108.306927	2.9
891	235.645319	94.026360	0.000007	57.375744	2.7
892	236.078202	94.019180	0.000007	172.015343	2.7
893	242.492688	94.065859	0.000007	151.279591	2.7
894	234.872543	94.725593	0.000007	85.906245	2.9
895	239.853221	94.788928	0.000007	76.443348	3.0
896	232.212726	94.785772	0.000007	72.645363	2.9
897	242.897948	94.783735	0.000007	48.451120	2.8
898	238.350709	94.790278	0.000007	69.172762	3.0
899	245.057073	94.794334	0.000007	113.719425	3.0
900	236.535287	94.800105	0.000007	45.104509	3.0
901	237.598398	94.793724	0.000007	51.644540	3.1
902	238.368577	94.789752	0.000007	31.307789	3.1
903	242.839718	94.788995	0.000007	69.630488	3.0
904	234.293472	94.788366	0.000007	65.589538	3.0
905	228.765741	94.781704	0.000007	53.276578	2.9
906	238.870435	94.779534	0.000007	143.751175	2.9
907	250.966274	94.797452	0.000007	59.938765	3.0
908	237.155980	94.812940	0.000007	67.162399	5.7
909	222.487653	94.815683	0.000007	41.557059	5.0
910	243.143101	94.814423	0.000007	83.859657	4.1
911	224.860985	94.811733	0.000007	145.079097	4.0
912	234.369896	94.839203	0.000007	89.379780	6.0
913	251.947020	94.829433	0.000007	146.635978	4.9
914	233.694361	94.934014	0.000007	211.274255	4.7
915	244.329249	94.923730	0.000007	179.259504	5.1
916	240.276038	95.902001	0.000007	72.273516	4.4
917	238.842086	95.892318	0.000007	171.076002	4.5
918	237.547355	95.991855	0.000007	177.736056	3.8
919	236.753028	95.981453	0.000007	82.108181	3.6
920	236.027200	95.971748	0.000007	170.805068	3.9
921	235.647430	96.126418	0.000007	131.386112	3.1
922	224.243917	96.116038	0.000007	27.531167	3.1
923	242.344779	96.119036	0.000007	63.381105	3.0
924	235.647246	96.117996	0.000007	76.699733	3.4
925	238.516253	96.112636	0.000007	79.979966	3.4
926	244.055658	96.109984	0.000007	161.264691	3.3
927	232.369220	96.113009	0.000007	74.300992	3.0
928	233.974415	96.175363	0.000007	102.197378	3.0
929	236.875867	96.166981	0.000007	82.070394	3.1
930	230.115757	96.158476	0.000007	116.007851	3.0
931	237.956826	96.150885	0.000007	72.488905	2.8
932	247.340219	96.155799	0.000007	226.859081	2.8
933	219.538345	96.256542	0.000007	56.378392	2.9
934	247.221583	96.248573	0.000007	105.674518	2.8
935	224.017066	96.248016	0.000007	72.424948	2.8
936	229.177699	96.260367	0.000007	84.768497	2.8
937	251.248929	96.252569	0.000007	87.436408	2.9
938	237.665668	96.245068	0.000007	100.013154	3.0
939	235.439771	96.250697	0.000007	212.397930	3.0
940	245.421028	96.241368	0.000007	80.028351	3.0
941	229.592639	96.391788	0.000007	150.735421	2.5
942	248.138704	96.382096	0.000007	217.836365	2.5
943	229.161616	97.215093	0.000006	31.960114	2.5
944	242.910463	97.223062	0.000006	135.890912	2.5
945	237.397062	97.222269	0.000006	174.983528	2.6
946	233.430216	97.212085	0.000006	146.948270	2.6
947	235.928391	97.201923	0.000006	66.897496	2.6
948	240.264385	97.192925	0.000006	49.076213	2.6
949	244.698672	97.189291	0.000006	83.420455	2.7
950	232.372586	97.185854	0.000006	82.088907	2.5
951	236.945311	97.188370	0.000006	208.684099	2.7
952	230.409376	97.178661	0.000006	56.503669	2.6
953	236.405840	97.174067	0.000006	63.565159	2.5
954	236.488823	97.175009	0.000006	108.147025	2.6
955	237.000468	97.168099	0.000006	87.022712	2.6
956	240.585337	97.160333	0.000006	131.931388	2.5
957	236.636870	97.228390	0.000006	126.386693	6.2
958	238.560571	97.218202	0.000006	103.806717	5.0
959	236.843517	97.310686	0.000006	33.247967	4.7
960	235.891965	97.313236	0.000006	56.130840	4.5
961	240.810918	97.313651	0.000006	50.205566	4.2
962	239.869736	97.310659	0.000006	101.871122	4.1
963	231.700081	97.310153	0.000006	114.736899	3.5
964	239.930446	97.302377	0.000006	34.555018	3.2
965	236.157271	97.298765	0.000006	183.643658	3.2
966	237.657467	97.308578	0.000006	94.744027	3.2
967	247.086575	97.604480	0.000006	32.561256	5.7
968	230.998766	97.605886	0.000006	70.692022	5.2
969	241.236321	97.604436	0.000006	155.510840	4.9
970	235.915596	97.609448	0.000006	186.842667	4.6
971	241.864356	98.426463	0.000006	90.922445	4.8
972	233.747101	98.416535	0.000006	59.206627	3.7
973	235.443805	98.414536	0.000006	187.666250	3.8
974	228.219339	98.442313	0.000006	30.565299	3.7
975	231.612125	98.451599	0.000006	96.963383	3.1
976	235.914168	98.454069	0.000006	72.149529	3.1
977	247.130401	98.465231	0.000006	121.420557	5.1
978	231.390519	98.507050	0.000006	105.515381	5.1
979	232.741187	98.612912	0.000006	148.097866	3.9
980	225.517645	98.602969	0.000006	123.770566	3.9
981	234.225884	98.653626	0.000006	70.069011	3.6
982	248.498199	98.666538	0.000006	155.770053	3.8
983	252.152736	98.661291	0.000006	208.682403	3.8
984	252.935472	99.221802	0.000006	70.128653	2.9
985	248.723086	99.309455	0.000006	101.381716	3.1
986	231.374543	99.301902	0.000006	117.224733	3.0
987	227.736711	99.333289	0.000006	97.362228	3.0
988	233.104654	99.344910	0.000006	99.070712	3.2
989	233.329853	99.370066	0.000006	103.592896	3.0
990	246.789748	99.366450	0.000006	62.376543	4.5
991	235.543251	99.370245	0.000006	115.540565	5.0
992	234.878603	99.397304	0.000006	112.664504	3.5
993	245.972218	99.391691	0.000006	157.547629	4.5
994	229.901954	99.397242	0.000006	92.350178	4.3
995	229.507040	99.387497	0.000006	36.815214	4.3
996	237.699702	99.385359	0.000006	101.629537	4.8
997	237.565205	99.383504	0.000006	91.380313	4.9
998	234.612367	99.435236	0.000006	165.299255	3.7
999	254.288615	99.425268	0.000006	191.738715	3.6
1000	229.988322	99.414838	0.000006	199.774198	3.6
1001	227.460143	100.394012	0.000006	21.118441	3.2
1002	247.961172	100.392536	0.000006	50.070997	3.3
1003	235.020573	100.392470	0.000006	72.923815	3.2
1004	240.872638	100.393271	0.000006	23.869763	2.9
1005	233.645127	100.393348	0.000006	52.129472	3.0
1006	238.129721	100.391430	0.000006	77.476083	2.9
1007	228.078112	100.401023	0.000006	55.656997	2.8
1008	248.957028	100.394803	0.000006	119.778567	2.8
1009	228.413865	100.408247	0.000006	43.529968	2.8
1010	241.192894	100.402731	0.000006	88.458182	2.8
1011	243.928671	100.402356	0.000006	24.716196	2.9
1012	235.002114	100.403811	0.000006	115.294609	2.8
1013	239.679515	100.399755	0.000006	69.523003	2.8
1014	235.496298	100.419469	0.000006	91.329203	2.8
1015	223.625421	100.416229	0.000006	199.422448	2.7
1016	245.403316	100.406732	0.000006	67.255183	2.8
1017	240.828944	100.486082	0.000006	185.648779	3.0
1018	243.921678	100.478448	0.000006	103.453400	2.8
1019	233.000432	100.526929	0.000006	74.052337	4.0
1020	228.349895	100.530441	0.000006	167.910540	5.1
1021	241.017270	100.536199	0.000006	87.438491	4.9
1022	245.090491	100.621712	0.000006	172.723983	3.5
1023	232.509963	100.611823	0.000006	109.417479	3.9
1024	235.199225	100.842592	0.000006	62.152505	3.9
1025	247.972105	100.853810	0.000006	109.531953	3.9
1026	230.942917	100.854592	0.000006	119.524630	3.6
1027	247.712517	100.845659	0.000006	94.177078	3.5
1028	235.597922	100.928953	0.000006	73.218910	2.9
1029	228.328919	100.927551	0.000006	72.268326	4.5
1030	237.550389	100.922757	0.000006	47.971349	3.0
1031	235.275658	100.922772	0.000006	36.236044	3.2
1032	232.396535	100.923919	0.000006	85.860543	2.9
1033	234.958195	100.924399	0.000006	66.832324	3.0
1034	240.278139	100.924112	0.000006	45.550595	3.5
1035	232.176859	100.921578	0.000006	43.135391	3.0
1036	241.283381	100.919554	0.000006	97.946652	3.0
1037	244.356306	100.919711	0.000006	86.305225	3.1
1038	247.990436	100.942019	0.000006	49.673565	3.2
1039	235.269144	100.946038	0.000006	129.643989	2.9
1040	240.356326	100.965593	0.000006	44.057408	3.2
1041	230.335225	100.971833	0.000006	88.732148	4.7
1042	235.146790	100.971649	0.000006	74.235391	4.6
1043	237.278733	100.967293	0.000006	102.306688	3.7
1044	244.286053	100.973778	0.000006	156.682519	3.8
1045	240.427037	101.141986	0.000006	34.979918	3.6
1046	240.053148	101.150802	0.000006	50.533452	3.5
1047	234.716818	101.148654	0.000006	124.762245	3.5
1048	247.286979	101.141146	0.000006	103.597168	3.4
1049	229.470511	101.237764	0.000006	102.327012	3.1
1050	243.013362	101.228372	0.000006	131.060047	3.2
1051	225.855696	101.279616	0.000006	73.404578	3.2
1052	241.812801	101.276252	0.000006	77.763182	3.0
1053	235.476507	101.286899	0.000006	124.479559	3.1
1054	246.296335	101.277807	0.000006	72.484883	3.0
1055	253.148998	101.296945	0.000006	64.419766	2.9
1056	236.604783	101.290252	0.000006	107.169464	2.9
1057	235.653275	101.283201	0.000006	141.982774	2.9
1058	231.833351	101.462365	0.000006	63.206382	2.8
1059	234.963835	101.465089	0.000006	150.179721	2.7
1060	233.468397	101.459107	0.000006	65.328834	2.7
1061	240.804496	101.451397	0.000006	161.035761	2.7
1062	237.767951	101.449958	0.000006	136.421353	2.7
1063	235.834373	101.439639	0.000006	84.286254	2.7
1064	237.413014	101.451074	0.000006	267.364366	2.7
1065	237.192320	101.459457	0.000006	87.051739	2.7
1066	240.170293	101.449120	0.000006	107.534420	2.7
1067	225.556633	101.440928	0.000006	95.880689	2.6
1068	235.866365	101.463170	0.000006	172.196451	2.6
1069	227.881976	101.453105	0.000006	87.137772	2.6
1070	236.129508	101.443032	0.000006	112.143943	2.7
1071	238.176344	101.433747	0.000006	42.842438	2.7
1072	244.945787	101.435352	0.000006	167.625203	5.4
1073	235.411875	101.430985	0.000006	100.425080	5.0
1074	240.809126	101.420829	0.000006	158.028401	5.0
1075	231.478696	101.410702	0.000006	154.011305	5.0
1076	226.666522	102.098575	0.000006	185.912493	3.7
1077	222.333373	102.901381	0.000006	130.662127	4.3
1078	240.071959	103.577025	0.000006	66.887718	4.4
1079	235.909187	103.581211	0.000006	225.400854	4.1
1080	234.675924	103.574589	0.000006	198.323769	5.3
1081	232.850878	104.567945	0.000006	203.351057	4.4
1082	232.818633	104.557501	0.000006	47.578101	5.3
1083	247.331999	104.576372	0.000006	119.722398	5.2
1084	228.948188	104.572056	0.000006	129.085227	5.2
1085	242.017650	104.605105	0.000006	67.106908	4.7
1086	231.386026	104.605116	0.000006	63.936295	4.7
1087	229.250219	104.599686	0.000006	93.312519	4.2
1088	242.592936	104.592686	0.000006	229.774477	4.5
1089	237.697609	104.582341	0.000006	116.625108	4.3
1090	232.250706	105.182997	0.000006	201.051205	3.4
1091	241.803041	105.172624	0.000006	105.656078	3.0
1092	238.498090	105.162311	0.000006	71.806555	3.0
1093	240.733032	105.160305	0.000006	131.105943	3.7
1094	231.488623	105.188627	0.000006	160.666328	2.8
1095	235.781895	105.421350	0.000006	273.030350	2.7
1096	233.243681	106.414205	0.000006	34.731724	2.7
1097	238.223467	106.406316	0.000006	42.052122	2.7
1098	231.209870	106.404203	0.000006	33.467214	2.6
1099	230.948281	106.404761	0.000006	32.283528	2.7
1100	232.755707	106.402696	0.000006	53.010373	3.0
1101	230.684837	106.401976	0.000006	105.099410	3.0
1102	225.463819	106.396292	0.000006	50.339450	5.0
1103	231.037087	106.405900	0.000006	24.252073	4.7
1104	237.677590	106.404845	0.000006	143.370617	3.2
1105	236.174949	106.409849	0.000006	82.268876	3.8
1106	251.274539	106.429607	0.000006	99.195423	3.9
1107	243.612310	106.423092	0.000006	50.542902	3.6
1108	229.658123	106.427744	0.000006	40.652389	5.1
1109	227.586156	106.427701	0.000006	176.694263	5.1
1110	240.020309	106.448143	0.000006	60.442463	5.1
1111	241.860190	106.511284	0.000006	69.674748	3.7
1112	233.352003	106.510529	0.000006	109.665303	4.4
1113	230.667328	106.507893	0.000006	77.451462	4.4
1114	233.631379	106.542722	0.000006	95.763173	3.5
1115	237.730839	106.569226	0.000006	129.584993	3.3
1116	240.790333	106.624414	0.000006	54.111017	3.4
1117	249.092456	106.627444	0.000006	54.022243	3.2
1118	240.858817	106.625002	0.000006	94.079585	3.1
1119	239.921814	106.635125	0.000006	63.886528	3.0
1120	235.743845	106.627732	0.000006	123.863535	3.1
1121	248.215803	106.622691	0.000006	135.446127	3.0
1122	249.898267	106.664564	0.000006	55.473220	3.2
1123	233.094450	106.658062	0.000006	60.503974	5.6
1124	238.169084	106.655013	0.000006	116.352329	3.4
1125	242.210464	106.649465	0.000006	24.555289	3.5
1126	243.080619	106.649933	0.000006	152.913832	3.8
1127	237.446632	106.647026	0.000006	43.824712	3.7
1128	234.094587	106.641961	0.000006	244.579478	3.4
1129	225.049323	106.643981	0.000006	196.730404	5.0
1130	248.885783	107.614713	0.000006	100.109436	4.5
1131	244.532741	107.710343	0.000006	71.158839	5.2
1132	233.653687	107.721993	0.000006	125.218953	5.3
1133	238.527131	107.750630	0.000006	47.074509	4.8
1134	238.632390	107.743848	0.000006	133.033665	3.8
1135	235.196693	107.736213	0.000006	187.793113	3.8
1136	239.625086	108.422669	0.000006	151.556814	3.8
1137	230.765109	108.412243	0.000006	136.244112	3.9
1138	224.588307	108.429718	0.000006	61.817524	3.6
1139	240.203823	108.421636	0.000006	142.525092	5.1
1140	235.025225	108.425643	0.000006	82.921936	5.0
1141	237.218370	108.423041	0.000006	244.045186	3.8
1142	232.440263	108.433932	0.000006	91.396060	4.5
1143	235.691184	108.437035	0.000006	156.061289	4.8
1144	225.235574	108.442185	0.000006	136.060110	4.1
1145	230.963269	108.433799	0.000006	101.939713	3.5
1146	241.551384	108.550814	0.000006	178.364071	3.6
1147	233.440428	108.744005	0.000006	153.386924	3.1
1148	243.212141	109.345415	0.000006	74.823134	3.0
1149	242.502553	109.396460	0.000006	80.836921	3.1
1150	243.221018	109.396377	0.000006	72.296066	3.2
1151	241.297167	109.391018	0.000006	55.984183	3.4
1152	240.768649	109.391800	0.000006	112.382662	3.5
1153	246.694218	109.385134	0.000006	163.288818	3.3
1154	241.205614	109.446304	0.000006	65.756013	2.9
1155	235.712507	109.451240	0.000006	116.030836	2.9
1156	244.114410	109.458292	0.000006	145.478920	2.8
1157	235.687532	109.464359	0.000006	92.536223	2.8
1158	231.098124	109.454657	0.000006	98.162466	2.8
1159	243.434522	109.459227	0.000006	129.916159	2.9
1160	230.065493	109.474942	0.000006	173.846096	2.9
1161	244.091635	109.464681	0.000006	127.233919	2.9
1162	232.000315	109.459331	0.000006	33.963909	2.9
1163	232.178324	109.466208	0.000006	42.526855	2.9
1164	224.507639	109.463581	0.000006	66.132784	2.9
1165	236.981737	109.463395	0.000006	62.592104	2.9
1166	240.780440	109.458875	0.000006	189.713009	2.9
1167	236.181886	109.482018	0.000006	120.087276	2.9
1168	221.109508	110.072465	0.000006	64.135118	3.0
1169	246.349989	110.084183	0.000006	101.325744	2.9
1170	238.049072	110.095465	0.000006	39.844975	2.9
1171	233.931462	110.101830	0.000006	70.959629	2.7
1172	222.214385	110.101871	0.000006	72.114217	2.7
1173	241.506434	110.095375	0.000006	32.893529	2.8
1174	235.296934	110.092833	0.000006	49.366124	2.6
1175	244.968915	110.091654	0.000006	91.654543	2.7
1176	243.858901	110.086179	0.000006	108.499328	2.6
1177	232.395216	110.081485	0.000006	119.489470	2.6
1178	236.476321	110.077109	0.000006	165.274645	2.5
1179	236.637360	110.067845	0.000006	157.523851	2.5
1180	226.826855	110.712053	0.000006	68.618314	2.6
1181	236.329486	110.703552	0.000006	43.189202	2.6
1182	240.350115	110.703709	0.000006	119.927987	2.5
1183	233.755750	110.705232	0.000006	41.472495	4.5
1184	243.137396	110.703143	0.000006	190.344080	2.5
1185	225.961703	110.701320	0.000006	72.316712	2.9
1186	236.991066	110.701245	0.000006	112.593058	3.0
1187	227.327412	110.694810	0.000006	98.202969	2.9
1188	246.928834	110.691280	0.000006	81.248433	2.8
1189	234.870768	110.684685	0.000006	85.341970	2.7
1190	228.231877	110.689892	0.000006	41.900724	2.7
1191	240.128183	110.687941	0.000006	51.804372	3.2
1192	225.957654	110.688726	0.000006	47.748295	5.0
1193	236.365079	110.685205	0.000006	68.865004	4.9
1194	240.539758	110.683811	0.000006	176.052484	5.0
1195	242.823970	110.690292	0.000006	78.271765	5.0
1196	230.871522	110.682134	0.000006	182.559217	5.4
1197	243.262413	110.775061	0.000006	110.200082	5.6
1198	228.202654	111.061542	0.000006	53.144546	4.5
1199	243.107131	111.056954	0.000006	27.415696	4.1
1200	226.934000	111.056594	0.000006	78.026336	3.5
1201	242.650142	111.054941	0.000006	66.956135	3.4
1202	245.225325	111.050442	0.000006	228.983332	3.6
1203	241.042196	111.043372	0.000006	174.573359	3.3
1204	239.273761	112.017584	0.000006	36.257101	3.2
1205	242.619267	112.027426	0.000006	247.067856	3.2
1206	235.288857	112.030593	0.000006	105.190911	3.1
1207	250.289913	112.710847	0.000006	41.805469	3.3
1208	234.868638	112.716340	0.000006	92.286627	4.9
1209	237.494988	112.724948	0.000006	158.854397	4.9
1210	229.291816	112.715967	0.000006	55.014374	4.6
1211	241.714502	112.717612	0.000006	119.187064	3.7
1212	246.287776	112.721612	0.000006	58.715935	3.7
1213	246.467314	112.722727	0.000006	49.722444	3.6
1214	238.895289	112.718213	0.000006	142.195271	3.3
1215	244.507802	112.720300	0.000006	75.912186	3.4
1216	234.636632	112.711573	0.000006	277.061456	5.0
1217	225.007004	112.728175	0.000006	128.373285	5.0
1218	248.600756	113.643363	0.000006	83.827918	4.6
1219	245.150812	113.637459	0.000006	80.863536	3.8
1220	222.530802	113.634418	0.000006	63.708024	3.8
1221	222.779191	113.628695	0.000006	91.150119	3.6
1222	239.778610	113.632877	0.000006	50.157511	3.6
1223	228.304161	113.628689	0.000006	210.430032	3.7
1224	237.479967	113.658470	0.000006	90.392455	3.9
1225	230.885535	113.992083	0.000006	22.277620	3.7
1226	240.879125	113.991725	0.000006	103.274370	4.5
1227	234.127443	113.990177	0.000006	106.099569	4.8
1228	229.721579	113.980734	0.000006	70.030946	4.5
1229	239.513023	113.985346	0.000006	73.052444	4.3
1230	242.397036	113.978393	0.000006	69.127106	4.3
1231	232.917414	113.991057	0.000006	73.386672	3.5
1232	235.212862	113.993695	0.000006	129.988048	3.5
1233	231.573370	113.990019	0.000006	32.129344	3.5
1234	236.554778	113.995362	0.000006	110.825924	3.4
1235	240.316452	113.991052	0.000006	107.228704	3.4
1236	236.227206	113.982038	0.000006	157.816763	3.7
1237	229.059830	114.100396	0.000006	79.776566	5.1
1238	237.401197	114.127829	0.000006	79.598377	4.9
1239	239.100278	114.121255	0.000006	97.232764	4.8
1240	245.081351	114.117914	0.000006	86.045032	4.5
1241	229.274567	114.125392	0.000006	127.249991	5.0
1242	237.152255	114.125692	0.000006	74.500253	5.3
1243	243.201054	114.118643	0.000006	84.887823	5.2
1244	230.546781	114.112473	0.000006	55.958025	5.0
1245	244.042823	114.106030	0.000006	134.213909	5.5
1246	223.639334	114.099203	0.000006	139.384466	5.4
1247	230.573099	114.166106	0.000006	157.150091	5.0
1248	229.885436	114.156612	0.000006	146.861503	4.9
1249	239.520537	114.146379	0.000006	144.578402	4.8
1250	235.432759	114.224321	0.000006	77.590204	4.4
1251	238.472990	114.215285	0.000006	56.411828	3.9
1252	232.696928	114.214822	0.000006	144.272722	3.8
1253	236.156022	114.256410	0.000006	77.273159	3.9
1254	233.619780	114.247002	0.000006	221.097957	4.0
1255	240.455965	114.236855	0.000006	121.452680	4.6
1256	225.285982	115.002340	0.000006	260.354403	3.1
1257	224.534784	114.991909	0.000006	51.705290	3.2
1258	237.344446	114.983248	0.000006	39.606201	3.6
1259	235.139005	114.981558	0.000006	47.766171	3.6
1260	227.990488	114.982798	0.000006	68.957427	3.5
1261	248.560375	114.984586	0.000006	64.221375	2.8
1262	223.563238	114.983608	0.000006	83.191129	2.8
1263	240.180562	114.983637	0.000006	48.842113	3.0
1264	240.253399	114.984823	0.000006	77.061365	3.1
1265	244.526973	114.981547	0.000006	111.456067	3.3
1266	238.721777	114.974123	0.000006	217.784618	3.1
1267	235.797627	115.127131	0.000006	67.850386	3.0
1268	234.443273	115.276919	0.000006	147.033393	2.9
1269	237.627283	115.304569	0.000006	72.723885	3.0
1270	240.071394	115.310384	0.000006	197.790726	3.0
1271	231.795720	115.311045	0.000006	56.311269	4.8
1272	226.517454	115.320199	0.000006	69.705122	5.1
1273	236.165753	115.314906	0.000006	169.923607	5.0
1274	232.232128	115.320482	0.000006	74.050838	3.2
1275	232.968826	115.352804	0.000006	45.801576	3.7
1276	235.717604	115.348761	0.000006	64.741918	4.0
1277	235.856389	115.345798	0.000006	127.748945	3.8
1278	230.549759	115.338712	0.000006	51.454696	3.1
1279	250.993114	115.348168	0.000006	56.003703	3.1
1280	243.341416	115.346054	0.000006	52.205228	3.0
1281	234.797325	115.343501	0.000006	92.154534	2.9
1282	235.705400	115.353452	0.000006	68.639415	3.0
1283	232.859756	115.365708	0.000006	154.927070	2.9
1284	233.990233	115.430732	0.000006	213.901062	2.9
1285	239.421932	116.367669	0.000006	102.935698	3.1
1286	229.184287	116.358036	0.000006	79.955970	3.2
1287	235.169318	116.362484	0.000006	119.769493	3.2
1288	228.514280	116.354806	0.000006	73.606722	3.0
1289	234.473407	116.346814	0.000006	162.518509	3.2
1290	234.697445	116.446025	0.000006	83.157657	5.2
1291	238.631886	116.436248	0.000006	117.501494	5.0
1292	232.518333	116.427282	0.000006	64.399411	4.4
1293	234.019789	116.418798	0.000006	85.245449	4.3
1294	238.524040	116.433757	0.000006	110.518886	5.2
1295	249.494555	116.445833	0.000006	25.843651	3.3
1296	233.043428	116.447879	0.000006	78.037753	3.6
1297	242.162787	116.446722	0.000006	122.083835	3.4
1298	231.931115	116.451378	0.000006	122.141348	3.4
1299	232.151082	116.566532	0.000006	71.920888	3.2
1300	246.299437	116.602231	0.000006	43.106990	3.3
1301	242.118785	116.607261	0.000006	33.427385	7.0
1302	234.616346	116.604589	0.000006	107.157958	3.2
1303	234.153261	116.599570	0.000006	118.356496	3.8
1304	231.173540	116.627168	0.000006	25.717221	4.0
1305	241.328847	116.628165	0.000006	151.921863	3.2
1306	234.143152	116.626490	0.000006	43.675506	2.9
1307	228.858763	116.619630	0.000006	50.254160	2.9
1308	236.784485	116.623662	0.000006	145.778954	2.8
1309	231.714334	116.616649	0.000006	80.519437	2.8
1310	237.728605	116.607770	0.000006	117.285325	3.5
1311	251.463756	116.627119	0.000006	107.917371	3.0
1312	227.339587	116.626584	0.000006	257.252394	5.0
1313	238.856392	116.769958	0.000006	117.277298	4.8
1314	258.310675	116.759526	0.000006	131.920101	4.8
1315	228.572259	116.923735	0.000006	97.274496	4.7
1316	230.234429	117.042816	0.000006	97.071626	3.8
1317	245.789740	117.072618	0.000006	223.814528	3.8
1318	232.305506	117.283263	0.000006	176.295547	3.8
1319	231.123951	118.268247	0.000005	118.272960	3.3
1320	227.228316	118.257894	0.000005	167.122906	3.3
1321	242.725163	118.665148	0.000005	154.879166	3.4
1322	227.697856	119.064586	0.000005	58.391209	5.0
1323	233.047267	119.113530	0.000005	201.731858	5.0
1324	239.180081	119.104050	0.000005	54.124606	4.7
1325	233.030266	119.100372	0.000005	177.210806	4.8
1326	231.267901	119.098325	0.000005	57.419742	4.4
1327	229.694261	119.094711	0.000005	118.065026	4.4
1328	241.951242	119.117573	0.000005	49.136164	3.8
1329	226.610541	119.111474	0.000005	63.229502	3.8
1330	245.116734	119.108381	0.000005	122.612088	3.8
1331	231.578467	119.137057	0.000005	52.992175	3.0
1332	234.279827	119.129567	0.000005	74.125407	3.0
1333	246.179993	119.133025	0.000005	131.107002	3.0
1334	234.570983	119.143356	0.000005	197.671597	2.8
1335	243.410731	119.854687	0.000005	142.702046	2.8
1336	237.052624	120.439764	0.000005	70.789361	2.8
1337	235.903618	120.434259	0.000005	124.428163	2.8
1338	230.037747	120.466448	0.000005	55.229836	2.7
1339	236.508832	120.466671	0.000005	32.116275	2.7
1340	232.246033	120.467481	0.000005	35.116710	2.7
1341	229.821573	120.465249	0.000005	66.551459	5.7
1342	239.468083	120.466524	0.000005	69.176010	5.1
1343	243.437699	120.466880	0.000005	121.533708	5.0
1344	236.436036	120.459112	0.000005	58.095245	5.0
1345	247.615061	120.469909	0.000005	82.971264	3.8
1346	237.450090	120.464405	0.000005	83.719142	4.5
1347	238.101875	120.457690	0.000005	159.349640	4.9
1348	240.727669	120.475095	0.000005	72.936715	4.8
1349	234.274319	120.494347	0.000005	66.410678	4.8
1350	229.448124	120.489638	0.000005	104.120935	4.3
1351	235.424927	120.511148	0.000005	69.237737	4.2
1352	228.061640	120.527505	0.000005	49.668920	4.9
1353	238.039771	120.523335	0.000005	112.504809	4.9
1354	235.246167	120.523611	0.000005	29.636297	4.1
1355	221.140446	120.525462	0.000005	138.527901	4.0
1356	231.481616	120.531115	0.000005	85.690560	3.4
1357	239.561869	120.613593	0.000005	55.262927	3.4
1358	227.941354	120.606911	0.000005	265.405068	3.3
1359	239.389802	120.751057	0.000005	222.880034	2.9
1360	237.546539	121.588974	0.000005	104.100690	3.0
1361	237.468089	121.581471	0.000005	33.713679	4.9
1362	233.335612	121.579416	0.000005	52.596852	5.0
1363	239.727003	121.577212	0.000005	118.567893	5.1
1364	235.366325	121.590294	0.000005	120.576495	5.0
1365	239.388336	121.600742	0.000005	163.573753	4.8
1366	233.194389	121.590445	0.000005	136.972509	2.9
1367	226.472649	122.121992	0.000005	163.899946	3.1
1368	242.200194	122.111639	0.000005	38.363837	3.0
1369	236.790554	122.113583	0.000005	90.515018	3.0
1370	237.365171	122.112560	0.000005	121.280634	3.0
1371	236.397799	122.107556	0.000005	98.550855	3.0
1372	231.605032	122.101661	0.000005	76.251689	3.1
1373	238.092783	122.093720	0.000005	165.576843	3.3
1374	240.473503	122.191432	0.000005	158.005017	3.2
1375	250.630144	122.953691	0.000005	77.678253	3.1
1376	231.827992	122.943988	0.000005	75.156074	2.8
1377	240.756920	122.954962	0.000005	57.886926	3.0
1378	235.562539	122.958593	0.000005	67.526293	3.0
1379	242.423977	122.956919	0.000005	75.190900	2.8
1380	234.613368	122.957689	0.000005	239.107589	2.7
1381	232.148146	122.948540	0.000005	115.175054	2.8
1382	237.748223	123.395328	0.000005	79.575897	2.8
1383	228.811176	123.445652	0.000005	218.679479	2.7
1384	242.209563	123.436120	0.000005	80.281408	2.7
1385	228.884196	123.425972	0.000005	76.010182	2.7
1386	245.240363	123.418310	0.000005	105.377443	2.9
1387	233.872602	123.453334	0.000005	176.795983	3.0
1388	247.748456	123.443042	0.000005	42.578947	2.9
1389	244.621614	123.467258	0.000005	58.041184	2.9
1390	245.380944	123.466683	0.000005	35.272046	2.7
1391	225.809791	123.465366	0.000005	188.721310	2.7
1392	237.084852	123.483144	0.000005	111.586152	2.8
1393	230.763667	123.965700	0.000005	117.484648	2.7
1394	224.152410	123.955841	0.000005	164.002006	2.7
1395	231.679530	123.945547	0.000005	92.368579	2.7
1396	241.494059	123.998757	0.000005	69.574512	2.7
1397	243.166137	124.001024	0.000005	90.222084	3.0
1398	227.708192	123.994688	0.000005	172.179516	4.0
1399	238.360416	123.991300	0.000005	85.527823	3.0
1400	233.997571	124.146642	0.000005	144.107444	2.4
1401	239.298801	124.136847	0.000005	240.541931	2.4
1402	238.503749	124.126408	0.000005	89.755113	2.5
1403	239.576823	124.511732	0.000005	172.821566	2.4
1404	225.890511	124.501856	0.000005	136.989479	2.6
1405	233.733595	124.491469	0.000005	225.336684	2.6
1406	226.038185	125.281373	0.000005	70.850775	2.4
1407	226.813210	125.291936	0.000005	191.469814	2.5
1408	244.626206	125.282297	0.000005	171.628744	3.4
1409	227.794637	125.960750	0.000005	116.648862	4.8
1410	240.032205	126.355463	0.000005	235.199099	4.8
1411	236.805238	126.345102	0.000005	218.773707	4.8
1412	237.422438	127.343867	0.000005	123.900516	4.8
1413	247.350045	127.333446	0.000005	48.922083	5.0
1414	238.012211	127.333699	0.000005	93.307218	5.1
1415	247.726660	127.339669	0.000005	82.799134	4.5
1416	252.259630	127.338324	0.000005	49.708249	5.2
1417	237.837390	127.349347	0.000005	36.408508	5.3
1418	236.060518	127.346776	0.000005	110.189003	4.4
1419	240.878846	127.353717	0.000005	100.995860	5.0
1420	233.250454	127.377237	0.000005	92.476185	5.4
1421	228.913403	127.370554	0.000005	56.845246	5.7
1422	220.749350	127.379972	0.000005	119.558646	4.9
1423	243.165939	127.372153	0.000005	88.605714	3.7
1424	235.926227	127.447636	0.000005	161.253336	3.7
1425	236.489193	127.609172	0.000005	211.886573	3.2
1426	232.435447	128.325315	0.000005	83.854185	3.2
1427	244.089914	128.506979	0.000005	140.106275	3.1
1428	237.618649	128.580939	0.000005	65.745250	2.9
1429	237.260530	128.574353	0.000005	72.731974	2.9
1430	237.609283	128.581930	0.000005	42.963040	2.9
1431	233.779888	128.582233	0.000005	57.647835	2.9
1432	238.966176	128.580996	0.000005	165.879732	3.1
1433	239.802462	128.580461	0.000005	120.222673	3.1
1434	235.962597	128.570752	0.000005	40.516141	3.1
1435	245.610926	128.575095	0.000005	89.433142	2.9
1436	235.423704	128.569555	0.000005	40.313352	2.9
1437	238.218134	128.564808	0.000005	211.226825	3.0
1438	232.916669	128.576697	0.000005	95.648909	3.1
1439	233.632048	128.568092	0.000005	71.426099	3.2
1440	241.542772	128.571696	0.000005	91.934066	3.1
1441	234.310542	128.563915	0.000005	38.976967	3.3
1442	228.717092	128.560641	0.000005	315.919791	3.3
1443	242.338767	128.569482	0.000005	89.080919	3.3
1444	242.168658	128.559081	0.000005	43.467981	3.3
1445	227.752044	128.554483	0.000005	207.840216	3.1
1446	237.068628	128.549556	0.000005	56.880625	3.1
1447	241.937260	128.545521	0.000005	93.774085	3.4
1448	230.810441	128.554631	0.000005	27.126690	3.6
1449	232.613727	128.551438	0.000005	141.176163	3.6
1450	229.791987	128.547765	0.000005	180.578898	3.0
1451	249.759537	128.684344	0.000005	71.129658	2.8
1452	226.671099	128.721034	0.000005	124.578654	2.8
1453	228.216183	128.712696	0.000005	141.820671	2.8
1454	237.900559	128.737661	0.000005	237.369034	2.6
1455	239.160574	129.682708	0.000005	135.604090	2.6
1456	227.932950	130.597942	0.000005	89.410119	2.6
1457	237.037804	130.588962	0.000005	247.518164	2.7
1458	229.011762	130.746036	0.000005	28.146253	2.8
1459	236.523156	130.743373	0.000005	122.280264	2.8
1460	231.318222	130.740255	0.000005	231.734766	2.8
1461	240.918143	131.548915	0.000005	149.388911	2.6
1462	248.871890	131.960626	0.000005	212.022893	2.7
1463	232.615465	131.954170	0.000005	21.595034	2.7
1464	229.565476	131.957576	0.000005	76.400840	2.6
1465	231.837717	131.955327	0.000005	137.084242	2.7
1466	246.388539	131.948108	0.000005	156.917464	2.9
1467	242.734687	132.339411	0.000005	110.244939	5.0
1468	236.125844	132.332276	0.000005	107.985157	5.0
1469	236.066570	132.347120	0.000005	128.475154	4.7
1470	234.356765	132.451562	0.000005	162.747560	3.9
1471	233.444636	132.609927	0.000005	298.449563	4.0
1472	236.840584	132.599484	0.000005	66.621961	3.6
1473	231.488860	132.856179	0.000005	122.180141	3.6
1474	236.435670	132.887932	0.000005	96.360150	3.6
1475	232.704672	132.925299	0.000005	139.240461	2.9
1476	243.295460	132.924912	0.000005	223.190217	2.8
1477	237.668025	133.758086	0.000005	38.595508	2.8
1478	235.665887	133.766452	0.000005	36.993882	4.8
1479	228.111971	133.764882	0.000005	62.621390	2.9
1480	240.193242	133.765798	0.000005	147.827823	2.9
1481	228.334596	133.775594	0.000005	165.227598	3.2
1482	237.476232	134.363713	0.000005	83.227328	3.1
1483	243.829837	134.354201	0.000005	126.458605	3.2
1484	236.294377	134.422665	0.000005	114.351527	3.4
1485	223.617392	134.454132	0.000005	180.061513	3.5
1486	227.937407	134.665641	0.000005	60.088560	3.4
1487	228.142361	134.686890	0.000005	155.150751	3.4
1488	228.660648	134.705512	0.000005	142.771903	3.4
1489	238.253636	135.018817	0.000005	79.032156	3.3
1490	243.797228	135.069934	0.000005	144.232998	3.5
1491	226.790126	135.109747	0.000005	93.660519	3.5
1492	243.116601	135.163777	0.000005	175.187985	3.6
1493	244.801799	135.220037	0.000005	109.717861	2.8
1494	245.220298	135.213398	0.000005	32.964462	2.8
1495	223.253333	135.209039	0.000005	141.334740	2.8
1496	236.467274	135.214995	0.000005	179.580677	2.8
1497	236.695537	135.206661	0.000005	106.010572	2.7
1498	236.531782	135.196618	0.000005	77.960941	2.6
1499	239.217721	135.190946	0.000005	85.178648	2.7
1500	234.601544	135.188947	0.000005	66.495449	2.7
1501	239.569934	135.196168	0.000005	114.453369	2.8
1502	229.543324	135.232478	0.000005	30.492372	2.8
1503	227.663666	135.228086	0.000005	67.736876	2.8
1504	239.634910	135.224747	0.000005	100.594661	2.9
1505	234.370343	135.229611	0.000005	151.108170	2.8
1506	245.480750	135.219927	0.000005	94.505738	2.9
1507	244.978538	135.222901	0.000005	212.631715	3.0
1508	235.376812	135.297118	0.000005	147.959406	4.9
1509	236.304930	135.286705	0.000005	31.893984	4.9
1510	235.696250	135.285697	0.000005	38.900794	3.4
1511	235.148103	135.285725	0.000005	134.206162	3.3
1512	234.091991	135.282466	0.000005	61.699031	3.2
1513	238.765742	135.280335	0.000005	148.605176	3.2
1514	232.784120	135.274405	0.000005	23.798953	3.2
1515	224.508563	135.279290	0.000005	56.841191	3.1
1516	229.998871	135.279906	0.000005	230.988849	2.9
1517	235.725414	135.280233	0.000005	64.861466	2.9
1518	235.656283	135.339541	0.000005	92.058386	2.8
1519	228.891849	135.356765	0.000005	30.228695	4.6
1520	244.864367	135.355827	0.000005	197.703476	3.2
1521	242.577506	135.357860	0.000005	68.002401	5.6
1522	239.995125	135.347998	0.000005	58.188530	4.9
1523	229.611082	135.342322	0.000005	62.509850	3.4
1524	229.905370	135.337060	0.000005	62.227864	4.0
1525	221.931567	135.337478	0.000005	96.372453	3.7
1526	224.083181	135.330551	0.000005	100.850374	5.4
1527	239.970767	135.382786	0.000005	156.637778	3.9
1528	228.903849	135.412906	0.000005	163.325208	3.9
1529	237.370998	136.153461	0.000005	122.890547	5.2
1530	239.921217	136.391538	0.000005	128.251042	5.2
1531	230.639512	136.547106	0.000005	82.864288	5.2
1532	241.239938	136.603021	0.000005	77.171042	5.0
1533	232.347532	136.595696	0.000005	168.138756	4.0
1534	234.292611	136.714472	0.000005	88.554659	4.6
1535	248.836957	136.902365	0.000005	137.815293	4.2
1536	241.851729	136.898546	0.000005	124.059092	4.2
1537	237.137801	136.904697	0.000005	43.914444	3.3
1538	232.892835	136.905742	0.000005	122.751479	3.6
1539	235.870396	136.904622	0.000005	60.672765	4.9
1540	225.684301	136.896454	0.000005	61.391235	4.4
1541	233.542836	136.892606	0.000005	52.185049	4.3
1542	236.954238	136.892668	0.000005	110.248121	3.7
1543	226.333466	136.898223	0.000005	73.483670	3.6
1544	234.331834	136.925384	0.000005	58.105045	3.6
1545	233.441695	136.931068	0.000005	152.531102	3.3
1546	235.165226	136.964341	0.000005	110.234701	3.6
1547	239.983175	136.954209	0.000005	86.884879	4.1
1548	227.689803	137.003975	0.000005	78.181412	3.7
1549	239.144057	136.995967	0.000005	58.792094	3.7
1550	240.081976	136.996058	0.000005	78.102158	3.2
1551	236.292894	136.991436	0.000005	91.313320	3.2
1552	244.527119	136.988627	0.000005	203.416529	3.3
1553	233.981504	137.312743	0.000005	66.700501	3.3
1554	247.088291	137.431599	0.000005	68.458832	3.3
1555	234.005531	137.426872	0.000005	59.056824	3.3
1556	231.446299	137.427740	0.000005	83.054499	3.2
1557	240.289333	137.422708	0.000005	89.569694	3.3
1558	237.416307	137.415275	0.000005	103.549515	5.0
1559	232.860270	137.441098	0.000005	166.603743	5.1
1560	238.205864	137.432523	0.000005	91.071543	5.0
1561	235.554059	137.422581	0.000005	77.885633	4.5
1562	227.720490	137.420926	0.000005	97.241267	4.3
1563	236.330884	137.435764	0.000005	152.506908	4.0
1564	241.117383	137.425750	0.000005	23.496547	4.0
1565	248.329459	137.428162	0.000005	115.497364	3.7
1566	237.949980	137.431095	0.000005	172.437991	3.2
1567	237.043622	137.420970	0.000005	221.894029	3.3
1568	248.554253	138.267396	0.000005	52.043179	3.4
1569	241.855466	138.267277	0.000005	82.610831	3.4
1570	243.872500	138.274058	0.000005	68.548433	3.6
1571	233.929543	138.267834	0.000005	80.470742	4.3
1572	236.302210	138.263552	0.000005	76.388672	2.8
1573	244.448843	138.284414	0.000005	93.359691	2.7
1574	245.438177	138.305059	0.000005	160.795470	2.8
1575	235.709707	138.348199	0.000005	65.555580	2.9
1576	234.444412	138.388970	0.000005	100.865777	2.9
1577	233.769816	138.404614	0.000005	103.483907	2.9
1578	244.035109	138.455137	0.000005	118.782400	2.8
1579	236.838072	138.528548	0.000005	92.334092	2.8
1580	233.835146	138.599551	0.000005	73.053776	2.7
1581	234.689799	138.592101	0.000005	213.722069	2.9
1582	234.185075	138.582346	0.000005	84.908708	6.2
1583	232.119340	138.888501	0.000005	56.832040	3.3
1584	231.031718	138.895873	0.000005	69.643015	3.8
1585	242.742412	138.901757	0.000005	140.754960	5.1
1586	235.204240	138.893024	0.000005	135.177390	5.0
1587	243.411651	138.919500	0.000005	80.559027	5.2
1588	236.765780	138.942765	0.000005	102.097960	4.9
1589	244.572038	138.969578	0.000005	55.811775	5.0
1590	247.458318	138.963776	0.000005	62.231047	4.7
1591	219.743705	138.960358	0.000005	86.262049	4.6
1592	229.292294	138.964599	0.000005	182.665110	4.1
1593	232.925924	138.955093	0.000005	107.605916	3.7
1594	236.313422	139.286995	0.000005	28.404178	3.6
1595	236.863294	139.286090	0.000005	158.410728	3.1
1596	228.800251	139.284103	0.000005	130.859553	3.1
1597	230.231808	139.273846	0.000005	117.893855	3.0
1598	228.199289	139.354339	0.000005	99.480473	3.0
1599	236.493443	139.347039	0.000005	95.268175	3.0
1600	236.379692	139.350928	0.000005	225.740122	2.9
1601	226.612902	139.872809	0.000005	78.517549	2.9
1602	239.833633	139.957228	0.000005	77.903819	2.7
1603	241.237704	139.952336	0.000005	136.009329	2.8
1604	250.435667	139.944369	0.000005	93.789199	5.0
1605	234.338550	139.956242	0.000005	82.806052	5.0
1606	240.552678	139.951275	0.000005	188.854468	5.0
1607	233.328866	139.942843	0.000005	47.820263	4.9
1608	255.332250	139.952086	0.000005	92.669715	4.6
1609	224.705185	139.947921	0.000005	218.880720	3.8
1610	245.370240	140.124814	0.000005	318.074555	3.8
1611	229.609419	141.124778	0.000005	138.980094	4.7
1612	248.572894	142.119702	0.000005	57.235708	3.3
1613	231.066735	142.112686	0.000005	114.089008	3.3
1614	230.177773	142.114759	0.000005	128.805628	3.7
1615	229.515810	142.104799	0.000005	170.798336	3.6
1616	243.504271	142.094425	0.000005	91.073406	3.4
1617	230.824873	142.085492	0.000005	148.850992	3.0
1618	241.412034	142.105480	0.000005	60.413604	2.9
1619	230.003387	142.135030	0.000005	66.992489	3.0
1620	232.119375	142.131862	0.000005	82.162083	4.6
1621	241.016876	142.129960	0.000005	65.284386	4.6
1622	238.099353	142.146526	0.000005	25.673871	3.6
1623	245.182644	142.147240	0.000005	40.083596	3.6
1624	235.745175	142.147304	0.000005	90.617601	3.7
1625	236.015947	142.146573	0.000005	127.803393	3.7
1626	236.249881	142.155408	0.000005	133.185674	3.6
1627	232.864855	142.286723	0.000005	78.924505	3.5
1628	234.514552	142.333977	0.000005	66.161298	3.1
1629	236.670290	142.327754	0.000005	101.420407	3.0
1630	244.385556	142.321541	0.000005	111.663430	3.0
1631	241.470299	142.322786	0.000005	38.120055	2.9
1632	233.983909	142.330601	0.000005	89.030371	3.9
1633	237.534561	142.330270	0.000005	54.914778	2.9
1634	226.358507	142.344959	0.000005	278.815095	3.3
1635	235.381672	142.335348	0.000005	72.012011	4.4
1636	238.936304	142.575334	0.000005	226.751779	3.2
1637	248.109174	142.565776	0.000005	124.976354	2.6
1638	242.562287	143.024344	0.000005	106.327726	2.6
1639	237.452921	143.015240	0.000005	61.122805	3.8
1640	240.886620	143.007574	0.000005	59.677830	2.6
1641	219.153433	143.004147	0.000005	63.105939	2.6
1642	234.148054	143.003248	0.000005	145.780831	2.8
1643	235.452320	142.994641	0.000005	84.572384	4.9
1644	229.233740	142.991014	0.000005	163.204706	5.0
1645	237.889350	142.991462	0.000005	33.376180	4.3
1646	236.088809	142.987940	0.000005	135.772605	3.8
1647	241.612269	142.986638	0.000005	141.161774	3.5
1648	239.647041	143.199660	0.000005	121.864297	4.3
1649	236.934335	143.190432	0.000005	188.556655	4.4
1650	237.765529	143.180214	0.000005	34.655231	4.3
1651	240.840784	143.174989	0.000005	46.442761	5.0
1652	240.887383	143.174418	0.000005	124.297467	4.6
1653	244.277340	143.167874	0.000005	134.489807	5.0
1654	241.236371	143.157760	0.000005	94.361344	4.4
1655	236.190155	143.154550	0.000005	138.769947	3.7
1656	240.254280	143.225439	0.000005	25.490383	3.7
1657	246.121615	143.223785	0.000005	73.149962	3.4
1658	233.037110	143.222735	0.000005	174.597447	3.3
1659	242.837223	143.216277	0.000005	151.118952	3.4
1660	231.759449	143.911235	0.000005	40.119665	3.1
1661	235.564300	143.907866	0.000005	36.629495	3.0
1662	238.594061	143.906655	0.000005	32.937418	3.1
1663	246.649250	143.904874	0.000005	93.429017	3.0
1664	237.463267	143.908223	0.000005	97.491968	2.8
1665	240.206501	143.924739	0.000005	140.562533	2.8
1666	237.964512	144.052207	0.000005	133.426294	2.8
1667	233.110381	144.043160	0.000005	44.136155	2.7
1668	235.482991	144.053863	0.000005	36.339689	2.7
1669	233.220324	144.055376	0.000005	56.615792	2.6
1670	240.155903	144.057588	0.000005	111.622103	2.7
1671	233.060427	144.057591	0.000005	105.123445	2.6
1672	234.995768	144.102424	0.000005	63.556199	2.6
1673	242.991059	144.103420	0.000005	71.302766	2.6
1674	231.389641	144.101537	0.000005	116.527120	2.5
1675	237.406480	144.131686	0.000005	94.110524	2.6
1676	246.099863	144.123975	0.000005	70.386051	2.5
1677	232.443290	144.137455	0.000005	63.216324	2.5
1678	237.924969	144.132403	0.000005	115.620106	2.6
1679	228.567794	144.158147	0.000005	39.868119	2.7
1680	232.837043	144.153293	0.000005	103.109361	2.6
1681	241.901706	144.153737	0.000005	117.065403	2.7
1682	234.931409	144.144925	0.000005	49.475799	4.5
1683	232.473474	144.147165	0.000005	138.041106	3.2
1684	246.453795	144.139811	0.000005	36.584180	3.1
1685	240.820953	144.150885	0.000005	97.666265	2.3
1686	235.709013	144.145534	0.000005	62.064235	2.4
1687	245.630338	144.138397	0.000005	60.386018	2.6
1688	242.228682	144.140571	0.000005	138.581667	4.9
1689	229.712928	144.139577	0.000005	39.768618	5.0
1690	240.485169	144.148583	0.000005	187.083748	5.0
1691	233.616994	144.141579	0.000005	215.831733	4.8
1692	244.948408	144.946961	0.000005	127.521446	4.7
1693	234.655154	145.422910	0.000005	129.678149	4.1
1694	232.883970	145.414699	0.000005	60.793151	4.3
1695	236.995918	145.410100	0.000005	141.836705	5.2
1696	233.032081	145.412107	0.000005	123.845111	5.1
1697	232.243801	145.401998	0.000005	42.175507	5.2
1698	228.758622	145.408001	0.000005	212.772543	5.0
1699	239.166938	145.436119	0.000005	58.114281	4.6
1700	236.111550	145.437068	0.000005	20.568228	4.6
1701	240.012130	145.436657	0.000005	46.105436	4.9
1702	225.250565	145.435689	0.000005	80.102164	4.9
1703	240.906340	145.439305	0.000005	286.618776	3.7
1704	227.527569	145.857398	0.000005	78.301269	3.7
1705	237.795647	145.848063	0.000005	121.972044	4.0
1706	232.846389	145.863397	0.000005	90.491038	4.0
1707	235.970996	145.900169	0.000005	47.847364	4.9
1708	238.960127	145.895981	0.000005	63.159588	4.9
1709	235.953692	145.892939	0.000005	85.838139	4.5
1710	232.371172	145.897228	0.000005	51.776903	4.7
1711	224.246037	145.893126	0.000005	77.854499	4.7
1712	232.887790	145.897434	0.000005	88.646777	3.7
1713	232.420945	145.900499	0.000005	116.353516	3.6
1714	235.989916	145.893657	0.000005	91.243113	3.5
1715	236.361824	145.926589	0.000005	115.473776	2.9
1716	231.418895	145.918037	0.000005	81.965512	2.9
1717	237.725156	145.931942	0.000005	154.070331	2.9
1718	224.457718	146.023258	0.000005	56.086211	2.9
1719	238.879186	146.014480	0.000005	219.519675	2.9
1720	229.900284	146.050520	0.000005	75.986237	2.9
1721	237.413192	146.288248	0.000005	64.242493	2.9
1722	234.569710	146.290694	0.000005	57.266652	2.9
1723	241.782914	146.298823	0.000005	75.725138	2.9
1724	233.626358	146.298765	0.000005	87.087501	2.9
1725	240.363761	146.292216	0.000005	79.258781	3.0
1726	226.077366	146.318865	0.000005	92.241451	3.2
1727	239.507566	146.310662	0.000005	101.861141	3.3
1728	240.220497	146.305070	0.000005	65.842753	3.2
1729	239.329846	146.302790	0.000005	71.039571	3.0
1730	240.313147	146.297666	0.000005	76.568765	3.0
1731	234.091110	146.304309	0.000005	102.021963	3.0
1732	236.703198	146.306522	0.000005	89.487258	2.8
1733	241.519046	146.298418	0.000005	335.343678	2.8
1734	225.892719	146.289401	0.000005	130.054398	2.8
1735	230.120532	146.943665	0.000005	115.734214	2.8
1736	231.236706	146.944649	0.000005	111.400480	2.9
1737	239.240978	146.959822	0.000005	94.832466	2.8
1738	239.580536	146.950689	0.000005	85.831680	2.8
1739	234.706801	146.951047	0.000005	55.395520	5.3
1740	227.582507	146.960302	0.000005	106.161615	5.6
1741	238.057726	146.978903	0.000005	40.932761	5.6
1742	233.370337	146.989401	0.000005	130.815258	5.1
1743	235.031090	146.983681	0.000005	55.214743	4.8
1744	238.046799	147.011431	0.000005	32.867389	4.0
1745	234.397612	147.008757	0.000005	184.600824	5.0
1746	234.445976	147.004356	0.000005	55.927118	5.0
1747	235.937639	147.049855	0.000005	47.330909	3.8
1748	240.818684	147.053394	0.000005	53.629132	3.8
1749	233.965794	147.051645	0.000005	35.210557	3.7
1750	240.847075	147.052342	0.000005	111.355859	3.4
1751	225.570293	147.055198	0.000005	93.628910	3.6
1752	234.340334	147.053391	0.000005	66.304843	3.1
1753	235.758122	147.046450	0.000005	19.964172	3.3
1754	237.437844	147.047153	0.000005	132.749743	6.2
1755	237.798221	147.045948	0.000005	105.227610	3.5
1756	225.527902	147.036343	0.000005	113.198944	3.3
1757	234.097679	147.036424	0.000005	61.071452	4.4
1758	232.455530	147.039708	0.000005	97.585960	3.7
1759	233.744586	147.054848	0.000005	111.872668	3.6
1760	238.013654	147.046052	0.000005	75.295946	3.8
1761	237.253152	147.070008	0.000005	129.823358	3.8
1762	234.961436	147.091796	0.000005	138.978875	4.9
1763	228.001822	147.082893	0.000005	76.847937	4.9
1764	234.889949	147.155196	0.000005	47.717680	4.0
1765	239.070627	147.153271	0.000005	105.377244	3.7
1766	231.520803	147.150166	0.000005	227.671933	3.6
1767	238.311147	147.738271	0.000005	51.930342	3.4
1768	236.313716	147.759950	0.000005	62.903411	3.4
1769	238.824341	147.755747	0.000005	159.789307	3.3
1770	234.544249	147.768862	0.000005	142.903811	3.0
1771	249.434791	148.129097	0.000005	54.791186	3.0
1772	241.567260	148.121755	0.000005	83.101140	3.0
1773	235.795602	148.131389	0.000005	51.300703	2.9
1774	235.375061	148.139421	0.000005	38.857569	2.8
1775	236.741496	148.137048	0.000005	45.731068	2.8
1776	240.374555	148.139037	0.000005	138.290061	2.9
1777	234.597364	148.134499	0.000005	119.986806	2.7
1778	230.890496	148.124594	0.000005	45.882057	2.7
1779	231.475180	148.139311	0.000005	48.999537	2.7
1780	241.054394	148.139989	0.000005	162.872886	2.7
1781	239.641792	148.132420	0.000005	157.513873	2.6
1782	229.256790	148.858030	0.000004	291.294467	2.6
1783	231.988165	149.831718	0.000004	108.990747	2.6
1784	232.376656	150.686366	0.000004	143.890802	2.6
1785	226.477296	150.677071	0.000004	41.842961	2.6
1786	241.079186	150.673595	0.000004	108.865493	2.5
1787	236.458088	150.672659	0.000004	40.423143	2.6
1788	234.219479	150.673041	0.000004	132.898262	2.6
1789	233.195692	150.681573	0.000004	37.664310	2.5
1790	231.788207	150.675118	0.000004	85.234725	2.6
1791	233.095964	150.671033	0.000004	137.432588	2.6
1792	236.126010	150.678072	0.000004	45.893278	2.6
1793	255.142270	150.677100	0.000004	52.156097	2.7
1794	236.187668	150.681443	0.000004	38.161675	2.7
1795	235.355682	150.678353	0.000004	106.828541	2.7
1796	239.923227	150.673187	0.000004	110.662676	2.9
1797	233.676841	150.689424	0.000004	132.179524	2.9
1798	232.849457	150.681273	0.000004	26.679736	2.9
1799	229.226630	150.677305	0.000004	70.421598	3.0
1800	231.806901	150.678703	0.000004	71.737301	3.0
1801	232.000873	150.694960	0.000004	100.598565	2.9
1802	243.123250	150.694196	0.000004	39.337723	2.9
1803	233.054560	150.690099	0.000004	117.532397	2.7
1804	236.428397	150.690602	0.000004	67.050012	2.8
1805	225.503666	150.694284	0.000004	34.928024	2.9
1806	221.336073	150.693763	0.000004	69.335772	2.9
1807	241.951330	150.697044	0.000004	58.987369	3.4
1808	236.337348	150.691036	0.000004	85.801680	2.9
1809	236.166519	150.702216	0.000004	227.435649	2.9
1810	233.725545	150.691905	0.000004	63.898388	2.6
1811	231.407035	150.682427	0.000004	59.102647	7.1
1812	241.035297	150.678345	0.000004	83.671890	4.8
1813	233.936490	150.673175	0.000004	65.203318	3.5
1814	236.732944	150.681604	0.000004	65.037213	3.0
1815	228.093327	150.678877	0.000004	79.109150	2.3
1816	235.694782	150.694049	0.000004	75.565614	2.2
1817	225.895047	150.702845	0.000004	42.892788	5.7
1818	232.024501	150.707189	0.000004	41.245143	2.5
1819	237.059512	150.706956	0.000004	66.004847	2.4
1820	230.860694	150.709097	0.000004	115.681069	3.1
1821	232.878522	150.716889	0.000004	70.322165	2.8
1822	244.613182	150.721486	0.000004	93.465177	2.7
1823	230.682938	150.743968	0.000004	101.831401	2.7
1824	231.504219	150.735202	0.000004	176.702590	2.8
1825	242.387778	150.950737	0.000004	155.479260	2.9
1826	236.863844	151.325232	0.000004	71.676995	2.9
1827	241.444819	151.401908	0.000004	44.001988	2.9
1828	239.771372	151.403653	0.000004	70.909151	3.0
1829	234.403185	151.406342	0.000004	79.444214	3.2
1830	245.995408	151.408745	0.000004	54.961575	3.0
1831	233.605686	151.404301	0.000004	48.607121	2.9
1832	233.691801	151.402126	0.000004	120.015825	2.8
1833	233.888778	151.403448	0.000004	54.391808	2.8
1834	229.745434	151.398930	0.000004	103.065655	2.8
1835	229.842951	151.393312	0.000004	163.423854	2.6
1836	237.393858	151.390950	0.000004	114.432117	2.6
1837	247.614543	151.513459	0.000004	149.627932	2.6
1838	239.245536	151.503358	0.000004	57.933246	2.7
1839	235.330375	151.499830	0.000004	241.739272	2.8
1840	245.411927	151.505479	0.000004	210.994576	2.8
1841	251.658652	152.502419	0.000004	135.935652	2.7
1842	227.228131	152.491993	0.000004	87.648950	2.9
1843	245.550359	152.544364	0.000004	99.741972	2.9
1844	255.981691	152.536196	0.000004	118.063818	2.9
1845	230.666914	152.526582	0.000004	104.188492	2.8
1846	236.105337	152.525426	0.000004	32.742469	2.7
1847	234.884266	152.531593	0.000004	91.228983	2.8
1848	231.643516	152.527158	0.000004	63.966338	2.7
1849	228.049980	152.536982	0.000004	159.717009	2.7
1850	244.385060	152.551215	0.000004	192.716457	2.7
1851	234.073991	153.301576	0.000004	312.013370	2.6
1852	241.942047	154.301326	0.000004	51.269987	2.8
1853	253.401827	154.312271	0.000004	25.035671	2.8
1854	231.263324	154.310207	0.000004	105.335438	2.8
1855	234.090844	154.308464	0.000004	107.936116	2.9
1856	227.485422	154.304031	0.000004	124.006296	2.8
1857	242.727901	154.304440	0.000004	55.048840	2.8
1858	230.821876	154.314984	0.000004	98.466046	2.8
1859	232.820074	154.313071	0.000004	61.417251	3.8
1860	225.824658	154.311312	0.000004	95.218796	2.9
1861	237.040501	154.318173	0.000004	128.056589	2.9
1862	228.680206	154.336065	0.000004	70.163210	2.8
1863	231.379907	154.363097	0.000004	33.811833	2.9
1864	228.906969	154.365896	0.000004	130.493772	3.2
1865	240.861709	154.362954	0.000004	98.240398	4.2
1866	239.988613	154.354533	0.000004	100.090081	3.0
1867	235.179250	154.378083	0.000004	156.261781	2.9
1868	240.784145	154.369111	0.000004	112.699461	2.9
1869	239.110241	154.486306	0.000004	167.535405	3.1
1870	238.640362	154.476969	0.000004	46.051019	2.9
1871	227.972154	154.481457	0.000004	89.911648	3.0
1872	241.479958	154.479523	0.000004	150.222423	5.0
1873	247.340957	154.565505	0.000004	47.405453	5.2
1874	233.465395	154.578298	0.000004	245.561570	5.3
1875	235.239329	154.594122	0.000004	64.953846	5.1
1876	231.274878	154.645915	0.000004	69.545803	3.8
1877	236.573461	154.657990	0.000004	183.178598	3.4
1878	247.422268	154.731405	0.000004	77.336036	5.0
1879	245.846243	154.724691	0.000004	321.261444	4.6
1880	238.187064	154.742754	0.000004	147.526990	4.6
1881	225.543360	155.733711	0.000004	84.867265	3.6
1882	241.228769	155.723922	0.000004	73.346195	3.5
1883	230.096634	155.742361	0.000004	42.308783	5.3
1884	240.072337	155.738831	0.000004	59.601346	3.0
1885	236.772048	155.740542	0.000004	196.973835	3.2
1886	234.135347	155.810631	0.000004	74.431433	4.6
1887	247.838429	155.801403	0.000004	221.644058	3.1
1888	230.059425	155.868754	0.000004	119.338158	5.1
1889	237.053863	156.486285	0.000004	100.601508	4.4
1890	246.376946	156.521257	0.000004	52.072411	3.8
1891	222.013846	156.519557	0.000004	85.300383	3.6
1892	231.830926	156.525446	0.000004	64.420157	3.5
1893	239.468979	156.520496	0.000004	44.911107	3.5
1894	224.357511	156.518977	0.000004	101.783918	3.0
1895	230.389955	156.513203	0.000004	34.195683	2.8
1896	232.051616	156.513752	0.000004	148.489575	2.8
1897	242.030968	156.516485	0.000004	73.485736	2.9
1898	233.901588	156.509975	0.000004	120.526568	2.6
1899	231.807970	156.508136	0.000004	146.208008	2.8
1900	236.826408	156.554077	0.000004	178.539373	4.1
1901	232.445661	156.757317	0.000004	143.034656	2.7
1902	245.272855	156.746957	0.000004	124.112942	2.8
1903	219.482959	156.794164	0.000004	121.484098	2.7
1904	236.735414	156.784578	0.000004	32.085919	2.8
1905	229.506588	156.793356	0.000004	48.033794	3.4
1906	236.555967	156.791637	0.000004	56.660946	5.4
1907	235.447868	156.787168	0.000004	94.101349	4.2
1908	234.430056	156.793059	0.000004	59.120999	3.5
1909	237.338805	156.804953	0.000004	119.266475	4.0
1910	225.001191	156.798453	0.000004	83.553695	3.5
1911	241.638264	156.822565	0.000004	155.192679	3.6
1912	235.258431	156.813317	0.000004	143.787407	3.6
1913	237.902354	156.816054	0.000004	174.545766	3.8
1914	238.611788	157.104887	0.000004	92.829199	3.9
1915	231.848188	157.100444	0.000004	115.631521	3.1
1916	235.605056	157.108214	0.000004	159.959704	5.0
1917	239.082940	157.242836	0.000004	79.382533	5.3
1918	233.258740	157.276856	0.000004	81.904191	3.6
1919	233.602304	157.271512	0.000004	221.423425	3.8
1920	235.680123	157.261320	0.000004	127.461038	4.4
1921	239.964999	157.912882	0.000004	153.372128	4.3
1922	231.724915	157.902677	0.000004	33.039725	3.4
1923	248.572287	157.912309	0.000004	129.977359	3.4
1924	235.317223	157.918573	0.000004	88.414894	3.2
1925	238.884794	157.931620	0.000004	93.021757	3.0
1926	232.313730	157.926538	0.000004	77.679467	3.2
1927	237.944550	157.954985	0.000004	99.040797	5.5
1928	250.316755	157.974808	0.000004	126.946386	3.3
1929	243.685206	158.048901	0.000004	125.799764	3.4
1930	237.599229	158.039099	0.000004	52.652689	3.7
1931	244.333337	158.048862	0.000004	85.120018	4.0
1932	241.578653	158.047610	0.000004	198.756212	3.3
1933	238.005897	158.068462	0.000004	69.364061	2.9
1934	246.503079	158.096270	0.000004	77.765763	4.9
1935	245.902556	158.095588	0.000004	159.963890	4.8
1936	236.230666	158.211763	0.000004	80.459416	4.8
1937	246.331582	158.329068	0.000004	77.824066	4.3
1938	231.148494	158.322157	0.000004	86.972552	3.7
1939	233.140591	158.317409	0.000004	83.238870	4.6
1940	230.190051	158.311784	0.000004	69.776351	5.4
1941	233.384402	158.307849	0.000004	116.392512	4.6
1942	232.276185	158.302731	0.000004	119.926328	5.0
1943	231.786915	158.293134	0.000004	99.218229	5.0
1944	243.602389	158.283592	0.000004	65.951869	5.2
1945	231.365219	158.277869	0.000004	210.342990	5.6
1946	228.524145	158.282053	0.000004	86.745101	5.2
1947	234.228108	158.289998	0.000004	79.426988	5.0
1948	232.573946	158.294534	0.000004	42.371864	5.2
1949	247.042079	158.292608	0.000004	128.970856	5.2
1950	223.858779	158.294984	0.000004	153.713577	5.2
1951	231.403912	158.284780	0.000004	35.762983	5.1
1952	228.206351	158.279644	0.000004	78.060007	4.6
1953	234.096255	158.275803	0.000004	81.943699	4.9
1954	238.039605	158.299615	0.000004	91.859568	4.9
1955	248.712260	158.293276	0.000004	35.780227	4.9
1956	239.696469	158.296930	0.000004	90.591128	3.8
1957	228.181456	158.293292	0.000004	99.858170	3.8
1958	237.584255	158.344867	0.000004	76.933780	3.6
1959	245.227179	158.340548	0.000004	76.260036	3.4
1960	236.836620	158.345307	0.000004	51.558546	3.4
1961	241.030252	158.345680	0.000004	183.622985	3.3
1962	235.799235	158.390735	0.000004	147.004662	3.4
1963	228.381640	159.184603	0.000004	79.460510	3.4
1964	243.377801	159.175950	0.000004	90.055617	3.3
1965	226.343021	159.174204	0.000004	143.368602	3.2
1966	233.111959	159.246436	0.000004	200.372412	3.4
1967	238.150008	159.236019	0.000004	88.783569	3.4
1968	238.322268	159.225821	0.000004	56.929103	3.5
1969	238.755937	159.223184	0.000004	69.989848	3.4
1970	226.718008	159.231268	0.000004	126.606142	2.8
1971	236.104372	159.223849	0.000004	100.046047	2.8
1972	235.684155	159.214133	0.000004	138.320020	3.1
1973	237.230024	159.204391	0.000004	54.331211	3.3
1974	233.619382	159.225691	0.000004	80.334162	2.5
1975	217.108646	159.224072	0.000004	59.552646	2.7
1976	234.082246	159.236732	0.000004	52.914544	5.1
1977	227.529138	159.231474	0.000004	245.803168	5.1
1978	234.523288	159.225022	0.000004	91.430533	6.0
1979	237.413364	159.480755	0.000004	70.213512	5.0
1980	234.155378	159.474401	0.000004	54.518016	5.2
1981	236.663562	159.472792	0.000004	77.030211	5.4
1982	225.203757	159.475471	0.000004	208.142145	4.3
1983	243.478937	159.683755	0.000004	56.863994	4.0
1984	233.318489	159.678277	0.000004	91.051448	3.8
1985	225.646177	159.685790	0.000004	103.034256	3.3
1986	235.324879	159.679700	0.000004	177.586201	3.3
1987	238.880525	159.669569	0.000004	158.691093	4.4
1988	235.215517	159.659278	0.000004	43.803443	4.9
1989	224.259117	159.655209	0.000004	86.292011	4.9
1990	236.321444	159.652215	0.000004	151.470010	3.6
1991	228.491139	159.771969	0.000004	91.176139	3.5
1992	235.262158	159.881212	0.000004	103.325733	3.7
1993	237.387912	159.923501	0.000004	94.953077	4.9
1994	238.430728	159.914212	0.000004	111.008993	4.8
1995	238.969105	159.905836	0.000004	78.409778	4.4
1996	240.325053	159.898441	0.000004	150.365901	4.4
1997	233.751059	159.892996	0.000004	144.565024	4.0
1998	225.851976	159.882637	0.000004	112.297075	3.9
1999	231.608805	159.872725	0.000004	128.504987	3.7
