1:ItNr	2:Metric	3a:Time	3b:StepSize	4:||Gradient||	Time[ms]
0	213.362422	0.000000	0.000224	692.616481	155.5
1	116.297276	0.000000	0.000224	366.641532	2.6
2	104.000708	0.000000	0.000224	259.806067	2.6
3	96.283578	0.000000	0.000224	167.686621	2.7
4	83.831020	0.000000	0.000224	100.100195	2.7
5	86.089544	0.000000	0.000224	73.072805	2.7
6	85.431335	0.000000	0.000224	63.375885	2.7
7	90.569118	0.000000	0.000224	47.355756	2.7
8	89.290017	0.000000	0.000224	36.648731	2.7
9	83.611669	0.000000	0.000224	37.973142	2.6
10	88.144012	0.000638	0.000224	30.070421	2.6
11	82.244701	0.002445	0.000224	42.447795	2.6
12	84.910426	0.004131	0.000224	35.279256	2.5
13	83.780918	0.007907	0.000224	36.105063	2.5
14	88.552401	0.004807	0.000224	40.737903	2.5
15	87.840881	0.008617	0.000224	31.255217	2.6
16	84.845578	0.010029	0.000224	17.921820	2.6
17	81.494488	0.010517	0.000224	18.635163	4.0
18	83.646342	0.009752	0.000224	24.442593	4.9
19	84.797224	0.009886	0.000224	18.620745	4.9
20	89.980888	0.008869	0.000224	19.278154	5.0
21	85.213622	0.008899	0.000224	15.948749	4.6
22	87.802478	0.008855	0.000224	15.231299	3.5
23	97.762153	0.008574	0.000224	28.937654	3.7
24	90.574523	0.007879	0.000224	37.549138	3.5
25	89.486482	0.009634	0.000224	35.023995	2.8
26	87.789279	0.009761	0.000224	23.037218	2.9
27	87.076739	0.010967	0.000224	19.424518	2.9
28	85.636782	0.009903	0.000224	33.859332	2.9
29	89.455775	0.010785	0.000224	27.743862	3.0
30	84.960942	0.011912	0.000224	22.844413	3.2
31	82.798095	0.012378	0.000224	22.448464	3.1
32	86.777536	0.011417	0.000224	54.355998	3.1
33	88.671766	0.012278	0.000224	33.427632	3.2
34	88.790051	0.016719	0.000224	26.592409	3.3
35	82.200192	0.016964	0.000224	30.967698	3.2
36	86.295938	0.017979	0.000224	17.884609	3.8
37	88.101158	0.017369	0.000224	34.054192	2.7
38	97.010159	0.017771	0.000224	34.036498	2.8
39	83.273069	0.019945	0.000224	25.108443	2.9
40	84.094063	0.021104	0.000224	26.942956	2.7
41	89.506280	0.021646	0.000224	27.023441	3.1
42	81.887292	0.020527	0.000224	33.936687	4.8
43	81.708852	0.019824	0.000224	54.160263	4.9
44	82.786382	0.022317	0.000224	47.144066	4.7
45	86.772160	0.024709	0.000223	40.571177	3.2
46	83.375790	0.030553	0.000223	26.825264	4.1
47	86.021051	0.031436	0.000223	16.413061	4.1
48	89.559758	0.030309	0.000223	16.713129	3.8
49	88.405957	0.029852	0.000223	39.427347	3.2
50	88.056855	0.029902	0.000223	47.057525	3.2
51	86.190602	0.035330	0.000223	45.865097	3.2
52	84.859819	0.041927	0.000223	35.899206	3.1
53	79.021291	0.046662	0.000223	49.893610	3.0
54	95.226912	0.051866	0.000223	59.848640	3.0
55	83.527461	0.062947	0.000223	20.598578	2.8
56	91.006978	0.065118	0.000223	21.120573	2.9
57	89.136476	0.065485	0.000223	44.717131	4.8
58	87.298419	0.066773	0.000223	33.249985	4.8
59	96.526400	0.068960	0.000223	27.094263	4.8
60	80.678391	0.070688	0.000223	27.165057	3.8
61	90.271536	0.068795	0.000223	52.430348	4.7
62	80.821489	0.072129	0.000223	87.179016	4.8
63	86.236590	0.094134	0.000223	88.158580	4.9
64	88.180040	0.151180	0.000222	72.094726	4.5
65	79.848991	0.192050	0.000222	50.972348	3.8
66	84.793598	0.207407	0.000222	20.434859	3.7
67	85.519931	0.207374	0.000222	28.162720	3.3
68	78.964729	0.206362	0.000222	47.243010	3.3
69	79.846916	0.209157	0.000222	39.073787	3.3
70	94.970203	0.214750	0.000221	24.101760	3.1
71	76.729832	0.215805	0.000221	41.130585	5.0
72	88.951980	0.217799	0.000221	38.379973	5.0
73	80.627897	0.222120	0.000221	22.009881	4.9
74	86.733160	0.222668	0.000221	33.870109	4.8
75	80.105939	0.222100	0.000221	18.987368	4.8
76	81.961118	0.223115	0.000221	26.155698	4.5
77	88.802731	0.222035	0.000221	45.859361	4.9
78	81.941805	0.224356	0.000221	52.719679	5.0
79	81.788846	0.231713	0.000221	18.806391	4.9
80	81.833749	0.229617	0.000221	61.778323	4.8
81	84.391875	0.231467	0.000221	60.691409	4.8
82	88.006587	0.244313	0.000221	38.897785	5.4
83	88.048482	0.248190	0.000221	43.461068	4.7
84	84.810266	0.252989	0.000221	44.189834	4.7
85	87.725467	0.255876	0.000221	41.543273	4.6
86	83.348694	0.259356	0.000221	15.755725	4.4
87	83.891122	0.258771	0.000221	42.018399	3.7
88	83.022026	0.259021	0.000221	20.725929	4.1
89	87.213503	0.258310	0.000221	41.533269	3.4
90	88.986223	0.257569	0.000221	28.609197	3.5
91	87.204050	0.260558	0.000221	22.042249	3.4
92	84.178043	0.260189	0.000221	27.551629	3.2
93	83.567818	0.259381	0.000221	28.117887	3.5
94	82.768856	0.260263	0.000221	27.397912	3.2
95	94.051806	0.261794	0.000221	37.588757	5.1
96	83.793802	0.260956	0.000221	85.365255	4.8
97	86.626884	0.272174	0.000221	82.343440	4.0
98	86.115402	0.323258	0.000220	48.803160	3.7
99	87.738041	0.339901	0.000220	23.589681	3.8
100	90.782489	0.342179	0.000220	33.250515	4.9
101	82.906828	0.340599	0.000220	58.790241	4.6
102	78.242568	0.345409	0.000220	17.045573	5.1
103	83.374665	0.346837	0.000220	23.856832	4.1
104	82.674647	0.346270	0.000220	42.460587	4.7
105	81.637682	0.345679	0.000220	35.715186	4.7
106	84.462126	0.350002	0.000220	14.590531	3.8
107	78.574824	0.350121	0.000220	27.669497	3.5
108	88.817596	0.350276	0.000220	37.894811	3.6
109	84.097137	0.352174	0.000220	40.587199	3.0
110	78.520627	0.356532	0.000220	11.405164	3.1
111	81.029094	0.356673	0.000220	15.431136	3.0
112	84.763776	0.356477	0.000220	10.865273	3.3
113	82.963720	0.356209	0.000220	28.478085	3.3
114	80.680455	0.355783	0.000220	41.732958	3.3
115	85.412456	0.358907	0.000220	48.070970	2.7
116	80.500017	0.365272	0.000220	41.712053	2.8
117	87.377588	0.369213	0.000220	19.464138	2.6
118	82.845906	0.367893	0.000220	17.717647	2.7
119	78.557375	0.367838	0.000220	26.288922	2.6
120	85.710264	0.367617	0.000220	37.248052	2.6
121	88.954387	0.369021	0.000220	44.617834	2.7
122	76.769371	0.373622	0.000220	10.712316	2.5
123	87.291676	0.373290	0.000220	62.572782	3.3
124	85.866486	0.373014	0.000220	57.312945	2.7
125	83.850147	0.381225	0.000220	48.897393	2.6
126	79.299075	0.391905	0.000220	49.479989	3.1
127	82.271240	0.400435	0.000220	48.779247	3.2
128	79.404171	0.408916	0.000219	45.549733	4.8
129	84.935540	0.410389	0.000219	19.056549	4.5
130	79.979143	0.411176	0.000219	19.866980	4.5
131	82.207002	0.410326	0.000219	25.026785	3.4
132	83.802991	0.410784	0.000219	25.480239	3.3
133	82.611281	0.411111	0.000219	40.129062	3.3
134	87.509619	0.413362	0.000219	18.251940	2.7
135	81.088371	0.412858	0.000219	41.561200	2.8
136	75.227526	0.413151	0.000219	48.751056	2.9
137	79.338276	0.419673	0.000219	45.205229	2.9
138	90.153372	0.425545	0.000219	55.246273	4.8
139	82.257661	0.433304	0.000219	71.971389	4.8
140	78.258149	0.451129	0.000219	54.504285	5.2
141	86.067122	0.462879	0.000219	67.344203	5.0
142	86.371713	0.477727	0.000219	90.447074	5.3
143	77.159141	0.506678	0.000218	100.342529	4.9
144	75.533345	0.595599	0.000218	50.782645	3.8
145	86.092040	0.622380	0.000217	42.905065	3.9
146	77.872072	0.622445	0.000217	12.411950	4.3
147	83.160773	0.622872	0.000217	19.165241	4.8
148	77.958941	0.622372	0.000217	14.966050	4.3
149	76.387642	0.622211	0.000217	19.891700	3.6
150	84.710928	0.622202	0.000217	22.129039	3.5
151	92.813135	0.622864	0.000217	48.030132	3.4
152	81.917682	0.623293	0.000217	64.804692	3.2
153	84.689648	0.634657	0.000217	52.987093	3.2
154	84.937436	0.648750	0.000217	18.678745	3.2
155	81.101781	0.650203	0.000217	25.287541	3.2
156	90.514958	0.649348	0.000217	23.442178	3.2
157	81.747602	0.650302	0.000217	24.993608	3.2
158	82.435714	0.651222	0.000217	25.943865	3.3
159	75.592818	0.652301	0.000217	21.591565	3.4
160	81.932384	0.653247	0.000217	13.505502	3.1
161	78.143245	0.653418	0.000217	28.902819	2.7
162	77.066524	0.653731	0.000217	51.522354	2.7
163	78.065301	0.656726	0.000217	44.688199	2.7
164	85.225753	0.663498	0.000217	11.932767	2.5
165	77.108891	0.663325	0.000217	28.932575	2.6
166	80.735847	0.662941	0.000217	13.416851	2.6
167	84.925560	0.663137	0.000217	43.274116	2.6
168	76.420788	0.662539	0.000217	11.594134	2.5
169	78.147726	0.662026	0.000217	26.999445	2.5
170	85.051587	0.661748	0.000217	25.207434	2.5
171	78.850141	0.661224	0.000217	27.334662	2.5
172	94.535623	0.662351	0.000217	34.493111	2.6
173	85.545239	0.664594	0.000217	19.597435	2.8
174	91.366489	0.665348	0.000217	60.108845	4.9
175	87.327347	0.667541	0.000217	81.704600	4.7
176	83.883608	0.692343	0.000217	63.062811	3.0
177	76.200628	0.721045	0.000216	51.263952	3.1
178	78.998967	0.724583	0.000216	33.558308	3.6
179	81.477318	0.725863	0.000216	43.446119	3.6
180	87.964562	0.727530	0.000216	29.683486	4.5
181	78.824116	0.730564	0.000216	20.277252	3.0
182	82.127256	0.730303	0.000216	33.091703	2.9
183	76.091112	0.731512	0.000216	27.166908	2.9
184	78.718532	0.733578	0.000216	27.855265	2.9
185	79.021440	0.731594	0.000216	31.671850	2.9
186	84.611150	0.732633	0.000216	34.308968	2.8
187	86.325782	0.731361	0.000216	40.365702	2.7
188	82.391377	0.731437	0.000216	35.244128	2.7
189	76.061198	0.733791	0.000216	14.511366	3.8
190	77.489777	0.734128	0.000216	26.164688	3.5
191	86.010664	0.734036	0.000216	21.741974	3.5
192	76.843757	0.733124	0.000216	27.243912	3.5
193	74.788834	0.734223	0.000216	16.803168	3.0
194	81.548263	0.734871	0.000216	23.435963	2.4
195	85.186653	0.734437	0.000216	21.320557	2.3
196	77.085233	0.733684	0.000216	22.286607	2.3
197	85.839536	0.733573	0.000216	33.452953	2.6
198	82.362363	0.732228	0.000216	22.942908	2.2
199	83.253296	0.732741	0.000216	36.689466	2.2
200	91.137901	0.732135	0.000216	24.603529	2.2
201	80.350093	0.732974	0.000216	48.700930	2.3
202	81.951726	0.735183	0.000216	32.315070	2.8
203	81.079775	0.739015	0.000216	32.346148	2.8
204	85.549248	0.736799	0.000216	52.649092	3.1
205	78.821931	0.741954	0.000216	36.582000	4.9
206	80.944547	0.745477	0.000216	22.580627	4.8
207	82.070885	0.747490	0.000216	14.387284	3.6
208	84.850807	0.747665	0.000216	28.438190	5.2
209	88.329196	0.746838	0.000216	31.442846	5.2
210	84.421841	0.748931	0.000216	39.789875	4.7
211	78.932399	0.751522	0.000216	46.824198	4.7
212	78.509724	0.755932	0.000216	46.573731	3.0
213	83.425030	0.763204	0.000216	51.208357	2.9
214	85.181233	0.771694	0.000216	27.358598	3.5
215	76.893763	0.775196	0.000216	26.559846	3.6
216	88.963999	0.773857	0.000216	25.615463	4.1
217	79.486266	0.773904	0.000216	54.247594	3.8
218	79.326764	0.777381	0.000216	25.037965	3.9
219	81.511068	0.780010	0.000216	18.276213	3.5
220	88.069572	0.780408	0.000216	15.316790	3.5
221	73.000326	0.780325	0.000216	17.377544	3.5
222	78.148459	0.780354	0.000216	32.082741	3.3
223	80.906364	0.779719	0.000216	68.328678	3.1
224	90.353790	0.786925	0.000216	34.281505	3.1
225	85.554257	0.795034	0.000216	22.818051	3.0
226	82.137431	0.796331	0.000216	43.270919	2.9
227	80.626177	0.797651	0.000216	36.969013	2.9
228	78.346048	0.802146	0.000216	27.000399	2.9
229	86.507829	0.802835	0.000216	31.955418	3.0
230	81.621775	0.804593	0.000215	40.313483	3.0
231	86.730960	0.806865	0.000215	41.830165	3.1
232	85.903706	0.812236	0.000215	36.093248	3.3
233	84.725580	0.816636	0.000215	19.861683	3.4
234	74.598400	0.817431	0.000215	28.073371	3.3
235	83.673045	0.818531	0.000215	25.861360	3.3
236	80.512550	0.819930	0.000215	18.718996	3.2
237	80.489195	0.820434	0.000215	10.353047	3.2
238	85.278062	0.820313	0.000215	17.251410	3.2
239	85.199882	0.820295	0.000215	57.344499	3.2
240	78.427111	0.822549	0.000215	80.164859	3.1
241	86.042584	0.842772	0.000215	68.525676	3.3
242	86.472298	0.875102	0.000215	28.682857	3.3
243	80.581599	0.874042	0.000215	35.039950	4.7
244	75.511466	0.874010	0.000215	25.950123	4.3
245	82.490202	0.875420	0.000215	28.181103	4.2
246	78.939316	0.874946	0.000215	26.703726	3.9
247	76.976156	0.876776	0.000215	54.921684	3.4
248	82.447897	0.879969	0.000215	54.242177	3.5
249	75.473867	0.891296	0.000215	35.465493	3.5
250	81.279700	0.896754	0.000215	28.487274	3.6
251	80.254807	0.898886	0.000215	44.934889	3.7
252	81.160412	0.900267	0.000215	28.832440	3.1
253	83.674960	0.902767	0.000215	29.771170	2.8
254	78.757849	0.903293	0.000215	39.738140	2.8
255	84.365963	0.906288	0.000214	29.724063	2.7
256	83.379883	0.907890	0.000214	11.767005	2.6
257	78.377911	0.907158	0.000214	13.893469	2.7
258	74.854173	0.907044	0.000214	13.521436	2.5
259	75.933118	0.906898	0.000214	33.282030	2.6
260	80.365390	0.906586	0.000214	49.644725	2.9
261	84.626856	0.911402	0.000214	19.537453	2.8
262	83.488006	0.911701	0.000214	20.350765	4.8
263	73.563213	0.911011	0.000214	31.043383	4.8
264	83.751569	0.909433	0.000214	18.201596	5.0
265	83.827565	0.909514	0.000214	24.187863	3.8
266	81.262289	0.909849	0.000214	36.937779	3.7
267	72.922040	0.909520	0.000214	26.553556	3.7
268	78.269964	0.911838	0.000214	20.313591	5.1
269	78.250988	0.912843	0.000214	20.365736	5.1
270	73.291146	0.912116	0.000214	46.044915	5.0
271	82.436348	0.914454	0.000214	22.806703	4.4
272	78.401942	0.916660	0.000214	22.431720	4.0
273	81.604575	0.916922	0.000214	40.733710	4.8
274	82.524071	0.917947	0.000214	23.891010	5.2
275	81.997731	0.919330	0.000214	25.415047	5.2
276	78.104519	0.917761	0.000214	37.171384	5.1
277	80.509978	0.920106	0.000214	42.961745	4.9
278	78.327233	0.925019	0.000214	63.525916	4.8
279	82.062047	0.935081	0.000214	71.293140	4.6
280	72.784648	0.951305	0.000214	78.255394	3.7
281	77.546834	0.983973	0.000214	70.217365	3.7
282	73.734560	1.012436	0.000213	40.039217	3.5
283	84.352722	1.023231	0.000213	53.522656	3.3
284	86.435465	1.030719	0.000213	54.997211	3.4
285	79.160960	1.039978	0.000213	34.921864	3.0
286	73.830697	1.046245	0.000213	16.363600	2.9
287	74.895845	1.047307	0.000213	13.875055	3.1
288	74.908692	1.046943	0.000213	18.448216	5.1
289	78.599761	1.046765	0.000213	14.119655	3.5
290	83.454224	1.046629	0.000213	44.899304	3.1
291	74.100001	1.046700	0.000213	44.598100	3.6
292	88.090781	1.053437	0.000213	52.460522	3.7
293	82.655049	1.061625	0.000213	45.933557	4.8
294	84.745869	1.070171	0.000213	34.281391	5.1
295	72.863308	1.074655	0.000213	41.316960	5.3
296	74.053175	1.078409	0.000213	18.359959	5.3
297	85.249865	1.079337	0.000213	22.589297	5.2
298	74.782037	1.078563	0.000213	29.334709	4.2
299	75.834046	1.078971	0.000213	18.082110	3.9
300	77.316578	1.079522	0.000213	20.145260	3.6
301	75.463152	1.078663	0.000213	20.972966	4.3
302	85.274171	1.079087	0.000213	33.542550	5.0
303	85.711852	1.080252	0.000213	33.475453	5.7
304	72.825707	1.080592	0.000213	41.338737	4.6
305	78.301221	1.082965	0.000213	42.695348	4.3
306	82.477598	1.088070	0.000213	34.227478	3.0
307	75.999348	1.091969	0.000213	18.139349	3.1
308	83.798403	1.092890	0.000213	17.639243	3.2
309	82.628332	1.092026	0.000213	14.966244	2.9
310	80.532511	1.091971	0.000213	25.076469	2.8
311	83.401427	1.092085	0.000213	10.055082	2.9
312	77.507580	1.091957	0.000213	16.736283	5.0
313	88.403594	1.091865	0.000213	24.992004	3.2
314	82.161501	1.092368	0.000213	21.820233	3.4
315	85.048994	1.091722	0.000213	35.072876	3.2
316	78.983952	1.093311	0.000213	28.760838	3.3
317	80.478427	1.093842	0.000213	41.195268	3.1
318	75.992944	1.096849	0.000213	54.228052	3.4
319	79.966701	1.104042	0.000213	51.975817	3.2
320	82.064485	1.110733	0.000213	20.876523	3.1
321	78.884594	1.110415	0.000213	43.115677	3.1
322	80.295544	1.110179	0.000213	23.972224	2.6
323	78.166493	1.112191	0.000212	28.762617	2.5
324	78.464419	1.113824	0.000212	42.829270	2.4
325	73.940910	1.117198	0.000212	63.330509	2.6
326	82.139169	1.126579	0.000212	92.349889	2.5
327	88.847504	1.161968	0.000212	79.645620	2.5
328	77.341043	1.221520	0.000211	41.657722	2.6
329	81.353719	1.235506	0.000211	28.800422	2.5
330	87.127248	1.237992	0.000211	31.542563	2.6
331	82.501724	1.240472	0.000211	26.161715	2.5
332	81.592988	1.240069	0.000211	34.141157	2.5
333	77.918341	1.240477	0.000211	45.676989	2.6
334	87.304794	1.244722	0.000211	36.062646	2.6
335	78.165993	1.249896	0.000211	33.720066	2.6
336	79.311028	1.252746	0.000211	27.468053	2.6
337	84.975957	1.252477	0.000211	23.307987	2.8
338	72.286302	1.251747	0.000211	44.995109	2.6
339	75.780891	1.253430	0.000211	38.283017	2.6
340	76.749212	1.255157	0.000211	43.371276	2.6
341	76.892717	1.260400	0.000211	50.451968	2.8
342	83.574255	1.264016	0.000211	32.349111	2.8
343	82.155673	1.268531	0.000211	21.996970	2.7
344	81.599618	1.267590	0.000211	34.301004	2.8
345	85.769756	1.267809	0.000211	52.188738	3.0
346	79.789090	1.272132	0.000211	50.717475	2.9
347	78.261074	1.281993	0.000211	29.218959	2.9
348	84.698860	1.286454	0.000211	14.304995	2.4
349	72.259666	1.286246	0.000211	22.557210	2.5
350	77.327651	1.286231	0.000211	36.260693	2.4
351	81.046155	1.287886	0.000211	15.191602	2.4
352	78.599880	1.287456	0.000211	35.004383	2.6
353	74.024176	1.287870	0.000211	21.437954	2.5
354	80.755464	1.289598	0.000211	28.012287	2.6
355	75.787499	1.288256	0.000211	33.181985	4.6
356	76.981005	1.290506	0.000211	29.350910	2.8
357	77.780785	1.292150	0.000211	42.142951	2.8
358	81.151757	1.295549	0.000211	26.904446	2.9
359	75.945114	1.294302	0.000211	14.018527	3.0
360	83.602750	1.294981	0.000211	39.032907	2.9
361	78.139650	1.295251	0.000211	68.470975	3.0
362	76.143492	1.302467	0.000211	74.666770	4.7
363	82.102730	1.324050	0.000210	49.691201	4.6
364	80.624645	1.340288	0.000210	26.700623	4.0
365	80.834380	1.342706	0.000210	31.096390	3.7
366	73.681267	1.342009	0.000210	43.947176	3.6
367	79.428292	1.345523	0.000210	38.910651	3.4
368	79.223883	1.350882	0.000210	58.685691	3.1
369	83.874612	1.354739	0.000210	46.721013	3.2
370	82.083946	1.364178	0.000210	29.163925	4.2
371	78.003562	1.363203	0.000210	21.051448	3.5
372	74.343922	1.362591	0.000210	17.665870	3.1
373	74.482127	1.363210	0.000210	16.156959	3.2
374	76.812207	1.363502	0.000210	19.821377	3.3
375	80.547190	1.363318	0.000210	21.429688	3.1
376	78.674367	1.363492	0.000210	29.169606	3.2
377	77.857153	1.364488	0.000210	27.370970	3.3
378	81.031532	1.364981	0.000210	28.264738	4.2
379	81.007721	1.365289	0.000210	40.181829	5.1
380	79.016744	1.368272	0.000210	22.441653	4.9
381	83.244775	1.369439	0.000210	52.285143	4.2
382	83.042136	1.372207	0.000210	58.180568	4.3
383	76.595076	1.384701	0.000210	25.496257	5.1
384	79.325432	1.386334	0.000210	52.338928	5.2
385	78.411908	1.387054	0.000210	33.012008	5.2
386	78.124901	1.390719	0.000210	26.675546	4.9
387	78.152094	1.392687	0.000210	23.988604	5.0
388	79.154282	1.393663	0.000210	29.865845	5.0
389	78.475887	1.394309	0.000210	21.333755	4.0
390	77.426316	1.394718	0.000210	21.515478	3.8
391	72.468591	1.395762	0.000210	24.007750	3.7
392	79.924233	1.396660	0.000210	22.521307	3.3
393	90.216320	1.397938	0.000210	21.578710	3.2
394	77.038055	1.397605	0.000210	51.502360	3.2
395	81.564092	1.400512	0.000210	50.236379	2.9
396	70.651158	1.408480	0.000210	36.561726	3.0
397	79.400363	1.412160	0.000210	38.179039	3.0
398	74.607309	1.416250	0.000210	28.584828	3.0
399	75.820066	1.419167	0.000210	23.980382	3.0
400	76.568843	1.418458	0.000210	37.454130	3.1
401	76.414740	1.417579	0.000210	33.349701	3.1
402	82.801463	1.417985	0.000210	18.607749	3.1
403	78.298819	1.419375	0.000210	17.857735	3.1
404	81.068076	1.419031	0.000210	27.657489	3.0
405	76.811525	1.419646	0.000210	17.467662	3.1
406	79.832526	1.420227	0.000210	17.782025	3.0
407	81.117600	1.420611	0.000210	29.199978	3.1
408	83.039583	1.420045	0.000210	41.587179	3.1
409	74.206964	1.423145	0.000210	39.694551	3.2
410	77.648159	1.427253	0.000210	17.376060	3.1
411	77.208163	1.428637	0.000209	22.331061	2.9
412	75.964196	1.427601	0.000210	17.483803	2.9
413	73.895043	1.426874	0.000210	19.574867	2.9
414	82.492296	1.427565	0.000210	23.453593	2.9
415	83.882005	1.428515	0.000209	46.927853	3.0
416	80.808197	1.430412	0.000209	34.904297	5.0
417	80.240838	1.435510	0.000209	24.814352	4.9
418	76.906854	1.434987	0.000209	32.872071	4.9
419	76.870171	1.436595	0.000209	44.421458	3.7
420	72.490654	1.441132	0.000209	33.280563	3.7
421	82.337548	1.445739	0.000209	48.639858	3.9
422	78.434771	1.448519	0.000209	14.594439	3.4
423	74.018926	1.448882	0.000209	32.653526	3.7
424	74.948987	1.448158	0.000209	25.521639	3.5
425	79.582270	1.449104	0.000209	20.669501	3.2
426	71.304652	1.449957	0.000209	33.806395	3.6
427	82.580755	1.451555	0.000209	14.916676	3.0
428	87.932615	1.452080	0.000209	10.733855	2.6
429	84.098284	1.452115	0.000209	20.014626	2.6
430	82.126537	1.452223	0.000209	27.373070	2.6
431	80.406240	1.451570	0.000209	20.003598	2.6
432	77.238244	1.452522	0.000209	28.846023	2.5
433	78.228838	1.453479	0.000209	49.236971	2.5
434	80.034973	1.456630	0.000209	40.414210	4.9
435	80.426231	1.461869	0.000209	16.075198	4.7
436	77.902086	1.463102	0.000209	25.534491	4.7
437	84.878122	1.462849	0.000209	37.228339	3.2
438	72.553813	1.465298	0.000209	17.500473	3.2
439	75.964450	1.466651	0.000209	14.708077	3.2
440	77.338077	1.466450	0.000209	31.784637	3.1
441	81.258451	1.467474	0.000209	34.216637	3.2
442	77.855735	1.466371	0.000209	34.378755	5.2
443	80.083055	1.468963	0.000209	21.328625	3.7
444	83.516488	1.469998	0.000209	25.847219	3.3
445	75.956514	1.469934	0.000209	28.231371	3.8
446	83.689002	1.471192	0.000209	16.634051	3.5
447	80.628359	1.471905	0.000209	21.714128	3.5
448	76.525119	1.472561	0.000209	15.223170	3.1
449	79.515831	1.473123	0.000209	18.280251	3.1
450	77.376983	1.472991	0.000209	20.896019	3.6
451	75.539672	1.473773	0.000209	16.446621	3.1
452	72.037142	1.473957	0.000209	29.456837	3.0
453	76.761644	1.474190	0.000209	30.168026	3.0
454	81.289756	1.475774	0.000209	11.601583	3.0
455	82.386413	1.475453	0.000209	22.199265	3.1
456	76.785773	1.475419	0.000209	24.367071	3.0
457	78.943080	1.475617	0.000209	17.993244	3.1
458	71.932179	1.476107	0.000209	32.951055	3.3
459	75.954984	1.477445	0.000209	28.092039	3.3
460	81.443823	1.480093	0.000209	31.095505	3.1
461	74.452391	1.481911	0.000209	24.855259	2.7
462	76.123608	1.482876	0.000209	32.366263	2.7
463	80.770060	1.483429	0.000209	25.466856	2.8
464	78.142808	1.484633	0.000209	26.685987	2.8
465	77.175869	1.485938	0.000209	23.305913	2.9
466	76.666496	1.487579	0.000209	31.504668	2.9
467	78.675730	1.486028	0.000209	13.140679	2.9
468	71.490321	1.485072	0.000209	41.831803	2.7
469	75.583617	1.485230	0.000209	57.280644	2.7
470	78.676249	1.493350	0.000209	76.936953	2.7
471	76.997040	1.513816	0.000209	47.800566	2.8
472	74.343319	1.525508	0.000209	36.319313	2.9
473	77.745158	1.530825	0.000209	44.008064	3.0
474	77.973513	1.536026	0.000208	36.325742	2.9
475	69.907359	1.541354	0.000208	17.554401	2.5
476	79.609414	1.542111	0.000208	21.636039	2.5
477	74.859621	1.542419	0.000208	27.204124	2.4
478	79.766809	1.542259	0.000208	33.752405	2.3
479	81.661342	1.544515	0.000208	33.379413	2.3
480	74.885842	1.546470	0.000208	12.359880	2.4
481	80.518619	1.546422	0.000208	14.742952	2.4
482	74.773114	1.546265	0.000208	20.685782	2.5
483	77.053108	1.546765	0.000208	37.263953	4.3
484	78.806907	1.548737	0.000208	43.580334	2.4
485	85.334248	1.553417	0.000208	60.364191	2.4
486	81.879648	1.562893	0.000208	52.959140	2.5
487	75.436240	1.575905	0.000208	22.505703	2.8
488	75.836108	1.578616	0.000208	21.514778	2.9
489	74.994060	1.578195	0.000208	30.999708	5.6
490	77.385991	1.576734	0.000208	8.867541	2.9
491	72.429801	1.576167	0.000208	26.423807	2.9
492	75.650784	1.576388	0.000208	13.104655	2.4
493	77.318547	1.576549	0.000208	17.848275	2.5
494	82.719404	1.576396	0.000208	36.444683	4.6
495	81.092760	1.576416	0.000208	60.694684	4.3
496	80.105878	1.583168	0.000208	52.264424	3.6
497	74.777944	1.594903	0.000208	18.680220	3.6
498	74.649447	1.597036	0.000208	8.800676	3.4
499	75.353754	1.596751	0.000208	16.387328	3.1
500	82.418125	1.596639	0.000208	26.473386	3.1
501	73.124910	1.597592	0.000208	30.443240	2.9
502	76.227286	1.599669	0.000208	8.431543	2.8
503	78.151397	1.599505	0.000208	21.227686	2.7
504	82.794993	1.599490	0.000208	12.760145	2.8
505	76.766535	1.599662	0.000208	16.200425	2.8
506	79.986751	1.599645	0.000208	19.664017	6.7
507	72.221751	1.599702	0.000208	24.846107	3.2
508	77.361217	1.600304	0.000208	48.639375	3.1
509	79.886535	1.603811	0.000208	34.105466	3.0
510	75.005949	1.608377	0.000208	34.227090	3.9
511	75.777801	1.611203	0.000208	10.540342	3.1
512	75.490925	1.611373	0.000208	34.635872	3.0
513	80.713084	1.611323	0.000208	40.620322	2.9
514	80.994841	1.614434	0.000208	28.012404	2.5
515	80.069947	1.617712	0.000208	38.814832	2.5
516	75.581423	1.620905	0.000208	30.539041	2.6
517	74.748046	1.622190	0.000208	43.466975	2.8
518	80.656403	1.619804	0.000208	28.904296	2.8
519	75.293804	1.622202	0.000208	18.665437	2.8
520	82.936646	1.620812	0.000208	22.328266	2.7
521	74.745702	1.620075	0.000208	43.017633	2.6
522	78.137439	1.622134	0.000208	49.126218	2.7
523	81.622676	1.628646	0.000208	39.416844	2.6
524	80.360747	1.633266	0.000208	24.354517	2.6
525	78.218334	1.634885	0.000208	45.446334	2.7
526	77.912078	1.636256	0.000208	14.916012	2.6
527	76.907528	1.637864	0.000208	12.659992	2.7
528	77.693357	1.637651	0.000208	25.429416	2.6
529	74.378785	1.638245	0.000208	23.514951	2.6
530	76.073438	1.638773	0.000208	14.141664	2.6
531	75.267322	1.638152	0.000208	18.095927	2.8
532	75.202746	1.638632	0.000208	16.449718	4.9
533	71.963664	1.638075	0.000208	25.911800	4.4
534	76.343043	1.637568	0.000208	29.676476	3.5
535	76.452033	1.639739	0.000208	12.893089	3.4
536	80.409566	1.639356	0.000208	27.624750	3.4
537	75.263522	1.640027	0.000208	24.808069	2.8
538	76.820285	1.641805	0.000208	12.631580	2.7
539	77.079623	1.642338	0.000208	18.726892	2.8
540	71.601055	1.641980	0.000208	32.326442	2.8
541	75.842904	1.643091	0.000208	51.496609	3.1
542	81.374710	1.648136	0.000207	52.536056	5.0
543	80.196773	1.658945	0.000207	54.848653	4.8
544	75.130413	1.670563	0.000207	44.447945	4.6
545	79.116723	1.679020	0.000207	22.399697	4.3
546	74.562520	1.681612	0.000207	14.475789	5.0
547	78.175788	1.681692	0.000207	44.419571	4.5
548	74.828822	1.682061	0.000207	58.519300	5.1
549	81.748226	1.692133	0.000207	46.848143	5.1
550	71.795241	1.702294	0.000207	52.855106	5.0
551	73.043543	1.711811	0.000207	26.654336	5.1
552	78.896748	1.713178	0.000207	45.528067	4.9
553	78.258770	1.711974	0.000207	60.621938	4.9
554	79.298131	1.723247	0.000207	53.241664	5.1
555	81.921695	1.737083	0.000207	41.230907	5.3
556	83.390891	1.743780	0.000207	32.757584	5.3
557	67.501052	1.746048	0.000207	20.268614	5.1
558	79.484799	1.744994	0.000207	23.806555	5.2
559	80.986014	1.746000	0.000207	25.050872	4.3
560	76.000568	1.745452	0.000207	12.514504	4.0
561	77.777125	1.744714	0.000207	29.675699	5.3
562	72.876144	1.744962	0.000207	29.716590	5.5
563	73.952842	1.747487	0.000207	12.962257	4.3
564	81.062551	1.748379	0.000207	17.803115	4.7
565	80.986169	1.748765	0.000207	13.358488	4.8
566	72.409977	1.748615	0.000207	24.406600	5.2
567	76.214748	1.747751	0.000207	12.374874	5.3
568	71.501543	1.747995	0.000207	13.064945	5.4
569	81.140022	1.747567	0.000207	31.182382	5.2
570	75.975410	1.748322	0.000207	31.792339	5.0
571	78.302806	1.751006	0.000207	12.315877	5.0
572	77.499858	1.751416	0.000207	12.185635	5.1
573	77.369786	1.751306	0.000207	37.179131	4.4
574	74.342962	1.752031	0.000207	32.886349	3.8
575	79.233742	1.753561	0.000207	29.173161	3.8
576	75.841397	1.755953	0.000206	23.078126	3.8
577	81.348960	1.755757	0.000206	14.473316	3.7
578	72.979104	1.755098	0.000206	39.997073	3.7
579	76.606477	1.755586	0.000206	35.045751	4.1
580	75.848435	1.759466	0.000206	13.812484	4.0
581	80.411829	1.760181	0.000206	16.826306	3.2
582	78.163845	1.760342	0.000206	14.469313	3.2
583	83.557636	1.760497	0.000206	44.422557	3.1
584	75.458377	1.761883	0.000206	32.472932	3.1
585	77.488098	1.763817	0.000206	28.694163	3.2
586	68.601455	1.766472	0.000206	34.199261	3.1
587	79.895355	1.769122	0.000206	40.853999	3.3
588	74.961331	1.773058	0.000206	18.574940	2.9
589	76.910006	1.772130	0.000206	46.722471	2.9
590	78.160609	1.773392	0.000206	31.426534	2.8
591	69.250926	1.776132	0.000206	43.940569	3.0
592	75.873971	1.780056	0.000206	39.473453	3.1
593	76.186995	1.784972	0.000206	22.579636	3.3
594	82.038774	1.787611	0.000206	39.027496	2.9
595	76.953028	1.789680	0.000206	18.915974	2.9
596	78.057423	1.791296	0.000206	12.077900	2.9
597	72.781508	1.791417	0.000206	11.320179	5.3
598	85.247855	1.791416	0.000206	56.435594	5.2
599	80.304363	1.792221	0.000206	61.563380	5.0
600	77.003982	1.806779	0.000206	47.470506	4.7
601	81.083056	1.817413	0.000206	44.024750	2.5
602	81.194943	1.824774	0.000206	33.424719	3.1
603	84.995260	1.828713	0.000206	43.947347	3.1
604	80.857992	1.832095	0.000206	10.502723	2.7
605	77.983344	1.833009	0.000206	17.662730	2.3
606	82.980370	1.832721	0.000206	34.588393	2.3
607	84.010492	1.833551	0.000206	34.247688	2.8
608	74.655805	1.836377	0.000206	27.028610	4.6
609	76.538674	1.838092	0.000206	37.839722	4.7
610	79.681365	1.841136	0.000206	15.735743	4.6
611	79.202122	1.842207	0.000206	23.802151	3.7
612	76.034242	1.841329	0.000206	41.986745	3.5
613	83.128554	1.843813	0.000206	41.755777	3.2
614	76.341215	1.849150	0.000206	39.001051	2.9
615	78.019574	1.854251	0.000206	11.107613	3.0
616	80.299019	1.854817	0.000206	25.607323	3.0
617	81.596242	1.854196	0.000206	33.934115	2.8
618	80.912018	1.852209	0.000206	46.078217	3.0
619	77.588508	1.854717	0.000206	46.996566	2.7
620	81.569718	1.862648	0.000206	68.254073	2.8
621	72.996047	1.869399	0.000205	35.588347	2.7
622	84.012776	1.878531	0.000205	18.569316	3.0
623	76.186271	1.877524	0.000205	26.966879	2.8
624	79.374765	1.878483	0.000205	46.401793	2.6
625	78.972373	1.881889	0.000205	68.554824	2.7
626	75.337745	1.894434	0.000205	67.163259	2.7
627	76.465262	1.917617	0.000205	53.054237	2.7
628	78.264208	1.932095	0.000205	32.127065	2.7
629	78.487394	1.934565	0.000205	23.085687	2.6
630	70.945568	1.935366	0.000205	28.892804	2.6
631	81.092664	1.935740	0.000205	12.026467	2.8
632	73.830108	1.935275	0.000205	29.329905	4.8
633	76.471482	1.935991	0.000205	24.896087	4.9
634	72.553869	1.936568	0.000205	21.225388	4.5
635	76.912234	1.936892	0.000205	20.503429	4.7
636	79.272850	1.937215	0.000205	32.074294	4.8
637	77.846761	1.937305	0.000205	22.281110	3.8
638	76.795473	1.939234	0.000205	18.072943	4.3
639	82.933016	1.940012	0.000205	34.610204	5.1
640	75.850220	1.941045	0.000205	16.911758	5.1
641	71.643207	1.942077	0.000205	24.292632	4.8
642	73.039750	1.943096	0.000205	35.086709	5.0
643	72.859341	1.944912	0.000205	7.324219	5.1
644	76.171101	1.945040	0.000205	30.087846	4.9
645	75.852399	1.945076	0.000205	17.507176	5.0
646	79.032890	1.946407	0.000205	14.411702	3.9
647	77.842882	1.945871	0.000205	23.110588	3.5
648	78.888528	1.946076	0.000205	22.474871	3.8
649	70.797616	1.945181	0.000205	36.074024	3.9
650	72.519610	1.946305	0.000205	17.507657	3.9
651	78.959313	1.945942	0.000205	12.716982	3.2
652	81.072657	1.945712	0.000205	21.999961	3.0
653	70.874464	1.944958	0.000205	55.067971	2.8
654	71.242933	1.947714	0.000205	53.757738	2.6
655	74.389444	1.960110	0.000205	57.407501	2.7
656	78.359263	1.972272	0.000205	62.223478	2.7
657	71.805534	1.988054	0.000204	62.463375	2.7
658	71.932098	2.005043	0.000204	39.641146	2.6
659	76.050641	2.012569	0.000204	30.339708	2.8
660	71.833435	2.011771	0.000204	22.813248	2.7
661	71.935108	2.012731	0.000204	26.221554	2.5
662	73.134952	2.014096	0.000204	37.312085	2.5
663	82.165632	2.016959	0.000204	57.082205	4.0
664	79.676311	2.024027	0.000204	38.597362	4.4
665	78.687151	2.032132	0.000204	25.256117	5.0
666	76.180233	2.034055	0.000204	25.314133	4.8
667	79.036352	2.035392	0.000204	14.783154	3.4
668	76.219979	2.035837	0.000204	16.422372	3.6
669	76.299294	2.036196	0.000204	27.907281	3.5
670	76.610875	2.037069	0.000204	38.446912	3.8
671	68.949095	2.037066	0.000204	57.532723	4.8
672	83.289802	2.045172	0.000204	62.928411	5.1
673	80.077229	2.059498	0.000204	47.762730	3.2
674	75.640389	2.069403	0.000204	18.431416	3.2
675	76.078112	2.071907	0.000204	16.824679	3.5
676	76.717984	2.072037	0.000204	16.981700	5.0
677	73.614765	2.072664	0.000204	30.722597	5.0
678	76.061550	2.072000	0.000204	55.951698	4.8
679	75.211815	2.077513	0.000204	53.900648	4.8
680	77.127332	2.089248	0.000203	10.102345	4.5
681	77.494135	2.088020	0.000204	59.264846	4.2
682	75.580357	2.089149	0.000204	30.697444	3.6
683	68.776814	2.095226	0.000203	26.472690	3.6
684	76.647745	2.093462	0.000203	34.135441	3.5
685	79.684288	2.093882	0.000203	21.943757	3.5
686	80.718689	2.095448	0.000203	30.768155	3.6
687	74.394384	2.095257	0.000203	46.924096	3.0
688	71.170402	2.096286	0.000203	38.670957	2.8
689	72.124865	2.102338	0.000203	22.178764	2.8
690	79.970681	2.104761	0.000203	34.731879	2.8
691	81.551532	2.105833	0.000203	21.859432	2.7
692	73.962090	2.104384	0.000203	44.224285	2.7
693	76.004606	2.106941	0.000203	26.114096	2.6
694	75.007183	2.110064	0.000203	39.542608	2.6
695	67.713703	2.112601	0.000203	17.660680	2.5
696	77.820432	2.114386	0.000203	38.596207	2.6
697	81.523093	2.112849	0.000203	17.267576	2.6
698	83.872123	2.114653	0.000203	33.098026	3.0
699	75.424107	2.115723	0.000203	45.236803	4.7
700	79.276240	2.119683	0.000203	56.766913	5.0
701	74.414849	2.129469	0.000203	24.605885	5.1
702	71.835396	2.133512	0.000203	12.179230	4.7
703	78.681528	2.133494	0.000203	6.967868	4.1
704	73.547136	2.133284	0.000203	14.663674	4.0
705	68.921050	2.133195	0.000203	18.279985	3.0
706	72.622259	2.133437	0.000203	29.822746	3.0
707	76.860372	2.134386	0.000203	20.071609	3.0
708	78.884069	2.135998	0.000203	22.335727	3.6
709	80.945646	2.135856	0.000203	41.838157	3.4
710	71.990883	2.138240	0.000203	25.532991	3.3
711	76.983150	2.141560	0.000203	18.360645	3.4
712	77.249058	2.140769	0.000203	14.790658	3.2
713	81.962569	2.140792	0.000203	18.372207	3.5
714	73.677129	2.140995	0.000203	15.873746	5.7
715	79.959715	2.140717	0.000203	23.208276	4.3
716	69.174570	2.140264	0.000203	19.592769	4.5
717	74.653158	2.141175	0.000203	16.852433	4.9
718	75.272973	2.140796	0.000203	20.529130	3.6
719	72.179325	2.141561	0.000203	17.035780	5.0
720	75.300985	2.141873	0.000203	10.622976	4.8
721	70.303101	2.141588	0.000203	7.004683	5.0
722	77.910075	2.141552	0.000203	16.192294	4.8
723	77.442387	2.141365	0.000203	18.847569	4.6
724	74.775402	2.142005	0.000203	39.383234	4.4
725	72.509246	2.141221	0.000203	66.361299	3.5
726	77.487584	2.149409	0.000203	23.074922	3.6
727	78.431513	2.154545	0.000203	9.429851	3.2
728	79.368846	2.154355	0.000203	18.966390	3.3
729	73.437185	2.153902	0.000203	31.991430	3.2
730	78.632907	2.155470	0.000203	30.426681	3.3
731	72.040249	2.154705	0.000203	29.912931	3.3
732	70.583379	2.156822	0.000203	25.081467	3.4
733	78.552228	2.158431	0.000203	43.587855	3.4
734	82.654291	2.160259	0.000203	38.771552	3.2
735	72.296807	2.164210	0.000203	40.200612	3.2
736	74.989143	2.168326	0.000203	48.273163	3.4
737	72.915091	2.174514	0.000203	16.474537	3.5
738	73.321341	2.176144	0.000203	37.299343	3.6
739	72.772851	2.175080	0.000203	41.862298	3.4
740	77.531774	2.179913	0.000203	23.911854	3.3
741	78.328507	2.180749	0.000203	18.908607	3.3
742	78.556296	2.181839	0.000203	27.054106	3.3
743	76.205697	2.180617	0.000203	33.497791	3.3
744	75.296680	2.182778	0.000203	31.591176	3.3
745	75.631938	2.185221	0.000203	57.022566	3.1
746	76.087593	2.191155	0.000203	55.091707	3.0
747	74.491890	2.204096	0.000202	40.035353	3.0
748	69.184781	2.210667	0.000202	36.742877	3.0
749	74.828021	2.215404	0.000202	36.883146	3.1
750	75.288587	2.219708	0.000202	15.511511	3.1
751	85.839720	2.220782	0.000202	19.056940	3.2
752	77.763212	2.220000	0.000202	17.698986	3.3
753	74.330002	2.220795	0.000202	12.493923	3.3
754	81.517015	2.220881	0.000202	17.336087	3.4
755	76.784618	2.220836	0.000202	37.255846	3.0
756	77.742348	2.222188	0.000202	40.714776	3.0
757	84.404826	2.226900	0.000202	19.570798	3.0
758	76.119457	2.226502	0.000202	20.524382	3.0
759	75.474829	2.225845	0.000202	44.268716	2.9
760	75.208631	2.228414	0.000202	17.059644	2.9
761	71.113599	2.230178	0.000202	11.855614	2.9
762	74.192686	2.230180	0.000202	10.621943	3.0
763	73.709065	2.230185	0.000202	25.067251	4.8
764	74.263399	2.229968	0.000202	12.689738	4.8
765	76.132100	2.230235	0.000202	17.606464	4.5
766	74.351509	2.230193	0.000202	34.466294	4.0
767	74.225498	2.231881	0.000202	36.808547	3.5
768	72.394547	2.235284	0.000202	37.650495	3.4
769	72.389017	2.238758	0.000202	11.059205	3.2
770	77.972669	2.239321	0.000202	29.877350	3.0
771	77.840395	2.238467	0.000202	10.805340	3.2
772	79.420171	2.238568	0.000202	28.216467	3.1
773	68.252771	2.239071	0.000202	38.952831	2.9
774	80.642187	2.242334	0.000202	39.464701	4.8
775	76.516755	2.247376	0.000202	44.621316	3.6
776	72.125698	2.250328	0.000202	39.611549	3.0
777	77.711763	2.254942	0.000202	14.630898	3.1
778	74.191055	2.256050	0.000202	13.166429	3.2
779	78.983920	2.256312	0.000202	10.685471	3.3
780	76.392001	2.256200	0.000202	25.598606	3.6
781	77.367088	2.256718	0.000202	51.643806	3.1
782	72.055483	2.260603	0.000202	73.219519	2.9
783	71.586838	2.275577	0.000202	66.452203	3.1
784	79.780860	2.299733	0.000202	36.241084	4.9
785	73.693276	2.308085	0.000202	10.384832	4.7
786	71.938281	2.307739	0.000202	35.695792	3.5
787	74.949363	2.308155	0.000202	29.515111	4.1
788	77.955679	2.310313	0.000202	8.772893	4.1
789	68.580829	2.310633	0.000202	21.632266	3.2
790	73.840615	2.310929	0.000202	34.823269	3.2
791	73.527943	2.310027	0.000202	18.028649	3.2
792	74.677744	2.309955	0.000202	21.173976	3.2
793	72.774904	2.310805	0.000202	25.932479	3.2
794	73.581598	2.311790	0.000202	22.602885	3.3
795	72.964293	2.310689	0.000202	52.317350	3.1
796	75.502380	2.314203	0.000202	50.683823	3.0
797	74.198940	2.323795	0.000201	22.661869	3.1
798	75.441919	2.327281	0.000201	20.464471	3.0
799	76.490832	2.327063	0.000201	22.625249	3.3
800	79.685552	2.327313	0.000201	33.803795	4.9
801	70.975823	2.329455	0.000201	25.351906	5.0
802	69.873073	2.331954	0.000201	32.473146	4.9
803	76.867238	2.332952	0.000201	38.906983	5.0
804	73.008038	2.336278	0.000201	26.196124	4.9
805	77.707455	2.338899	0.000201	40.719531	4.2
806	75.170123	2.342267	0.000201	55.632677	4.3
807	73.963213	2.350656	0.000201	36.322885	5.2
808	71.840165	2.358108	0.000201	14.332873	4.4
809	74.906960	2.358750	0.000201	18.486400	4.2
810	77.238545	2.358408	0.000201	14.366429	3.9
811	74.342023	2.358862	0.000201	42.218846	3.9
812	76.381811	2.360212	0.000201	33.315444	3.8
813	73.725615	2.364861	0.000201	10.813534	3.7
814	72.152437	2.364197	0.000201	18.216795	3.6
815	72.757352	2.364450	0.000201	7.561548	3.3
816	73.904529	2.364488	0.000201	16.702721	3.2
817	78.837043	2.364385	0.000201	27.171398	3.2
818	74.995491	2.365488	0.000201	25.912412	2.9
819	75.024131	2.366945	0.000201	20.220366	3.0
820	75.496497	2.366133	0.000201	34.732267	3.1
821	73.516875	2.367918	0.000201	16.539462	3.2
822	75.504864	2.367552	0.000201	7.625903	3.4
823	72.858449	2.367610	0.000201	10.686990	4.7
824	77.550858	2.367506	0.000201	20.735161	3.5
825	70.132963	2.367689	0.000201	27.022514	3.8
826	68.960190	2.366533	0.000201	25.107669	3.8
827	79.210661	2.368451	0.000201	26.796935	3.5
828	71.222812	2.369878	0.000201	33.502661	3.6
829	73.159873	2.372591	0.000201	17.239763	5.0
830	73.303383	2.373209	0.000201	15.180600	3.1
831	71.797972	2.373456	0.000201	22.429014	3.4
832	74.311963	2.372704	0.000201	37.187696	5.2
833	78.822282	2.374777	0.000201	33.894865	5.0
834	71.447784	2.378550	0.000201	20.124280	5.1
835	79.168390	2.379787	0.000201	25.971448	5.3
836	74.557415	2.380380	0.000201	23.480419	5.3
837	72.914329	2.382155	0.000201	28.008146	5.1
838	75.269208	2.383944	0.000201	29.211381	4.1
839	74.628992	2.385427	0.000201	11.260274	4.2
840	81.703393	2.386098	0.000201	14.292232	3.8
841	80.833416	2.386224	0.000201	13.342184	3.9
842	76.164310	2.385750	0.000201	21.981468	3.8
843	74.511507	2.386126	0.000201	34.446702	3.3
844	80.348518	2.388337	0.000201	44.258083	3.4
845	77.886324	2.393446	0.000201	31.300329	5.1
846	74.517436	2.397931	0.000201	18.135707	5.1
847	73.135160	2.399511	0.000201	21.243533	4.9
848	76.143030	2.399881	0.000201	38.328034	4.8
849	72.116231	2.402058	0.000201	18.879751	4.3
850	74.772130	2.404148	0.000201	8.657545	3.9
851	75.170663	2.404029	0.000201	13.866682	5.0
852	71.799202	2.404162	0.000201	26.224954	5.1
853	66.912528	2.405059	0.000201	24.391104	5.3
854	75.616000	2.406669	0.000201	18.376873	4.6
855	72.009063	2.407618	0.000201	29.260957	4.6
856	68.445272	2.408596	0.000201	34.450633	4.9
857	75.242200	2.410459	0.000201	18.214534	5.2
858	73.574668	2.410975	0.000201	21.649557	4.3
859	68.323174	2.410827	0.000201	48.091443	4.5
860	73.365807	2.413810	0.000201	35.478684	5.1
861	70.569210	2.419613	0.000201	19.487604	4.5
862	72.458304	2.421454	0.000201	9.649720	5.1
863	80.406869	2.421630	0.000201	29.560953	5.1
864	73.205680	2.421708	0.000201	22.918117	5.2
865	73.468673	2.421271	0.000201	41.344434	5.3
866	78.680323	2.422875	0.000201	22.509612	5.5
867	75.135370	2.425402	0.000201	14.463195	5.9
868	74.136019	2.425589	0.000201	30.180150	5.1
869	78.726529	2.426446	0.000201	19.872719	4.7
870	74.371848	2.428132	0.000201	21.120308	4.0
871	78.113806	2.427892	0.000201	23.632674	5.4
872	66.945562	2.429014	0.000201	14.370613	4.3
873	69.857102	2.429524	0.000201	15.564307	4.4
874	74.362690	2.429822	0.000201	20.660685	3.3
875	71.293793	2.430363	0.000201	28.832745	3.3
876	73.702335	2.430628	0.000201	10.797664	3.3
877	72.108083	2.429805	0.000201	30.347074	3.1
878	80.567194	2.430439	0.000201	12.052634	3.1
879	73.982735	2.431344	0.000201	27.721327	3.2
880	77.681515	2.431840	0.000201	28.150933	3.0
881	78.066211	2.433866	0.000201	23.217966	3.0
882	76.776377	2.434976	0.000200	20.040342	2.9
883	76.603912	2.435653	0.000200	15.441114	2.9
884	72.469761	2.436255	0.000200	30.823124	3.1
885	69.039279	2.436960	0.000200	19.889417	5.0
886	72.140104	2.438093	0.000200	31.801624	4.0
887	66.616621	2.438640	0.000200	21.350372	3.5
888	73.093266	2.439816	0.000200	13.602375	3.5
889	76.715394	2.439390	0.000200	23.478152	3.4
890	79.745319	2.440166	0.000200	23.524799	4.5
891	75.480321	2.440027	0.000200	27.274687	3.5
892	73.527267	2.441225	0.000200	17.246612	3.7
893	75.786653	2.441168	0.000200	26.038903	3.9
894	70.926838	2.441812	0.000200	32.449051	4.8
895	74.901144	2.442986	0.000200	14.981947	3.4
896	74.767673	2.443772	0.000200	18.663070	3.4
897	70.002942	2.443874	0.000200	14.377110	3.5
898	77.749465	2.444254	0.000200	32.085061	3.5
899	73.203485	2.443631	0.000200	34.018210	3.5
900	79.172055	2.446738	0.000200	46.088601	2.9
901	79.228403	2.451384	0.000200	25.418177	2.8
902	72.672220	2.454648	0.000200	33.201071	2.9
903	76.147807	2.452916	0.000200	48.988876	3.1
904	79.014842	2.458458	0.000200	37.070513	3.0
905	74.900035	2.463501	0.000200	16.292069	3.0
906	72.690802	2.464557	0.000200	21.700707	2.8
907	71.640407	2.463758	0.000200	22.409750	2.7
908	76.934637	2.464490	0.000200	12.658695	5.7
909	72.305674	2.464716	0.000200	23.709427	4.8
910	73.619068	2.465228	0.000200	23.415305	4.8
911	73.888541	2.464138	0.000200	22.674370	4.2
912	68.420239	2.465601	0.000200	9.025235	4.1
913	68.599149	2.465924	0.000200	18.039811	3.9
914	75.627237	2.466150	0.000200	14.202944	3.7
915	71.619617	2.466484	0.000200	28.368609	3.5
916	69.275185	2.467555	0.000200	37.464329	3.3
917	73.068847	2.470636	0.000200	18.948942	3.2
918	75.817953	2.472143	0.000200	35.553003	3.1
919	71.541131	2.471336	0.000200	49.949838	3.0
920	74.552640	2.477601	0.000200	24.245102	3.1
921	75.016907	2.481515	0.000200	11.703270	4.7
922	71.139109	2.482031	0.000200	19.422032	3.6
923	79.404406	2.482296	0.000200	6.949653	3.6
924	75.658388	2.482511	0.000200	12.158051	3.9
925	73.925710	2.482375	0.000200	17.861296	3.1
926	74.081448	2.482362	0.000200	42.349912	2.8
927	69.238688	2.483980	0.000200	38.442837	2.9
928	79.044158	2.489580	0.000200	8.476262	2.9
929	75.132955	2.489538	0.000200	39.145362	2.9
930	75.739594	2.489422	0.000200	17.713283	3.1
931	80.291869	2.490513	0.000200	23.389607	3.2
932	74.097797	2.489513	0.000200	38.686367	5.0
933	73.271701	2.492080	0.000200	15.668510	5.0
934	79.804043	2.493443	0.000200	18.372695	4.7
935	80.564386	2.492989	0.000200	20.817323	4.6
936	82.746581	2.493299	0.000200	29.636710	3.7
937	73.204657	2.494811	0.000200	36.667188	3.7
938	74.002666	2.498295	0.000200	38.510526	3.5
939	78.977342	2.499307	0.000200	26.673249	3.2
940	73.144811	2.501929	0.000200	42.094823	3.4
941	77.182037	2.505370	0.000200	60.317825	4.7
942	78.088381	2.513451	0.000200	25.009060	4.7
943	77.800897	2.516417	0.000200	15.315533	4.0
944	71.279872	2.515895	0.000200	8.836994	3.6
945	72.195294	2.515736	0.000200	25.928996	4.8
946	77.248246	2.515557	0.000200	19.292645	3.9
947	76.096031	2.516781	0.000200	30.163559	3.8
948	79.559366	2.517250	0.000200	31.061644	3.3
949	70.716032	2.520119	0.000200	23.902143	3.0
950	74.094734	2.520119	0.000200	53.236191	3.1
951	76.655035	2.524244	0.000200	34.004735	3.1
952	77.626446	2.530323	0.000200	28.034555	2.8
953	72.247060	2.530320	0.000200	30.467428	2.8
954	79.867785	2.532766	0.000200	25.211915	2.8
955	72.336281	2.534768	0.000200	11.020222	2.7
956	80.272202	2.534952	0.000200	16.897246	2.6
957	73.451803	2.534754	0.000200	42.622104	2.7
958	73.891408	2.536285	0.000200	33.361036	2.6
959	75.963506	2.538478	0.000200	14.693460	2.5
960	71.069318	2.539211	0.000200	5.688997	2.5
961	70.926277	2.539051	0.000200	17.267384	2.5
962	78.559940	2.539017	0.000200	7.865562	2.5
963	71.632656	2.539037	0.000200	35.918799	2.6
964	73.435369	2.539514	0.000200	39.446327	2.6
965	72.472299	2.543070	0.000200	34.779478	2.6
966	76.203642	2.546576	0.000200	29.631939	2.6
967	70.404528	2.549280	0.000200	12.217482	2.7
968	72.702626	2.549813	0.000200	12.067052	2.7
969	72.894775	2.549701	0.000200	5.015866	5.0
970	68.173106	2.549746	0.000200	11.284242	3.5
971	73.756963	2.549645	0.000200	14.440387	4.8
972	74.078347	2.549982	0.000200	15.411003	4.4
973	72.486939	2.549734	0.000200	25.094822	4.7
974	76.836333	2.549757	0.000200	16.254905	4.1
975	72.304371	2.550210	0.000200	17.940447	3.5
976	79.760083	2.550455	0.000200	25.015159	3.5
977	76.041893	2.549671	0.000200	34.735961	3.3
978	74.790253	2.552155	0.000199	11.811117	4.7
979	67.247339	2.551066	0.000200	18.281783	3.3
980	76.001579	2.550985	0.000200	21.258897	3.9
981	79.227461	2.550379	0.000200	36.857675	3.9
982	74.831128	2.550435	0.000200	41.982685	4.0
983	69.962733	2.553898	0.000199	30.208684	4.1
984	73.255461	2.553914	0.000199	12.757893	4.0
985	71.609271	2.554306	0.000199	30.685761	3.2
986	75.613821	2.555237	0.000199	19.709296	3.4
987	67.516787	2.555004	0.000199	40.773477	3.6
988	76.059779	2.556214	0.000199	46.200768	3.5
989	71.838558	2.562557	0.000199	33.573964	3.3
990	72.880881	2.567556	0.000199	10.507300	3.2
991	76.403339	2.567570	0.000199	15.644352	3.0
992	74.259586	2.567911	0.000199	46.037520	4.9
993	70.969092	2.568955	0.000199	65.947300	4.7
994	67.765807	2.580921	0.000199	19.761809	3.0
995	72.314975	2.584736	0.000199	31.257609	3.0
996	69.932213	2.583136	0.000199	51.470111	3.5
997	68.755300	2.587961	0.000199	76.670045	3.7
998	76.762877	2.607372	0.000199	77.974981	3.7
999	70.793923	2.644288	0.000199	60.803143	2.9
1000	75.402708	2.670140	0.000199	31.869865	2.9
1001	70.806310	2.676826	0.000198	18.214766	2.9
1002	81.683495	2.675317	0.000198	60.554764	3.1
1003	78.433062	2.678636	0.000198	20.741458	3.0
1004	75.492793	2.682077	0.000198	48.449113	3.0
1005	70.756397	2.679864	0.000198	19.432687	3.1
1006	78.828545	2.681556	0.000198	43.996667	3.2
1007	70.935965	2.680108	0.000198	31.469872	3.2
1008	73.600038	2.683897	0.000198	20.599578	3.2
1009	74.453349	2.685810	0.000198	12.699377	3.1
1010	74.517612	2.686477	0.000198	7.926565	3.1
1011	71.715157	2.686202	0.000198	34.179715	3.2
1012	71.775656	2.685539	0.000198	52.215188	3.4
1013	74.456361	2.691859	0.000198	26.190491	3.3
1014	70.430242	2.695006	0.000198	11.783825	3.3
1015	76.949951	2.695728	0.000198	12.301955	3.1
1016	72.867249	2.695441	0.000198	38.544259	3.1
1017	77.063136	2.696476	0.000198	20.901188	3.1
1018	76.406494	2.697187	0.000198	23.000148	3.2
1019	82.847101	2.696037	0.000198	60.558274	3.2
1020	75.086673	2.699668	0.000198	58.553932	3.2
1021	74.412774	2.716185	0.000198	23.707876	3.3
1022	77.030181	2.720123	0.000198	16.269797	3.3
1023	80.282058	2.721038	0.000198	43.210083	3.4
1024	76.843573	2.722502	0.000198	37.524536	2.7
1025	71.728599	2.725726	0.000198	26.343519	2.7
1026	71.135814	2.725076	0.000198	20.893447	4.8
1027	79.122547	2.725047	0.000198	20.447383	3.3
1028	78.152266	2.724248	0.000198	40.581762	3.2
1029	78.243522	2.726732	0.000198	30.734014	3.2
1030	84.330527	2.730185	0.000198	16.710617	2.4
1031	79.417025	2.730440	0.000198	10.307657	2.3
1032	73.896909	2.730665	0.000198	21.071164	2.4
1033	69.285253	2.730310	0.000198	11.571111	2.8
1034	71.844028	2.730534	0.000198	10.526167	2.4
1035	80.775936	2.730324	0.000198	26.235845	2.4
1036	70.893607	2.730324	0.000198	54.480490	2.4
1037	77.548579	2.733042	0.000198	85.496158	2.3
1038	77.326825	2.757066	0.000198	51.090074	2.8
1039	78.593896	2.779877	0.000198	15.735390	2.7
1040	69.924364	2.782133	0.000198	24.914339	2.5
1041	74.535242	2.782748	0.000198	26.346983	2.4
1042	71.432715	2.783719	0.000198	20.362378	4.2
1043	68.981028	2.785256	0.000198	21.238529	4.7
1044	71.578842	2.786059	0.000198	20.463823	4.9
1045	76.347051	2.786273	0.000198	43.101918	4.5
1046	80.850938	2.787793	0.000198	40.940778	4.0
1047	71.250031	2.791666	0.000197	25.576031	3.5
1048	76.059281	2.794878	0.000197	12.106381	3.3
1049	72.824693	2.795663	0.000197	13.023055	3.3
1050	70.066730	2.795696	0.000197	25.218441	4.9
1051	66.929949	2.795540	0.000197	28.538496	5.1
1052	84.999390	2.797282	0.000197	15.474039	5.1
1053	75.819922	2.797914	0.000197	16.362762	4.7
1054	80.304532	2.797988	0.000197	17.234250	3.7
1055	79.020338	2.798499	0.000197	16.815059	3.9
1056	79.444672	2.798150	0.000197	38.205703	3.6
1057	71.513521	2.796523	0.000197	57.609210	3.5
1058	67.014779	2.803431	0.000197	25.881712	3.7
1059	75.478570	2.802564	0.000197	18.827503	3.8
1060	69.635510	2.802737	0.000197	28.754720	3.7
1061	74.734326	2.803865	0.000197	19.605075	4.6
1062	74.661340	2.805271	0.000197	16.344370	4.9
1063	73.776570	2.805957	0.000197	29.650315	4.4
1064	75.965150	2.806023	0.000197	16.199754	3.6
1065	70.446621	2.806959	0.000197	7.010667	3.6
1066	69.175982	2.807086	0.000197	28.252979	3.3
1067	78.002216	2.806798	0.000197	31.383835	3.3
1068	72.622308	2.808489	0.000197	25.875189	3.3
1069	77.045576	2.808518	0.000197	27.434522	3.7
1070	74.561121	2.810532	0.000197	41.170077	3.4
1071	76.522850	2.814035	0.000197	36.450516	3.4
1072	75.725808	2.815558	0.000197	20.915542	2.8
1073	76.687145	2.817753	0.000197	29.915278	2.7
1074	69.511597	2.819081	0.000197	34.794389	2.8
1075	71.973595	2.821644	0.000197	30.260497	2.7
1076	74.858673	2.824838	0.000197	40.323180	2.6
1077	75.542582	2.828527	0.000197	25.288813	2.6
1078	80.156315	2.828513	0.000197	34.252393	2.6
1079	72.774117	2.827786	0.000197	26.456602	2.6
1080	67.436672	2.830293	0.000197	14.528927	2.6
1081	75.006035	2.830706	0.000197	28.767694	2.6
1082	83.296218	2.830572	0.000197	30.180592	2.5
1083	70.604200	2.832124	0.000197	26.054347	2.6
1084	67.853846	2.833230	0.000197	42.919496	3.1
1085	80.951996	2.836226	0.000197	16.312515	2.5
1086	72.384361	2.837049	0.000197	32.821404	2.7
1087	71.893282	2.838463	0.000197	25.967159	2.3
1088	71.515634	2.840644	0.000197	12.019023	2.3
1089	71.706207	2.841377	0.000197	16.632765	2.2
1090	79.750419	2.840850	0.000197	58.961341	2.3
1091	76.041618	2.843134	0.000197	52.525831	2.3
1092	70.558021	2.855626	0.000197	18.948749	2.4
1093	76.190868	2.853708	0.000197	34.185026	2.4
1094	77.953382	2.854364	0.000197	8.764226	2.4
1095	73.689706	2.854814	0.000197	14.155054	2.4
1096	77.492997	2.854550	0.000197	34.497448	2.6
1097	73.819722	2.854494	0.000197	18.334278	2.6
1098	71.825665	2.854953	0.000197	20.945175	2.7
1099	67.959410	2.854829	0.000197	25.960651	2.7
1100	76.419696	2.853978	0.000197	13.246768	2.9
1101	71.511158	2.854129	0.000197	35.020115	3.1
1102	72.055161	2.853940	0.000197	24.694297	3.1
1103	77.108481	2.855796	0.000197	17.906696	3.1
1104	69.107027	2.854835	0.000197	34.314632	3.1
1105	72.362790	2.856353	0.000197	32.792086	3.1
1106	71.073692	2.859887	0.000197	13.711887	3.4
1107	69.175541	2.859039	0.000197	14.112366	3.4
1108	71.438283	2.859419	0.000197	4.833915	3.3
1109	80.586626	2.859428	0.000197	26.962952	3.9
1110	75.039512	2.859419	0.000197	22.441848	2.6
1111	74.260538	2.860803	0.000197	10.671418	2.6
1112	73.524264	2.860581	0.000197	4.875120	2.9
1113	74.436692	2.860545	0.000197	17.473014	2.9
1114	73.471130	2.860492	0.000197	10.558852	2.9
1115	72.685863	2.860570	0.000197	22.987623	3.0
1116	82.026893	2.860472	0.000197	21.667388	5.1
1117	73.261487	2.860208	0.000197	38.133851	5.0
1118	76.363364	2.861408	0.000197	28.986943	4.2
1119	81.471601	2.864536	0.000197	33.755365	3.6
1120	69.451844	2.862712	0.000197	57.067927	3.9
1121	67.935476	2.868147	0.000197	27.399842	3.9
1122	71.380795	2.869222	0.000197	30.531504	3.8
1123	69.730260	2.869887	0.000197	34.522355	3.2
1124	80.251722	2.868189	0.000197	24.831137	3.1
1125	69.613029	2.870457	0.000197	53.908961	3.1
1126	70.196687	2.873268	0.000197	58.900051	3.3
1127	75.420948	2.887008	0.000197	15.398989	3.1
1128	75.788987	2.889662	0.000197	19.405762	3.1
1129	71.911697	2.889085	0.000197	33.598717	3.0
1130	71.115085	2.890892	0.000197	29.150202	3.1
1131	74.010630	2.893853	0.000197	23.642621	3.0
1132	72.293665	2.894942	0.000197	22.974854	3.3
1133	70.431687	2.893771	0.000197	26.501086	3.3
1134	67.929013	2.895445	0.000197	15.794348	3.4
1135	79.050888	2.895207	0.000197	35.925812	3.1
1136	71.451452	2.895914	0.000197	20.175011	3.1
1137	77.953482	2.896611	0.000197	20.346094	3.1
1138	74.811554	2.897376	0.000197	29.118298	3.0
1139	70.324196	2.896943	0.000197	20.366590	3.0
1140	72.142898	2.898655	0.000197	18.348576	3.0
1141	75.360696	2.899515	0.000197	34.722105	3.0
1142	71.060359	2.899870	0.000197	26.609675	2.9
1143	76.058311	2.902599	0.000197	24.868053	2.9
1144	74.790015	2.901942	0.000197	13.273956	2.8
1145	75.910974	2.902689	0.000197	15.070524	2.9
1146	70.088383	2.902942	0.000197	29.003375	3.0
1147	75.055373	2.904098	0.000197	6.308623	3.0
1148	75.685260	2.904029	0.000197	23.591461	3.0
1149	75.819043	2.903983	0.000197	35.420678	2.5
1150	68.755177	2.906403	0.000197	22.277190	4.5
1151	78.891577	2.908537	0.000197	21.212723	2.7
1152	81.079895	2.908877	0.000197	27.902030	2.7
1153	74.001285	2.910486	0.000197	13.061489	2.8
1154	73.351756	2.910829	0.000197	13.630686	2.7
1155	73.257528	2.910721	0.000197	16.382541	2.8
1156	66.956732	2.911173	0.000197	37.222851	3.1
1157	83.070756	2.910050	0.000197	36.513601	3.0
1158	72.150894	2.914296	0.000196	22.924919	3.0
1159	77.284759	2.916794	0.000196	14.951427	2.6
1160	76.949931	2.917236	0.000196	15.793120	2.5
1161	69.271978	2.917808	0.000196	24.507586	2.5
1162	65.582272	2.917315	0.000196	36.033362	4.6
1163	78.476675	2.919360	0.000196	38.393291	2.9
1164	72.840505	2.921074	0.000196	65.168475	4.6
1165	72.353711	2.924408	0.000196	56.871110	4.8
1166	67.884908	2.942120	0.000196	29.419146	4.8
1167	72.217183	2.947566	0.000196	35.275334	3.8
1168	68.855466	2.949974	0.000196	40.577632	5.1
1169	72.533284	2.954847	0.000196	59.315273	4.4
1170	74.580734	2.960105	0.000196	62.149278	4.0
1171	65.533190	2.976719	0.000196	52.965119	4.1
1172	69.099495	2.990301	0.000196	41.498639	4.7
1173	77.322154	2.998589	0.000196	6.264593	4.8
1174	76.886390	2.998641	0.000196	12.078873	3.7
1175	79.673479	2.998613	0.000196	15.269263	3.7
1176	78.635256	2.998664	0.000196	17.832082	5.7
1177	75.995880	2.998676	0.000196	18.122220	3.8
1178	71.304461	2.998156	0.000196	68.880387	4.8
1179	68.667695	3.001794	0.000196	55.914496	4.7
1180	74.319296	3.017474	0.000196	16.437682	4.5
1181	78.041228	3.019939	0.000196	38.733697	3.8
1182	75.367951	3.020247	0.000196	22.797030	4.0
1183	73.613127	3.020213	0.000196	35.049163	3.8
1184	72.033051	3.021597	0.000196	20.114512	3.4
1185	80.072321	3.022207	0.000196	32.637853	3.5
1186	69.981403	3.023070	0.000196	41.311442	3.1
1187	72.877045	3.022910	0.000196	37.668966	3.2
1188	75.187793	3.027460	0.000196	25.374071	3.1
1189	74.662504	3.025269	0.000196	44.901202	3.0
1190	66.122684	3.027619	0.000196	23.626975	3.0
1191	71.706157	3.029291	0.000196	4.753831	2.9
1192	73.269637	3.029187	0.000196	28.798616	2.9
1193	77.056161	3.029455	0.000196	30.195723	2.8
1194	80.215446	3.030429	0.000196	26.080707	2.9
1195	75.596409	3.032181	0.000196	35.281536	2.9
1196	73.042066	3.033854	0.000196	38.579775	3.2
1197	76.939308	3.037177	0.000195	17.257956	3.2
1198	77.089003	3.038195	0.000195	6.908711	3.1
1199	69.524515	3.038376	0.000195	7.533330	2.5
1200	76.010877	3.038233	0.000195	12.796612	2.6
1201	70.050274	3.038019	0.000195	19.089477	2.6
1202	74.370204	3.038506	0.000195	17.870769	2.5
1203	73.279492	3.038587	0.000195	28.685615	2.4
1204	82.256897	3.039159	0.000195	25.920593	2.5
1205	76.335461	3.041409	0.000195	12.511946	2.4
1206	77.564425	3.040671	0.000195	48.867762	2.4
1207	76.197532	3.041998	0.000195	44.005214	2.6
1208	69.407658	3.048590	0.000195	24.609061	2.6
1209	69.270759	3.051807	0.000195	24.009234	2.8
1210	74.007760	3.053574	0.000195	26.174484	2.7
1211	69.542719	3.052855	0.000195	17.402073	2.7
1212	66.770269	3.053896	0.000195	8.941859	2.6
1213	67.136008	3.053762	0.000195	15.050243	2.7
1214	76.501076	3.053796	0.000195	28.008087	2.6
1215	70.611077	3.054510	0.000195	21.775706	2.6
1216	73.296016	3.055772	0.000195	18.177466	2.7
1217	69.213375	3.055889	0.000195	29.965085	4.7
1218	78.009469	3.056774	0.000195	25.034718	5.5
1219	74.140356	3.058125	0.000195	22.529180	4.8
1220	75.378244	3.059084	0.000195	17.177062	3.7
1221	73.089887	3.060082	0.000195	12.982856	4.2
1222	72.366660	3.059756	0.000195	20.792539	3.6
1223	70.015363	3.059461	0.000195	20.760007	3.6
1224	72.848051	3.060672	0.000195	18.042495	4.4
1225	69.322472	3.060799	0.000195	8.548302	3.7
1226	73.845556	3.060652	0.000195	14.016671	3.8
1227	74.208575	3.060629	0.000195	13.602524	5.3
1228	69.227796	3.061079	0.000195	22.042682	4.0
1229	78.876503	3.061873	0.000195	14.971633	4.3
1230	74.232987	3.062606	0.000195	18.176375	5.2
1231	71.218859	3.061885	0.000195	36.054795	4.6
1232	75.813582	3.063783	0.000195	7.993443	5.3
1233	69.856639	3.063621	0.000195	17.885810	5.2
1234	68.792128	3.063457	0.000195	7.521177	5.1
1235	70.745921	3.063702	0.000195	22.874957	4.9
1236	77.928581	3.063584	0.000195	33.024663	4.8
1237	73.641722	3.065370	0.000195	22.033289	4.8
1238	73.454822	3.067441	0.000195	12.872214	4.5
1239	78.656320	3.067781	0.000195	19.917522	4.6
1240	74.605276	3.067830	0.000195	22.188304	3.6
1241	73.004228	3.068491	0.000195	19.401637	3.7
1242	71.242001	3.067559	0.000195	27.571109	3.5
1243	76.401915	3.069159	0.000195	24.282179	3.3
1244	73.373267	3.067404	0.000195	51.490436	3.2
1245	71.674316	3.071480	0.000195	34.086054	3.4
1246	72.697313	3.077606	0.000195	10.544170	3.2
1247	65.970251	3.076734	0.000195	38.007843	3.3
1248	71.130103	3.077597	0.000195	21.273019	3.1
1249	78.465715	3.080078	0.000195	8.496281	3.0
1250	74.156868	3.079914	0.000195	32.069977	3.0
1251	69.355193	3.079939	0.000195	20.915351	3.1
1252	73.203953	3.081832	0.000195	16.269352	3.1
1253	75.317562	3.081219	0.000195	10.469138	3.1
1254	75.723111	3.081473	0.000195	19.372540	3.1
1255	71.859899	3.081356	0.000195	22.233370	2.9
1256	66.947240	3.081966	0.000195	20.933765	2.9
1257	73.564279	3.081231	0.000195	26.076116	2.9
1258	77.044313	3.082779	0.000195	22.477838	2.9
1259	73.500825	3.081911	0.000195	26.031113	3.0
1260	74.043194	3.083465	0.000195	28.820465	3.0
1261	79.403758	3.082435	0.000195	49.817038	3.0
1262	74.531823	3.086647	0.000195	33.640466	2.8
1263	75.224380	3.091786	0.000195	11.634936	4.1
1264	71.763363	3.091342	0.000195	38.078623	3.0
1265	75.823963	3.092212	0.000195	28.072660	4.2
1266	78.479601	3.093807	0.000195	16.271180	2.9
1267	66.683310	3.093308	0.000195	27.786686	2.8
1268	65.926043	3.093830	0.000195	13.555060	3.3
1269	71.336752	3.094686	0.000195	25.392307	3.4
1270	72.299703	3.095234	0.000195	17.507454	3.2
1271	80.459638	3.096345	0.000195	37.431039	2.8
1272	73.303324	3.096537	0.000195	38.721340	4.6
1273	78.956367	3.101233	0.000195	26.218270	2.8
1274	73.379674	3.104441	0.000195	6.576823	3.1
1275	76.967770	3.104692	0.000195	13.519845	3.2
1276	76.195426	3.104786	0.000195	14.432009	3.1
1277	75.633189	3.105114	0.000195	33.043044	2.9
1278	76.655258	3.103970	0.000195	46.933969	4.1
1279	79.016005	3.108912	0.000195	51.229045	5.0
1280	75.300338	3.118063	0.000195	31.268597	6.8
1281	77.962340	3.123150	0.000195	26.332358	5.0
1282	69.338994	3.124271	0.000195	15.147217	5.1
1283	74.893379	3.124738	0.000195	17.866751	5.4
1284	69.715383	3.124369	0.000195	47.700456	5.5
1285	73.987727	3.127052	0.000195	24.096976	4.8
1286	73.939813	3.130420	0.000195	16.812798	4.9
1287	67.955941	3.130828	0.000195	32.216985	4.4
1288	71.261639	3.132161	0.000195	43.539044	4.3
1289	68.747345	3.136154	0.000195	55.377398	4.0
1290	75.191715	3.143077	0.000195	67.146816	3.6
1291	72.744320	3.154542	0.000195	75.980429	3.6
1292	72.121254	3.184283	0.000194	80.980231	3.4
1293	71.371211	3.226093	0.000194	71.428357	3.2
1294	65.405276	3.264241	0.000194	65.585996	3.2
1295	80.451769	3.290207	0.000193	34.535297	3.1
1296	72.659682	3.298943	0.000193	27.333778	2.9
1297	74.456293	3.300876	0.000193	22.148590	2.9
1298	78.142020	3.301087	0.000193	23.726119	2.9
1299	80.511804	3.302216	0.000193	40.179593	2.7
1300	73.919402	3.301641	0.000193	46.190370	2.7
1301	74.411851	3.307086	0.000193	22.261465	2.7
1302	75.515856	3.309874	0.000193	18.933456	2.6
1303	76.674967	3.310203	0.000193	19.946355	2.6
1304	66.099768	3.311214	0.000193	4.094156	2.7
1305	68.922875	3.311245	0.000193	13.315592	2.8
1306	67.673267	3.311219	0.000193	19.018781	4.6
1307	73.048781	3.311760	0.000193	31.846429	4.7
1308	77.444269	3.313469	0.000193	43.133641	3.5
1309	71.846470	3.317336	0.000193	50.034317	3.5
1310	72.540870	3.325607	0.000193	50.488184	3.5
1311	72.680014	3.335069	0.000193	38.436867	3.0
1312	74.118566	3.340816	0.000193	18.352748	3.1
1313	73.661669	3.342547	0.000193	17.471342	3.0
1314	75.774190	3.343393	0.000193	28.706566	3.0
1315	72.774843	3.344609	0.000193	30.950553	2.9
1316	70.135140	3.344315	0.000193	9.176088	2.9
1317	71.084098	3.344577	0.000193	9.335277	2.9
1318	70.068816	3.344392	0.000193	11.845370	3.1
1319	76.918635	3.344457	0.000193	27.760174	3.1
1320	72.642277	3.344898	0.000193	15.815915	3.1
1321	78.864567	3.345934	0.000193	14.768205	3.0
1322	73.829982	3.346259	0.000193	25.934017	2.9
1323	72.070169	3.347194	0.000193	21.051239	2.9
1324	74.846554	3.348678	0.000193	30.762193	2.9
1325	77.168965	3.348180	0.000193	16.773748	2.7
1326	72.045649	3.347712	0.000193	32.990774	2.8
1327	75.127084	3.349239	0.000193	25.325388	2.8
1328	78.227073	3.350707	0.000193	17.600150	2.8
1329	68.784446	3.350612	0.000193	11.688886	4.2
1330	78.116400	3.350669	0.000193	28.250908	2.5
1331	77.742786	3.351354	0.000193	22.616737	5.5
1332	70.251321	3.352329	0.000193	32.225154	3.0
1333	75.221383	3.350583	0.000193	34.834426	3.0
1334	78.811553	3.354038	0.000193	34.367950	5.2
1335	78.542356	3.357808	0.000193	50.836458	3.4
1336	69.260873	3.363697	0.000193	36.349087	2.7
1337	72.927786	3.369727	0.000193	21.993086	4.5
1338	71.387206	3.371962	0.000193	22.403613	5.1
1339	70.549521	3.371249	0.000193	37.370313	5.0
1340	71.264899	3.371247	0.000193	57.493106	4.8
1341	78.106176	3.378346	0.000193	21.810984	3.2
1342	72.998708	3.380351	0.000193	11.725607	2.4
1343	74.609045	3.380932	0.000193	28.959626	2.3
1344	79.307046	3.380729	0.000193	19.210227	2.4
1345	75.363689	3.381500	0.000193	21.635684	2.5
1346	71.651173	3.380957	0.000193	25.818713	2.5
1347	75.901829	3.380837	0.000193	46.351986	3.2
1348	77.060906	3.383549	0.000193	53.812005	3.1
1349	76.261690	3.393589	0.000193	59.778504	3.1
1350	70.380997	3.408001	0.000193	48.571267	3.1
1351	72.979146	3.419910	0.000192	58.094128	2.9
1352	73.936421	3.431214	0.000192	81.243758	3.8
1353	66.671390	3.455196	0.000192	29.930813	2.2
1354	75.846995	3.464184	0.000192	17.800673	2.7
1355	70.732000	3.463546	0.000192	13.900335	4.8
1356	68.799826	3.464196	0.000192	12.434030	4.4
1357	70.580529	3.464007	0.000192	25.504181	4.6
1358	76.279618	3.464208	0.000192	24.295934	4.5
1359	75.660938	3.464723	0.000192	47.449234	3.7
1360	71.853920	3.468201	0.000192	72.708563	3.5
1361	81.801451	3.483662	0.000192	88.704403	3.5
1362	78.324378	3.524842	0.000192	59.753597	3.1
1363	66.052898	3.556352	0.000191	12.727553	3.1
1364	78.240918	3.558316	0.000191	12.497344	3.1
1365	73.600404	3.558087	0.000191	23.426928	3.0
1366	71.051779	3.557621	0.000191	30.632778	2.9
1367	74.306337	3.558875	0.000191	7.434044	3.0
1368	67.544371	3.559325	0.000191	22.786392	3.0
1369	67.580453	3.559615	0.000191	19.401013	2.7
1370	73.785112	3.560688	0.000191	14.329064	2.8
1371	75.554557	3.560618	0.000191	33.752372	2.8
1372	68.727213	3.561308	0.000191	31.146574	2.7
1373	73.553632	3.564714	0.000191	24.349899	2.8
1374	74.047270	3.566751	0.000191	34.571754	2.9
1375	76.198327	3.569289	0.000191	32.111800	2.8
1376	74.023012	3.572354	0.000191	13.681513	2.7
1377	67.354797	3.572353	0.000191	49.162689	2.7
1378	75.481176	3.574364	0.000191	35.784470	2.7
1379	78.164378	3.579270	0.000191	35.060079	2.6
1380	77.091519	3.583210	0.000191	17.977448	2.7
1381	75.854417	3.585009	0.000191	9.755754	2.6
1382	79.728282	3.584777	0.000191	34.044206	2.6
1383	79.080071	3.585456	0.000191	40.899563	2.6
1384	70.307447	3.589250	0.000191	38.517858	2.6
1385	77.562816	3.593124	0.000191	38.251267	2.5
1386	69.586238	3.597620	0.000191	11.313885	2.7
1387	72.102643	3.598060	0.000191	20.898480	4.9
1388	64.371870	3.597516	0.000191	9.285512	5.0
1389	75.521704	3.597347	0.000191	52.249817	5.0
1390	70.315679	3.596586	0.000191	57.600230	5.4
1391	78.905090	3.607766	0.000191	44.798014	5.2
1392	74.762132	3.617035	0.000191	36.790153	4.9
1393	76.773825	3.620604	0.000191	33.366308	5.0
1394	72.799838	3.620815	0.000191	12.538545	5.5
1395	76.227178	3.620944	0.000191	31.150806	5.2
1396	71.214660	3.620041	0.000191	20.518329	6.1
1397	71.536257	3.621586	0.000191	29.409952	4.8
1398	73.339847	3.620495	0.000191	44.982363	5.0
1399	69.923332	3.622316	0.000191	20.245452	5.1
1400	74.651105	3.624491	0.000191	19.384506	4.5
1401	72.964189	3.624045	0.000191	46.556160	4.6
1402	73.248202	3.626679	0.000191	68.119488	4.5
1403	75.926258	3.638133	0.000191	41.805971	4.6
1404	72.290498	3.648653	0.000191	12.912969	4.7
1405	74.687768	3.647272	0.000191	33.753944	3.9
1406	68.020458	3.647971	0.000191	12.283207	5.2
1407	75.217143	3.648429	0.000191	29.587799	5.1
1408	70.550793	3.647848	0.000191	39.036353	5.0
1409	77.189740	3.649390	0.000191	33.701204	5.0
1410	71.551152	3.653777	0.000191	21.803220	4.9
1411	75.631079	3.653049	0.000191	22.039818	3.8
1412	73.558787	3.653350	0.000191	55.279312	3.8
1413	67.165694	3.656285	0.000191	45.151783	3.7
1414	76.072077	3.663422	0.000191	22.010459	3.1
1415	70.811594	3.666343	0.000190	22.785213	3.1
1416	72.865490	3.667289	0.000190	18.875109	3.1
1417	74.374719	3.668225	0.000190	16.712630	2.8
1418	73.845456	3.668914	0.000190	24.203740	2.8
1419	73.265970	3.670077	0.000190	22.554258	2.8
1420	68.800720	3.670851	0.000190	21.232825	2.8
1421	73.625140	3.671734	0.000190	28.537615	3.0
1422	74.650470	3.671993	0.000190	19.150180	3.0
1423	68.531364	3.673510	0.000190	20.019240	2.9
1424	73.650650	3.673786	0.000190	27.014894	2.4
1425	71.504011	3.674888	0.000190	14.305510	2.4
1426	75.498721	3.675825	0.000190	16.569315	2.4
1427	73.786769	3.675945	0.000190	13.767007	2.4
1428	76.389398	3.676084	0.000190	23.295292	2.3
1429	72.044140	3.676120	0.000190	24.548814	2.3
1430	70.780563	3.677345	0.000190	11.165034	2.3
1431	74.436704	3.677937	0.000190	21.017589	2.3
1432	75.420918	3.678059	0.000190	29.981272	2.4
1433	72.734578	3.679707	0.000190	13.457634	2.4
1434	74.895227	3.680051	0.000190	17.929867	2.4
1435	78.607086	3.680004	0.000190	15.567479	2.4
1436	68.861177	3.680275	0.000190	24.937271	4.7
1437	71.279127	3.681233	0.000190	20.626202	2.8
1438	69.467612	3.681739	0.000190	13.145555	2.7
1439	71.794852	3.681960	0.000190	17.510617	3.0
1440	73.484785	3.682521	0.000190	11.363315	4.5
1441	74.842517	3.682671	0.000190	20.097528	4.5
1442	67.878305	3.683034	0.000190	34.389668	3.5
1443	74.904359	3.684989	0.000190	60.331152	3.7
1444	70.715413	3.692474	0.000190	53.644485	3.4
1445	75.091917	3.705610	0.000190	48.645278	3.2
1446	74.659814	3.715491	0.000190	37.363100	3.2
1447	79.011416	3.721272	0.000190	16.245503	3.3
1448	69.326131	3.722670	0.000190	23.457664	3.0
1449	77.884795	3.723568	0.000190	24.310628	3.0
1450	73.839796	3.724794	0.000190	62.579555	3.6
1451	77.009736	3.728908	0.000190	70.055485	3.1
1452	73.050643	3.748048	0.000190	52.435773	4.8
1453	72.720334	3.760795	0.000190	34.683159	4.2
1454	69.984670	3.767367	0.000190	28.759781	3.7
1455	67.209592	3.769925	0.000190	11.024424	3.5
1456	73.505263	3.769715	0.000190	5.167881	3.1
1457	67.295006	3.769706	0.000190	35.066140	5.0
1458	77.165785	3.769689	0.000190	30.406369	4.8
1459	78.235020	3.772970	0.000190	18.625643	4.7
1460	76.244942	3.774661	0.000190	14.058544	4.3
1461	66.957465	3.775266	0.000190	8.648152	4.7
1462	72.512388	3.775428	0.000190	8.894987	4.4
1463	77.297681	3.775375	0.000190	25.649208	3.6
1464	71.396900	3.775719	0.000190	6.971109	3.4
1465	70.231930	3.775901	0.000190	36.456198	4.3
1466	76.132791	3.775608	0.000190	18.535404	4.4
1467	81.276164	3.777467	0.000190	15.525500	4.2
1468	73.503241	3.777098	0.000190	28.077478	3.4
1469	70.582403	3.777834	0.000190	19.150841	3.4
1470	80.919969	3.779378	0.000190	31.731734	3.4
1471	81.740525	3.781097	0.000190	29.067894	5.0
1472	71.641411	3.783058	0.000190	21.722211	5.0
1473	77.324023	3.782411	0.000190	50.986901	4.9
1474	81.652689	3.784682	0.000190	44.088376	4.6
1475	69.260751	3.791912	0.000190	26.085231	5.0
1476	79.241204	3.790768	0.000190	37.919965	4.8
1477	65.793404	3.792494	0.000190	39.209003	5.1
1478	74.032734	3.797132	0.000189	33.200294	5.4
1479	74.435657	3.799518	0.000189	23.267608	5.3
1480	71.872642	3.801438	0.000189	8.567512	5.0
1481	71.595360	3.801851	0.000189	15.008679	5.0
1482	75.883863	3.801552	0.000189	10.090408	4.5
1483	76.387027	3.801692	0.000189	25.564356	3.9
1484	74.175797	3.801359	0.000189	37.654296	3.7
1485	78.181277	3.803886	0.000189	9.581075	3.5
1486	77.143627	3.804303	0.000189	20.840545	5.1
1487	71.138839	3.803958	0.000189	29.369846	5.2
1488	72.512946	3.802802	0.000189	55.022556	5.1
1489	74.647231	3.806114	0.000189	42.646766	4.5
1490	71.758931	3.813347	0.000189	29.566197	4.0
1491	74.739264	3.816654	0.000189	21.973973	4.0
1492	67.208664	3.818328	0.000189	29.666495	4.0
1493	66.190445	3.819977	0.000189	21.124046	5.2
1494	74.889890	3.821167	0.000189	20.673578	4.9
1495	78.075116	3.820332	0.000189	19.036940	4.6
1496	72.355493	3.821360	0.000189	25.102713	4.4
1497	69.657504	3.822227	0.000189	31.407971	3.7
1498	79.663096	3.824661	0.000189	43.823106	3.9
1499	77.877989	3.829265	0.000189	7.217158	3.6
1500	71.407478	3.829866	0.000189	25.948001	3.2
1501	72.234674	3.829402	0.000189	9.425698	3.2
1502	75.250341	3.829926	0.000189	20.282217	3.6
1503	76.261896	3.829418	0.000189	23.132003	2.9
1504	64.285680	3.830601	0.000189	9.317565	2.8
1505	72.130188	3.830507	0.000189	20.455567	3.1
1506	78.219622	3.830522	0.000189	19.683731	2.9
1507	73.653606	3.830873	0.000189	34.724232	2.8
1508	70.260151	3.832694	0.000189	44.646807	3.0
1509	73.638636	3.837640	0.000189	22.452561	3.1
1510	76.522691	3.839541	0.000189	11.495323	2.6
1511	73.052235	3.839506	0.000189	15.225795	2.7
1512	75.885630	3.839888	0.000189	16.704435	2.9
1513	71.123344	3.840408	0.000189	6.364751	2.9
1514	70.408091	3.840411	0.000189	22.266713	2.9
1515	71.877573	3.840307	0.000189	9.818916	2.4
1516	72.931413	3.840769	0.000189	25.002633	2.4
1517	71.962371	3.840175	0.000189	16.601979	2.3
1518	69.528430	3.839768	0.000189	16.456513	2.3
1519	74.637368	3.840524	0.000189	33.914157	2.4
1520	73.683160	3.839399	0.000189	29.342785	2.4
1521	75.168406	3.842468	0.000189	14.160163	2.5
1522	73.730088	3.841803	0.000189	14.173429	2.4
1523	68.379565	3.842341	0.000189	18.881028	2.5
1524	72.029603	3.842276	0.000189	16.475835	2.5
1525	75.535025	3.842705	0.000189	34.358337	2.5
1526	74.055956	3.843946	0.000189	42.595701	2.6
1527	69.936835	3.848382	0.000189	21.419256	2.7
1528	73.121153	3.851184	0.000189	25.639105	2.8
1529	69.810058	3.849972	0.000189	22.842037	3.1
1530	73.488579	3.851264	0.000189	27.612305	2.9
1531	71.164120	3.851402	0.000189	15.594441	3.3
1532	74.513181	3.851416	0.000189	36.006845	3.5
1533	78.402127	3.853025	0.000189	15.362936	3.3
1534	75.104131	3.854472	0.000189	17.320382	2.6
1535	77.755267	3.854611	0.000189	19.932985	2.6
1536	67.305489	3.853865	0.000189	27.076394	2.6
1537	71.032915	3.855034	0.000189	6.074947	2.6
1538	84.230291	3.854867	0.000189	41.960546	2.8
1539	76.333364	3.855107	0.000189	43.524078	4.9
1540	80.033074	3.860342	0.000189	24.603914	4.7
1541	75.459657	3.863251	0.000189	6.859129	4.8
1542	68.527369	3.862941	0.000189	23.280310	4.0
1543	76.567316	3.863273	0.000189	11.967229	3.7
1544	75.312108	3.864018	0.000189	20.147539	3.8
1545	75.043984	3.863434	0.000189	32.965671	3.4
1546	73.439271	3.861902	0.000189	19.171675	3.4
1547	71.473450	3.863798	0.000189	16.805593	3.3
1548	73.576523	3.863308	0.000189	7.174083	2.9
1549	71.119245	3.863436	0.000189	16.635292	5.0
1550	65.447683	3.863208	0.000189	18.531479	4.9
1551	79.471937	3.863710	0.000189	16.677005	4.9
1552	70.777631	3.863522	0.000189	15.699237	4.4
1553	69.244836	3.863534	0.000189	16.871650	3.4
1554	75.299510	3.862963	0.000189	29.094694	4.0
1555	69.113654	3.863644	0.000189	22.256515	3.5
1556	77.041462	3.865358	0.000189	22.842271	3.5
1557	75.195113	3.866412	0.000189	34.382477	3.4
1558	70.954751	3.867730	0.000189	57.254029	3.6
1559	75.745001	3.874727	0.000189	27.676696	3.5
1560	64.631339	3.880298	0.000189	16.351718	3.6
1561	70.954354	3.879198	0.000189	12.047781	3.3
1562	69.118901	3.879428	0.000189	9.239487	5.1
1563	71.245874	3.879364	0.000189	11.562467	4.9
1564	68.798576	3.879433	0.000189	12.288321	2.6
1565	71.264681	3.879741	0.000189	4.232535	2.5
1566	75.958192	3.879774	0.000189	12.735535	2.4
1567	70.491406	3.879797	0.000189	18.523313	2.3
1568	75.338108	3.880056	0.000189	28.931937	3.8
1569	76.244554	3.881535	0.000189	31.590828	4.7
1570	76.771465	3.881683	0.000189	43.451147	4.6
1571	75.083609	3.885805	0.000189	16.780659	2.8
1572	73.547041	3.887586	0.000189	19.586849	7.6
1573	71.671222	3.886776	0.000189	17.708040	5.0
1574	71.235920	3.886620	0.000189	10.200836	4.9
1575	70.764900	3.886664	0.000189	16.832987	4.5
1576	72.783896	3.886652	0.000189	20.091761	3.8
1577	75.782363	3.887270	0.000189	47.632249	3.8
1578	73.773331	3.889755	0.000189	27.784369	3.8
1579	72.704665	3.893773	0.000189	17.779799	3.8
1580	69.969294	3.894779	0.000189	29.999331	3.8
1581	69.420550	3.895444	0.000189	28.164245	3.2
1582	72.510908	3.894980	0.000189	20.751059	5.0
1583	73.328450	3.894531	0.000189	20.541796	5.0
1584	76.008761	3.894475	0.000189	19.536600	4.8
1585	72.334311	3.894976	0.000189	24.204476	4.8
1586	74.667507	3.895894	0.000189	20.788449	4.9
1587	75.694245	3.897009	0.000189	29.007838	4.2
1588	71.781469	3.896464	0.000189	36.497068	5.1
1589	72.055594	3.899559	0.000189	30.083945	5.2
1590	76.809384	3.898971	0.000189	15.245047	4.9
1591	72.562738	3.899636	0.000189	16.900936	4.7
1592	70.162815	3.900064	0.000189	26.611948	5.2
1593	73.322954	3.900862	0.000189	9.809578	4.7
1594	71.324666	3.901339	0.000189	10.806994	5.0
1595	78.752645	3.901106	0.000189	27.758513	4.5
1596	70.581190	3.901894	0.000189	11.911573	7.2
1597	69.393771	3.902038	0.000189	18.024845	6.1
1598	73.966165	3.901632	0.000189	4.178572	5.1
1599	75.283555	3.901729	0.000189	8.730643	5.3
1600	68.875988	3.901741	0.000189	8.398985	5.2
1601	74.755592	3.901705	0.000189	10.539298	5.9
1602	70.529690	3.901778	0.000189	16.828101	4.7
1603	74.697475	3.902157	0.000189	24.943691	5.8
1604	80.710390	3.903192	0.000189	21.840888	5.7
1605	70.985729	3.904170	0.000189	32.329191	4.1
1606	72.180501	3.905503	0.000189	33.998892	3.8
1607	70.472714	3.906188	0.000189	59.035234	5.2
1608	74.383903	3.912348	0.000189	68.115684	4.4
1609	81.121268	3.930175	0.000188	78.198892	4.0
1610	74.453182	3.961031	0.000188	23.410589	4.0
1611	66.671998	3.967684	0.000188	34.299713	3.6
1612	70.202267	3.966006	0.000188	16.890286	3.4
1613	73.404934	3.966520	0.000188	22.961711	3.4
1614	73.251109	3.967171	0.000188	28.366981	3.0
1615	70.150206	3.966507	0.000188	50.284365	3.1
1616	75.044661	3.971384	0.000188	51.926579	3.1
1617	72.874797	3.981791	0.000188	57.384542	6.4
1618	74.461398	3.994706	0.000188	57.471771	2.8
1619	67.757408	4.005712	0.000188	23.058934	2.8
1620	73.766832	4.009661	0.000188	23.283857	4.9
1621	69.345212	4.011206	0.000188	29.614886	3.4
1622	69.550416	4.013138	0.000188	20.163300	3.6
1623	71.237507	4.013755	0.000188	16.419902	3.6
1624	66.635566	4.013308	0.000188	46.538140	6.6
1625	68.919234	4.014959	0.000188	43.493532	3.9
1626	74.793559	4.022355	0.000188	33.921702	4.0
1627	73.049002	4.025891	0.000188	32.114995	3.4
1628	64.598830	4.029152	0.000188	21.713932	4.1
1629	70.530810	4.031266	0.000188	13.734147	3.4
1630	66.520160	4.031575	0.000188	18.864103	3.6
1631	66.987686	4.031949	0.000188	11.982446	3.6
1632	64.901521	4.032125	0.000188	17.222594	3.2
1633	70.491880	4.032036	0.000188	28.930312	2.9
1634	71.242536	4.032997	0.000188	47.138248	2.9
1635	75.380652	4.036882	0.000188	47.304570	3.0
1636	67.567678	4.045451	0.000188	19.988385	5.5
1637	68.531429	4.048157	0.000188	9.673201	3.1
1638	72.967254	4.047803	0.000188	22.947119	4.9
1639	72.336268	4.048332	0.000188	30.869122	5.1
1640	74.064746	4.050537	0.000188	13.124925	5.2
1641	73.158037	4.050892	0.000188	23.503701	5.2
1642	76.766084	4.051457	0.000188	15.324457	4.9
1643	71.432912	4.052411	0.000188	25.856751	5.0
1644	76.825792	4.051341	0.000188	26.494251	5.3
1645	77.418031	4.053404	0.000188	13.754133	8.8
1646	72.028069	4.054450	0.000188	16.661235	5.4
1647	75.611981	4.054874	0.000188	24.307255	6.0
1648	67.819350	4.055118	0.000188	15.233122	5.3
1649	71.524698	4.055240	0.000188	38.580334	5.5
1650	71.338941	4.055479	0.000188	13.367862	5.6
1651	73.161558	4.056601	0.000188	51.105752	6.2
1652	77.213235	4.054937	0.000188	76.404120	5.2
1653	71.724150	4.073800	0.000187	53.430638	5.1
1654	77.600240	4.090919	0.000187	18.341231	5.4
1655	80.614454	4.094045	0.000187	17.943035	5.6
1656	81.995276	4.093427	0.000187	16.982164	4.3
1657	73.522398	4.092793	0.000187	20.591213	4.2
1658	70.688132	4.092205	0.000187	19.482577	3.7
1659	73.349650	4.092712	0.000187	56.452324	3.3
1660	82.444071	4.095298	0.000187	46.026407	4.4
1661	74.022639	4.102181	0.000187	44.439057	3.1
1662	72.445045	4.106434	0.000187	27.760556	3.1
1663	77.506943	4.109965	0.000187	8.781095	3.0
1664	74.101591	4.110480	0.000187	15.740569	7.0
1665	72.120948	4.110814	0.000187	10.782002	5.1
1666	77.157075	4.110403	0.000187	15.121651	3.7
1667	74.472343	4.110735	0.000187	51.798021	3.7
1668	66.716681	4.111490	0.000187	60.734671	3.9
1669	70.896063	4.121628	0.000187	30.654436	3.9
1670	73.789716	4.128349	0.000187	22.211632	3.6
1671	78.003444	4.130286	0.000187	23.555769	7.1
1672	71.654790	4.129851	0.000187	45.943680	4.0
1673	73.747600	4.132730	0.000187	54.695957	5.2
1674	67.420810	4.142351	0.000187	33.307729	6.0
1675	70.253489	4.148618	0.000187	14.408899	5.9
1676	68.849695	4.147610	0.000187	19.590404	4.6
1677	69.043471	4.148386	0.000187	27.191410	4.5
1678	80.826888	4.148151	0.000187	44.152136	4.3
1679	75.725459	4.150986	0.000187	54.259731	3.4
1680	70.920129	4.157248	0.000187	11.384575	3.4
1681	78.614855	4.155941	0.000187	61.091207	3.0
1682	70.419509	4.157456	0.000187	32.248723	2.8
1683	68.032664	4.163647	0.000187	15.885024	4.8
1684	70.746605	4.163303	0.000187	31.594848	2.4
1685	70.068689	4.164682	0.000187	9.708038	2.4
1686	68.762732	4.165472	0.000187	6.865903	3.2
1687	73.661999	4.165415	0.000187	33.382618	4.9
1688	78.688551	4.165903	0.000187	25.694869	4.6
1689	76.449641	4.168162	0.000187	46.422559	7.1
1690	72.686948	4.170566	0.000187	26.808711	4.7
1691	72.690868	4.173812	0.000187	25.950406	3.8
1692	74.167720	4.174056	0.000187	26.098049	3.6
1693	72.667482	4.175798	0.000187	25.498656	3.6
1694	77.142302	4.177824	0.000187	16.449938	5.0
1695	66.380844	4.178815	0.000187	23.142692	3.2
1696	68.326210	4.179846	0.000187	26.236941	3.4
1697	71.082926	4.179443	0.000187	19.746480	3.6
1698	71.833172	4.180121	0.000187	26.692948	3.6
1699	80.775407	4.179717	0.000187	9.855528	4.0
1700	77.691049	4.180255	0.000187	9.426483	3.9
1701	70.750372	4.180246	0.000187	15.474873	3.7
1702	73.745260	4.180278	0.000187	26.842706	4.4
1703	70.060924	4.181289	0.000187	52.010646	4.5
1704	69.739798	4.184161	0.000187	13.631938	3.7
1705	73.140495	4.186178	0.000187	25.093576	5.2
1706	77.254576	4.185242	0.000187	6.288207	5.1
1707	72.915100	4.185589	0.000187	26.302183	4.1
1708	70.959434	4.185181	0.000187	61.889161	3.6
1709	73.321696	4.190805	0.000187	35.732366	3.6
1710	72.496088	4.198640	0.000186	27.524280	3.7
1711	70.590421	4.197037	0.000186	27.574871	6.5
1712	73.190079	4.199313	0.000186	10.204671	5.4
1713	67.785230	4.199896	0.000186	18.899962	4.5
1714	75.267400	4.199749	0.000186	23.288281	4.6
1715	72.997282	4.200833	0.000186	27.262988	3.7
1716	69.597936	4.201620	0.000186	3.803599	3.7
1717	69.770574	4.201424	0.000186	41.041510	3.7
1718	77.576176	4.201581	0.000186	27.394931	3.2
1719	68.149427	4.204975	0.000186	27.344752	3.2
1720	73.602148	4.206360	0.000186	5.754594	3.2
1721	68.706779	4.205934	0.000186	21.064702	3.4
1722	73.538792	4.206241	0.000186	14.202700	3.5
1723	77.953302	4.206994	0.000186	14.727058	3.5
1724	77.303469	4.207147	0.000186	9.897370	3.2
1725	67.504719	4.206871	0.000186	6.354747	3.1
1726	70.505431	4.206708	0.000186	26.782981	3.1
1727	71.686736	4.206768	0.000186	10.934963	4.9
1728	70.249010	4.206791	0.000186	11.072639	3.0
1729	72.912737	4.206874	0.000186	33.747814	3.1
1730	72.450336	4.207138	0.000186	19.313235	3.3
1731	74.452086	4.208563	0.000186	20.864085	6.1
1732	75.019853	4.207816	0.000186	33.698757	3.7
1733	73.188996	4.208299	0.000186	36.738161	2.6
1734	73.616469	4.211735	0.000186	14.359789	3.0
1735	72.688211	4.212959	0.000186	9.695953	3.3
1736	69.441004	4.212766	0.000186	17.185823	3.5
1737	73.422034	4.213116	0.000186	19.613372	4.0
1738	72.831866	4.213225	0.000186	48.297108	5.7
1739	76.407277	4.216062	0.000186	47.352333	5.5
1740	69.557136	4.224415	0.000186	19.927686	2.3
1741	73.693471	4.225495	0.000186	15.191735	6.9
1742	78.955645	4.225131	0.000186	28.081547	2.6
1743	79.435450	4.226134	0.000186	14.082345	2.6
1744	73.866312	4.226055	0.000186	25.307271	6.1
1745	74.536438	4.225323	0.000186	9.116525	2.9
1746	64.906715	4.225699	0.000186	19.223350	2.9
1747	77.840540	4.225572	0.000186	43.058048	3.9
1748	66.076506	4.226877	0.000186	38.220357	5.4
1749	67.603888	4.230739	0.000186	24.087515	3.5
1750	65.946158	4.230751	0.000186	22.223302	4.2
1751	70.461428	4.229936	0.000186	30.804581	4.1
1752	68.297599	4.228912	0.000186	57.127747	5.1
1753	73.370876	4.234495	0.000186	59.153541	6.6
1754	70.267235	4.241964	0.000186	43.243316	3.5
1755	70.992101	4.252187	0.000186	32.987850	4.0
1756	72.522920	4.255772	0.000186	18.686177	5.0
1757	69.630788	4.257647	0.000186	19.146077	3.1
1758	72.071562	4.258018	0.000186	7.027718	4.7
1759	69.572335	4.257708	0.000186	22.164482	4.9
1760	78.840107	4.257895	0.000186	21.952960	5.0
1761	69.564706	4.258024	0.000186	44.879470	4.8
1762	71.544555	4.258462	0.000186	33.775024	5.9
1763	78.681814	4.263495	0.000186	6.724653	3.7
1764	77.590076	4.263691	0.000186	14.624468	3.6
1765	74.628294	4.263810	0.000186	18.011305	3.5
1766	69.207094	4.264066	0.000186	57.159044	3.4
1767	73.886324	4.267241	0.000186	40.236537	3.2
1768	64.271522	4.275492	0.000186	27.779145	3.9
1769	68.144225	4.276120	0.000186	17.352906	3.3
1770	70.771767	4.277488	0.000186	27.303186	2.3
1771	70.258584	4.278581	0.000186	40.972168	2.4
1772	79.898084	4.281107	0.000186	38.611618	3.7
1773	73.220322	4.286505	0.000186	26.073375	2.7
1774	75.907386	4.289013	0.000186	12.855946	3.2
1775	74.630670	4.288403	0.000186	26.060352	4.9
1776	65.371080	4.289175	0.000186	15.789543	2.8
1777	76.240389	4.288415	0.000186	12.140414	2.9
1778	67.853681	4.288835	0.000186	11.158426	5.1
1779	73.369418	4.288996	0.000186	14.105251	3.2
1780	75.373366	4.288933	0.000186	31.523815	6.0
1781	65.971805	4.289942	0.000186	27.771240	3.3
1782	72.830796	4.292401	0.000186	32.117000	4.8
1783	69.927109	4.294552	0.000186	57.561936	4.7
1784	74.704087	4.300272	0.000186	33.315747	4.7
1785	71.712758	4.306726	0.000186	11.238088	4.9
1786	75.824549	4.306767	0.000186	24.618157	5.5
1787	76.406930	4.306113	0.000186	33.995101	4.9
1788	69.302488	4.308705	0.000186	19.332980	5.1
1789	75.476767	4.309148	0.000186	22.201093	4.9
1790	67.423914	4.309279	0.000186	17.209363	3.4
1791	77.615303	4.310119	0.000186	29.081448	3.9
1792	79.665298	4.309067	0.000186	28.614215	3.7
1793	69.147361	4.307041	0.000186	61.105047	3.0
1794	68.538975	4.312209	0.000186	25.371617	3.0
1795	76.905782	4.317198	0.000186	26.748993	3.3
1796	70.628502	4.318158	0.000186	22.128908	4.5
1797	75.629599	4.318457	0.000186	34.123285	3.8
1798	75.399162	4.320080	0.000186	32.301719	4.2
1799	78.598065	4.320530	0.000186	36.236049	4.8
1800	72.995575	4.323962	0.000186	21.267457	4.9
1801	73.101089	4.325337	0.000186	11.977506	4.6
1802	71.454867	4.324964	0.000186	22.780794	4.3
1803	74.395386	4.325442	0.000186	24.825403	4.2
1804	75.690392	4.326904	0.000186	6.715355	4.7
1805	74.649869	4.327025	0.000186	41.466540	5.0
1806	73.095519	4.326829	0.000186	57.368459	5.2
1807	74.531745	4.335656	0.000185	36.451329	5.0
1808	71.493751	4.342921	0.000185	27.243250	5.1
1809	72.289260	4.346114	0.000185	23.260835	5.1
1810	72.859729	4.347609	0.000185	22.763020	5.1
1811	69.402914	4.348057	0.000185	23.697242	5.0
1812	69.214178	4.348471	0.000185	21.908715	4.4
1813	67.267232	4.348174	0.000185	22.482642	4.6
1814	80.461835	4.349403	0.000185	16.497597	4.8
1815	70.429207	4.349070	0.000185	17.642811	4.2
1816	69.354207	4.348986	0.000185	19.088740	4.3
1817	73.806785	4.349565	0.000185	13.433644	4.4
1818	70.548518	4.350276	0.000185	12.264667	3.6
1819	79.429783	4.350612	0.000185	18.412506	4.1
1820	73.496121	4.351158	0.000185	31.802833	2.8
1821	72.686521	4.352416	0.000185	24.143964	2.7
1822	73.626099	4.350633	0.000185	32.474515	5.6
1823	74.576078	4.352884	0.000185	16.820126	2.5
1824	72.294777	4.353641	0.000185	19.080467	2.4
1825	72.819876	4.354565	0.000185	16.402037	5.6
1826	78.130123	4.354477	0.000185	24.589765	2.7
1827	73.322194	4.354563	0.000185	44.706812	2.7
1828	71.712257	4.358129	0.000185	52.982476	6.4
1829	73.892602	4.367375	0.000185	13.131649	3.3
1830	76.522988	4.369473	0.000185	21.595030	3.3
1831	74.248851	4.369749	0.000185	46.123530	3.5
1832	75.361839	4.371445	0.000185	39.121935	3.8
1833	71.789087	4.377655	0.000185	16.617482	3.9
1834	73.073380	4.378817	0.000185	17.343283	5.1
1835	71.110178	4.379100	0.000185	50.125250	6.7
1836	70.202866	4.381257	0.000185	46.003413	4.8
1837	71.894604	4.389333	0.000185	30.992196	3.5
1838	70.301033	4.392222	0.000185	26.046282	5.8
1839	71.554509	4.393455	0.000185	49.738680	3.2
1840	72.573609	4.394576	0.000185	27.560350	3.8
1841	75.856334	4.398642	0.000185	11.002527	4.1
1842	71.336724	4.399067	0.000185	36.365894	3.5
1843	75.716055	4.400094	0.000185	13.371328	2.8
1844	80.629864	4.401380	0.000185	3.743246	2.8
1845	67.005720	4.401390	0.000185	18.510837	3.8
1846	72.305925	4.401512	0.000185	14.739053	3.8
1847	72.828322	4.401971	0.000185	23.551222	3.1
1848	70.825189	4.401769	0.000185	27.059286	3.6
1849	73.680348	4.403146	0.000185	28.645061	3.1
1850	78.078693	4.404656	0.000185	33.811913	6.3
1851	72.296807	4.407489	0.000185	22.214424	7.4
1852	74.011331	4.409803	0.000185	7.353511	4.3
1853	73.119567	4.409854	0.000185	19.597648	4.6
1854	71.854333	4.409879	0.000185	41.681568	4.3
1855	67.888061	4.412169	0.000185	30.138245	3.3
1856	73.309993	4.414839	0.000185	35.919789	3.4
1857	68.409569	4.418272	0.000185	21.143518	3.4
1858	68.261551	4.420315	0.000185	31.263413	3.0
1859	66.418929	4.419905	0.000185	14.659487	3.1
1860	70.552063	4.419844	0.000185	13.004113	3.1
1861	65.599875	4.420189	0.000185	44.480360	2.8
1862	68.574723	4.420779	0.000185	44.111627	2.9
1863	72.789594	4.427866	0.000185	18.617034	5.2
1864	77.380458	4.430170	0.000185	15.953833	2.3
1865	77.210543	4.430688	0.000185	7.530297	5.5
1866	78.667565	4.430811	0.000185	34.157932	2.5
1867	73.567553	4.430638	0.000185	30.066947	2.6
1868	79.033040	4.432457	0.000185	24.428526	2.6
1869	73.094069	4.434002	0.000185	10.366888	2.6
1870	76.465077	4.434576	0.000185	7.652357	2.7
1871	69.878418	4.434638	0.000185	27.602816	2.9
1872	69.910627	4.434231	0.000185	17.806680	5.7
1873	76.794079	4.435059	0.000185	25.944502	3.2
1874	76.232541	4.434486	0.000185	21.723786	4.8
1875	73.369260	4.436098	0.000185	7.499247	5.7
1876	66.243164	4.435712	0.000185	17.527834	3.8
1877	69.517239	4.435927	0.000185	26.916510	4.1
1878	69.813400	4.436231	0.000185	42.657346	4.4
1879	74.435546	4.438835	0.000185	21.940643	4.4
1880	76.447160	4.441555	0.000185	13.742639	3.4
1881	66.298226	4.441199	0.000185	13.848978	4.7
1882	66.510920	4.441694	0.000185	13.102134	4.9
1883	68.987875	4.441971	0.000185	27.488042	5.2
1884	71.169430	4.442997	0.000185	8.669668	4.0
1885	80.489830	4.442418	0.000185	21.707037	6.7
1886	78.087136	4.442767	0.000185	12.824260	4.6
1887	73.803586	4.443133	0.000185	11.093095	4.4
1888	74.778336	4.443232	0.000185	12.003473	3.5
1889	77.943447	4.443100	0.000185	30.445055	3.6
1890	71.074776	4.443527	0.000185	42.802705	5.1
1891	65.670934	4.446315	0.000185	19.905077	5.2
1892	74.612292	4.448865	0.000185	16.397775	5.4
1893	73.527475	4.447966	0.000185	14.546484	4.9
1894	77.600982	4.448383	0.000185	24.237940	5.2
1895	74.763928	4.448223	0.000185	31.733235	4.6
1896	68.144236	4.450532	0.000185	48.421101	4.1
1897	76.480108	4.455533	0.000185	56.988754	5.0
1898	75.416214	4.467011	0.000184	22.996806	4.2
1899	64.998676	4.470780	0.000184	8.087398	5.1
1900	79.837575	4.470397	0.000184	6.051236	4.9
1901	80.248884	4.470429	0.000184	29.929041	5.2
1902	72.316819	4.470228	0.000184	31.016330	5.4
1903	77.063415	4.472391	0.000184	25.007708	5.0
1904	73.080417	4.474473	0.000184	35.185969	5.2
1905	70.744976	4.475896	0.000184	36.936927	5.4
1906	68.608034	4.480270	0.000184	6.849085	5.1
1907	64.126269	4.480203	0.000184	37.720903	5.0
1908	66.939012	4.480514	0.000184	29.212150	4.3
1909	69.895935	4.484178	0.000184	30.549736	3.8
1910	70.986246	4.486668	0.000184	33.000581	4.2
1911	70.954771	4.489451	0.000184	31.361338	3.6
1912	70.350625	4.492427	0.000184	21.276064	3.6
1913	73.646322	4.494354	0.000184	4.655141	3.5
1914	76.029577	4.494166	0.000184	19.226476	4.5
1915	71.498402	4.493961	0.000184	46.627555	4.6
1916	73.617664	4.496492	0.000184	50.916734	3.2
1917	79.385182	4.505916	0.000184	28.126979	3.4
1918	70.186997	4.510058	0.000184	29.366361	4.3
1919	77.989278	4.511171	0.000184	19.860464	3.1
1920	68.938126	4.512437	0.000184	21.495634	3.6
1921	70.230705	4.511667	0.000184	21.078430	3.5
1922	69.558114	4.512003	0.000184	39.332060	5.1
1923	70.643387	4.514129	0.000184	52.948610	5.0
1924	74.175200	4.521629	0.000184	27.238319	3.9
1925	71.975913	4.525809	0.000184	14.978495	3.5
1926	64.638198	4.527009	0.000184	8.596790	3.5
1927	67.750274	4.527131	0.000184	23.336002	3.7
1928	77.125610	4.527386	0.000184	12.853532	3.9
1929	80.812019	4.527773	0.000184	9.488710	5.8
1930	68.374227	4.528084	0.000184	25.071910	5.1
1931	76.647237	4.528437	0.000184	20.941111	5.6
1932	69.920801	4.529884	0.000184	25.238831	7.2
1933	73.063180	4.531159	0.000184	10.530276	3.7
1934	73.480814	4.531291	0.000184	24.519508	3.7
1935	71.103245	4.531079	0.000184	21.940922	4.2
1936	63.589028	4.532012	0.000184	15.252663	3.7
1937	80.751527	4.531439	0.000184	25.224832	3.8
1938	75.081724	4.532429	0.000184	31.080606	6.5
1939	71.486905	4.532700	0.000184	38.499948	4.0
1940	73.152247	4.534426	0.000184	29.507696	2.8
1941	69.423645	4.538011	0.000184	28.018255	5.1
1942	76.172009	4.539827	0.000184	26.763666	3.7
1943	78.181955	4.542010	0.000184	15.628389	3.2
1944	69.048953	4.543204	0.000184	16.923224	3.4
1945	68.783228	4.543856	0.000184	34.319522	5.5
1946	69.287692	4.545431	0.000184	17.001844	5.6
1947	68.645747	4.546925	0.000184	20.787609	3.7
1948	77.031196	4.546126	0.000184	22.748064	5.0
1949	68.555865	4.547129	0.000184	20.094211	6.0
1950	75.780514	4.548394	0.000184	54.548551	4.4
1951	72.231059	4.545782	0.000184	48.410549	5.0
1952	76.727077	4.554798	0.000184	42.372109	5.8
1953	70.933926	4.561299	0.000184	58.785809	5.2
1954	69.262587	4.569879	0.000184	39.515567	3.6
1955	73.144310	4.578616	0.000184	9.871835	4.8
1956	71.571906	4.578117	0.000184	31.207098	6.5
1957	72.848970	4.578159	0.000184	24.987155	4.7
1958	72.608064	4.580621	0.000184	24.629874	7.0
1959	74.391742	4.582067	0.000184	42.217127	5.0
1960	70.606535	4.585409	0.000184	35.929950	5.7
1961	73.024728	4.590554	0.000184	11.034775	5.2
1962	72.673199	4.589521	0.000184	19.658582	4.8
1963	77.598977	4.590028	0.000184	24.238236	5.0
1964	75.441374	4.591047	0.000184	44.804365	4.7
1965	69.780509	4.594504	0.000184	34.222121	4.6
1966	76.960544	4.599362	0.000184	6.668691	5.1
1967	73.517126	4.599974	0.000184	14.527540	5.0
1968	66.207780	4.599718	0.000184	11.157479	5.0
1969	77.523908	4.599898	0.000184	11.713713	5.3
1970	77.520236	4.599881	0.000184	15.267513	6.3
1971	71.604686	4.599581	0.000184	18.433447	5.2
1972	76.827040	4.600055	0.000184	14.946611	6.7
1973	73.784422	4.600406	0.000184	30.185738	3.6
1974	68.279010	4.601709	0.000184	48.947874	3.2
1975	77.703510	4.606595	0.000183	27.951571	3.1
1976	70.195248	4.611145	0.000183	25.972674	4.0
1977	67.174137	4.610462	0.000183	37.939618	3.6
1978	70.671764	4.612704	0.000183	33.901969	4.0
1979	74.552561	4.616118	0.000183	17.103864	3.4
1980	75.887230	4.615922	0.000183	14.607332	2.2
1981	72.162641	4.615584	0.000183	28.738766	2.3
1982	78.053028	4.616704	0.000183	21.571250	4.1
1983	69.535596	4.618581	0.000183	34.507498	5.0
1984	68.100513	4.620706	0.000183	20.233857	2.1
1985	77.072638	4.622811	0.000183	8.025107	3.5
1986	71.653743	4.622435	0.000183	28.673167	5.4
1987	75.298190	4.622748	0.000183	38.852836	2.2
1988	69.868310	4.626314	0.000183	29.712353	4.8
1989	73.951939	4.628260	0.000183	23.521507	2.5
1990	68.330596	4.630036	0.000183	31.583027	4.8
1991	77.237950	4.630683	0.000183	13.097636	5.0
1992	68.577548	4.631335	0.000183	20.176548	5.0
1993	68.864930	4.632027	0.000183	6.688466	4.1
1994	73.399868	4.632011	0.000183	17.456329	3.9
1995	75.157490	4.631872	0.000183	14.583318	4.9
1996	74.481042	4.632512	0.000183	19.794445	4.0
1997	72.802040	4.633123	0.000183	18.124247	4.4
1998	71.260669	4.633933	0.000183	13.198508	4.2
1999	72.654442	4.634393	0.000183	8.947815	4.5
