1:ItNr	2:Metric	3a:Time	3b:StepSize	4:||Gradient||	Time[ms]
0	183390.188640	0.000000	0.000067	25370.438823	239.7
1	144424.401986	0.000000	0.000067	23067.820824	1.7
2	113061.329476	0.000000	0.000067	18701.466198	1.7
3	93427.014397	0.000000	0.000067	17173.548114	4.4
4	74799.462418	0.000000	0.000067	13709.094948	1.8
5	60848.664702	0.000000	0.000067	11430.074234	1.9
6	53975.815511	0.000000	0.000067	11116.464721	1.9
7	46405.603568	0.000000	0.000067	9717.212713	2.4
8	38524.733439	0.000000	0.000067	8310.755811	2.0
9	36900.448103	0.000000	0.000067	8427.809926	1.9
10	30977.127176	0.000000	0.000067	7647.561409	1.7
11	27247.480435	0.000000	0.000067	6823.919081	1.7
12	24866.853567	0.000000	0.000067	6260.344368	1.6
13	21246.203208	0.000000	0.000067	6138.119095	1.7
14	19294.883797	0.000000	0.000067	5764.570378	1.6
15	18059.534669	0.000000	0.000067	5712.153772	1.7
16	14921.848778	0.000000	0.000067	5009.906047	1.8
17	13132.631566	0.000000	0.000067	4577.910172	1.8
18	12214.816016	0.000000	0.000067	4401.855021	1.7
19	10999.176847	0.000000	0.000067	3999.089441	1.8
20	9604.612494	0.000000	0.000067	3690.714617	1.9
21	8918.038075	0.000000	0.000067	3449.629568	4.2
22	8090.543896	0.000000	0.000067	3011.764287	2.5
23	7725.245963	0.000000	0.000067	2900.738868	2.6
24	7150.554549	0.000000	0.000067	2745.175164	2.6
25	6463.517624	0.000000	0.000067	2296.198421	3.2
26	5948.480663	0.000000	0.000067	2133.340803	4.7
27	5850.377714	0.000000	0.000067	2020.919857	4.5
28	5512.591574	0.000000	0.000067	1898.321056	2.1
29	5246.194370	0.000000	0.000067	1749.799207	2.1
30	5244.963863	0.000000	0.000067	1604.815641	2.0
31	4966.637259	0.000000	0.000067	1466.554257	2.2
32	5149.245089	0.000000	0.000067	1419.759591	2.4
33	4827.173619	0.000000	0.000067	1265.218750	2.4
34	4836.066854	0.000000	0.000067	1183.287471	2.4
35	4437.205690	0.000000	0.000067	1163.021934	2.4
36	4381.587358	0.000000	0.000067	1040.888939	2.3
37	4739.151486	0.000000	0.000067	1027.464091	2.3
38	4322.487343	0.000000	0.000067	880.199257	2.4
39	4166.115487	0.000000	0.000067	840.007792	2.3
40	4166.226280	0.000000	0.000067	822.373774	2.2
41	4332.299799	0.000000	0.000067	752.912178	2.3
42	4096.317065	0.000000	0.000067	701.949007	2.3
43	3895.263070	0.000000	0.000067	665.376974	2.3
44	4043.564144	0.000000	0.000067	645.655854	2.3
45	4164.757717	0.000000	0.000067	649.423344	2.5
46	4161.500010	0.000000	0.000067	625.574187	4.8
47	4097.862945	0.000000	0.000067	614.510751	4.8
48	4015.569851	0.000000	0.000067	599.969282	4.9
49	3911.316850	0.000000	0.000067	508.680334	3.5
50	4067.212764	0.000000	0.000067	591.729474	3.2
51	3761.271449	0.000000	0.000067	461.721205	3.2
52	3950.526465	0.000000	0.000067	522.540112	3.2
53	3922.994460	0.000000	0.000067	499.536400	3.1
54	3774.692343	0.000000	0.000067	508.085887	3.1
55	3673.520961	0.000000	0.000067	440.218260	3.1
56	4123.071539	0.000000	0.000067	464.069230	2.9
57	3947.221686	0.000000	0.000067	487.091436	2.9
58	3755.908922	0.000000	0.000067	465.084291	2.9
59	3835.753198	0.000000	0.000067	418.632838	3.1
60	3915.233061	0.000000	0.000067	478.224734	3.0
61	3606.083137	0.000000	0.000067	373.732610	3.0
62	3779.074009	0.000000	0.000067	380.093629	5.2
63	3594.483211	0.000000	0.000067	424.193477	3.7
64	3708.377764	0.000000	0.000067	385.063165	3.6
65	3584.196691	0.000000	0.000067	419.690039	3.1
66	3904.821512	0.000000	0.000067	436.491811	3.1
67	3939.747167	0.000000	0.000067	337.452493	3.1
68	3514.112350	0.000000	0.000067	391.563629	2.8
69	3643.543985	0.000000	0.000067	417.055261	2.9
70	3560.488019	0.000000	0.000067	365.687030	2.3
71	3746.884551	0.000000	0.000067	353.194167	2.2
72	3806.131764	0.000000	0.000067	347.232321	2.2
73	3805.075457	0.000000	0.000067	364.137345	2.2
74	3526.873885	0.000000	0.000067	343.973468	4.0
75	3766.186259	0.000000	0.000067	357.248145	2.3
76	3616.786627	0.000000	0.000067	304.230232	2.4
77	3775.463082	0.000000	0.000067	358.303393	2.4
78	3533.181229	0.000000	0.000067	347.709269	2.5
79	3653.345585	0.000000	0.000067	355.822901	2.7
80	3577.084867	0.000000	0.000067	327.746283	2.5
81	3541.232224	0.000000	0.000067	337.676177	2.6
82	3877.186698	0.000000	0.000067	320.977322	2.5
83	3879.087954	0.000000	0.000067	309.167188	2.8
84	3540.435469	0.000000	0.000067	276.411526	2.8
85	3766.925190	0.000000	0.000067	283.749110	2.8
86	3356.800247	0.000000	0.000067	272.332767	2.8
87	3619.079943	0.000000	0.000067	323.121321	2.6
88	3553.890898	0.000000	0.000067	307.982406	2.3
89	3445.939729	0.000000	0.000067	311.701027	2.4
90	3625.040860	0.000000	0.000067	332.350514	2.3
91	3329.614655	0.000000	0.000067	278.083308	2.4
92	3557.206590	0.000000	0.000067	291.470591	2.2
93	3505.292959	0.000000	0.000067	284.762013	2.2
94	3584.671483	0.000000	0.000067	309.837734	2.3
95	3651.161092	0.000000	0.000067	291.324912	2.3
96	3730.521369	0.000000	0.000067	270.949556	4.0
97	3490.742125	0.000000	0.000067	296.670620	4.8
98	3409.327951	0.000000	0.000067	222.340271	4.8
99	3760.666494	0.000000	0.000067	332.711333	4.4
100	3531.479522	0.000000	0.000067	264.624540	2.2
101	3676.872737	0.000000	0.000067	280.710557	2.2
102	3266.822579	0.000000	0.000067	264.236000	2.2
103	3610.030854	0.000000	0.000067	298.089750	2.2
104	3668.873918	0.000000	0.000067	271.605813	2.2
105	3492.128047	0.000000	0.000067	254.506696	2.3
106	3371.255618	0.000000	0.000067	269.701806	2.3
107	3430.018417	0.000000	0.000067	301.232704	2.3
108	3616.641638	0.000000	0.000067	226.847717	2.4
109	3663.823025	0.000000	0.000067	206.086333	2.4
110	3691.447555	0.000000	0.000067	252.311493	2.4
111	3314.412041	0.000000	0.000067	233.537765	2.4
112	3696.296462	0.000000	0.000067	261.247668	2.4
113	3606.871849	0.000000	0.000067	219.364393	2.4
114	3634.934795	0.000000	0.000067	255.596540	2.4
115	3613.332399	0.000000	0.000067	243.352553	2.5
116	3709.863062	0.000000	0.000067	241.475340	2.4
117	3562.444991	0.000000	0.000067	218.984284	2.5
118	3491.510915	0.000000	0.000067	201.262996	2.6
119	3471.316221	0.000000	0.000067	259.438867	2.7
120	3394.330489	0.000000	0.000067	192.629009	2.6
121	3325.266808	0.000000	0.000067	254.100574	2.5
122	3476.352428	0.000000	0.000067	204.885709	2.5
123	3493.499165	0.000000	0.000067	178.813506	2.5
124	3442.028249	0.000000	0.000067	223.704152	2.4
125	3306.814183	0.000000	0.000067	284.903979	2.6
126	3558.913295	0.000000	0.000067	218.759034	2.8
127	3484.314632	0.000000	0.000067	235.023481	4.8
128	3456.142466	0.000000	0.000067	232.370675	5.0
129	3678.177884	0.000000	0.000067	262.186226	4.8
130	3470.707133	0.000000	0.000067	209.267978	4.8
131	3576.951681	0.000000	0.000067	167.122778	4.7
132	3294.349726	0.000000	0.000067	172.538360	4.2
133	3447.311720	0.000000	0.000067	206.912606	4.7
134	3467.973340	0.000000	0.000067	173.628630	3.7
135	3416.179111	0.000000	0.000067	193.578306	4.4
136	3458.219135	0.000000	0.000067	176.383505	4.1
137	3361.726019	0.000000	0.000067	206.515342	3.2
138	3386.417738	0.000000	0.000067	216.912986	3.6
139	3429.027930	0.000000	0.000067	199.838676	3.4
140	3273.187417	0.000000	0.000067	189.483370	3.3
141	3415.103373	0.000000	0.000067	156.952555	3.6
142	3258.192926	0.000000	0.000067	186.166501	5.0
143	3613.856548	0.000000	0.000067	188.261422	3.1
144	3702.409737	0.000000	0.000067	233.483374	3.1
145	3478.138578	0.000000	0.000067	216.165545	5.0
146	3358.283207	0.000000	0.000067	209.675688	5.0
147	3351.769480	0.000000	0.000067	179.662283	4.3
148	3488.869852	0.000000	0.000067	207.054693	5.0
149	3343.565907	0.000000	0.000067	176.438458	5.2
150	3468.782156	0.000000	0.000067	166.096867	5.2
151	3544.366959	0.000000	0.000067	179.305265	4.4
152	3428.173060	0.000000	0.000067	161.657187	3.9
153	3311.697847	0.000000	0.000067	198.037655	3.9
154	3524.499716	0.000000	0.000067	189.065050	7.3
155	3583.510494	0.000000	0.000067	186.822413	3.2
156	3519.114953	0.000000	0.000067	175.773159	3.6
157	3448.392914	0.000000	0.000067	178.822499	5.1
158	3400.456119	0.000000	0.000067	198.787642	3.6
159	3274.759549	0.000000	0.000067	151.564764	3.6
160	3263.283523	0.000000	0.000067	138.651777	3.6
161	3165.405188	0.000000	0.000067	199.882008	2.9
162	3691.794757	0.000000	0.000067	207.340626	6.1
163	3426.223711	0.000000	0.000067	169.499831	5.0
164	3386.030622	0.000000	0.000067	131.324805	5.0
165	3721.892350	0.000000	0.000067	229.925275	5.2
166	3085.836646	0.000000	0.000067	147.414865	3.9
167	3652.137326	0.000000	0.000067	200.154318	3.8
168	3591.979384	0.000000	0.000067	169.542645	3.8
169	3343.644930	0.000000	0.000067	146.930672	3.9
170	3371.197289	0.000000	0.000067	156.746501	3.0
171	3303.543693	0.000000	0.000067	141.222890	2.9
172	3084.027259	0.000000	0.000067	115.027330	5.0
173	3541.758514	0.000000	0.000067	203.738706	3.1
174	3472.779652	0.000000	0.000067	184.014543	2.8
175	3337.371528	0.000000	0.000067	167.799075	2.7
176	3376.393836	0.000000	0.000067	175.956237	6.4
177	3424.091676	0.000000	0.000067	158.852132	3.4
178	3090.610263	0.000000	0.000067	126.978058	3.7
179	3291.460770	0.000000	0.000067	107.717423	3.6
180	3395.641859	0.000000	0.000067	159.184074	3.6
181	3737.856874	0.000000	0.000067	236.397709	3.7
182	3334.882642	0.000000	0.000067	139.966332	4.0
183	3354.957637	0.000000	0.000067	142.168725	3.7
184	3342.462961	0.000000	0.000067	151.091131	3.0
185	3274.021082	0.000000	0.000067	168.572378	3.0
186	3414.572722	0.000000	0.000067	159.925655	2.8
187	3470.464157	0.000000	0.000067	198.701094	4.2
188	3543.142937	0.000000	0.000067	164.212195	4.5
189	3381.866905	0.000000	0.000067	135.658301	4.8
190	3285.832107	0.000000	0.000067	144.312636	5.0
191	3346.730958	0.000000	0.000067	140.219292	5.5
192	3447.720843	0.000000	0.000067	156.090290	6.3
193	3285.896552	0.000000	0.000067	132.739954	3.7
194	3334.551133	0.000000	0.000067	165.818916	5.3
195	3403.411331	0.000000	0.000067	154.113479	6.9
196	3380.355121	0.000000	0.000067	169.367574	5.0
197	3499.608514	0.000000	0.000067	180.349473	5.2
198	3417.920518	0.000000	0.000067	158.389968	5.0
199	3485.789367	0.000000	0.000067	147.634861	3.8
200	3308.983400	0.000000	0.000067	136.816048	2.6
201	3504.992484	0.000000	0.000067	150.256440	7.6
202	3187.767121	0.000000	0.000067	123.823489	2.4
203	3227.755628	0.000000	0.000067	133.055681	2.4
204	3343.910530	0.000000	0.000067	131.158375	2.9
205	3837.450608	0.000000	0.000067	161.042536	2.7
206	3340.368859	0.000000	0.000067	131.629672	5.2
207	3368.614562	0.000000	0.000067	110.694687	3.3
208	3353.730340	0.000000	0.000067	139.115660	3.4
209	3299.137018	0.000000	0.000067	122.545682	4.2
210	3369.744530	0.000000	0.000067	178.837435	5.3
211	3429.283314	0.000000	0.000067	149.597061	5.0
212	3226.651842	0.000000	0.000067	183.913125	4.9
213	3152.889911	0.000000	0.000067	105.798211	4.4
214	3191.863067	0.000000	0.000067	148.731787	4.0
215	3469.649256	0.000000	0.000067	116.654752	5.1
216	3292.636911	0.000000	0.000067	108.408954	4.8
217	3374.252944	0.000000	0.000067	153.083890	4.9
218	3382.766445	0.000000	0.000067	146.765096	5.1
219	3257.173382	0.000000	0.000067	131.634667	5.0
220	3392.392173	0.000000	0.000067	114.182259	4.0
221	3423.456550	0.000000	0.000067	146.450617	3.9
222	3286.190134	0.000000	0.000067	108.951432	4.7
223	3645.921941	0.000000	0.000067	172.828794	5.9
224	3154.924559	0.000000	0.000067	113.413635	2.7
225	3210.783055	0.000000	0.000067	159.445692	2.5
226	3505.228082	0.000000	0.000067	143.078166	7.2
227	3198.421767	0.000000	0.000067	155.563372	4.0
228	3505.527627	0.000000	0.000067	133.452683	5.4
229	3431.837231	0.000000	0.000067	122.066117	3.1
230	3211.471501	0.000000	0.000067	120.340907	3.1
231	3202.827873	0.000000	0.000067	117.545624	3.2
232	3269.989092	0.000000	0.000067	126.852224	6.5
233	3532.203811	0.000000	0.000067	123.148545	3.0
234	3252.409632	0.000000	0.000067	150.415334	3.4
235	3269.128727	0.000000	0.000067	144.723705	3.5
236	3122.894787	0.000000	0.000067	112.250768	5.5
237	3285.755793	0.000000	0.000067	114.906255	4.8
238	3307.716732	0.000000	0.000067	201.046040	5.0
239	3250.034530	0.000000	0.000067	111.419108	2.5
240	3154.816966	0.000000	0.000067	129.607587	2.3
241	3035.423348	0.000000	0.000067	117.170139	2.2
242	3117.406429	0.000000	0.000067	112.541243	2.1
243	3439.343000	0.000000	0.000067	129.238034	5.3
244	3178.916850	0.000000	0.000067	101.329068	4.0
245	3130.552728	0.000000	0.000067	171.917629	3.8
246	3246.299546	0.000000	0.000067	99.768476	3.0
247	3059.036121	0.000000	0.000067	106.780815	7.0
248	3489.404815	0.000000	0.000067	158.343149	4.8
249	3321.327528	0.000000	0.000067	115.462695	3.3
250	3263.531278	0.000000	0.000067	98.068144	3.2
251	3529.534046	0.000000	0.000067	146.400664	3.1
252	3296.415858	0.000000	0.000067	123.124136	2.9
253	3083.996017	0.000000	0.000067	127.475624	3.0
254	3526.576338	0.000000	0.000067	131.273955	2.9
255	3384.154842	0.000000	0.000067	136.764869	2.6
256	3269.938703	0.000000	0.000067	115.561237	2.3
257	3233.894079	0.000000	0.000067	105.542088	2.3
258	3304.285835	0.000000	0.000067	103.247017	2.6
259	3464.744322	0.000000	0.000067	120.348770	2.3
260	3467.991112	0.000000	0.000067	156.797784	2.1
261	3412.003855	0.000000	0.000067	134.758616	2.4
262	3180.918559	0.000000	0.000067	137.017455	2.8
263	3015.720320	0.000000	0.000067	101.766835	2.5
264	3175.155809	0.000000	0.000067	120.223348	2.4
265	3378.021059	0.000000	0.000067	126.839369	2.9
266	3470.642487	0.000000	0.000067	112.934152	3.0
267	3257.714696	0.000000	0.000067	106.181678	3.4
268	3410.325356	0.000000	0.000067	155.138564	4.7
269	3333.686679	0.000000	0.000067	120.535331	2.6
270	3316.841773	0.000000	0.000067	114.111119	2.8
271	3439.053985	0.000000	0.000067	127.208317	3.0
272	3439.128241	0.000000	0.000067	119.032028	3.0
273	3264.855612	0.000000	0.000067	106.708592	8.6
274	3341.426429	0.000000	0.000067	115.798092	2.6
275	3353.300188	0.000000	0.000067	114.597142	2.6
276	3540.435411	0.000000	0.000067	150.213277	4.9
277	3356.062659	0.000000	0.000067	115.705243	3.0
278	3333.708335	0.000000	0.000067	115.374457	3.1
279	3182.557567	0.000000	0.000067	100.354727	3.6
280	3059.180783	0.000000	0.000067	149.709766	3.3
281	3085.274080	0.000000	0.000067	139.918606	3.0
282	3338.712475	0.000000	0.000067	101.274053	5.8
283	3343.883530	0.000000	0.000067	117.934854	3.1
284	3471.408902	0.000000	0.000067	137.106886	4.8
285	3161.810497	0.000000	0.000067	123.893179	3.8
286	3312.830486	0.000000	0.000067	115.113134	3.2
287	3279.660246	0.000000	0.000067	177.069815	3.3
288	3066.816641	0.000000	0.000067	109.639413	3.8
289	3252.429077	0.000000	0.000067	115.194534	3.4
290	3174.980363	0.000000	0.000067	100.961643	4.6
291	3376.457367	0.000000	0.000067	115.203063	3.1
292	3399.726861	0.000000	0.000067	111.855553	3.2
293	3231.287290	0.000000	0.000067	111.771805	3.4
294	3306.768099	0.000000	0.000067	107.958120	3.1
295	3141.768970	0.000000	0.000067	168.652785	4.7
296	3246.302525	0.000000	0.000067	137.590076	3.9
297	3333.289249	0.000000	0.000067	110.392939	2.8
298	3300.427174	0.000000	0.000067	105.399986	4.2
299	3381.383546	0.000000	0.000067	131.906981	3.9
300	3332.190985	0.000000	0.000067	114.580919	2.9
301	3485.689742	0.000000	0.000067	170.243985	3.4
302	3478.311301	0.000000	0.000067	109.174768	2.8
303	3192.942889	0.000000	0.000067	129.957508	6.0
304	3316.545040	0.000000	0.000067	114.023857	3.0
305	3338.819862	0.000000	0.000067	146.198981	3.5
306	3407.002896	0.000000	0.000067	124.980516	4.4
307	3519.029523	0.000000	0.000067	111.614564	3.7
308	3368.134710	0.000000	0.000067	117.775339	3.7
309	3251.883097	0.000000	0.000067	157.543744	3.7
310	3211.130519	0.000000	0.000067	101.853590	3.3
311	3432.903822	0.000000	0.000067	199.981004	2.9
312	3380.318719	0.000000	0.000067	126.107017	3.4
313	3488.201322	0.000000	0.000067	144.869011	3.2
314	3344.705185	0.000000	0.000067	105.287819	6.6
315	3125.692194	0.000000	0.000067	103.349499	2.9
316	3226.915198	0.000000	0.000067	124.593424	3.5
317	3192.999875	0.000000	0.000067	118.281688	3.7
318	3127.974689	0.000000	0.000067	124.103112	3.5
319	3250.859863	0.000000	0.000067	104.145868	6.4
320	3136.868298	0.000000	0.000067	131.489037	3.1
321	3292.028487	0.000000	0.000067	136.821601	5.0
322	3198.619891	0.000000	0.000067	99.060642	3.3
323	3293.563050	0.000000	0.000067	112.016360	3.4
324	3257.274885	0.000000	0.000067	126.446333	3.4
325	3142.595428	0.000000	0.000067	111.128592	5.2
326	3306.011544	0.000000	0.000067	143.138005	3.3
327	3351.485184	0.000000	0.000067	105.694556	3.8
328	3490.071086	0.000000	0.000067	120.785473	3.9
329	3019.986755	0.000000	0.000067	99.003287	5.0
330	3195.922228	0.000000	0.000067	118.754903	4.8
331	3282.962215	0.000000	0.000067	133.167864	4.2
332	3274.904869	0.000000	0.000067	130.219607	4.2
333	3226.300206	0.000000	0.000067	137.752020	2.2
334	3252.085548	0.000000	0.000067	106.748869	4.7
335	3260.108340	0.000000	0.000067	100.425118	2.2
336	3188.422265	0.000000	0.000067	100.287128	2.4
337	3201.297465	0.000000	0.000067	111.885471	2.5
338	3395.060330	0.000000	0.000067	109.144558	8.8
339	3203.038829	0.000000	0.000067	122.288641	2.9
340	3490.714662	0.000000	0.000067	115.669949	2.9
341	3326.735688	0.000000	0.000067	164.898316	3.1
342	3060.235020	0.000000	0.000067	102.274271	3.2
343	3355.266643	0.000000	0.000067	145.405165	7.7
344	3119.953183	0.000000	0.000067	121.594374	3.9
345	3189.264508	0.000000	0.000067	143.341218	4.1
346	3295.311373	0.000000	0.000067	105.565785	4.2
347	3212.769133	0.000000	0.000067	110.712428	4.8
348	3251.081137	0.000000	0.000067	134.107294	3.6
349	3189.874840	0.000000	0.000067	106.153035	3.2
350	3167.055718	0.000000	0.000067	140.865463	3.2
351	3305.866269	0.000000	0.000067	136.645937	3.4
352	3119.333793	0.000000	0.000067	118.149667	7.3
353	3107.953366	0.000000	0.000067	90.625620	3.6
354	3307.713920	0.000000	0.000067	143.993696	7.3
355	3292.108229	0.000000	0.000067	121.526422	2.6
356	3315.184273	0.000000	0.000067	123.753096	3.8
357	3309.026227	0.000000	0.000067	138.805614	4.4
358	3239.693284	0.000000	0.000067	104.796542	4.1
359	3008.289115	0.000000	0.000067	107.134858	3.5
360	3405.132039	0.000000	0.000067	131.594466	4.9
361	3435.370315	0.000000	0.000067	114.879943	4.8
362	3193.432162	0.000000	0.000067	103.502466	3.8
363	3401.800282	0.000000	0.000067	120.111901	4.1
364	3498.062662	0.000000	0.000067	145.820364	4.3
365	3420.209566	0.000000	0.000067	126.352050	3.6
366	3293.430268	0.000000	0.000067	125.485253	3.5
367	3469.972618	0.000000	0.000067	112.093161	3.5
368	3224.509460	0.000000	0.000067	141.574383	3.5
369	3174.400344	0.000000	0.000067	110.609719	4.0
370	3285.490291	0.000000	0.000067	123.018492	4.7
371	3064.802570	0.000000	0.000067	103.899116	4.4
372	3451.211196	0.000000	0.000067	112.607516	5.5
373	3116.077524	0.000000	0.000067	125.638870	5.0
374	3511.810206	0.000000	0.000067	128.506091	4.9
375	3110.544670	0.000000	0.000067	134.926019	5.3
376	3241.416173	0.000000	0.000067	171.220366	3.8
377	3284.063042	0.000423	0.000067	113.671771	3.6
378	3400.893574	0.000000	0.000067	148.861777	3.6
379	3496.855713	0.000000	0.000067	102.061019	3.1
380	3183.166506	0.000000	0.000067	149.806635	3.2
381	3037.253102	0.000000	0.000067	127.430024	4.5
382	3332.066379	0.000000	0.000067	117.249888	2.7
383	3408.712069	0.000000	0.000067	105.425716	2.6
384	3106.256713	0.000000	0.000067	105.508150	2.7
385	3070.742092	0.000000	0.000067	131.851413	16.3
386	3233.736204	0.000000	0.000067	107.213289	3.9
387	3347.738835	0.000000	0.000067	122.474956	5.3
388	3126.874905	0.000000	0.000067	123.669594	6.0
389	3375.105134	0.000000	0.000067	119.980178	5.2
390	3241.433396	0.000000	0.000067	146.670036	5.0
391	3122.815098	0.000000	0.000067	127.542687	4.2
392	3251.731487	0.000000	0.000067	99.379859	5.1
393	3255.942171	0.000000	0.000067	103.530697	3.2
394	3288.743644	0.000000	0.000067	167.307213	3.2
395	3406.972853	0.000000	0.000067	150.549652	3.2
396	3161.899283	0.000000	0.000067	124.755896	2.8
397	3045.178086	0.000000	0.000067	149.768238	4.3
398	3192.657169	0.000000	0.000067	101.406004	4.9
399	3306.220105	0.000000	0.000067	98.335705	4.5
400	3359.438263	0.000000	0.000067	127.466484	4.9
401	3382.244061	0.000000	0.000067	102.782434	4.8
402	3220.081286	0.000000	0.000067	112.846694	5.0
403	3347.302455	0.000000	0.000067	117.321483	5.8
404	3312.985475	0.000000	0.000067	112.490040	4.6
405	3313.798565	0.000000	0.000067	112.625851	5.3
406	3299.633028	0.000000	0.000067	97.611978	7.0
407	3455.856756	0.000000	0.000067	109.567009	3.6
408	3194.247280	0.000000	0.000067	132.601130	4.1
409	3476.097892	0.000000	0.000067	177.206409	3.7
410	3062.148638	0.000000	0.000067	118.096962	3.8
411	3320.943045	0.000000	0.000067	137.543014	3.6
412	2994.345251	0.000000	0.000067	129.322161	3.4
413	3150.231910	0.000000	0.000067	109.936118	3.4
414	3189.051028	0.000000	0.000067	118.027694	6.6
415	3309.455428	0.000000	0.000067	110.432275	3.9
416	3347.210111	0.000000	0.000067	114.853275	3.9
417	3144.610492	0.000000	0.000067	97.943339	4.0
418	3390.116049	0.000000	0.000067	104.903865	4.9
419	3256.197012	0.000000	0.000067	147.568120	4.7
420	3127.068777	0.000000	0.000067	105.604497	4.0
421	3065.723905	0.000000	0.000067	99.187044	3.3
422	3145.673913	0.000000	0.000067	93.381075	7.4
423	3251.693376	0.000000	0.000067	105.517284	4.7
424	3089.549126	0.000000	0.000067	97.677398	3.0
425	3243.019262	0.000000	0.000067	104.317445	3.5
426	3001.843196	0.000000	0.000067	85.447960	4.6
427	3300.246249	0.000000	0.000067	116.204472	4.9
428	3042.838411	0.000000	0.000067	104.410657	4.7
429	3258.782489	0.000000	0.000067	111.410734	4.9
430	3195.552925	0.000000	0.000067	128.716532	5.1
431	3205.182641	0.000000	0.000067	93.929637	4.6
432	3296.529993	0.000000	0.000067	125.484944	4.1
433	3340.674835	0.000000	0.000067	109.239910	6.2
434	3130.489574	0.000000	0.000067	117.012889	4.9
435	3231.541756	0.000000	0.000067	118.375927	4.2
436	3177.432937	0.000000	0.000067	108.065698	3.6
437	3368.624727	0.000000	0.000067	116.512067	4.3
438	3190.222650	0.000000	0.000067	144.639841	3.2
439	3288.246721	0.000000	0.000067	126.878789	3.2
440	3026.881140	0.000000	0.000067	133.112719	3.3
441	3188.801205	0.000000	0.000067	92.136219	5.0
442	3197.154329	0.000000	0.000067	114.982798	4.1
443	3381.452077	0.000000	0.000067	127.447990	4.4
444	3267.060811	0.000000	0.000067	133.626897	5.5
445	3386.193445	0.000000	0.000067	138.379342	5.5
446	3171.416306	0.000000	0.000067	109.244436	5.2
447	3068.824934	0.000000	0.000067	113.870818	5.1
448	3283.017566	0.000000	0.000067	137.037787	4.5
449	3094.966995	0.000000	0.000067	105.207352	3.9
450	3344.202127	0.000000	0.000067	119.428209	5.6
451	3290.249061	0.000000	0.000067	98.252809	4.8
452	3346.534514	0.000000	0.000067	113.052551	3.6
453	3353.471769	0.000000	0.000067	101.144461	4.3
454	3164.332650	0.000000	0.000067	90.560532	4.9
455	3138.849951	0.000000	0.000067	126.155681	3.1
456	3181.522890	0.000000	0.000067	102.006444	4.8
457	3299.169297	0.000000	0.000067	105.149009	5.1
458	3219.241202	0.000000	0.000067	100.061392	3.7
459	3284.447041	0.000000	0.000067	106.190799	3.7
460	3133.306288	0.000000	0.000067	93.777676	3.8
461	3099.776859	0.000000	0.000067	106.126636	6.1
462	3198.158149	0.000000	0.000067	115.365935	4.7
463	3362.158676	0.000000	0.000067	124.546407	5.5
464	3041.844074	0.000000	0.000067	132.622428	6.3
465	3219.562881	0.000000	0.000067	128.798112	4.9
466	3026.105273	0.000000	0.000067	116.333868	6.3
467	3412.208843	0.000000	0.000067	128.107232	4.8
468	3026.037292	0.000000	0.000067	94.028023	4.4
469	3272.622192	0.000000	0.000067	95.526485	4.4
470	3414.536431	0.000000	0.000067	127.991116	4.0
471	3002.840693	0.000000	0.000067	111.559939	3.5
472	3143.696188	0.000000	0.000067	104.880715	5.0
473	3180.961609	0.000000	0.000067	97.022249	5.0
474	3096.297654	0.000000	0.000067	107.391770	5.0
475	3295.562648	0.000000	0.000067	100.704111	4.3
476	3158.397490	0.000000	0.000067	100.623852	5.4
477	3210.506982	0.000000	0.000067	141.905566	5.2
478	3443.420861	0.000000	0.000067	113.759216	5.1
479	3371.728259	0.000000	0.000067	124.690097	6.3
480	3258.786570	0.000000	0.000067	107.242878	4.7
481	3099.366856	0.000000	0.000067	108.384639	3.9
482	3266.111475	0.000000	0.000067	114.921980	4.8
483	3064.049552	0.000000	0.000067	101.000125	3.6
484	3057.313750	0.000000	0.000067	127.840849	3.6
485	3175.003833	0.000000	0.000067	97.700714	3.8
486	3114.106161	0.000000	0.000067	128.718001	3.6
487	3458.017723	0.000000	0.000067	105.452925	3.7
488	3073.641124	0.000000	0.000067	146.856035	3.7
489	3238.559511	0.000000	0.000067	108.788241	3.6
490	3450.048660	0.000000	0.000067	138.460167	6.2
491	3139.894010	0.000000	0.000067	163.838830	2.9
492	3289.394781	0.000000	0.000067	157.118299	3.0
493	3205.401292	0.000000	0.000067	101.270043	6.2
494	2925.397335	0.000000	0.000067	83.666852	2.9
495	3185.738351	0.000000	0.000067	98.271288	3.4
496	3065.361268	0.000000	0.000067	135.009502	3.1
497	2962.024184	0.000000	0.000067	128.252362	5.5
498	3140.960506	0.000499	0.000067	131.715664	3.1
499	3183.266502	0.000721	0.000067	108.919682	3.7
500	2992.489379	0.000000	0.000067	127.381233	3.4
501	3165.551246	0.000000	0.000067	85.511476	3.7
502	3148.055716	0.000000	0.000067	101.516429	2.9
503	3291.402754	0.000000	0.000067	119.132077	2.9
504	3137.064583	0.000000	0.000067	107.258064	5.1
505	3104.687786	0.000000	0.000067	97.556117	3.2
506	3252.645689	0.000000	0.000067	101.263974	4.6
507	3380.026401	0.000000	0.000067	120.681664	3.0
508	3081.288646	0.000000	0.000067	130.415108	2.9
509	3096.698218	0.000000	0.000067	212.623429	3.1
510	3141.963311	0.000000	0.000067	116.748999	3.2
511	3223.619124	0.000000	0.000067	110.394198	3.1
512	3245.742562	0.000000	0.000067	131.844667	4.1
513	2966.822709	0.000000	0.000067	117.903507	4.6
514	3133.803071	0.000000	0.000067	98.153861	4.9
515	3237.802585	0.000000	0.000067	196.439930	3.0
516	3182.006035	0.000000	0.000067	127.048678	2.8
517	3099.517005	0.000000	0.000067	114.962373	2.6
518	3043.186641	0.000000	0.000067	113.117724	2.9
519	3164.829855	0.000000	0.000067	118.603989	7.8
520	3161.282077	0.000000	0.000067	159.223882	4.9
521	3185.239377	0.000000	0.000067	198.138446	5.0
522	3143.921515	0.000000	0.000067	93.935559	5.8
523	3035.988493	0.000000	0.000067	104.466355	4.7
524	3348.833532	0.000000	0.000067	116.225927	4.4
525	2995.212118	0.000000	0.000067	102.934037	3.0
526	3036.415581	0.000000	0.000067	116.872174	3.6
527	3150.984209	0.000000	0.000067	100.146208	3.2
528	3213.744338	0.000000	0.000067	145.363972	3.2
529	3185.577461	0.000000	0.000067	125.829745	5.6
530	3070.537674	0.000293	0.000067	95.051136	4.9
531	3377.167428	0.000000	0.000067	110.054547	4.9
532	3226.730833	0.000000	0.000067	127.872118	3.5
533	3026.161515	0.000000	0.000067	101.029723	3.5
534	3025.747609	0.000000	0.000067	83.613542	4.1
535	2894.396131	0.000000	0.000067	94.000685	2.9
536	3048.171784	0.000000	0.000067	81.474954	4.0
537	3179.053474	0.000000	0.000067	124.056580	4.1
538	3029.763249	0.000000	0.000067	123.454877	6.0
539	3287.610416	0.000000	0.000067	161.237626	5.7
540	3287.520038	0.000000	0.000067	99.804120	3.8
541	3107.531810	0.000000	0.000067	119.496155	2.8
542	3256.014836	0.000000	0.000067	90.310140	2.7
543	3047.123842	0.000000	0.000067	102.004149	2.8
544	3302.618285	0.000000	0.000067	131.391415	2.4
545	2933.918047	0.000000	0.000067	147.239937	4.9
546	2886.745648	0.000000	0.000067	111.887965	4.6
547	3078.119968	0.000000	0.000067	133.864517	4.8
548	3102.987296	0.000000	0.000067	113.698336	4.8
549	2992.029647	0.000000	0.000067	91.837997	4.6
550	3202.385973	0.000000	0.000067	136.636181	4.8
551	3060.570668	0.000000	0.000067	149.452937	3.9
552	3135.992537	0.000000	0.000067	121.113724	4.0
553	3048.694886	0.000000	0.000067	119.152949	3.5
554	3529.396137	0.000000	0.000067	208.002301	4.2
555	2924.378875	0.000000	0.000067	124.082102	4.9
556	3076.589807	0.001501	0.000067	129.651621	2.6
557	3138.019614	0.000000	0.000067	113.053313	2.6
558	3151.310007	0.000000	0.000067	79.767117	5.9
559	3182.205861	0.000000	0.000067	148.503441	3.3
560	3020.468191	0.000000	0.000067	120.286723	4.9
561	2811.483598	0.000000	0.000067	109.609636	4.7
562	3357.802079	0.000000	0.000067	104.265870	4.9
563	3428.553569	0.000000	0.000067	117.367871	5.0
564	3048.224733	0.000000	0.000067	95.331616	4.7
565	2922.496115	0.000000	0.000067	106.387195	4.6
566	3162.322279	0.000000	0.000067	104.677940	4.4
567	3063.845921	0.000000	0.000067	96.139378	3.4
568	3106.238069	0.000000	0.000067	137.998864	3.3
569	2980.949321	0.000000	0.000067	81.815031	3.4
570	3041.369323	0.000000	0.000067	89.349532	2.9
571	3279.142280	0.000000	0.000067	132.452240	6.6
572	3116.133602	0.000000	0.000067	122.736304	5.1
573	3179.102814	0.000000	0.000067	135.160906	5.9
574	3220.490789	0.000000	0.000067	106.307217	5.2
575	3342.802798	0.000000	0.000067	132.432090	3.8
576	2913.752648	0.000000	0.000067	190.304434	5.2
577	3244.999937	0.001738	0.000067	105.908222	4.5
578	3123.914215	0.000266	0.000067	135.602636	3.9
579	3127.348925	0.000000	0.000067	91.128389	4.0
580	3179.253990	0.000000	0.000067	128.273101	4.5
581	3075.907967	0.000000	0.000067	99.367053	2.9
582	2969.000948	0.000000	0.000067	80.136249	2.9
583	3257.330747	0.000000	0.000067	128.367046	3.1
584	3201.793960	0.000000	0.000067	123.879248	3.1
585	3203.370681	0.000000	0.000067	149.108711	4.6
586	3332.801913	0.000451	0.000067	110.943687	3.9
587	2918.578397	0.000000	0.000067	146.246106	4.9
588	3133.513755	0.000000	0.000067	111.483794	3.7
589	2941.207382	0.000000	0.000067	98.544157	2.5
590	3213.658415	0.000000	0.000067	106.499488	3.5
591	3511.397834	0.000000	0.000067	114.754929	4.3
592	3010.098968	0.000000	0.000067	96.157041	3.8
593	3139.705748	0.000000	0.000067	103.485588	3.7
594	2829.637184	0.000000	0.000067	126.677436	3.3
595	3161.872408	0.000000	0.000067	136.818291	3.1
596	2989.308689	0.000000	0.000067	93.651389	3.6
597	3098.233169	0.000000	0.000067	133.248841	4.8
598	3229.178221	0.000000	0.000067	99.935315	3.0
599	3038.377097	0.000000	0.000067	90.224928	4.7
600	3076.710188	0.000000	0.000067	125.889098	4.4
601	2997.188484	0.000000	0.000067	122.471861	4.4
602	3185.144750	0.000000	0.000067	128.976733	4.0
603	3218.755723	0.000000	0.000067	109.273681	4.0
604	3095.056356	0.000000	0.000067	146.686896	3.8
605	3331.252977	0.000000	0.000067	108.820275	3.2
606	3146.506145	0.000000	0.000067	104.658101	4.5
607	3196.504233	0.000000	0.000067	114.751151	4.6
608	3148.380769	0.000000	0.000067	97.702758	4.7
609	2937.480962	0.000000	0.000067	88.925736	3.9
610	3200.035849	0.000000	0.000067	93.487378	3.5
611	3367.317050	0.000000	0.000067	139.328150	3.5
612	3353.212560	0.000000	0.000067	107.520484	3.1
613	3201.788473	0.000000	0.000067	129.469722	5.0
614	3208.432007	0.000000	0.000067	99.903219	3.1
615	3285.336323	0.000000	0.000067	96.040262	3.8
616	3020.429528	0.000000	0.000067	139.250858	3.8
617	3158.284063	0.000000	0.000067	95.940741	4.8
618	3150.819064	0.000000	0.000067	101.772641	3.4
619	3172.747247	0.000000	0.000067	91.353784	3.0
620	3118.960159	0.000000	0.000067	118.452783	3.4
621	3150.252918	0.000000	0.000067	140.707094	3.5
622	3102.404847	0.000255	0.000067	84.128814	3.4
623	3338.396663	0.000000	0.000067	153.637728	2.8
624	3297.125006	0.000000	0.000067	123.619613	3.8
625	2968.790197	0.000000	0.000067	84.724748	4.2
626	3090.222544	0.000000	0.000067	87.885600	3.1
627	3106.708503	0.000000	0.000067	156.041201	4.8
628	3241.375741	0.000000	0.000067	181.631489	4.6
629	3121.269339	0.001903	0.000067	94.527564	4.3
630	3224.619575	0.001066	0.000067	120.128801	4.2
631	3002.843060	0.000000	0.000067	122.673796	3.5
632	3003.769453	0.000000	0.000067	120.856423	3.5
633	3116.839621	0.000153	0.000067	92.981667	5.7
634	3239.282532	0.000000	0.000067	101.053958	4.2
635	2884.038169	0.000000	0.000067	89.904538	4.7
636	3121.516788	0.000000	0.000067	106.444397	5.0
637	3040.349160	0.000000	0.000067	167.814686	5.1
638	2997.531640	0.000000	0.000067	99.750141	4.7
639	3143.830298	0.000000	0.000067	99.805805	2.8
640	3030.886486	0.000000	0.000067	98.454844	3.0
641	3023.558786	0.000000	0.000067	89.021526	3.2
642	3225.423282	0.000000	0.000067	156.604382	3.3
643	2949.492214	0.000000	0.000067	91.270292	7.9
644	3001.151209	0.000000	0.000067	94.439092	3.4
645	3164.771653	0.000000	0.000067	86.154169	3.2
646	2924.230150	0.000000	0.000067	106.223206	6.0
647	2896.409952	0.000000	0.000067	106.351503	3.8
648	3020.140426	0.000000	0.000067	115.661525	3.7
649	3205.712419	0.000000	0.000067	107.135454	4.6
650	2842.157235	0.000000	0.000067	106.092849	3.7
651	3382.796776	0.000000	0.000067	100.433042	3.6
652	3066.031672	0.000000	0.000067	135.949376	3.1
653	3180.492682	0.000000	0.000067	119.844308	5.5
654	3265.183593	0.000000	0.000067	115.058267	4.8
655	3173.889729	0.000000	0.000067	90.973023	2.9
656	2907.825914	0.000000	0.000067	117.225762	2.9
657	2955.430002	0.000000	0.000067	87.055979	4.2
658	3258.864387	0.000000	0.000067	98.723542	5.5
659	3277.533895	0.000000	0.000067	117.013871	5.0
660	2829.729302	0.000000	0.000067	127.749369	5.8
661	3187.415710	0.000000	0.000067	97.714149	5.3
662	3128.220574	0.000000	0.000067	100.245119	4.1
663	3106.311586	0.000000	0.000067	134.186780	5.0
664	3084.373886	0.000000	0.000067	111.689159	3.1
665	3076.144266	0.000000	0.000067	139.883266	2.6
666	3034.823575	0.000000	0.000067	108.008731	3.8
667	2942.035738	0.000369	0.000067	90.434421	4.3
668	3217.255386	0.000000	0.000067	109.304091	3.2
669	3053.134958	0.000000	0.000067	93.040678	4.7
670	3057.957215	0.000000	0.000067	89.532237	4.6
671	2837.224444	0.000000	0.000067	97.446137	4.6
672	3137.558717	0.000000	0.000067	84.555977	5.4
673	2947.336187	0.000000	0.000067	88.012211	5.1
674	3225.179920	0.000000	0.000067	127.873171	4.8
675	3182.148582	0.000000	0.000067	105.058905	3.8
676	3055.815017	0.000000	0.000067	83.556906	6.3
677	3145.628085	0.000000	0.000067	103.245315	5.7
678	3053.479979	0.000000	0.000067	109.071231	4.6
679	3007.645474	0.000000	0.000067	96.968438	9.0
680	3174.057702	0.000000	0.000067	78.115062	4.6
681	3071.252669	0.000000	0.000067	95.068359	5.2
682	3370.635214	0.000000	0.000067	90.480954	4.9
683	2853.044292	0.000000	0.000067	84.138438	3.2
684	3033.343680	0.000000	0.000067	107.850753	3.8
685	3003.515053	0.000000	0.000067	101.175994	3.9
686	3048.131453	0.000000	0.000067	131.539209	7.3
687	2985.070033	0.000000	0.000067	114.943042	2.9
688	3067.078037	0.000386	0.000067	144.911003	6.4
689	3186.495510	0.001036	0.000067	87.183252	3.7
690	3253.161113	0.000000	0.000067	94.995717	3.5
691	3175.753515	0.000000	0.000067	94.077782	4.7
692	3028.957550	0.000000	0.000067	88.181943	4.7
693	3164.370695	0.000000	0.000067	100.476515	3.6
694	2953.104632	0.000000	0.000067	103.882559	3.5
695	2901.450481	0.000000	0.000067	80.515481	5.1
696	2955.360200	0.000000	0.000067	124.112758	2.9
697	2958.551226	0.000000	0.000067	125.327150	3.0
698	2872.505570	0.000000	0.000067	109.391372	2.9
699	2991.663858	0.000551	0.000067	122.263229	3.0
700	3180.986084	0.000000	0.000067	145.848333	5.3
701	3138.494452	0.000015	0.000067	114.281397	4.0
702	3193.296550	0.000000	0.000067	93.895711	3.6
703	3248.482351	0.000000	0.000067	132.871765	3.6
704	2986.232748	0.000000	0.000067	103.562838	3.4
705	2800.444357	0.000000	0.000067	125.872799	3.5
706	3191.914333	0.000000	0.000067	96.410304	6.2
707	3154.089235	0.000000	0.000067	85.805883	3.9
708	2947.926132	0.000000	0.000067	88.637874	3.4
709	3192.906410	0.000000	0.000067	100.535715	3.8
710	2994.925020	0.000000	0.000067	114.984757	5.0
711	2924.976989	0.000000	0.000067	113.923241	3.9
712	2919.460957	0.000000	0.000067	99.017248	3.8
713	3001.608769	0.000000	0.000067	124.041698	3.7
714	3432.669302	0.000000	0.000067	114.362076	3.3
715	3170.668585	0.000000	0.000067	165.537724	4.9
716	2941.917656	0.000400	0.000067	87.259243	4.4
717	3153.393063	0.000000	0.000067	175.258905	4.2
718	3073.864219	0.000000	0.000067	118.685239	3.7
719	3057.482235	0.000808	0.000067	103.366640	4.2
720	2883.648481	0.000000	0.000067	94.704140	3.7
721	2874.475626	0.000000	0.000067	105.056967	3.3
722	2996.921205	0.000000	0.000067	100.719900	7.7
723	3140.942951	0.000000	0.000067	98.522000	3.3
724	3053.258620	0.000000	0.000067	102.234728	3.4
725	3157.519946	0.000000	0.000067	91.541338	5.2
726	3181.976015	0.000000	0.000067	100.313892	4.1
727	2984.358417	0.000000	0.000067	129.734797	4.2
728	3096.047800	0.000000	0.000067	149.118223	4.4
729	3117.128618	0.000000	0.000067	86.997337	5.2
730	3115.762045	0.000000	0.000067	101.879601	5.2
731	3142.669402	0.000000	0.000067	105.544057	6.4
732	2994.881550	0.000000	0.000067	118.535338	3.6
733	3241.374464	0.000000	0.000067	101.821749	3.4
734	3153.883938	0.000000	0.000067	105.123455	4.0
735	3008.803735	0.000000	0.000067	114.202516	2.9
736	2871.819340	0.000000	0.000067	108.828351	2.8
737	2995.333526	0.000004	0.000067	112.473765	4.7
738	3201.078234	0.000000	0.000067	87.442318	2.9
739	2918.990001	0.000000	0.000067	87.610171	3.1
740	2917.717822	0.000000	0.000067	106.737669	4.8
741	3108.447098	0.000000	0.000067	98.410210	3.0
742	2994.600283	0.000000	0.000067	102.875044	3.3
743	3053.967535	0.000000	0.000067	93.462813	2.7
744	3216.956827	0.000000	0.000067	93.087076	4.3
745	3187.640179	0.000000	0.000067	98.064493	4.7
746	3150.892460	0.000000	0.000067	97.534666	3.1
747	3047.531731	0.000000	0.000067	114.860210	2.8
748	3126.890304	0.000000	0.000067	92.547108	3.0
749	3059.074568	0.000000	0.000067	118.659076	3.4
750	3055.817870	0.000000	0.000067	108.128807	3.0
751	3038.125321	0.000000	0.000067	118.157106	2.9
752	3035.834065	0.000000	0.000067	100.088770	4.8
753	3123.994981	0.000000	0.000067	119.885687	2.9
754	3150.161149	0.000000	0.000067	96.884437	3.0
755	2850.068636	0.000000	0.000067	97.942856	3.3
756	2941.763902	0.000000	0.000067	96.364001	3.5
757	3055.542014	0.000000	0.000067	104.649547	3.2
758	2908.838657	0.000000	0.000067	118.651780	3.2
759	2983.084045	0.000000	0.000067	80.218054	3.2
760	2812.166408	0.000000	0.000067	81.662179	3.0
761	3123.724209	0.000000	0.000067	134.565659	2.6
762	2852.671323	0.000000	0.000067	106.833243	2.4
763	3125.385932	0.000000	0.000067	95.542933	2.6
764	2975.702309	0.000000	0.000067	81.986714	2.6
765	2807.019082	0.000000	0.000067	128.023067	2.3
766	3203.717032	0.000000	0.000067	106.719730	2.3
767	3034.635893	0.000000	0.000067	138.493090	2.4
768	3217.796133	0.000000	0.000067	114.649821	2.3
769	3149.792071	0.000000	0.000067	108.051300	2.1
770	2870.210809	0.000000	0.000067	102.007496	2.1
771	3012.491244	0.000000	0.000067	127.596071	2.2
772	2956.655773	0.000141	0.000067	109.628879	2.2
773	2980.330611	0.000000	0.000067	81.011986	2.1
774	2982.878841	0.000000	0.000067	104.607993	3.0
775	3031.924372	0.000000	0.000067	88.648582	2.5
776	2988.632195	0.000000	0.000067	83.507447	4.2
777	3076.535510	0.000000	0.000067	97.027377	2.2
778	3027.300936	0.000000	0.000067	103.203228	2.3
779	2843.613613	0.000000	0.000067	83.779034	2.3
780	3182.115663	0.000000	0.000067	118.569322	3.6
781	2894.321463	0.000000	0.000067	138.130767	4.8
782	2800.855292	0.000835	0.000067	131.939385	4.9
783	3076.060894	0.000000	0.000067	79.655501	5.6
784	2797.762415	0.000000	0.000067	111.858944	3.6
785	2931.395080	0.000000	0.000067	94.770482	3.5
786	2876.330875	0.000000	0.000067	101.384215	3.4
787	3093.797932	0.000000	0.000067	100.766617	3.4
788	3086.388051	0.000000	0.000067	85.585440	3.8
789	3018.474143	0.000000	0.000067	102.959977	2.4
790	2946.156457	0.000000	0.000067	87.703081	5.3
791	3210.463368	0.000000	0.000067	103.348256	4.2
792	3098.985121	0.000000	0.000067	84.112567	2.6
793	3011.321449	0.000000	0.000067	98.279664	3.2
794	3007.010437	0.000000	0.000067	87.848965	2.8
795	2912.745847	0.000000	0.000067	105.161804	3.5
796	3026.310227	0.000000	0.000067	175.280178	4.2
797	2986.940745	0.000000	0.000067	91.307005	3.7
798	3035.351662	0.000000	0.000067	72.777110	3.4
799	2906.497411	0.000000	0.000067	93.165831	3.9
800	3017.446059	0.000000	0.000067	85.671296	3.5
801	2895.711971	0.000000	0.000067	124.466512	4.5
802	2903.895875	0.000000	0.000067	100.609966	4.7
803	2867.582935	0.000000	0.000067	75.620852	4.8
804	3164.732328	0.000000	0.000067	91.080684	4.7
805	3012.997160	0.000000	0.000067	98.391593	4.8
806	2961.642276	0.000000	0.000067	174.057769	3.7
807	3057.070878	0.000000	0.000067	142.569481	4.5
808	2889.444889	0.000000	0.000067	111.831931	4.0
809	3102.603558	0.000391	0.000067	108.753945	3.3
810	3307.554267	0.000000	0.000067	107.845451	2.9
811	3124.707940	0.000000	0.000067	118.732770	3.0
812	3226.515646	0.000000	0.000067	123.998767	4.8
813	3069.662701	0.000000	0.000067	86.230534	3.0
814	2968.712336	0.000000	0.000067	109.321782	3.9
815	2976.009172	0.000000	0.000067	89.860693	2.6
816	3120.231075	0.000000	0.000067	116.731174	2.6
817	3135.975822	0.000000	0.000067	91.196273	2.7
818	2859.924862	0.000000	0.000067	152.790435	2.8
819	3056.897633	0.000000	0.000067	125.136849	2.7
820	3130.514711	0.000000	0.000067	171.415791	2.7
821	3022.590466	0.001439	0.000067	121.825482	2.2
822	2933.300969	0.002691	0.000067	90.398332	2.1
823	2955.932923	0.002300	0.000067	126.608210	2.1
824	3024.214196	0.001532	0.000067	82.694937	5.4
825	3075.774148	0.000000	0.000067	97.234049	2.4
826	3090.730947	0.000000	0.000067	94.411638	2.4
827	2960.064632	0.000000	0.000067	103.391376	2.1
828	2850.270709	0.000000	0.000067	108.432338	4.5
829	2951.036824	0.000000	0.000067	94.934741	7.2
830	3006.279593	0.000000	0.000067	153.041596	2.9
831	3132.464553	0.000000	0.000067	83.074498	4.5
832	2971.319337	0.000000	0.000067	84.003168	3.0
833	2736.448055	0.000000	0.000067	101.728698	3.5
834	3037.334069	0.000000	0.000067	154.095961	3.5
835	2932.460722	0.000617	0.000067	133.346250	3.4
836	2850.609190	0.000000	0.000067	104.647754	3.0
837	3095.925373	0.000726	0.000067	113.474563	2.9
838	3029.045667	0.000000	0.000067	83.428685	6.4
839	2905.255900	0.000000	0.000067	80.240832	3.4
840	2988.312165	0.000000	0.000067	84.834327	3.2
841	2996.256877	0.000000	0.000067	101.324172	5.3
842	3037.205397	0.000000	0.000067	101.634740	3.8
843	3116.749202	0.000000	0.000067	127.215991	2.6
844	2937.371493	0.000000	0.000067	78.978538	5.3
845	3036.202482	0.000000	0.000067	99.070390	3.5
846	3153.727349	0.000000	0.000067	107.411835	3.1
847	3062.543157	0.000000	0.000067	78.438428	2.9
848	3028.083916	0.000000	0.000067	95.042778	4.4
849	2774.427026	0.000000	0.000067	81.005066	4.0
850	3056.397170	0.000000	0.000067	84.205494	3.6
851	3059.222219	0.000000	0.000067	99.265422	3.2
852	2674.425872	0.000000	0.000067	71.513295	5.6
853	2879.028309	0.000000	0.000067	118.263985	3.9
854	2739.310458	0.000000	0.000067	85.911809	4.1
855	2864.410699	0.000000	0.000067	93.284837	4.0
856	2740.109196	0.000000	0.000067	97.921785	3.2
857	3133.750073	0.000000	0.000067	82.444116	3.0
858	3056.952808	0.000000	0.000067	82.299004	3.2
859	2774.552679	0.000000	0.000067	81.830358	3.7
860	3029.068760	0.000000	0.000067	86.362101	5.5
861	2850.733404	0.000000	0.000067	133.633144	4.8
862	3037.230102	0.000000	0.000067	101.971959	5.4
863	2779.560300	0.000000	0.000067	79.168783	4.1
864	3131.958003	0.000000	0.000067	106.155702	4.0
865	2904.473521	0.000000	0.000067	82.564195	4.8
866	3041.436610	0.000000	0.000067	122.711264	4.7
867	2887.981188	0.000000	0.000067	92.204759	4.0
868	3107.390494	0.000000	0.000067	171.855985	5.1
869	2988.696069	0.000000	0.000067	73.958837	4.6
870	3238.507168	0.000000	0.000067	121.396494	4.0
871	2915.925843	0.000000	0.000067	100.084247	4.7
872	3052.709713	0.000000	0.000067	89.491631	2.6
873	3117.681685	0.000000	0.000067	94.882553	2.5
874	2964.914891	0.000000	0.000067	115.357955	2.8
875	2862.533382	0.000000	0.000067	90.924831	3.8
876	3085.834128	0.000000	0.000067	90.063269	2.8
877	3043.890871	0.000000	0.000067	95.518324	2.7
878	2917.928276	0.000000	0.000067	85.377883	2.7
879	3003.646919	0.000000	0.000067	113.778229	7.3
880	2919.883200	0.000000	0.000067	87.920977	2.8
881	3052.319258	0.000000	0.000067	93.966565	2.6
882	2837.630624	0.000000	0.000067	122.690838	2.1
883	3106.333618	0.000000	0.000067	88.063390	5.1
884	2881.602322	0.000000	0.000067	95.435207	3.1
885	2835.573533	0.000000	0.000067	100.584557	2.4
886	2788.435090	0.000000	0.000067	124.506548	2.3
887	2848.548287	0.000252	0.000067	94.277271	2.2
888	3036.982605	0.000000	0.000067	79.497893	2.3
889	2902.717251	0.000000	0.000067	82.312434	2.2
890	2981.840923	0.000000	0.000067	81.063447	2.3
891	2833.872662	0.000000	0.000067	128.161406	2.3
892	2993.481233	0.000000	0.000067	87.801741	4.6
893	3038.755789	0.000000	0.000067	100.821872	4.1
894	2933.107985	0.000000	0.000067	96.090001	3.3
895	2879.984601	0.000000	0.000067	107.785150	4.1
896	3082.576123	0.000000	0.000067	86.705153	6.5
897	2867.189871	0.000000	0.000067	83.555392	5.2
898	2865.138741	0.000000	0.000067	77.560026	3.9
899	3049.950180	0.000000	0.000067	86.165494	4.3
900	2936.585385	0.000000	0.000067	94.118679	4.1
901	3129.544012	0.000000	0.000067	126.916602	3.9
902	2982.336716	0.000000	0.000067	91.071432	3.1
903	2896.525064	0.000000	0.000067	124.534439	3.2
904	3014.382857	0.000000	0.000067	103.843290	3.1
905	2917.431023	0.000000	0.000067	110.235149	5.9
906	2979.638490	0.000000	0.000067	114.689310	2.7
907	2866.575171	0.000000	0.000067	88.127683	3.1
908	2850.047342	0.000000	0.000067	90.766886	3.0
909	3007.960356	0.000000	0.000067	85.214615	4.2
910	2953.515964	0.000000	0.000067	128.496758	4.8
911	2832.175133	0.000000	0.000067	136.199254	5.1
912	2908.186146	0.000000	0.000067	106.037877	4.6
913	3052.360721	0.000334	0.000067	108.919153	5.0
914	3043.835118	0.000000	0.000067	88.882312	4.1
915	2966.366203	0.000000	0.000067	87.136440	3.9
916	2736.555829	0.000000	0.000067	111.890621	3.7
917	3121.826026	0.000000	0.000067	121.076378	2.7
918	3075.064643	0.000454	0.000067	111.215806	2.6
919	2969.452285	0.000000	0.000067	126.105267	3.0
920	2900.071633	0.000000	0.000067	113.244451	4.0
921	2961.178338	0.000000	0.000067	132.877839	2.8
922	2994.448899	0.000304	0.000067	86.836768	2.8
923	2752.738651	0.000000	0.000067	92.635657	2.9
924	3020.445097	0.000000	0.000067	114.460571	2.9
925	2914.511274	0.000000	0.000067	91.328543	3.6
926	2990.837921	0.000000	0.000067	106.755268	3.1
927	2760.464516	0.000000	0.000067	112.528055	3.3
928	3122.206706	0.000000	0.000067	83.915953	3.2
929	2838.011933	0.000000	0.000067	78.256184	3.2
930	2664.097006	0.000000	0.000067	158.150936	4.0
931	2990.007836	0.000000	0.000067	95.763685	4.0
932	2977.339046	0.000000	0.000067	90.784835	3.9
933	2992.327489	0.000000	0.000067	68.954374	5.1
934	2912.935115	0.000000	0.000067	91.710978	5.0
935	2947.514904	0.000000	0.000067	135.522986	5.1
936	3066.263509	0.000000	0.000067	93.447172	4.4
937	2957.822889	0.000000	0.000067	129.658681	4.6
938	2904.427280	0.000000	0.000067	72.465138	4.5
939	3025.982322	0.000000	0.000067	83.422704	3.5
940	3123.305040	0.000000	0.000067	125.586208	3.6
941	2897.466410	0.000000	0.000067	83.114604	3.5
942	3139.464980	0.000000	0.000067	113.506635	4.2
943	3082.001520	0.000000	0.000067	118.037139	3.4
944	3053.731569	0.000000	0.000067	86.716235	3.7
945	2806.876119	0.000000	0.000067	75.939304	3.7
946	2993.991913	0.000000	0.000067	75.755708	5.3
947	3054.757470	0.000000	0.000067	86.033455	2.9
948	2899.285121	0.000000	0.000067	104.321566	5.0
949	3001.015200	0.000000	0.000067	121.869566	5.0
950	2845.190731	0.000000	0.000067	87.343491	5.0
951	2782.267842	0.000000	0.000067	98.410817	4.3
952	3019.334797	0.000000	0.000067	125.696067	4.5
953	3006.223473	0.000295	0.000067	104.387009	5.2
954	2964.296630	0.000000	0.000067	76.562983	4.3
955	2818.514268	0.000000	0.000067	112.218557	4.3
956	2848.353528	0.000000	0.000067	70.325884	3.0
957	2918.465543	0.000000	0.000067	96.485000	3.5
958	2807.947928	0.000000	0.000067	93.678914	4.5
959	2808.896582	0.000000	0.000067	102.308439	2.9
960	2845.448263	0.000000	0.000067	137.270157	2.9
961	2876.949073	0.000000	0.000067	92.267416	6.1
962	2992.111922	0.000000	0.000067	95.346124	5.2
963	2921.150621	0.000000	0.000067	107.482577	5.1
964	2997.553165	0.000000	0.000067	121.583613	4.9
965	3190.265971	0.000082	0.000067	138.680685	4.9
966	3010.983045	0.000000	0.000067	74.215230	4.9
967	3045.103569	0.000000	0.000067	87.969139	3.7
968	2848.565375	0.000000	0.000067	80.767779	4.5
969	3032.824277	0.000000	0.000067	122.200151	3.7
970	2986.698249	0.000000	0.000067	149.057112	5.8
971	3064.239588	0.000000	0.000067	92.331187	3.6
972	2862.813180	0.000000	0.000067	105.460811	3.6
973	2794.816585	0.000000	0.000067	79.929529	3.6
974	2907.324249	0.000000	0.000067	83.194693	3.5
975	2865.430300	0.000000	0.000067	77.995363	3.1
976	2938.233814	0.000000	0.000067	110.908007	3.1
977	3143.076398	0.000000	0.000067	108.879252	3.3
978	3152.293962	0.000000	0.000067	85.698767	3.3
979	2839.551392	0.000000	0.000067	90.085200	3.3
980	2865.459706	0.000000	0.000067	94.748714	3.0
981	3104.751174	0.000000	0.000067	88.956090	3.5
982	2775.409204	0.000000	0.000067	89.685191	4.0
983	2938.724699	0.000000	0.000067	93.087266	3.3
984	3003.783385	0.000000	0.000067	120.301815	3.3
985	2806.618005	0.000000	0.000067	82.389148	5.4
986	2789.162903	0.000000	0.000067	114.479408	3.6
987	2908.097740	0.000000	0.000067	83.070448	3.7
988	2773.545874	0.000000	0.000067	92.356397	3.9
989	3068.514253	0.000000	0.000067	88.529530	3.8
990	3097.249448	0.000000	0.000067	92.878271	5.3
991	2989.788784	0.000000	0.000067	91.473753	3.9
992	3021.743713	0.000000	0.000067	99.123421	3.3
993	2909.202096	0.000000	0.000067	99.016384	3.1
994	2854.837525	0.000000	0.000067	76.358530	3.2
995	2932.593702	0.000000	0.000067	96.430454	3.1
996	2680.416158	0.000000	0.000067	73.286397	3.0
997	3091.484233	0.000000	0.000067	109.655681	5.0
998	2917.552111	0.000000	0.000067	80.829518	4.7
999	3086.354319	0.000000	0.000067	152.287707	4.3
1000	2814.958533	0.000000	0.000067	119.608297	4.4
1001	3092.485315	0.001088	0.000067	106.800109	3.9
1002	3059.702175	0.001093	0.000067	95.207500	4.9
1003	3122.260299	0.000447	0.000067	85.164119	4.6
1004	2922.153602	0.000000	0.000067	77.400669	5.1
1005	2919.982935	0.000000	0.000067	133.166925	5.1
1006	3120.275680	0.000000	0.000067	94.986119	5.5
1007	3153.648949	0.000012	0.000067	83.589271	6.5
1008	2859.920286	0.000000	0.000067	128.863974	4.0
1009	2917.380455	0.000000	0.000067	103.304923	4.2
1010	2951.432012	0.000000	0.000067	89.697744	3.9
1011	2894.596616	0.000000	0.000067	84.300323	3.7
1012	3034.512989	0.000000	0.000067	99.781614	5.5
1013	3100.524995	0.000000	0.000067	88.610618	4.3
1014	2707.834659	0.000000	0.000067	91.989712	5.6
1015	2983.704879	0.000000	0.000067	74.827580	4.8
1016	2749.421670	0.000000	0.000067	81.682177	3.4
1017	2939.601752	0.000000	0.000067	86.697003	3.0
1018	2965.385469	0.000000	0.000067	86.185747	3.0
1019	2853.151677	0.000000	0.000067	73.429325	3.5
1020	2929.168098	0.000000	0.000067	78.750039	3.2
1021	3122.710429	0.000000	0.000067	104.321573	3.2
1022	2808.768502	0.000000	0.000067	92.125436	3.0
1023	2800.520635	0.000000	0.000067	97.114267	6.4
1024	3120.769911	0.000000	0.000067	93.464750	2.9
1025	3053.531101	0.000000	0.000067	114.054246	2.6
1026	2925.808480	0.000000	0.000067	106.977446	4.3
1027	2733.067179	0.000000	0.000067	76.212308	3.6
1028	2923.365456	0.000000	0.000067	102.026763	4.8
1029	2797.492774	0.000000	0.000067	123.241854	4.7
1030	2838.291031	0.000525	0.000067	89.533056	4.5
1031	2902.926078	0.000000	0.000067	71.604858	4.5
1032	2860.410729	0.000000	0.000067	75.789463	4.4
1033	2944.042972	0.000000	0.000067	71.487921	4.0
1034	2979.873566	0.000000	0.000067	77.058595	3.9
1035	2780.804155	0.000000	0.000067	81.134451	4.7
1036	2803.268677	0.000000	0.000067	75.060133	3.5
1037	2941.414666	0.000000	0.000067	89.942787	5.3
1038	2999.398852	0.000000	0.000067	89.898854	3.8
1039	3009.365588	0.000000	0.000067	95.872685	3.7
1040	3081.690997	0.000000	0.000067	108.825377	3.6
1041	2900.911397	0.000000	0.000067	124.190268	3.1
1042	2857.540138	0.000253	0.000067	76.117285	5.3
1043	3019.165225	0.000000	0.000067	84.770876	6.0
1044	3022.142849	0.000000	0.000067	84.550021	3.7
1045	3029.445264	0.000000	0.000067	123.202294	3.9
1046	3132.408989	0.000000	0.000067	86.800823	8.3
1047	3016.006674	0.000000	0.000067	159.487995	3.7
1048	2938.731574	0.000000	0.000067	104.214289	6.0
1049	3150.966904	0.000000	0.000067	99.643592	5.0
1050	2964.866591	0.000000	0.000067	75.783703	3.3
1051	2872.538931	0.000000	0.000067	71.268646	5.1
1052	2882.629019	0.000000	0.000067	85.316083	2.9
1053	2863.267907	0.000000	0.000067	81.857727	5.9
1054	2901.412436	0.000000	0.000067	123.117131	4.9
1055	2858.836405	0.000000	0.000067	80.237352	5.0
1056	2960.233844	0.000000	0.000067	124.330661	4.7
1057	2940.797480	0.000000	0.000067	79.677566	4.8
1058	2822.648459	0.000000	0.000067	114.930183	4.7
1059	2826.237140	0.000000	0.000067	88.623224	5.0
1060	3064.725223	0.000000	0.000067	90.601998	4.2
1061	2685.051421	0.000000	0.000067	110.901064	4.2
1062	2910.243985	0.000000	0.000067	93.634544	4.0
1063	2869.544355	0.000000	0.000067	96.896728	3.9
1064	3035.743594	0.000000	0.000067	138.557468	3.7
1065	2993.898078	0.000706	0.000067	100.695613	4.3
1066	2818.265778	0.000000	0.000067	77.257611	3.8
1067	2748.292884	0.000000	0.000067	74.657753	4.0
1068	3073.198207	0.000000	0.000067	110.748386	4.0
1069	2779.785150	0.000000	0.000067	68.689387	3.4
1070	2818.793793	0.000000	0.000067	145.058930	3.1
1071	3088.367223	0.000000	0.000067	112.085048	3.0
1072	2864.018796	0.001132	0.000067	82.595658	4.6
1073	2879.104004	0.000220	0.000067	80.276077	3.9
1074	2870.500961	0.000000	0.000067	89.288009	4.0
1075	2794.824588	0.000000	0.000067	78.723623	5.0
1076	2896.219662	0.000000	0.000067	73.022296	7.0
1077	2955.388227	0.000000	0.000067	75.727368	3.7
1078	3106.027833	0.000000	0.000067	116.566730	3.7
1079	2846.427228	0.000000	0.000067	73.965720	3.8
1080	2985.753993	0.000000	0.000067	119.194994	3.7
1081	2933.893638	0.000000	0.000067	108.393845	3.7
1082	2895.177917	0.000127	0.000067	124.613133	5.1
1083	2820.567056	0.000000	0.000067	87.925111	3.1
1084	3040.898547	0.000000	0.000067	86.360723	3.4
1085	2900.194352	0.000000	0.000067	102.358077	3.2
1086	2922.165040	0.000000	0.000067	100.493789	3.2
1087	2958.872932	0.000024	0.000067	79.964520	3.1
1088	2967.777211	0.000000	0.000067	94.377733	2.9
1089	2860.400190	0.000000	0.000067	80.992768	3.0
1090	3017.135860	0.000000	0.000067	76.442195	2.9
1091	2891.085506	0.000000	0.000067	64.311121	2.5
1092	2816.923659	0.000000	0.000067	84.562517	4.5
1093	2865.271087	0.000000	0.000067	69.055335	4.0
1094	2880.819323	0.000000	0.000067	80.086929	4.2
1095	2986.503874	0.000000	0.000067	87.798554	2.5
1096	3064.057750	0.000000	0.000067	80.935192	5.3
1097	3019.088457	0.000000	0.000067	94.662638	4.8
1098	2763.743550	0.000000	0.000067	79.391030	3.7
1099	2917.255412	0.000000	0.000067	88.534267	4.2
1100	2928.392853	0.000000	0.000067	111.322836	4.3
1101	3015.689127	0.000000	0.000067	101.753021	4.3
1102	2743.602651	0.000041	0.000067	74.873961	4.5
1103	2749.056979	0.000000	0.000067	78.110026	4.8
1104	3237.842227	0.000000	0.000067	94.746619	4.8
1105	3178.124993	0.000000	0.000067	102.420185	3.8
1106	2793.951731	0.000000	0.000067	106.137283	4.5
1107	2730.048131	0.000000	0.000067	78.706160	5.8
1108	3043.465949	0.000000	0.000067	81.671978	3.6
1109	2892.401038	0.000000	0.000067	93.593497	3.0
1110	2904.556379	0.000000	0.000067	82.178001	3.4
1111	2865.524617	0.000000	0.000067	142.143482	6.0
1112	2949.169500	0.000000	0.000067	112.827929	4.5
1113	2829.380682	0.000000	0.000067	115.240588	4.5
1114	3032.036372	0.000000	0.000067	73.095725	6.4
1115	2855.825928	0.000000	0.000067	83.804792	4.1
1116	2821.358285	0.000000	0.000067	96.853390	3.9
1117	2757.637709	0.000000	0.000067	73.082654	3.8
1118	2735.765107	0.000000	0.000067	113.758619	6.2
1119	3027.911681	0.000000	0.000067	77.240045	3.0
1120	2849.726048	0.000000	0.000067	63.189378	3.1
1121	2939.133250	0.000000	0.000067	80.294737	5.1
1122	2896.768421	0.000000	0.000067	100.738374	3.3
1123	3070.746888	0.000000	0.000067	108.204474	3.3
1124	2932.195322	0.000000	0.000067	106.469053	2.7
1125	2654.172843	0.000000	0.000067	81.592415	3.5
1126	3138.109893	0.000000	0.000067	99.035339	4.0
1127	2781.209008	0.000000	0.000067	109.733427	4.6
1128	2906.926980	0.000051	0.000067	76.985615	3.2
1129	2917.869263	0.000000	0.000067	113.585568	4.1
1130	2933.570870	0.000000	0.000067	78.618338	3.9
1131	3030.362566	0.000000	0.000067	88.790556	3.9
1132	2969.064047	0.000000	0.000067	83.018863	3.6
1133	3152.858545	0.000000	0.000067	90.067091	3.5
1134	2931.595878	0.000000	0.000067	104.327923	9.2
1135	3029.140548	0.000000	0.000067	94.103564	4.8
1136	3068.420583	0.000000	0.000067	129.907093	4.1
1137	2943.443678	0.000000	0.000067	83.057060	3.9
1138	2967.748447	0.000000	0.000067	116.182535	4.5
1139	2920.437739	0.000000	0.000067	116.119458	4.7
1140	2904.937643	0.000700	0.000067	88.170125	3.5
1141	2732.317413	0.000000	0.000067	70.019082	4.3
1142	2947.865715	0.000000	0.000067	73.563657	4.2
1143	2974.329687	0.000000	0.000067	133.957261	4.7
1144	2733.648680	0.000000	0.000067	87.497527	5.1
1145	3148.246712	0.000132	0.000067	123.799204	6.7
1146	2963.837237	0.000000	0.000067	110.411843	5.8
1147	2785.069794	0.000000	0.000067	118.779363	3.4
1148	2801.477371	0.000000	0.000067	92.657398	3.6
1149	2817.570338	0.000000	0.000067	69.287083	2.4
1150	2873.557793	0.000000	0.000067	76.333316	2.4
1151	2871.011191	0.000000	0.000067	73.734083	3.2
1152	3017.332646	0.000000	0.000067	75.807073	4.2
1153	2907.007870	0.000000	0.000067	95.452541	3.2
1154	2795.004312	0.000000	0.000067	76.805875	5.0
1155	2853.943995	0.000000	0.000067	90.120513	4.5
1156	2852.723386	0.000000	0.000067	102.741477	2.1
1157	3060.479922	0.000000	0.000067	108.293603	4.7
1158	2923.407584	0.000000	0.000067	103.742313	2.2
1159	2748.797021	0.000000	0.000067	67.843851	5.1
1160	2736.032800	0.000000	0.000067	119.092528	4.4
1161	2645.084864	0.000000	0.000067	87.575048	2.5
1162	3038.342605	0.000685	0.000067	82.470416	2.5
1163	2894.509923	0.000000	0.000067	85.976760	3.3
1164	2820.453442	0.000000	0.000067	97.473992	4.8
1165	3147.565228	0.000000	0.000067	104.768602	4.9
1166	2921.704174	0.000000	0.000067	67.616309	4.7
1167	2642.332671	0.000000	0.000067	71.033660	4.0
1168	2892.438164	0.000000	0.000067	76.183311	4.9
1169	2831.243514	0.000000	0.000067	104.786785	4.3
1170	2880.270995	0.000000	0.000067	83.278740	4.6
1171	2726.394120	0.000000	0.000067	90.317627	3.1
1172	2840.922471	0.000000	0.000067	83.070087	5.1
1173	3033.250614	0.000000	0.000067	97.140303	5.1
1174	3176.978939	0.000000	0.000067	76.210662	4.9
1175	2908.600248	0.000000	0.000067	87.162047	4.8
1176	3041.331342	0.000000	0.000067	110.784417	4.7
1177	2914.571922	0.000000	0.000067	92.407250	5.8
1178	2804.879094	0.000000	0.000067	154.007499	5.0
1179	2934.149385	0.000000	0.000067	145.422332	4.2
1180	2735.112981	0.000000	0.000067	150.085456	4.3
1181	2681.911171	0.000882	0.000067	80.208931	4.3
1182	2805.279045	0.000000	0.000067	91.033193	4.1
1183	2748.109072	0.000000	0.000067	134.479303	3.3
1184	2919.611562	0.000000	0.000067	157.818694	7.9
1185	2904.356796	0.000000	0.000067	108.330389	4.9
1186	2643.728658	0.001607	0.000067	72.798395	4.1
1187	2932.122032	0.001308	0.000067	80.771063	6.7
1188	2914.686812	0.000380	0.000067	70.120609	4.7
1189	2828.455456	0.000000	0.000067	69.824397	4.4
1190	2770.344131	0.000000	0.000067	82.698972	5.0
1191	2784.790911	0.000000	0.000067	83.296265	3.8
1192	2795.467194	0.000000	0.000067	80.225328	3.8
1193	2961.881633	0.000000	0.000067	93.685449	6.4
1194	2941.121347	0.000000	0.000067	75.420198	4.6
1195	3088.276528	0.000000	0.000067	128.893665	4.2
1196	3053.179707	0.000000	0.000067	107.252013	4.1
1197	3042.959626	0.000000	0.000067	73.727506	3.2
1198	3091.068884	0.000000	0.000067	72.580795	3.1
1199	2930.383230	0.000000	0.000067	83.800647	3.0
1200	2838.167384	0.000000	0.000067	81.409747	5.0
1201	2851.111996	0.000000	0.000067	82.656300	2.8
1202	3081.365495	0.000000	0.000067	130.468168	4.8
1203	3064.505974	0.000000	0.000067	75.452412	4.8
1204	2991.688054	0.000000	0.000067	87.257288	4.8
1205	3057.274803	0.000000	0.000067	71.991525	4.5
1206	2923.589366	0.000000	0.000067	80.878617	3.5
1207	2794.519023	0.000000	0.000067	86.520632	3.6
1208	2635.641646	0.000000	0.000067	119.935837	3.9
1209	2876.547910	0.000000	0.000067	72.199775	4.8
1210	2542.894465	0.000000	0.000067	80.836436	4.7
1211	2796.534719	0.000000	0.000067	112.608779	4.8
1212	2719.178348	0.000000	0.000067	82.882687	4.6
1213	2788.670655	0.000000	0.000067	87.806978	4.9
1214	3029.061967	0.000000	0.000067	96.204174	4.4
1215	2733.851750	0.000000	0.000067	84.232184	4.6
1216	2775.525746	0.000000	0.000067	88.119229	3.7
1217	2857.672410	0.000000	0.000067	98.971548	2.6
1218	2561.448512	0.000000	0.000067	68.352263	4.2
1219	2844.579321	0.000000	0.000067	71.413892	3.8
1220	3076.930235	0.000000	0.000067	179.503893	3.2
1221	2895.200037	0.000000	0.000067	84.774619	3.2
1222	2916.864169	0.000000	0.000067	86.793748	3.5
1223	2995.329956	0.000000	0.000067	88.644043	6.0
1224	2920.780564	0.000000	0.000067	72.519133	2.9
1225	2962.000076	0.000000	0.000067	115.991191	2.8
1226	3027.163172	0.000000	0.000067	111.178074	6.7
1227	2868.179204	0.000000	0.000067	75.860883	3.0
1228	2898.123770	0.000000	0.000067	136.253793	5.0
1229	2826.510900	0.000000	0.000067	90.652126	3.5
1230	2807.407659	0.000105	0.000067	66.729606	3.7
1231	2712.771614	0.000000	0.000067	84.097955	4.3
1232	2976.515816	0.000000	0.000067	126.234197	2.8
1233	2808.137308	0.000565	0.000067	88.055351	2.9
1234	2931.331414	0.000474	0.000067	82.238361	2.8
1235	2908.500422	0.000000	0.000067	87.949715	2.6
1236	2788.380156	0.000000	0.000067	90.882652	2.7
1237	2672.676662	0.000000	0.000067	67.217874	2.6
1238	2972.637859	0.000000	0.000067	76.925010	2.6
1239	2799.916379	0.000000	0.000067	78.341728	4.9
1240	3002.538759	0.000000	0.000067	81.189725	2.9
1241	2898.180418	0.000000	0.000067	81.876474	4.1
1242	2831.803032	0.000000	0.000067	118.265637	5.0
1243	3143.276335	0.000000	0.000067	90.316248	5.6
1244	2741.002864	0.000000	0.000067	99.591422	5.3
1245	2960.546588	0.000000	0.000067	76.253251	4.7
1246	2758.261483	0.000000	0.000067	80.380551	4.5
1247	2831.116708	0.000000	0.000067	129.009053	4.3
1248	2911.531229	0.000000	0.000067	69.491570	3.6
1249	2771.283561	0.000000	0.000067	115.189711	5.1
1250	2850.367830	0.000000	0.000067	84.289044	3.6
1251	2604.733107	0.000000	0.000067	73.233361	3.8
1252	2777.285253	0.000000	0.000067	93.205963	3.8
1253	2950.588050	0.000000	0.000067	112.012086	6.4
1254	2826.369802	0.000000	0.000067	111.340232	2.6
1255	2882.320682	0.000000	0.000067	69.148023	2.3
1256	2833.106130	0.000000	0.000067	70.770500	2.3
1257	2890.530745	0.000000	0.000067	73.936464	6.6
1258	2847.402494	0.000000	0.000067	108.889113	3.4
1259	2806.877858	0.000000	0.000067	82.921386	3.2
1260	2940.477949	0.000000	0.000067	87.922186	3.2
1261	2732.215431	0.000000	0.000067	58.399430	2.4
1262	2818.909552	0.000000	0.000067	86.542359	6.2
1263	2944.191822	0.000000	0.000067	98.434974	2.7
1264	3025.349266	0.000000	0.000067	132.446111	2.6
1265	2692.544062	0.000079	0.000067	65.545718	4.1
1266	3114.609528	0.000000	0.000067	84.504503	3.7
1267	2897.534626	0.000000	0.000067	72.921386	3.1
1268	2734.750824	0.000000	0.000067	100.021708	3.5
1269	2760.683705	0.000000	0.000067	60.605757	4.2
1270	3017.554444	0.000000	0.000067	102.112371	4.0
1271	2907.630705	0.000000	0.000067	79.764235	4.0
1272	2812.610512	0.000000	0.000067	72.778953	2.8
1273	2810.668471	0.000000	0.000067	94.228923	2.8
1274	2644.891778	0.000000	0.000067	87.361966	2.8
1275	2901.514350	0.000000	0.000067	119.146888	2.8
1276	3047.964806	0.000000	0.000067	91.689952	4.9
1277	3068.514003	0.000000	0.000067	171.632120	4.6
1278	2737.443551	0.000000	0.000067	89.868510	3.2
1279	2891.621987	0.000000	0.000067	74.755269	3.3
1280	2886.610674	0.000000	0.000067	106.970497	3.5
1281	3022.727571	0.000000	0.000067	110.750518	3.5
1282	2697.592234	0.000000	0.000067	94.701997	5.5
1283	2942.360595	0.000000	0.000067	101.890635	2.9
1284	2977.254527	0.000000	0.000067	111.224675	2.9
1285	3078.510908	0.000000	0.000067	102.607308	2.8
1286	2772.948542	0.000000	0.000067	77.387938	5.0
1287	2733.139256	0.000000	0.000067	77.565802	3.6
1288	2916.509503	0.000000	0.000067	91.552989	5.0
1289	2905.930059	0.000000	0.000067	80.531626	3.6
1290	2936.032567	0.000000	0.000067	72.088349	3.6
1291	2731.300595	0.000000	0.000067	63.845594	3.4
1292	2668.450539	0.000000	0.000067	91.589077	3.1
1293	2768.027718	0.000000	0.000067	76.755181	3.7
1294	2741.176771	0.000000	0.000067	90.006198	3.0
1295	2896.688789	0.000000	0.000067	83.450076	3.6
1296	2816.807221	0.000000	0.000067	70.503997	3.0
1297	2848.440829	0.000000	0.000067	64.433677	3.8
1298	2707.680113	0.000000	0.000067	72.845038	2.6
1299	2869.233161	0.000000	0.000067	73.035582	3.3
1300	2937.952374	0.000000	0.000067	113.225774	3.0
1301	2754.181181	0.000000	0.000067	85.774181	4.0
1302	2935.855895	0.000000	0.000067	89.232341	2.4
1303	2998.476826	0.000000	0.000067	89.722621	3.1
1304	3009.544012	0.000000	0.000067	75.436851	4.0
1305	2852.569101	0.000000	0.000067	69.291915	2.9
1306	2795.732545	0.000000	0.000067	92.576227	3.3
1307	2771.555962	0.000000	0.000067	73.702040	5.2
1308	2698.514296	0.000000	0.000067	76.499333	3.3
1309	2738.968682	0.000000	0.000067	72.684806	4.7
1310	2830.341471	0.000000	0.000067	83.607047	3.4
1311	2944.900978	0.000000	0.000067	67.324212	3.9
1312	2890.811255	0.000000	0.000067	82.271990	3.2
1313	2494.320938	0.000000	0.000067	110.907234	3.6
1314	2783.439388	0.000053	0.000067	63.010705	4.3
1315	2829.340346	0.000000	0.000067	103.490598	3.7
1316	2903.343646	0.000000	0.000067	159.733446	2.3
1317	2725.376369	0.001359	0.000067	66.326328	3.8
1318	2969.180742	0.000423	0.000067	82.690636	3.3
1319	2918.488411	0.000000	0.000067	97.952196	3.6
1320	2811.909948	0.000000	0.000067	120.014068	7.6
1321	2665.565599	0.000000	0.000067	66.725898	4.5
1322	2724.240848	0.000000	0.000067	74.756463	4.5
1323	2949.854640	0.000000	0.000067	118.916793	4.1
1324	2916.494880	0.000000	0.000067	66.702273	4.6
1325	2818.116186	0.000000	0.000067	77.953607	3.8
1326	2811.283267	0.000000	0.000067	74.903228	4.0
1327	2718.534716	0.000000	0.000067	94.978042	3.3
1328	2963.547961	0.000000	0.000067	112.281014	3.1
1329	2640.796619	0.000000	0.000067	89.915790	4.3
1330	2685.416067	0.000375	0.000067	84.314198	2.6
1331	2686.631354	0.000296	0.000067	86.635020	2.7
1332	2907.947970	0.000000	0.000067	100.503344	3.6
1333	3055.565997	0.000000	0.000067	83.555526	3.6
1334	2763.436523	0.000000	0.000067	74.851075	2.9
1335	2913.833292	0.000000	0.000067	84.764228	4.6
1336	2650.953778	0.000000	0.000067	85.532332	3.2
1337	2788.100541	0.000000	0.000067	81.410227	4.9
1338	3014.319668	0.000000	0.000067	94.784811	5.0
1339	2947.404432	0.000000	0.000067	176.306392	4.7
1340	2848.491524	0.000000	0.000067	73.911788	4.6
1341	2921.682316	0.000000	0.000067	80.262769	4.3
1342	2770.866781	0.000000	0.000067	94.069464	3.6
1343	2977.979800	0.000000	0.000067	94.882520	3.9
1344	2737.601510	0.000000	0.000067	99.255672	5.8
1345	2767.142206	0.000000	0.000067	122.462371	5.8
1346	3051.294641	0.000000	0.000067	84.138401	4.9
1347	2793.406274	0.000278	0.000067	93.971347	4.6
1348	2958.450221	0.000252	0.000067	109.960215	4.3
1349	2810.187565	0.000737	0.000067	87.389446	4.9
1350	2823.951178	0.000000	0.000067	79.913751	3.8
1351	2909.286977	0.000000	0.000067	73.234599	4.1
1352	2988.118158	0.000000	0.000067	91.491457	4.4
1353	2953.314786	0.000000	0.000067	63.512462	5.1
1354	2861.849771	0.000000	0.000067	72.152304	5.7
1355	2681.886791	0.000000	0.000067	83.843811	5.2
1356	2764.036700	0.000000	0.000067	80.804147	4.8
1357	2750.088611	0.000000	0.000067	98.363022	5.4
1358	2717.422871	0.000000	0.000067	97.503605	5.2
1359	2799.570876	0.000351	0.000067	79.857435	4.7
1360	2778.450967	0.000000	0.000067	67.337566	5.4
1361	2855.751441	0.000000	0.000067	104.479549	5.2
1362	3019.589230	0.000000	0.000067	188.097334	3.8
1363	3065.052392	0.000000	0.000067	80.079930	5.0
1364	2888.152791	0.000000	0.000067	100.712919	5.1
1365	2736.289281	0.000000	0.000067	119.012805	4.8
1366	2930.078351	0.000000	0.000067	83.459544	4.8
1367	3062.625717	0.000291	0.000067	84.026690	5.0
1368	2845.564832	0.000000	0.000067	93.856564	6.6
1369	2761.230317	0.000000	0.000067	69.908631	4.2
1370	2760.271442	0.000000	0.000067	77.606212	3.2
1371	2818.287430	0.000000	0.000067	80.066734	3.7
1372	2784.978379	0.000000	0.000067	69.761783	3.1
1373	2723.086563	0.000000	0.000067	74.472338	4.9
1374	2840.447280	0.000000	0.000067	91.696217	3.8
1375	2904.755581	0.000000	0.000067	82.926018	3.1
1376	2818.191554	0.000000	0.000067	96.625562	3.3
1377	2686.931171	0.000000	0.000067	76.351572	5.3
1378	2878.891619	0.000030	0.000067	78.368204	6.4
1379	2790.506386	0.000000	0.000067	118.317422	5.7
1380	2910.419081	0.000000	0.000067	123.593396	4.9
1381	2929.322769	0.000000	0.000067	93.112027	4.8
1382	2755.058520	0.000000	0.000067	55.849290	4.3
1383	3127.242114	0.000000	0.000067	112.194160	4.5
1384	3054.549031	0.000000	0.000067	98.686960	6.0
1385	2778.662440	0.000000	0.000067	94.916864	5.1
1386	2874.168368	0.000000	0.000067	64.892905	4.1
1387	2902.387500	0.000000	0.000067	120.252360	4.7
1388	2800.307208	0.000000	0.000067	63.863058	3.9
1389	2682.737319	0.000000	0.000067	62.478932	5.5
1390	2869.768622	0.000000	0.000067	76.404572	6.2
1391	2938.841272	0.000000	0.000067	64.705701	6.2
1392	2944.420196	0.000000	0.000067	117.506422	4.3
1393	2748.467574	0.000000	0.000067	77.833744	4.4
1394	3057.651067	0.000000	0.000067	66.422491	5.5
1395	2846.545896	0.000000	0.000067	92.776965	5.2
1396	2765.997169	0.000000	0.000067	66.695075	5.7
1397	2718.445041	0.000000	0.000067	95.970066	5.3
1398	2719.365149	0.000000	0.000067	81.173538	5.3
1399	2919.695748	0.000086	0.000067	92.672374	5.3
1400	2720.057895	0.000000	0.000067	81.681844	5.1
1401	2945.428050	0.000000	0.000067	127.476136	4.2
1402	2751.465582	0.000000	0.000067	84.503053	3.8
1403	2804.428991	0.000000	0.000067	77.193020	3.9
1404	2865.727797	0.000000	0.000067	91.859954	3.5
1405	2818.592482	0.000000	0.000067	68.210823	3.6
1406	2788.568389	0.000000	0.000067	100.575460	3.5
1407	2813.306734	0.000000	0.000067	119.800295	3.7
1408	2872.633259	0.000664	0.000067	86.695238	3.6
1409	2787.225227	0.000000	0.000067	67.022590	3.5
1410	2835.536330	0.000000	0.000067	162.948578	3.0
1411	2954.348370	0.000000	0.000067	98.776169	3.7
1412	2997.612555	0.000000	0.000067	103.007900	4.0
1413	2990.649009	0.000344	0.000067	107.885751	3.0
1414	2667.013882	0.000000	0.000067	71.729645	4.7
1415	2835.146267	0.000000	0.000067	78.749671	5.1
1416	2727.088582	0.000000	0.000067	79.225148	3.3
1417	2969.779807	0.000000	0.000067	132.595698	3.2
1418	2941.774212	0.000609	0.000067	82.078290	3.3
1419	2835.380415	0.000197	0.000067	124.126610	3.3
1420	2764.175458	0.000000	0.000067	89.418721	3.1
1421	2855.792967	0.000673	0.000067	63.511258	2.5
1422	2827.851701	0.000224	0.000067	64.670329	2.7
1423	2861.206251	0.000000	0.000067	64.078529	5.1
1424	2919.632455	0.000000	0.000067	96.691397	3.9
1425	2846.762702	0.000000	0.000067	90.518355	4.8
1426	2924.886167	0.000000	0.000067	84.210335	5.0
1427	2893.316372	0.000000	0.000067	65.218050	3.5
1428	2733.385488	0.000000	0.000067	83.549204	3.0
1429	2740.083760	0.000000	0.000067	105.684762	4.9
1430	2788.781434	0.000000	0.000067	75.849802	3.4
1431	2889.871186	0.000000	0.000067	79.292512	3.7
1432	2869.366906	0.000000	0.000067	104.879722	6.7
1433	2735.680397	0.000000	0.000067	73.543443	5.1
1434	2800.937572	0.000000	0.000067	89.540167	4.8
1435	2891.589442	0.000000	0.000067	65.905132	5.0
1436	2975.518645	0.000000	0.000067	67.141408	4.4
1437	2752.820985	0.000000	0.000067	72.895526	3.6
1438	2639.731930	0.000000	0.000067	118.188635	4.7
1439	2920.704137	0.000126	0.000067	110.339061	3.8
1440	2777.300463	0.000000	0.000067	74.373366	3.2
1441	2814.206656	0.000000	0.000067	63.077093	3.4
1442	2785.640488	0.000000	0.000067	71.450431	3.6
1443	2975.643134	0.000000	0.000067	115.598244	3.2
1444	2722.933152	0.000000	0.000067	104.988476	3.2
1445	2823.960864	0.000153	0.000067	74.648256	4.8
1446	2779.948278	0.000236	0.000067	80.654237	4.9
1447	2792.112491	0.000000	0.000067	101.912395	4.7
1448	2722.264292	0.000100	0.000067	58.953149	4.7
1449	2829.107294	0.000000	0.000067	123.591332	4.8
1450	2863.067536	0.000000	0.000067	87.940051	4.9
1451	2925.706229	0.000000	0.000067	132.864593	6.2
1452	2895.249729	0.000000	0.000067	64.034134	2.4
1453	2702.380018	0.000000	0.000067	98.241708	2.3
1454	2815.185789	0.000000	0.000067	90.535013	7.4
1455	2800.212804	0.000000	0.000067	120.689910	2.7
1456	2606.433581	0.000000	0.000067	98.096823	3.2
1457	3049.359686	0.000000	0.000067	67.729017	4.9
1458	2711.389774	0.000000	0.000067	73.515480	4.9
1459	2847.219275	0.000000	0.000067	69.069980	5.2
1460	2912.072569	0.000000	0.000067	115.903076	4.3
1461	2807.347931	0.000000	0.000067	80.953176	5.9
1462	2700.753904	0.000000	0.000067	58.552461	3.6
1463	2637.217416	0.000000	0.000067	83.115177	4.9
1464	2737.259507	0.000000	0.000067	67.865212	4.6
1465	2852.995961	0.000000	0.000067	141.057422	3.6
1466	2968.357964	0.000000	0.000067	75.985000	5.2
1467	2783.221809	0.000000	0.000067	63.365523	4.1
1468	2686.809323	0.000000	0.000067	66.215763	4.7
1469	2757.829006	0.000000	0.000067	93.987580	4.2
1470	2835.783523	0.000000	0.000067	81.713070	3.9
1471	2811.322408	0.000000	0.000067	76.656101	3.8
1472	2884.917082	0.000000	0.000067	105.184466	3.0
1473	2972.150222	0.000000	0.000067	124.812431	4.6
1474	2927.521872	0.000000	0.000067	67.259162	3.0
1475	2803.096585	0.000000	0.000067	92.285847	3.4
1476	2824.392098	0.000000	0.000067	79.899529	3.3
1477	2949.183900	0.000000	0.000067	88.564023	3.4
1478	2930.257540	0.000000	0.000067	98.352740	5.0
1479	2965.526054	0.000000	0.000067	81.348567	4.9
1480	2771.235318	0.000000	0.000067	73.602618	4.9
1481	2812.659128	0.000000	0.000067	68.133845	4.8
1482	2964.126600	0.000000	0.000067	86.512039	4.6
1483	2784.586947	0.000000	0.000067	68.871524	3.7
1484	2770.401685	0.000000	0.000067	71.704474	2.5
1485	3041.990323	0.000000	0.000067	71.553195	4.5
1486	2767.314697	0.000000	0.000067	77.570547	5.2
1487	2805.384533	0.000000	0.000067	67.917336	2.8
1488	2705.551155	0.000000	0.000067	67.056062	3.8
1489	2678.553299	0.000000	0.000067	158.205170	2.7
1490	2784.744743	0.000000	0.000067	116.611320	3.1
1491	2620.040116	0.000000	0.000067	94.495074	4.4
1492	2663.171076	0.000000	0.000067	64.377477	4.6
1493	2570.729155	0.000000	0.000067	63.854057	3.2
1494	2805.301795	0.000000	0.000067	76.097806	4.7
1495	2573.637920	0.000000	0.000067	83.239590	3.7
1496	2945.219886	0.000000	0.000067	98.661128	4.7
1497	2723.809936	0.000000	0.000067	93.082249	5.3
1498	2632.341952	0.000000	0.000067	74.587630	4.0
1499	2952.450645	0.000014	0.000067	62.295928	4.1
1500	2735.488756	0.000000	0.000067	72.788797	4.4
1501	3097.104863	0.000000	0.000067	96.473711	4.4
1502	2927.803528	0.000000	0.000067	72.725607	4.3
1503	3018.718846	0.000000	0.000067	100.044397	4.1
1504	2674.709675	0.000000	0.000067	63.175361	5.0
1505	2857.132564	0.000000	0.000067	87.899797	6.3
1506	2952.706098	0.000000	0.000067	76.867340	4.4
1507	2968.190870	0.000000	0.000067	80.953776	4.8
1508	2721.556925	0.000000	0.000067	77.787357	4.9
1509	2785.796940	0.000000	0.000067	151.515030	4.7
1510	2767.311321	0.000000	0.000067	114.775609	5.5
1511	2688.509365	0.000456	0.000067	65.559338	6.5
1512	2964.164213	0.000304	0.000067	108.164067	4.4
1513	2881.914500	0.000000	0.000067	75.187150	4.4
1514	2952.174044	0.000000	0.000067	69.565032	4.5
1515	2925.012536	0.000000	0.000067	99.584751	4.5
1516	2904.416978	0.000000	0.000067	101.234410	3.6
1517	2778.708768	0.000354	0.000067	117.662558	4.0
1518	2786.956689	0.000270	0.000067	75.702479	3.9
1519	2783.678049	0.000206	0.000067	102.733959	3.5
1520	2674.882684	0.000001	0.000067	69.813573	3.5
1521	2813.154280	0.000000	0.000067	123.546126	3.7
1522	2749.535741	0.000000	0.000067	69.848074	3.1
1523	2900.782444	0.000085	0.000067	77.481996	3.7
1524	2935.551625	0.000000	0.000067	61.032253	3.2
1525	2742.904970	0.000000	0.000067	69.806592	5.3
1526	2555.692995	0.000000	0.000067	87.093520	5.2
1527	2752.727556	0.000000	0.000067	67.346154	3.7
1528	2902.315163	0.000000	0.000067	80.603248	4.4
1529	2876.884128	0.000000	0.000067	67.138110	4.5
1530	2867.671553	0.000000	0.000067	96.352568	5.0
1531	2799.032811	0.000000	0.000067	65.144986	5.0
1532	2731.844914	0.000000	0.000067	75.982391	4.7
1533	2843.547565	0.000000	0.000067	94.689732	5.4
1534	2621.066959	0.000000	0.000067	102.202178	5.1
1535	2821.893171	0.000000	0.000067	59.214138	3.7
1536	3097.928498	0.000000	0.000067	73.497975	3.8
1537	2849.107081	0.000000	0.000067	75.671932	3.6
1538	2954.889519	0.000000	0.000067	103.907531	3.3
1539	2792.073622	0.000000	0.000067	72.321807	6.4
1540	2699.844637	0.000124	0.000067	83.910717	4.4
1541	2760.080842	0.000000	0.000067	97.402959	3.5
1542	2834.357040	0.000000	0.000067	67.352407	4.2
1543	2926.071594	0.000000	0.000067	70.797086	2.9
1544	2786.340280	0.000000	0.000067	111.206962	5.0
1545	2748.414580	0.000000	0.000067	58.863783	4.1
1546	2716.304616	0.000000	0.000067	104.407094	4.7
1547	2926.255719	0.000000	0.000067	64.829433	3.2
1548	2738.555232	0.000000	0.000067	67.192051	5.1
1549	2916.552607	0.000000	0.000067	116.275380	3.6
1550	2854.506477	0.000000	0.000067	96.384303	4.1
1551	2616.170417	0.000506	0.000067	84.684369	4.0
1552	2908.749515	0.000000	0.000067	103.476419	4.9
1553	2681.050953	0.000000	0.000067	63.254325	3.1
1554	2915.805355	0.000000	0.000067	65.333358	3.0
1555	2615.409406	0.000000	0.000067	61.373726	3.1
1556	2862.152646	0.000000	0.000067	58.365297	4.7
1557	2964.483550	0.000000	0.000067	67.233154	3.1
1558	2779.291099	0.000000	0.000067	114.664316	3.2
1559	2714.587465	0.000000	0.000067	74.673761	4.3
1560	2819.718561	0.000000	0.000067	119.619030	3.2
1561	2725.817476	0.000731	0.000067	91.903441	4.4
1562	2876.172732	0.000929	0.000067	67.602851	5.0
1563	2891.815091	0.000841	0.000067	103.698067	3.7
1564	2626.906952	0.000384	0.000067	58.801423	5.1
1565	2892.421968	0.000000	0.000067	75.809735	4.7
1566	2717.566640	0.000000	0.000067	126.917162	4.6
1567	2929.899932	0.000000	0.000067	109.571623	5.2
1568	2742.534368	0.000000	0.000067	62.857589	5.3
1569	2819.904431	0.000000	0.000067	52.619068	4.8
1570	2700.586791	0.000000	0.000067	112.563523	4.2
1571	2770.093911	0.000000	0.000067	55.212792	4.6
1572	2574.007812	0.000000	0.000067	111.696955	4.5
1573	2972.245615	0.000000	0.000067	69.921243	4.0
1574	2788.014480	0.000000	0.000067	65.837750	5.4
1575	2603.945042	0.000000	0.000067	93.825350	5.2
1576	2911.128038	0.000000	0.000067	78.141565	4.7
1577	2719.700751	0.000000	0.000067	78.885629	4.0
1578	2835.263521	0.000000	0.000067	131.132269	3.2
1579	2802.072587	0.000525	0.000067	94.719604	3.4
1580	2772.577786	0.000052	0.000067	86.232172	2.3
1581	2791.244028	0.000098	0.000067	126.500955	2.8
1582	2679.298014	0.000576	0.000067	74.707285	2.6
1583	2620.761915	0.000000	0.000067	54.549461	2.6
1584	2759.858175	0.000000	0.000067	121.534781	5.7
1585	2828.853747	0.000000	0.000067	67.717061	2.5
1586	2657.876572	0.000000	0.000067	65.545989	5.5
1587	2873.199087	0.000000	0.000067	54.809722	3.1
1588	2898.303000	0.000000	0.000067	101.766089	3.0
1589	2784.431549	0.000000	0.000067	85.023194	5.6
1590	2698.436734	0.000000	0.000067	101.974572	3.5
1591	2813.317516	0.000175	0.000067	68.643921	4.9
1592	2785.634973	0.000000	0.000067	79.486655	3.4
1593	2780.565587	0.000000	0.000067	59.997867	3.4
1594	2761.731714	0.000000	0.000067	84.845501	4.1
1595	2716.322425	0.000000	0.000067	98.022026	3.9
1596	2730.595859	0.000000	0.000067	70.488140	3.8
1597	3016.619954	0.000000	0.000067	120.361493	3.2
1598	2733.695046	0.000000	0.000067	78.925228	3.2
1599	2873.526273	0.000000	0.000067	71.415087	3.2
1600	2829.163254	0.000000	0.000067	112.097875	2.5
1601	2619.776799	0.000000	0.000067	64.261485	2.6
1602	2882.624177	0.000103	0.000067	81.748369	6.3
1603	2835.540926	0.000000	0.000067	65.664072	2.5
1604	2839.148925	0.000000	0.000067	67.712291	2.8
1605	2731.418093	0.000000	0.000067	99.782029	2.7
1606	2757.258776	0.000000	0.000067	72.084164	3.1
1607	2855.486493	0.000000	0.000067	96.073491	4.3
1608	2698.316466	0.000000	0.000067	59.435606	3.0
1609	2628.370409	0.000000	0.000067	51.357901	5.8
1610	2617.642424	0.000000	0.000067	78.811140	5.0
1611	2742.774268	0.000000	0.000067	85.726970	4.9
1612	2824.982445	0.000000	0.000067	70.045126	4.9
1613	2622.915131	0.000000	0.000067	86.169191	5.0
1614	2803.780039	0.000000	0.000067	96.693745	4.6
1615	2652.847984	0.000000	0.000067	89.536650	4.5
1616	2786.838561	0.000588	0.000067	85.730985	5.0
1617	2826.960100	0.000538	0.000067	116.468583	3.6
1618	2771.653149	0.000000	0.000067	58.903190	3.4
1619	2771.619761	0.000000	0.000067	135.041671	3.4
1620	2635.733336	0.000000	0.000067	85.251056	3.4
1621	2884.708883	0.000000	0.000067	126.541236	3.8
1622	2707.547041	0.000798	0.000067	111.927517	3.0
1623	2637.679695	0.000000	0.000067	59.731498	4.9
1624	2879.290173	0.000000	0.000067	72.829408	3.8
1625	2619.202322	0.000000	0.000067	52.095162	3.2
1626	2717.756115	0.000000	0.000067	76.914455	3.1
1627	2700.858752	0.000000	0.000067	61.128795	4.6
1628	2673.427844	0.000000	0.000067	59.832504	3.1
1629	2774.689364	0.000000	0.000067	59.583110	5.8
1630	2747.959729	0.000000	0.000067	79.130858	3.5
1631	2707.878585	0.000000	0.000067	57.396370	3.3
1632	2752.793938	0.000000	0.000067	77.662083	4.3
1633	2685.835147	0.000000	0.000067	122.820075	3.1
1634	2740.916535	0.000000	0.000067	74.746359	3.0
1635	2783.073032	0.000000	0.000067	72.179869	5.3
1636	2831.278458	0.000000	0.000067	57.956168	3.0
1637	2759.081271	0.000000	0.000067	74.445824	5.1
1638	2735.706857	0.000000	0.000067	81.584630	5.1
1639	2753.840172	0.000128	0.000067	48.258621	3.8
1640	2889.428032	0.000000	0.000067	69.224109	3.8
1641	2823.313936	0.000000	0.000067	67.679814	3.2
1642	2776.599688	0.000000	0.000067	68.992552	2.8
1643	2669.183243	0.000000	0.000067	70.264974	3.2
1644	2567.020739	0.000000	0.000067	103.770529	2.8
1645	2832.083634	0.000116	0.000067	69.327408	2.9
1646	2670.075536	0.000424	0.000067	71.254682	5.8
1647	2844.493403	0.000000	0.000067	55.240417	4.6
1648	2660.697016	0.000000	0.000067	86.259674	5.3
1649	2644.213372	0.000000	0.000067	57.593074	4.8
1650	2805.672258	0.000000	0.000067	85.990576	4.7
1651	2603.078903	0.000000	0.000067	53.608538	4.3
1652	2819.716445	0.000000	0.000067	93.199724	4.7
1653	2552.245451	0.000000	0.000067	70.244341	4.9
1654	3025.381103	0.000000	0.000067	174.156692	4.7
1655	2749.509149	0.000990	0.000067	136.903878	4.2
1656	2784.280666	0.000000	0.000067	64.140028	4.3
1657	2995.339259	0.000000	0.000067	69.739559	3.4
1658	2817.202274	0.000000	0.000067	120.609151	3.4
1659	2788.163950	0.000000	0.000067	97.753134	3.3
1660	2712.646111	0.000000	0.000067	70.529379	3.2
1661	2698.856396	0.000138	0.000067	73.656783	3.8
1662	2713.751433	0.000000	0.000067	62.587087	5.4
1663	2801.233270	0.000000	0.000067	68.761749	6.1
1664	2811.725207	0.000000	0.000067	58.451288	4.1
1665	2691.279336	0.000000	0.000067	84.081586	3.8
1666	2718.993355	0.000000	0.000067	71.880431	3.9
1667	2866.732030	0.000000	0.000067	82.890648	3.3
1668	2669.282882	0.000000	0.000067	91.145861	3.4
1669	2910.359429	0.000000	0.000067	52.745783	3.3
1670	2590.738883	0.000000	0.000067	55.413022	3.0
1671	2641.183233	0.000000	0.000067	94.366802	3.0
1672	3007.442906	0.000000	0.000067	72.171390	6.1
1673	2589.775793	0.000000	0.000067	78.219873	5.2
1674	2754.677491	0.000000	0.000067	135.029059	5.0
1675	2719.412719	0.000000	0.000067	58.176210	4.9
1676	2561.097205	0.000000	0.000067	52.720906	4.6
1677	2675.131177	0.000000	0.000067	66.800999	9.2
1678	2965.908916	0.000000	0.000067	60.715700	6.3
1679	2820.307500	0.000000	0.000067	70.126093	5.0
1680	2855.078291	0.000000	0.000067	65.512225	5.2
1681	2722.586426	0.000000	0.000067	63.741111	6.1
1682	2776.346659	0.000000	0.000067	56.501601	5.2
1683	2843.774892	0.000000	0.000067	79.179649	5.0
1684	2799.239721	0.000000	0.000067	53.479949	5.3
1685	2778.538985	0.000000	0.000067	74.698031	4.0
1686	2980.827088	0.000000	0.000067	101.050891	3.7
1687	2701.692719	0.000000	0.000067	97.911485	3.9
1688	3004.264380	0.000599	0.000067	63.826451	3.9
1689	2943.157951	0.000020	0.000067	73.508620	4.5
1690	2756.760885	0.000000	0.000067	63.802391	5.1
1691	2775.005741	0.000000	0.000067	52.847142	5.0
1692	2781.545559	0.000000	0.000067	72.845112	5.0
1693	2808.355773	0.000000	0.000067	160.527418	5.1
1694	2848.065950	0.000000	0.000067	79.798164	4.2
1695	2523.975710	0.000000	0.000067	117.000408	3.9
1696	2704.108658	0.000560	0.000067	56.574629	5.4
1697	2648.175429	0.000441	0.000067	105.911434	3.5
1698	2979.621624	0.000499	0.000067	128.629745	3.4
1699	2765.754006	0.001396	0.000067	93.080525	3.5
1700	2695.219870	0.002314	0.000067	86.366991	5.1
1701	2739.820972	0.000976	0.000067	70.606276	3.4
1702	2697.692714	0.000582	0.000067	67.766960	3.5
1703	2791.046209	0.000482	0.000067	97.784481	5.3
1704	2738.425184	0.000335	0.000067	63.860578	3.9
1705	2909.555301	0.000000	0.000067	108.311519	3.7
1706	2815.029708	0.000000	0.000067	61.451562	3.9
1707	2673.840190	0.000000	0.000067	67.653399	3.8
1708	2641.141392	0.000000	0.000067	81.629606	3.8
1709	2854.417962	0.000000	0.000067	64.538065	3.4
1710	2775.935797	0.000000	0.000067	58.970726	3.3
1711	2660.725479	0.000000	0.000067	71.295729	4.1
1712	2685.690010	0.000000	0.000067	84.256224	4.9
1713	2703.688088	0.000000	0.000067	62.399510	3.4
1714	2729.098257	0.000000	0.000067	53.230144	4.7
1715	2663.949991	0.000000	0.000067	78.036053	3.8
1716	2972.369795	0.000000	0.000067	142.080578	3.1
1717	2591.053473	0.000000	0.000067	105.381174	3.1
1718	2703.691338	0.000998	0.000067	115.222551	7.1
1719	2641.388965	0.000238	0.000067	61.875952	5.0
1720	2768.936827	0.000000	0.000067	82.927413	6.1
1721	2776.669296	0.000000	0.000067	75.544627	5.2
1722	2778.507785	0.000000	0.000067	84.393422	4.5
1723	2771.558987	0.000000	0.000067	79.105627	4.6
1724	2724.271435	0.000000	0.000067	67.404330	6.1
1725	2858.202370	0.000000	0.000067	84.465263	5.1
1726	2716.142133	0.000000	0.000067	78.982761	5.4
1727	2600.619811	0.000000	0.000067	92.139942	4.4
1728	2722.892523	0.000000	0.000067	71.095514	4.5
1729	2801.824021	0.000000	0.000067	112.303374	4.9
1730	2666.075989	0.000351	0.000067	80.864952	4.1
1731	2768.637843	0.000000	0.000067	75.968311	5.3
1732	2776.507963	0.000000	0.000067	111.177203	3.8
1733	2888.073570	0.000424	0.000067	75.915359	2.9
1734	2582.619694	0.000000	0.000067	50.567195	2.7
1735	2902.546040	0.000000	0.000067	78.064773	5.1
1736	2594.302126	0.000000	0.000067	52.588847	4.2
1737	2772.477989	0.000000	0.000067	60.464588	3.3
1738	2718.102574	0.000000	0.000067	63.109110	3.2
1739	2804.723301	0.000000	0.000067	60.300119	4.4
1740	2656.478685	0.000000	0.000067	67.138578	2.8
1741	2820.092605	0.000000	0.000067	99.594525	2.8
1742	2908.142687	0.000088	0.000067	71.345070	4.6
1743	2869.310421	0.000000	0.000067	69.597445	7.0
1744	2780.414689	0.000000	0.000067	90.941913	4.2
1745	2790.637639	0.000000	0.000067	90.674230	2.5
1746	2740.403619	0.000000	0.000067	101.501849	2.7
1747	2649.439914	0.000000	0.000067	61.177986	2.7
1748	2706.251844	0.000000	0.000067	83.185106	3.5
1749	2734.500746	0.000000	0.000067	75.566620	4.1
1750	2722.546786	0.000259	0.000067	78.215753	2.8
1751	2838.337381	0.000000	0.000067	69.537113	4.3
1752	2929.798054	0.000031	0.000067	111.941838	4.9
1753	3143.405592	0.000000	0.000067	95.196257	4.4
1754	2874.527819	0.000000	0.000067	77.642629	3.7
1755	2684.447238	0.000000	0.000067	80.741065	3.7
1756	2805.376931	0.000000	0.000067	107.949724	3.4
1757	2835.431147	0.000000	0.000067	107.361387	2.9
1758	2657.245510	0.000000	0.000067	84.800436	4.5
1759	2846.998211	0.000000	0.000067	92.362492	5.2
1760	2877.120479	0.000000	0.000067	59.606613	2.8
1761	2848.638887	0.000000	0.000067	85.051033	2.9
1762	2919.022164	0.000000	0.000067	132.821709	5.1
1763	2748.340777	0.000678	0.000067	86.332971	3.0
1764	2864.533104	0.001624	0.000067	89.539316	2.9
1765	2955.825835	0.001515	0.000067	109.409543	4.1
1766	2886.672560	0.001365	0.000067	61.824247	3.3
1767	2827.096231	0.000807	0.000067	56.724952	3.7
1768	2861.040261	0.000334	0.000067	78.105728	4.6
1769	2827.245610	0.000000	0.000067	81.022228	3.0
1770	2903.875751	0.000000	0.000067	82.509864	3.7
1771	3174.732904	0.000000	0.000067	63.624867	4.0
1772	2757.893316	0.000000	0.000067	56.046417	4.0
1773	2816.650455	0.000000	0.000067	89.321836	5.6
1774	2841.248422	0.000000	0.000067	96.500659	3.3
1775	2706.763850	0.000000	0.000067	95.113265	3.5
1776	3224.163563	0.000495	0.000067	103.181224	3.5
1777	2753.511063	0.000000	0.000067	62.800671	4.3
1778	2859.616730	0.000000	0.000067	99.050235	3.9
1779	2442.960516	0.000000	0.000067	84.367030	3.2
1780	2709.445382	0.000610	0.000067	72.555658	3.2
1781	2815.571038	0.000618	0.000067	61.759676	4.4
1782	2889.425956	0.000054	0.000067	116.898135	3.1
1783	2845.445376	0.000000	0.000067	61.901047	5.0
1784	2818.170406	0.000000	0.000067	64.903558	4.4
1785	2779.454780	0.000000	0.000067	59.724758	5.0
1786	2840.330856	0.000000	0.000067	60.481836	5.2
1787	2633.825716	0.000000	0.000067	112.098324	5.2
1788	2694.703852	0.000000	0.000067	48.236885	3.3
1789	2885.077928	0.000000	0.000067	93.573884	4.1
1790	2817.599651	0.000000	0.000067	84.672872	4.5
1791	2654.394620	0.000400	0.000067	152.028215	4.3
1792	2780.805102	0.000000	0.000067	76.311836	6.4
1793	2755.739804	0.000000	0.000067	109.380776	4.4
1794	2537.152809	0.000281	0.000067	53.360559	5.3
1795	2482.088843	0.000000	0.000067	44.340722	5.4
1796	2816.042542	0.000000	0.000067	104.752615	5.1
1797	2842.491776	0.000000	0.000067	92.960080	5.0
1798	2945.967611	0.000000	0.000067	158.891804	5.9
1799	2850.930287	0.000000	0.000067	56.137556	4.8
1800	2786.163907	0.000000	0.000067	67.618473	5.0
1801	2760.887399	0.000000	0.000067	109.714964	5.5
1802	2502.953025	0.000000	0.000067	77.518928	4.5
1803	2793.607369	0.000000	0.000067	77.647547	4.6
1804	2580.353077	0.000000	0.000067	53.095979	4.9
1805	2666.315784	0.000000	0.000067	77.666200	5.0
1806	2721.230482	0.000000	0.000067	63.085823	3.8
1807	2840.018767	0.000000	0.000067	66.469587	3.8
1808	2846.184866	0.000000	0.000067	80.283441	4.2
1809	2641.959194	0.000000	0.000067	55.210416	3.6
1810	2717.149168	0.000000	0.000067	92.007316	3.9
1811	2799.007591	0.000000	0.000067	81.289460	3.6
1812	2744.305084	0.000000	0.000067	97.377392	3.5
1813	2904.852140	0.000000	0.000067	55.832503	3.4
1814	2719.602163	0.000000	0.000067	48.588555	4.0
1815	2803.430426	0.000000	0.000067	65.812272	3.6
1816	2851.160694	0.000000	0.000067	68.830634	3.3
1817	2974.512266	0.000000	0.000067	57.269031	2.8
1818	2721.364621	0.000000	0.000067	71.310009	3.1
1819	2777.293094	0.000000	0.000067	55.968332	4.0
1820	2775.102860	0.000000	0.000067	86.342567	3.9
1821	2798.684865	0.000000	0.000067	67.659978	3.5
1822	2749.858297	0.000000	0.000067	107.389635	4.5
1823	2829.409135	0.000092	0.000067	125.613329	4.5
1824	2862.822588	0.000000	0.000067	87.392008	5.1
1825	2624.013459	0.000000	0.000067	57.900260	5.0
1826	2802.131213	0.000000	0.000067	68.610582	4.0
1827	2716.263980	0.000000	0.000067	120.915173	4.9
1828	2779.931181	0.000000	0.000067	55.486002	4.0
1829	2746.613494	0.000000	0.000067	95.291897	5.3
1830	2585.499932	0.000000	0.000067	53.559878	5.0
1831	2650.358042	0.000000	0.000067	68.018654	5.2
1832	2653.690276	0.000000	0.000067	77.199034	5.1
1833	2837.067405	0.000000	0.000067	82.820103	4.1
1834	2774.400196	0.000000	0.000067	89.656969	4.7
1835	2709.297184	0.000000	0.000067	59.511165	5.9
1836	2802.012200	0.000000	0.000067	58.190553	6.2
1837	2734.962929	0.000000	0.000067	81.003867	5.1
1838	2721.630364	0.000000	0.000067	68.405316	4.4
1839	2806.485119	0.000000	0.000067	75.410034	4.4
1840	2735.021020	0.000000	0.000067	72.494332	5.2
1841	2857.573611	0.000153	0.000067	98.970274	5.2
1842	2895.708214	0.000000	0.000067	90.102524	4.9
1843	2714.813178	0.000000	0.000067	56.781825	5.6
1844	2667.871912	0.000000	0.000067	58.785936	4.1
1845	2773.726399	0.000000	0.000067	109.577831	5.4
1846	3003.438992	0.000000	0.000067	106.322552	5.6
1847	2725.281969	0.000519	0.000067	68.707568	4.9
1848	2675.241789	0.000000	0.000067	67.047641	4.8
1849	2795.230847	0.000000	0.000067	71.026033	5.2
1850	2619.481269	0.000000	0.000067	59.109767	4.0
1851	2833.046813	0.000000	0.000067	108.459565	5.5
1852	2894.841983	0.000000	0.000067	54.506053	5.2
1853	2813.170120	0.000000	0.000067	88.827061	6.2
1854	2925.207497	0.000000	0.000067	84.665753	6.1
1855	2723.058979	0.000000	0.000067	61.118489	5.4
1856	2786.739557	0.000000	0.000067	81.734075	5.3
1857	2663.574775	0.000000	0.000067	47.179676	5.2
1858	2734.374913	0.000000	0.000067	96.114755	5.3
1859	2752.250434	0.000000	0.000067	99.605398	5.3
1860	2659.584510	0.000131	0.000067	51.444043	6.5
1861	2847.059808	0.000000	0.000067	87.055491	5.1
1862	2784.980065	0.000000	0.000067	62.113449	5.1
1863	2726.702154	0.000000	0.000067	54.651528	6.1
1864	2706.593829	0.000000	0.000067	75.483225	5.3
1865	2705.685508	0.000000	0.000067	92.743467	6.4
1866	2815.467365	0.000000	0.000067	133.318205	5.6
1867	2649.782606	0.000000	0.000067	68.487866	5.5
1868	2751.542645	0.000000	0.000067	90.914498	5.8
1869	2735.554237	0.000000	0.000067	52.314833	6.7
1870	2645.133348	0.000000	0.000067	61.296490	5.6
1871	2602.917558	0.000000	0.000067	96.954766	4.8
1872	2721.410009	0.000207	0.000067	119.577279	4.6
1873	2827.155596	0.001526	0.000067	100.132345	3.0
1874	2802.898917	0.002688	0.000067	89.781820	3.4
1875	2608.907470	0.003040	0.000067	79.255906	4.5
1876	2739.420228	0.003377	0.000067	67.685136	5.2
1877	2785.807786	0.003304	0.000067	102.796326	5.3
1878	2567.822141	0.003656	0.000067	65.249127	5.0
1879	2596.133358	0.002513	0.000067	47.290618	5.9
1880	2812.191711	0.002226	0.000067	89.570752	6.0
1881	2713.314448	0.001660	0.000067	67.833714	5.0
1882	2746.763590	0.000965	0.000067	103.445391	5.3
1883	2819.097506	0.000000	0.000067	63.352314	4.5
1884	2733.172118	0.000000	0.000067	100.611590	4.2
1885	2736.229305	0.000000	0.000067	91.367637	4.8
1886	2675.792948	0.000000	0.000067	66.755488	3.9
1887	2582.078100	0.000000	0.000067	67.426069	3.4
1888	2632.316913	0.000000	0.000067	71.804984	3.2
1889	2542.941014	0.000000	0.000067	118.171842	2.9
1890	2699.769812	0.000588	0.000067	60.606095	3.1
1891	2952.399798	0.000397	0.000067	86.215874	2.9
1892	2849.058495	0.000450	0.000067	61.546868	3.5
1893	2801.833548	0.000000	0.000067	82.316865	4.6
1894	2796.366657	0.000000	0.000067	59.244010	2.8
1895	2655.010249	0.000000	0.000067	46.146771	4.2
1896	2967.793046	0.000000	0.000067	92.299656	4.7
1897	2948.251461	0.000000	0.000067	95.423542	4.5
1898	2557.939639	0.000000	0.000067	87.069578	4.3
1899	2631.980945	0.000688	0.000067	155.336474	3.6
1900	2686.732018	0.000000	0.000067	63.197737	3.6
1901	2635.264527	0.000000	0.000067	90.214129	3.6
1902	2767.871386	0.000000	0.000067	83.430188	4.1
1903	2842.930240	0.000000	0.000067	57.786233	4.9
1904	2591.550231	0.000000	0.000067	60.245472	3.1
1905	2578.971625	0.000000	0.000067	47.334125	3.2
1906	2671.132130	0.000000	0.000067	81.569039	3.3
1907	2796.249849	0.000000	0.000067	55.215690	4.3
1908	2720.026972	0.000000	0.000067	61.772050	3.1
1909	2579.181647	0.000000	0.000067	53.019045	3.3
1910	2675.864341	0.000000	0.000067	71.956332	5.3
1911	2715.819651	0.000000	0.000067	56.155543	6.2
1912	2815.688630	0.000000	0.000067	114.411651	5.0
1913	3098.313130	0.000000	0.000067	61.760414	7.0
1914	2905.126373	0.000000	0.000067	102.852552	4.0
1915	2995.731768	0.000000	0.000067	69.745028	5.2
1916	2590.425569	0.000000	0.000067	53.459467	3.3
1917	2619.723083	0.000000	0.000067	54.480455	2.3
1918	2645.906909	0.000000	0.000067	75.566899	3.4
1919	2686.407372	0.000000	0.000067	58.220696	2.6
1920	2938.654876	0.000000	0.000067	76.128672	3.2
1921	2755.761352	0.000000	0.000067	74.270215	4.1
1922	2821.939507	0.000000	0.000067	110.152977	3.1
1923	3041.590992	0.000078	0.000067	72.304828	3.8
1924	2822.487295	0.000121	0.000067	66.500251	5.0
1925	2973.506801	0.000000	0.000067	92.416255	4.7
1926	2697.833649	0.000000	0.000067	58.995565	5.2
1927	2857.316047	0.000000	0.000067	73.632494	3.0
1928	2738.185424	0.000000	0.000067	74.845109	3.6
1929	2782.522347	0.000000	0.000067	54.738357	3.5
1930	2706.430972	0.000000	0.000067	72.936327	4.4
1931	2661.271367	0.000000	0.000067	73.094524	3.0
1932	2713.177310	0.000000	0.000067	72.110830	3.7
1933	2662.650483	0.000000	0.000067	53.756508	4.5
1934	2729.516185	0.000000	0.000067	49.647799	4.0
1935	2870.243386	0.000000	0.000067	99.298276	5.8
1936	2752.902242	0.000000	0.000067	61.319464	4.6
1937	2760.519089	0.000111	0.000067	85.844941	6.0
1938	2839.721387	0.000000	0.000067	96.633349	4.5
1939	2675.404722	0.000000	0.000067	108.021214	4.1
1940	2726.837128	0.001225	0.000067	75.041497	4.1
1941	2677.709267	0.001778	0.000067	61.745001	3.2
1942	2723.580610	0.001910	0.000067	94.263910	3.3
1943	2569.158560	0.001940	0.000067	93.271885	3.2
1944	2707.116507	0.002602	0.000067	47.960014	2.9
1945	2849.777854	0.002362	0.000067	78.218750	3.7
1946	2792.474935	0.001970	0.000067	108.477108	4.0
1947	2849.728419	0.001651	0.000067	61.223258	3.3
1948	2596.239618	0.000731	0.000067	76.932240	3.4
1949	2720.059481	0.000532	0.000067	108.865622	3.5
1950	2933.047403	0.000000	0.000067	62.956375	3.8
1951	2756.859162	0.000000	0.000067	94.368914	3.8
1952	2722.007431	0.000000	0.000067	69.051050	3.7
1953	2761.064808	0.000000	0.000067	102.398475	4.4
1954	2827.804704	0.000000	0.000067	94.829730	4.4
1955	2889.282441	0.000000	0.000067	81.415643	4.4
1956	2787.704323	0.000399	0.000067	73.719530	3.6
1957	2632.243055	0.000000	0.000067	45.250938	3.5
1958	2566.936318	0.000000	0.000067	85.135527	7.2
1959	2840.646789	0.000000	0.000067	69.476993	5.3
1960	2913.427246	0.000000	0.000067	86.457715	5.4
1961	2620.630532	0.000000	0.000067	61.250554	5.1
1962	2827.265337	0.000000	0.000067	99.696230	5.5
1963	2573.096130	0.000020	0.000067	70.151024	2.8
1964	2559.905915	0.000000	0.000067	92.826695	2.7
1965	2690.117827	0.000363	0.000067	80.548752	2.6
1966	2796.771343	0.000061	0.000067	64.365437	5.0
1967	2532.162018	0.000000	0.000067	81.092198	4.8
1968	2760.663105	0.000066	0.000067	75.827397	5.0
1969	2907.596988	0.000209	0.000067	59.181795	4.7
1970	2708.805277	0.000000	0.000067	69.622753	5.0
1971	2633.941573	0.000000	0.000067	75.271651	4.8
1972	2847.302908	0.000000	0.000067	63.895541	4.3
1973	2632.906194	0.000000	0.000067	66.072260	5.7
1974	2595.889199	0.000000	0.000067	98.434724	5.4
1975	2761.208706	0.000225	0.000067	72.641545	4.9
1976	2898.419924	0.000000	0.000067	109.593557	4.2
1977	2660.095358	0.000000	0.000067	68.767074	5.4
1978	2596.385450	0.000282	0.000067	65.575087	2.8
1979	2804.160702	0.000047	0.000067	135.578024	6.4
1980	2711.662985	0.000000	0.000067	59.966839	4.7
1981	2718.612897	0.000000	0.000067	135.997479	4.7
1982	2822.132326	0.000376	0.000067	91.292374	6.5
1983	2768.616720	0.000103	0.000067	75.371578	3.5
1984	2846.520542	0.000128	0.000067	114.279744	3.6
1985	2874.388571	0.000000	0.000067	83.046705	3.5
1986	2802.978593	0.000951	0.000067	53.011584	3.5
1987	2824.617569	0.000586	0.000067	96.289146	3.4
1988	2506.814142	0.000079	0.000067	57.486975	5.3
1989	2542.599677	0.000000	0.000067	87.948291	5.4
1990	2708.963046	0.000000	0.000067	73.295387	4.0
1991	2835.240188	0.000000	0.000067	64.769562	5.0
1992	2652.381238	0.000000	0.000067	83.837007	5.0
1993	2838.414659	0.000000	0.000067	64.221347	4.9
1994	2755.570710	0.000000	0.000067	88.797925	4.8
1995	2839.539899	0.000000	0.000067	65.838343	5.0
1996	2704.807445	0.000000	0.000067	50.688915	3.6
1997	2606.411514	0.000000	0.000067	61.961159	3.8
1998	2627.048230	0.000000	0.000067	70.227993	3.6
1999	2684.494033	0.000096	0.000067	53.333709	3.9
