1:ItNr	2:Metric	3a:Time	3b:StepSize	4:||Gradient||	Time[ms]
0	414.990019	0.000000	0.001037	316.715007	215.9
1	362.907792	0.000000	0.001037	118.676195	1.4
2	361.770883	0.000000	0.001037	80.201576	1.5
3	337.721678	0.043903	0.001035	35.821079	1.5
4	364.113702	0.033528	0.001035	35.493134	1.7
5	351.764059	0.022612	0.001036	36.628052	1.7
6	341.380234	0.012065	0.001036	50.761930	1.5
7	354.711542	0.004535	0.001037	51.330503	1.4
8	333.638838	0.055475	0.001034	32.698265	1.4
9	341.557675	0.045368	0.001035	37.686994	1.5
10	340.802005	0.034477	0.001035	65.306022	1.6
11	341.737193	0.031596	0.001035	44.008256	1.5
12	349.941572	0.133821	0.001030	33.740396	1.5
13	349.263136	0.124815	0.001031	70.665584	1.5
14	351.689100	0.115924	0.001031	56.261556	1.5
15	359.190460	0.883570	0.000995	51.912007	1.5
16	347.787760	0.902099	0.000994	64.865910	1.6
17	354.079212	1.066117	0.000987	56.502489	1.7
18	353.657868	1.507704	0.000968	62.463830	1.7
19	353.015162	1.965015	0.000948	71.874178	1.6
20	346.837482	2.928873	0.000910	65.712304	1.7
21	350.710824	3.896425	0.000875	42.040371	1.6
22	340.688881	4.007458	0.000871	48.292864	1.8
23	334.335277	3.998112	0.000871	34.351443	1.8
24	335.123197	3.987660	0.000871	38.718176	3.8
25	354.681754	3.982622	0.000872	43.139415	3.8
26	339.591765	3.971268	0.000872	49.405031	4.4
27	332.956182	3.967746	0.000872	34.352177	4.3
28	329.164041	3.956316	0.000873	33.534321	3.8
29	335.512374	3.946569	0.000873	33.311285	3.1
30	337.291444	3.935572	0.000873	34.046215	3.2
31	327.991380	3.929228	0.000874	26.537428	3.0
32	339.019142	3.920944	0.000874	27.017444	2.7
33	333.763432	3.911334	0.000874	26.310941	2.7
34	337.124766	3.902790	0.000874	39.632150	2.8
35	353.086539	3.893839	0.000875	27.701713	2.6
36	342.883049	3.884530	0.000875	35.440106	2.1
37	322.315897	3.873808	0.000875	39.343675	2.1
38	318.765665	3.865453	0.000876	51.765171	2.1
39	332.705881	3.991898	0.000871	38.012750	2.0
40	337.248726	3.990660	0.000871	37.557747	2.0
41	342.396167	3.987390	0.000871	56.574346	4.7
42	329.211247	3.991223	0.000871	28.109769	2.0
43	328.034771	3.997428	0.000871	25.339414	2.2
44	346.849278	3.989460	0.000871	47.900369	2.4
45	335.594908	3.981768	0.000872	43.008830	2.4
46	342.506313	3.988574	0.000871	35.230713	2.4
47	347.565529	3.978366	0.000872	37.954861	2.3
48	330.302889	3.977729	0.000872	43.993841	1.9
49	329.228769	3.968815	0.000872	29.308464	2.0
50	327.549429	3.973228	0.000872	40.159614	1.9
51	320.763329	3.962157	0.000872	57.901808	2.0
52	322.778978	4.412143	0.000857	46.194481	2.0
53	328.218341	4.889596	0.000841	22.029884	1.9
54	334.293733	4.880698	0.000841	43.857345	2.0
55	312.979954	4.873596	0.000842	19.592939	2.0
56	317.415459	4.867240	0.000842	35.026101	1.9
57	320.999176	4.858936	0.000842	35.015841	1.9
58	325.601021	4.862933	0.000842	57.796149	1.9
59	319.881482	5.079652	0.000835	50.932631	1.9
60	333.926524	5.620130	0.000818	47.317669	1.9
61	306.470432	5.781623	0.000813	38.386989	1.9
62	322.140734	6.064605	0.000805	38.693014	1.9
63	323.880450	6.107013	0.000803	50.001974	1.9
64	322.835737	6.293807	0.000798	59.431531	1.9
65	312.474206	7.052288	0.000776	54.048009	1.9
66	318.082451	7.984827	0.000751	30.379049	1.9
67	322.934769	8.119849	0.000748	31.408727	1.9
68	324.212014	8.115540	0.000748	24.205996	1.9
69	315.122549	8.107189	0.000748	53.939919	1.8
70	320.287099	8.112335	0.000748	29.553516	1.9
71	317.643335	8.160402	0.000747	38.105551	1.9
72	319.933257	8.149756	0.000747	48.157079	1.9
73	317.438363	8.302617	0.000743	58.645519	1.9
74	333.651115	9.200842	0.000721	48.993674	2.1
75	324.395150	9.659362	0.000710	48.248070	2.1
76	303.990525	9.647789	0.000711	81.428932	2.1
77	325.065654	10.640457	0.000688	20.770115	2.1
78	318.064668	10.631196	0.000688	16.913804	1.9
79	310.674940	10.626339	0.000689	30.084026	1.9
80	331.067436	10.623422	0.000689	26.597570	1.9
81	327.300137	10.615240	0.000689	31.386993	1.9
82	325.959553	10.628019	0.000689	41.434214	1.9
83	322.844529	10.617668	0.000689	40.204759	1.9
84	304.625942	10.737299	0.000686	48.994890	1.9
85	308.671096	10.905176	0.000683	44.886961	1.9
86	318.065324	11.341806	0.000673	27.736655	1.9
87	332.141112	11.374506	0.000673	80.681641	2.4
88	318.428551	11.609085	0.000668	62.442706	2.0
89	318.395844	12.608857	0.000648	27.026137	2.1
90	317.827649	12.597519	0.000648	24.215822	4.5
91	319.639000	12.603711	0.000648	25.889146	4.5
92	314.878210	12.594061	0.000648	23.537286	4.4
93	329.406226	12.594735	0.000648	24.619834	4.4
94	330.143803	12.585995	0.000648	48.248277	4.0
95	312.125531	12.637959	0.000647	23.761796	4.0
96	318.857100	12.681404	0.000647	26.151282	3.3
97	315.010447	12.675793	0.000647	21.168551	3.0
98	313.407744	12.673624	0.000647	29.245001	3.1
99	310.096495	12.673246	0.000647	35.035998	3.0
100	312.159643	12.704902	0.000646	52.896954	2.7
101	332.522287	12.961331	0.000641	25.149389	2.8
102	311.999461	12.951756	0.000641	48.420328	2.7
103	315.734311	12.945374	0.000642	29.116947	2.4
104	321.890370	12.935926	0.000642	41.003136	2.3
105	313.862795	12.944921	0.000642	15.218484	2.3
106	316.200250	12.940055	0.000642	25.673194	2.3
107	315.350006	12.933911	0.000642	19.355570	2.2
108	312.340433	12.925849	0.000642	41.610397	2.0
109	314.881743	12.939142	0.000642	18.394353	2.0
110	313.581207	12.938723	0.000642	19.629287	2.0
111	317.924719	12.931888	0.000642	24.181798	2.1
112	323.676524	12.925183	0.000642	25.670014	1.8
113	336.718018	12.920301	0.000642	28.861421	2.1
114	310.987115	12.914956	0.000642	29.271573	1.9
115	318.274930	12.907862	0.000642	52.632128	1.8
116	326.635036	12.935759	0.000642	57.958191	1.9
117	311.665980	13.899170	0.000624	43.262166	1.9
118	314.846542	13.887661	0.000624	36.641996	1.9
119	303.749643	14.143929	0.000620	23.417920	1.8
120	305.960617	14.134588	0.000620	29.332721	1.8
121	322.198791	14.125076	0.000620	38.762322	1.8
122	308.839703	14.192373	0.000619	43.239551	1.8
123	296.713898	14.462973	0.000614	15.507838	1.8
124	313.396078	14.454149	0.000614	28.384922	1.8
125	309.174464	14.452118	0.000614	36.029985	1.8
126	312.639905	14.491961	0.000614	32.849950	1.8
127	311.487710	14.547374	0.000613	36.629250	1.9
128	324.586471	14.536175	0.000613	43.371679	1.8
129	307.032171	14.760805	0.000609	26.552047	1.8
130	323.342273	14.797063	0.000608	19.767255	2.3
131	317.245559	14.792203	0.000608	45.666125	2.3
132	322.440664	14.813585	0.000608	27.014318	2.3
133	308.741161	14.911925	0.000606	35.156425	2.3
134	322.408424	14.903865	0.000607	20.877953	2.3
135	316.166616	14.916418	0.000606	31.746921	2.3
136	311.141104	14.906988	0.000606	14.567511	2.3
137	305.253128	14.901397	0.000607	33.766055	2.1
138	324.978279	14.915415	0.000606	35.739988	1.8
139	323.861942	15.040636	0.000604	62.958369	1.8
140	311.845796	15.644522	0.000594	58.889152	1.9
141	300.436719	16.635495	0.000579	18.975520	1.8
142	302.976484	16.714239	0.000577	26.880951	1.9
143	322.247019	16.710016	0.000577	31.519239	1.9
144	310.610331	16.701530	0.000578	28.704500	1.9
145	321.712929	16.752005	0.000577	15.478698	1.9
146	308.896893	16.749403	0.000577	25.715475	1.9
147	314.139851	16.749610	0.000577	18.769050	1.9
148	324.621904	16.751701	0.000577	30.242218	2.1
149	307.421666	16.751330	0.000577	23.875259	2.1
150	297.411586	16.764103	0.000577	13.012573	2.1
151	315.994806	16.759339	0.000577	28.472844	2.1
152	309.735139	16.757800	0.000577	28.337667	2.1
153	305.757052	16.784045	0.000576	19.097207	1.9
154	323.630832	16.777119	0.000576	19.904751	1.9
155	316.930109	16.771488	0.000577	20.550572	1.9
156	314.198365	16.771138	0.000577	22.962693	1.9
157	314.146826	16.786466	0.000576	29.105598	1.9
158	320.038626	16.805975	0.000576	11.618560	1.9
159	312.380617	16.803097	0.000576	21.343338	1.9
160	322.234594	16.801738	0.000576	20.486713	1.9
161	310.728869	16.793625	0.000576	40.669795	1.9
162	310.790825	16.821019	0.000576	30.182124	1.9
163	317.597370	16.842164	0.000575	19.393212	1.9
164	309.585289	16.849099	0.000575	29.875104	1.9
165	311.582389	16.862343	0.000575	27.244994	1.9
166	302.893731	16.853019	0.000575	54.918553	1.8
167	302.585568	17.121517	0.000571	15.235928	1.9
168	319.255387	17.129502	0.000571	41.308972	1.9
169	319.025845	17.125680	0.000571	24.935325	1.9
170	318.679729	17.137256	0.000571	27.988809	1.8
171	317.336603	17.158576	0.000571	43.249387	1.9
172	314.722284	17.151455	0.000571	25.428769	1.9
173	303.245719	17.219582	0.000570	34.423004	1.9
174	309.141919	17.222661	0.000570	28.550179	1.9
175	307.685813	17.254623	0.000569	27.246682	1.9
176	317.772324	17.274905	0.000569	16.230265	1.9
177	293.515988	17.267879	0.000569	18.423417	1.9
178	313.920106	17.262622	0.000569	39.030086	5.2
179	309.658463	17.282853	0.000569	22.366557	4.6
180	309.133926	17.273557	0.000569	28.335243	4.7
181	317.924132	17.296187	0.000569	20.422483	4.7
182	313.201354	17.287688	0.000569	41.986769	4.4
183	301.491232	17.330572	0.000568	15.647482	2.9
184	312.459348	17.328921	0.000568	20.457489	2.9
185	306.864702	17.335791	0.000568	33.256609	2.8
186	301.551992	17.343396	0.000568	11.264932	2.5
187	305.212088	17.336254	0.000568	18.882426	2.2
188	303.552492	17.331496	0.000568	19.261514	2.2
189	310.600229	17.340796	0.000568	18.229657	2.2
190	317.022308	17.337960	0.000568	26.563672	3.9
191	319.645162	17.329937	0.000568	15.023967	2.3
192	312.513570	17.340167	0.000568	23.808392	2.3
193	319.193196	17.333692	0.000568	23.907357	2.7
194	305.175923	17.356404	0.000568	12.176382	2.6
195	327.658719	17.353004	0.000568	27.356901	3.3
196	309.407270	17.356172	0.000568	23.820895	3.6
197	319.463506	17.371071	0.000568	17.697338	4.3
198	314.270157	17.379783	0.000567	21.797195	4.3
199	318.739557	17.373940	0.000567	34.614727	4.1
200	299.433581	17.383663	0.000567	25.555357	3.3
201	304.749822	17.405346	0.000567	24.700396	3.3
202	331.860139	17.403194	0.000567	30.480025	3.1
203	312.995177	17.428637	0.000567	32.468644	4.5
204	306.119399	17.500671	0.000566	24.324336	4.4
205	307.984332	17.506642	0.000566	37.136208	3.9
206	306.018237	17.509351	0.000565	25.632869	4.1
207	294.580165	17.502275	0.000566	27.725872	3.5
208	304.677085	17.517030	0.000565	32.802966	2.9
209	301.699733	17.555369	0.000565	35.063636	2.9
210	305.045753	17.688265	0.000563	59.638693	2.9
211	306.843558	18.478413	0.000552	20.221615	2.7
212	306.958741	18.628158	0.000550	16.109338	2.7
213	305.567622	18.629786	0.000549	21.106866	2.7
214	299.934928	18.626926	0.000550	13.870872	2.8
215	313.075795	18.626612	0.000550	37.384456	2.8
216	295.862316	18.649533	0.000549	36.382099	2.9
217	303.365585	18.706912	0.000548	18.475695	2.9
218	308.650508	18.712881	0.000548	6.712641	2.2
219	303.636863	18.713754	0.000548	17.270180	2.3
220	304.294825	18.710853	0.000548	38.068686	2.4
221	297.536866	18.719665	0.000548	11.532261	4.7
222	309.510525	18.715762	0.000548	13.949312	4.7
223	325.285115	18.717660	0.000548	20.557355	4.4
224	320.142676	18.711533	0.000548	19.071328	4.5
225	299.929789	18.708303	0.000548	38.206329	4.4
226	316.734443	18.738011	0.000548	21.170093	3.5
227	310.094795	18.744026	0.000548	27.677806	3.3
228	304.915705	18.735903	0.000548	13.462025	3.4
229	296.817669	18.749634	0.000548	36.615213	2.8
230	315.027672	18.742091	0.000548	13.944267	2.8
231	306.656838	18.746099	0.000548	18.897861	2.8
232	299.759597	18.740097	0.000548	36.092082	2.7
233	313.185226	18.749936	0.000548	31.274601	2.4
234	316.054609	18.757487	0.000548	45.956485	2.4
235	307.813068	18.800862	0.000547	34.342349	2.4
236	293.202434	18.790356	0.000547	59.122137	2.4
237	317.261801	19.426442	0.000539	19.814764	2.1
238	309.632241	19.416403	0.000539	36.967428	2.1
239	319.132001	19.429222	0.000539	18.165987	2.1
240	307.647462	19.422847	0.000539	12.450940	2.1
241	308.930454	19.418758	0.000539	58.470587	2.2
242	315.753802	19.408951	0.000539	49.333252	2.2
243	285.797184	20.386868	0.000526	15.911081	2.2
244	303.782168	20.376944	0.000526	14.197895	2.8
245	331.778421	20.372675	0.000526	29.100049	4.4
246	312.298273	20.369648	0.000526	10.038133	4.4
247	306.478896	20.367826	0.000526	30.363089	4.2
248	304.114385	20.365700	0.000526	13.587348	3.3
249	310.207729	20.364833	0.000526	35.441268	3.5
250	311.811201	20.366558	0.000526	30.343860	4.7
251	311.387492	20.377953	0.000526	27.393579	3.5
252	302.788881	20.455171	0.000525	29.921911	3.5
253	299.925813	20.456986	0.000525	15.080637	4.5
254	299.973976	20.469987	0.000525	18.198518	4.5
255	311.005144	20.469492	0.000525	20.442823	3.5
256	304.964357	20.473608	0.000525	38.850525	3.4
257	300.900514	20.505451	0.000525	8.098630	4.0
258	313.239598	20.499983	0.000525	37.533964	2.7
259	315.088544	20.505730	0.000525	28.544936	2.9
260	305.405534	20.529088	0.000524	26.063371	3.2
261	311.657574	20.586278	0.000524	13.068270	2.7
262	316.405167	20.585587	0.000524	14.096738	2.7
263	301.422754	20.588469	0.000524	19.213382	4.2
264	301.508619	20.585825	0.000524	36.511194	4.8
265	320.582600	20.623117	0.000523	33.578078	4.7
266	318.441046	20.633146	0.000523	14.572803	4.3
267	305.642637	20.626248	0.000523	23.965001	4.4
268	308.402377	20.629725	0.000523	35.173639	4.3
269	317.221844	20.645128	0.000523	17.717167	3.4
270	304.791050	20.684469	0.000522	27.641013	5.2
271	305.577412	20.684217	0.000522	20.119590	6.9
272	303.589250	20.692637	0.000522	14.493227	2.3
273	304.542610	20.689841	0.000522	11.905982	2.0
274	296.665279	20.687557	0.000522	14.389808	2.0
275	317.556560	20.689361	0.000522	19.431182	4.8
276	309.525438	20.686271	0.000522	28.816442	3.4
277	315.945497	20.705894	0.000522	34.313395	3.1
278	313.374219	20.716243	0.000522	37.917265	2.7
279	307.754958	21.054952	0.000518	26.207671	2.7
280	308.851482	21.044190	0.000518	41.134253	3.8
281	298.690908	21.148244	0.000517	27.339002	4.0
282	302.927834	21.139797	0.000517	27.459906	2.3
283	317.026049	21.145087	0.000517	14.980694	2.9
284	308.484095	21.137737	0.000517	22.638326	2.9
285	308.902461	21.143863	0.000517	14.246086	2.9
286	309.312167	21.141811	0.000517	22.662853	2.5
287	317.429188	21.136747	0.000517	19.673869	2.2
288	307.292495	21.150845	0.000517	25.599023	2.2
289	314.801575	21.143501	0.000517	14.834812	6.1
290	301.377559	21.152368	0.000517	13.398868	2.4
291	298.339361	21.148322	0.000517	20.413296	2.4
292	308.846687	21.143894	0.000517	28.249734	3.1
293	305.501582	21.179561	0.000516	36.133827	4.5
294	308.842524	21.293627	0.000515	15.413229	4.6
295	308.885876	21.307694	0.000515	40.849341	4.8
296	313.296692	21.301756	0.000515	10.589459	4.5
297	309.016491	21.303742	0.000515	25.861435	4.4
298	313.920380	21.307828	0.000515	35.183883	4.4
299	302.172493	21.404566	0.000514	9.829181	3.8
300	293.792157	21.398874	0.000514	35.977113	3.1
301	310.503988	21.405139	0.000514	29.995805	3.2
302	303.741364	21.396720	0.000514	32.339215	4.9
303	316.576648	21.462904	0.000513	43.883900	2.9
304	302.020432	21.451608	0.000513	35.649331	3.2
305	300.208704	21.937160	0.000507	4.920467	2.9
306	306.371503	21.935959	0.000507	40.170615	5.2
307	310.981724	21.933446	0.000507	48.714577	6.6
308	304.897536	22.568303	0.000500	14.519132	4.5
309	287.257444	22.580687	0.000500	28.457166	4.5
310	310.197336	22.591138	0.000500	24.934010	4.4
311	323.366129	22.655709	0.000499	40.460260	4.4
312	300.359898	22.648982	0.000499	43.018420	3.2
313	296.380409	23.102678	0.000494	38.031423	3.3
314	319.909140	23.407897	0.000490	30.061533	3.6
315	297.311632	23.400307	0.000490	47.484229	3.8
316	322.986374	23.674845	0.000487	29.970531	3.1
317	307.578845	24.087695	0.000483	8.503636	3.7
318	300.585198	24.088279	0.000483	43.796388	2.8
319	310.989965	24.098524	0.000483	35.513832	2.9
320	298.850827	24.452544	0.000479	43.693419	3.2
321	301.589505	24.883079	0.000475	16.068710	4.7
322	314.258383	24.940156	0.000474	38.012244	3.8
323	303.497843	24.952237	0.000474	33.873790	3.1
324	308.753508	25.241265	0.000471	18.491250	5.1
325	308.529768	25.245137	0.000471	13.558756	5.0
326	317.333779	25.240056	0.000471	21.501006	4.3
327	305.410232	25.250728	0.000471	24.638728	4.3
328	303.091351	25.259981	0.000471	19.931940	4.9
329	288.648519	25.257734	0.000471	13.733629	3.2
330	288.343310	25.266740	0.000471	13.752141	3.2
331	310.752713	25.262209	0.000471	33.407883	3.1
332	307.374896	25.272673	0.000471	30.690779	3.1
333	321.457754	25.283108	0.000471	19.593134	3.0
334	308.569722	25.274075	0.000471	8.874007	3.0
335	311.404212	25.274279	0.000471	36.448682	3.0
336	312.543962	25.268080	0.000471	26.314512	6.0
337	321.203948	25.274290	0.000471	15.412094	2.7
338	317.638412	25.270163	0.000471	15.595469	5.1
339	310.061312	25.268174	0.000471	23.550218	3.5
340	301.658944	25.263861	0.000471	53.669474	2.9
341	332.838617	25.532434	0.000468	24.800629	3.1
342	306.926241	25.539721	0.000468	27.291039	7.5
343	303.816314	25.542138	0.000468	23.222292	2.5
344	308.341488	25.550023	0.000468	13.651007	4.5
345	298.173778	25.553890	0.000468	38.350016	4.5
346	309.885076	25.569400	0.000468	20.766170	3.4
347	314.419491	25.628770	0.000467	38.800504	3.4
348	309.132347	25.628090	0.000467	29.803285	3.4
349	315.437546	25.690514	0.000466	29.723033	2.7
350	291.654184	25.790008	0.000465	23.998918	5.5
351	311.003014	25.781452	0.000465	33.658081	5.0
352	310.264609	25.797918	0.000465	13.799680	3.0
353	311.791227	25.794907	0.000465	39.280026	3.0
354	317.858689	25.801761	0.000465	17.372131	3.0
355	302.516836	25.839929	0.000465	20.650759	2.1
356	311.504534	25.857402	0.000465	24.443959	4.9
357	304.653329	25.854301	0.000465	7.840730	2.1
358	309.476122	25.854393	0.000465	37.193458	2.9
359	310.579587	25.851997	0.000465	16.026367	4.6
360	317.395298	25.867345	0.000465	26.085875	2.3
361	298.309256	25.863734	0.000465	23.986815	2.8
362	313.320220	25.856942	0.000465	13.011629	2.9
363	306.978553	25.866067	0.000465	43.347991	3.7
364	293.271301	25.859670	0.000465	29.710496	3.3
365	307.942648	26.132144	0.000462	19.852474	3.5
366	295.200105	26.126645	0.000462	28.974247	2.2
367	308.727267	26.126014	0.000462	19.888134	5.4
368	305.752810	26.123466	0.000462	9.966051	3.0
369	307.322049	26.126895	0.000462	27.146466	2.6
370	311.581689	26.122485	0.000462	69.045061	3.1
371	304.100672	26.848249	0.000455	29.216318	5.7
372	321.120340	27.520637	0.000449	25.627381	4.8
373	308.659688	27.534007	0.000449	14.211358	4.1
374	311.721797	27.534561	0.000449	18.026955	4.1
375	305.409608	27.538422	0.000449	41.744892	4.4
376	287.319342	27.531166	0.000449	15.626068	4.4
377	309.759251	27.541528	0.000449	67.914481	3.3
378	307.564227	27.531131	0.000449	19.889251	3.1
379	300.187645	27.653873	0.000448	32.608815	3.0
380	302.862050	27.644080	0.000448	20.371276	2.6
381	292.672858	27.638141	0.000448	39.048255	3.9
382	311.108258	27.632870	0.000448	13.372000	2.0
383	304.473507	27.670413	0.000447	16.555696	2.1
384	311.914274	27.668904	0.000447	47.632130	1.9
385	312.169443	27.662205	0.000447	19.323060	2.0
386	307.166698	27.653315	0.000448	31.417369	1.9
387	311.140823	27.661266	0.000448	33.781450	1.9
388	301.136032	27.747615	0.000447	8.198283	1.9
389	318.534939	27.745684	0.000447	33.479735	2.0
390	305.500233	27.753721	0.000447	36.762637	2.2
391	292.307450	27.751416	0.000447	25.653425	1.9
392	309.856901	27.746855	0.000447	26.471571	3.1
393	310.534688	27.747808	0.000447	20.371269	3.2
394	317.955446	27.760790	0.000447	48.279423	2.3
395	302.944065	27.750045	0.000447	32.752216	3.7
396	316.018652	28.013038	0.000444	22.399021	2.3
397	309.037448	28.041693	0.000444	18.950640	2.4
398	319.614786	28.041227	0.000444	30.016887	7.0
399	317.915081	28.036376	0.000444	17.301175	2.8
400	290.983854	28.047982	0.000444	19.648000	2.9
401	315.546371	28.056287	0.000444	15.212621	6.1
402	307.732029	28.065310	0.000444	17.616620	2.8
403	295.230469	28.066742	0.000444	12.121014	2.8
404	308.290372	28.073253	0.000444	28.754522	5.4
405	305.979699	28.084834	0.000444	19.021715	3.0
406	306.727475	28.084213	0.000444	16.959460	3.0
407	295.763578	28.078384	0.000444	30.216028	3.1
408	306.285142	28.076037	0.000444	26.760139	3.7
409	306.770660	28.065584	0.000444	31.556320	3.1
410	316.384943	28.169681	0.000443	17.803730	3.2
411	326.414109	28.161252	0.000443	34.421375	3.4
412	303.825418	28.155753	0.000443	30.873385	6.1
413	313.241206	28.168454	0.000443	25.696328	4.8
414	304.780013	28.243560	0.000442	24.940754	4.7
415	299.512289	28.298250	0.000442	22.059496	4.7
416	304.292153	28.310080	0.000442	21.625705	5.0
417	301.019543	28.307325	0.000442	31.589355	4.2
418	302.291703	28.349322	0.000441	24.956725	4.1
419	293.427262	28.424455	0.000441	7.906748	3.2
420	311.746655	28.421727	0.000441	24.984636	3.2
421	303.437364	28.421855	0.000441	30.289685	3.7
422	289.960843	28.484910	0.000440	22.709733	3.4
423	306.033052	28.482597	0.000440	27.079465	2.7
424	312.410188	28.535095	0.000440	17.196639	2.6
425	310.105164	28.526592	0.000440	15.938236	4.1
426	306.787961	28.533415	0.000440	27.553046	3.0
427	298.372025	28.527573	0.000440	19.782147	3.7
428	313.374864	28.541125	0.000440	19.076242	4.8
429	307.403450	28.547210	0.000440	23.004683	5.1
430	319.030583	28.572119	0.000439	17.449914	4.7
431	298.968794	28.568996	0.000439	34.703442	5.1
432	300.324168	28.597552	0.000439	30.207136	4.6
433	298.978243	28.587016	0.000439	12.560006	5.1
434	299.349936	28.607658	0.000439	29.030064	3.8
435	302.217589	28.623516	0.000439	27.603004	3.9
436	306.096307	28.672576	0.000438	35.759294	3.9
437	300.351366	28.661915	0.000438	13.123324	3.2
438	301.090192	28.673361	0.000438	23.781349	5.8
439	311.737824	28.687972	0.000438	35.821474	4.9
440	309.492768	28.742794	0.000438	24.269547	5.4
441	322.422081	28.756261	0.000438	19.538253	3.9
442	305.187989	28.787902	0.000437	6.393904	3.5
443	309.190325	28.789934	0.000437	35.320570	3.2
444	314.319125	28.793298	0.000437	15.275378	6.5
445	308.645687	28.801682	0.000437	27.895512	4.0
446	318.836357	28.820938	0.000437	15.449179	3.8
447	320.051986	28.842609	0.000437	26.116157	3.9
448	315.642617	28.853667	0.000437	19.307922	3.1
449	319.104540	28.856278	0.000437	46.709098	3.0
450	305.707352	28.858509	0.000437	26.583855	3.0
451	309.045704	28.962119	0.000436	21.469398	3.0
452	290.913313	28.974625	0.000436	30.267350	7.0
453	299.184980	28.995548	0.000436	35.574509	2.8
454	301.709641	29.059909	0.000435	16.679512	3.1
455	302.269419	29.054234	0.000435	31.682551	3.1
456	289.298262	29.073672	0.000435	20.454693	3.0
457	321.814355	29.089060	0.000435	33.525977	2.4
458	304.879443	29.111876	0.000435	14.182249	2.3
459	314.462147	29.143237	0.000434	27.618016	2.4
460	313.305442	29.157597	0.000434	32.485654	2.3
461	315.538685	29.182212	0.000434	31.767131	2.0
462	312.347558	29.195391	0.000434	24.868783	2.1
463	301.434727	29.252085	0.000433	22.884712	3.5
464	295.755855	29.265145	0.000433	28.904922	3.9
465	307.056380	29.257215	0.000433	33.303052	4.3
466	298.310836	29.265146	0.000433	15.677379	2.0
467	307.986457	29.259253	0.000433	43.035537	2.6
468	294.238454	29.282467	0.000433	17.073640	4.2
469	308.049205	29.278971	0.000433	27.469260	5.3
470	313.138636	29.303156	0.000433	20.695297	4.7
471	307.435335	29.312530	0.000433	27.047629	5.0
472	305.699228	29.335675	0.000433	8.731920	2.0
473	311.054067	29.344829	0.000433	24.680900	1.9
474	304.648462	29.339994	0.000433	16.035646	3.9
475	308.496268	29.342220	0.000433	22.716930	2.1
476	310.001927	29.336493	0.000433	20.968515	4.9
477	304.787345	29.345292	0.000433	48.095832	5.9
478	311.237139	29.457354	0.000432	31.789215	3.8
479	297.804063	29.798008	0.000429	18.378291	5.5
480	302.955431	29.791169	0.000429	26.876780	2.6
481	294.182361	29.803835	0.000429	19.169556	2.5
482	304.999425	29.830367	0.000428	16.457049	2.5
483	295.139655	29.842058	0.000428	30.976668	5.3
484	305.966420	29.857388	0.000428	7.866390	2.3
485	306.110383	29.854357	0.000428	27.686318	2.5
486	305.533478	29.861939	0.000428	27.090581	2.3
487	308.745915	29.890810	0.000428	38.670717	2.8
488	305.398079	29.891994	0.000428	26.223537	2.8
489	312.323204	30.023360	0.000427	25.831556	2.7
490	294.455854	30.014861	0.000427	51.461031	4.2
491	309.247364	30.017367	0.000427	18.578977	4.0
492	298.851620	30.150424	0.000426	20.257581	2.4
493	309.150060	30.159065	0.000426	14.674923	4.4
494	303.984854	30.156230	0.000426	33.019240	4.3
495	312.631711	30.148451	0.000426	9.838225	3.1
496	300.692768	30.156973	0.000426	25.494846	2.9
497	302.649148	30.151633	0.000426	26.016887	3.2
498	305.404305	30.154259	0.000426	20.396080	3.1
499	315.433119	30.160535	0.000426	33.531722	3.5
500	304.596180	30.224651	0.000425	12.597450	2.9
501	315.410719	30.223640	0.000425	21.217286	2.8
502	301.241475	30.224289	0.000425	10.533509	3.0
503	305.578046	30.232269	0.000425	30.106494	2.8
504	318.011112	30.225974	0.000425	16.170314	3.5
505	298.457531	30.222365	0.000425	21.518703	5.4
506	298.120147	30.217267	0.000425	16.253705	3.9
507	310.321636	30.221559	0.000425	32.858540	2.2
508	303.274666	30.218633	0.000425	14.533886	2.6
509	296.927701	30.231141	0.000425	51.335650	2.7
510	316.023273	30.221936	0.000425	29.678257	3.3
511	314.687228	30.703507	0.000421	12.231203	2.7
512	310.609632	30.697516	0.000421	15.022151	3.4
513	297.419373	30.697111	0.000421	22.206863	2.6
514	301.625024	30.707341	0.000421	19.150010	2.5
515	292.896696	30.718301	0.000421	15.580470	2.3
516	303.390151	30.717361	0.000421	20.644511	2.3
517	298.721772	30.733901	0.000421	9.889362	4.4
518	301.546110	30.733894	0.000421	15.006239	2.3
519	314.443307	30.737365	0.000421	25.245578	2.2
520	306.115683	30.751044	0.000421	12.670273	2.2
521	305.427231	30.762468	0.000421	17.288039	2.2
522	299.485208	30.757625	0.000421	35.275367	2.3
523	308.903540	30.760635	0.000421	43.107896	1.9
524	302.592094	31.142227	0.000418	14.210770	1.9
525	299.090581	31.133274	0.000418	25.931730	1.8
526	309.079307	31.148884	0.000418	16.562970	1.9
527	301.987161	31.166986	0.000417	19.550293	1.9
528	313.995934	31.174373	0.000417	23.833013	1.9
529	303.601328	31.169939	0.000417	30.612880	1.9
530	299.949128	31.220649	0.000417	13.932008	1.9
531	307.633843	31.219637	0.000417	27.696934	2.2
532	304.889765	31.212792	0.000417	20.107533	1.9
533	311.309510	31.236856	0.000417	20.769177	1.8
534	314.790502	31.231830	0.000417	38.861138	1.8
535	299.826911	31.314827	0.000416	12.564768	1.8
536	307.061635	31.312487	0.000416	29.689286	2.1
537	314.562362	31.318600	0.000416	21.948238	1.8
538	301.947841	31.371556	0.000416	13.862198	1.9
539	298.867573	31.373120	0.000416	21.174342	2.0
540	298.136616	31.371501	0.000416	31.677704	2.0
541	309.615226	31.423103	0.000415	14.914339	2.0
542	302.885366	31.437126	0.000415	17.623279	2.2
543	307.754211	31.442984	0.000415	34.813251	2.0
544	308.751486	31.462638	0.000415	39.690534	2.5
545	301.849375	31.716144	0.000413	16.917465	2.1
546	298.610891	31.778542	0.000413	35.023098	1.8
547	288.267823	31.795773	0.000412	22.409787	1.8
548	296.739469	31.882088	0.000412	29.104787	3.9
549	313.262402	31.876858	0.000412	10.335343	3.3
550	308.735800	31.872651	0.000412	14.048356	2.3
551	308.944546	31.877632	0.000412	18.198045	2.0
552	306.180599	31.885292	0.000412	36.454879	5.1
553	297.096390	31.946679	0.000411	39.010544	3.1
554	314.384705	32.334967	0.000408	33.930371	2.5
555	313.971982	32.633135	0.000406	31.156475	3.0
556	303.303963	32.622462	0.000406	17.222179	3.2
557	307.046377	32.640379	0.000406	45.076305	3.5
558	298.664629	32.637149	0.000406	19.616386	2.4
559	302.015374	32.626689	0.000406	57.910140	4.9
560	309.456748	32.771683	0.000405	33.442680	6.1
561	320.248881	33.502163	0.000400	9.551852	2.7
562	314.981006	33.506276	0.000400	25.736540	5.5
563	296.758464	33.509224	0.000399	30.335532	3.7
564	301.708366	33.536574	0.000399	23.137315	3.2
565	313.638529	33.593595	0.000399	26.045373	4.3
566	309.313305	33.593983	0.000399	37.853596	3.7
567	302.049136	33.616933	0.000399	17.211647	3.6
568	307.824320	33.625477	0.000399	11.454323	2.8
569	303.835811	33.622304	0.000399	25.312344	4.4
570	304.749900	33.630012	0.000399	11.738794	2.7
571	313.469331	33.627057	0.000399	28.546335	2.5
572	309.022228	33.631963	0.000399	10.287385	4.9
573	310.542219	33.628639	0.000399	10.465933	4.7
574	306.738281	33.631046	0.000399	12.431234	4.7
575	304.369335	33.635071	0.000399	32.039797	4.4
576	300.455415	33.632727	0.000399	40.764639	3.5
577	303.461088	33.924645	0.000396	23.158930	3.5
578	309.036985	33.936667	0.000396	31.999630	3.5
579	303.652826	33.944656	0.000396	13.599213	12.4
580	299.202162	33.939087	0.000396	28.932631	3.4
581	314.885841	33.958008	0.000396	11.023697	4.7
582	308.389279	33.970203	0.000396	34.696033	4.2
583	302.376963	33.970747	0.000396	21.706377	4.2
584	307.637103	33.975416	0.000396	30.337181	4.7
585	305.450671	33.978481	0.000396	38.937359	4.6
586	314.037080	33.996527	0.000396	17.848097	3.5
587	308.519791	33.992808	0.000396	4.896654	3.4
588	291.113584	33.994604	0.000396	7.358383	3.5
589	291.914456	33.994447	0.000396	28.886463	3.4
590	291.779263	34.000340	0.000396	30.047983	3.5
591	309.216989	34.024175	0.000396	25.113913	3.5
592	311.439728	34.013866	0.000396	9.515549	3.8
593	322.380990	34.019844	0.000396	17.880920	3.0
594	298.796211	34.018641	0.000396	12.962373	4.9
595	310.481175	34.013963	0.000396	13.145145	3.2
596	302.809144	34.009665	0.000396	18.842715	3.3
597	306.703839	34.016453	0.000396	20.735184	4.0
598	312.602144	34.011784	0.000396	28.534776	4.1
599	306.171894	34.005984	0.000396	35.685135	3.6
600	308.950857	34.130180	0.000395	25.809071	3.5
601	304.915497	34.119352	0.000395	26.386072	3.5
602	308.002192	34.137959	0.000395	12.423286	3.4
603	307.537149	34.132715	0.000395	25.376525	4.5
604	291.671943	34.142161	0.000395	25.946568	3.7
605	319.407449	34.146311	0.000395	16.998704	3.0
606	303.129965	34.143066	0.000395	14.032682	3.2
607	306.119882	34.148932	0.000395	41.598068	3.3
608	303.174992	34.162936	0.000395	20.553923	2.8
609	296.769932	34.161858	0.000395	21.879686	2.4
610	302.292603	34.166759	0.000395	22.523398	2.3
611	295.973244	34.158827	0.000395	24.840380	2.6
612	308.446825	34.171894	0.000395	23.332750	3.0
613	298.241584	34.170548	0.000395	11.981532	3.4
614	304.501956	34.166951	0.000395	13.978484	3.4
615	302.776745	34.163024	0.000395	20.706655	3.9
616	298.176372	34.175770	0.000395	19.089916	3.6
617	301.626219	34.179616	0.000395	25.101275	3.3
618	295.007375	34.195682	0.000395	26.534730	3.5
619	300.963414	34.203540	0.000394	28.273142	5.4
620	298.876990	34.200983	0.000394	20.825705	5.4
621	322.058970	34.218878	0.000394	15.810565	5.1
622	318.136709	34.214650	0.000394	48.034385	4.1
623	313.883727	34.230367	0.000394	25.117083	4.4
624	299.071575	34.414181	0.000393	15.961332	3.3
625	309.890750	34.408181	0.000393	16.059158	2.9
626	296.224989	34.413087	0.000393	27.658668	3.0
627	306.715296	34.437377	0.000393	20.578336	2.9
628	308.104103	34.472744	0.000393	5.695739	5.3
629	308.838539	34.472634	0.000393	19.506203	4.7
630	306.804239	34.471810	0.000393	30.110552	3.0
631	303.884219	34.502133	0.000392	17.075388	3.0
632	309.273862	34.507945	0.000392	13.119675	3.1
633	305.738430	34.504349	0.000392	14.109651	2.9
634	315.703837	34.502561	0.000392	12.350435	3.1
635	303.888381	34.508904	0.000392	27.907015	3.5
636	312.024135	34.503486	0.000392	18.326320	4.2
637	301.773588	34.512426	0.000392	17.881643	2.7
638	314.167401	34.517903	0.000392	15.784354	2.7
639	303.655778	34.526982	0.000392	15.189356	2.7
640	313.547679	34.527673	0.000392	40.790990	4.9
641	312.440525	34.558475	0.000392	49.872744	2.7
642	311.442978	35.184770	0.000388	53.167376	3.8
643	296.083320	36.136294	0.000381	33.248455	3.8
644	301.923286	36.779754	0.000377	35.100869	4.2
645	302.821357	36.945025	0.000376	19.143658	3.2
646	300.280083	36.937496	0.000376	27.170815	4.2
647	307.565498	36.930389	0.000376	32.446622	2.7
648	299.161645	37.039653	0.000375	24.373006	4.1
649	301.672518	37.057038	0.000375	9.786110	5.3
650	300.525317	37.064145	0.000375	15.477138	4.8
651	304.154614	37.066823	0.000375	30.062315	5.0
652	309.489920	37.058546	0.000375	35.681167	4.5
653	318.558568	37.088424	0.000375	23.979446	5.5
654	297.253941	37.153824	0.000374	10.986126	3.4
655	299.322390	37.148738	0.000374	10.633213	3.2
656	319.734792	37.151703	0.000374	26.827827	3.1
657	314.510440	37.145974	0.000375	11.019409	5.2
658	315.629759	37.146873	0.000375	32.329252	5.0
659	300.283656	37.154253	0.000374	48.585725	3.7
660	289.816778	37.659530	0.000371	33.380467	3.4
661	310.869051	37.923756	0.000370	15.226060	2.7
662	310.095721	37.916199	0.000370	29.368626	3.6
663	303.635533	37.945197	0.000369	26.926067	3.8
664	307.106054	37.960567	0.000369	9.071360	2.2
665	288.412829	37.962345	0.000369	28.029826	4.7
666	317.262912	37.961781	0.000369	39.956938	2.3
667	305.298866	37.997265	0.000369	18.177217	3.0
668	302.364187	37.998541	0.000369	13.246565	4.2
669	309.834118	37.997379	0.000369	21.987970	4.1
670	314.892853	37.999465	0.000369	16.505913	4.3
671	317.026019	37.993502	0.000369	27.752976	4.5
672	311.221859	38.005446	0.000369	29.371677	5.4
673	309.435575	38.056995	0.000369	20.490161	3.2
674	303.430588	38.066061	0.000369	12.108389	2.6
675	320.253441	38.069236	0.000369	28.726599	2.8
676	306.036938	38.073158	0.000369	35.594649	2.4
677	312.485375	38.107146	0.000368	9.746969	7.3
678	297.098484	38.111334	0.000368	23.687128	3.0
679	311.240383	38.109408	0.000368	16.759777	3.4
680	310.376175	38.105487	0.000368	35.560380	4.4
681	307.735916	38.099106	0.000368	30.027724	4.8
682	307.948354	38.165337	0.000368	20.931237	4.8
683	321.978716	38.175150	0.000368	18.530440	4.2
684	307.590862	38.174652	0.000368	20.987937	4.0
685	301.567657	38.169367	0.000368	29.894104	4.5
686	309.640349	38.193498	0.000368	7.040985	4.5
687	315.873278	38.195885	0.000368	36.009154	4.6
688	312.813738	38.201130	0.000368	19.682723	4.4
689	304.900687	38.226512	0.000368	45.377348	4.2
690	305.683919	38.313883	0.000367	72.876968	3.3
691	300.938250	39.307535	0.000361	12.799211	4.1
692	310.643654	39.313556	0.000361	22.620630	3.6
693	297.244995	39.319135	0.000361	16.996828	3.5
694	312.972064	39.317954	0.000361	21.897519	3.5
695	321.969269	39.315230	0.000361	25.150793	2.7
696	307.957080	39.342290	0.000361	28.541705	2.7
697	309.383737	39.350359	0.000361	5.269391	2.9
698	300.691340	39.351528	0.000361	21.466993	2.7
699	300.329970	39.354243	0.000361	73.036558	4.9
700	301.864869	39.458537	0.000360	18.172128	9.0
701	314.924063	39.465571	0.000360	36.458318	4.6
702	306.746423	39.458918	0.000360	25.385687	6.0
703	299.984854	39.449968	0.000360	16.352047	4.8
704	315.190414	39.443172	0.000360	37.938700	5.1
705	304.002005	39.457931	0.000360	18.924747	5.1
706	305.548097	39.479185	0.000360	7.051589	3.4
707	297.644945	39.481765	0.000360	11.973705	4.1
708	311.235442	39.480882	0.000360	28.526785	3.5
709	293.919937	39.473964	0.000360	9.685364	3.4
710	305.613784	39.469396	0.000360	9.407858	3.3
711	304.127797	39.470343	0.000360	16.250543	2.9
712	301.821995	39.470850	0.000360	12.148415	3.4
713	298.121709	39.466880	0.000360	26.857449	3.2
714	305.628771	39.466148	0.000360	16.230455	3.4
715	311.060265	39.458711	0.000360	31.879932	3.3
716	317.092773	39.482545	0.000360	10.256113	4.3
717	316.318135	39.482501	0.000360	32.901778	2.6
718	307.909664	39.488607	0.000360	50.310160	3.9
719	303.717592	39.706604	0.000359	38.428146	6.5
720	311.105304	40.052683	0.000357	12.048566	4.2
721	310.265261	40.077553	0.000357	18.298260	4.1
722	304.080156	40.073191	0.000357	22.839171	4.4
723	317.606162	40.066862	0.000357	19.720274	5.4
724	300.365694	40.063203	0.000357	9.856891	3.2
725	317.407440	40.060289	0.000357	14.198689	3.2
726	314.585845	40.065742	0.000357	29.632345	3.3
727	294.437739	40.074218	0.000357	34.936364	4.3
728	302.804909	40.239695	0.000356	30.881240	6.3
729	298.947208	40.233287	0.000356	17.119438	4.3
730	307.219177	40.231750	0.000356	9.475141	4.3
731	309.931046	40.234963	0.000356	31.853168	4.1
732	317.322986	40.240596	0.000356	12.043567	5.2
733	301.011167	40.262993	0.000355	40.367870	3.6
734	302.384114	40.256610	0.000355	19.157739	3.2
735	314.063990	40.303977	0.000355	10.317481	3.3
736	318.607442	40.309330	0.000355	16.166358	3.4
737	316.530817	40.313553	0.000355	7.729273	2.7
738	311.532964	40.315028	0.000355	12.502147	2.6
739	308.300575	40.313288	0.000355	17.641663	2.6
740	308.384191	40.317776	0.000355	23.912207	3.4
741	291.591205	40.311188	0.000355	36.657856	7.6
742	309.623746	40.393432	0.000355	21.636105	4.6
743	305.398313	40.405275	0.000355	18.168847	4.5
744	305.011611	40.421530	0.000355	16.499308	6.2
745	304.643041	40.427526	0.000355	33.543464	4.8
746	308.560763	40.425899	0.000355	30.134446	4.7
747	304.040440	40.415552	0.000355	33.033135	4.6
748	300.632403	40.405313	0.000355	19.027038	3.7
749	312.747713	40.445779	0.000354	26.370155	3.6
750	307.576159	40.436908	0.000354	23.467472	3.2
751	302.025927	40.440230	0.000354	26.348593	2.9
752	289.612801	40.451043	0.000354	16.594309	2.9
753	298.631983	40.474967	0.000354	14.491616	2.8
754	301.078150	40.471863	0.000354	21.742366	4.2
755	313.284337	40.467560	0.000354	25.079396	4.9
756	312.182909	40.500860	0.000354	26.182063	5.5
757	306.734168	40.491464	0.000354	38.942608	5.5
758	303.457501	40.659696	0.000353	21.936514	4.6
759	311.671929	40.659930	0.000353	19.622424	5.0
760	294.124570	40.665554	0.000353	44.231498	3.9
761	312.508694	40.715828	0.000353	30.070010	3.8
762	303.691532	41.020194	0.000351	7.324397	4.9
763	301.517759	41.026059	0.000351	19.198141	3.3
764	307.249791	41.029965	0.000351	22.617083	3.3
765	313.863084	41.038005	0.000351	31.629191	3.0
766	310.254228	41.044104	0.000351	12.773276	2.9
767	312.402904	41.047907	0.000351	36.527729	3.1
768	314.325878	41.053661	0.000351	24.476317	3.6
769	314.740663	41.060989	0.000351	18.843377	4.7
770	312.284422	41.065588	0.000351	12.537586	4.8
771	302.567608	41.067450	0.000351	30.162608	4.7
772	302.945636	41.085481	0.000351	28.135268	3.3
773	307.283687	41.077368	0.000351	31.333834	3.8
774	307.437269	41.068643	0.000351	30.607698	3.8
775	307.064911	41.118161	0.000351	27.687408	3.8
776	304.199824	41.110342	0.000351	21.623748	2.9
777	316.751308	41.125039	0.000351	7.036345	4.2
778	305.124861	41.121242	0.000351	8.951211	2.9
779	295.128313	41.122031	0.000351	39.904929	2.7
780	290.502712	41.115277	0.000351	46.266263	4.7
781	301.480670	41.300926	0.000350	39.406790	3.2
782	301.945307	41.756109	0.000347	13.731776	2.9
783	306.925433	41.748982	0.000347	10.709226	4.0
784	299.891089	41.754650	0.000347	12.704502	2.7
785	293.148991	41.759622	0.000347	30.242231	2.5
786	303.854849	41.757724	0.000347	34.439154	2.6
787	294.619192	41.829756	0.000347	13.434676	5.2
788	302.663225	41.838209	0.000347	20.862644	2.4
789	312.846717	41.833896	0.000347	16.464930	5.1
790	315.949835	41.834178	0.000347	22.347124	2.5
791	304.524126	41.850041	0.000346	14.951632	3.0
792	309.706647	41.844594	0.000347	35.470881	6.9
793	315.992367	41.853593	0.000346	13.846834	4.3
794	284.642783	41.847742	0.000346	26.975553	4.8
795	311.791492	41.850593	0.000346	27.774826	3.8
796	304.028247	41.841247	0.000347	23.071459	3.6
797	303.690293	41.856716	0.000346	32.147751	3.6
798	295.753351	41.860300	0.000346	22.604635	3.1
799	314.523109	41.877202	0.000346	33.989538	3.3
800	299.717312	41.872836	0.000346	15.255176	3.4
801	308.672322	41.876096	0.000346	19.126700	4.9
802	302.842629	41.881476	0.000346	14.705782	3.6
803	299.634210	41.885044	0.000346	19.275298	3.3
804	312.188039	41.882784	0.000346	15.210018	3.4
805	313.615552	41.881550	0.000346	15.976991	3.6
806	303.128419	41.880790	0.000346	10.611312	5.0
807	300.850410	41.881536	0.000346	12.747195	2.9
808	305.302834	41.881085	0.000346	7.919814	5.5
809	302.459290	41.878548	0.000346	17.542524	3.2
810	297.318160	41.874824	0.000346	11.173227	3.1
811	296.069850	41.873118	0.000346	32.300330	3.1
812	301.333820	41.872397	0.000346	22.132687	4.9
813	308.646123	41.940434	0.000346	24.811025	4.2
814	302.659992	41.935979	0.000346	19.772285	5.2
815	312.834971	41.937070	0.000346	19.065162	4.0
816	305.263090	41.941625	0.000346	12.159540	5.4
817	310.460929	41.941389	0.000346	29.401813	3.3
818	300.217661	41.936055	0.000346	25.948707	3.1
819	309.523993	41.934408	0.000346	20.692865	3.3
820	305.875689	41.955082	0.000346	21.512421	3.1
821	299.795663	41.947972	0.000346	45.447577	2.4
822	305.108609	42.005729	0.000346	12.259355	2.3
823	311.441434	41.997941	0.000346	15.501292	2.3
824	306.070069	41.994506	0.000346	27.180778	2.6
825	308.944658	41.990729	0.000346	21.366784	4.7
826	320.239620	41.986453	0.000346	33.738833	2.0
827	301.457905	42.001713	0.000346	15.537249	2.0
828	314.003741	42.027475	0.000346	22.638684	2.0
829	306.903301	42.021513	0.000346	10.034139	2.5
830	312.193676	42.026485	0.000346	42.224899	4.1
831	314.283810	42.033293	0.000345	12.355309	2.1
832	308.893484	42.027110	0.000346	11.055720	5.6
833	314.627025	42.029590	0.000345	12.507312	3.3
834	307.215545	42.030477	0.000345	25.771898	2.2
835	306.925930	42.025890	0.000346	5.817324	6.6
836	305.832917	42.022469	0.000346	48.131065	2.6
837	317.315345	42.031808	0.000345	15.000580	3.2
838	299.433048	42.021697	0.000346	25.766091	6.0
839	308.630435	42.029644	0.000345	13.287603	4.3
840	290.221961	42.036916	0.000345	23.837576	4.4
841	306.305338	42.039297	0.000345	12.588638	4.0
842	303.836644	42.039578	0.000345	15.166279	4.1
843	300.285997	42.040645	0.000345	8.275713	3.4
844	299.117933	42.045582	0.000345	20.897281	3.0
845	309.862937	42.045448	0.000345	22.534980	2.9
846	304.347150	42.076285	0.000345	21.658188	2.9
847	298.473475	42.075257	0.000345	25.905084	2.9
848	308.437554	42.105881	0.000345	19.624585	4.0
849	308.535101	42.130008	0.000345	22.214182	4.7
850	309.956995	42.158337	0.000345	13.808909	2.6
851	305.518989	42.152320	0.000345	22.994101	4.5
852	307.668896	42.167615	0.000345	16.399520	3.2
853	311.091463	42.176047	0.000345	16.947154	3.2
854	300.400359	42.172301	0.000345	11.327354	3.2
855	302.995597	42.169959	0.000345	22.734464	3.3
856	314.569715	42.166109	0.000345	29.901076	2.8
857	317.143991	42.157431	0.000345	23.562935	2.6
858	320.925053	42.187023	0.000345	11.416029	4.8
859	312.636290	42.200027	0.000345	43.145591	5.4
860	299.219289	42.205187	0.000345	14.944265	2.5
861	310.096612	42.251729	0.000344	29.102555	3.7
862	307.977238	42.277043	0.000344	53.916479	2.7
863	307.147255	42.440895	0.000343	55.616487	5.8
864	315.800178	43.424216	0.000338	44.992353	4.7
865	290.329490	44.305069	0.000333	45.059170	3.4
866	300.895067	45.088327	0.000330	10.540361	3.0
867	304.418931	45.109125	0.000329	15.010226	6.3
868	308.811777	45.106456	0.000329	5.691761	7.0
869	303.042087	45.109262	0.000329	36.900486	4.8
870	306.141417	45.116853	0.000329	10.781976	4.8
871	301.148448	45.114325	0.000329	36.873417	5.0
872	298.840538	45.134583	0.000329	13.501519	4.6
873	318.927365	45.129568	0.000329	28.386613	4.5
874	296.084090	45.146585	0.000329	18.832218	4.9
875	295.795864	45.168388	0.000329	18.299552	5.6
876	302.058025	45.172299	0.000329	32.822137	5.5
877	306.824057	45.164833	0.000329	17.522774	6.5
878	303.724080	45.172930	0.000329	25.119699	4.2
879	314.675552	45.180740	0.000329	32.902791	4.0
880	306.440255	45.240232	0.000329	12.595097	4.0
881	295.129610	45.238738	0.000329	12.608606	3.8
882	297.018697	45.240141	0.000329	36.349708	3.7
883	314.972285	45.241974	0.000329	10.030222	4.3
884	308.500786	45.235224	0.000329	33.762985	2.9
885	306.346169	45.250782	0.000329	5.656509	2.9
886	303.708950	45.247616	0.000329	32.724162	2.7
887	299.250446	45.248759	0.000329	26.936906	2.6
888	308.890497	45.317040	0.000328	29.285982	2.7
889	303.740585	45.307710	0.000328	29.273571	2.5
890	290.850049	45.312851	0.000328	40.004888	2.4
891	301.839674	45.489046	0.000328	15.769705	2.3
892	303.859562	45.480893	0.000328	19.501284	3.3
893	314.911615	45.479917	0.000328	25.900824	4.6
894	292.153790	45.477221	0.000328	31.216733	4.4
895	307.405358	45.570516	0.000327	15.308458	4.7
896	311.990006	45.567082	0.000327	21.331733	3.2
897	325.104500	45.570316	0.000327	14.993422	5.8
898	315.498480	45.570685	0.000327	29.936357	5.7
899	311.295227	45.577826	0.000327	28.044140	4.6
900	308.261434	45.568144	0.000327	25.123159	4.5
901	312.000709	45.566431	0.000327	23.597005	4.0
902	315.957610	45.602138	0.000327	22.379137	3.7
903	311.657087	45.640300	0.000327	20.665489	3.7
904	309.083763	45.642290	0.000327	12.440879	3.7
905	299.148162	45.636562	0.000327	15.881489	7.4
906	311.930687	45.638304	0.000327	24.298309	4.2
907	302.240851	45.659333	0.000327	25.258500	4.6
908	306.139642	45.705053	0.000326	27.180217	4.4
909	313.338701	45.711629	0.000326	30.403607	3.4
910	307.257975	45.744354	0.000326	22.704768	3.4
911	293.462154	45.734579	0.000326	27.261041	3.8
912	313.514502	45.762563	0.000326	44.807275	4.0
913	308.157529	45.752571	0.000326	21.621649	4.2
914	311.687563	45.764851	0.000326	23.150443	4.8
915	310.472586	45.793712	0.000326	25.764573	4.8
916	290.769075	45.820171	0.000326	37.731935	3.3
917	305.031938	45.825297	0.000326	17.310096	3.4
918	297.994495	45.815578	0.000326	16.409170	3.4
919	303.849291	45.814320	0.000326	32.625074	4.8
920	298.643147	45.817787	0.000326	37.069597	4.1
921	297.170438	45.806920	0.000326	5.776752	4.1
922	308.557054	45.814350	0.000326	9.838220	3.3
923	308.108370	45.815127	0.000326	15.415632	3.2
924	297.049259	45.814414	0.000326	21.415443	3.3
925	299.458473	45.808312	0.000326	20.889928	3.4
926	316.203123	45.807920	0.000326	36.896035	3.4
927	303.598899	45.808928	0.000326	18.582856	6.1
928	304.390396	45.805522	0.000326	48.068817	4.8
929	313.429612	45.802630	0.000326	24.300105	4.7
930	313.710367	45.791426	0.000326	16.877638	4.6
931	311.171726	45.787892	0.000326	43.093136	3.5
932	312.928482	45.806055	0.000326	39.351313	3.4
933	312.465533	46.365703	0.000323	22.976203	3.3
934	302.612081	46.370660	0.000323	10.783412	2.6
935	309.436549	46.366563	0.000323	27.067188	2.7
936	306.323187	46.360086	0.000323	48.509466	2.6
937	299.138154	46.379292	0.000323	27.494816	2.5
938	313.067890	46.404743	0.000323	30.423832	3.2
939	302.434964	46.394202	0.000323	25.762224	3.5
940	311.715914	46.387645	0.000323	20.777122	3.5
941	301.750970	46.429721	0.000323	18.023912	3.3
942	311.688717	46.422545	0.000323	33.225198	3.4
943	306.444105	46.472320	0.000323	43.664160	3.8
944	303.458038	46.653096	0.000322	32.225444	2.6
945	318.706975	47.043551	0.000320	14.159073	2.5
946	302.849746	47.040012	0.000320	22.645717	2.5
947	301.925198	47.048427	0.000320	20.303506	2.4
948	313.071670	47.069336	0.000320	18.919168	5.8
949	308.781923	47.062924	0.000320	24.706768	4.3
950	303.182764	47.057397	0.000320	15.829828	4.9
951	314.903040	47.079473	0.000320	25.412012	4.6
952	301.718513	47.071651	0.000320	18.321635	3.4
953	310.622890	47.081500	0.000320	21.271977	4.3
954	306.036972	47.104320	0.000320	37.552873	3.4
955	318.250409	47.097805	0.000320	15.920174	4.5
956	303.416393	47.140097	0.000320	14.066043	6.2
957	299.296085	47.148723	0.000320	8.288182	4.6
958	305.274469	47.152785	0.000320	9.402062	4.0
959	302.303568	47.152503	0.000320	11.721654	4.0
960	314.040771	47.151993	0.000320	22.455205	3.9
961	308.427028	47.163908	0.000319	11.849373	3.3
962	315.322590	47.170354	0.000319	20.314760	2.9
963	301.628158	47.168333	0.000319	25.112614	2.8
964	312.746422	47.200480	0.000319	26.656880	2.8
965	306.153046	47.202618	0.000319	28.458983	4.7
966	301.537492	47.198885	0.000319	18.177514	3.8
967	310.495652	47.190758	0.000319	7.794613	2.9
968	306.014088	47.196307	0.000319	24.480009	4.5
969	299.847511	47.195465	0.000319	15.389603	4.5
970	323.261889	47.188632	0.000319	25.924527	4.0
971	304.403449	47.208110	0.000319	39.843379	3.9
972	300.853712	47.278755	0.000319	32.613213	3.5
973	313.878218	47.529202	0.000318	25.404893	4.1
974	308.134430	47.519090	0.000318	20.554512	4.5
975	315.938702	47.531995	0.000318	12.054205	4.4
976	295.711472	47.528870	0.000318	30.926120	3.9
977	303.555804	47.531207	0.000318	41.323425	4.0
978	312.753700	47.623709	0.000317	30.673693	3.7
979	301.576882	47.640319	0.000317	35.445238	3.1
980	297.180008	47.663513	0.000317	17.348545	2.8
981	303.081012	47.692697	0.000317	17.196877	2.8
982	306.761924	47.698586	0.000317	39.031946	2.7
983	305.928237	47.690049	0.000317	20.704698	2.8
984	303.027208	47.681124	0.000317	27.859934	4.2
985	309.278081	47.678825	0.000317	54.313454	4.6
986	319.623314	47.667653	0.000317	17.939032	4.2
987	308.304995	47.660523	0.000317	47.021012	3.5
988	308.986302	47.682515	0.000317	36.627161	4.2
989	306.487364	48.300960	0.000314	45.803073	3.7
990	309.151439	48.696665	0.000312	16.198512	3.4
991	311.591218	48.690033	0.000312	19.612819	2.8
992	304.670062	48.683234	0.000313	18.408489	2.9
993	297.614688	48.681535	0.000313	18.197108	6.0
994	300.295565	48.695385	0.000312	22.347425	2.3
995	304.031499	48.700164	0.000312	18.779790	2.4
996	309.098775	48.711199	0.000312	11.631316	3.3
997	310.829491	48.713231	0.000312	14.126216	4.4
998	308.267808	48.713902	0.000312	23.420372	2.6
999	312.996905	48.707794	0.000312	33.473943	2.6
1000	306.838296	48.754232	0.000312	21.935601	2.8
1001	306.456818	48.829601	0.000312	18.177452	2.7
1002	309.362654	48.842143	0.000312	21.074739	2.6
1003	296.963146	48.851870	0.000312	42.869586	2.5
1004	311.685483	48.842040	0.000312	19.013126	2.1
1005	306.731810	48.858397	0.000312	13.444972	2.1
1006	320.460295	48.863399	0.000312	27.161320	2.1
1007	308.878423	48.871091	0.000312	19.606126	2.1
1008	301.830620	48.901426	0.000312	11.835024	1.8
1009	307.023489	48.905242	0.000312	11.369446	1.9
1010	298.082174	48.907565	0.000312	21.705003	1.8
1011	306.608820	48.912807	0.000311	18.116496	5.0
1012	327.086419	48.927915	0.000311	28.510905	2.5
1013	305.930228	48.918971	0.000311	20.398397	4.7
1014	315.780685	48.940421	0.000311	8.434930	2.4
1015	301.026695	48.939127	0.000311	32.460963	3.0
1016	312.877762	48.933167	0.000311	24.139540	4.5
1017	305.585310	48.928671	0.000311	28.861153	2.6
1018	311.254752	48.943178	0.000311	26.253852	3.0
1019	300.900519	48.933551	0.000311	6.838320	3.0
1020	309.630665	48.933483	0.000311	17.566315	2.9
1021	314.491244	48.935080	0.000311	13.756855	3.0
1022	317.889851	48.936684	0.000311	20.650854	2.3
1023	304.593883	48.935323	0.000311	23.369218	2.2
1024	298.754330	48.932918	0.000311	29.222436	4.6
1025	301.215699	48.958300	0.000311	17.574076	2.4
1026	306.897669	48.950634	0.000311	28.342638	6.6
1027	308.767167	48.974835	0.000311	13.566835	4.7
1028	304.357472	48.988028	0.000311	14.974229	3.0
1029	313.385896	48.987714	0.000311	23.911333	3.1
1030	302.639152	48.985186	0.000311	36.906330	4.4
1031	305.945071	49.087319	0.000311	7.783930	4.4
1032	309.811576	49.081784	0.000311	16.225839	4.6
1033	314.772427	49.084363	0.000311	26.783280	5.5
1034	313.202249	49.082676	0.000311	12.625576	4.3
1035	305.063737	49.078889	0.000311	20.070380	3.8
1036	310.339274	49.080894	0.000311	16.352164	3.6
1037	298.983282	49.077906	0.000311	18.373542	3.0
1038	305.581499	49.072523	0.000311	31.201223	3.2
1039	310.527071	49.079098	0.000311	39.831012	3.1
1040	297.719390	49.371925	0.000309	8.086791	3.2
1041	299.222024	49.370770	0.000309	36.607859	3.1
1042	307.915075	49.374299	0.000309	24.459903	3.1
1043	308.766875	49.409786	0.000309	19.662440	4.3
1044	305.949614	49.407375	0.000309	9.905823	2.3
1045	301.967978	49.403691	0.000309	12.636781	3.1
1046	310.696594	49.401567	0.000309	14.001143	4.5
1047	302.678852	49.398418	0.000309	3.925465	4.5
1048	298.691913	49.399500	0.000309	10.831792	4.7
1049	315.679809	49.398356	0.000309	32.336025	3.5
1050	314.607158	49.391107	0.000309	21.125314	2.6
1051	308.015658	49.388893	0.000309	16.654685	3.5
1052	301.884363	49.392056	0.000309	17.807328	3.1
1053	307.375853	49.404480	0.000309	8.778709	3.1
1054	303.704469	49.400945	0.000309	20.637551	3.8
1055	303.271167	49.401260	0.000309	20.819454	4.6
1056	311.593885	49.417725	0.000309	6.817241	4.5
1057	312.193844	49.415510	0.000309	13.096291	4.2
1058	303.926190	49.414174	0.000309	31.125278	4.1
1059	298.536341	49.425475	0.000309	26.861808	3.1
1060	307.932340	49.476481	0.000309	29.420516	3.1
1061	312.537726	49.560360	0.000309	29.645592	5.8
1062	291.008190	49.681720	0.000308	10.881337	2.4
1063	291.258189	49.694613	0.000308	19.544870	2.3
1064	305.849356	49.699252	0.000308	26.030045	2.4
1065	300.688123	49.705561	0.000308	6.017079	2.9
1066	298.406503	49.705469	0.000308	27.758802	6.5
1067	302.825830	49.702294	0.000308	20.214934	3.5
1068	305.098872	49.694622	0.000308	18.094637	3.6
1069	310.515116	49.693908	0.000308	30.460484	3.6
1070	316.204602	49.700108	0.000308	24.123467	3.9
1071	307.952305	49.748021	0.000308	16.563213	2.8
1072	298.187238	49.742415	0.000308	23.801473	2.9
1073	297.908343	49.745354	0.000308	11.974775	3.3
1074	284.596696	49.756081	0.000308	7.857416	2.3
1075	302.204384	49.759234	0.000308	23.955996	2.3
1076	308.657650	49.759657	0.000308	17.607059	3.3
1077	302.438261	49.771970	0.000308	21.650770	2.1
1078	298.181216	49.764244	0.000308	33.037134	3.4
1079	303.555800	49.838162	0.000307	24.180895	4.9
1080	295.594970	49.832713	0.000307	24.994048	2.9
1081	301.259353	49.855750	0.000307	24.952839	3.0
1082	302.274490	49.892918	0.000307	24.677221	3.5
1083	308.737517	49.885161	0.000307	24.197884	1.9
1084	296.449771	49.923880	0.000307	24.672013	1.9
1085	306.802344	49.915318	0.000307	46.780391	1.8
1086	306.807240	49.991577	0.000307	16.469497	2.5
1087	306.895589	49.983828	0.000307	5.468017	2.3
1088	303.479462	49.981620	0.000307	42.250074	2.3
1089	311.178946	49.992318	0.000307	8.214394	3.2
1090	310.403648	49.998630	0.000307	11.533426	4.9
1091	300.526526	49.996693	0.000307	17.416118	3.9
1092	307.209587	49.992671	0.000307	7.372127	1.8
1093	297.347141	49.994386	0.000307	16.324550	5.0
1094	311.626056	49.994777	0.000307	18.804132	2.6
1095	307.957436	49.988205	0.000307	4.049909	5.7
1096	315.608985	49.989811	0.000307	29.668064	3.1
1097	301.697095	49.987220	0.000307	25.909971	4.8
1098	313.932601	50.070031	0.000306	35.796589	2.9
1099	301.438753	50.083730	0.000306	22.029061	3.0
1100	314.487820	50.117950	0.000306	25.293217	3.0
1101	308.700952	50.109190	0.000306	35.025437	5.9
1102	307.411275	50.169840	0.000306	19.381830	2.3
1103	305.378115	50.163415	0.000306	27.088898	2.3
1104	309.016720	50.157747	0.000306	50.496537	2.3
1105	306.839387	50.399353	0.000305	32.409523	5.2
1106	306.086164	50.827020	0.000303	23.562255	2.6
1107	311.028417	50.819086	0.000303	11.117130	2.5
1108	317.001535	50.823516	0.000303	49.466301	2.7
1109	315.535098	50.820996	0.000303	46.915868	2.7
1110	316.830089	51.690938	0.000300	19.810025	2.7
1111	313.898952	51.683476	0.000300	23.549447	2.5
1112	313.303592	51.681615	0.000300	50.266573	5.2
1113	315.492187	51.683963	0.000300	31.320486	2.1
1114	317.240141	52.018750	0.000298	19.044540	2.0
1115	325.986250	52.011641	0.000298	24.731873	4.0
1116	305.774191	52.043236	0.000298	29.292145	4.6
1117	310.419877	52.045390	0.000298	11.962413	4.8
1118	300.772360	52.038918	0.000298	13.636694	4.6
1119	316.664770	52.039126	0.000298	34.109715	3.1
1120	295.326593	52.039864	0.000298	12.604976	3.4
1121	318.039109	52.036208	0.000298	13.900655	3.4
1122	303.241675	52.033803	0.000298	7.854094	3.0
1123	291.470804	52.036586	0.000298	23.119430	2.6
1124	309.507829	52.032436	0.000298	12.459919	4.3
1125	315.244171	52.034834	0.000298	10.976350	2.7
1126	303.686872	52.032172	0.000298	26.196729	2.6
1127	306.646903	52.037437	0.000298	21.839432	4.4
1128	295.151384	52.067754	0.000298	11.982766	3.7
1129	309.827234	52.078986	0.000298	21.738244	4.4
1130	301.288855	52.079204	0.000298	21.194083	4.1
1131	318.342505	52.109582	0.000298	39.614020	3.3
1132	306.306670	52.118407	0.000298	6.563714	4.9
1133	304.726740	52.115678	0.000298	15.381703	5.1
1134	288.606279	52.112979	0.000298	35.505769	4.0
1135	323.647758	52.128112	0.000298	13.459735	4.1
1136	298.730587	52.127213	0.000298	51.624543	4.8
1137	299.481206	52.130991	0.000298	10.422018	5.1
1138	295.325438	52.123269	0.000298	17.015459	4.7
1139	304.390375	52.123543	0.000298	12.893599	4.3
1140	303.929142	52.129869	0.000298	23.553059	2.7
1141	314.886642	52.138417	0.000298	18.318332	2.5
1142	312.333293	52.137257	0.000298	23.728191	2.5
1143	307.270255	52.131053	0.000298	17.146198	2.4
1144	301.896383	52.125594	0.000298	24.548961	6.4
1145	297.893361	52.143425	0.000298	41.201826	6.3
1146	311.511627	52.321031	0.000297	10.044283	4.6
1147	308.350527	52.315399	0.000297	22.450114	4.2
1148	303.100123	52.314767	0.000297	13.652054	2.5
1149	306.954664	52.309315	0.000297	31.915603	4.0
1150	307.368113	52.305823	0.000297	43.310640	2.7
1151	305.224510	52.515898	0.000296	17.101152	5.0
1152	295.122885	52.505759	0.000296	43.804343	4.7
1153	299.196518	52.546994	0.000296	21.690721	4.0
1154	309.103122	52.674912	0.000296	2.487349	6.0
1155	297.050402	52.674335	0.000296	24.545255	2.0
1156	300.754826	52.675123	0.000296	11.489716	2.0
1157	295.693214	52.669725	0.000296	27.518279	2.0
1158	304.539074	52.671622	0.000296	9.787395	3.8
1159	308.460326	52.666015	0.000296	26.762229	3.3
1160	295.659709	52.672561	0.000296	26.027957	4.5
1161	314.921852	52.679355	0.000296	59.286873	2.7
1162	305.233503	52.813799	0.000295	12.047401	2.8
1163	315.792156	52.872291	0.000295	14.913560	2.7
1164	311.640903	52.878193	0.000295	34.650884	2.7
1165	302.068484	52.907568	0.000295	13.329777	2.1
1166	302.652475	52.908981	0.000295	15.707345	3.0
1167	317.024520	52.907453	0.000295	35.988362	2.1
1168	312.655744	52.921966	0.000295	35.460254	2.0
1169	306.665237	53.035110	0.000294	4.215290	2.0
1170	309.505906	53.035608	0.000294	17.946302	2.1
1171	300.400556	53.036854	0.000294	36.048683	2.1
1172	320.452545	53.049637	0.000294	52.446163	2.0
1173	316.539675	53.422945	0.000293	15.353070	2.1
1174	297.598253	53.455855	0.000292	21.313374	1.9
1175	306.302313	53.452262	0.000292	33.474600	1.8
1176	300.171094	53.463098	0.000292	13.292922	5.8
1177	320.812230	53.461555	0.000292	13.419875	2.0
1178	328.741868	53.460839	0.000292	14.144950	2.3
1179	295.750666	53.462147	0.000292	3.495460	3.8
1180	303.517832	53.463152	0.000292	27.238962	2.6
1181	320.287316	53.464252	0.000292	10.371956	2.3
1182	303.847664	53.476563	0.000292	20.011654	3.0
1183	299.006974	53.472400	0.000292	18.729232	4.4
1184	302.460114	53.470864	0.000292	17.384058	4.3
1185	304.944393	53.464123	0.000292	36.190740	2.2
1186	306.841846	53.515434	0.000292	37.826087	2.2
1187	307.306874	53.671908	0.000292	41.911020	3.1
1188	304.389253	54.178731	0.000290	11.872242	2.5
1189	307.381358	54.181594	0.000290	12.935366	2.6
1190	296.940468	54.184041	0.000290	22.105291	6.2
1191	298.654881	54.179666	0.000290	29.659059	2.7
1192	302.607056	54.217666	0.000290	26.728661	4.8
1193	306.720148	54.234287	0.000289	12.456611	4.6
1194	297.359537	54.230145	0.000289	21.435804	2.7
1195	313.079264	54.239376	0.000289	28.703551	5.1
1196	306.293381	54.287404	0.000289	14.990196	4.6
1197	308.523487	54.305561	0.000289	33.250885	4.8
1198	309.494664	54.301219	0.000289	14.133550	5.1
1199	301.466504	54.317798	0.000289	36.978878	2.8
1200	299.800617	54.316379	0.000289	21.529611	3.4
1201	316.550306	54.383580	0.000289	47.098116	3.5
1202	306.539280	54.490185	0.000288	24.448602	3.3
1203	308.680998	54.595195	0.000288	45.450679	3.0
1204	297.853360	54.590228	0.000288	7.698119	3.5
1205	310.981016	54.583909	0.000288	16.144234	2.5
1206	305.406296	54.587316	0.000288	21.659888	2.6
1207	295.393034	54.586700	0.000288	21.487903	5.7
1208	306.320623	54.583366	0.000288	14.221631	6.4
1209	304.273179	54.598947	0.000288	23.492320	2.6
1210	298.129107	54.598261	0.000288	18.422358	2.5
1211	304.961991	54.607688	0.000288	21.702911	2.9
1212	305.714758	54.600221	0.000288	22.518090	2.9
1213	299.227238	54.612467	0.000288	18.210584	3.7
1214	293.609755	54.619076	0.000288	25.706949	3.7
1215	311.768114	54.623666	0.000288	29.341683	4.2
1216	295.701913	54.630061	0.000288	30.960081	5.5
1217	307.089781	54.632611	0.000288	34.042183	3.8
1218	312.457433	54.744720	0.000287	10.090558	3.3
1219	305.719002	54.743947	0.000287	38.720502	3.3
1220	298.090605	54.742412	0.000288	35.470340	2.9
1221	309.150563	55.008577	0.000286	20.795148	2.3
1222	304.495902	54.999021	0.000287	27.770993	3.7
1223	318.339898	55.004497	0.000287	12.099277	4.4
1224	316.938546	55.022386	0.000286	24.579465	2.8
1225	314.659530	55.016281	0.000286	12.656037	3.0
1226	298.535691	55.021916	0.000286	20.131808	5.9
1227	313.931554	55.031563	0.000286	4.830535	3.7
1228	302.565254	55.030465	0.000286	9.246634	3.3
1229	300.877784	55.030355	0.000286	6.563758	3.4
1230	300.314384	55.029813	0.000286	6.357520	4.5
1231	302.445508	55.030217	0.000286	6.247692	4.4
1232	310.081063	55.030088	0.000286	25.347961	3.9
1233	312.813854	55.033224	0.000286	11.066499	3.8
1234	308.655975	55.039628	0.000286	32.745954	4.8
1235	292.811025	55.037286	0.000286	21.724972	3.3
1236	302.240228	55.028994	0.000286	21.957311	3.1
1237	306.514804	55.025311	0.000286	9.352837	3.2
1238	304.786608	55.023332	0.000286	17.365668	2.8
1239	301.230341	55.023248	0.000286	30.867121	3.5
1240	315.462508	55.033529	0.000286	10.655248	2.8
1241	306.628458	55.027927	0.000286	10.447021	5.4
1242	316.375221	55.026680	0.000286	23.363238	4.8
1243	319.587079	55.026900	0.000286	25.123586	3.6
1244	318.674532	55.035853	0.000286	19.478107	3.6
1245	302.354614	55.066826	0.000286	3.420054	4.7
1246	326.223826	55.068971	0.000286	18.460493	4.9
1247	307.268118	55.067617	0.000286	34.517366	4.7
1248	318.346381	55.071799	0.000286	18.534092	3.6
1249	313.043566	55.079756	0.000286	27.142377	4.1
1250	303.325514	55.098426	0.000286	14.853234	4.6
1251	294.695866	55.091911	0.000286	11.530382	4.6
1252	299.908717	55.091444	0.000286	27.460648	3.9
1253	302.941493	55.098426	0.000286	17.605092	3.3
1254	301.833731	55.129452	0.000286	16.115054	3.2
1255	291.608068	55.123605	0.000286	27.388927	4.3
1256	312.434251	55.141539	0.000286	25.821966	2.7
1257	303.313773	55.151894	0.000286	22.383520	3.2
1258	300.039589	55.144619	0.000286	22.535931	4.5
1259	302.411056	55.148244	0.000286	40.291309	5.1
1260	297.656400	55.222253	0.000286	21.143539	4.7
1261	300.437854	55.283632	0.000285	11.835853	4.8
1262	307.399361	55.286957	0.000285	34.531524	8.3
1263	292.079139	55.295374	0.000285	24.568723	6.5
1264	299.654818	55.336607	0.000285	23.908540	2.5
1265	316.198309	55.327140	0.000285	37.458782	2.4
1266	306.853825	55.326450	0.000285	33.831647	2.4
1267	325.537305	55.604576	0.000284	9.546290	2.3
1268	297.044543	55.600620	0.000284	8.193269	2.3
1269	299.336755	55.602691	0.000284	24.417177	2.4
1270	305.688420	55.599373	0.000284	25.713471	2.3
1271	315.583831	55.642271	0.000284	17.620980	2.4
1272	303.976398	55.635476	0.000284	10.991887	2.4
1273	304.394055	55.640879	0.000284	24.829319	2.5
1274	310.070133	55.639891	0.000284	22.827457	2.5
1275	307.605715	55.653068	0.000284	10.502261	2.5
1276	298.006508	55.648382	0.000284	15.429187	2.6
1277	303.094515	55.648929	0.000284	27.770917	2.6
1278	303.587880	55.640992	0.000284	31.247067	2.7
1279	299.000023	55.732315	0.000284	28.735489	2.3
1280	307.721815	55.732505	0.000284	6.371192	4.5
1281	299.625584	55.735418	0.000284	19.392191	2.1
1282	303.423216	55.732905	0.000284	52.441748	2.0
1283	298.833031	55.789560	0.000284	6.505929	2.3
1284	300.141603	55.783812	0.000284	25.319075	2.2
1285	313.408252	55.789611	0.000284	17.286005	2.3
1286	297.911359	55.789260	0.000284	8.592287	2.2
1287	301.791755	55.788229	0.000284	19.155257	2.0
1288	306.937366	55.792971	0.000284	27.009088	1.8
1289	306.820982	55.830009	0.000283	34.556406	4.3
1290	298.419592	55.840773	0.000283	14.192015	1.9
1291	296.985715	55.856776	0.000283	28.270588	2.0
1292	309.146854	55.869847	0.000283	30.757119	7.7
1293	301.787090	55.860682	0.000283	23.768168	2.9
1294	301.031054	55.875569	0.000283	22.992630	2.3
1295	305.483724	55.867919	0.000283	21.228727	1.9
1296	319.712878	55.868835	0.000283	23.967098	3.5
1297	307.819688	55.880770	0.000283	16.065053	5.6
1298	309.122371	55.893381	0.000283	11.822396	2.0
1299	305.301689	55.893492	0.000283	30.801664	2.0
1300	312.369970	55.902914	0.000283	12.342785	3.9
1301	319.468154	55.899729	0.000283	7.596195	2.4
1302	306.282745	55.901644	0.000283	18.413396	2.4
1303	295.426244	55.898129	0.000283	29.445703	2.3
1304	319.258741	55.940886	0.000283	36.981779	2.4
1305	308.050669	56.107803	0.000282	41.415765	2.3
1306	312.319231	56.154006	0.000282	7.203595	2.4
1307	304.379990	56.150566	0.000282	12.300504	4.3
1308	300.570344	56.153680	0.000282	20.499843	5.1
1309	308.334061	56.156525	0.000282	22.147678	2.0
1310	317.058863	56.150728	0.000282	29.281085	2.3
1311	298.303314	56.144226	0.000282	36.626218	3.8
1312	308.981989	56.240271	0.000282	32.289453	2.6
1313	315.291776	56.254896	0.000282	22.972793	2.2
1314	312.839245	56.296214	0.000282	7.759472	2.3
1315	303.847834	56.296590	0.000282	14.925145	4.9
1316	293.155851	56.299015	0.000282	31.690405	4.0
1317	299.773323	56.302894	0.000282	5.755011	3.3
1318	305.038736	56.305108	0.000282	6.529731	3.6
1319	300.301061	56.304617	0.000282	31.583975	3.2
1320	303.951244	56.305405	0.000282	35.137259	4.8
1321	304.421998	56.311215	0.000282	21.244754	6.3
1322	310.423658	56.346936	0.000282	20.835528	5.0
1323	292.384914	56.356985	0.000282	16.935781	4.5
1324	307.888462	56.358219	0.000281	19.497719	4.1
1325	303.795863	56.371087	0.000281	22.929596	4.2
1326	299.495483	56.363174	0.000281	25.046459	3.1
1327	303.091128	56.365925	0.000281	28.916217	4.0
1328	296.699423	56.372609	0.000281	32.456786	3.0
1329	317.071484	56.410523	0.000281	14.341041	5.0
1330	315.510908	56.402070	0.000281	20.002651	5.1
1331	320.830903	56.404429	0.000281	10.939844	3.5
1332	308.408182	56.405367	0.000281	27.502893	3.1
1333	313.389904	56.402082	0.000281	26.144277	3.3
1334	317.075621	56.466754	0.000281	44.165623	2.5
1335	307.786022	56.455700	0.000281	12.772437	3.6
1336	310.038171	56.461106	0.000281	21.720314	2.4
1337	305.259410	56.472770	0.000281	25.128344	2.4
1338	307.022506	56.481937	0.000281	12.475856	3.4
1339	301.002423	56.488630	0.000281	21.993125	3.9
1340	307.775618	56.487846	0.000281	17.785796	4.6
1341	297.744629	56.508481	0.000281	10.749925	4.2
1342	302.647694	56.506112	0.000281	43.496539	2.0
1343	309.998290	56.523664	0.000281	13.398925	5.0
1344	316.321357	56.518948	0.000281	12.142791	2.4
1345	314.730183	56.523170	0.000281	10.809269	2.2
1346	311.380191	56.525706	0.000281	20.651699	2.2
1347	302.271197	56.523820	0.000281	13.646020	4.3
1348	304.284006	56.538020	0.000281	10.363795	2.4
1349	300.132436	56.542373	0.000281	27.391212	2.4
1350	308.415985	56.536223	0.000281	19.759714	3.6
1351	320.840968	56.569256	0.000281	14.297271	4.5
1352	316.349214	56.565124	0.000281	34.482179	4.5
1353	310.245062	56.594983	0.000281	12.357886	4.6
1354	324.036044	56.609184	0.000281	21.016554	3.4
1355	306.565488	56.606864	0.000281	34.313056	2.0
1356	306.114744	56.599973	0.000281	29.082360	5.3
1357	312.819221	56.663812	0.000280	14.215367	1.9
1358	312.354110	56.660270	0.000280	21.402202	2.1
1359	299.049462	56.654308	0.000280	13.633432	4.0
1360	305.434266	56.656546	0.000280	13.430450	2.9
1361	292.801950	56.658943	0.000280	20.672924	5.0
1362	301.410512	56.666726	0.000280	35.359974	3.0
1363	304.536897	56.665948	0.000280	24.246259	5.0
1364	303.564653	56.712871	0.000280	25.216588	4.8
1365	319.326826	56.719964	0.000280	31.193302	4.6
1366	296.108458	56.716651	0.000280	23.189716	4.1
1367	308.310249	56.739798	0.000280	31.605042	4.1
1368	311.386996	56.799095	0.000280	23.872637	3.1
1369	311.512603	56.823329	0.000280	37.897224	3.0
1370	303.597760	56.813684	0.000280	30.775286	3.0
1371	296.570042	56.802694	0.000280	35.306424	4.9
1372	304.391255	56.884293	0.000280	36.643732	3.4
1373	321.581025	56.873107	0.000280	43.357558	3.5
1374	295.259569	57.429501	0.000278	24.136188	3.3
1375	307.126655	57.440991	0.000278	14.474195	3.1
1376	302.238321	57.453268	0.000278	13.152589	2.9
1377	303.162318	57.459388	0.000278	36.563664	2.6
1378	304.955604	57.451604	0.000278	35.268966	2.7
1379	300.440356	57.785696	0.000276	22.862629	5.9
1380	296.539329	57.843373	0.000276	8.074837	2.7
1381	301.268267	57.839484	0.000276	18.634100	3.1
1382	307.714678	57.842872	0.000276	21.083917	5.8
1383	306.869034	57.853919	0.000276	15.294687	2.9
1384	290.213782	57.853137	0.000276	21.239789	2.7
1385	303.749628	57.865154	0.000276	24.316365	7.1
1386	306.850444	57.901359	0.000276	9.067962	5.1
1387	300.153447	57.899739	0.000276	12.670492	3.5
1388	304.500805	57.903490	0.000276	33.161040	3.5
1389	286.776193	57.897879	0.000276	16.098652	3.9
1390	304.257950	57.905048	0.000276	12.472597	4.5
1391	296.361784	57.906311	0.000276	25.779620	5.0
1392	309.306938	57.911896	0.000276	14.070716	5.5
1393	317.336825	57.905454	0.000276	12.463356	5.0
1394	313.640353	57.904074	0.000276	30.990467	4.1
1395	303.227433	57.914392	0.000276	17.917510	4.0
1396	296.363075	57.909776	0.000276	10.751452	3.2
1397	304.339564	57.909711	0.000276	24.775287	4.5
1398	311.040154	57.916819	0.000276	33.585293	2.6
1399	305.880122	57.907805	0.000276	38.877793	2.5
1400	306.403421	57.987156	0.000276	28.304225	2.7
1401	303.052513	58.103546	0.000275	16.421544	3.9
1402	306.897577	58.096277	0.000275	28.409424	4.0
1403	301.290521	58.092849	0.000275	25.787853	2.7
1404	307.276505	58.155469	0.000275	15.430599	3.5
1405	311.950071	58.148887	0.000275	15.001739	4.4
1406	317.244018	58.156557	0.000275	21.004962	5.3
1407	303.056472	58.150101	0.000275	19.291537	7.8
1408	295.608752	58.145933	0.000275	5.597058	3.9
1409	295.601262	58.143926	0.000275	24.404190	3.7
1410	314.161154	58.145453	0.000275	7.176988	4.5
1411	313.175081	58.152069	0.000275	14.299018	4.9
1412	310.023711	58.149457	0.000275	20.374634	4.8
1413	308.713395	58.158818	0.000275	12.463289	5.2
1414	315.592917	58.164214	0.000275	12.163466	3.6
1415	313.369481	58.169838	0.000275	26.314273	5.3
1416	301.026724	58.163940	0.000275	23.361818	4.9
1417	305.830566	58.170350	0.000275	18.924609	5.9
1418	307.345137	58.185974	0.000275	11.893334	5.0
1419	312.211896	58.183589	0.000275	36.702195	4.5
1420	308.964876	58.207378	0.000275	27.182326	5.4
1421	310.328745	58.335648	0.000274	29.737235	4.5
1422	306.811731	58.327857	0.000275	9.940877	4.4
1423	297.639297	58.323818	0.000275	9.112001	4.1
1424	316.948134	58.321970	0.000275	27.323706	3.5
1425	299.116660	58.325887	0.000275	16.223833	3.2
1426	303.458886	58.334340	0.000274	24.246909	2.7
1427	314.909085	58.342801	0.000274	39.719261	2.3
1428	314.434519	58.341711	0.000274	45.878000	7.2
1429	307.376364	58.887963	0.000273	35.491876	2.7
1430	315.539226	59.105946	0.000272	10.352224	2.9
1431	310.063256	59.106078	0.000272	33.196278	4.1
1432	306.587214	59.120544	0.000272	14.191514	3.0
1433	309.363880	59.144157	0.000272	22.916959	5.0
1434	312.120256	59.158519	0.000272	12.479519	5.2
1435	291.808370	59.166313	0.000272	16.925384	3.2
1436	305.703506	59.163093	0.000272	30.876987	3.8
1437	307.098230	59.177236	0.000272	17.899351	3.4
1438	304.114987	59.202756	0.000272	4.780029	3.4
1439	307.147046	59.204710	0.000272	29.528212	3.7
1440	293.534352	59.203222	0.000272	19.809871	5.5
1441	318.168560	59.220644	0.000271	8.758380	8.1
1442	299.212723	59.221532	0.000271	19.907446	3.4
1443	302.461439	59.221132	0.000271	39.839002	3.6
1444	312.724644	59.244392	0.000271	36.050244	4.5
1445	308.967514	59.234466	0.000271	26.291258	4.8
1446	307.672878	59.241040	0.000271	31.036017	5.0
1447	302.995608	59.321060	0.000271	32.729729	6.1
1448	315.501381	59.440900	0.000271	45.457498	4.4
1449	303.242249	59.429499	0.000271	11.007150	4.3
1450	304.036634	59.465416	0.000271	16.639538	5.3
1451	318.433421	59.473317	0.000271	16.154545	3.9
1452	305.872287	59.473036	0.000271	31.598773	3.7
1453	315.818403	59.483052	0.000271	54.086082	3.4
1454	313.338861	59.791108	0.000270	13.705496	3.4
1455	310.721650	59.795193	0.000270	24.236611	3.1
1456	313.287085	59.789080	0.000270	25.403943	2.9
1457	298.715307	59.844469	0.000269	20.936005	2.8
1458	303.518453	59.866354	0.000269	31.530554	2.5
1459	311.880617	59.862205	0.000269	18.914549	3.7
1460	320.305998	59.877273	0.000269	28.450191	2.6
1461	290.128596	59.872115	0.000269	23.252270	2.6
1462	301.559067	59.879147	0.000269	16.874540	2.8
1463	308.352353	59.900126	0.000269	13.219105	5.4
1464	301.372558	59.902794	0.000269	5.266500	3.0
1465	310.704876	59.902051	0.000269	6.012843	3.2
1466	307.718479	59.901682	0.000269	40.683984	3.1
1467	314.341576	59.906310	0.000269	22.746198	4.3
1468	304.149914	59.931277	0.000269	17.752517	3.3
1469	295.852396	59.955633	0.000269	16.427831	4.6
1470	302.270410	59.959999	0.000269	16.009298	3.0
1471	296.040963	59.972964	0.000269	35.650728	2.9
1472	318.401614	60.020240	0.000269	11.839621	5.5
1473	303.947296	60.025835	0.000269	23.373435	2.7
1474	299.364989	60.026309	0.000269	26.780235	2.7
1475	301.209408	60.044573	0.000269	17.656693	3.6
1476	309.340215	60.046423	0.000269	34.837219	4.4
1477	317.733436	60.070662	0.000269	38.951832	4.5
1478	312.194340	60.160404	0.000268	14.872384	3.4
1479	316.855024	60.186742	0.000268	41.279617	3.3
1480	312.979960	60.191657	0.000268	28.774116	3.3
1481	305.786923	60.234216	0.000268	10.888660	2.6
1482	300.922927	60.240873	0.000268	19.288647	2.6
1483	311.600993	60.242670	0.000268	28.053394	2.7
1484	318.568346	60.242821	0.000268	34.428158	2.7
1485	316.323727	60.349358	0.000268	16.888040	2.6
1486	304.287887	60.349999	0.000268	48.718666	2.6
1487	313.204989	60.366118	0.000268	50.015178	4.5
1488	322.358574	61.292982	0.000265	23.082694	2.2
1489	309.532887	61.293200	0.000265	28.688129	5.8
1490	308.533969	61.284494	0.000265	26.132151	4.9
1491	316.840005	61.277908	0.000265	9.986913	4.8
1492	309.054850	61.282261	0.000265	44.256075	4.5
1493	312.892722	61.274731	0.000265	12.453228	3.5
1494	311.182295	61.276743	0.000265	25.380459	3.4
1495	302.345703	61.288296	0.000265	34.629146	3.9
1496	311.759874	61.388704	0.000264	26.908128	3.1
1497	297.096762	61.384120	0.000264	18.852264	3.4
1498	296.869934	61.400013	0.000264	22.588395	3.1
1499	307.754549	61.392039	0.000264	17.649719	3.2
1500	311.477587	61.385876	0.000264	5.831559	3.6
1501	328.415965	61.386567	0.000264	12.955909	3.0
1502	301.308000	61.388531	0.000264	19.020866	3.6
1503	326.449984	61.393334	0.000264	25.057905	3.0
1504	313.818681	61.412555	0.000264	19.123825	2.9
1505	291.899793	61.424120	0.000264	15.866414	10.2
1506	300.234172	61.430280	0.000264	18.452531	4.8
1507	309.157706	61.425770	0.000264	6.371926	3.3
1508	314.096693	61.427670	0.000264	22.363264	3.8
1509	302.050405	61.424963	0.000264	10.043984	4.4
1510	321.632281	61.429939	0.000264	25.311318	3.4
1511	291.985663	61.432435	0.000264	22.761348	3.5
1512	325.550347	61.425988	0.000264	27.529755	4.2
1513	310.138933	61.437247	0.000264	37.517846	4.8
1514	304.741098	61.462486	0.000264	52.721801	4.8
1515	320.763354	62.244178	0.000262	29.824062	5.0
1516	303.014361	62.585109	0.000261	27.950980	4.8
1517	319.557425	62.578516	0.000261	19.905933	5.0
1518	302.549477	62.578788	0.000261	33.372349	5.9
1519	296.106170	62.572019	0.000261	40.224780	4.9
1520	300.401005	62.768219	0.000260	19.650051	4.7
1521	299.519869	62.761360	0.000260	14.605334	4.8
1522	300.419018	62.760242	0.000260	33.877453	4.9
1523	304.698194	62.785893	0.000260	27.268436	4.9
1524	309.779634	62.821551	0.000260	22.284295	5.4
1525	310.028823	62.818994	0.000260	20.775759	4.0
1526	286.231200	62.811740	0.000260	30.011522	3.8
1527	301.669233	62.827853	0.000260	22.356397	3.5
1528	307.932334	62.844887	0.000260	16.118587	4.9
1529	314.710786	62.842981	0.000260	29.946862	5.4
1530	323.605383	62.842684	0.000260	45.626738	4.4
1531	301.247263	63.168029	0.000259	38.181066	5.2
1532	310.439605	63.800197	0.000257	41.685257	3.8
1533	300.142970	64.095784	0.000256	10.862444	4.3
1534	308.214154	64.087278	0.000256	15.681184	3.6
1535	321.495647	64.093832	0.000256	31.647366	3.5
1536	300.199261	64.127424	0.000256	10.349003	4.0
1537	308.046055	64.132268	0.000256	19.636270	2.9
1538	298.621776	64.127585	0.000256	19.865876	4.0
1539	308.817655	64.120546	0.000256	20.930036	4.0
1540	316.474871	64.123555	0.000256	15.464815	3.5
1541	322.565409	64.121375	0.000256	25.582981	3.5
1542	298.618141	64.119113	0.000256	12.269558	3.2
1543	295.424882	64.118620	0.000256	25.334303	4.6
1544	300.630795	64.115770	0.000256	17.862409	4.6
1545	294.154389	64.109716	0.000256	29.518374	4.3
1546	304.641800	64.113291	0.000256	31.543875	4.0
1547	317.296909	64.235924	0.000255	13.698031	4.1
1548	309.965825	64.228247	0.000256	21.719356	3.7
1549	306.298480	64.237413	0.000255	5.148554	4.1
1550	310.387700	64.235784	0.000255	26.784886	5.5
1551	288.391661	64.236847	0.000255	23.012293	4.4
1552	310.208589	64.234045	0.000255	4.738392	3.2
1553	300.641799	64.237017	0.000255	8.729608	4.4
1554	301.506826	64.236667	0.000255	16.741738	6.1
1555	305.810956	64.235262	0.000255	14.140661	5.8
1556	306.095574	64.232389	0.000255	23.053798	4.2
1557	299.080350	64.234463	0.000255	10.721360	5.0
1558	296.968559	64.244692	0.000255	17.703221	6.6
1559	291.587935	64.240408	0.000255	32.378171	5.0
1560	300.120994	64.262403	0.000255	35.489969	5.0
1561	307.120917	64.350093	0.000255	14.771158	4.7
1562	308.113444	64.356451	0.000255	45.042688	3.9
1563	309.557464	64.347463	0.000255	4.665659	3.8
1564	301.878632	64.342892	0.000255	25.020151	5.1
1565	309.562891	64.347355	0.000255	19.478791	4.7
1566	304.826418	64.341572	0.000255	25.319165	5.7
1567	313.488434	64.369937	0.000255	32.871558	5.1
1568	311.716701	64.413535	0.000255	6.101670	5.6
1569	305.887095	64.412756	0.000255	12.368165	3.5
1570	301.709664	64.411323	0.000255	22.594046	4.9
1571	304.784680	64.410152	0.000255	27.759335	4.5
1572	308.844285	64.452932	0.000255	20.629536	5.1
1573	301.511358	64.485142	0.000255	8.490409	4.5
1574	310.519422	64.490454	0.000255	34.344568	4.7
1575	303.582074	64.499733	0.000255	20.970150	3.5
1576	312.816191	64.551764	0.000255	23.380467	3.4
1577	321.834500	64.545196	0.000255	31.759356	3.8
1578	293.916564	64.598581	0.000254	20.681510	5.2
1579	308.280556	64.648980	0.000254	28.422975	5.0
1580	300.864314	64.677821	0.000254	27.981173	4.9
1581	303.176583	64.718333	0.000254	16.811057	4.3
1582	304.537823	64.742861	0.000254	16.918413	3.7
1583	308.863715	64.743101	0.000254	14.233866	3.7
1584	304.152295	64.738333	0.000254	15.982145	3.8
1585	287.463780	64.736135	0.000254	40.393549	4.8
1586	311.409645	64.764858	0.000254	21.579071	4.5
1587	310.800842	64.829617	0.000254	12.111153	4.3
1588	314.699083	64.835634	0.000254	55.116495	4.0
1589	296.429254	64.853551	0.000254	16.957430	4.5
1590	317.652019	64.905457	0.000253	29.015586	5.1
1591	307.437037	64.907271	0.000253	29.223418	5.2
1592	311.723340	64.974931	0.000253	20.280642	3.7
1593	310.511371	64.972887	0.000253	27.884844	3.5
1594	306.004667	64.985898	0.000253	19.629539	3.5
1595	305.379350	65.003461	0.000253	20.342483	4.0
1596	305.971497	64.996191	0.000253	24.435061	5.7
1597	304.735139	65.016307	0.000253	13.357037	2.8
1598	307.098442	65.011851	0.000253	20.562688	2.9
1599	298.235096	65.020700	0.000253	24.250731	2.9
1600	304.777077	65.023071	0.000253	30.047658	2.9
1601	305.095032	65.023984	0.000253	13.795058	3.2
1602	304.290139	65.028306	0.000253	16.751290	2.6
1603	297.662067	65.038942	0.000253	36.794595	5.3
1604	310.934412	65.043786	0.000253	25.613604	4.7
1605	319.189275	65.062055	0.000253	38.207707	4.7
1606	302.012568	65.052394	0.000253	6.067917	4.0
1607	300.856673	65.047797	0.000253	17.631008	3.1
1608	305.929592	65.048155	0.000253	19.747776	3.1
1609	312.040472	65.041872	0.000253	30.291953	3.3
1610	300.660476	65.066999	0.000253	10.234817	3.9
1611	307.809280	65.079443	0.000253	14.356499	3.9
1612	308.134274	65.076403	0.000253	9.069754	3.2
1613	292.810137	65.077502	0.000253	4.476732	3.9
1614	312.186576	65.076521	0.000253	29.814942	3.0
1615	315.055525	65.074364	0.000253	32.886519	4.4
1616	298.683794	65.141647	0.000253	41.020805	2.8
1617	297.063035	65.208945	0.000253	18.861942	2.7
1618	302.636733	65.212657	0.000253	8.662866	3.1
1619	308.098629	65.208898	0.000253	39.238248	3.1
1620	301.795617	65.217902	0.000253	9.962700	3.7
1621	303.691551	65.211759	0.000253	18.197410	4.5
1622	305.734854	65.214432	0.000253	33.983651	4.5
1623	294.340105	65.219141	0.000253	8.098033	3.6
1624	305.044969	65.229138	0.000253	18.545972	3.3
1625	308.792114	65.226810	0.000253	29.001673	3.7
1626	313.633924	65.221113	0.000253	18.251244	4.8
1627	316.696492	65.213286	0.000253	28.888680	4.9
1628	300.590692	65.212487	0.000253	7.838803	4.9
1629	310.382928	65.206925	0.000253	14.059099	5.8
1630	307.684522	65.205727	0.000253	29.426577	4.9
1631	305.755850	65.201317	0.000253	31.138965	4.9
1632	301.514680	65.190529	0.000253	20.968559	4.0
1633	314.963523	65.215802	0.000253	22.931180	2.8
1634	284.895932	65.211971	0.000253	23.060123	2.1
1635	307.609832	65.203010	0.000253	10.075144	3.8
1636	307.418307	65.208746	0.000253	8.136429	2.0
1637	294.450674	65.207006	0.000253	26.293801	3.9
1638	296.874018	65.205544	0.000253	14.648284	4.0
1639	300.752121	65.206046	0.000253	22.022125	2.4
1640	303.974490	65.203049	0.000253	26.069818	2.4
1641	300.982247	65.209036	0.000253	25.962832	3.2
1642	307.651254	65.225028	0.000253	26.547294	2.5
1643	311.784419	65.237998	0.000253	32.921639	2.4
1644	310.366899	65.227294	0.000253	32.378056	2.4
1645	325.402404	65.429015	0.000252	22.026647	5.7
1646	300.031292	65.450249	0.000252	9.483170	2.9
1647	312.908786	65.447978	0.000252	21.293312	2.9
1648	299.292346	65.445113	0.000252	30.522651	2.6
1649	307.509935	65.457781	0.000252	20.346836	2.6
1650	309.089913	65.452730	0.000252	9.583034	4.5
1651	310.671873	65.451781	0.000252	23.045978	3.2
1652	307.950242	65.456326	0.000252	42.863871	4.9
1653	310.096045	65.461005	0.000252	19.943321	2.0
1654	303.121286	65.472071	0.000252	17.216312	4.1
1655	319.834707	65.465777	0.000252	17.814741	2.5
1656	307.575635	65.460299	0.000252	22.310967	6.8
1657	306.837416	65.462878	0.000252	22.775319	2.9
1658	320.520851	65.455907	0.000252	14.902412	2.9
1659	298.218789	65.449361	0.000252	12.599488	3.0
1660	301.045232	65.455763	0.000252	27.783883	3.4
1661	301.209345	65.449017	0.000252	18.323634	3.5
1662	315.932431	65.476954	0.000252	16.069739	3.1
1663	297.893743	65.472598	0.000252	29.934958	2.6
1664	316.434972	65.481013	0.000252	27.642597	4.3
1665	322.162716	65.548072	0.000252	17.370345	3.3
1666	306.409198	65.540770	0.000252	20.693542	4.8
1667	300.983583	65.535099	0.000252	27.543349	5.0
1668	303.381349	65.577301	0.000252	15.958089	4.6
1669	307.355711	65.569765	0.000252	22.263658	2.0
1670	318.043619	65.569851	0.000252	17.693778	2.1
1671	306.895867	65.591818	0.000251	23.970455	4.0
1672	307.499369	65.593429	0.000251	14.483611	4.8
1673	303.123444	65.598918	0.000251	9.539906	4.7
1674	308.022481	65.604286	0.000251	30.244098	4.6
1675	306.303169	65.611497	0.000251	19.012664	4.3
1676	312.738926	65.605116	0.000251	64.517834	3.6
1677	309.130459	65.667678	0.000251	27.591064	4.2
1678	311.580115	65.656277	0.000251	22.304056	3.5
1679	302.867638	65.689667	0.000251	25.839063	3.5
1680	301.787545	65.687122	0.000251	20.598481	3.6
1681	298.577477	65.681213	0.000251	22.988110	2.3
1682	311.128809	65.702887	0.000251	16.926423	2.4
1683	307.949193	65.710115	0.000251	17.518276	2.7
1684	296.982003	65.710011	0.000251	16.788735	2.5
1685	313.318737	65.710836	0.000251	7.794808	7.8
1686	293.390031	65.711480	0.000251	16.929328	2.8
1687	301.319097	65.716143	0.000251	13.294312	3.2
1688	306.368779	65.716042	0.000251	31.541364	3.1
1689	318.971050	65.712365	0.000251	21.266830	3.1
1690	298.625322	65.707709	0.000251	7.284224	4.8
1691	308.475137	65.708251	0.000251	7.503139	3.3
1692	307.666468	65.706583	0.000251	34.260794	2.6
1693	310.397597	65.714364	0.000251	13.578089	4.5
1694	303.146374	65.743818	0.000251	15.285027	4.8
1695	298.553599	65.743955	0.000251	40.492711	6.9
1696	300.527276	65.736312	0.000251	20.238146	4.2
1697	308.433980	65.726397	0.000251	22.385746	4.0
1698	304.317585	65.740653	0.000251	2.836261	4.0
1699	301.475274	65.740766	0.000251	16.998856	3.0
1700	299.994431	65.741230	0.000251	21.207558	3.0
1701	314.187933	65.759190	0.000251	26.270366	2.9
1702	305.561945	65.770826	0.000251	24.141593	3.4
1703	300.228913	65.764967	0.000251	21.561043	2.6
1704	301.990526	65.786773	0.000251	27.209114	2.5
1705	305.870039	65.779890	0.000251	32.444047	2.5
1706	309.409666	65.802573	0.000251	18.299653	2.3
1707	294.492016	65.800114	0.000251	20.969883	2.3
1708	317.441810	65.805444	0.000251	23.304841	2.3
1709	303.930665	65.801799	0.000251	25.166275	2.3
1710	304.843679	65.795473	0.000251	11.764488	2.2
1711	306.435076	65.805105	0.000251	28.880902	2.1
1712	299.986532	65.799714	0.000251	14.346699	2.0
1713	315.757624	65.807802	0.000251	41.324138	2.0
1714	306.406398	65.804331	0.000251	7.769038	2.0
1715	301.054881	65.820423	0.000251	14.769315	2.0
1716	328.881749	65.817229	0.000251	18.657012	2.7
1717	309.850065	65.821874	0.000251	14.360581	4.0
1718	313.540924	65.824554	0.000251	16.662296	3.6
1719	317.783037	65.832144	0.000251	15.939933	3.9
1720	292.831908	65.839879	0.000251	23.050665	3.3
1721	309.677222	65.834152	0.000251	14.661473	2.2
1722	299.969604	65.843632	0.000251	23.615712	3.8
1723	312.739228	65.837250	0.000251	21.923414	3.5
1724	317.354283	65.832172	0.000251	27.284584	4.2
1725	313.449802	65.831732	0.000251	24.083558	4.7
1726	301.397552	65.846535	0.000251	5.805117	4.7
1727	301.756556	65.843668	0.000251	21.653526	4.9
1728	301.282006	65.840834	0.000251	32.864296	4.8
1729	317.713029	65.834076	0.000251	26.877957	5.0
1730	318.618574	65.824164	0.000251	40.675870	5.3
1731	298.139800	65.964968	0.000250	22.621632	4.0
1732	311.553729	65.978366	0.000250	25.466443	3.5
1733	309.907098	65.977335	0.000250	26.393759	2.6
1734	308.374111	66.027399	0.000250	35.598850	2.6
1735	307.554334	66.097978	0.000250	29.475369	4.3
1736	309.417541	66.094686	0.000250	14.142469	3.5
1737	302.250281	66.104738	0.000250	12.716936	3.2
1738	318.661657	66.103893	0.000250	15.701028	3.2
1739	295.099136	66.102736	0.000250	14.147435	4.2
1740	309.094742	66.097734	0.000250	23.200459	2.7
1741	294.009011	66.097294	0.000250	19.664034	2.6
1742	304.274318	66.092736	0.000250	32.785540	4.3
1743	315.622086	66.114878	0.000250	27.773442	2.8
1744	300.561378	66.177470	0.000250	35.881406	2.8
1745	305.797278	66.195237	0.000250	18.443317	4.0
1746	306.851108	66.202591	0.000250	10.746627	2.2
1747	304.200774	66.198090	0.000250	18.305140	3.8
1748	311.197790	66.204465	0.000250	30.084015	3.7
1749	304.090527	66.203047	0.000250	22.937078	2.6
1750	292.960865	66.216321	0.000250	26.359609	2.4
1751	302.358302	66.233219	0.000250	20.549389	4.6
1752	322.578037	66.246747	0.000250	36.313348	5.3
1753	297.003322	66.236537	0.000250	46.433602	4.9
1754	305.615964	66.637271	0.000248	16.911231	3.8
1755	303.875808	66.627185	0.000249	25.711358	3.4
1756	320.733470	66.643958	0.000248	31.311579	4.9
1757	314.377451	66.637081	0.000248	19.305612	2.5
1758	306.179249	66.663796	0.000248	32.242484	2.5
1759	311.672469	66.658864	0.000248	14.008156	4.1
1760	310.496165	66.688407	0.000248	13.603108	2.6
1761	306.997030	66.693464	0.000248	22.717424	2.6
1762	310.903963	66.695628	0.000248	21.875043	3.7
1763	320.599654	66.694478	0.000248	12.355221	3.9
1764	301.567958	66.698555	0.000248	21.033545	3.4
1765	301.582944	66.709008	0.000248	18.733608	2.7
1766	309.108154	66.714458	0.000248	38.050120	2.8
1767	304.041843	66.719870	0.000248	36.523678	3.0
1768	308.588636	66.799936	0.000248	20.616083	3.8
1769	297.202269	66.793253	0.000248	23.485853	6.9
1770	309.883736	66.803769	0.000248	24.371974	3.4
1771	320.777241	66.802582	0.000248	15.929978	3.7
1772	314.905575	66.803770	0.000248	20.006873	4.0
1773	303.299410	66.811958	0.000248	13.523544	2.9
1774	316.067856	66.815473	0.000248	16.322825	2.7
1775	327.812111	66.812073	0.000248	18.590346	4.0
1776	296.122664	66.814387	0.000248	11.052401	2.5
1777	300.565578	66.822496	0.000248	22.457260	3.5
1778	312.092536	66.817802	0.000248	19.713842	4.3
1779	299.202357	66.824203	0.000248	42.827925	4.6
1780	306.075212	66.861438	0.000248	18.301304	4.1
1781	303.114078	66.851537	0.000248	34.131528	3.2
1782	313.086045	66.901151	0.000248	11.235324	4.2
1783	304.790273	66.900123	0.000248	28.988582	4.9
1784	315.153606	66.900566	0.000248	32.371839	4.8
1785	294.646610	66.891749	0.000248	2.614484	4.9
1786	319.068362	66.893456	0.000248	33.540472	3.5
1787	300.756673	66.892147	0.000248	35.676419	4.4
1788	302.272955	66.893199	0.000248	42.764380	3.7
1789	292.654622	67.195653	0.000247	35.424438	4.7
1790	296.026764	67.184302	0.000247	25.564080	4.2
1791	302.849596	67.252786	0.000247	40.933756	2.1
1792	317.504624	67.242025	0.000247	24.329010	3.5
1793	308.938879	67.259320	0.000247	9.650641	2.2
1794	304.516131	67.259385	0.000247	35.217573	3.1
1795	311.588064	67.272771	0.000247	26.425196	5.0
1796	298.110300	67.380483	0.000246	35.616448	4.0
1797	309.288846	67.434589	0.000246	14.387353	3.6
1798	312.091805	67.469894	0.000246	21.634864	4.4
1799	301.846798	67.486780	0.000246	25.505014	4.1
1800	305.956307	67.478366	0.000246	11.739746	4.1
1801	302.105130	67.481615	0.000246	20.918426	3.8
1802	312.465300	67.478406	0.000246	22.143874	3.1
1803	301.687885	67.489056	0.000246	17.814950	3.4
1804	309.692821	67.504796	0.000246	36.297906	4.7
1805	298.028060	67.517571	0.000246	20.958711	5.4
1806	306.596719	67.533985	0.000246	29.498860	5.3
1807	296.368414	67.528265	0.000246	26.493383	3.5
1808	303.015367	67.526909	0.000246	37.336572	3.0
1809	310.687821	67.516239	0.000246	21.399396	2.9
1810	312.688101	67.554346	0.000246	15.827746	2.9
1811	296.804240	67.566938	0.000246	40.238626	3.4
1812	303.100758	67.588681	0.000246	7.730546	3.2
1813	305.280576	67.590558	0.000246	36.716345	2.8
1814	309.302896	67.598718	0.000246	26.517701	2.8
1815	306.058614	67.644710	0.000246	42.805470	2.7
1816	303.261769	67.680153	0.000246	26.800948	2.4
1817	309.187318	67.673194	0.000246	9.713813	2.4
1818	312.444395	67.671671	0.000246	11.575814	2.4
1819	313.200578	67.670135	0.000246	46.813458	5.3
1820	306.594986	67.662360	0.000246	49.065501	4.5
1821	301.866110	68.524476	0.000243	29.285229	4.7
1822	305.563112	68.513224	0.000243	23.225133	4.7
1823	300.666424	68.574101	0.000243	16.101602	4.6
1824	319.272954	68.569227	0.000243	31.428991	3.6
1825	308.333209	68.560947	0.000243	16.019030	3.6
1826	313.736752	68.580420	0.000243	9.944864	3.8
1827	307.051817	68.577341	0.000243	16.911910	6.0
1828	313.022286	68.581895	0.000243	37.922851	2.5
1829	311.280610	68.585637	0.000243	22.895091	3.4
1830	299.771571	68.590629	0.000243	43.076743	2.8
1831	313.657167	68.654691	0.000243	18.156770	3.5
1832	309.609593	68.748132	0.000243	24.892540	3.5
1833	308.688196	68.740587	0.000243	28.115435	4.8
1834	294.986056	68.748171	0.000243	25.047025	4.6
1835	310.603400	68.739436	0.000243	4.532904	2.8
1836	305.143861	68.739231	0.000243	9.007916	6.6
1837	299.932030	68.739898	0.000243	13.792865	3.8
1838	317.361978	68.737856	0.000243	20.418288	3.2
1839	309.688653	68.742481	0.000243	14.460093	4.2
1840	305.141963	68.753317	0.000243	39.076283	3.5
1841	308.691572	68.745800	0.000243	39.940520	5.4
1842	303.194493	68.981596	0.000242	13.537560	3.2
1843	317.064425	68.973095	0.000242	25.211311	3.5
1844	304.560563	68.970078	0.000242	25.645320	3.1
1845	311.130853	68.990498	0.000242	30.144495	3.8
1846	312.465856	68.982513	0.000242	33.159092	5.5
1847	302.558376	68.991669	0.000242	28.911850	4.9
1848	306.333702	69.132237	0.000242	28.179219	6.7
1849	310.231069	69.122244	0.000242	23.962698	4.7
1850	318.715284	69.122081	0.000242	13.450301	5.0
1851	306.862117	69.125159	0.000242	21.584539	4.9
1852	316.474973	69.131442	0.000242	45.273098	3.2
1853	315.935563	69.131936	0.000242	11.820514	2.6
1854	294.950717	69.123078	0.000242	43.595547	2.5
1855	313.578183	69.133067	0.000242	18.931467	3.2
1856	301.715856	69.135605	0.000242	11.185029	4.8
1857	305.509418	69.134550	0.000242	30.693634	5.2
1858	305.416887	69.128880	0.000242	34.822982	4.7
1859	307.931719	69.126942	0.000242	37.901224	4.9
1860	295.764289	69.469461	0.000241	4.882413	3.4
1861	309.355015	69.467934	0.000241	17.508249	3.4
1862	304.077843	69.468706	0.000241	15.060567	3.5
1863	308.887757	69.464401	0.000241	46.727362	3.0
1864	327.885161	69.537395	0.000241	22.049381	5.5
1865	299.289123	69.534064	0.000241	31.667705	3.3
1866	321.420838	69.561803	0.000240	10.008099	3.6
1867	294.091460	69.559101	0.000240	13.090674	3.5
1868	307.642224	69.563397	0.000240	25.284407	3.4
1869	307.145835	69.557450	0.000240	8.051073	4.0
1870	307.540711	69.557838	0.000240	18.823555	4.6
1871	308.922392	69.558623	0.000240	17.500451	4.8
1872	320.074116	69.554213	0.000240	55.763480	4.8
1873	308.035560	69.545357	0.000241	53.042474	4.0
1874	313.904012	70.526408	0.000238	24.406369	3.8
1875	310.492280	70.632882	0.000238	40.454517	3.7
1876	316.034181	70.622156	0.000238	22.692603	3.7
1877	313.860651	70.707318	0.000237	5.945381	3.7
1878	304.717900	70.710840	0.000237	21.132082	2.9
1879	315.865264	70.709428	0.000237	13.094599	2.9
1880	314.824130	70.717343	0.000237	15.222681	2.9
1881	293.489090	70.720646	0.000237	11.716773	3.7
1882	292.938647	70.726703	0.000237	8.581856	4.9
1883	312.760857	70.726622	0.000237	28.103447	4.1
1884	307.185236	70.729643	0.000237	20.421797	2.9
1885	303.842046	70.724183	0.000237	26.888609	3.8
1886	310.541326	70.719820	0.000237	17.836631	3.6
1887	313.173426	70.725932	0.000237	22.751428	4.5
1888	308.709239	70.722079	0.000237	19.632158	3.3
1889	308.604622	70.718823	0.000237	30.223887	3.7
1890	310.189823	70.710278	0.000237	12.070550	2.1
1891	312.876186	70.719334	0.000237	31.354309	3.9
1892	313.076800	70.720387	0.000237	28.492501	3.9
1893	306.361388	70.719086	0.000237	28.026917	4.5
1894	298.746973	70.709191	0.000237	20.710950	4.4
1895	307.999249	70.723786	0.000237	27.938005	4.4
1896	298.198542	70.715546	0.000237	32.561716	4.4
1897	303.951464	70.709416	0.000237	16.827290	6.0
1898	301.464608	70.746908	0.000237	27.529265	3.3
1899	323.896659	70.758923	0.000237	33.570042	4.3
1900	313.672850	70.759527	0.000237	37.833636	3.2
1901	317.344415	70.812383	0.000237	24.681993	3.4
1902	299.102774	70.801571	0.000237	27.585570	4.4
1903	297.090606	70.862979	0.000237	29.822178	4.2
1904	310.249403	70.918403	0.000237	22.677047	5.2
1905	310.864252	70.930587	0.000237	28.780540	4.2
1906	294.339427	70.923875	0.000237	24.787408	4.1
1907	309.898200	71.000529	0.000237	24.535617	4.7
1908	311.098193	71.013644	0.000237	10.765609	3.9
1909	291.619607	71.013601	0.000237	24.589057	3.7
1910	306.239446	71.008245	0.000237	45.008979	3.7
1911	301.478164	71.156616	0.000236	38.669194	3.0
1912	301.862157	71.525567	0.000235	45.469697	4.5
1913	304.210128	71.811668	0.000235	6.087912	2.8
1914	312.469325	71.816970	0.000235	16.615902	3.0
1915	306.587139	71.815845	0.000235	9.911224	3.0
1916	320.565451	71.813570	0.000235	47.263915	4.8
1917	310.567389	71.843574	0.000235	23.874808	2.8
1918	307.252476	71.994151	0.000234	38.235292	3.3
1919	294.709451	71.984136	0.000234	34.885593	2.7
1920	306.150704	71.980823	0.000234	17.632526	5.0
1921	303.960893	71.974946	0.000234	39.531800	3.4
1922	286.113397	72.024071	0.000234	29.871817	4.2
1923	294.917487	72.012851	0.000234	32.456613	4.4
1924	306.115011	72.137509	0.000234	16.693124	5.0
1925	300.161871	72.135720	0.000234	22.690744	4.9
1926	317.377925	72.128123	0.000234	12.944100	5.0
1927	306.781227	72.138024	0.000234	15.831274	5.6
1928	308.582231	72.139259	0.000234	22.073276	4.3
1929	306.059099	72.155549	0.000234	21.342254	3.8
1930	300.978836	72.152566	0.000234	35.302493	6.5
1931	303.066387	72.147269	0.000234	37.229238	3.0
1932	309.483118	72.226954	0.000234	20.037765	2.9
1933	293.249642	72.257376	0.000234	19.392065	4.2
1934	303.173594	72.269474	0.000233	27.291971	3.0
1935	313.151739	72.260969	0.000233	24.706707	4.3
1936	323.981426	72.280917	0.000233	30.918471	3.0
1937	323.645947	72.347584	0.000233	18.564758	3.5
1938	306.662196	72.344257	0.000233	20.678127	4.7
1939	313.575838	72.352590	0.000233	31.924504	2.8
1940	300.859165	72.393601	0.000233	10.644402	2.8
1941	314.015818	72.409482	0.000233	16.835910	2.9
1942	304.834059	72.406179	0.000233	7.167631	6.1
1943	312.759289	72.408396	0.000233	15.561014	2.5
1944	312.894099	72.411879	0.000233	31.897839	2.6
1945	292.876151	72.431748	0.000233	15.146505	3.0
1946	316.068878	72.453321	0.000233	17.369173	4.9
1947	314.487705	72.463481	0.000233	21.050093	4.1
1948	308.289653	72.463539	0.000233	21.290565	4.7
1949	306.291558	72.472754	0.000233	21.833505	4.8
1950	315.040854	72.495234	0.000233	3.998864	4.3
1951	312.319284	72.492764	0.000233	32.809181	4.1
1952	298.106342	72.489343	0.000233	14.781445	3.4
1953	297.428222	72.499019	0.000233	13.759595	4.5
1954	317.682788	72.500014	0.000233	22.833866	3.1
1955	309.576877	72.503721	0.000233	14.015550	3.2
1956	307.691216	72.498626	0.000233	23.116758	5.4
1957	299.266736	72.496462	0.000233	11.777388	4.6
1958	312.145745	72.499245	0.000233	20.806027	4.3
1959	305.695073	72.493806	0.000233	22.595619	4.4
1960	305.278529	72.487106	0.000233	35.725739	3.5
1961	298.474851	72.483553	0.000233	27.405619	3.3
1962	303.668456	72.476685	0.000233	35.508036	5.5
1963	302.695314	72.594364	0.000233	3.142757	3.4
1964	323.898379	72.596223	0.000233	26.392730	3.4
1965	315.248506	72.594380	0.000233	28.509411	5.9
1966	301.928325	72.638116	0.000233	29.230114	3.9
1967	310.149122	72.639754	0.000233	30.227662	3.8
1968	307.322353	72.645049	0.000233	18.933999	4.0
1969	319.146279	72.645601	0.000233	30.193495	3.0
1970	303.005102	72.651925	0.000233	16.458816	3.1
1971	311.049208	72.646334	0.000233	16.671347	4.4
1972	313.810812	72.655525	0.000233	20.365980	4.9
1973	304.605720	72.651822	0.000233	14.120055	4.0
1974	311.161558	72.654121	0.000233	15.272686	3.7
1975	300.008695	72.662686	0.000232	29.544222	3.6
1976	306.336485	72.655842	0.000233	6.198312	3.6
1977	313.383791	72.653499	0.000233	13.952804	2.9
1978	313.565259	72.656180	0.000233	33.029671	2.8
1979	315.391353	72.657725	0.000233	8.393595	2.8
1980	305.208958	72.651372	0.000233	23.537071	5.3
1981	305.266944	72.652492	0.000233	10.865497	4.3
1982	303.373986	72.658821	0.000233	26.233132	2.9
1983	317.416276	72.658239	0.000233	26.054688	2.5
1984	303.504837	72.701966	0.000232	22.186042	4.3
1985	312.332832	72.694776	0.000232	34.952076	3.0
1986	317.807228	72.738897	0.000232	13.696975	3.7
1987	306.263961	72.747522	0.000232	29.493791	2.6
1988	318.443497	72.742315	0.000232	14.026239	4.6
1989	310.101474	72.740043	0.000232	9.088841	4.7
1990	315.002030	72.742376	0.000232	27.912402	4.4
1991	314.406630	72.745261	0.000232	11.998664	5.4
1992	298.971507	72.743179	0.000232	37.306493	4.2
1993	302.489653	72.771840	0.000232	16.872371	3.5
1994	309.436456	72.824998	0.000232	21.380434	3.2
1995	304.686196	72.817612	0.000232	12.809017	3.0
1996	308.844212	72.829315	0.000232	19.053559	2.4
1997	311.341328	72.841102	0.000232	20.258384	2.7
1998	309.640513	72.856537	0.000232	30.333399	5.7
1999	313.373773	72.848075	0.000232	6.786612	2.5
