1:ItNr	2:Metric	3a:Time	3b:StepSize	4:||Gradient||	Time[ms]
0	46468.602269	0.000000	0.000825	2340.740316	269.2
1	42915.844988	0.000000	0.000825	2406.534380	2.0
2	37016.950501	0.000000	0.000825	2531.821104	3.6
3	31894.968577	0.000000	0.000825	2628.147093	2.9
4	26638.163390	0.000000	0.000825	2815.860308	3.4
5	20285.504249	0.000000	0.000825	2739.173836	2.0
6	14203.558867	0.000000	0.000825	2485.933903	5.0
7	9701.067925	0.000000	0.000825	2118.750170	2.5
8	6406.551928	0.000000	0.000825	1427.344209	3.0
9	4816.061749	0.000000	0.000825	1052.813154	2.2
10	4543.565988	0.000000	0.000825	712.736359	5.5
11	3845.363516	0.000000	0.000825	458.764155	2.5
12	3739.718647	0.000000	0.000825	283.459223	2.6
13	3593.322205	0.000000	0.000825	225.456998	3.1
14	3637.901882	0.000000	0.000825	258.937152	3.3
15	3560.828263	0.000000	0.000825	130.807936	3.1
16	3590.068407	0.000000	0.000825	140.691422	3.6
17	3375.570853	0.000000	0.000825	156.975028	4.8
18	3578.567137	0.000000	0.000825	132.064787	2.5
19	3582.381321	0.000000	0.000825	165.131202	4.7
20	3603.582344	0.000000	0.000825	165.162101	2.6
21	3517.030872	0.255338	0.000816	87.299105	3.6
22	3487.010364	0.242205	0.000816	101.765637	2.8
23	3575.128404	0.229152	0.000817	99.693794	2.7
24	3469.618500	0.218503	0.000817	87.822309	3.5
25	3558.178338	0.204965	0.000818	70.854013	3.0
26	3633.100402	0.193310	0.000818	92.797750	3.2
27	3408.767045	0.183599	0.000818	84.395361	4.3
28	3413.254538	0.170344	0.000819	54.084568	6.0
29	3520.288925	0.158176	0.000819	81.615614	6.0
30	3318.114866	0.191435	0.000818	55.603787	2.8
31	3593.431078	0.253717	0.000816	71.265578	3.3
32	3406.936517	0.272849	0.000815	61.065455	3.2
33	3407.357681	0.330790	0.000813	38.276573	5.5
34	3513.573924	0.324741	0.000813	67.939980	3.3
35	3453.204941	0.321880	0.000813	28.615787	3.7
36	3532.646592	0.316536	0.000813	37.569677	5.0
37	3551.222312	0.310491	0.000813	74.545137	4.0
38	3614.928190	0.302717	0.000814	51.833101	3.3
39	3521.601998	0.297864	0.000814	89.797018	2.7
40	3383.479649	0.363809	0.000811	80.927123	4.2
41	3448.164122	0.433243	0.000809	71.467561	2.8
42	3521.319266	0.419855	0.000809	92.104866	4.5
43	3494.829734	0.642084	0.000801	80.532614	4.6
44	3573.953440	1.175409	0.000782	60.772705	4.6
45	3432.417198	1.162592	0.000782	57.472737	3.8
46	3438.148350	1.183186	0.000781	85.786288	3.5
47	3629.729552	1.170930	0.000782	58.899541	3.5
48	3525.466517	1.171860	0.000782	50.955432	3.5
49	3501.522733	1.171219	0.000782	36.276729	6.1
50	3403.465046	1.161454	0.000782	37.606280	4.0
51	3597.449506	1.153163	0.000783	65.012539	5.5
52	3564.904551	1.167258	0.000782	69.308892	4.3
53	3538.650705	1.247131	0.000779	59.275917	4.9
54	3510.390054	1.262504	0.000779	87.094071	3.8
55	3401.118128	1.295527	0.000778	63.546733	3.3
56	3449.386893	1.382486	0.000775	43.808457	3.3
57	3576.171283	1.372932	0.000775	53.507198	2.7
58	3476.346904	1.367754	0.000775	104.502757	3.7
59	3533.850371	1.581927	0.000768	51.317501	2.8
60	3422.307592	1.568814	0.000768	80.769604	5.4
61	3471.191702	1.569015	0.000768	40.060219	2.5
62	3478.399769	1.557484	0.000768	56.504930	2.5
63	3553.788780	1.554809	0.000769	51.283593	3.6
64	3272.251936	1.549406	0.000769	62.624965	3.7
65	3446.604316	1.566295	0.000768	37.333187	2.4
66	3564.371534	1.563533	0.000768	57.401702	5.6
67	3487.784485	1.558894	0.000768	34.574867	3.3
68	3345.118045	1.551785	0.000769	52.489126	5.1
69	3324.256584	1.543070	0.000769	59.055076	5.4
70	3554.649975	1.591579	0.000767	40.341268	4.4
71	3407.984299	1.594682	0.000767	49.750565	4.3
72	3475.204434	1.590740	0.000767	68.671553	4.0
73	3410.499643	1.588341	0.000767	98.110936	3.3
74	3453.918154	1.606854	0.000767	51.010930	3.1
75	3505.512700	1.694670	0.000764	52.397068	3.5
76	3660.080568	1.703298	0.000764	99.655776	2.7
77	3458.078501	1.806711	0.000760	61.957608	2.8
78	3578.071039	1.916761	0.000756	41.629378	2.7
79	3594.382229	1.919325	0.000756	69.576606	3.2
80	3443.959970	1.910209	0.000757	77.427701	3.9
81	3385.090180	1.931722	0.000756	60.602220	3.4
82	3484.267532	1.958086	0.000755	63.125771	4.5
83	3488.054953	1.970397	0.000755	51.158926	3.7
84	3312.008506	1.993883	0.000754	64.880309	3.5
85	3441.507792	1.981429	0.000754	58.388689	3.3
86	3389.195126	2.021863	0.000753	57.196245	3.4
87	3519.256979	2.012373	0.000753	45.057218	4.3
88	3511.643858	2.004185	0.000754	60.152172	4.1
89	3468.804201	2.006501	0.000753	49.467493	2.8
90	3528.813542	2.018487	0.000753	39.627985	2.7
91	3436.027739	2.022537	0.000753	63.141064	4.1
92	3536.486515	2.030432	0.000753	63.661776	3.8
93	3473.346974	2.125831	0.000750	54.783894	2.3
94	3486.695706	2.123744	0.000750	47.734606	4.6
95	3371.199470	2.119147	0.000750	80.892742	2.3
96	3540.754721	2.121864	0.000750	73.794460	2.9
97	3520.349366	2.110613	0.000750	34.931063	3.9
98	3512.924020	2.118455	0.000750	89.367546	2.4
99	3438.458610	2.108677	0.000750	66.992194	3.7
100	3388.399115	2.182369	0.000748	83.622937	2.9
101	3471.737997	2.186740	0.000748	121.291606	2.9
102	3360.178786	2.173200	0.000748	93.455253	3.6
103	3559.419428	3.154098	0.000718	112.650592	2.6
104	3524.370296	3.140663	0.000718	42.750754	2.7
105	3627.981096	3.128601	0.000718	59.792542	2.4
106	3494.737762	3.137916	0.000718	32.250556	2.6
107	3359.673073	3.128844	0.000718	102.741787	2.5
108	3426.607326	3.121689	0.000719	83.847591	2.5
109	3574.836475	3.435606	0.000709	44.484331	2.4
110	3444.692889	3.423115	0.000710	64.768394	3.6
111	3525.625247	3.416213	0.000710	99.345162	3.8
112	3415.609297	3.403722	0.000710	53.236553	2.9
113	3458.658172	3.464109	0.000709	33.882326	4.3
114	3514.276195	3.455409	0.000709	71.444069	4.4
115	3432.212319	3.445711	0.000709	74.935105	3.2
116	3505.852272	3.433138	0.000710	61.412738	3.1
117	3500.138929	3.573413	0.000705	86.962495	4.0
118	3448.031671	3.577852	0.000705	34.362832	4.4
119	3347.833882	3.575120	0.000705	35.906405	6.3
120	3428.723693	3.575061	0.000705	99.709408	4.4
121	3381.166539	3.597579	0.000705	63.549773	5.7
122	3455.027684	3.584760	0.000705	63.950763	3.8
123	3506.281327	3.686651	0.000702	48.466797	3.6
124	3469.399627	3.700319	0.000702	33.855722	3.4
125	3269.798320	3.702405	0.000702	31.936320	2.6
126	3554.079999	3.695348	0.000702	63.875018	4.9
127	3442.516456	3.685442	0.000702	117.656838	2.9
128	3331.249497	4.195622	0.000688	82.269608	3.1
129	3322.277482	4.182086	0.000688	66.149295	3.1
130	3454.322707	4.188167	0.000688	110.126797	3.6
131	3461.890540	4.174914	0.000689	73.671290	2.6
132	3523.589723	4.165330	0.000689	23.666671	5.7
133	3438.839109	4.157277	0.000689	79.499930	3.1
134	3380.382412	4.157462	0.000689	34.353578	2.9
135	3428.643965	4.159984	0.000689	57.598629	2.9
136	3552.903582	4.160698	0.000689	29.287749	3.3
137	3501.839989	4.153648	0.000689	58.991223	3.4
138	3332.544195	4.153628	0.000689	49.931792	3.4
139	3348.029365	4.142466	0.000689	48.373663	3.0
140	3451.722657	4.136382	0.000690	57.176493	2.7
141	3492.426744	4.133921	0.000690	40.015429	2.8
142	3378.070817	4.134170	0.000690	65.780006	4.2
143	3312.000792	4.142618	0.000689	98.356645	2.4
144	3548.372303	4.129351	0.000690	64.766969	5.0
145	3457.533545	4.401482	0.000682	53.852700	2.4
146	3425.403239	4.403598	0.000682	57.585402	3.7
147	3423.114900	4.421227	0.000682	55.547914	5.6
148	3411.959071	4.470859	0.000681	81.389022	3.4
149	3503.422718	4.608469	0.000677	90.433943	3.4
150	3426.658877	4.595475	0.000677	40.842699	3.4
151	3372.559666	4.647999	0.000676	93.452901	3.5
152	3384.629894	4.637229	0.000676	39.962972	5.9
153	3347.079144	4.624676	0.000677	97.579944	5.1
154	3378.601808	4.616705	0.000677	80.431862	4.7
155	3448.207711	4.629498	0.000676	49.055418	5.3
156	3480.075840	4.626926	0.000676	73.751264	3.8
157	3414.460091	4.639922	0.000676	33.580627	4.3
158	3391.673153	4.628544	0.000676	85.409042	4.1
159	3392.542325	4.669854	0.000675	33.380040	4.8
160	3463.395295	4.661861	0.000676	68.019609	2.9
161	3369.098168	4.651162	0.000676	67.160837	2.5
162	3368.122370	4.641741	0.000676	89.016264	5.4
163	3576.847756	5.045610	0.000666	67.639115	2.6
164	3300.065420	5.057674	0.000665	53.539037	5.9
165	3372.969814	5.106378	0.000664	82.886824	4.3
166	3331.734086	5.102859	0.000664	42.895121	4.2
167	3504.514439	5.164630	0.000663	93.993109	4.4
168	3448.352901	5.233450	0.000661	28.290637	4.4
169	3431.800168	5.226689	0.000661	29.632169	5.3
170	3354.012252	5.223628	0.000661	46.888565	4.4
171	3450.269421	5.219037	0.000661	74.903850	3.9
172	3513.460917	5.242985	0.000661	75.743881	3.9
173	3516.770508	5.283753	0.000660	39.069194	3.9
174	3593.568405	5.322219	0.000659	54.761671	3.0
175	3425.017232	5.312245	0.000659	57.180731	4.8
176	3461.090575	5.332277	0.000658	70.095959	2.9
177	3354.992261	5.324332	0.000659	56.513865	3.0
178	3485.681561	5.311444	0.000659	101.723621	3.2
179	3311.541500	5.627856	0.000651	92.712938	2.9
180	3381.178416	5.614605	0.000651	46.442921	2.7
181	3417.259750	5.721043	0.000649	61.040854	5.0
182	3510.188079	5.734152	0.000648	66.594237	4.6
183	3405.458628	5.777197	0.000647	69.023628	5.4
184	3554.722624	5.765632	0.000648	74.877603	4.3
185	3499.762269	5.825800	0.000646	56.682504	7.2
186	3475.143378	5.814399	0.000646	48.059691	4.7
187	3467.191456	5.824793	0.000646	40.352925	4.4
188	3405.938279	5.815380	0.000646	38.283168	3.8
189	3584.336274	5.808654	0.000647	57.689454	3.8
190	3511.490481	5.809809	0.000647	40.138847	4.1
191	3409.169751	5.800003	0.000647	41.340360	4.2
192	3715.201606	5.791335	0.000647	73.170506	4.4
193	3433.993084	5.831611	0.000646	87.757454	3.0
194	3354.623220	6.182443	0.000638	27.432637	2.9
195	3474.473267	6.199007	0.000637	56.874954	3.0
196	3377.470862	6.196097	0.000637	27.244215	2.7
197	3419.356543	6.190772	0.000638	45.435670	2.4
198	3385.978592	6.187047	0.000638	43.912184	2.5
199	3378.680630	6.176685	0.000638	83.706461	2.7
200	3220.782337	6.168795	0.000638	72.167432	5.2
201	3452.724990	6.180104	0.000638	85.796440	2.7
202	3258.837232	6.425339	0.000632	53.456190	2.5
203	3364.766174	6.471055	0.000631	66.886129	2.7
204	3543.927293	6.466974	0.000631	64.146902	2.8
205	3579.489931	6.476179	0.000631	32.084339	3.5
206	3505.829138	6.465736	0.000631	66.046795	4.0
207	3386.265420	6.472337	0.000631	99.479024	3.0
208	3444.193885	6.587260	0.000628	30.717924	2.4
209	3467.361240	6.600232	0.000628	93.766766	2.6
210	3451.193261	6.591164	0.000628	50.254233	2.7
211	3485.737272	6.579806	0.000629	58.290533	2.8
212	3361.280561	6.589618	0.000628	64.230773	2.8
213	3429.559428	6.650583	0.000627	54.645209	3.6
214	3371.983341	6.714281	0.000626	34.663484	4.3
215	3438.870361	6.709306	0.000626	53.822716	3.0
216	3333.496437	6.699629	0.000626	90.334436	4.6
217	3368.563254	6.734788	0.000625	45.891858	4.1
218	3427.177501	6.752708	0.000625	64.920849	3.2
219	3334.461134	6.741117	0.000625	94.152224	2.3
220	3433.640053	6.974332	0.000620	92.082637	2.4
221	3482.914883	6.970700	0.000620	64.948964	4.0
222	3416.635829	7.336295	0.000612	49.219855	5.6
223	3421.445221	7.394397	0.000611	66.642496	4.7
224	3438.568391	7.465217	0.000609	63.764203	4.5
225	3553.991065	7.452276	0.000609	48.727504	4.4
226	3484.968955	7.473532	0.000609	34.704001	3.4
227	3426.518357	7.466831	0.000609	48.830236	3.3
228	3340.871862	7.458696	0.000609	39.092377	3.3
229	3339.755356	7.449541	0.000609	87.545636	4.4
230	3329.704111	7.444016	0.000609	64.051908	3.2
231	3508.043780	7.548148	0.000607	80.745833	3.2
232	3388.494952	7.690245	0.000604	104.712520	3.0
233	3356.046073	7.871531	0.000600	31.431757	5.2
234	3405.929263	7.862783	0.000601	73.493403	2.6
235	3360.992784	7.869639	0.000600	37.309538	3.0
236	3480.712233	7.912050	0.000600	68.803600	3.4
237	3420.619675	7.941451	0.000599	43.718783	2.9
238	3342.947384	7.958277	0.000599	35.724601	2.3
239	3423.219155	7.967289	0.000598	46.154173	4.8
240	3360.413125	7.960808	0.000599	31.982857	2.7
241	3511.435926	7.958143	0.000599	60.956636	5.3
242	3418.888353	7.955348	0.000599	34.012032	2.5
243	3601.821495	7.945216	0.000599	83.507946	3.2
244	3431.287591	7.934910	0.000599	40.223990	3.3
245	3376.012962	7.938306	0.000599	37.129027	3.3
246	3589.536226	7.929043	0.000599	26.415232	3.2
247	3470.126681	7.925008	0.000599	62.399448	2.4
248	3474.710024	7.917609	0.000599	139.320660	2.4
249	3522.772854	8.289463	0.000592	157.619944	2.4
250	3214.587900	9.289449	0.000572	52.110501	2.3
251	3575.201370	9.278319	0.000573	98.802460	2.2
252	3414.561409	9.494610	0.000568	26.528585	2.2
253	3469.298677	9.517778	0.000568	58.382942	2.2
254	3521.103622	9.524365	0.000568	26.284163	2.3
255	3415.033044	9.523155	0.000568	84.299814	6.4
256	3322.546184	9.517164	0.000568	58.758622	4.4
257	3470.992353	9.696566	0.000565	34.638681	4.3
258	3494.690424	9.685946	0.000565	74.365071	4.1
259	3338.754089	9.687381	0.000565	97.508307	3.4
260	3426.262817	9.673918	0.000565	71.116743	3.7
261	3398.348444	9.662607	0.000565	75.148691	4.3
262	3446.221236	9.649855	0.000566	47.769099	3.6
263	3356.090391	9.774850	0.000563	48.374425	1.8
264	3239.861795	9.764771	0.000563	103.903830	1.8
265	3636.116063	9.752280	0.000564	89.746595	3.3
266	3345.218846	10.448554	0.000551	62.126344	5.9
267	3385.351473	10.713128	0.000547	78.077286	2.3
268	3477.094747	10.732280	0.000546	90.360583	2.5
269	3414.827870	10.944220	0.000543	91.487712	2.7
270	3271.781632	10.945621	0.000543	47.231638	4.7
271	3469.976053	10.934094	0.000543	98.586175	5.0
272	3426.386488	11.010482	0.000542	53.669384	4.6
273	3271.596556	11.219303	0.000538	39.353539	3.0
274	3446.875285	11.209940	0.000538	72.324103	3.3
275	3380.928434	11.267686	0.000537	72.289022	3.2
276	3341.807980	11.540348	0.000533	53.510524	3.2
277	3398.747045	11.528795	0.000533	60.418280	7.7
278	3512.056223	11.517809	0.000533	79.745946	2.8
279	3304.027973	11.520370	0.000533	58.171077	3.0
280	3344.534376	11.507169	0.000533	43.925278	3.1
281	3447.499296	11.498230	0.000533	70.067973	2.8
282	3375.444043	11.536107	0.000533	35.628433	2.3
283	3382.318317	11.565244	0.000532	54.291464	5.5
284	3360.302657	11.556375	0.000532	39.950743	2.5
285	3408.211837	11.563788	0.000532	44.266945	5.4
286	3406.167722	11.554933	0.000532	66.380733	7.4
287	3315.962369	11.577298	0.000532	78.094844	2.6
288	3365.662709	11.876246	0.000527	59.704666	2.5
289	3437.946929	11.863028	0.000528	107.241002	2.7
290	3438.687223	11.952443	0.000526	44.586581	4.4
291	3344.088404	11.939965	0.000526	40.177611	2.7
292	3416.981612	11.944959	0.000526	61.315597	2.6
293	3377.849998	11.939661	0.000526	36.458332	2.6
294	3292.577852	11.933378	0.000526	75.444776	2.7
295	3297.056671	11.958381	0.000526	30.960750	2.5
296	3346.054168	11.961305	0.000526	23.194437	2.3
297	3397.361561	11.955852	0.000526	93.926632	2.3
298	3506.149449	11.949862	0.000526	92.923002	2.2
299	3447.920265	11.936838	0.000526	61.523064	2.3
300	3366.642811	11.936976	0.000526	73.941553	2.2
301	3534.424542	11.937996	0.000526	74.007810	2.0
302	3444.078418	11.924863	0.000527	42.075808	2.0
303	3393.354330	11.938134	0.000526	92.523730	2.0
304	3580.969197	11.927638	0.000526	87.512990	2.0
305	3555.493630	12.247716	0.000521	141.438054	2.0
306	3428.119230	12.234208	0.000522	41.861816	1.9
307	3518.458422	12.284121	0.000521	73.330305	1.9
308	3358.872655	12.273801	0.000521	65.937634	1.9
309	3392.932201	12.275292	0.000521	91.125734	1.9
310	3510.563630	12.370546	0.000519	40.472995	2.0
311	3295.938741	12.413942	0.000519	41.666792	1.8
312	3277.817016	12.405451	0.000519	100.023976	1.8
313	3396.587161	12.392701	0.000519	67.577647	1.8
314	3503.845080	12.588245	0.000516	121.808526	1.8
315	3478.875092	12.575433	0.000516	66.241084	1.8
316	3362.028788	13.132923	0.000508	39.842572	2.0
317	3324.094644	13.187852	0.000507	62.664909	2.0
318	3477.545018	13.221667	0.000507	68.781506	2.0
319	3298.710102	13.226111	0.000506	28.721396	2.0
320	3503.583413	13.217542	0.000507	40.701545	2.0
321	3264.735252	13.217464	0.000507	45.593110	1.9
322	3364.464523	13.210095	0.000507	32.397294	1.9
323	3276.560325	13.202407	0.000507	89.704259	1.9
324	3446.597206	13.201938	0.000507	77.357506	3.2
325	3504.498667	13.300341	0.000505	86.558080	1.8
326	3334.170940	13.297403	0.000505	39.940635	1.8
327	3391.303066	13.369316	0.000504	63.331804	1.8
328	3386.160430	13.358651	0.000505	76.562529	1.8
329	3364.464911	13.350317	0.000505	43.064855	2.2
330	3372.789824	13.344022	0.000505	46.782562	1.9
331	3500.271918	13.335000	0.000505	116.422902	1.8
332	3422.508912	13.651234	0.000500	53.573705	1.8
333	3281.684452	13.637826	0.000500	87.218398	1.8
334	3214.479041	13.688911	0.000500	71.502722	1.8
335	3361.232050	13.675488	0.000500	46.223604	1.9
336	3386.939181	13.682525	0.000500	39.449549	1.9
337	3328.917488	13.681096	0.000500	30.384296	5.0
338	3383.104264	13.676079	0.000500	34.523955	4.5
339	3430.342555	13.679074	0.000500	72.733132	4.3
340	3327.294301	13.671589	0.000500	74.292559	4.3
341	3434.154872	14.002480	0.000495	102.670677	3.5
342	3384.179822	14.089059	0.000494	54.527713	4.3
343	3364.552645	14.499926	0.000488	81.733098	4.4
344	3294.339773	14.496916	0.000488	49.308048	6.1
345	3362.203084	14.624831	0.000487	81.309521	4.2
346	3361.001274	14.654584	0.000486	78.080724	4.6
347	3340.024681	14.793791	0.000484	26.597355	3.9
348	3508.149305	14.783609	0.000484	64.180251	4.2
349	3318.916372	14.787350	0.000484	27.762905	4.2
350	3411.219878	14.786739	0.000484	35.156612	3.6
351	3417.738065	14.787478	0.000484	30.631764	4.4
352	3474.282882	14.792028	0.000484	28.411100	4.6
353	3337.378424	14.794316	0.000484	53.329859	3.8
354	3491.907017	14.804537	0.000484	48.361810	4.1
355	3409.868977	14.801095	0.000484	32.785552	4.0
356	3367.918413	14.796842	0.000484	67.465216	2.0
357	3315.880492	14.825786	0.000484	37.342911	2.0
358	3422.122036	14.823296	0.000484	57.056852	1.9
359	3355.861127	14.833404	0.000484	20.509544	2.0
360	3387.617424	14.826063	0.000484	32.086941	2.2
361	3448.761543	14.822137	0.000484	51.319059	2.2
362	3528.438641	14.830893	0.000484	29.529274	2.4
363	3375.073621	14.826724	0.000484	65.149602	4.5
364	3338.375987	14.817780	0.000484	64.975557	5.0
365	3387.901682	15.011592	0.000481	42.141300	4.0
366	3412.298473	15.005349	0.000481	84.252089	3.1
367	3276.106881	14.995590	0.000482	29.877581	3.1
368	3547.837779	15.017157	0.000481	42.527251	3.1
369	3489.451586	15.008552	0.000481	57.935609	3.1
370	3378.828406	15.003579	0.000481	63.413575	2.5
371	3236.370189	15.112680	0.000480	75.455414	2.2
372	3430.911766	15.117464	0.000480	117.890735	2.3
373	3386.181613	15.869507	0.000470	31.044067	2.6
374	3415.057740	15.861495	0.000470	66.578665	2.7
375	3349.470124	15.853235	0.000470	35.713449	2.6
376	3484.661852	15.846568	0.000470	45.975611	2.5
377	3271.855788	15.848694	0.000470	25.803764	2.3
378	3342.477252	15.854628	0.000470	37.420589	4.1
379	3419.399911	15.854581	0.000470	57.668095	4.1
380	3260.629713	15.847495	0.000470	94.063286	4.0
381	3500.914236	15.834614	0.000471	36.770239	3.9
382	3360.119875	15.852892	0.000470	39.460718	3.0
383	3342.583019	15.846182	0.000470	51.281049	3.0
384	3381.612028	15.837686	0.000471	76.133203	3.0
385	3389.632835	15.881276	0.000470	91.674210	3.1
386	3364.076052	15.867811	0.000470	82.197467	3.0
387	3254.372968	16.091247	0.000467	46.024940	3.1
388	3436.992679	16.078393	0.000468	77.152846	2.9
389	3375.943198	16.075982	0.000468	51.915158	2.6
390	3355.688317	16.128893	0.000467	25.502464	2.6
391	3297.028033	16.125685	0.000467	58.968348	2.6
392	3450.467351	16.132670	0.000467	29.871340	2.6
393	3165.554671	16.150515	0.000467	51.459722	2.3
394	3521.749618	16.153581	0.000467	55.028505	2.3
395	3334.421412	16.186725	0.000466	56.010779	2.5
396	3301.502684	16.263186	0.000465	50.055602	2.3
397	3463.133245	16.251192	0.000465	116.721787	2.2
398	3408.935829	16.732502	0.000459	50.328362	2.2
399	3470.715541	16.739406	0.000459	60.513263	2.2
400	3359.226176	16.775296	0.000459	46.097372	2.2
401	3511.754753	16.763403	0.000459	93.319526	2.3
402	3356.701642	16.953026	0.000457	77.200171	2.3
403	3356.884075	17.698604	0.000448	45.497344	2.3
404	3319.944767	17.691590	0.000448	57.475570	2.5
405	3520.789027	17.694626	0.000448	69.600888	4.2
406	3337.144590	17.810118	0.000447	39.759239	4.3
407	3442.276572	17.801055	0.000447	58.155911	3.9
408	3387.867438	17.790025	0.000447	70.639851	3.3
409	3442.030587	17.961732	0.000445	91.142448	3.2
410	3479.196769	18.177798	0.000442	55.642343	3.1
411	3310.910945	18.183071	0.000442	61.750156	2.5
412	3432.368986	18.212305	0.000442	90.127873	2.6
413	3246.214622	18.199230	0.000442	64.191659	2.7
414	3417.874725	18.185818	0.000442	57.535726	2.5
415	3420.320557	18.186654	0.000442	19.400176	3.0
416	3445.182671	18.184236	0.000442	83.603314	2.6
417	3347.162322	18.187484	0.000442	57.628037	2.9
418	3530.725437	18.174729	0.000443	88.945404	2.2
419	3274.953309	18.177601	0.000442	21.493570	2.3
420	3498.696976	18.192827	0.000442	36.804548	2.4
421	3372.005493	18.187543	0.000442	37.848267	2.4
422	3280.111604	18.190064	0.000442	88.062717	2.2
423	3542.989499	18.270231	0.000441	56.510707	2.1
424	3462.967368	18.403260	0.000440	60.393642	2.1
425	3411.222980	18.396457	0.000440	47.022127	2.2
426	3529.341157	18.389748	0.000440	65.609577	2.2
427	3288.112173	18.471913	0.000439	89.535035	2.2
428	3406.613353	18.845670	0.000435	40.895106	2.2
429	3381.287657	18.843023	0.000435	33.820552	4.4
430	3370.097992	18.838034	0.000435	97.018348	2.3
431	3383.764771	18.871964	0.000435	28.970413	2.4
432	3341.636867	18.867245	0.000435	54.436469	2.3
433	3371.530690	18.861826	0.000435	40.552696	2.4
434	3470.565520	18.852383	0.000435	31.494130	2.3
435	3542.410768	18.843981	0.000435	80.702943	2.1
436	3419.801683	18.839220	0.000435	55.300211	2.2
437	3435.237706	19.053807	0.000433	58.315739	2.2
438	3267.712270	19.073477	0.000433	101.300690	2.1
439	3400.653101	19.061505	0.000433	49.665804	2.1
440	3498.774354	19.058889	0.000433	30.655515	2.3
441	3587.090017	19.051688	0.000433	91.765806	2.3
442	3303.014803	19.041313	0.000433	23.258740	2.3
443	3407.803906	19.048527	0.000433	61.563244	2.3
444	3256.177470	19.041596	0.000433	23.612334	1.9
445	3404.303102	19.041241	0.000433	65.618075	1.8
446	3347.565986	19.040977	0.000433	65.717340	1.9
447	3416.852769	19.080137	0.000433	50.697193	1.8
448	3270.376498	19.083345	0.000432	79.444943	1.9
449	3520.733135	19.070494	0.000433	48.441104	1.8
450	3298.895342	19.057877	0.000433	50.138356	1.8
451	3560.609277	19.054824	0.000433	91.698226	1.8
452	3279.681421	19.176763	0.000431	65.606984	1.9
453	3332.004147	19.166051	0.000432	38.621929	1.8
454	3402.192279	19.159370	0.000432	59.666499	1.8
455	3321.259169	19.149022	0.000432	36.719759	1.8
456	3451.293618	19.166245	0.000432	47.182992	1.8
457	3283.830724	19.169699	0.000432	50.470067	1.8
458	3481.271099	19.181052	0.000431	33.208978	1.8
459	3477.038838	19.199884	0.000431	60.716795	1.8
460	3436.312552	19.193458	0.000431	66.813393	1.8
461	3347.594536	19.181016	0.000431	77.977805	2.0
462	3311.324954	19.467578	0.000428	52.862714	1.8
463	3454.659129	19.534059	0.000428	66.982317	1.9
464	3403.046013	19.555026	0.000427	71.486971	1.8
465	3268.042774	19.543582	0.000428	54.846848	5.1
466	3367.084334	19.576352	0.000427	16.302461	1.8
467	3461.245548	19.574622	0.000427	39.006866	2.2
468	3295.194517	19.577310	0.000427	49.708704	4.0
469	3341.542231	19.574306	0.000427	45.609520	2.4
470	3383.336542	19.606868	0.000427	54.764075	2.2
471	3388.981882	19.648879	0.000426	47.182706	2.5
472	3186.429645	19.642008	0.000427	61.270185	2.3
473	3337.450585	19.648860	0.000426	85.634477	2.8
474	3413.763322	19.992150	0.000423	89.407218	2.6
475	3488.590752	20.071492	0.000422	61.078818	2.7
476	3172.357000	20.058962	0.000422	33.373742	2.2
477	3394.281390	20.049655	0.000422	49.297171	2.1
478	3402.326451	20.065510	0.000422	45.887905	3.4
479	3371.857517	20.115213	0.000422	71.908828	2.4
480	3351.001669	20.107640	0.000422	47.026105	2.9
481	3345.065144	20.095571	0.000422	35.204730	2.9
482	3372.562372	20.090311	0.000422	35.286369	2.9
483	3484.346531	20.094051	0.000422	45.133596	2.9
484	3295.255750	20.085206	0.000422	40.071944	1.9
485	3384.564649	20.080912	0.000422	19.114302	2.2
486	3383.378780	20.084335	0.000422	86.624750	4.4
487	3393.113122	20.076888	0.000422	78.245219	4.2
488	3313.136569	20.063457	0.000422	42.403717	1.9
489	3253.442627	20.165087	0.000421	64.215439	2.0
490	3359.125587	20.154430	0.000421	69.639247	1.9
491	3274.005921	20.371765	0.000419	65.653511	3.3
492	3398.483668	20.362671	0.000419	103.432325	2.4
493	3383.133455	20.406391	0.000419	31.879150	2.5
494	3380.972664	20.403137	0.000419	19.106759	2.4
495	3249.399235	20.398883	0.000419	26.422376	1.9
496	3315.216140	20.395531	0.000419	26.590260	2.3
497	3481.627210	20.398827	0.000419	68.054919	1.9
498	3462.024099	20.389558	0.000419	28.564455	2.2
499	3302.106128	20.412334	0.000419	24.055434	3.5
500	3575.680543	20.410943	0.000419	79.921952	2.5
501	3408.332689	20.408066	0.000419	64.116138	2.1
502	3399.102537	20.406535	0.000419	25.757651	1.8
503	3481.969156	20.396871	0.000419	85.505097	1.8
504	3427.777666	20.402744	0.000419	70.143396	2.0
505	3241.994676	20.581418	0.000417	68.943045	2.2
506	3334.851543	20.634607	0.000416	38.501583	2.5
507	3223.665301	20.634209	0.000416	27.399652	2.0
508	3302.171718	20.627058	0.000416	57.904313	1.9
509	3384.324865	20.628794	0.000416	76.978865	1.9
510	3461.406441	20.615765	0.000417	128.083700	2.4
511	3452.646496	21.568659	0.000407	89.166313	4.3
512	3313.798220	22.165947	0.000402	109.390933	6.2
513	3449.361496	22.216289	0.000401	59.522689	4.3
514	3368.411530	22.203089	0.000401	51.476009	4.3
515	3319.670224	22.204362	0.000401	38.352257	4.4
516	3334.822396	22.209087	0.000401	62.201318	4.3
517	3444.687391	22.237404	0.000401	52.286501	4.3
518	3407.513043	22.293789	0.000400	35.710488	4.0
519	3312.898470	22.319866	0.000400	61.782665	3.1
520	3384.939806	22.309033	0.000400	40.934497	2.6
521	3524.174971	22.370281	0.000400	66.044485	2.6
522	3383.214042	22.375374	0.000400	49.540839	2.9
523	3497.553392	22.457664	0.000399	90.424230	3.2
524	3466.636640	22.459986	0.000399	30.859470	3.2
525	3340.859794	22.467397	0.000399	43.478897	2.6
526	3406.884545	22.466415	0.000399	59.394190	2.4
527	3523.188080	22.458715	0.000399	85.173647	2.4
528	3439.831290	22.526968	0.000398	28.010237	2.4
529	3416.202333	22.516807	0.000398	74.565622	2.3
530	3443.949009	22.531346	0.000398	35.994966	2.0
531	3326.050556	22.530601	0.000398	92.138690	1.9
532	3436.211559	22.523370	0.000398	40.367151	1.9
533	3412.797447	22.619901	0.000397	44.418242	2.0
534	3466.506911	22.612016	0.000397	48.931512	2.0
535	3359.141051	22.605023	0.000398	29.774606	2.0
536	3359.090948	22.613188	0.000397	60.022479	2.0
537	3166.644662	22.617787	0.000397	45.015203	3.6
538	3315.328011	22.630522	0.000397	81.011862	2.0
539	3473.262205	22.617837	0.000397	25.915872	2.1
540	3350.896127	22.625042	0.000397	23.058209	2.3
541	3417.117066	22.623592	0.000397	54.386570	2.1
542	3318.504355	22.636773	0.000397	40.205257	2.1
543	3358.567304	22.635574	0.000397	46.924451	2.0
544	3434.689081	22.629268	0.000397	61.492702	1.9
545	3304.439974	22.689828	0.000397	65.016010	1.9
546	3339.340063	22.803286	0.000396	60.890760	1.9
547	3425.067974	22.793152	0.000396	41.712131	1.9
548	3335.717798	22.794924	0.000396	79.475778	1.9
549	3350.596282	22.837311	0.000395	60.475656	1.9
550	3440.930641	23.099599	0.000393	70.288008	1.9
551	3335.241749	23.191519	0.000392	77.895973	1.9
552	3552.374526	23.178449	0.000392	34.620139	1.9
553	3320.520833	23.183974	0.000392	104.050462	1.9
554	3290.760086	23.193324	0.000392	41.259313	2.1
555	3325.308293	23.189829	0.000392	60.101058	2.2
556	3462.659700	23.188146	0.000392	19.982832	2.1
557	3291.263795	23.189152	0.000392	23.368564	2.0
558	3367.803179	23.187258	0.000392	66.864537	2.1
559	3381.095636	23.198910	0.000392	39.945666	2.1
560	3465.749655	23.187205	0.000392	34.346023	2.1
561	3286.331782	23.180905	0.000392	42.520590	2.0
562	3268.437028	23.172026	0.000392	43.218285	2.1
563	3386.508483	23.193013	0.000392	37.034249	2.6
564	3397.322971	23.193073	0.000392	56.687513	4.3
565	3422.746472	23.209677	0.000392	23.226674	3.4
566	3344.772217	23.218897	0.000392	43.521503	2.4
567	3346.810904	23.223545	0.000392	18.444248	2.5
568	3290.048969	23.219114	0.000392	55.423694	2.5
569	3333.984572	23.220695	0.000392	95.070745	2.5
570	3320.784916	23.213394	0.000392	51.255571	2.5
571	3283.624057	23.202094	0.000392	16.691339	4.1
572	3500.179058	23.199562	0.000392	64.883232	4.5
573	3461.873543	23.196677	0.000392	57.395820	4.3
574	3493.500242	23.192433	0.000392	50.314720	4.2
575	3255.220399	23.180709	0.000392	42.074101	4.1
576	3498.875633	23.189554	0.000392	60.465810	3.9
577	3420.147218	23.177865	0.000392	88.854424	3.8
578	3391.729675	23.361837	0.000391	40.353195	3.0
579	3329.580372	23.351519	0.000391	35.930541	3.0
580	3391.961945	23.356580	0.000391	65.307818	3.2
581	3342.347439	23.352551	0.000391	47.468832	2.4
582	3450.620298	23.341824	0.000391	79.264030	2.4
583	3351.530852	23.329269	0.000391	39.451202	2.3
584	3383.812469	23.349909	0.000391	64.199784	3.5
585	3448.482767	23.342684	0.000391	48.703155	2.3
586	3337.467727	23.341845	0.000391	38.934175	2.3
587	3317.824412	23.339528	0.000391	66.046822	2.5
588	3297.565883	23.353530	0.000391	37.265166	4.5
589	3535.622337	23.361865	0.000391	114.786390	4.5
590	3430.232139	23.364096	0.000391	51.581559	4.3
591	3433.521450	23.353399	0.000391	38.870448	4.2
592	3289.832379	23.349618	0.000391	107.260065	4.2
593	3378.085584	23.364527	0.000391	34.089690	3.9
594	3409.016015	23.352225	0.000391	69.982724	3.8
595	3284.065193	23.362731	0.000391	49.133609	3.8
596	3482.622180	23.473508	0.000390	63.431319	3.0
597	3449.054558	23.480491	0.000390	36.516392	2.9
598	3506.731323	23.478228	0.000390	49.194578	3.1
599	3384.393677	23.469019	0.000390	65.431648	4.5
600	3241.314962	23.468104	0.000390	48.004631	4.3
601	3404.349862	23.455999	0.000390	21.691011	4.3
602	3383.757172	23.465569	0.000390	25.113655	4.2
603	3420.590028	23.465883	0.000390	57.803215	3.9
604	3439.335102	23.460119	0.000390	16.699973	3.3
605	3403.389261	23.461577	0.000390	39.840152	3.3
606	3428.748211	23.457401	0.000390	87.154633	3.3
607	3405.754272	23.448130	0.000390	71.872393	2.7
608	3350.996582	23.929723	0.000386	13.373760	2.6
609	3395.037880	23.925420	0.000386	36.205094	2.6
610	3423.020776	23.924552	0.000386	74.330579	2.6
611	3301.488593	23.916819	0.000386	75.765567	2.6
612	3415.346260	23.964679	0.000386	50.345550	2.6
613	3344.819238	23.957457	0.000386	35.612054	2.6
614	3456.770025	23.957881	0.000386	48.292650	2.5
615	3546.384737	23.984336	0.000385	58.440444	2.4
616	3308.882161	23.989878	0.000385	25.945416	2.4
617	3288.559361	23.990268	0.000385	87.586500	2.4
618	3595.828463	23.981587	0.000385	83.811184	2.3
619	3301.727925	24.205436	0.000383	48.470753	2.2
620	3494.418858	24.338990	0.000382	61.065168	5.2
621	3393.534722	24.339929	0.000382	31.921603	4.6
622	3379.095726	24.329537	0.000382	91.448344	4.0
623	3361.057960	24.318231	0.000383	64.490228	2.1
624	3452.962626	24.307407	0.000383	74.437045	2.3
625	3286.588347	24.313736	0.000383	71.825598	2.4
626	3256.587134	24.302025	0.000383	42.898992	2.3
627	3435.027708	24.290492	0.000383	42.045411	2.5
628	3403.326138	24.321092	0.000382	46.755049	2.2
629	3442.818909	24.314070	0.000383	91.807574	1.9
630	3401.438915	24.303101	0.000383	22.685351	1.9
631	3418.726440	24.314043	0.000383	34.511335	1.9
632	3421.726464	24.308431	0.000383	113.482616	2.2
633	3412.876863	24.454839	0.000381	19.384141	2.0
634	3343.848470	24.464504	0.000381	47.280255	2.0
635	3323.111734	24.458301	0.000381	47.760006	2.2
636	3369.072277	24.450788	0.000381	72.381849	2.3
637	3298.489150	24.438450	0.000382	40.191401	2.9
638	3349.666885	24.443950	0.000381	32.605620	1.9
639	3571.652882	24.441473	0.000381	86.469392	1.9
640	3376.741393	24.475945	0.000381	15.985564	2.1
641	3552.520280	24.476072	0.000381	89.893795	2.0
642	3386.011357	24.487216	0.000381	74.850389	1.9
643	3514.702097	25.032636	0.000377	65.538889	2.2
644	3392.110158	25.048195	0.000376	104.687406	2.5
645	3449.221954	25.053673	0.000376	51.240920	2.5
646	3322.667278	25.263131	0.000375	19.277906	2.6
647	3379.719223	25.258317	0.000375	58.332191	4.5
648	3491.657702	25.258522	0.000375	68.751366	1.9
649	3342.647911	25.374618	0.000374	45.762255	1.9
650	3291.307721	25.417240	0.000373	93.158722	1.9
651	3490.918453	25.404223	0.000374	35.714800	1.9
652	3297.567887	25.401917	0.000374	34.029408	2.0
653	3307.325052	25.399227	0.000374	26.552019	2.0
654	3355.145084	25.401825	0.000374	35.349510	1.9
655	3316.789503	25.412216	0.000374	76.357088	2.0
656	3359.174435	25.403003	0.000374	74.353854	2.3
657	3387.670940	25.678001	0.000371	46.943525	3.0
658	3364.073019	25.773791	0.000371	72.456594	2.1
659	3376.596716	25.911455	0.000370	37.607666	2.0
660	3350.546681	25.902149	0.000370	71.754876	1.9
661	3415.092185	25.890275	0.000370	41.355966	1.9
662	3537.260658	25.972917	0.000369	26.639632	1.9
663	3287.576636	25.981449	0.000369	56.684232	2.2
664	3482.098711	25.987267	0.000369	63.419934	4.0
665	3335.242518	25.981157	0.000369	51.562637	4.0
666	3325.153618	26.012090	0.000369	28.181148	4.0
667	3462.172804	26.024925	0.000369	29.778248	3.0
668	3313.165296	26.034449	0.000369	62.823597	3.0
669	3582.159737	26.048221	0.000368	100.456239	3.0
670	3333.181674	26.036347	0.000369	58.740489	2.5
671	3536.452911	26.023666	0.000369	31.498604	2.3
672	3277.423243	26.028735	0.000369	58.072235	2.3
673	3327.297589	26.020314	0.000369	61.716942	2.4
674	3303.589313	26.010188	0.000369	38.598738	2.3
675	3319.911626	26.035274	0.000369	76.456850	2.2
676	3443.312549	26.025269	0.000369	64.334861	3.5
677	3352.621236	26.014211	0.000369	43.606757	3.5
678	3356.120944	26.077721	0.000368	50.011328	3.3
679	3428.183580	26.067926	0.000368	35.333255	3.3
680	3396.162636	26.059484	0.000368	29.257105	3.3
681	3468.531656	26.060629	0.000368	31.432207	2.6
682	3460.598962	26.069257	0.000368	53.255016	2.5
683	3381.138249	26.073468	0.000368	48.254409	2.5
684	3321.285751	26.129348	0.000368	40.599614	2.5
685	3368.407890	26.133322	0.000368	40.645481	2.3
686	3305.566704	26.124966	0.000368	99.919358	2.2
687	3377.350112	26.124828	0.000368	43.295878	2.2
688	3428.440697	26.170726	0.000368	51.364567	2.3
689	3487.595564	26.175806	0.000367	49.263058	2.3
690	3428.431647	26.167179	0.000368	81.207576	2.5
691	3310.882100	26.154889	0.000368	41.752200	2.1
692	3403.265361	26.144443	0.000368	68.301756	2.1
693	3407.165239	26.199322	0.000367	38.306230	2.0
694	3403.428097	26.189789	0.000367	85.575774	2.0
695	3288.114937	26.180755	0.000367	46.821818	2.0
696	3240.098213	26.374897	0.000366	53.683778	2.0
697	3280.906607	26.368203	0.000366	53.692391	2.0
698	3542.194123	26.394133	0.000366	90.893457	2.0
699	3465.953591	26.382343	0.000366	36.524236	1.9
700	3434.312746	26.501019	0.000365	41.811149	1.9
701	3419.946659	26.494361	0.000365	56.190544	1.9
702	3361.083800	26.484608	0.000365	58.571949	1.9
703	3463.942113	26.472699	0.000365	39.303165	2.0
704	3389.097633	26.464880	0.000365	89.481055	2.0
705	3377.948207	26.496058	0.000365	52.826915	1.9
706	3336.343377	26.483239	0.000365	56.332400	4.5
707	3429.919106	26.499567	0.000365	32.657139	4.1
708	3338.130848	26.491472	0.000365	49.959519	3.9
709	3495.016079	26.483331	0.000365	58.004705	3.8
710	3419.415578	26.479697	0.000365	72.243398	3.0
711	3316.626018	26.472496	0.000365	96.887534	2.8
712	3374.819193	27.132639	0.000360	26.751248	2.8
713	3240.696810	27.172225	0.000360	54.634889	2.9
714	3228.980151	27.172044	0.000360	50.850078	3.1
715	3205.722059	27.230181	0.000359	39.264194	3.3
716	3380.233682	27.244208	0.000359	35.986963	3.6
717	3504.893507	27.257621	0.000359	52.208584	2.6
718	3342.332796	27.248992	0.000359	42.131326	2.5
719	3325.310263	27.244518	0.000359	49.479804	3.9
720	3342.758877	27.254426	0.000359	50.847652	2.3
721	3395.770372	27.271723	0.000359	69.299432	3.2
722	3546.800337	27.282504	0.000359	37.276012	4.3
723	3452.437538	27.318663	0.000359	64.990891	2.7
724	3262.201671	27.307462	0.000359	34.747471	2.7
725	3407.960079	27.357657	0.000358	47.146974	2.7
726	3313.285402	27.351153	0.000359	76.064394	2.5
727	3272.172371	27.338492	0.000359	21.040269	2.1
728	3323.077671	27.360773	0.000358	61.701075	2.2
729	3579.260102	27.352651	0.000359	33.950891	2.3
730	3452.680022	27.348696	0.000359	30.652164	2.1
731	3474.517747	27.345271	0.000359	54.406193	2.0
732	3386.939672	27.375767	0.000358	19.665189	2.3
733	3444.080657	27.369688	0.000358	25.163548	4.4
734	3266.760743	27.372419	0.000358	34.997476	2.0
735	3380.245831	27.372395	0.000358	86.660857	2.3
736	3489.418100	27.392740	0.000358	24.298918	2.5
737	3293.013467	27.384007	0.000358	82.435008	4.0
738	3380.887803	27.387347	0.000358	39.970919	2.5
739	3257.464725	27.378304	0.000358	21.839907	2.6
740	3274.802009	27.378651	0.000358	91.110279	2.6
741	3345.153299	27.369013	0.000358	40.349233	2.7
742	3350.499930	27.530187	0.000357	48.498497	2.2
743	3449.571692	27.525995	0.000357	57.932102	2.1
744	3170.418231	27.586716	0.000357	42.639543	2.1
745	3258.541780	27.583677	0.000357	45.608367	2.1
746	3354.259706	27.574142	0.000357	58.053228	2.1
747	3373.564082	27.562598	0.000357	63.448904	1.9
748	3383.990095	27.596737	0.000357	80.912673	2.0
749	3429.494509	27.596827	0.000357	50.783085	2.0
750	3205.947041	27.594231	0.000357	86.418467	2.0
751	3460.135530	27.683674	0.000356	42.111024	1.9
752	3381.762615	27.810588	0.000355	58.207870	2.0
753	3430.305415	27.827428	0.000355	56.280015	1.9
754	3294.932818	27.924759	0.000354	33.092647	1.9
755	3428.438852	27.927293	0.000354	54.923187	1.9
756	3419.733198	27.955193	0.000354	62.846016	1.9
757	3399.021887	28.051559	0.000353	33.298261	1.9
758	3377.102203	28.041560	0.000353	82.901818	2.0
759	3389.620018	28.042266	0.000353	124.503574	1.9
760	3419.749394	28.857154	0.000348	81.045979	1.9
761	3422.615727	28.843761	0.000348	18.808738	2.1
762	3162.702731	28.859425	0.000348	72.150441	4.4
763	3480.363517	28.861014	0.000348	75.199068	2.6
764	3394.951070	28.896804	0.000347	79.182219	1.9
765	3436.318148	29.223232	0.000345	84.025691	2.0
766	3426.885908	29.209808	0.000345	40.908031	2.3
767	3337.772756	29.286601	0.000345	70.771892	2.4
768	3334.107333	29.274710	0.000345	66.168106	2.3
769	3283.758337	29.574787	0.000343	116.289029	2.3
770	3503.117341	29.908080	0.000341	64.194110	2.1
771	3237.434508	30.689350	0.000335	89.290409	2.2
772	3465.609662	31.032300	0.000333	47.270616	2.2
773	3275.332625	31.246314	0.000332	44.975718	2.1
774	3368.145087	31.289975	0.000332	28.502989	2.1
775	3414.685635	31.301553	0.000331	56.268471	2.0
776	3368.616659	31.324521	0.000331	35.521741	2.0
777	3378.222171	31.322585	0.000331	35.470101	2.0
778	3371.786747	31.320143	0.000331	43.094272	2.0
779	3207.188510	31.333233	0.000331	82.155627	2.0
780	3527.600452	31.337098	0.000331	37.439058	2.0
781	3329.158127	31.374774	0.000331	98.858704	1.9
782	3459.808289	31.404305	0.000331	175.000369	1.9
783	3315.172256	32.347043	0.000325	115.102772	2.7
784	3401.210686	33.346808	0.000319	39.697040	4.4
785	3383.465075	33.335476	0.000319	58.220614	4.4
786	3286.232278	33.340066	0.000319	94.358942	4.3
787	3435.067319	33.327462	0.000319	20.055101	3.7
788	3294.980848	33.321002	0.000319	51.302299	2.4
789	3208.462284	33.323878	0.000319	29.926607	2.4
790	3361.088862	33.320178	0.000319	81.014024	2.9
791	3412.459815	33.324052	0.000319	22.878707	2.9
792	3453.225198	33.314963	0.000319	38.074365	2.9
793	3396.763145	33.312258	0.000319	36.414194	2.4
794	3294.900253	33.317489	0.000319	48.954809	2.2
795	3364.770092	33.315240	0.000319	34.041333	2.3
796	3394.221337	33.329322	0.000319	43.226143	2.3
797	3499.340869	33.323842	0.000319	82.691847	2.2
798	3220.800768	33.311509	0.000319	52.077805	2.1
799	3476.762668	33.376414	0.000319	14.259827	4.3
800	3255.993036	33.376772	0.000319	52.568804	3.9
801	3428.021205	33.374387	0.000319	43.683592	2.5
802	3365.640482	33.409337	0.000319	73.605639	2.9
803	3289.739383	33.412985	0.000319	78.733311	2.5
804	3252.497844	33.407402	0.000319	49.571276	2.5
805	3283.136800	33.551874	0.000318	74.984053	2.5
806	3356.538833	33.626576	0.000317	45.511808	2.3
807	3326.161708	33.736236	0.000317	16.129015	2.3
808	3375.101923	33.730571	0.000317	48.626737	2.4
809	3232.470135	33.729520	0.000317	107.120655	3.1
810	3200.194595	33.716891	0.000317	73.854556	3.2
811	3299.188417	34.153315	0.000314	124.748961	3.0
812	3519.432575	34.140278	0.000314	32.216867	2.6
813	3215.225421	34.127400	0.000314	76.334993	2.0
814	3370.531240	34.168862	0.000314	45.349782	2.0
815	3290.339261	34.219848	0.000314	41.062841	2.0
816	3533.442188	34.237925	0.000314	70.303156	2.0
817	3352.021246	34.269867	0.000314	117.956624	1.9
818	3418.712556	34.878813	0.000310	31.925761	2.3
819	3412.252020	34.915843	0.000310	49.434361	2.0
820	3387.959665	34.932840	0.000310	25.330325	2.2
821	3243.476407	34.941382	0.000310	43.979914	4.4
822	3244.805104	34.936628	0.000310	65.538693	4.4
823	3398.544585	34.984056	0.000310	29.649974	4.3
824	3366.889387	34.981841	0.000310	23.701003	3.9
825	3376.203849	34.982354	0.000310	91.770756	4.4
826	3402.630506	34.973031	0.000310	48.355108	4.6
827	3433.451264	35.048631	0.000309	51.998921	4.5
828	3279.525973	35.051710	0.000309	42.100856	3.3
829	3481.796193	35.083148	0.000309	36.720154	3.3
830	3251.723050	35.096943	0.000309	34.426626	3.4
831	3390.746196	35.097181	0.000309	46.089927	3.0
832	3307.975748	35.092240	0.000309	51.693590	4.2
833	3302.001140	35.123414	0.000309	39.551394	4.1
834	3479.370503	35.140518	0.000309	35.467334	4.1
835	3278.181569	35.159381	0.000309	59.000660	4.1
836	3396.969597	35.174837	0.000309	88.879846	3.1
837	3397.529537	35.165748	0.000309	14.732491	3.1
838	3323.461210	35.169488	0.000309	30.791265	3.0
839	3312.272610	35.166664	0.000309	45.384426	2.8
840	3404.525245	35.183650	0.000309	32.562456	2.7
841	3354.031806	35.177683	0.000309	51.560932	2.7
842	3362.612826	35.188420	0.000309	107.863608	2.7
843	3294.375599	35.175151	0.000309	38.958429	2.4
844	3347.429204	35.228666	0.000308	49.736174	2.4
845	3382.505149	35.222274	0.000308	21.503609	2.5
846	3453.764893	35.222346	0.000308	68.948307	2.4
847	3404.497235	35.232609	0.000308	59.210403	2.6
848	3344.762891	35.233030	0.000308	50.632186	2.5
849	3437.522374	35.224041	0.000308	65.530741	2.5
850	3575.134553	35.309800	0.000308	24.468430	2.5
851	3384.551696	35.308482	0.000308	55.208397	2.4
852	3324.467239	35.319858	0.000308	83.738573	2.4
853	3347.365872	35.328185	0.000308	38.467015	2.5
854	3310.768706	35.344640	0.000308	50.971513	2.3
855	3392.028845	35.334430	0.000308	48.773602	2.5
856	3515.211487	35.338550	0.000308	66.236212	2.5
857	3293.450862	35.327037	0.000308	41.376207	2.5
858	3318.913711	35.369157	0.000308	7.790086	2.5
859	3436.904673	35.367096	0.000308	72.358150	2.5
860	3353.633762	35.370393	0.000308	73.523716	4.4
861	3376.164503	35.511733	0.000307	33.108031	4.4
862	3427.865035	35.502783	0.000307	32.377169	4.2
863	3345.729779	35.507924	0.000307	102.086927	4.4
864	3333.515656	35.508015	0.000307	48.875007	4.1
865	3332.275190	35.497117	0.000307	36.725630	4.9
866	3419.255040	35.503209	0.000307	47.273708	4.8
867	3310.788616	35.498284	0.000307	73.641595	4.4
868	3551.184766	35.485749	0.000307	72.322306	4.0
869	3336.023021	35.641942	0.000306	59.818128	3.4
870	3458.468978	35.639560	0.000306	76.026174	3.5
871	3345.948100	35.626505	0.000306	28.459043	3.0
872	3487.779061	35.662282	0.000306	126.477609	3.2
873	3425.147566	35.649578	0.000306	55.689182	3.9
874	3301.168897	35.641221	0.000306	57.135075	3.6
875	3343.626659	35.631850	0.000306	67.553482	3.5
876	3548.145427	35.619253	0.000306	73.384538	3.5
877	3419.282626	35.621000	0.000306	52.444194	2.8
878	3456.090397	35.814233	0.000305	52.608240	2.8
879	3533.234328	35.820554	0.000305	23.673744	2.9
880	3306.648642	35.817839	0.000305	45.719918	2.7
881	3442.279894	35.811421	0.000305	34.932484	2.8
882	3342.794143	35.808674	0.000305	59.936806	2.7
883	3282.444785	35.828954	0.000305	115.796322	2.9
884	3294.397530	35.815521	0.000305	43.042990	2.6
885	3388.786120	35.810283	0.000305	81.395367	2.5
886	3478.496225	35.808972	0.000305	59.839200	2.5
887	3330.830646	35.815230	0.000305	53.166255	2.5
888	3268.415718	35.821688	0.000305	97.709301	2.3
889	3446.760820	35.809386	0.000305	37.414073	2.3
890	3341.376674	35.796899	0.000305	40.595527	2.5
891	3346.698324	35.802307	0.000305	13.052268	4.5
892	3290.823786	35.799785	0.000305	41.141838	4.4
893	3310.094526	35.802035	0.000305	44.180388	4.4
894	3392.286410	35.800078	0.000305	62.591966	3.9
895	3409.384242	35.870417	0.000305	49.822437	3.7
896	3467.573199	35.860749	0.000305	18.687222	3.7
897	3312.555047	35.863181	0.000305	25.494486	2.9
898	3281.901160	35.861265	0.000305	55.116426	3.0
899	3407.714607	35.862890	0.000305	21.134555	2.9
900	3420.706192	35.859020	0.000305	68.314118	2.5
901	3494.252538	35.854951	0.000305	69.702068	2.6
902	3333.112356	35.841750	0.000305	28.405870	2.5
903	3421.108956	35.852330	0.000305	17.270607	2.5
904	3282.051156	35.851878	0.000305	16.141010	2.5
905	3418.255491	35.849367	0.000305	22.155489	2.6
906	3390.782329	35.851643	0.000305	22.831795	2.5
907	3368.037817	35.853227	0.000305	35.253680	2.6
908	3293.090680	35.848476	0.000305	35.334189	2.7
909	3462.147175	35.840932	0.000305	45.858958	2.6
910	3490.583746	35.849357	0.000305	85.116828	2.8
911	3386.847991	35.837801	0.000305	44.357720	2.7
912	3379.054320	35.831204	0.000305	30.645967	2.9
913	3443.004533	35.836290	0.000305	19.457514	3.0
914	3329.121020	35.833161	0.000305	34.516106	3.5
915	3321.905835	35.831844	0.000305	25.226305	2.9
916	3507.303046	35.826868	0.000305	33.923797	2.4
917	3418.798965	35.825040	0.000305	59.866811	2.3
918	3472.723110	35.866782	0.000305	72.554547	2.4
919	3379.804948	35.971157	0.000304	46.115876	2.2
920	3329.315131	35.962012	0.000304	88.434465	2.1
921	3424.633189	36.067460	0.000304	108.254942	2.1
922	3319.252657	36.516804	0.000301	53.927964	2.1
923	3382.637803	36.619979	0.000301	56.138815	2.2
924	3237.134269	36.610462	0.000301	40.755133	2.2
925	3316.100492	36.599285	0.000301	62.441009	2.2
926	3392.174183	36.650767	0.000301	19.584174	2.3
927	3320.662200	36.647064	0.000301	58.286525	2.2
928	3427.640584	36.660916	0.000301	104.406041	2.2
929	3326.058813	36.647580	0.000301	55.978148	2.2
930	3269.058887	36.739273	0.000300	52.033355	2.2
931	3198.281990	36.731218	0.000300	43.895324	6.2
932	3384.141941	36.723130	0.000300	61.399395	2.5
933	3385.512093	36.734155	0.000300	57.178124	4.2
934	3462.776114	36.853454	0.000300	40.861255	4.2
935	3384.009820	36.859511	0.000300	58.509861	4.2
936	3258.528017	36.854444	0.000300	51.251186	3.8
937	3420.242948	36.844833	0.000300	80.388955	3.3
938	3506.264080	36.845546	0.000300	49.802989	3.3
939	3396.247236	36.834186	0.000300	73.034415	3.2
940	3330.884360	36.824140	0.000300	54.427420	3.6
941	3463.121146	36.912121	0.000299	64.200595	3.9
942	3301.385402	36.901186	0.000299	36.551223	4.4
943	3407.310211	36.919668	0.000299	45.602314	4.4
944	3287.714632	36.913338	0.000299	52.666576	3.8
945	3331.578985	36.934786	0.000299	44.165252	3.3
946	3308.972626	36.948996	0.000299	70.654706	3.3
947	3181.599263	36.936726	0.000299	46.262868	2.9
948	3419.361671	36.925220	0.000299	52.069837	2.6
949	3301.579913	36.914894	0.000299	57.643297	2.5
950	3292.369630	36.902676	0.000299	34.231312	2.6
951	3322.132082	36.913947	0.000299	37.860237	2.5
952	3307.420484	36.928532	0.000299	52.908626	2.3
953	3274.762030	36.945007	0.000299	31.219795	2.3
954	3390.310274	36.974796	0.000299	47.099864	2.2
955	3237.740971	36.987174	0.000299	23.650564	2.3
956	3374.889508	36.992453	0.000299	118.005025	2.2
957	3396.264025	36.985800	0.000299	85.176714	2.3
958	3364.316483	36.972244	0.000299	48.150587	2.3
959	3376.555987	36.999055	0.000299	71.195626	2.2
960	3444.222908	37.135986	0.000298	63.037956	2.1
961	3352.702985	37.125136	0.000298	60.443134	2.1
962	3278.535940	37.113501	0.000298	83.357382	2.0
963	3377.717042	37.100786	0.000298	43.356772	2.1
964	3382.734313	37.242726	0.000298	43.428125	2.1
965	3555.638943	37.248261	0.000298	61.978462	2.0
966	3467.038993	37.316493	0.000297	45.005331	2.0
967	3389.930684	37.305484	0.000297	14.384121	2.0
968	3411.382968	37.301136	0.000297	72.734868	2.0
969	3365.527573	37.305767	0.000297	69.790893	1.9
970	3376.313236	37.312973	0.000297	22.422145	1.9
971	3399.580048	37.304417	0.000297	48.728622	1.9
972	3357.972585	37.305929	0.000297	80.885916	1.9
973	3430.810229	37.310659	0.000297	80.637996	1.9
974	3330.207110	37.302348	0.000297	80.508401	1.9
975	3364.850372	37.528283	0.000296	34.273930	2.0
976	3401.600453	37.568995	0.000296	34.798427	2.0
977	3260.564183	37.562093	0.000296	106.499473	1.9
978	3379.658528	37.727498	0.000295	27.042953	1.9
979	3316.074777	37.743336	0.000295	40.702235	2.0
980	3353.817961	37.751369	0.000295	119.058687	1.9
981	3477.880672	37.986517	0.000294	33.925760	2.0
982	3297.892733	37.975284	0.000294	57.744287	2.0
983	3416.995407	37.970258	0.000294	65.793773	1.9
984	3344.679371	37.988964	0.000294	72.275475	1.9
985	3340.761224	38.149722	0.000293	12.807241	1.9
986	3279.418969	38.156621	0.000293	73.452174	1.9
987	3407.680211	38.154682	0.000293	43.979759	1.9
988	3396.109898	38.160700	0.000293	119.297695	1.9
989	3417.243009	38.218047	0.000293	53.436235	1.9
990	3331.060007	38.337199	0.000292	47.809194	1.9
991	3204.384940	38.337379	0.000292	117.227486	1.9
992	3420.037018	38.324049	0.000292	89.065561	1.9
993	3339.181531	38.310513	0.000292	73.906211	1.9
994	3319.210181	38.297041	0.000292	62.443579	1.9
995	3448.045046	38.299864	0.000292	109.121307	3.1
996	3332.378374	38.413185	0.000292	76.526075	2.1
997	3314.652371	38.399663	0.000292	49.256482	1.9
998	3255.700644	38.393997	0.000292	54.073732	2.0
999	3402.565664	38.411275	0.000292	35.249051	1.9
1000	3281.839430	38.418551	0.000292	36.470721	1.9
1001	3287.564216	38.413594	0.000292	95.709802	2.0
1002	3395.598683	38.410481	0.000292	94.838509	1.9
1003	3433.743104	38.396947	0.000292	73.378131	1.9
1004	3407.449750	38.803592	0.000290	89.020345	1.9
1005	3387.780617	38.792517	0.000290	14.690887	1.9
1006	3361.958625	38.790217	0.000290	86.166257	1.9
1007	3392.517584	38.782722	0.000290	33.346090	1.9
1008	3447.232281	38.775816	0.000290	43.251794	2.0
1009	3319.316308	38.770236	0.000290	43.428160	1.9
1010	3398.647041	38.780728	0.000290	56.680521	2.1
1011	3509.375726	38.785382	0.000290	17.464826	4.5
1012	3401.370937	38.789734	0.000290	46.128897	4.4
1013	3415.318406	38.787809	0.000290	35.593964	4.2
1014	3221.876785	38.781276	0.000290	14.736483	2.2
1015	3359.786809	38.782529	0.000290	82.969087	2.2
1016	3418.181811	38.776420	0.000290	27.415937	2.5
1017	3487.983119	38.778748	0.000290	82.186507	2.6
1018	3379.498913	38.795790	0.000290	50.171961	2.6
1019	3326.562925	38.855492	0.000290	72.854726	3.2
1020	3388.859469	38.851062	0.000290	43.691876	4.0
1021	3343.766272	38.906989	0.000289	35.907391	4.2
1022	3399.197935	38.902443	0.000289	73.649778	4.5
1023	3413.169896	38.948667	0.000289	59.711533	3.1
1024	3354.573624	39.045766	0.000289	60.804125	4.6
1025	3347.384594	39.037698	0.000289	109.882705	4.5
1026	3335.070874	39.143118	0.000288	30.283662	4.2
1027	3602.806078	39.132387	0.000288	18.056453	4.3
1028	3292.175828	39.133624	0.000288	72.141946	4.2
1029	3284.099861	39.142091	0.000288	56.070118	4.6
1030	3362.895304	39.130788	0.000288	54.911639	4.7
1031	3555.730199	39.131515	0.000288	63.070268	4.3
1032	3397.924360	39.237307	0.000288	51.867504	4.1
1033	3275.141532	39.233646	0.000288	81.255493	4.1
1034	3333.039861	39.232432	0.000288	72.751072	3.4
1035	3368.837583	39.320076	0.000287	30.405421	3.1
1036	3375.703415	39.309188	0.000287	71.845574	3.2
1037	3360.575086	39.300944	0.000287	34.660298	2.9
1038	3296.208438	39.300782	0.000287	74.951561	2.7
1039	3453.702370	39.366483	0.000287	44.084306	2.7
1040	3422.661011	39.354805	0.000287	17.096831	2.7
1041	3245.666034	39.352531	0.000287	13.189203	2.4
1042	3259.439537	39.353359	0.000287	71.737646	2.3
1043	3198.328176	39.363280	0.000287	47.475154	2.3
1044	3301.738568	39.468750	0.000287	33.938072	2.3
1045	3300.825433	39.470165	0.000287	19.500316	2.4
1046	3418.100452	39.474037	0.000287	20.131220	2.4
1047	3379.422358	39.473044	0.000287	33.009350	2.4
1048	3316.949370	39.468494	0.000287	54.307319	2.4
1049	3284.878838	39.464622	0.000287	36.274869	2.4
1050	3274.501426	39.497679	0.000287	48.228286	2.5
1051	3355.444806	39.511766	0.000286	39.491241	2.6
1052	3378.650896	39.513684	0.000286	58.426950	2.6
1053	3315.825822	39.535978	0.000286	60.830134	4.5
1054	3248.597790	39.620576	0.000286	95.927801	4.5
1055	3299.389857	39.607215	0.000286	70.124927	4.0
1056	3482.428133	40.197604	0.000283	66.210004	3.5
1057	3296.608905	40.184751	0.000283	72.040996	3.4
1058	3401.804018	40.217767	0.000283	63.735607	3.4
1059	3334.313547	40.352190	0.000283	80.503195	3.3
1060	3407.195054	40.572767	0.000282	53.250455	3.3
1061	3258.161790	40.644725	0.000281	30.351103	2.9
1062	3312.363617	40.642141	0.000281	36.826738	2.7
1063	3455.190732	40.645369	0.000281	47.130789	2.7
1064	3476.414489	40.667125	0.000281	36.140961	3.0
1065	3315.191675	40.674537	0.000281	17.652141	5.0
1066	3384.944517	40.677073	0.000281	26.407006	4.9
1067	3199.871541	40.674746	0.000281	76.708807	4.5
1068	3377.865485	40.666691	0.000281	68.827344	4.4
1069	3403.129833	40.996209	0.000280	31.194011	4.4
1070	3350.028596	40.985753	0.000280	46.717907	4.6
1071	3381.450216	40.987552	0.000280	57.743548	3.9
1072	3331.345563	41.018608	0.000280	47.283275	3.6
1073	3308.644067	41.009115	0.000280	42.226178	3.4
1074	3357.458342	41.032425	0.000279	28.330509	2.9
1075	3230.517321	41.036880	0.000279	39.711476	2.8
1076	3423.661597	41.043179	0.000279	31.855658	2.9
1077	3320.428191	41.042876	0.000279	25.868825	4.6
1078	3326.013968	41.042940	0.000279	43.436358	4.5
1079	3456.531523	41.052678	0.000279	75.423097	4.1
1080	3376.192381	41.110452	0.000279	60.250886	3.1
1081	3529.351239	41.321649	0.000278	71.858677	3.0
1082	3348.158801	41.509412	0.000277	66.004587	3.1
1083	3349.369360	41.498224	0.000277	56.367404	2.8
1084	3259.069695	41.506058	0.000277	37.088508	2.8
1085	3446.454302	41.501754	0.000277	32.668135	2.8
1086	3488.539558	41.515767	0.000277	84.871617	2.9
1087	3335.099574	41.509636	0.000277	62.311019	2.6
1088	3282.214854	41.542974	0.000277	42.112029	2.4
1089	3262.879064	41.546012	0.000277	35.740104	2.5
1090	3456.034861	41.569733	0.000277	68.827891	2.4
1091	3324.920538	41.592571	0.000277	77.013782	3.9
1092	3382.982530	41.928924	0.000275	33.106222	2.4
1093	3290.759297	41.926726	0.000275	103.324570	2.6
1094	3344.814202	41.985820	0.000275	79.449169	2.3
1095	3302.542848	42.799949	0.000272	77.596063	2.3
1096	3301.178341	43.220048	0.000270	35.209014	2.3
1097	3311.285951	43.219465	0.000270	41.476835	2.2
1098	3304.102652	43.223930	0.000270	96.866319	2.2
1099	3302.524289	43.252919	0.000270	61.539651	2.4
1100	3342.252908	43.239651	0.000270	48.475352	2.2
1101	3412.528230	43.227504	0.000270	67.261077	2.2
1102	3288.161412	43.217470	0.000270	35.306008	2.3
1103	3254.079911	43.214668	0.000270	35.455238	2.2
1104	3319.126780	43.206518	0.000270	110.801576	2.3
1105	3432.810808	43.194062	0.000270	39.455731	2.2
1106	3397.250669	43.400423	0.000269	18.798833	2.2
1107	3410.585275	43.404913	0.000269	54.049010	2.1
1108	3391.364405	43.402994	0.000269	45.898499	2.1
1109	3392.249072	43.393158	0.000269	50.722162	2.2
1110	3292.912580	43.407559	0.000269	19.912614	2.2
1111	3328.518819	43.402065	0.000269	11.276625	2.2
1112	3392.113086	43.400551	0.000269	50.378715	2.2
1113	3329.802908	43.403029	0.000269	68.949055	2.3
1114	3322.781780	43.475728	0.000269	18.080664	2.2
1115	3361.269914	43.490453	0.000269	46.560870	2.2
1116	3449.180021	43.494231	0.000269	41.827994	2.2
1117	3427.979423	43.505782	0.000269	47.726219	2.2
1118	3301.101170	43.512650	0.000269	78.134415	4.2
1119	3259.388184	43.500737	0.000269	86.588477	4.2
1120	3328.382907	44.205812	0.000266	56.020607	4.1
1121	3447.698044	44.247155	0.000266	47.740596	4.1
1122	3595.603064	44.247021	0.000266	31.491274	3.2
1123	3359.246060	44.248650	0.000266	48.258494	3.2
1124	3337.062338	44.254305	0.000266	13.771685	3.1
1125	3298.326503	44.254678	0.000266	76.527690	2.7
1126	3342.515405	44.254154	0.000266	20.738924	2.8
1127	3302.460992	44.280252	0.000266	35.748849	4.5
1128	3427.410337	44.277348	0.000266	35.761160	3.4
1129	3293.729166	44.269363	0.000266	60.504325	3.1
1130	3423.855833	44.272843	0.000266	48.448132	3.3
1131	3430.174636	44.262643	0.000266	87.479895	2.9
1132	3334.407647	44.256848	0.000266	35.618482	2.8
1133	3232.205854	44.244757	0.000266	62.030873	2.8
1134	3456.044737	44.263961	0.000266	42.972396	2.9
1135	3396.320405	44.330405	0.000265	13.911982	2.6
1136	3316.406308	44.329421	0.000265	98.852967	2.6
1137	3394.844772	44.329576	0.000265	51.845974	2.6
1138	3227.980757	44.320624	0.000265	49.290162	2.6
1139	3319.678387	44.387449	0.000265	30.619319	3.1
1140	3443.577048	44.406069	0.000265	27.119434	2.6
1141	3340.230315	44.402782	0.000265	41.523319	2.5
1142	3468.075343	44.417578	0.000265	24.582617	2.2
1143	3466.315924	44.429996	0.000265	40.062389	2.5
1144	3363.140716	44.423028	0.000265	83.947664	4.5
1145	3311.841993	44.488107	0.000265	12.171097	4.4
1146	3425.878849	44.502453	0.000265	16.879001	4.6
1147	3258.814576	44.502263	0.000265	40.877874	3.8
1148	3372.594321	44.499441	0.000265	33.503492	3.3
1149	3216.537398	44.492626	0.000265	82.426525	3.6
1150	3382.483020	44.486286	0.000265	44.686317	3.6
1151	3277.460329	44.618521	0.000264	70.678106	3.9
1152	3332.244370	44.646121	0.000264	51.260653	3.4
1153	3240.773372	44.633951	0.000264	72.081215	4.9
1154	3303.077112	44.638134	0.000264	26.480306	4.7
1155	3282.005327	44.675389	0.000264	112.148826	3.3
1156	3350.270299	44.664656	0.000264	66.525469	3.2
1157	3340.535442	44.658186	0.000264	27.476403	3.2
1158	3227.931032	44.649202	0.000264	55.055585	2.8
1159	3335.028661	44.663614	0.000264	34.475566	4.5
1160	3521.370572	44.660990	0.000264	48.099190	4.5
1161	3371.947048	44.652075	0.000264	82.430237	4.4
1162	3449.001281	44.696240	0.000264	90.689650	4.3
1163	3353.249596	44.684340	0.000264	41.662317	3.7
1164	3364.058806	44.672330	0.000264	59.228669	3.8
1165	3308.970256	44.715240	0.000264	45.036584	4.4
1166	3495.913665	44.705589	0.000264	105.357715	4.4
1167	3355.613590	44.717053	0.000264	86.508268	4.2
1168	3386.991692	44.726624	0.000264	43.395311	3.4
1169	3356.152980	44.771594	0.000264	75.249132	3.4
1170	3354.700798	44.764332	0.000264	62.546445	3.3
1171	3487.235710	44.760938	0.000264	30.322741	4.0
1172	3290.739256	44.781857	0.000264	53.626560	3.1
1173	3393.242857	44.774173	0.000264	68.844075	3.2
1174	3382.348738	44.762911	0.000264	31.705747	3.2
1175	3360.772617	44.752770	0.000264	24.685943	3.1
1176	3262.746742	44.755447	0.000264	36.468393	2.9
1177	3359.668838	44.750991	0.000264	59.288366	3.1
1178	3325.475461	44.745769	0.000264	21.593945	4.3
1179	3439.395131	44.758924	0.000264	66.702593	4.4
1180	3308.825814	44.753635	0.000264	45.585332	4.3
1181	3424.555400	44.741758	0.000264	18.736978	4.0
1182	3313.983286	44.744566	0.000264	28.864777	3.3
1183	3445.453900	44.741392	0.000264	24.915358	3.5
1184	3401.571504	44.743000	0.000264	61.472245	3.0
1185	3385.300737	44.757973	0.000264	13.577297	2.9
1186	3462.216836	44.763421	0.000264	45.591302	2.8
1187	3378.319035	44.762233	0.000264	59.229141	2.8
1188	3426.558690	44.755068	0.000264	39.159438	2.5
1189	3254.620713	44.812033	0.000263	87.884513	2.5
1190	3292.485711	44.800204	0.000263	21.869928	2.5
1191	3468.777382	44.790109	0.000263	77.556932	2.4
1192	3323.814036	44.806664	0.000263	23.235629	2.3
1193	3275.920278	44.816195	0.000263	28.763805	2.2
1194	3477.292550	44.815860	0.000263	44.258509	2.4
1195	3359.940878	44.817438	0.000263	31.813066	3.1
1196	3423.761887	44.815753	0.000263	48.012421	2.2
1197	3467.967954	44.822457	0.000263	78.267955	2.2
1198	3235.938235	44.869017	0.000263	28.711177	2.3
1199	3436.513467	44.865302	0.000263	93.456419	2.2
1200	3330.060403	44.866690	0.000263	17.848187	2.3
1201	3376.392791	44.888194	0.000263	57.534027	2.3
1202	3438.905487	44.882970	0.000263	43.866570	5.2
1203	3358.713481	44.873137	0.000263	40.543377	3.0
1204	3434.078468	44.898594	0.000263	36.086212	2.9
1205	3452.235477	44.891761	0.000263	41.742117	2.6
1206	3253.972905	44.901035	0.000263	50.960074	2.4
1207	3330.848326	44.925434	0.000263	30.878656	2.0
1208	3342.628277	44.917945	0.000263	37.384918	2.0
1209	3408.895608	44.912552	0.000263	64.655030	2.0
1210	3297.347515	44.921896	0.000263	34.420971	2.0
1211	3355.742582	44.911259	0.000263	48.530866	2.1
1212	3352.247602	44.928479	0.000263	84.527560	2.7
1213	3284.114556	44.920550	0.000263	20.609070	4.3
1214	3309.828249	44.931234	0.000263	50.355123	4.1
1215	3316.185479	44.932696	0.000263	42.475202	3.1
1216	3391.194190	44.966532	0.000263	39.938064	2.9
1217	3267.244653	44.957182	0.000263	69.586891	3.0
1218	3455.513440	44.980382	0.000263	45.560751	2.3
1219	3256.200402	45.001811	0.000263	56.650123	2.3
1220	3389.859051	45.016928	0.000263	71.247648	2.3
1221	3439.457642	45.077726	0.000262	32.773636	2.2
1222	3478.812524	45.096037	0.000262	52.033560	2.2
1223	3364.967990	45.109825	0.000262	81.654417	2.0
1224	3403.848326	45.104137	0.000262	31.537640	2.0
1225	3470.113978	45.105957	0.000262	99.451178	2.2
1226	3154.349128	45.106440	0.000262	84.659784	2.2
1227	3223.218211	45.420804	0.000261	65.350717	2.6
1228	3520.702195	45.413266	0.000261	67.456007	2.6
1229	3488.373624	45.403908	0.000261	112.046881	2.7
1230	3433.153059	45.394426	0.000261	28.923417	2.6
1231	3267.487874	45.446223	0.000261	43.006993	2.1
1232	3332.646664	45.458338	0.000261	60.460735	2.1
1233	3306.016135	45.459611	0.000261	54.791023	2.1
1234	3354.418261	45.447542	0.000261	30.331164	2.1
1235	3348.675392	45.437907	0.000261	130.250040	2.2
1236	3415.029713	45.499290	0.000261	49.761744	2.0
1237	3340.386934	45.487417	0.000261	89.798675	1.9
1238	3370.590590	45.477324	0.000261	32.575561	2.0
1239	3338.367572	45.466731	0.000261	36.208014	2.0
1240	3383.230905	45.461243	0.000261	33.427215	2.0
1241	3280.604960	45.455034	0.000261	28.934742	1.9
1242	3429.747596	45.461883	0.000261	56.503653	1.9
1243	3337.559119	45.456343	0.000261	56.909976	1.9
1244	3372.053423	45.472532	0.000261	23.316630	1.9
1245	3343.988320	45.466389	0.000261	43.722134	1.9
1246	3452.058848	45.461121	0.000261	44.645035	2.0
1247	3245.893711	45.496753	0.000261	88.831960	1.9
1248	3357.454339	45.500872	0.000261	93.100943	2.2
1249	3273.758275	45.493651	0.000261	78.845467	4.3
1250	3205.079976	45.498979	0.000261	63.041840	4.0
1251	3401.507241	45.485822	0.000261	33.211740	2.2
1252	3311.329497	45.516418	0.000261	50.291508	2.2
1253	3298.182649	45.520403	0.000261	67.298002	2.3
1254	3189.390976	45.536370	0.000261	32.102791	2.8
1255	3386.806417	45.560943	0.000260	77.779093	4.5
1256	3361.205500	45.565177	0.000260	38.299176	3.2
1257	3584.523324	45.552994	0.000260	88.224507	3.3
1258	3456.693148	45.542936	0.000261	47.679917	3.3
1259	3358.119506	45.535283	0.000261	72.520374	4.4
1260	3296.962636	45.650501	0.000260	75.021375	4.1
1261	3368.248788	45.637587	0.000260	32.102683	3.2
1262	3476.237429	45.680810	0.000260	39.870666	4.5
1263	3338.337315	45.676095	0.000260	71.093799	4.5
1264	3334.120689	45.759121	0.000260	72.810100	4.0
1265	3277.812514	45.763093	0.000260	59.639815	4.4
1266	3313.112516	45.810983	0.000259	83.940923	4.2
1267	3311.080827	45.848468	0.000259	24.066807	4.1
1268	3508.621374	45.882004	0.000259	39.839066	4.1
1269	3325.322993	45.891388	0.000259	20.048953	3.2
1270	3452.133480	45.889841	0.000259	52.974164	4.4
1271	3346.331447	45.892129	0.000259	61.723599	3.4
1272	3237.288925	46.014458	0.000259	86.462155	3.9
1273	3373.327383	46.078569	0.000258	16.602441	3.5
1274	3372.045420	46.079995	0.000258	26.776065	3.3
1275	3361.185037	46.077102	0.000258	38.315685	3.8
1276	3285.289528	46.074208	0.000258	63.861075	3.6
1277	3374.075849	46.089010	0.000258	38.972045	3.1
1278	3345.331632	46.079980	0.000258	67.207050	2.9
1279	3270.937709	46.113680	0.000258	17.123080	2.9
1280	3413.432225	46.107131	0.000258	56.298985	3.1
1281	3399.047312	46.114033	0.000258	34.018170	3.0
1282	3349.159106	46.113152	0.000258	54.655217	2.9
1283	3390.006263	46.114887	0.000258	58.667147	2.9
1284	3298.416206	46.135799	0.000258	62.109111	2.6
1285	3255.797208	46.141092	0.000258	74.092007	2.7
1286	3404.187908	46.224062	0.000258	44.385045	2.6
1287	3473.496893	46.258666	0.000258	55.621874	2.7
1288	3315.797199	46.270249	0.000258	145.864500	2.6
1289	3393.967354	46.256718	0.000258	33.232923	2.4
1290	3382.456246	46.243644	0.000258	14.194045	2.7
1291	3446.825857	46.245961	0.000258	54.027809	2.3
1292	3409.495025	46.247073	0.000258	60.068064	2.4
1293	3548.192513	46.234778	0.000258	51.325141	2.5
1294	3359.971834	46.275597	0.000258	59.082053	2.4
1295	3413.341806	46.269744	0.000258	57.202906	2.2
1296	3371.710362	46.300934	0.000258	29.197587	2.1
1297	3451.574408	46.292724	0.000258	22.443043	2.1
1298	3363.869870	46.288854	0.000258	14.706514	2.1
1299	3284.363793	46.286505	0.000258	33.880357	2.1
1300	3405.318989	46.284349	0.000258	32.913972	2.1
1301	3414.831359	46.277211	0.000258	44.115670	2.0
1302	3387.127377	46.277921	0.000258	21.379178	2.0
1303	3301.740792	46.271313	0.000258	69.413378	2.0
1304	3338.793411	46.287120	0.000258	59.123088	2.0
1305	3254.314377	46.339632	0.000257	32.024899	2.0
1306	3421.822232	46.329464	0.000257	79.383494	1.9
1307	3425.213655	46.324131	0.000257	33.818109	2.0
1308	3367.250555	46.313887	0.000258	51.882860	1.9
1309	3347.178275	46.306739	0.000258	22.332603	2.0
1310	3361.108071	46.306537	0.000258	36.065494	1.9
1311	3421.433124	46.305719	0.000258	66.505498	2.0
1312	3423.026554	46.294904	0.000258	95.349758	2.0
1313	3343.656277	46.474568	0.000257	89.824860	1.9
1314	3347.182090	46.461104	0.000257	30.699165	1.9
1315	3416.199131	46.496082	0.000257	41.143301	2.0
1316	3418.406189	46.492883	0.000257	30.891939	2.0
1317	3397.475632	46.498677	0.000257	50.242356	2.0
1318	3385.673698	46.492500	0.000257	42.740320	1.9
1319	3409.801785	46.541207	0.000257	30.846833	1.9
1320	3380.474672	46.549570	0.000257	93.261886	1.9
1321	3231.399273	46.570495	0.000257	65.332269	2.0
1322	3246.505328	47.173996	0.000254	63.241821	2.0
1323	3217.012661	47.162676	0.000254	18.787681	1.9
1324	3386.368465	47.159699	0.000254	43.126202	2.0
1325	3302.892184	47.159616	0.000254	64.956998	2.0
1326	3302.828228	47.195773	0.000254	57.328064	1.9
1327	3309.018754	47.182935	0.000254	20.248535	1.9
1328	3516.558212	47.176346	0.000254	42.469219	1.9
1329	3380.509613	47.180633	0.000254	40.725812	1.9
1330	3499.908923	47.177829	0.000254	74.647436	1.9
1331	3472.685680	47.199290	0.000254	46.491444	1.9
1332	3509.700481	47.197916	0.000254	37.155378	2.0
1333	3381.439339	47.195700	0.000254	76.467298	1.8
1334	3453.659437	47.184232	0.000254	52.017413	2.0
1335	3387.133516	47.172001	0.000254	22.694651	1.9
1336	3448.889410	47.164603	0.000254	25.402771	1.9
1337	3333.515027	47.163021	0.000254	67.072419	1.9
1338	3345.644203	47.158860	0.000254	41.905141	1.9
1339	3353.811229	47.146960	0.000254	57.236302	1.9
1340	3372.308145	47.136457	0.000254	13.287460	1.9
1341	3329.456838	47.141554	0.000254	79.424783	1.9
1342	3361.752270	47.141394	0.000254	28.168486	1.9
1343	3364.756918	47.134656	0.000254	99.624953	1.9
1344	3225.074069	47.180202	0.000254	34.141911	1.9
1345	3350.764097	47.189483	0.000254	49.837771	1.9
1346	3264.938217	47.192068	0.000254	54.117726	1.8
1347	3380.115421	47.187568	0.000254	95.310179	1.9
1348	3295.328551	47.436849	0.000253	62.024967	1.9
1349	3333.654057	47.481623	0.000253	62.659009	1.9
1350	3524.973194	47.499785	0.000253	35.714950	1.9
1351	3302.267674	47.490153	0.000253	21.143702	2.0
1352	3324.672712	47.486443	0.000253	30.888038	2.0
1353	3299.980748	47.482859	0.000253	77.964308	2.1
1354	3336.324690	47.473142	0.000253	60.965875	3.5
1355	3326.333988	47.494334	0.000253	39.769528	1.9
1356	3436.765765	47.562829	0.000253	75.658830	2.0
1357	3373.893945	47.585883	0.000253	40.945104	2.2
1358	3419.165675	47.645753	0.000253	89.199191	2.1
1359	3306.652276	47.676677	0.000252	65.263198	2.4
1360	3300.495114	47.663260	0.000252	32.552079	2.1
1361	3326.860828	47.661737	0.000252	42.697298	2.2
1362	3374.173417	47.668484	0.000252	30.821224	4.2
1363	3569.446677	47.685221	0.000252	30.178621	4.3
1364	3549.543078	47.690929	0.000252	28.757502	3.9
1365	3320.984362	47.696573	0.000252	44.790047	4.4
1366	3442.120090	47.709589	0.000252	28.934885	4.5
1367	3282.342799	47.709498	0.000252	43.884099	4.6
1368	3317.678675	47.706567	0.000252	39.372202	3.8
1369	3381.228638	47.737879	0.000252	21.829059	2.5
1370	3459.901772	47.736535	0.000252	36.330232	2.5
1371	3320.470617	47.732666	0.000252	75.352501	2.5
1372	3346.910028	47.787880	0.000252	82.406479	2.8
1373	3307.781733	48.238438	0.000250	97.716994	2.8
1374	3285.704377	48.225082	0.000250	31.706682	4.8
1375	3377.822164	48.212740	0.000250	51.121194	3.2
1376	3244.700040	48.234755	0.000250	65.618969	3.2
1377	3315.579800	48.278833	0.000250	40.715867	3.3
1378	3324.631392	48.282879	0.000250	60.996566	3.2
1379	3506.637613	48.291355	0.000250	35.968344	4.5
1380	3260.700785	48.319337	0.000250	51.257426	4.9
1381	3401.807021	48.310081	0.000250	34.610440	4.0
1382	3365.390371	48.310752	0.000250	44.706740	3.6
1383	3371.192966	48.330822	0.000250	70.468275	3.9
1384	3249.734377	48.321337	0.000250	87.331445	3.5
1385	3491.886498	48.314068	0.000250	125.274717	3.4
1386	3351.597855	48.400868	0.000250	48.105291	2.8
1387	3225.130569	48.682378	0.000249	59.789591	2.9
1388	3387.492803	48.670573	0.000249	34.055855	4.6
1389	3329.754395	48.668004	0.000249	76.018104	3.0
1390	3243.786808	48.675145	0.000249	108.162552	2.9
1391	3359.226797	49.461257	0.000246	54.386961	2.9
1392	3319.969911	49.449881	0.000246	17.486321	2.6
1393	3350.340331	49.445093	0.000246	53.188054	2.7
1394	3253.983015	49.442313	0.000246	85.428316	2.7
1395	3417.759865	49.429289	0.000246	61.826180	2.7
1396	3345.526843	49.416262	0.000246	30.342474	2.9
1397	3334.465858	49.415024	0.000246	57.504893	2.9
1398	3383.734251	49.409407	0.000246	45.300049	2.9
1399	3282.356304	49.403659	0.000246	68.341154	2.8
1400	3431.855973	49.491463	0.000246	97.304741	2.8
1401	3424.651109	49.792941	0.000245	37.848929	2.8
1402	3420.128319	49.922740	0.000244	56.371644	2.8
1403	3347.448924	49.913220	0.000244	19.871773	2.7
1404	3250.427913	49.909475	0.000244	39.302333	2.6
1405	3293.125754	49.914525	0.000244	46.031673	2.6
1406	3396.787108	49.934205	0.000244	28.947104	2.5
1407	3361.531473	49.927364	0.000244	21.293754	2.5
1408	3239.965682	49.928763	0.000244	68.602041	2.4
1409	3327.664546	49.941853	0.000244	78.386888	2.5
1410	3565.124441	49.939518	0.000244	51.136243	2.5
1411	3417.736212	50.072615	0.000244	33.944677	2.6
1412	3324.619186	50.070944	0.000244	105.340999	2.6
1413	3250.382021	50.078265	0.000244	46.464582	2.6
1414	3437.406405	50.128149	0.000244	22.493229	2.5
1415	3382.861456	50.121558	0.000244	59.060314	5.4
1416	3316.087835	50.125225	0.000244	57.394778	4.5
1417	3461.290235	50.127802	0.000244	19.490560	4.5
1418	3320.571554	50.136198	0.000244	50.632473	4.5
1419	3322.848478	50.135056	0.000244	78.210692	3.8
1420	3313.401184	50.136642	0.000244	56.886054	3.6
1421	3439.764233	50.123723	0.000244	39.194340	3.5
1422	3427.498059	50.131624	0.000244	61.278872	3.5
1423	3186.048226	50.189072	0.000244	55.928442	3.6
1424	3289.505992	50.263397	0.000243	53.423551	3.4
1425	3390.235301	50.272674	0.000243	75.510633	3.0
1426	3267.151725	50.295464	0.000243	39.674505	2.8
1427	3277.032645	50.293764	0.000243	31.707146	2.8
1428	3452.266797	50.285533	0.000243	58.629828	4.6
1429	3433.450446	50.304462	0.000243	84.685563	4.2
1430	3275.532178	50.292005	0.000243	97.737560	4.2
1431	3361.454820	51.065596	0.000241	28.230495	4.3
1432	3293.301461	51.058608	0.000241	26.841618	4.0
1433	3375.859698	51.067246	0.000241	64.832750	3.3
1434	3391.181452	51.077303	0.000241	69.839948	3.3
1435	3313.380063	51.071927	0.000241	55.177831	3.3
1436	3320.442762	51.143252	0.000240	40.896311	3.4
1437	3375.576105	51.166295	0.000240	69.703558	3.7
1438	3419.801480	51.156314	0.000240	36.781813	3.8
1439	3294.568199	51.144570	0.000240	77.975083	3.3
1440	3288.694832	51.133658	0.000240	85.080158	3.4
1441	3374.515177	51.867490	0.000238	10.244656	4.1
1442	3343.257298	51.871093	0.000238	37.172042	4.2
1443	3399.736889	51.873162	0.000238	26.773978	3.9
1444	3324.959940	51.873216	0.000238	40.758746	3.2
1445	3420.299095	51.870659	0.000238	57.498563	3.2
1446	3369.370312	51.874944	0.000238	81.146895	3.3
1447	3351.098865	52.171392	0.000237	46.145012	2.8
1448	3330.067715	52.158519	0.000237	47.672495	2.8
1449	3280.860499	52.195637	0.000237	45.049335	2.7
1450	3481.094333	52.185524	0.000237	78.240123	2.4
1451	3271.421630	52.175548	0.000237	31.388243	2.4
1452	3377.600270	52.219752	0.000237	30.855485	2.3
1453	3339.837593	52.221011	0.000237	48.130374	2.3
1454	3256.272928	52.212015	0.000237	36.206246	2.6
1455	3366.601206	52.242484	0.000237	79.183278	2.6
1456	3388.320672	52.231657	0.000237	22.381298	2.6
1457	3539.552133	52.221569	0.000237	101.218847	2.6
1458	3521.844220	52.268479	0.000237	10.922761	2.1
1459	3256.005513	52.269458	0.000237	76.443850	2.0
1460	3366.235658	52.269420	0.000237	31.267901	2.0
1461	3269.728149	52.258504	0.000237	45.455309	2.0
1462	3390.612961	52.250005	0.000237	19.447616	2.0
1463	3319.812939	52.245376	0.000237	50.791307	2.0
1464	3265.128906	52.255878	0.000237	79.424865	2.0
1465	3365.492037	52.243598	0.000237	92.383062	1.9
1466	3241.103231	52.230117	0.000237	14.022262	2.0
1467	3227.665967	52.229940	0.000237	41.185565	1.9
1468	3389.636437	52.226981	0.000237	56.964418	2.0
1469	3443.486243	52.218458	0.000237	42.664644	1.9
1470	3475.220823	52.207771	0.000237	32.140632	2.0
1471	3365.377000	52.200166	0.000237	76.211460	1.9
1472	3320.738847	52.194039	0.000237	32.214489	1.9
1473	3326.503506	52.197522	0.000237	31.898022	1.9
1474	3452.213767	52.205391	0.000237	89.595683	1.9
1475	3345.397128	52.198106	0.000237	50.522236	1.9
1476	3573.796605	52.192440	0.000237	30.763724	1.9
1477	3462.570184	52.183664	0.000237	75.604851	2.0
1478	3233.584795	52.175574	0.000237	76.125705	2.0
1479	3232.976680	52.571321	0.000236	57.554943	1.9
1480	3272.142930	52.558428	0.000236	56.321642	2.2
1481	3413.086812	52.659144	0.000235	66.412300	3.6
1482	3400.606495	52.850068	0.000235	30.117150	2.1
1483	3301.046668	52.850665	0.000235	13.333297	3.3
1484	3361.250941	52.849072	0.000235	66.447900	4.6
1485	3326.249802	52.847767	0.000235	20.170447	4.2
1486	3211.225756	52.857166	0.000235	79.390301	4.2
1487	3317.058866	52.862072	0.000235	108.133181	3.7
1488	3453.548608	53.434106	0.000233	58.756428	3.3
1489	3380.528235	53.473684	0.000233	37.605239	3.0
1490	3329.880943	53.516411	0.000233	39.567050	3.0
1491	3490.923442	53.532126	0.000233	58.849716	2.5
1492	3206.516593	53.554233	0.000233	53.742788	2.5
1493	3381.033998	53.543412	0.000233	71.170378	2.5
1494	3317.197673	53.582763	0.000232	25.233720	2.4
1495	3304.450261	53.583146	0.000232	34.550919	2.1
1496	3265.575303	53.590790	0.000232	71.908176	2.0
1497	3309.357565	53.614512	0.000232	72.714071	2.0
1498	3304.020385	53.819535	0.000232	53.183065	2.0
1499	3258.887737	53.822490	0.000232	85.118337	4.6
1500	3265.268763	53.815966	0.000232	33.078788	2.0
1501	3377.875240	53.828153	0.000232	49.037823	2.0
1502	3378.746542	53.818539	0.000232	45.952450	2.0
1503	3316.218763	53.814935	0.000232	63.676752	2.5
1504	3312.333111	53.822620	0.000232	55.276482	2.3
1505	3427.702109	53.809892	0.000232	69.619567	2.1
1506	3418.931465	53.933933	0.000231	76.745095	2.1
1507	3569.192181	54.147520	0.000231	51.658357	2.1
1508	3308.864065	54.179028	0.000231	64.436742	1.9
1509	3284.631880	54.214918	0.000230	35.288199	4.8
1510	3430.738630	54.234224	0.000230	37.622298	4.0
1511	3332.464881	54.249450	0.000230	42.590738	4.3
1512	3300.236801	54.240249	0.000230	32.035428	4.3
1513	3398.366816	54.245107	0.000230	32.670289	3.5
1514	3490.281358	54.242292	0.000230	124.571049	3.4
1515	3226.900288	54.274734	0.000230	36.528946	3.4
1516	3394.588294	54.277120	0.000230	40.946962	2.6
1517	3475.040430	54.296582	0.000230	69.924723	2.5
1518	3333.696921	54.294907	0.000230	71.847603	2.9
1519	3336.151124	54.282734	0.000230	50.249066	2.7
1520	3302.952359	54.274090	0.000230	67.082582	2.3
1521	3277.295442	54.297527	0.000230	103.035997	2.3
1522	3244.367200	54.809339	0.000229	49.748326	2.3
1523	3364.139968	54.804896	0.000229	51.859039	2.4
1524	3367.515444	54.806314	0.000229	92.057022	2.3
1525	3382.443200	54.795551	0.000229	44.498041	2.3
1526	3304.207151	54.789020	0.000229	17.232658	2.3
1527	3359.294989	54.789105	0.000229	51.728860	2.5
1528	3442.199657	54.793006	0.000229	140.328699	4.4
1529	3314.684826	54.827731	0.000229	47.390993	4.2
1530	3276.896954	55.493587	0.000227	44.465298	2.4
1531	3500.564561	55.493726	0.000227	16.262678	2.8
1532	3342.595295	55.492163	0.000227	87.907378	2.8
1533	3230.136207	55.489655	0.000227	86.665480	2.8
1534	3476.402263	55.476907	0.000227	35.945764	2.2
1535	3336.731052	55.536155	0.000226	55.161188	2.2
1536	3331.360165	55.555250	0.000226	52.426631	2.3
1537	3219.682542	55.544785	0.000226	34.731681	2.2
1538	3643.318840	55.551395	0.000226	49.633696	2.3
1539	3366.556305	55.565844	0.000226	81.918010	2.4
1540	3380.347244	55.583778	0.000226	53.034714	2.3
1541	3505.998847	55.613474	0.000226	87.933312	2.3
1542	3320.317807	55.600270	0.000226	89.498956	2.3
1543	3480.506801	56.443776	0.000224	48.365682	2.1
1544	3369.707954	56.559434	0.000224	67.572305	2.2
1545	3398.798838	56.549179	0.000224	24.708705	2.2
1546	3493.282789	56.539852	0.000224	53.175091	2.2
1547	3452.835342	56.540915	0.000224	69.600664	2.2
1548	3410.533946	56.528421	0.000224	71.389496	2.0
1549	3448.127118	56.515207	0.000224	52.275319	2.0
1550	3228.368938	56.622955	0.000223	29.785759	2.0
1551	3188.021115	56.617260	0.000223	22.897635	2.0
1552	3424.727076	56.617753	0.000223	43.151306	2.1
1553	3359.714660	56.625624	0.000223	33.863154	1.9
1554	3315.792330	56.621793	0.000223	27.454778	2.0
1555	3438.876813	56.620617	0.000223	26.077516	1.9
1556	3433.990808	56.625643	0.000223	31.911491	1.9
1557	3352.512725	56.635578	0.000223	111.033857	1.9
1558	3241.228117	56.768523	0.000223	62.697968	1.9
1559	3369.158894	56.762566	0.000223	19.944500	1.9
1560	3261.043289	56.760090	0.000223	56.069409	3.5
1561	3337.224049	56.765181	0.000223	22.838597	2.0
1562	3325.305526	56.763101	0.000223	37.764805	1.9
1563	3265.763649	56.766371	0.000223	67.989575	1.9
1564	3385.476966	56.784942	0.000223	53.408028	2.0
1565	3317.688163	56.847903	0.000223	41.919426	1.9
1566	3530.128987	56.904698	0.000223	54.565649	2.2
1567	3347.061594	56.897416	0.000223	87.597863	1.9
1568	3430.260917	56.902498	0.000223	45.644052	1.9
1569	3410.745221	56.889760	0.000223	29.948617	1.8
1570	3319.515656	56.884438	0.000223	40.872919	1.9
1571	3374.239984	56.877003	0.000223	56.624051	1.9
1572	3386.595073	56.874542	0.000223	57.757840	2.3
1573	3341.515972	56.865175	0.000223	56.377625	2.0
1574	3499.992263	56.921220	0.000222	66.800691	1.9
1575	3387.130256	57.073337	0.000222	60.975748	1.9
1576	3364.716689	57.257194	0.000222	48.682656	2.1
1577	3215.248876	57.267111	0.000221	53.594660	2.6
1578	3253.785523	57.264723	0.000221	44.351051	1.9
1579	3321.554888	57.258045	0.000222	63.363512	1.9
1580	3246.635492	57.272101	0.000221	95.532986	1.9
1581	3464.477071	57.796671	0.000220	55.689614	1.9
1582	3283.883419	57.784057	0.000220	63.951382	2.0
1583	3208.992251	57.804723	0.000220	49.252687	2.0
1584	3331.396418	57.805640	0.000220	25.586829	2.0
1585	3342.774139	57.797976	0.000220	80.233196	2.1
1586	3353.735146	57.792121	0.000220	26.930934	2.0
1587	3320.576803	57.781455	0.000220	43.259451	2.0
1588	3407.000937	57.776634	0.000220	43.510488	2.0
1589	3307.430308	57.809402	0.000220	25.905874	2.0
1590	3431.765618	57.802070	0.000220	39.221688	2.0
1591	3366.306348	57.805281	0.000220	24.043895	2.1
1592	3354.048962	57.799726	0.000220	71.810605	1.9
1593	3394.002621	57.814847	0.000220	27.654554	2.0
1594	3342.249556	57.837447	0.000220	32.000029	2.3
1595	3426.371505	57.842420	0.000220	92.561049	2.4
1596	3237.764265	57.843539	0.000220	72.464232	2.4
1597	3312.582106	57.830476	0.000220	35.515315	2.3
1598	3434.487214	57.888531	0.000220	75.428200	2.4
1599	3525.270958	57.882050	0.000220	55.482262	2.1
1600	3370.819592	58.080986	0.000219	24.981298	1.9
1601	3198.766806	58.099617	0.000219	39.208774	2.1
1602	3351.315104	58.111268	0.000219	63.010741	2.5
1603	3285.774505	58.128415	0.000219	49.235960	1.9
1604	3308.926505	58.180727	0.000219	45.545060	1.9
1605	3362.144929	58.191702	0.000219	84.010276	1.9
1606	3320.215358	58.370838	0.000218	48.680557	1.9
1607	3353.511135	58.403065	0.000218	50.019987	1.9
1608	3322.570480	58.461177	0.000218	38.840074	1.9
1609	3408.104710	58.459410	0.000218	92.957027	1.9
1610	3391.117621	58.584041	0.000218	36.321304	1.9
1611	3325.291953	58.603464	0.000218	42.301010	1.9
1612	3390.411295	58.608073	0.000218	77.082190	1.8
1613	3331.405232	58.632033	0.000218	69.304186	1.9
1614	3264.498343	58.622532	0.000218	36.678461	1.9
1615	3356.377843	58.615453	0.000218	61.191513	1.9
1616	3439.798729	58.614628	0.000218	26.290982	1.9
1617	3310.955310	58.610351	0.000218	45.825013	2.2
1618	3386.619426	58.611115	0.000218	67.190448	2.1
1619	3430.698449	58.704594	0.000217	37.704770	2.0
1620	3447.634485	58.711816	0.000217	68.804056	2.0
1621	3355.223764	58.767832	0.000217	36.488140	2.0
1622	3527.172947	58.825234	0.000217	80.367996	1.9
1623	3397.157175	58.820103	0.000217	48.126715	2.0
1624	3348.046005	58.822795	0.000217	42.101134	2.1
1625	3427.185260	58.817956	0.000217	70.828073	1.9
1626	3465.790967	58.908825	0.000217	89.738665	2.1
1627	3302.137597	58.928462	0.000217	37.069368	4.4
1628	3280.581236	59.040183	0.000217	91.682335	4.0
1629	3402.372712	59.137051	0.000216	49.284161	2.1
1630	3380.571589	59.123912	0.000216	40.385391	2.3
1631	3463.293168	59.140835	0.000216	43.837979	2.5
1632	3371.646246	59.131780	0.000216	111.372867	2.4
1633	3418.179247	59.119013	0.000216	87.207193	2.2
1634	3413.664592	59.105692	0.000216	48.077074	2.2
1635	3293.770112	59.314719	0.000216	44.467869	2.2
1636	3416.086377	59.320556	0.000216	50.713844	2.2
1637	3422.436357	59.362485	0.000216	33.075335	2.3
1638	3270.039833	59.367880	0.000216	71.952896	2.0
1639	3397.608338	59.392696	0.000216	83.682223	2.1
1640	3353.962285	59.423270	0.000216	56.173152	2.1
1641	3347.428565	59.491658	0.000215	50.373838	2.0
1642	3287.643169	59.497149	0.000215	51.094093	2.1
1643	3238.347457	59.486582	0.000215	47.999115	1.9
1644	3344.083269	59.505855	0.000215	31.222821	1.9
1645	3427.078927	59.500899	0.000215	35.087243	2.0
1646	3444.884954	59.499586	0.000215	74.462543	2.0
1647	3394.590290	59.505466	0.000215	53.472553	1.9
1648	3251.999827	59.492686	0.000215	54.081792	1.9
1649	3347.348860	59.581727	0.000215	49.581563	1.9
1650	3323.298806	59.624004	0.000215	64.792907	1.9
1651	3478.770404	59.640284	0.000215	53.146969	1.9
1652	3466.141378	59.673793	0.000215	83.333585	1.9
1653	3366.899492	59.661936	0.000215	56.319535	1.9
1654	3352.662256	59.984737	0.000214	46.386363	1.9
1655	3296.010187	60.038693	0.000214	55.349115	5.0
1656	3271.772359	60.027003	0.000214	105.903274	4.4
1657	3461.427335	60.469880	0.000213	41.468377	4.3
1658	3433.580163	60.459689	0.000213	58.136466	4.2
1659	3187.696611	60.452004	0.000213	76.436349	3.9
1660	3527.769005	60.445576	0.000213	52.214386	2.4
1661	3399.462412	60.433160	0.000213	48.548266	2.6
1662	3416.828089	60.441382	0.000213	13.825424	2.9
1663	3369.350504	60.439745	0.000213	39.248892	2.9
1664	3219.501497	60.444583	0.000213	72.113565	2.9
1665	3428.921539	60.452439	0.000213	39.387980	2.9
1666	3352.514175	60.447795	0.000213	52.813949	3.7
1667	3467.316863	60.451801	0.000213	72.546946	3.0
1668	3352.552104	60.440056	0.000213	45.601648	2.7
1669	3453.322424	60.429064	0.000213	61.042214	3.0
1670	3354.390351	60.417004	0.000213	63.648083	2.9
1671	3376.404287	60.404083	0.000213	32.666439	3.0
1672	3347.383308	60.394031	0.000213	67.235935	2.2
1673	3539.347767	60.424469	0.000213	34.647895	5.8
1674	3312.673601	60.480311	0.000213	47.490036	4.6
1675	3404.896788	60.477884	0.000213	56.141151	4.6
1676	3410.747002	60.467267	0.000213	30.206339	4.2
1677	3308.482305	60.480129	0.000213	24.692995	4.2
1678	3388.472007	60.474293	0.000213	28.983384	4.4
1679	3375.585721	60.477696	0.000213	34.013086	3.4
1680	3308.997342	60.488477	0.000213	9.970850	3.2
1681	3353.411937	60.489509	0.000213	42.494813	3.2
1682	3271.795317	60.486012	0.000213	71.997987	2.6
1683	3294.364638	60.481507	0.000213	65.529281	2.6
1684	3358.813441	60.780568	0.000212	30.550459	2.6
1685	3315.958571	60.788383	0.000212	69.808768	2.5
1686	3253.922464	60.783833	0.000212	28.233942	2.7
1687	3289.085755	60.826276	0.000212	52.580517	2.7
1688	3321.415604	60.820164	0.000212	19.167828	2.7
1689	3265.598745	60.815328	0.000212	111.634233	2.8
1690	3355.208091	60.805471	0.000212	32.138942	2.2
1691	3300.296490	60.793963	0.000212	11.241130	2.2
1692	3351.280363	60.791643	0.000212	57.959374	2.2
1693	3222.204831	60.796729	0.000212	34.565935	2.2
1694	3248.204526	60.805450	0.000212	50.305962	2.1
1695	3339.023724	60.795551	0.000212	70.686649	2.0
1696	3364.348738	60.849894	0.000212	97.518050	1.9
1697	3349.645976	60.836528	0.000212	67.418038	2.0
1698	3397.181310	60.825851	0.000212	51.433250	1.9
1699	3290.362847	60.814229	0.000212	20.407553	2.0
1700	3461.200760	60.813519	0.000212	81.416648	1.9
1701	3313.275785	60.823184	0.000212	35.790166	2.0
1702	3392.693190	60.907227	0.000212	87.963746	1.9
1703	3316.927148	60.996870	0.000211	66.344252	1.9
1704	3273.091569	61.149153	0.000211	47.786916	2.0
1705	3210.582018	61.260427	0.000211	26.910958	1.9
1706	3379.604202	61.265354	0.000211	50.584708	2.0
1707	3404.545792	61.256702	0.000211	29.677111	2.0
1708	3324.861194	61.269246	0.000211	45.628514	2.0
1709	3344.665127	61.261031	0.000211	43.303725	1.9
1710	3386.491196	61.251299	0.000211	57.221967	2.0
1711	3373.304369	61.243208	0.000211	80.016006	1.9
1712	3323.105927	61.292964	0.000211	141.958506	1.9
1713	3236.436975	61.282434	0.000211	33.826815	1.9
1714	3225.675951	61.316643	0.000211	46.603314	1.9
1715	3373.740584	61.326444	0.000211	32.012841	1.9
1716	3417.051461	61.351189	0.000211	23.754084	1.9
1717	3420.756827	61.349791	0.000211	103.777564	2.0
1718	3352.931575	61.346054	0.000211	86.779018	1.9
1719	3256.209630	61.332506	0.000211	56.782201	1.9
1720	3362.658239	61.328382	0.000211	46.112014	1.9
1721	3300.019207	61.325197	0.000211	34.009948	1.9
1722	3356.234988	61.321579	0.000211	62.233332	1.9
1723	3322.748049	61.313992	0.000211	46.728563	2.0
1724	3363.079475	61.347497	0.000211	29.502671	1.9
1725	3369.981061	61.338642	0.000211	17.801550	1.9
1726	3321.162503	61.335836	0.000211	38.159342	1.9
1727	3457.259367	61.334324	0.000211	22.699101	1.8
1728	3303.631599	61.329934	0.000211	30.794043	1.9
1729	3404.577842	61.330849	0.000211	63.001930	1.9
1730	3346.863065	61.340353	0.000211	40.919399	1.9
1731	3397.701150	61.331367	0.000211	46.477587	1.9
1732	3429.677657	61.336655	0.000211	89.697412	1.9
1733	3474.259171	61.328619	0.000211	111.208992	2.8
1734	3455.602442	62.081094	0.000209	56.927846	2.0
1735	3368.351521	62.342299	0.000208	36.169819	1.9
1736	3345.014630	62.332581	0.000208	50.848525	1.9
1737	3476.746562	62.322268	0.000208	44.108862	1.9
1738	3263.411972	62.375268	0.000208	42.890495	1.8
1739	3394.796065	62.392598	0.000208	31.445331	1.9
1740	3294.311174	62.407321	0.000208	52.105420	1.9
1741	3370.341730	62.421123	0.000208	58.314160	1.9
1742	3402.175681	62.538501	0.000208	49.850653	1.9
1743	3402.313796	62.534355	0.000208	61.947478	1.9
1744	3456.963275	62.522173	0.000208	57.847670	1.9
1745	3261.745259	62.541708	0.000208	108.050457	2.0
1746	3400.859287	62.651546	0.000207	30.586614	2.2
1747	3418.775884	62.714369	0.000207	80.288553	2.2
1748	3425.207958	62.703031	0.000207	54.307010	2.3
1749	3499.910894	62.717308	0.000207	74.235625	5.8
1750	3300.122810	62.704522	0.000207	43.478642	4.3
1751	3248.013734	62.814357	0.000207	66.203332	4.4
1752	3345.103225	62.806509	0.000207	70.627293	4.5
1753	3360.943269	62.799524	0.000207	87.103256	4.3
1754	3484.604164	62.786288	0.000207	58.963316	3.8
1755	3328.189139	62.810126	0.000207	43.193828	3.3
1756	3450.726958	62.798457	0.000207	23.505010	3.0
1757	3629.544583	62.806244	0.000207	57.472420	2.9
1758	3346.102536	62.816581	0.000207	40.794440	2.1
1759	3345.403305	62.833117	0.000207	65.803575	6.0
1760	3327.935821	62.835322	0.000207	87.474348	2.5
1761	3365.599512	62.823051	0.000207	16.329021	2.6
1762	3256.477776	62.826905	0.000207	49.454087	2.6
1763	3438.814010	62.834762	0.000207	29.697925	4.3
1764	3316.977172	62.836848	0.000207	35.851134	4.1
1765	3257.422831	62.840631	0.000207	28.737644	3.4
1766	3400.405468	62.841793	0.000207	32.171238	3.1
1767	3179.715192	62.840889	0.000207	87.649884	3.1
1768	3343.346651	62.840525	0.000207	32.380861	2.9
1769	3396.788990	62.851894	0.000207	53.211661	2.5
1770	3484.332374	62.848319	0.000207	80.197053	2.5
1771	3410.682486	62.835347	0.000207	89.523773	2.5
1772	3346.222248	63.016505	0.000206	30.569500	2.3
1773	3348.034279	63.005252	0.000206	25.739040	2.2
1774	3371.254973	63.000196	0.000206	19.520733	2.2
1775	3480.515195	62.997888	0.000206	18.740420	2.2
1776	3409.062610	62.999795	0.000206	37.733412	2.3
1777	3461.493535	62.998673	0.000206	19.942902	2.3
1778	3307.639876	63.001873	0.000206	61.472200	2.3
1779	3422.598200	63.008370	0.000206	30.513253	2.2
1780	3481.988108	62.998357	0.000206	41.003255	2.2
1781	3562.677950	62.991094	0.000206	67.724755	2.4
1782	3295.874888	62.980743	0.000206	80.693309	2.5
1783	3293.642303	63.158699	0.000206	50.299763	2.6
1784	3476.050970	63.152601	0.000206	56.399958	2.5
1785	3417.266428	63.157567	0.000206	36.706257	2.5
1786	3286.876037	63.147491	0.000206	43.268389	2.5
1787	3432.181114	63.141366	0.000206	80.114938	2.5
1788	3388.372375	63.132052	0.000206	41.695834	2.5
1789	3313.960095	63.237686	0.000206	68.367434	2.4
1790	3395.757941	63.244275	0.000206	41.382486	2.5
1791	3249.579550	63.300826	0.000206	55.230414	2.5
1792	3377.246553	63.317425	0.000206	24.843346	2.4
1793	3395.970111	63.335540	0.000206	32.523745	2.4
1794	3516.732672	63.340908	0.000206	35.981580	4.4
1795	3466.994737	63.338761	0.000206	34.344717	4.4
1796	3346.276240	63.348520	0.000206	74.127471	3.2
1797	3184.086760	63.336973	0.000206	27.160590	2.6
1798	3406.779753	63.377258	0.000205	91.310242	2.6
1799	3403.420208	63.439585	0.000205	63.092296	2.8
1800	3494.679094	63.709778	0.000205	94.487530	2.8
1801	3457.927591	63.697284	0.000205	53.528960	2.7
1802	3497.740880	63.711109	0.000205	35.415291	2.8
1803	3312.351852	63.702026	0.000205	42.232386	2.2
1804	3383.657591	63.722424	0.000205	48.153014	2.3
1805	3298.302494	63.711793	0.000205	22.158115	2.3
1806	3421.365529	63.704660	0.000205	19.693450	2.3
1807	3452.642803	63.701606	0.000205	52.899650	2.4
1808	3252.956073	63.709859	0.000205	41.100339	2.4
1809	3251.407994	63.715490	0.000205	47.147430	2.4
1810	3262.081932	63.707945	0.000205	37.769305	2.4
1811	3316.796147	63.699622	0.000205	47.573844	2.6
1812	3312.836755	63.717112	0.000205	53.302112	3.6
1813	3212.912459	63.713199	0.000205	18.893054	2.7
1814	3299.838246	63.715351	0.000205	52.324357	2.6
1815	3598.055264	63.708283	0.000205	90.189776	2.4
1816	3433.821146	63.704224	0.000205	60.574477	2.6
1817	3289.906488	63.690928	0.000205	116.681198	4.6
1818	3268.267570	64.312725	0.000203	12.640513	4.5
1819	3385.423271	64.307581	0.000203	44.454952	4.5
1820	3448.833791	64.310538	0.000203	73.087474	4.6
1821	3310.195209	64.380114	0.000203	41.885466	3.4
1822	3338.784023	64.376214	0.000203	60.114102	3.5
1823	3329.586643	64.405829	0.000203	30.659850	3.6
1824	3323.108048	64.416174	0.000203	46.512528	3.6
1825	3416.251344	64.430525	0.000203	67.501189	3.5
1826	3365.653201	64.459677	0.000203	77.399014	2.8
1827	3291.430821	64.453058	0.000203	46.680848	2.7
1828	3362.210458	64.451907	0.000203	30.647273	4.2
1829	3450.115589	64.448527	0.000203	72.703011	4.6
1830	3412.660929	64.446035	0.000203	17.881237	4.5
1831	3247.125694	64.440438	0.000203	68.341738	3.5
1832	3342.882994	64.436789	0.000203	55.121287	3.4
1833	3369.123572	64.425538	0.000203	60.515374	3.6
1834	3413.776983	64.519635	0.000203	55.605576	3.4
1835	3297.551849	64.560575	0.000203	90.563474	3.3
1836	3428.360798	64.625028	0.000202	39.410015	3.2
1837	3443.551194	64.678383	0.000202	62.296908	2.9
1838	3363.953554	64.672544	0.000202	31.798857	4.0
1839	3454.940205	64.664957	0.000202	50.866855	4.0
1840	3341.735360	64.674560	0.000202	68.565573	4.0
1841	3348.141874	64.723164	0.000202	55.815233	4.0
1842	3250.643083	64.781188	0.000202	40.483005	3.1
1843	3521.731748	64.770497	0.000202	62.880256	3.1
1844	3315.085100	64.770965	0.000202	67.338998	3.2
1845	3313.677654	64.840219	0.000202	46.249358	3.2
1846	3405.825818	64.829745	0.000202	23.490801	3.1
1847	3430.076724	64.834831	0.000202	82.608647	3.1
1848	3383.212745	64.834314	0.000202	103.317798	2.8
1849	3279.865879	64.823287	0.000202	26.066175	2.5
1850	3311.529832	64.907133	0.000202	72.748877	2.5
1851	3195.055185	64.902701	0.000202	101.353232	2.5
1852	3284.997875	65.080477	0.000201	73.083545	2.4
1853	3387.421627	65.069638	0.000201	36.768565	2.2
1854	3268.639609	65.059161	0.000201	16.378317	2.2
1855	3326.903765	65.056348	0.000201	34.303429	2.1
1856	3336.845370	65.056666	0.000201	82.513485	2.2
1857	3364.101997	65.059460	0.000201	18.147406	2.2
1858	3375.135370	65.065223	0.000201	45.107490	2.2
1859	3321.642790	65.063771	0.000201	37.036612	2.2
1860	3331.955821	65.091184	0.000201	26.728997	2.1
1861	3385.603050	65.102713	0.000201	75.054114	2.2
1862	3510.146338	65.144922	0.000201	47.868272	2.1
1863	3364.032398	65.135585	0.000201	41.233290	2.1
1864	3443.780030	65.125268	0.000201	51.840233	2.1
1865	3385.171348	65.128314	0.000201	63.877157	2.1
1866	3532.090226	65.223259	0.000201	76.625367	2.0
1867	3364.096249	65.303880	0.000201	67.017813	1.9
1868	3577.935686	65.306039	0.000201	54.228081	1.9
1869	3339.503066	65.297357	0.000201	36.416968	1.9
1870	3353.599942	65.334450	0.000201	60.642182	2.0
1871	3355.200129	65.326434	0.000201	63.030566	2.0
1872	3413.951659	65.420997	0.000201	43.809217	2.2
1873	3283.071779	65.411733	0.000201	56.989044	2.5
1874	3381.590645	65.462751	0.000200	51.488557	4.5
1875	3422.516839	65.464989	0.000200	126.496721	4.6
1876	3275.209509	65.455881	0.000201	63.946469	4.5
1877	3311.096847	65.891912	0.000200	34.613692	4.1
1878	3419.404729	65.903946	0.000199	38.318698	4.6
1879	3423.349501	65.899527	0.000199	58.283009	4.1
1880	3397.849603	65.894100	0.000199	69.924490	4.0
1881	3361.984499	65.885019	0.000200	8.563776	4.0
1882	3278.107031	65.886901	0.000200	100.668050	3.1
1883	3314.077887	65.887024	0.000200	52.506241	3.1
1884	3257.184294	66.119957	0.000199	47.014765	3.1
1885	3393.360143	66.120058	0.000199	25.663799	2.8
1886	3210.995985	66.129118	0.000199	68.333556	2.7
1887	3434.848118	66.136707	0.000199	45.259292	2.7
1888	3280.146712	66.124481	0.000199	69.539160	4.8
1889	3369.018361	66.115062	0.000199	23.840162	2.7
1890	3307.691572	66.115888	0.000199	45.446532	2.8
1891	3310.717141	66.122251	0.000199	47.126239	3.0
1892	3464.181840	66.116353	0.000199	65.043947	3.4
1893	3296.281153	66.187758	0.000199	21.288060	3.3
1894	3322.638180	66.182727	0.000199	44.126142	3.0
1895	3337.949194	66.188590	0.000199	45.448064	2.6
1896	3312.315072	66.192927	0.000199	93.025282	2.6
1897	3282.750549	66.324955	0.000199	35.954657	2.7
1898	3274.584513	66.409568	0.000198	37.018580	4.4
1899	3329.167333	66.401662	0.000198	48.403884	4.6
1900	3376.587771	66.395251	0.000198	23.240681	4.4
1901	3256.727400	66.390502	0.000198	23.111645	4.6
1902	3303.595804	66.388186	0.000198	46.545154	3.8
1903	3335.946275	66.387037	0.000198	29.190558	3.1
1904	3382.129442	66.386196	0.000198	63.763233	3.0
1905	3367.829731	66.378514	0.000198	33.540722	3.0
1906	3430.413314	66.367526	0.000198	37.622896	2.6
1907	3268.530891	66.372175	0.000198	47.379015	2.5
1908	3351.629774	66.370409	0.000198	56.265131	2.6
1909	3239.472024	66.436418	0.000198	63.784679	2.6
1910	3430.927701	66.591876	0.000198	84.515468	2.4
1911	3453.707470	67.029875	0.000197	45.311694	2.3
1912	3217.946167	67.024929	0.000197	17.881207	2.4
1913	3385.906981	67.026599	0.000197	41.176851	2.3
1914	3416.166971	67.021994	0.000197	16.477836	2.4
1915	3380.815630	67.022888	0.000197	54.230299	2.3
1916	3401.465742	67.022286	0.000197	75.647886	2.3
1917	3407.931917	67.009374	0.000197	50.406455	2.4
1918	3336.031658	66.996806	0.000197	25.824929	1.9
1919	3403.813546	67.007583	0.000197	60.875520	1.9
1920	3400.841733	67.005320	0.000197	40.746750	2.0
1921	3384.616404	67.009604	0.000197	61.924954	2.0
1922	3491.264947	67.001464	0.000197	28.625950	2.0
1923	3395.462152	67.005858	0.000197	23.193376	2.1
1924	3350.320518	67.012449	0.000197	56.966682	2.1
1925	3274.317256	67.009455	0.000197	47.592300	2.1
1926	3359.148393	67.002578	0.000197	76.844319	2.0
1927	3441.884970	67.091797	0.000197	76.957635	2.0
1928	3391.299640	67.078490	0.000197	62.575870	1.9
1929	3292.641678	67.066048	0.000197	19.181803	1.9
1930	3322.952628	67.068293	0.000197	71.896480	1.9
1931	3477.730288	67.069284	0.000197	81.660556	1.9
1932	3201.004508	67.056100	0.000197	38.304865	1.9
1933	3281.926461	67.131952	0.000197	46.927782	1.9
1934	3314.813022	67.124519	0.000197	45.082489	1.9
1935	3417.715120	67.125861	0.000197	63.726617	1.9
1936	3465.943145	67.172934	0.000197	46.284776	1.9
1937	3321.275011	67.176848	0.000197	32.557128	1.9
1938	3210.299209	67.171885	0.000197	48.808831	1.9
1939	3410.799405	67.169705	0.000197	54.721877	1.9
1940	3406.767645	67.195512	0.000197	77.218391	1.9
1941	3339.892867	67.182553	0.000197	26.553915	1.9
1942	3385.262689	67.175976	0.000197	34.549014	1.9
1943	3297.318132	67.177596	0.000197	48.499270	1.9
1944	3316.646917	67.176319	0.000197	67.430253	1.9
1945	3442.429846	67.172755	0.000197	31.476905	1.9
1946	3367.218233	67.169889	0.000197	37.446454	1.9
1947	3354.749136	67.188680	0.000197	32.585161	1.9
1948	3395.157088	67.183177	0.000197	76.220171	1.9
1949	3290.634024	67.177990	0.000197	45.693586	1.9
1950	3391.005493	67.165739	0.000197	57.068313	1.9
1951	3389.044587	67.158828	0.000197	51.841614	2.0
1952	3282.214374	67.243942	0.000196	72.022202	1.9
1953	3375.180267	67.231721	0.000196	54.299823	2.0
1954	3280.705550	67.241002	0.000196	30.198679	1.8
1955	3345.064895	67.265274	0.000196	33.847531	1.9
1956	3325.217463	67.274168	0.000196	43.179218	1.8
1957	3385.940879	67.279526	0.000196	76.629580	1.8
1958	3428.745977	67.269034	0.000196	71.496684	1.9
1959	3260.458080	67.256277	0.000196	36.305810	1.9
1960	3309.698376	67.303841	0.000196	70.855949	1.9
1961	3146.171194	67.379622	0.000196	60.848915	1.9
1962	3429.191561	67.424557	0.000196	50.818035	1.9
1963	3370.560008	67.455381	0.000196	47.057142	1.9
1964	3364.705169	67.461373	0.000196	70.296756	1.9
1965	3513.069563	67.526156	0.000196	87.726485	3.8
1966	3504.588498	67.756025	0.000195	74.046896	2.1
1967	3452.077980	67.742825	0.000195	51.961379	2.1
1968	3282.757070	67.758744	0.000195	41.646398	2.1
1969	3344.332100	67.753563	0.000195	56.532402	2.3
1970	3302.130586	67.742865	0.000195	11.011896	2.2
1971	3361.647870	67.746523	0.000195	30.125697	2.2
1972	3518.908473	67.745359	0.000195	38.423223	2.1
1973	3460.171434	67.739166	0.000195	87.368268	2.3
1974	3404.829917	67.729543	0.000195	30.434244	2.4
1975	3359.764449	67.728138	0.000195	69.896842	2.7
1976	3492.502779	67.729374	0.000195	57.393674	2.8
1977	3403.508157	67.869772	0.000195	49.274181	2.8
1978	3285.981634	67.871205	0.000195	55.350916	4.4
1979	3275.081527	67.904918	0.000195	64.183620	4.4
1980	3356.738588	67.899480	0.000195	31.202709	4.3
1981	3448.511835	67.915285	0.000195	75.978772	4.5
1982	3377.014508	67.907154	0.000195	29.451516	4.5
1983	3346.759360	67.897928	0.000195	79.825120	4.3
1984	3401.119550	67.934685	0.000195	53.773323	4.3
1985	3386.734223	67.921663	0.000195	33.613055	4.4
1986	3216.425655	67.951418	0.000195	15.942711	4.5
1987	3288.218621	67.951631	0.000195	22.042410	4.4
1988	3552.884391	67.952857	0.000195	42.182504	4.5
1989	3367.958114	67.965504	0.000195	56.686654	4.1
1990	3354.904311	67.978751	0.000195	37.181386	2.9
1991	3369.398476	67.972999	0.000195	41.615335	3.0
1992	3428.913043	67.994968	0.000195	72.557358	3.5
1993	3280.526294	68.015523	0.000195	29.510278	3.6
1994	3466.187522	68.071035	0.000195	68.167412	3.4
1995	3321.172099	68.114225	0.000195	50.736652	2.6
1996	3406.955468	68.256632	0.000194	73.288669	2.6
1997	3296.057186	68.352811	0.000194	82.333431	2.6
1998	3302.580374	68.679638	0.000193	87.276510	2.6
1999	3322.587859	68.667098	0.000193	42.706344	2.5
