0.000000000000000000e+00 0.000000000000000000e+00 0.000000000000000000e+00
9.780785179054027334e-02 1.194044115050551247e-01 -8.664503063560372031e-02
1.956157035810805467e-01 2.388088230101102494e-01 -1.732900612712074406e-01
2.934235553716208478e-01 3.582132345151654018e-01 -2.599350919068111332e-01
3.912655079765060551e-01 4.767944612857293873e-01 -3.462203886952777143e-01
4.899258801256696771e-01 5.756192544285072543e-01 -4.238720731524521224e-01
5.885862522748334102e-01 6.744440475712851768e-01 -5.015237576096266414e-01
6.872466244239971989e-01 7.732688407140630993e-01 -5.791754420668011605e-01
7.859971568151640220e-01 8.706720804331430363e-01 -6.561766655929730518e-01
8.857845319893669078e-01 9.517274557796973067e-01 -7.256975884126162235e-01
9.855719071635697937e-01 1.032782831126251688e+00 -7.952185112322593952e-01
1.085359282337772902e+00 1.113838206472806069e+00 -8.647394340519025668e-01
1.185315330836045788e+00 1.193080467542772194e+00 -9.333840459546102197e-01
1.286508317044164906e+00 1.259026557251093248e+00 -9.956023777997904389e-01
1.387701303252284468e+00 1.324972646959414302e+00 -1.057820709644970769e+00
1.488894289460403808e+00 1.390918736667735134e+00 -1.120039041490151099e+00
1.590357410770161239e+00 1.454848950873926849e+00 -1.181215959865055565e+00
1.693238741363519484e+00 1.508195818693941703e+00 -1.236925457521013572e+00
1.796120071956877284e+00 1.561542686513956335e+00 -1.292634955176971578e+00
1.899001402550235529e+00 1.614889554333971189e+00 -1.348344452832929585e+00
2.002277773759397750e+00 1.666188576844697566e+00 -1.402904052232525345e+00
2.107134307431778542e+00 1.709296218118270483e+00 -1.452864058606672781e+00
2.211990841104159333e+00 1.752403859391843399e+00 -1.502824064980820440e+00
2.316847374776539681e+00 1.795511500665416094e+00 -1.552784071354967876e+00
2.422247793356581802e+00 1.836692110031955316e+00 -1.601538182788580844e+00
2.529370514144219317e+00 1.871770451692887693e+00 -1.646473626910500698e+00
2.636493234931856389e+00 1.906848793353819849e+00 -1.691409071032420552e+00
2.743615955719493904e+00 1.941927135014752226e+00 -1.736344515154340407e+00
2.851455839525436353e+00 1.975334033171351811e+00 -1.780066426088127596e+00
2.961139856807018411e+00 2.004442933745381072e+00 -1.820667823109573424e+00
3.070823874088601357e+00 2.033551834319411000e+00 -1.861269220131019253e+00
3.180507891370183415e+00 2.062660734893440484e+00 -1.901870617152465082e+00
3.291107278640594380e+00 2.090470547157317505e+00 -1.941295071509415493e+00
3.403651827137265329e+00 2.115519796762119764e+00 -1.978218522704313198e+00
3.516196375633935833e+00 2.140569046366921580e+00 -2.015141973899210903e+00
3.628740924130605894e+00 2.165618295971723839e+00 -2.052065425094108608e+00
3.742424473487603542e+00 2.189839571043064481e+00 -2.087888623254043452e+00
3.858132913262960706e+00 2.212588891388250989e+00 -2.121755816018489949e+00
3.973841353038317870e+00 2.235338211733437941e+00 -2.155623008782936001e+00
4.089549792813675033e+00 2.258087532078624449e+00 -2.189490201547382053e+00
4.206646783262925737e+00 2.280560742040584454e+00 -2.222369800346954527e+00
4.325826599723018084e+00 2.302619786427704707e+00 -2.253768008199217299e+00
4.445006416183111320e+00 2.324678830814824959e+00 -2.285166216051480070e+00
4.564186232643203667e+00 2.346737875201945212e+00 -2.316564423903742842e+00
4.685030563573923779e+00 2.369135415520649879e+00 -2.347119536636438131e+00
4.807993367467261692e+00 2.391963768843190064e+00 -2.376601619216956340e+00
4.930956171360597828e+00 2.414792122165729804e+00 -2.406083701797474994e+00
5.053918975253935741e+00 2.437620475488269545e+00 -2.435565784377993204e+00
5.178849166438888929e+00 2.461446665012813728e+00 -2.464376980794127814e+00
5.305910693856426441e+00 2.486353843756195836e+00 -2.492461383865512747e+00
5.432972221273964841e+00 2.511261022499577944e+00 -2.520545786936898125e+00
5.560033748691501465e+00 2.536168201242960052e+00 -2.548630190008282614e+00
5.689392940286999156e+00 2.562759282205407718e+00 -2.576239496315004818e+00
5.820873052662151714e+00 2.590904734446992208e+00 -2.603410251762038108e+00
5.952353165037305160e+00 2.619050186688576698e+00 -2.630581007209071842e+00
6.083833277412457718e+00 2.647195638930161188e+00 -2.657751762656105132e+00
6.217969229958361765e+00 2.677719776945545416e+00 -2.684662661517395410e+00
6.354191914066996461e+00 2.710112882354628994e+00 -2.711369387347030369e+00
6.490414598175632932e+00 2.742505987763712572e+00 -2.738076113176665327e+00
6.626637282284269403e+00 2.774899093172796594e+00 -2.764782839006300286e+00
6.765902376703987642e+00 2.810356377239119574e+00 -2.791460269542970885e+00
6.907195744664426762e+00 2.847856447076935638e+00 -2.818118169884331614e+00
7.048489112624865882e+00 2.885356516914751701e+00 -2.844776070225692344e+00
7.189782480585305890e+00 2.922856586752567765e+00 -2.871433970567053073e+00
7.334533718185797468e+00 2.964079029250802577e+00 -2.898304328356748005e+00
7.481230007458818498e+00 3.007395306370522547e+00 -2.925294193461131176e+00
7.627926296731839528e+00 3.050711583490242962e+00 -2.952284058565514346e+00
7.774622586004860558e+00 3.094027860609962932e+00 -2.979273923669897073e+00
7.925221588476632384e+00 3.141679397304050880e+00 -3.006725060747092115e+00
8.077657161865461788e+00 3.191371056150781982e+00 -3.034393266987963411e+00
8.230092735254290304e+00 3.241062714997512639e+00 -3.062061473228834707e+00
8.382528308643122372e+00 3.290754373844243741e+00 -3.089729679469706003e+00
8.539341318060227337e+00 3.345330863881095240e+00 -3.118110904325708699e+00
8.697856663710551217e+00 3.401807010491882277e+00 -3.146769414198707260e+00
8.856372009360875097e+00 3.458283157102668870e+00 -3.175427924071705821e+00
9.014887355011198977e+00 3.514759303713455907e+00 -3.204086433944704826e+00
9.178285233831244838e+00 3.576588529622951818e+00 -3.233708511527655372e+00
9.343224965231200940e+00 3.640108201626776729e+00 -3.263634873650590684e+00
9.508164696631158819e+00 3.703627873630601641e+00 -3.293561235773525997e+00
9.673104428031114921e+00 3.767147545634426553e+00 -3.323487597896461310e+00
9.843462659095248313e+00 3.836389213329415071e+00 -3.354622749611330779e+00
1.001517551507542869e+01 3.907061379947195157e+00 -3.386060098724184453e+00
1.018688837105560907e+01 3.977733546564975686e+00 -3.417497447837038127e+00
1.035860122703578945e+01 4.048405713182755328e+00 -3.448934796949891801e+00
1.053629991356871720e+01 4.125051451959057758e+00 -3.481816700658484365e+00
1.071513875830216733e+01 4.202835014003650116e+00 -3.514973757623407469e+00
1.089397760303561746e+01 4.280618576048241586e+00 -3.548130814588331017e+00
1.107281644776906759e+01 4.358402138092833944e+00 -3.581287871553254121e+00
1.125824031337903541e+01 4.442275500629238039e+00 -3.616111661574203495e+00
1.144456213638125597e+01 4.526979290505433795e+00 -3.651162733375520109e+00
1.163088395938347652e+01 4.611683080381630440e+00 -3.686213805176836722e+00
1.181720578238569530e+01 4.696386870257825308e+00 -3.721264876978152891e+00
1.201074417106450198e+01 4.787143332616087932e+00 -3.758187144086926779e+00
1.220491008719344705e+01 4.878426114320617124e+00 -3.795272123831132216e+00
1.239907600332239213e+01 4.969708896025145428e+00 -3.832357103575337209e+00
1.259324191945133897e+01 5.060991677729674620e+00 -3.869442083319542647e+00
1.279528879552844955e+01 5.158118639353205914e+00 -3.908580874734958854e+00
1.299766404493673555e+01 5.255489108473361703e+00 -3.947805241636676232e+00
1.320003929434501977e+01 5.352859577593517493e+00 -3.987029608538393166e+00
1.340241454375330221e+01 5.450230046713672394e+00 -4.026253975440109656e+00
