0.000000000000000000e+00 0.000000000000000000e+00 0.000000000000000000e+00
-1.220162157118878515e-01 -4.243165943187542782e-02 2.394312188049167456e-01
-2.440324314237757031e-01 -8.486331886375085565e-02 4.788624376098334912e-01
-3.694150392636567082e-01 -1.242975772689745573e-01 7.154234700941058955e-01
-5.110685423888382539e-01 -1.492443973787150047e-01 9.381119353619307155e-01
-6.527220455140196886e-01 -1.741912174884554243e-01 1.160800400629755647e+00
-8.008360333020894117e-01 -1.936302381360512914e-01 1.378053149816555134e+00
-9.613326166940288076e-01 -2.025126431478701250e-01 1.584887443181390410e+00
-1.121829200085968203e+00 -2.113950481596889863e-01 1.791721736546225241e+00
-1.291606168297623425e+00 -2.127229693266104726e-01 1.990844248872274402e+00
-1.470147944394565753e+00 -2.069161001955734103e-01 2.182683412439469617e+00
-1.648689720491508082e+00 -2.011092310645363757e-01 2.374522576006664831e+00
-1.839055696401965534e+00 -1.861416192201701958e-01 2.556648166622287111e+00
-2.034841097226951501e+00 -1.669753336321948556e-01 2.734321702968439016e+00
-2.230626498051937023e+00 -1.478090480442195154e-01 2.911995239314590478e+00
-2.440501935736238082e+00 -1.182928978503854922e-01 3.078212492083714391e+00
-2.652725712897090471e+00 -8.705177022224179495e-02 3.242520364256666454e+00
-2.865396045701614103e+00 -5.550105542573958994e-02 3.406468372410929479e+00
-3.093249270390946659e+00 -1.342437690504913461e-02 3.558181003929772768e+00
-3.321102495080278771e+00 2.865230161564122358e-02 3.709893635448616056e+00
-3.551919087430788213e+00 7.265728873914625852e-02 3.859235395634704968e+00
-3.794589150426003421e+00 1.243755102739092788e-01 3.999093670489776375e+00
-4.037259213421218185e+00 1.760937318086722714e-01 4.138951945344847339e+00
-4.285129480207430674e+00 2.309664287509126390e-01 4.274671387096249831e+00
-4.541800091870714873e+00 2.911774686904223808e-01 4.403386649749135628e+00
-4.798470703533999959e+00 3.513885086299323723e-01 4.532101912402022315e+00
-5.062296486445453603e+00 4.156109246902078280e-01 4.655138233965829819e+00
-5.332147676723786311e+00 4.832113416942859230e-01 4.773392289349360773e+00
-5.601998867002118132e+00 5.508117586983640734e-01 4.891646344732891727e+00
-5.880676434528174568e+00 6.229344749835409312e-01 5.002894013069798085e+00
-6.162884552953321382e+00 6.968661109811578047e-01 5.111339126588053894e+00
-6.445092671378466420e+00 7.707977469787742342e-01 5.219784240106309703e+00
-6.737512718808307710e+00 8.494399164032861993e-01 5.320092990890611162e+00
-7.031250434496818968e+00 9.286898965925588501e-01 5.419351888418917795e+00
-7.325599497954741857e+00 1.008188491219484062e+00 5.518119755681889060e+00
-7.630035799607961522e+00 1.091789224067679198e+00 5.608785623566819645e+00
-7.934472101261180299e+00 1.175389956915873890e+00 5.699451491451750229e+00
-8.241163007314590061e+00 1.259774334197287793e+00 5.788282071833696030e+00
-8.555463203218645063e+00 1.346803511440817225e+00 5.870918556893069962e+00
-8.869763399122700065e+00 1.433832688684346879e+00 5.953555041952443894e+00
-9.187673803875458844e+00 1.521882433688235725e+00 6.033193416797223207e+00
-9.510999521901267073e+00 1.611463030332662472e+00 6.108334626320108818e+00
-9.834325239927075302e+00 1.701043626977088996e+00 6.183475835842994428e+00
-1.016232722628286034e+01 1.791606896579005070e+00 6.254622355208065088e+00
-1.049383641388612709e+01 1.882907170899037697e+00 6.322772856954776088e+00
-1.082534560148939562e+01 1.974207445219070545e+00 6.390923358701487089e+00
-1.116230567915171257e+01 2.066200968102133384e+00 6.454233641357913775e+00
-1.150115260337293144e+01 2.158434461641629554e+00 6.515868463560011037e+00
-1.183999952759415208e+01 2.250667955181125723e+00 6.577503285762108298e+00
-1.218477863306632969e+01 2.343077031836022783e+00 6.633588219194555435e+00
-1.253011388053078257e+01 2.435502569407987927e+00 6.689152850554848762e+00
-1.287593214766266136e+01 2.527884920018348858e+00 6.744232832629333707e+00
-1.322690262458041666e+01 2.619806609704936395e+00 6.794143222321877396e+00
-1.357787310149817017e+01 2.711728299391523933e+00 6.844053612014420196e+00
-1.393007232405116547e+01 2.803353128826491680e+00 6.892609416329761984e+00
-1.428582125621707988e+01 2.894120361979001910e+00 6.937251973999859267e+00
-1.464157018838299429e+01 2.984887595131512583e+00 6.981894531669955661e+00
-1.499899826367511046e+01 3.074900636035325263e+00 7.024432391380382334e+00
-1.535866519646882900e+01 3.163908087274208025e+00 7.064163987144580048e+00
-1.571833212926255108e+01 3.252915538513091676e+00 7.103895582908779538e+00
-1.607983138141161561e+01 3.340531095337555545e+00 7.140876999882117104e+00
-1.644255217979757333e+01 3.427218722552407115e+00 7.176024964328215461e+00
-1.680527297818353105e+01 3.513906349767258686e+00 7.211172928774313817e+00
-1.716968015810718384e+01 3.598407298771746810e+00 7.243014673591996910e+00
-1.753458700663460235e+01 3.682260343121312562e+00 7.273876797779037950e+00
-1.789949385516202085e+01 3.766113387470878315e+00 7.304738921966078102e+00
-1.826564014057773733e+01 3.846851176722330123e+00 7.331813033923140210e+00
-1.863186154338061939e+01 3.927400162634502756e+00 7.358657569381414909e+00
-1.899813316081207404e+01 4.007523062746760623e+00 7.385070233211640023e+00
-1.936479394161494128e+01 4.084343797909685492e+00 7.408135891924484184e+00
-1.973145472241780851e+01 4.161164533072611249e+00 7.431201550637329234e+00
-2.009761302364878688e+01 4.237610511278139924e+00 7.452593510099672969e+00
-2.046251512595003774e+01 4.313119597090177670e+00 7.469801221435765193e+00
-2.082741722825128861e+01 4.388628682902215417e+00 7.487008932771856529e+00
-2.119338254840289437e+01 4.461872525309740212e+00 7.503536196662218494e+00
-2.156061043975180169e+01 4.532426391174407598e+00 7.519255429210776498e+00
-2.192783833110070901e+01 4.602980257039075873e+00 7.534974661759333614e+00
-2.229240099425267374e+01 4.670521981785462629e+00 7.551402407543145401e+00
-2.265538874983371542e+01 4.736283804961956889e+00 7.568248820238697938e+00
-2.301837650541475710e+01 4.802045628138450262e+00 7.585095232934249587e+00
-2.337563860213784039e+01 4.863929992893329057e+00 7.602684127303195538e+00
-2.373146928414642787e+01 4.924844993042801988e+00 7.620458642090489398e+00
-2.408729996615501534e+01 4.985759993192275807e+00 7.638233156877783259e+00
-2.443744269405014080e+01 5.041722482627385205e+00 7.653726429988033431e+00
-2.478741812917722598e+01 5.097539309982659361e+00 7.669152607754840645e+00
-2.513652792268571901e+01 5.152618868096131344e+00 7.683781084060214539e+00
-2.548044386648266979e+01 5.203274810758784952e+00 7.693623351596984072e+00
-2.582435981027962413e+01 5.253930753421438560e+00 7.703465619133752718e+00
-2.616622170271514491e+01 5.302930736285588864e+00 7.710878920077959719e+00
-2.650360202854391289e+01 5.348317715953006868e+00 7.712992657547484754e+00
-2.684098235437267022e+01 5.393704695620424872e+00 7.715106395017009788e+00
-2.717648143830225749e+01 5.436055474709430513e+00 7.714682050539948044e+00
-2.750998861904447068e+01 5.475191453185997759e+00 7.711570325178265684e+00
-2.784349579978669098e+01 5.514327431662565893e+00 7.708458599816583323e+00
-2.817440145440010468e+01 5.548123078870331071e+00 7.700181573012086389e+00
-2.850394979103327842e+01 5.579132466285678049e+00 7.689209606324382662e+00
-2.883349812766644860e+01 5.610141853701025028e+00 7.678237639636678047e+00
-2.915942496658054139e+01 5.634878896358621603e+00 7.661387932881052798e+00
-2.948460253010447829e+01 5.658318212514615198e+00 7.643322141973443173e+00
-2.980978009362840808e+01 5.681757528670608792e+00 7.625256351065834437e+00
