0.000000000000000000e+00 0.000000000000000000e+00 0.000000000000000000e+00
-8.715443979420560427e-02 -3.030832816562530410e-02 1.710222991463691000e-01
-1.743088795884112085e-01 -6.061665633125060820e-02 3.420445982927382000e-01
-2.614633193826168545e-01 -9.092498449687591577e-02 5.130668974391072723e-01
-3.491788245314879635e-01 -1.207337458247259299e-01 6.836108321987023340e-01
-4.503598981923317979e-01 -1.385529030459690947e-01 8.426740216757200308e-01
-5.515409718531757433e-01 -1.563720602672122595e-01 1.001737211152737839e+00
-6.527220455140196886e-01 -1.741912174884554243e-01 1.160800400629755647e+00
-7.549798666186783302e-01 -1.910924081326744739e-01 1.318957637426602325e+00
-8.696202833272063115e-01 -1.974369831411165177e-01 1.466696418401484570e+00
-9.842607000357342928e-01 -2.037815581495585338e-01 1.614435199376366592e+00
-1.098901116744262385e+00 -2.101261331580005776e-01 1.762173980351248836e+00
-1.215088264256076522e+00 -2.152116275256263644e-01 1.908627464486333247e+00
-1.342618104325320916e+00 -2.110638638605998874e-01 2.045655438462901543e+00
-1.470147944394565753e+00 -2.069161001955734380e-01 2.182683412439469617e+00
-1.597677784463810147e+00 -2.027683365305469609e-01 2.319711386416037691e+00
-1.727178324501973838e+00 -1.970937824132989735e-01 2.455120431567343608e+00
-1.867025039376963846e+00 -1.834035784218879805e-01 2.582030100386023541e+00
-2.006871754251953188e+00 -1.697133744304770708e-01 2.708939769204703030e+00
-2.146718469126943418e+00 -1.560231704390661056e-01 2.835849438023382962e+00
-2.288913523478485423e+00 -1.406079890133453969e-01 2.960849726245891045e+00
-2.440501935736237193e+00 -1.182928978503855616e-01 3.078212492083713947e+00
-2.592090347993989408e+00 -9.597780668742572630e-02 3.195575257921537293e+00
-2.743678760251741178e+00 -7.366271552446597426e-02 3.312938023759359751e+00
-2.897946506371518627e+00 -4.949010135135525901e-02 3.428141605485049759e+00
-3.060698809721041691e+00 -1.943533097943350718e-02 3.536507770855652488e+00
-3.223451113070564755e+00 1.061943939248813362e-02 3.644873936226254330e+00
-3.386203416420087819e+00 4.067420976440988545e-02 3.753240101596857059e+00
-3.551919087430787769e+00 7.265728873914618913e-02 3.859235395634704968e+00
-3.725254846713084156e+00 1.095988755496911382e-01 3.959134163388327021e+00
-3.898590605995380987e+00 1.465404623602362122e-01 4.059032931141949518e+00
-4.071926365277677817e+00 1.834820491707812029e-01 4.158931698895571571e+00
-4.248462249969819027e+00 2.223648516166969735e-01 4.256283492431552240e+00
-4.431798401157879042e+00 2.653727372877754953e-01 4.348222965755041969e+00
-4.615134552345939944e+00 3.083806229588539893e-01 4.440162439078532586e+00
-4.798470703533999071e+00 3.513885086299322058e-01 4.532101912402022315e+00
-4.985196146365929337e+00 3.962965198318997295e-01 4.621351360999106817e+00
-5.177946996564738669e+00 4.445825319776698370e-01 4.705818543415914768e+00
-5.370697846763548000e+00 4.928685441234399445e-01 4.790285725832722719e+00
-5.563448696962357332e+00 5.411545562692100519e-01 4.874752908249530670e+00
-5.759730098060254377e+00 5.912494881274193981e-01 4.956417535847688072e+00
-5.961307325506787436e+00 6.440577995542884349e-01 5.033878331217870539e+00
-6.162884552953319606e+00 6.968661109811573606e-01 5.111339126588053894e+00
-6.364461780399852664e+00 7.496744224080262864e-01 5.188799921958236361e+00
-6.569662595557728579e+00 8.041542134379873197e-01 5.263373620874435055e+00
-6.779475249620951161e+00 8.607613421446107527e-01 5.334272833394654967e+00
-6.989287903684172854e+00 9.173684708512338526e-01 5.405172045914873991e+00
-7.199100557747396323e+00 9.739755995578573966e-01 5.476071258435093014e+00
-7.412581298427090459e+00 1.032074414890396863e+00 5.544024289363298053e+00
-7.630035799607961522e+00 1.091789224067678976e+00 5.608785623566819645e+00
-7.847490300788832585e+00 1.151504033244961089e+00 5.673546957770341237e+00
-8.064944801969701871e+00 1.211218842422242759e+00 5.738308291973862829e+00
-8.286063035300884394e+00 1.272207073803506283e+00 5.800087283985035036e+00
-8.510563175232352506e+00 1.334370771834598735e+00 5.859113344741730955e+00
-8.735063315163820619e+00 1.396534469865691408e+00 5.918139405498426875e+00
-8.959563455095288731e+00 1.458698167896784081e+00 5.977165466255122794e+00
-9.187673803875457068e+00 1.521882433688235503e+00 6.033193416797223207e+00
-9.418620745322462184e+00 1.585868574148539878e+00 6.086865709313569184e+00
-9.649567686769469077e+00 1.649854714608844697e+00 6.140538001829916048e+00
-9.880514628216474193e+00 1.713840855069149516e+00 6.194210294346262913e+00
-1.011496877091096458e+01 1.778564000247571331e+00 6.244886569244249230e+00
-1.035176104777043982e+01 1.843778481904737365e+00 6.293565499063328517e+00
-1.058855332462991683e+01 1.908992963561903844e+00 6.342244428882407803e+00
-1.082534560148939562e+01 1.974207445219070323e+00 6.390923358701487089e+00
-1.106549227223136533e+01 2.039848541376562796e+00 6.436623692157314558e+00
-1.130752578953223697e+01 2.105729608190489266e+00 6.480648565158812602e+00
-1.154955930683310861e+01 2.171610675004415292e+00 6.524673438160310646e+00
-1.179159282413398024e+01 2.237491741818341318e+00 6.568698311161808689e+00
-1.203677781272442182e+01 2.303466087162323372e+00 6.609774805754430105e+00
-1.228344584662760397e+01 2.369484328285155872e+00 6.649463828154639877e+00
-1.253011388053078079e+01 2.435502569407987039e+00 6.689152850554847873e+00
-1.277678191443396294e+01 2.501520810530819539e+00 6.728841872955057646e+00
-1.302634806634169884e+01 2.567279929884028977e+00 6.765622999640423352e+00
-1.327704126414009345e+01 2.632938279660162806e+00 6.801273277992240018e+00
-1.352773446193848983e+01 2.698596629436296634e+00 6.836923556344056685e+00
-1.377842765973688444e+01 2.764254979212430463e+00 6.872573834695872463e+00
-1.403171487609856882e+01 2.829286624012922857e+00 6.905364432806933017e+00
-1.428582125621707988e+01 2.894120361979001910e+00 6.937251973999859267e+00
-1.453992763633559093e+01 2.958954099945080962e+00 6.969139515192785517e+00
-1.479403401645410199e+01 3.023787837911160459e+00 7.001027056385711766e+00
-1.505037925407421184e+01 3.087615986212308261e+00 7.030108333632409945e+00
-1.530728420606972584e+01 3.151192737097224583e+00 7.058488044892551549e+00
-1.556418915806523984e+01 3.214769487982140905e+00 7.086867756152694042e+00
-1.582109411006075383e+01 3.278346238867057227e+00 7.115247467412835647e+00
-1.607983138141161206e+01 3.340531095337554657e+00 7.140876999882117104e+00
-1.633891766597301043e+01 3.402450829062448889e+00 7.165982688772187359e+00
-1.659800395053440880e+01 3.464370562787342678e+00 7.191088377662257614e+00
-1.685709023509580717e+01 3.526290296512236466e+00 7.216194066552327868e+00
-1.711755060831755060e+01 3.586428292436094178e+00 7.238605798708133143e+00
-1.737819835726570972e+01 3.646323324114355557e+00 7.260650173127448426e+00
-1.763884610621386528e+01 3.706218355792616936e+00 7.282694547546763708e+00
-1.789949385516201730e+01 3.766113387470877427e+00 7.304738921966078102e+00
-1.816100545406262512e+01 3.823837180747423403e+00 7.324143166649347059e+00
-1.842259217035039853e+01 3.881372170684689316e+00 7.343317834833828606e+00
-1.868417888663817195e+01 3.938907160621955228e+00 7.362492503018311041e+00
-1.894576560292594891e+01 3.996442150559221584e+00 7.381667171202792588e+00
-1.920765360698514002e+01 4.051420625697003786e+00 7.398250609618980178e+00
-1.946955416470147426e+01 4.106292579384807517e+00 7.414726080128154706e+00
-1.973145472241780851e+01 4.161164533072611249e+00 7.431201550637329234e+00
-1.999335528013413921e+01 4.216036486760414093e+00 7.447677021146503762e+00
