0.000000000000000000e+00 0.000000000000000000e+00 0.000000000000000000e+00
7.824628143243221590e-02 9.552352920404409697e-02 -6.931602450848298180e-02
1.564925628648644318e-01 1.910470584080881939e-01 -1.386320490169659636e-01
2.347388442972966338e-01 2.865705876121322770e-01 -2.079480735254489177e-01
3.129851257297288636e-01 3.820941168161763879e-01 -2.772640980339319272e-01
3.912655079765059996e-01 4.767944612857293318e-01 -3.462203886952776588e-01
4.701938056958369638e-01 5.558542957999517142e-01 -4.083417362610172185e-01
5.491221034151678726e-01 6.349141303141739856e-01 -4.704630838267568338e-01
6.280504011344989479e-01 7.139739648283962570e-01 -5.325844313924963380e-01
7.069786988538298012e-01 7.930337993426186394e-01 -5.947057789582359533e-01
7.859971568151639110e-01 8.706720804331429253e-01 -6.561766655929729408e-01
8.658270569545263307e-01 9.355163807103864526e-01 -7.117934038486875004e-01
9.456569570938885283e-01 1.000360680987629758e+00 -7.674101421044020599e-01
1.025486857233250948e+00 1.065204981264873396e+00 -8.230268803601166194e-01
1.105316757372613257e+00 1.130049281542116812e+00 -8.786436186158310679e-01
1.185315330836045566e+00 1.193080467542772194e+00 -9.333840459546101087e-01
1.266269719802540994e+00 1.245837339309428859e+00 -9.831587114307542841e-01
1.347224108769036421e+00 1.298594211076085525e+00 -1.032933376906898459e+00
1.428178497735531849e+00 1.351351082842742413e+00 -1.082708042383042635e+00
1.509132886702027498e+00 1.404107954609399078e+00 -1.132482707859186810e+00
1.590357410770161017e+00 1.454848950873926849e+00 -1.181215959865055565e+00
1.672662475244847791e+00 1.497526445129938821e+00 -1.225783557989821970e+00
1.754967539719534120e+00 1.540203939385950571e+00 -1.270351156114588376e+00
1.837272604194220449e+00 1.582881433641962321e+00 -1.314918754239354559e+00
1.919577668668907000e+00 1.625558927897974071e+00 -1.359486352364120965e+00
2.002277773759397750e+00 1.666188576844697566e+00 -1.402904052232525123e+00
2.086163000697302650e+00 1.700674689863555855e+00 -1.442872057331843427e+00
2.170048227635206661e+00 1.735160802882414144e+00 -1.482840062431161288e+00
2.253933454573111117e+00 1.769646915901272433e+00 -1.522808067530479370e+00
2.337818681511015573e+00 1.804133028920130499e+00 -1.562776072629797230e+00
2.422247793356581802e+00 1.836692110031955316e+00 -1.601538182788580622e+00
2.507945969986691725e+00 1.864754783360700996e+00 -1.637486538086116550e+00
2.593644146616801205e+00 1.892817456689446898e+00 -1.673434893383652478e+00
2.679342323246911128e+00 1.920880130018192578e+00 -1.709383248681188405e+00
2.765040499877021052e+00 1.948942803346938479e+00 -1.745331603978724111e+00
2.851455839525435909e+00 1.975334033171351589e+00 -1.780066426088127374e+00
2.939203053350701644e+00 1.998621153630575353e+00 -1.812547543705284037e+00
3.026950267175967824e+00 2.021908274089799118e+00 -1.845028661322440700e+00
3.114697481001234003e+00 2.045195394549022438e+00 -1.877509778939597362e+00
3.202444694826500182e+00 2.068482515008246647e+00 -1.909990896556754247e+00
3.291107278640593936e+00 2.090470547157317061e+00 -1.941295071509415271e+00
3.381142917437930606e+00 2.110509946841159223e+00 -1.970833832465333391e+00
3.471178556235267276e+00 2.130549346525000942e+00 -2.000372593421251732e+00
3.561214195032603058e+00 2.150588746208842217e+00 -2.029911354377169630e+00
3.651249833829939728e+00 2.170628145892683936e+00 -2.059450115333087972e+00
3.742424473487602654e+00 2.189839571043064037e+00 -2.087888623254043452e+00
3.834991225307888829e+00 2.208039027319213421e+00 -2.114982377465600472e+00
3.927557977128174560e+00 2.226238483595362805e+00 -2.142076131677157491e+00
4.020124728948459847e+00 2.244437939871512189e+00 -2.169169885888714067e+00
4.112691480768745578e+00 2.262637396147661573e+00 -2.196263640100271086e+00
4.206646783262924849e+00 2.280560742040584454e+00 -2.222369800346954527e+00
4.301990636430999437e+00 2.298207977550280390e+00 -2.247488366628764833e+00
4.397334489599074026e+00 2.315855213059976769e+00 -2.272606932910575139e+00
4.492678342767147726e+00 2.333502448569672705e+00 -2.297725499192385001e+00
4.588022195935222314e+00 2.351149684079369084e+00 -2.322844065474195308e+00
4.685030563573923779e+00 2.369135415520649879e+00 -2.347119536636438131e+00
4.783400806688593576e+00 2.387398098178681760e+00 -2.370705202700852610e+00
4.881771049803263374e+00 2.405660780836713641e+00 -2.394290868765267533e+00
4.980141292917932283e+00 2.423923463494745523e+00 -2.417876534829682011e+00
5.078511536032602081e+00 2.442186146152777404e+00 -2.441462200894096934e+00
5.178849166438888929e+00 2.461446665012813728e+00 -2.464376980794127814e+00
5.280498388372918406e+00 2.481372408007519237e+00 -2.486844503251235849e+00
5.382147610306948771e+00 2.501298151002225190e+00 -2.509312025708343885e+00
5.483796832240978247e+00 2.521223893996930698e+00 -2.531779548165451477e+00
5.585446054175008612e+00 2.541149636991636651e+00 -2.554247070622559512e+00
5.689392940286998268e+00 2.562759282205407274e+00 -2.576239496315004818e+00
5.794577030187120670e+00 2.585275643998675044e+00 -2.597976100672631627e+00
5.899761120087243071e+00 2.607792005791942813e+00 -2.619712705030257993e+00
6.004945209987364585e+00 2.630308367585210139e+00 -2.641449309387884803e+00
6.110129299887486987e+00 2.652824729378477908e+00 -2.663185913745511613e+00
6.217969229958360877e+00 2.677719776945544972e+00 -2.684662661517395410e+00
6.326947377245269344e+00 2.703634261272811923e+00 -2.706028042181102933e+00
6.435925524532178699e+00 2.729548745600079318e+00 -2.727393422844811344e+00
6.544903671819087165e+00 2.755463229927345825e+00 -2.748758803508519311e+00
6.653881819105996520e+00 2.781377714254613220e+00 -2.770124184172227277e+00
6.765902376703987642e+00 2.810356377239119574e+00 -2.791460269542970885e+00
6.878937071072338760e+00 2.840356433109372247e+00 -2.812786589816059557e+00
6.991971765440689879e+00 2.870356488979624920e+00 -2.834112910089147785e+00
7.105006459809042774e+00 2.900356544849878038e+00 -2.855439230362236902e+00
7.218041154177393892e+00 2.930356600720130711e+00 -2.876765550635325130e+00
7.334533718185796580e+00 2.964079029250802133e+00 -2.898304328356748005e+00
7.451890749604213937e+00 2.998732050946578465e+00 -2.919896220440254542e+00
7.569247781022629518e+00 3.033385072642354352e+00 -2.941488112523760634e+00
7.686604812441045986e+00 3.068038094338130239e+00 -2.963080004607266726e+00
7.803961843859463343e+00 3.102691116033906571e+00 -2.984671896690773263e+00
7.925221588476629719e+00 3.141679397304049992e+00 -3.006725060747091671e+00
8.047170047187693243e+00 3.181432724381434873e+00 -3.028859625739788619e+00
8.169118505898758542e+00 3.221186051458820199e+00 -3.050994190732486011e+00
8.291066964609822065e+00 3.260939378536204636e+00 -3.073128755725182959e+00
8.413015423320885589e+00 3.300692705613589517e+00 -3.095263320717879907e+00
8.539341318060225561e+00 3.345330863881094352e+00 -3.118110904325708255e+00
8.666153594580485731e+00 3.390511781169724514e+00 -3.141037712224107548e+00
8.792965871100744124e+00 3.435692698458353789e+00 -3.163964520122506396e+00
8.919778147621004294e+00 3.480873615746983507e+00 -3.186891328020905245e+00
9.046590424141264464e+00 3.526054533035613670e+00 -3.209818135919304538e+00
9.178285233831244838e+00 3.576588529622951818e+00 -3.233708511527655372e+00
9.310237018951209365e+00 3.627404267226011392e+00 -3.257649601226003444e+00
9.442188804071175667e+00 3.678220004829071854e+00 -3.281590690924351961e+00
9.574140589191140194e+00 3.729035742432131428e+00 -3.305531780622700033e+00
9.706092374311104720e+00 3.779851480035191003e+00 -3.329472870321048106e+00
