0.000000000000000000e+00 0.000000000000000000e+00 0.000000000000000000e+00
-1.952468567607311134e-01 -3.460445254113476976e-02 5.874327629982578625e-02
-3.904937135214622268e-01 -6.920890508226953952e-02 1.174865525996515725e-01
-5.731952261809338811e-01 -1.013940041582161583e-01 1.775933202542154810e-01
-7.182607065366271026e-01 -1.263210428385982964e-01 2.417905619729937006e-01
-8.633261868923203242e-01 -1.512480815189804206e-01 3.059878036917719202e-01
-9.845680163504522131e-01 -1.718233117745509297e-01 3.720566852273099467e-01
-1.081986194911022769e+00 -1.880467336053097960e-01 4.399972065796076137e-01
-1.179404373471593104e+00 -2.042701554360686345e-01 5.079377279319052807e-01
-1.242932076220719440e+00 -2.146637947077731923e-01 5.774762877121033533e-01
-1.295162953699364516e+00 -2.231141731264596473e-01 6.475475269682682278e-01
-1.347393831178009371e+00 -2.315645515451461023e-01 7.176187662244333243e-01
-1.356823334391208169e+00 -2.331292364157292463e-01 7.883062857105971322e-01
-1.366252837604406967e+00 -2.346939212863124180e-01 8.589938051967609400e-01
-1.365559960481184332e+00 -2.347482143424668988e-01 9.294813163359025854e-01
-1.334499942348698509e+00 -2.302713319553354177e-01 9.993688024339777431e-01
-1.303439924216212464e+00 -2.257944495682039088e-01 1.069256288532052901e+00
-1.253254034922405724e+00 -2.186972349106188762e-01 1.138084663154931286e+00
-1.183942274467278288e+00 -2.089796879825802922e-01 1.205853926302612900e+00
-1.114630514012151075e+00 -1.992621410545417360e-01 1.273623189450294513e+00
-1.018252725659786417e+00 -1.861823550782431558e-01 1.338888736255288148e+00
-9.128529280083431674e-01 -1.719818227525246046e-01 1.403319710946052901e+00
-8.074531303568994733e-01 -1.577812904268060257e-01 1.467750685636817432e+00
-6.680549267387480006e-01 -1.398122282730528965e-01 1.527721430419924697e+00
-5.286567231205965278e-01 -1.218431661192997395e-01 1.587692175203031963e+00
-3.812628073439902066e-01 -1.030997795075544871e-01 1.646291908160484985e+00
-2.098817550920194785e-01 -8.203341952183290653e-02 1.700778605640975716e+00
-3.850070284004875054e-02 -6.096705953611131906e-02 1.755265303121466225e+00
1.479010320107453369e-01 -3.866605484564709927e-02 1.806547130281060065e+00
3.493234494603625340e-01 -1.513040545044028184e-02 1.854624087119757014e+00
5.507458669099797310e-01 8.405243944766542519e-03 1.902701043958454186e+00
7.732987511032420880e-01 3.335427176040927505e-02 1.945350018353259269e+00
1.002895124211052424e+00 5.877442571619728717e-02 1.986189665266767435e+00
1.232491497318862983e+00 8.419457967198530624e-02 2.027029312180275156e+00
1.488468490442130587e+00 1.109576769130316415e-01 2.059902203940982890e+00
1.744445483565398192e+00 1.377207741540779906e-01 2.092775095701690624e+00
2.006587816256026002e+00 1.646950227910034537e-01 2.123498468381240123e+00
2.287226167648733544e+00 1.923027256155663556e-01 2.147773283817315804e+00
2.567864519041441085e+00 2.199104284401292575e-01 2.172048099253391928e+00
2.860010955644218367e+00 2.477128769923697127e-01 2.191757277969126783e+00
3.163665477457065833e+00 2.757100712722877489e-01 2.206900819964521698e+00
3.467319999269912856e+00 3.037072655522058406e-01 2.222044361959916170e+00
3.787058313433427692e+00 3.316876605077054840e-01 2.230013144079601162e+00
4.112157891713833280e+00 3.596624556883991075e-01 2.235590339574049956e+00
4.437257469994237979e+00 3.876372508690926755e-01 2.241167535068498751e+00
4.782305064686335427e+00 4.152209799695619208e-01 2.236841435057515426e+00
5.127352659378432875e+00 4.428047090700311661e-01 2.232515335046532545e+00
5.477031516633667607e+00 4.702093107985895193e-01 2.225653704922015752e+00
5.840604161578311526e+00 4.970765304114151961e-01 2.211185484456897665e+00
6.204176806522955445e+00 5.239437500242407619e-01 2.196717263991780023e+00
6.576337530462660119e+00 5.503116049763264739e-01 2.177107632853135577e+00
6.957086333397425548e+00 5.761800952676723320e-01 2.152356591040963885e+00
7.337835136332190977e+00 6.020485855590180790e-01 2.127605549228792192e+00
7.730509943985261145e+00 6.269887816640604683e-01 2.095110458778475682e+00
8.127160086544433781e+00 6.516195463736683680e-01 2.060034018782111342e+00
8.523810229103604641e+00 6.762503110832762676e-01 2.024957578785746559e+00
8.935160966818195050e+00 6.994475775244703986e-01 1.979611287823832999e+00
9.346511704532783682e+00 7.226448439656645295e-01 1.934264996861919439e+00
9.761255923393157730e+00 7.454455985614812930e-01 1.886389660977224825e+00
1.018618058569088980e+01 7.670568176211659539e-01 1.830927190324188158e+00
1.061110524798862187e+01 7.886680366808507259e-01 1.775464719671151492e+00
1.104229057424014648e+01 8.094315692800241324e-01 1.715070056837656676e+00
1.147973656444546364e+01 8.293474154186861735e-01 1.649743201823704153e+00
1.191718255465077902e+01 8.492632615573482147e-01 1.584416346809751408e+00
1.236328564870265545e+01 8.678580015307917339e-01 1.511953643064605224e+00
1.281227444403671889e+01 8.860123727824957829e-01 1.437112323075727893e+00
1.326126323937078055e+01 9.041667440341997208e-01 1.362271003086850563e+00
1.372089039092800888e+01 9.205367619920395983e-01 1.278363261578387755e+00
1.418051754248523721e+01 9.369067799498794757e-01 1.194455520069924725e+00
1.464759216766237060e+01 9.516333758891142303e-01 1.107182669363151684e+00
1.513700921369921559e+01 9.614297057725339490e-01 1.009814491061448605e+00
1.562642625973606059e+01 9.712260356559535568e-01 9.124463127597455259e-01
1.611774012171338555e+01 9.782198418071488266e-01 8.097253273770438353e-01
1.661095079963119048e+01 9.824111242261198695e-01 7.016515349133437551e-01
1.710416147754899185e+01 9.866024066450908014e-01 5.935777424496435639e-01
1.759946142566722926e+01 9.890470675992487637e-01 4.798748611206859471e-01
1.809545779718560965e+01 9.909095213984688844e-01 3.642956168366425773e-01
1.859145416870399004e+01 9.927719751976891160e-01 2.487163725525991242e-01
1.908967380737256647e+01 9.949207304331478818e-01 1.285884477827636263e-01
1.958789344604113936e+01 9.970694856686065366e-01 8.460523012928128361e-03
2.008665964881651433e+01 9.997987139699481274e-01 -1.121325383008671128e-01
2.058706554391229560e+01 1.004269361468938415e+00 -2.341210092465416392e-01
2.108747143900808041e+01 1.008740008967928592e+00 -3.561094801922161657e-01
2.159073719980555239e+01 1.017038873855039327e+00 -4.763626866590867648e-01
2.209686282630471510e+01 1.029165956130270621e+00 -5.948806286471535199e-01
2.260298845280387781e+01 1.041293038405501692e+00 -7.133985706352202749e-01
2.311795881745086234e+01 1.064602228309882603e+00 -8.242009722622746226e-01
2.363587742814711135e+01 1.091638787423979462e+00 -9.324315271023224660e-01
2.415379603884337101e+01 1.118675346538076765e+00 -1.040662081942372419e+00
2.467717897987628106e+01 1.153807709059323505e+00 -1.142830456503806102e+00
2.520056192090920177e+01 1.188940071580570912e+00 -1.244998831065241784e+00
2.572448703601261499e+01 1.224784128081421786e+00 -1.346445401931917418e+00
2.625003867332754481e+01 1.262763266521085059e+00 -1.445726561714319569e+00
2.677559031064247108e+01 1.300742404960747667e+00 -1.545007721496719943e+00
2.730168915206014191e+01 1.338131407075332735e+00 -1.644094292231400134e+00
2.782833519758055019e+01 1.374930272864839376e+00 -1.742986273918356366e+00
2.835498124310096557e+01 1.411729138654346460e+00 -1.841878255605314596e+00
2.888296128130954443e+01 1.445359579052896581e+00 -1.942059120779952686e+00
2.941138598374752178e+01 1.477933877654461714e+00 -2.042669613783819837e+00
2.993981068618549202e+01 1.510508176256026402e+00 -2.143280106787685213e+00
