0.000000000000000000e+00 0.000000000000000000e+00 0.000000000000000000e+00
-1.193175235760023239e-01 -2.114716544180457805e-02 3.589866884989352525e-02
-2.386350471520046479e-01 -4.229433088360915610e-02 7.179733769978705049e-02
-3.579525707280070135e-01 -6.344149632541373762e-02 1.076960065496805896e-01
-4.772700943040092958e-01 -8.458866176721831220e-02 1.435946753995741010e-01
-5.812544195340278996e-01 -1.027788396404595850e-01 1.811598336830364531e-01
-6.699055464180626585e-01 -1.180120299451375698e-01 2.203914814000676181e-01
-7.585566733020974173e-01 -1.332452202498155269e-01 2.596231291170987276e-01
-8.472078001861321761e-01 -1.484784105544935118e-01 2.988547768341298649e-01
-9.358589270701669349e-01 -1.637116008591714689e-01 3.380864245511610022e-01
-9.953922584127377071e-01 -1.736259142001907729e-01 3.796056320442318111e-01
-1.054925589755308479e+00 -1.835402275412100770e-01 4.211248395373026199e-01
-1.114458921097879474e+00 -1.934545408822294088e-01 4.626440470303734842e-01
-1.173992252440450246e+00 -2.033688542232487129e-01 5.041632545234442375e-01
-1.219718352896877134e+00 -2.109080709661347863e-01 5.463335147093634214e-01
-1.251637222467160138e+00 -2.160721911108876014e-01 5.891548275881308694e-01
-1.283556092037443364e+00 -2.212363112556404443e-01 6.319761404668982063e-01
-1.315474961607726367e+00 -2.264004314003932594e-01 6.747974533456656543e-01
-1.347393831178009371e+00 -2.315645515451461023e-01 7.176187662244331023e-01
-1.353156305363853118e+00 -2.325207478549469187e-01 7.608166947993111329e-01
-1.358918779549696865e+00 -2.334769441647477350e-01 8.040146233741889414e-01
-1.364681253735540389e+00 -2.344331404745485514e-01 8.472125519490668610e-01
-1.370443727921384136e+00 -2.353893367843493678e-01 8.904104805239446696e-01
-1.363834403918268601e+00 -2.344994986542929261e-01 9.333639544524622300e-01
-1.344853281726193783e+00 -2.317636260843792262e-01 9.760729737346193202e-01
-1.325872159534118966e+00 -2.290277535144655541e-01 1.018781993016776299e+00
-1.306891037342044370e+00 -2.262918809445518542e-01 1.061491012298933390e+00
-1.287909915149969553e+00 -2.235560083746381821e-01 1.104200031581090258e+00
-1.245552728205169490e+00 -2.176175074741701632e-01 1.145614581282451194e+00
-1.203195541260369428e+00 -2.116790065737021442e-01 1.187029130983812131e+00
-1.160838354315569365e+00 -2.057405056732341253e-01 1.228443680685173289e+00
-1.118481167370769302e+00 -1.998020047727661341e-01 1.269858230386534004e+00
-1.065097080171539368e+00 -1.924937027785625643e-01 1.310252747503837245e+00
-1.000686092717879561e+00 -1.838155996906234435e-01 1.349627232037082347e+00
-9.362751052642197536e-01 -1.751374966026843505e-01 1.389001716570327227e+00
-8.718641178105598355e-01 -1.664593935147452020e-01 1.428376201103572329e+00
-8.074531303569001395e-01 -1.577812904268061089e-01 1.467750685636817209e+00
-7.222653392569187147e-01 -1.468001968884014297e-01 1.504399474115382773e+00
-6.370775481569367349e-01 -1.358191033499966394e-01 1.541048262593948559e+00
-5.518897570569554212e-01 -1.248380098115919601e-01 1.577697051072513901e+00
-4.667019659569739964e-01 -1.138569162731872669e-01 1.614345839551079465e+00
-3.717416377744360290e-01 -1.019294261750143676e-01 1.649318946909401173e+00
-2.670087725093430731e-01 -8.905553951707342875e-02 1.682616373147478805e+00
-1.622759072442501171e-01 -7.618165285913250373e-02 1.715913799385556215e+00
-5.754304197915716124e-02 -6.330776620119155096e-02 1.749211225623633847e+00
4.718982328593673836e-02 -5.043387954325051492e-02 1.782508651861711479e+00
1.702813006162578191e-01 -3.605098269062418509e-02 1.811889014374248541e+00
2.933727779465788998e-01 -2.166808583799785526e-02 1.841269376886785381e+00
4.164642552769008965e-01 -7.285188985371414405e-03 1.870649739399322664e+00
5.395557326072220050e-01 7.097707867254915426e-03 1.900030101911859504e+00
6.712559186108801867e-01 2.205642555783663555e-02 1.927199064169477616e+00
8.115648132878753307e-01 3.759096408637374598e-02 1.952156626172177001e+00
9.518737079648715849e-01 5.312550261491096742e-02 1.977114188174876608e+00
1.092182602641866840e+00 6.866004114344806397e-02 2.002071750177575993e+00
1.232491497318861873e+00 8.419457967198518134e-02 2.027029312180275156e+00
1.388921882005303088e+00 1.005498057637357057e-01 2.047118301589596623e+00
1.545352266691745413e+00 1.169050318554863549e-01 2.067207290998918090e+00
1.701782651378186628e+00 1.332602579472368931e-01 2.087296280408239113e+00
1.858213036064627621e+00 1.496154840389873897e-01 2.107385269817560580e+00
2.022178835777843187e+00 1.662287840590347399e-01 2.124847069238799957e+00
2.193680050517830438e+00 1.831001580073786661e-01 2.139681678671957243e+00
2.365181265257817689e+00 1.999715319557225923e-01 2.154516288105114530e+00
2.536682479997804940e+00 2.168429059040665186e-01 2.169350897538272260e+00
2.708183694737793523e+00 2.337142798524105558e-01 2.184185506971429547e+00
2.893750346956755148e+00 2.508236763568048588e-01 2.193439893746393032e+00
3.079316999175716774e+00 2.679330728611991619e-01 2.202694280521356074e+00
3.264883651394679731e+00 2.850424693655936315e-01 2.211948667296319559e+00
3.450450303613641800e+00 3.021518658699879900e-01 2.221203054071283045e+00
3.642569611975468025e+00 3.192544182051748058e-01 2.227534390526512809e+00
3.841241576480160624e+00 3.363501263711543010e-01 2.230942676662009294e+00
4.039913540984851892e+00 3.534458345371336851e-01 2.234350962797505780e+00
4.238585505489543159e+00 3.705415427031130138e-01 2.237759248933002265e+00
4.437257469994234427e+00 3.876372508690923979e-01 2.241167535068498751e+00
4.648119888972738423e+00 4.044939742082679923e-01 2.238523807284009237e+00
4.858982307951241530e+00 4.213506975474436422e-01 2.235880079499519280e+00
5.069844726929749079e+00 4.382074208866195142e-01 2.233236351715029766e+00
5.280707145908252187e+00 4.550641442257951086e-01 2.230592623930539808e+00
5.497229996908367333e+00 4.717019341104130015e-01 2.224849914896175562e+00
5.719413279930094518e+00 4.881207905404731373e-01 2.216008224611937028e+00
5.941596562951821703e+00 5.045396469705332176e-01 2.207166534327698493e+00
6.163779845973548888e+00 5.209585034005933535e-01 2.198324844043459958e+00
6.385963128995276072e+00 5.373773598306534893e-01 2.189483153759221423e+00
6.618642953010968277e+00 5.531858816753649766e-01 2.174357517096227710e+00
6.851322777026656929e+00 5.689944035200761308e-01 2.159231880433233997e+00
7.084002601042344693e+00 5.848029253647873960e-01 2.144106243770240283e+00
7.316682425058033346e+00 6.006114472094985501e-01 2.128980607107246570e+00
7.554220991736736224e+00 6.160417751264566366e-01 2.110699987665749511e+00
7.796618301078452440e+00 6.310939091156614333e-01 2.089264385445748662e+00
8.039015610420168656e+00 6.461460431048663411e-01 2.067828783225748257e+00
8.281412919761887537e+00 6.611981770940714709e-01 2.046393181005747408e+00
8.523810229103604641e+00 6.762503110832762676e-01 2.024957578785746559e+00
8.775191235484742336e+00 6.904264183528948662e-01 1.997245956531243927e+00
9.026572241865880031e+00 7.046025256225134648e-01 1.969534334276741294e+00
9.277953248247015949e+00 7.187786328921320633e-01 1.941822712022238440e+00
9.529334254628153644e+00 7.329547401617506619e-01 1.914111089767735807e+00
9.784862849076361613e+00 7.466462218425746755e-01 1.883308412607612281e+00
1.004453903159164518e+01 7.598530779346043262e-01 1.849414680541867195e+00
1.030421521410692343e+01 7.730599340266338659e-01 1.815520948476122776e+00
1.056389139662220344e+01 7.862667901186632946e-01 1.781627216410378356e+00
1.082356757913748169e+01 7.994736462106928343e-01 1.747733484344633936e+00
