0.000000000000000000e+00 0.000000000000000000e+00 0.000000000000000000e+00
-8.677638078254715226e-02 -1.537975668494878483e-02 2.610812279992256665e-02
-1.735527615650943045e-01 -3.075951336989756965e-02 5.221624559984513331e-02
-2.603291423476414290e-01 -4.613927005484635274e-02 7.832436839976769649e-02
-3.471055231301886090e-01 -6.151902673979513930e-02 1.044324911996902666e-01
-4.338819039127357335e-01 -7.689878342474391892e-02 1.305406139996128367e-01
-5.206582846952828580e-01 -9.227854010969270548e-02 1.566487367995353930e-01
-5.893136128871219181e-01 -1.041636751227030394e-01 1.847263471118574529e-01
-6.537871597118745104e-01 -1.152423589806506610e-01 2.132584545424255629e-01
-7.182607065366271026e-01 -1.263210428385982687e-01 2.417905619729936451e-01
-7.827342533613795839e-01 -1.373997266965458763e-01 2.703226694035617550e-01
-8.472078001861321761e-01 -1.484784105544935118e-01 2.988547768341298649e-01
-9.116813470108846573e-01 -1.595570944124410917e-01 3.273868842646979749e-01
-9.629195322258808920e-01 -1.682181069232711601e-01 3.569587915934658851e-01
-1.006216500475023423e+00 -1.754285166258306439e-01 3.871545788611537864e-01
-1.049513468724165843e+00 -1.826389263283901554e-01 4.173503661288416322e-01
-1.092810436973308263e+00 -1.898493360309496392e-01 4.475461533965294780e-01
-1.136107405222450684e+00 -1.970597457335091507e-01 4.777419406642173794e-01
-1.179404373471592882e+00 -2.042701554360686345e-01 5.079377279319051697e-01
-1.213914922065916668e+00 -2.099691400307251710e-01 5.385478214586782997e-01
-1.237128645389758752e+00 -2.137248637723635769e-01 5.696905944614183426e-01
-1.260342368713601058e+00 -2.174805875140020106e-01 6.008333674641582745e-01
-1.283556092037443364e+00 -2.212363112556404443e-01 6.319761404668982063e-01
-1.306769815361285447e+00 -2.249920349972788503e-01 6.631189134696381382e-01
-1.329983538685127753e+00 -2.287477587389172839e-01 6.942616864723780701e-01
-1.348441553757253608e+00 -2.317384054196553467e-01 7.254729350562290069e-01
-1.352632444074231000e+00 -2.324338209176922965e-01 7.568896103834129585e-01
-1.356823334391208169e+00 -2.331292364157292463e-01 7.883062857105970211e-01
-1.361014224708185338e+00 -2.338246519137662238e-01 8.197229610377807507e-01
-1.365205115025162508e+00 -2.345200674118031736e-01 8.511396363649645913e-01
-1.369396005342139899e+00 -2.352154829098401234e-01 8.825563116921486539e-01
-1.372462186732848144e+00 -2.357430770951627896e-01 9.139507638696634517e-01
-1.358657734229520964e+00 -2.337533515897710079e-01 9.450118688021412749e-01
-1.344853281726194005e+00 -2.317636260843792539e-01 9.760729737346189872e-01
-1.331048829222866825e+00 -2.297739005789874722e-01 1.007134078667097032e+00
-1.317244376719539645e+00 -2.277841750735956905e-01 1.038195183599574856e+00
-1.303439924216212464e+00 -2.257944495682039365e-01 1.069256288532052679e+00
-1.289635471712885506e+00 -2.238047240628121548e-01 1.100317393464530502e+00
-1.260955341639642180e+00 -2.197769623470676170e-01 1.130554745027410934e+00
-1.230150114770696801e+00 -2.154580526012727093e-01 1.160674417537491676e+00
-1.199344887901751200e+00 -2.111391428554778016e-01 1.190794090047572196e+00
-1.168539661032805821e+00 -2.068202331096828939e-01 1.220913762557652937e+00
-1.137734434163860220e+00 -2.025013233638879584e-01 1.251033435067733679e+00
-1.106929207294914619e+00 -1.981824136180930229e-01 1.281153107577814421e+00
-1.065097080171539368e+00 -1.924937027785625643e-01 1.310252747503837245e+00
-1.018252725659786861e+00 -1.861823550782432113e-01 1.338888736255287926e+00
-9.714083711480342442e-01 -1.798710073779238583e-01 1.367524725006739050e+00
-9.245640166362815160e-01 -1.735596596776044775e-01 1.396160713758189953e+00
-8.777196621245291208e-01 -1.672483119772851523e-01 1.424796702509640856e+00
-8.308753076127766146e-01 -1.609369642769657993e-01 1.453432691261091758e+00
-7.764757517750890958e-01 -1.537881655037499073e-01 1.481077517810840849e+00
-7.145209946114656763e-01 -1.458019156576373376e-01 1.507731182158888794e+00
-6.525662374478429228e-01 -1.378156658115248234e-01 1.534384846506936295e+00
-5.906114802842201694e-01 -1.298294159654123370e-01 1.561038510854984018e+00
-5.286567231205967499e-01 -1.218431661192997673e-01 1.587692175203031963e+00
-4.667019659569739409e-01 -1.138569162731872808e-01 1.614345839551079465e+00
-4.003051464830986172e-01 -1.054404861726347259e-01 1.640237830662652607e+00
-3.241357899266674170e-01 -9.607765951231404811e-02 1.664454140653981673e+00
-2.479664333702362444e-01 -8.671483285199338420e-02 1.688670450645310739e+00
-1.717970768138042947e-01 -7.735200619167262315e-02 1.712886760636640027e+00
-9.562772025737314996e-02 -6.798917953135194536e-02 1.737103070627969092e+00
-1.945836370094194967e-02 -5.862635287103127452e-02 1.761319380619298158e+00
5.837995758869261170e-02 -4.912634346573910293e-02 1.785179593908305717e+00
1.479010320107443932e-01 -3.866605484564721029e-02 1.806547130281059843e+00
2.374221064327961539e-01 -2.820576622555532806e-02 1.827914666653813969e+00
3.269431808548479146e-01 -1.774547760546344582e-02 1.849282203026568094e+00
4.164642552768996753e-01 -7.285188985371560122e-03 1.870649739399322220e+00
5.059853296989523797e-01 3.175099634720436603e-03 1.892017275772076790e+00
5.955064041210041959e-01 1.363538825481232231e-02 1.913384812144830915e+00
6.967666267339698294e-01 2.488088710847971563e-02 1.931736802715422918e+00
7.988094592263309535e-01 3.617873331105225798e-02 1.949887756899204572e+00
9.008522917186909673e-01 4.747657951362468931e-02 1.968038711082985781e+00
1.002895124211051092e+00 5.877442571619712064e-02 1.986189665266766990e+00
1.104937956703411217e+00 7.007227191876955197e-02 2.004340619450548200e+00
1.206980789195771120e+00 8.137011812134198330e-02 2.022491573634329853e+00
1.317817161693284556e+00 9.311561208566730696e-02 2.037986942767177734e+00
1.431584714192514429e+00 1.050103219705767754e-01 2.052597116883047690e+00
1.545352266691744081e+00 1.169050318554862300e-01 2.067207290998917646e+00
1.659119819190975065e+00 1.287997417403958234e-01 2.081817465114788046e+00
1.772887371690205160e+00 1.406944516253052779e-01 2.096427639230658002e+00
1.886654924189434812e+00 1.525891615102147325e-01 2.111037813346527958e+00
2.006587816256024670e+00 1.646950227910033149e-01 2.123498468381240123e+00
2.131315972430560812e+00 1.769651129352534658e-01 2.134287275241717907e+00
2.256044128605098287e+00 1.892352030795036999e-01 2.145076082102196136e+00
2.380772284779634873e+00 2.015052932237538508e-01 2.155864888962674364e+00
2.505500440954171015e+00 2.137753833680039739e-01 2.166653695823152592e+00
2.630228597128708490e+00 2.260454735122542358e-01 2.177442502683630821e+00
2.758792781706601360e+00 2.383804788990635526e-01 2.186709430637328477e+00
2.893750346956755148e+00 2.508236763568048588e-01 2.193439893746393032e+00
3.028707912206908937e+00 2.632668738145461651e-01 2.200170356855457143e+00
3.163665477457062725e+00 2.757100712722874714e-01 2.206900819964521254e+00
3.298623042707217845e+00 2.881532687300289441e-01 2.213631283073585809e+00
3.433580607957371633e+00 3.005964661877702504e-01 2.220361746182649920e+00
3.570325261246488857e+00 3.130377970539094945e-01 2.226295013749968632e+00
3.714813962704447192e+00 3.254710393564400617e-01 2.228773767303056985e+00
3.859302664162402863e+00 3.379042816589704068e-01 2.231252520856145338e+00
4.003791365620361198e+00 3.503375239615009740e-01 2.233731274409233691e+00
4.148280067078320421e+00 3.627707662640315411e-01 2.236210027962322044e+00
4.292768768536276092e+00 3.752040085665618308e-01 2.238688781515410398e+00
4.437257469994234427e+00 3.876372508690923979e-01 2.241167535068498751e+00
