1:ItNr	2:Metric	3a:Time	3b:StepSize	4:||Gradient||	Time[ms]
0	7987.052079	0.000000	0.000152	7953.496697	151.3
1	3346.874079	0.000000	0.000152	2195.089385	2.4
2	2644.991402	0.000000	0.000152	1338.154368	2.4
3	2536.127308	0.000000	0.000152	913.530651	2.3
4	2316.501895	0.000000	0.000152	566.194368	2.1
5	2253.228148	0.000000	0.000152	462.294886	1.9
6	2304.508732	0.000000	0.000152	300.110870	2.0
7	2236.006991	0.000000	0.000152	183.612525	1.9
8	2172.919244	0.000000	0.000152	189.560892	2.0
9	2271.186972	0.000000	0.000152	99.509602	1.9
10	2381.466938	0.000000	0.000152	174.542720	1.9
11	2260.075147	0.000000	0.000152	133.540075	1.9
12	2259.808155	0.000000	0.000152	109.862485	1.9
13	2204.472759	0.000000	0.000152	120.382320	1.8
14	2280.995619	0.000000	0.000152	111.861119	1.9
15	2316.222446	0.000000	0.000152	96.653476	1.8
16	2226.870163	0.000000	0.000152	115.109607	1.9
17	2352.380241	0.000000	0.000152	136.803410	1.8
18	2336.474402	0.000000	0.000152	170.594411	1.8
19	2283.924102	0.000000	0.000152	208.403586	1.9
20	2238.392975	0.618022	0.000148	113.673744	1.9
21	2321.976202	0.659544	0.000148	208.956533	1.9
22	2307.740456	0.675383	0.000148	149.604553	1.9
23	2298.868197	1.168094	0.000144	90.553812	2.0
24	2317.112511	1.166714	0.000144	136.691623	1.9
25	2348.551553	1.162069	0.000144	128.333001	2.1
26	2244.723849	1.175337	0.000144	120.071698	4.7
27	2199.933602	1.183734	0.000144	129.321795	1.9
28	2253.550072	1.190319	0.000144	84.458182	1.9
29	2249.856462	1.181962	0.000144	150.029660	2.0
30	2285.186611	1.172325	0.000144	109.703058	2.4
31	2202.259418	1.167950	0.000144	103.083286	2.4
32	2233.190458	1.160503	0.000145	174.175088	2.3
33	2245.603123	1.153499	0.000145	104.744452	2.3
34	2304.838899	1.143580	0.000145	194.668865	2.3
35	2203.102765	1.146815	0.000145	131.399780	2.6
36	2309.715690	1.136468	0.000145	252.762025	2.1
37	2239.709100	1.554034	0.000142	180.892881	2.1
38	2202.912897	2.513411	0.000136	78.877181	2.2
39	2234.821383	2.504414	0.000136	79.876800	2.1
40	2221.898440	2.496711	0.000136	94.200945	2.1
41	2207.769134	2.488753	0.000136	89.649446	2.1
42	2289.417783	2.479832	0.000136	157.485679	2.2
43	2171.953539	2.470345	0.000136	109.669380	2.0
44	2157.524145	2.460303	0.000137	175.175987	2.0
45	2302.570734	2.465727	0.000136	122.225064	2.3
46	2244.129736	2.455524	0.000137	155.616845	2.2
47	2245.648416	2.448379	0.000137	153.624289	2.0
48	2154.338259	2.440027	0.000137	202.936232	2.1
49	2166.009873	2.435040	0.000137	96.493590	2.1
50	2126.497421	2.425101	0.000137	89.491515	1.9
51	2246.869007	2.419243	0.000137	149.105425	2.0
52	2158.171279	2.409511	0.000137	156.070946	2.0
53	2116.817296	2.515272	0.000136	153.396263	2.1
54	2246.580597	2.587943	0.000136	140.423076	2.1
55	2224.361309	2.668516	0.000135	95.533464	2.1
56	2345.156001	2.658801	0.000135	91.427853	3.2
57	2228.564870	2.649565	0.000135	121.771178	3.2
58	2246.701217	2.641320	0.000135	76.333888	2.6
59	2164.402361	2.632962	0.000136	70.256863	2.5
60	2254.109024	2.625618	0.000136	130.260198	2.2
61	2192.070305	2.618220	0.000136	117.435847	2.1
62	2141.099634	2.637211	0.000135	137.954197	2.1
63	2292.490996	2.669244	0.000135	172.094384	1.9
64	2163.009932	2.797983	0.000135	91.793526	2.1
65	2271.471911	2.792304	0.000135	136.824700	2.1
66	2193.981906	2.783112	0.000135	98.555516	4.0
67	2266.632145	2.773270	0.000135	149.467194	4.0
68	2184.587907	2.777370	0.000135	101.591494	3.4
69	2068.755230	2.768154	0.000135	86.539202	3.5
70	2176.474064	2.761236	0.000135	160.937066	3.3
71	2139.600273	2.763301	0.000135	78.591392	2.6
72	2070.665936	2.754558	0.000135	102.187011	2.6
73	2253.666330	2.746437	0.000135	167.089483	2.6
74	2275.459543	2.738562	0.000135	97.070457	2.7
75	2208.155904	2.736989	0.000135	120.339512	2.3
76	2195.578059	2.736193	0.000135	152.263761	2.2
77	2181.402165	2.770001	0.000135	120.459589	2.3
78	2287.014700	2.788847	0.000135	123.596758	2.3
79	2283.283522	2.791434	0.000135	173.123386	2.1
80	2214.463023	2.802827	0.000135	75.660232	2.0
81	2134.175453	2.794499	0.000135	93.937085	2.1
82	2210.343978	2.787121	0.000135	113.395070	2.0
83	2200.451402	2.778377	0.000135	105.271694	2.0
84	2142.766752	2.775307	0.000135	93.575534	1.9
85	2118.870323	2.766410	0.000135	115.184048	1.9
86	2220.995359	2.757720	0.000135	101.621419	1.9
87	2220.802473	2.754032	0.000135	197.361689	1.9
88	2124.458065	2.744233	0.000135	151.325212	1.9
89	2193.050034	3.312023	0.000132	104.674011	1.9
90	2037.569058	3.331349	0.000132	139.722870	1.9
91	2253.625067	3.336545	0.000132	117.108632	1.9
92	2111.219062	3.365961	0.000131	79.405897	1.9
93	2059.556913	3.357838	0.000131	72.663505	1.8
94	2261.616738	3.350731	0.000132	89.409081	1.8
95	2095.099479	3.343982	0.000132	92.498131	1.8
96	2187.522147	3.338639	0.000132	140.704132	1.9
97	2135.931626	3.329089	0.000132	114.427641	1.8
98	2203.419953	3.353270	0.000131	122.960868	1.9
99	2202.941461	3.344087	0.000132	89.553281	1.8
100	2272.600699	3.334927	0.000132	133.679376	1.9
101	2148.117816	3.325776	0.000132	99.411922	1.9
102	2176.230659	3.330589	0.000132	87.700346	1.9
103	2224.010168	3.323749	0.000132	241.996918	1.9
104	2178.496686	3.326134	0.000132	201.475140	1.8
105	2139.137880	4.309938	0.000127	162.759111	1.9
106	2275.755408	4.697633	0.000125	182.484788	1.9
107	2284.711927	4.709415	0.000125	171.403500	1.9
108	2159.611967	4.709666	0.000125	124.696640	1.9
109	2214.615736	4.704565	0.000125	113.154033	1.9
110	2242.757582	4.699153	0.000125	111.890749	1.9
111	2178.385755	4.689511	0.000125	81.241023	1.8
112	2135.737281	4.680760	0.000125	75.843674	1.8
113	2239.069092	4.673450	0.000125	230.250845	1.8
114	2128.003426	4.664076	0.000125	125.594522	1.8
115	2110.169654	4.912746	0.000124	118.209986	4.2
116	2285.043563	4.903008	0.000124	165.487076	4.1
117	2239.761315	4.906681	0.000124	125.664812	4.2
118	2159.378546	4.983051	0.000123	132.779761	4.0
119	2104.741146	5.022537	0.000123	151.443100	2.3
120	2147.848544	5.012217	0.000123	133.690005	2.3
121	2264.922114	5.091942	0.000123	89.745405	2.8
122	2224.060649	5.082278	0.000123	117.484064	2.7
123	2317.119721	5.074916	0.000123	112.212910	2.7
124	2174.507948	5.065753	0.000123	125.328186	2.7
125	2213.483429	5.057230	0.000123	135.984954	2.5
126	2267.285543	5.080695	0.000123	111.752236	2.5
127	2312.666354	5.079342	0.000123	94.731281	2.4
128	2050.857449	5.069938	0.000123	105.561343	2.7
129	2149.898656	5.065428	0.000123	106.231852	2.7
130	2122.854517	5.064926	0.000123	109.522229	2.7
131	2029.996978	5.055966	0.000123	135.868155	2.7
132	2055.382467	5.047920	0.000123	136.883297	2.6
133	2197.243191	5.037627	0.000123	110.028429	2.4
134	2161.164596	5.043450	0.000123	126.895520	2.4
135	2144.869130	5.033605	0.000123	207.030891	2.4
136	2141.502291	5.205944	0.000122	100.706019	3.9
137	2151.008272	5.220210	0.000122	93.114903	2.2
138	2180.589054	5.218109	0.000122	96.193085	2.2
139	2214.205736	5.214005	0.000122	192.027491	2.3
140	2195.187023	5.204658	0.000122	199.919827	2.5
141	2144.739974	6.071800	0.000118	125.414531	2.5
142	2204.988701	6.178309	0.000118	120.988148	2.4
143	2220.366624	6.171662	0.000118	86.796471	2.4
144	2265.991559	6.168727	0.000118	148.103862	2.4
145	2092.895330	6.163728	0.000118	170.464983	3.2
146	2131.692659	6.396705	0.000117	104.867876	2.3
147	2160.418123	6.462668	0.000117	216.234428	2.3
148	2034.073944	6.475461	0.000117	163.384318	2.2
149	2195.343670	6.909830	0.000115	115.700236	2.2
150	2116.870126	6.971562	0.000114	80.516775	4.3
151	2152.182776	6.962522	0.000115	105.362791	4.2
152	2155.704729	6.956324	0.000115	113.360159	4.3
153	2115.204253	6.956100	0.000115	72.803249	4.0
154	2152.735482	6.948847	0.000115	202.507074	3.2
155	2162.407510	6.943267	0.000115	98.354499	3.4
156	2161.283330	7.000135	0.000114	103.857382	3.1
157	2187.531853	6.997747	0.000114	105.080113	2.5
158	2189.330895	6.997540	0.000114	80.601023	2.4
159	2098.850307	6.989760	0.000114	87.049453	2.5
160	2214.838981	6.983369	0.000114	100.841297	2.5
161	2155.856950	6.975151	0.000114	87.699188	2.2
162	2216.196430	6.968258	0.000114	183.487574	2.2
163	2280.892231	6.979486	0.000114	100.620672	2.2
164	2197.323465	7.026010	0.000114	160.849248	2.2
165	2178.632939	7.028826	0.000114	187.337727	2.1
166	2132.467740	7.545132	0.000112	110.105028	2.1
167	2144.944240	7.534810	0.000112	66.032113	2.0
168	2216.314047	7.527964	0.000112	72.368497	2.0
169	2210.473633	7.520780	0.000112	114.003252	2.0
170	2114.481280	7.513436	0.000112	159.054617	2.0
171	2070.679196	7.512346	0.000112	179.079330	2.0
172	2185.454359	7.639232	0.000112	98.467254	2.1
173	2147.620842	7.639062	0.000112	89.779416	2.0
174	2092.344947	7.631696	0.000112	81.546530	2.0
175	2116.883621	7.624455	0.000112	83.883717	2.0
176	2155.850570	7.616368	0.000112	121.476261	1.9
177	2046.480072	7.614529	0.000112	108.120566	1.9
178	2075.901901	7.613831	0.000112	93.582367	1.9
179	2091.213957	7.604285	0.000112	203.087700	2.0
180	2173.533684	7.607135	0.000112	175.251703	4.4
181	2179.901125	8.273057	0.000109	94.706406	4.4
182	2206.089715	8.298388	0.000109	75.639071	3.9
183	2174.748367	8.291427	0.000109	100.657501	3.2
184	2114.045578	8.285080	0.000109	117.942535	2.3
185	2216.863655	8.276367	0.000109	108.025826	2.4
186	2230.085417	8.284883	0.000109	89.816032	4.4
187	2119.383971	8.283138	0.000109	120.369008	4.3
188	2118.287793	8.277941	0.000109	124.925263	4.3
189	2058.817331	8.280114	0.000109	97.133161	4.3
190	2088.764228	8.279839	0.000109	203.796810	4.2
191	2238.084218	8.275894	0.000109	89.867824	3.1
192	2086.353200	8.266109	0.000109	104.439102	3.2
193	2124.708942	8.256835	0.000109	278.157433	3.3
194	2191.546164	8.403423	0.000109	144.916855	2.6
195	2173.897153	9.319761	0.000106	235.141168	2.7
196	2170.355318	9.943941	0.000103	145.551650	2.7
197	2169.590728	10.749365	0.000101	103.515696	2.7
198	2028.441207	10.759392	0.000101	150.347009	6.0
199	2128.415464	10.749349	0.000101	113.629572	4.3
200	2166.660212	10.762283	0.000101	121.308711	4.2
201	2045.620177	10.757948	0.000101	109.698511	4.2
202	2127.707880	10.768354	0.000101	94.387774	3.2
203	2110.003428	10.759913	0.000101	123.653960	3.3
204	2145.045944	10.753693	0.000101	111.398938	3.2
205	2112.960487	10.743718	0.000101	103.037050	3.1
206	2229.675429	10.741226	0.000101	87.403120	3.4
207	2196.842800	10.736449	0.000101	76.705369	3.0
208	2104.364460	10.729164	0.000101	136.790620	2.7
209	2067.702340	10.720191	0.000101	111.644227	2.9
210	2018.256935	10.710940	0.000101	177.387332	2.8
211	2136.520780	10.728486	0.000101	205.188172	2.7
212	2178.983135	11.093519	0.000100	242.898150	2.3
213	2136.187823	12.083910	0.000097	108.262055	3.1
214	2042.855055	12.112305	0.000097	98.449792	2.3
215	2155.324582	12.103065	0.000097	113.173793	2.4
216	2205.025387	12.093332	0.000097	89.588881	2.3
217	2191.474575	12.087943	0.000097	124.999375	2.3
218	2125.221588	12.085832	0.000097	110.146239	2.3
219	2007.642969	12.096281	0.000097	83.193505	2.5
220	2201.119507	12.092860	0.000097	72.472557	2.3
221	2135.219277	12.086452	0.000097	82.285720	2.2
222	2108.800325	12.079441	0.000097	85.722904	2.1
223	2039.954586	12.071777	0.000097	134.255082	2.2
224	2146.439951	12.064187	0.000097	166.790456	3.8
225	2032.860179	12.073675	0.000097	110.325365	4.6
226	2160.259604	12.072400	0.000097	167.021780	4.8
227	2192.607738	12.062137	0.000097	113.247104	3.4
228	2164.508155	12.132855	0.000097	120.173603	1.9
229	2092.366998	12.122794	0.000097	150.255769	2.4
230	2158.883230	12.160508	0.000097	77.679237	2.3
231	2066.261246	12.152980	0.000097	152.491551	4.4
232	2116.494895	12.146322	0.000097	279.064626	4.5
233	2136.422416	12.767841	0.000095	119.606904	4.0
234	2190.238391	12.757443	0.000095	92.114121	4.0
235	2138.873351	12.755454	0.000095	151.335629	3.5
236	2127.895027	12.745958	0.000095	97.970141	3.3
237	2074.895562	12.736132	0.000095	85.286058	3.4
238	2194.151740	12.728895	0.000095	94.074350	4.2
239	2282.191721	12.722790	0.000095	120.735919	4.3
240	2073.271174	12.717558	0.000095	116.705045	3.9
241	2055.589411	12.707840	0.000095	156.418764	3.1
242	2054.327350	12.697717	0.000095	112.721354	3.2
243	2069.530288	12.754253	0.000095	86.603829	3.0
244	2171.289662	12.747380	0.000095	99.687414	2.7
245	2114.685526	12.745644	0.000095	90.777719	2.7
246	2114.976296	12.739669	0.000095	103.766611	2.7
247	2166.894585	12.733379	0.000095	77.559001	2.5
248	2076.336374	12.724635	0.000095	121.506963	2.4
249	2153.169827	12.720960	0.000095	115.307946	2.4
250	2140.329240	12.711025	0.000095	94.705301	2.4
251	2080.927789	12.711570	0.000095	102.910674	2.3
252	2055.856020	12.702321	0.000095	138.142785	2.1
253	2150.123092	12.712232	0.000095	93.394331	2.2
254	2155.089269	12.721922	0.000095	105.477049	2.3
255	2132.940553	12.723980	0.000095	94.686116	2.4
256	2218.056742	12.714958	0.000095	88.078602	4.5
257	1978.853745	12.708389	0.000095	98.893443	4.5
258	2042.696619	12.704670	0.000095	106.054787	3.5
259	2144.269396	12.708531	0.000095	97.646439	3.7
260	2104.804826	12.705877	0.000095	199.048733	4.5
261	2116.331372	12.739021	0.000095	224.967674	5.1
262	2140.180178	13.727244	0.000092	120.334648	4.4
263	2073.454654	13.841554	0.000092	120.349666	3.8
264	2121.019183	13.874684	0.000092	113.243891	3.8
265	2128.968693	13.882469	0.000092	78.434030	3.5
266	2091.444769	13.874996	0.000092	99.371303	2.9
267	2152.900849	13.868510	0.000092	101.155461	3.1
268	2170.832681	13.859732	0.000092	136.764960	2.9
269	2120.707654	13.850398	0.000092	178.108032	3.0
270	2133.532825	13.900393	0.000092	94.682274	3.8
271	2105.988540	13.890312	0.000092	153.264828	8.0
272	2138.973309	13.880708	0.000092	173.686284	3.1
273	2092.623784	13.886209	0.000092	138.618425	4.2
274	1997.365881	13.875922	0.000092	148.108600	2.8
275	2145.043378	14.004168	0.000091	100.149143	2.7
276	2095.254429	14.029635	0.000091	65.370929	3.1
277	2068.073730	14.024915	0.000091	88.547191	4.1
278	2115.782842	14.017396	0.000091	108.891697	3.2
279	2144.214950	14.014161	0.000091	130.132755	4.0
280	2155.609115	14.004492	0.000091	77.334334	4.3
281	2194.078126	14.000376	0.000091	183.684334	4.5
282	2145.099060	13.990971	0.000092	151.845592	2.0
283	2112.083112	14.520175	0.000090	113.199419	1.9
284	2187.979872	14.548896	0.000090	111.241242	4.0
285	2092.110979	14.538943	0.000090	82.782914	3.6
286	2039.353624	14.530056	0.000090	165.195040	2.3
287	2084.971384	14.531734	0.000090	68.596103	5.8
288	2032.904242	14.524624	0.000090	80.017730	2.6
289	1982.564131	14.519389	0.000090	106.354031	2.7
290	2060.418112	14.515841	0.000090	70.129451	15.5
291	2130.048456	14.508099	0.000090	90.190990	4.2
292	2010.600319	14.501707	0.000090	109.288260	4.0
293	2046.753451	14.504431	0.000090	137.636129	5.2
294	2037.487984	14.495334	0.000090	90.850648	4.0
295	2078.569217	14.485475	0.000090	165.356012	3.3
296	2053.119378	14.502723	0.000090	96.482003	3.3
297	2167.744375	14.516440	0.000090	171.645088	3.3
298	2040.887927	14.553529	0.000090	166.090761	3.2
299	2004.296607	14.901638	0.000089	110.778649	1.9
300	2061.448474	14.891354	0.000089	161.497113	2.2
301	2158.517430	14.932479	0.000089	90.803944	3.8
302	2101.471122	14.923360	0.000089	173.568454	4.0
303	2063.408108	14.931078	0.000089	94.453301	3.5
304	2081.904181	14.922855	0.000089	169.670556	3.5
305	2081.203894	14.925529	0.000089	103.625435	3.8
306	2073.093800	14.952977	0.000089	80.668821	3.1
307	2020.875265	14.946296	0.000089	80.669927	3.7
308	2098.423894	14.938652	0.000089	90.751398	2.9
309	1999.480499	14.935738	0.000089	66.536777	3.3
310	2004.469178	14.929454	0.000089	104.680553	4.1
311	2113.208525	14.923710	0.000089	74.594200	3.4
312	2062.307742	14.918698	0.000089	77.036882	3.4
313	2019.084236	14.914343	0.000089	136.549170	4.1
314	1914.283224	14.905396	0.000089	124.489790	4.5
315	2064.887790	14.895319	0.000089	226.418978	4.3
316	2020.799976	15.252955	0.000088	72.936626	4.1
317	2092.505415	15.255497	0.000088	97.693088	4.0
318	2028.569741	15.247317	0.000088	157.139925	4.1
319	2018.213946	15.277144	0.000088	207.745693	4.6
320	2141.705357	15.289916	0.000088	118.457005	4.5
321	2076.540232	15.279544	0.000088	84.325609	4.6
322	2192.495721	15.273289	0.000088	137.889867	4.5
323	2119.223862	15.283207	0.000088	107.977684	4.6
324	2185.789867	15.289975	0.000088	108.623989	3.8
325	2121.403524	15.280277	0.000088	97.716764	2.3
326	2136.619240	15.276859	0.000088	94.958955	1.9
327	2050.214216	15.271621	0.000088	117.412675	7.2
328	2083.161031	15.276212	0.000088	72.786249	2.2
329	2124.478982	15.270904	0.000088	129.688307	2.2
330	2087.492184	15.263016	0.000088	126.393929	2.4
331	2112.039516	15.327782	0.000088	88.535708	2.5
332	2043.128608	15.319191	0.000088	109.872970	2.6
333	2093.089768	15.312944	0.000088	104.567485	4.2
334	1998.134823	15.303455	0.000088	158.187143	4.5
335	2061.220481	15.332401	0.000088	75.576595	2.7
336	2107.468274	15.332158	0.000088	140.284397	2.7
337	2120.563514	15.323244	0.000088	88.495820	3.3
338	2104.723727	15.327036	0.000088	221.827417	3.6
339	2068.393582	15.317510	0.000088	88.259559	3.7
340	2124.777343	15.311518	0.000088	86.198926	4.6
341	2061.093700	15.308273	0.000088	72.982739	5.1
342	2015.165405	15.303600	0.000088	158.645353	4.4
343	2026.343421	15.297674	0.000088	83.252070	4.6
344	2111.015386	15.305038	0.000088	114.381161	4.3
345	2004.946748	15.303156	0.000088	69.469360	4.1
346	2139.570345	15.295177	0.000088	101.696606	3.9
347	2006.555487	15.286981	0.000088	137.527859	2.9
348	2219.161157	15.302155	0.000088	75.700336	2.9
349	2024.784075	15.293805	0.000088	88.868031	3.0
350	1992.380844	15.285483	0.000088	100.555792	2.8
351	2046.129233	15.277805	0.000088	86.122107	2.7
352	2010.704023	15.277957	0.000088	92.627561	2.7
353	2036.512060	15.277097	0.000088	74.013103	2.8
354	2052.216279	15.274055	0.000088	65.593776	3.4
355	2083.437778	15.268243	0.000088	97.442117	4.3
356	2023.982119	15.260579	0.000088	113.632004	4.1
357	2065.295957	15.263566	0.000088	104.834862	2.7
358	2037.094293	15.270158	0.000088	173.369176	2.6
359	1916.340273	15.329264	0.000088	126.241282	2.6
360	2108.641396	15.573907	0.000088	170.833273	3.0
361	2062.237727	15.563750	0.000088	60.065650	3.3
362	2088.960754	15.559293	0.000088	244.477372	6.3
363	2077.613720	15.551359	0.000088	218.279173	2.9
364	2121.377865	16.550165	0.000085	70.554101	2.8
365	2144.149849	16.562696	0.000085	126.136941	2.8
366	2029.910686	16.553918	0.000085	76.758931	2.8
367	2040.790376	16.549489	0.000085	86.038956	2.8
368	2036.086561	16.545951	0.000085	85.350425	2.8
369	2124.420594	16.538375	0.000085	86.296038	2.3
370	2059.988655	16.536295	0.000085	88.350052	2.2
371	2046.315706	16.527498	0.000085	135.684265	2.1
372	2056.521123	16.535396	0.000085	124.319654	2.3
373	2081.212813	16.557565	0.000085	112.557449	2.5
374	2062.358447	16.548185	0.000085	66.687441	3.8
375	2043.971016	16.545162	0.000085	76.099821	3.2
376	2058.307124	16.537700	0.000085	71.411475	2.5
377	2112.109309	16.530290	0.000085	74.764072	3.3
378	2075.784826	16.524847	0.000085	79.849266	4.8
379	2093.761600	16.520623	0.000085	117.249196	5.4
380	2015.875193	16.516362	0.000085	97.040563	3.0
381	2128.983785	16.506760	0.000085	76.961582	2.7
382	2086.673470	16.499395	0.000085	149.729651	3.0
383	2010.510216	16.501054	0.000085	151.571675	4.7
384	1966.178425	16.495306	0.000085	135.015940	4.0
385	2138.816907	16.685590	0.000085	77.837307	3.1
386	1987.044986	16.688688	0.000085	127.443399	3.2
387	2123.647976	16.679789	0.000085	92.207420	3.0
388	2112.448754	16.672994	0.000085	100.060176	2.5
389	1969.562267	16.669228	0.000085	67.310070	2.6
390	2119.637633	16.661743	0.000085	102.922883	2.5
391	1945.429282	16.656085	0.000085	114.508501	2.3
392	2215.076444	16.650727	0.000085	121.114010	2.1
393	2091.587995	16.641573	0.000085	75.082589	2.1
394	2050.624033	16.634816	0.000085	163.316444	2.1
395	2060.951515	16.626152	0.000085	159.084122	2.1
396	1956.315845	16.620829	0.000085	88.548836	2.4
397	2103.448180	16.619097	0.000085	69.133406	1.9
398	2051.150646	16.612000	0.000085	78.245710	1.9
399	2089.690709	16.604575	0.000085	95.179071	1.9
400	1941.962234	16.600564	0.000085	86.220461	1.8
401	2107.963078	16.592048	0.000085	90.818942	1.8
402	2095.817320	16.592531	0.000085	66.870403	1.8
403	2091.578819	16.587238	0.000085	89.827649	1.9
404	2108.095043	16.581349	0.000085	93.019614	1.8
405	2058.824057	16.572235	0.000085	177.365469	1.8
406	2072.395111	16.591204	0.000085	103.128327	1.9
407	2040.430121	16.580950	0.000085	142.556215	2.0
408	1982.205044	16.620427	0.000085	83.100766	2.0
409	2018.516050	16.619532	0.000085	120.328752	2.0
410	2060.389733	16.610195	0.000085	97.381335	2.0
411	1985.053041	16.626184	0.000085	84.149886	2.0
412	2044.468865	16.617974	0.000085	69.564579	3.6
413	2038.668168	16.610501	0.000085	88.720190	4.9
414	2104.623910	16.602543	0.000085	113.231669	3.8
415	2042.241700	16.606173	0.000085	82.553824	3.7
416	2011.812385	16.596913	0.000085	66.412863	3.6
417	2094.618569	16.589866	0.000085	108.321271	2.7
418	2028.588701	16.585892	0.000085	66.579796	4.3
419	1980.759844	16.579879	0.000085	75.468182	2.6
420	2005.634267	16.573005	0.000085	105.890600	2.4
421	2009.989171	16.564665	0.000085	72.907301	4.6
422	1981.654696	16.556104	0.000085	96.537712	3.1
423	2014.954623	16.552042	0.000085	103.942336	2.7
424	1961.916340	16.547164	0.000085	84.537019	2.6
425	2034.974778	16.545497	0.000085	90.304211	2.9
426	2037.697588	16.541969	0.000085	99.437421	3.2
427	2018.404134	16.536091	0.000085	83.453160	3.5
428	1997.764359	16.533284	0.000085	113.412145	3.5
429	2092.074899	16.532472	0.000085	83.971472	3.3
430	2010.875566	16.526643	0.000085	108.077541	2.8
431	2007.204395	16.521313	0.000085	144.428526	2.8
432	2045.115916	16.517031	0.000085	88.407608	3.6
433	2021.379363	16.507416	0.000085	185.667506	4.5
434	2085.326017	16.530462	0.000085	65.158336	4.1
435	2054.211571	16.522467	0.000085	80.563775	4.2
436	2029.517432	16.515235	0.000085	193.435425	8.5
437	2070.161782	16.534273	0.000085	90.301051	4.5
438	2082.587897	16.550931	0.000085	62.983397	4.5
439	2084.413740	16.546572	0.000085	62.229954	6.3
440	2103.795957	16.540398	0.000085	226.961237	2.9
441	2042.837753	16.538555	0.000085	181.581558	3.2
442	2008.253230	16.636274	0.000085	149.298696	3.3
443	2132.565986	17.135400	0.000084	71.825117	4.8
444	1932.291785	17.126011	0.000084	96.526185	4.5
445	1957.437175	17.119717	0.000084	68.810501	4.4
446	2056.256475	17.111632	0.000084	82.266370	3.6
447	2012.782831	17.103763	0.000084	94.916011	4.0
448	2112.226479	17.103072	0.000084	79.905545	3.2
449	2079.507579	17.103105	0.000084	77.257238	3.0
450	2076.368322	17.095068	0.000084	79.912318	2.9
451	2014.344889	17.088686	0.000084	105.656672	3.0
452	2087.799848	17.080152	0.000084	129.362689	2.8
453	1989.131313	17.105317	0.000084	70.308948	3.4
454	2021.287450	17.104836	0.000084	72.261308	3.8
455	2026.124537	17.097549	0.000084	144.050665	3.2
456	1954.248730	17.089140	0.000084	85.263680	3.3
457	1953.139213	17.085060	0.000084	104.083219	3.9
458	2060.477133	17.089011	0.000084	114.804837	2.9
459	2024.544852	17.079401	0.000084	153.309116	3.0
460	2023.324171	17.187610	0.000084	117.576740	2.9
461	1989.600010	17.177844	0.000084	80.293681	2.7
462	2024.599819	17.173895	0.000084	95.558268	3.4
463	1998.987067	17.169663	0.000084	121.568270	4.9
464	1956.084183	17.171661	0.000084	81.164180	2.6
465	1952.551182	17.162232	0.000084	108.239345	5.7
466	1984.045385	17.153716	0.000084	124.643450	4.3
467	2003.416475	17.189694	0.000084	97.006435	5.1
468	2037.994434	17.187731	0.000084	103.233399	4.0
469	1952.635336	17.189363	0.000084	83.297626	3.9
470	2051.750895	17.181398	0.000084	77.772306	4.6
471	2106.420918	17.173215	0.000084	81.229482	4.5
472	1902.738524	17.166821	0.000084	105.580444	4.5
473	1982.629536	17.170715	0.000084	110.721491	4.1
474	2011.293045	17.161783	0.000084	159.051338	3.8
475	1957.585458	17.248824	0.000084	147.688017	3.5
476	2020.736368	17.385205	0.000083	110.958343	3.3
477	2060.418051	17.440935	0.000083	65.844035	3.2
478	1964.787201	17.436463	0.000083	130.149861	3.4
479	2039.193827	17.431128	0.000083	173.303394	2.9
480	2025.268575	17.421708	0.000083	175.769848	2.8
481	2037.456185	18.045499	0.000082	121.241978	2.9
482	1986.926175	18.035182	0.000082	90.194846	2.2
483	2058.797317	18.036827	0.000082	77.605806	2.2
484	1944.516034	18.032280	0.000082	127.339529	2.2
485	2091.141627	18.034744	0.000082	130.836713	4.6
486	1988.647942	18.047170	0.000082	141.313481	2.1
487	2028.588777	18.037811	0.000082	167.070163	4.4
488	1973.384544	18.098428	0.000082	98.360737	4.5
489	2106.620066	18.088270	0.000082	184.615757	4.3
490	2028.842756	18.093565	0.000082	79.609345	4.1
491	1975.773501	18.090557	0.000082	124.951473	4.0
492	1946.517302	18.085639	0.000082	78.218095	4.2
493	1999.706034	18.078635	0.000082	148.850658	3.4
494	2025.293331	18.069497	0.000082	161.036072	3.1
495	1987.526553	18.194723	0.000082	78.358061	4.4
496	2024.427651	18.209834	0.000082	109.971852	4.5
497	2006.077593	18.201047	0.000082	104.822699	4.6
498	2038.575757	18.194668	0.000082	91.064130	4.0
499	2034.555078	18.190509	0.000082	89.098076	3.8
500	2023.375339	18.188578	0.000082	176.230578	2.0
501	1930.297900	18.229492	0.000082	86.156525	4.8
502	1979.340182	18.219479	0.000082	129.172135	4.7
503	1922.130954	18.231540	0.000082	69.165712	4.6
504	2101.859835	18.234717	0.000082	93.455127	4.4
505	1915.663184	18.231156	0.000082	127.905958	4.3
506	2009.133413	18.236621	0.000082	137.487181	2.1
507	2079.863722	18.332266	0.000081	178.046663	2.4
508	2011.851269	18.321900	0.000081	73.809549	3.8
509	2004.784749	18.323052	0.000081	161.708593	2.5
510	2026.990954	18.314227	0.000081	76.633483	2.4
511	2026.055189	18.304998	0.000081	97.645892	2.5
512	2114.526082	18.297304	0.000081	102.620277	6.0
513	2058.873531	18.296323	0.000081	66.855449	2.5
514	2024.020286	18.289260	0.000082	72.756436	2.5
515	2052.375898	18.283470	0.000082	69.920883	2.5
516	2033.830087	18.277004	0.000082	89.562658	5.8
517	2047.164107	18.273537	0.000082	67.051118	4.5
518	2067.729984	18.271001	0.000082	90.764531	3.6
519	2038.002686	18.268855	0.000082	61.783331	3.6
520	2073.919758	18.263587	0.000082	69.757529	3.9
521	2035.437082	18.257260	0.000082	223.101395	3.3
522	1990.615365	18.249087	0.000082	152.315896	3.5
523	2046.351412	19.081917	0.000080	138.924939	3.0
524	2052.993023	19.071687	0.000080	154.867440	3.0
525	2103.730904	19.325190	0.000079	105.164195	5.0
526	1939.877838	19.326050	0.000079	83.784100	2.7
527	1879.714769	19.317054	0.000079	74.195729	2.7
528	1943.322423	19.310803	0.000079	91.603295	2.7
529	2008.213345	19.307926	0.000079	84.181765	2.7
530	2036.181501	19.303549	0.000079	99.834776	3.2
531	1997.455043	19.311503	0.000079	134.619292	5.0
532	2015.632510	19.334150	0.000079	96.637588	4.5
533	1974.737724	19.332868	0.000079	64.506435	4.5
534	2080.052301	19.325632	0.000079	120.301010	5.7
535	1977.017633	19.322439	0.000079	97.528219	4.0
536	1968.716416	19.314791	0.000079	69.082041	6.5
537	1949.285714	19.310446	0.000079	72.180691	5.7
538	2041.881805	19.303920	0.000079	77.836247	4.8
539	1853.192342	19.298088	0.000079	79.531170	5.8
540	1951.140798	19.292798	0.000079	97.831273	4.8
541	1970.720958	19.293165	0.000079	66.654627	5.0
542	2110.137887	19.285588	0.000079	115.949101	5.0
543	1953.239980	19.278019	0.000080	200.610445	4.5
544	1993.951351	19.400537	0.000079	95.973755	5.2
545	1991.653730	19.543640	0.000079	67.620289	5.0
546	2007.277574	19.541330	0.000079	82.950647	3.9
547	2049.037512	19.536795	0.000079	77.133855	4.3
548	1946.319351	19.530981	0.000079	68.845794	3.6
549	1999.836740	19.525640	0.000079	86.065856	2.9
550	2059.551137	19.519980	0.000079	75.955678	3.4
551	2067.867771	19.517265	0.000079	82.144825	4.5
552	1949.865902	19.516669	0.000079	65.917302	3.7
553	2016.104062	19.511688	0.000079	75.744377	3.2
554	2032.897407	19.504898	0.000079	338.420566	3.2
555	2122.841792	19.661295	0.000079	95.505147	3.2
556	1979.231429	20.258318	0.000078	109.469045	3.2
557	2000.047683	20.248870	0.000078	91.727166	4.2
558	2060.743781	20.248145	0.000078	69.965656	4.5
559	2046.375814	20.243413	0.000078	200.353647	4.4
560	1968.725987	20.235321	0.000078	71.219609	3.6
561	1974.550262	20.226588	0.000078	93.416561	4.4
562	1969.057015	20.222347	0.000078	88.140466	4.2
563	1981.632349	20.216666	0.000078	98.543560	5.2
564	2014.863266	20.210528	0.000078	92.291061	4.7
565	1943.969693	20.206064	0.000078	64.361449	3.8
566	2062.397084	20.199540	0.000078	120.892594	5.1
567	2051.420655	20.192570	0.000078	87.009104	4.0
568	1971.235636	20.204997	0.000078	84.720657	3.9
569	2074.290436	20.196637	0.000078	224.376266	5.6
570	2000.524030	20.210707	0.000078	98.622730	5.1
571	1951.644319	20.318061	0.000078	123.713392	4.9
572	1985.495867	20.308218	0.000078	95.278484	4.1
573	2031.635060	20.326822	0.000077	153.702274	3.6
574	2046.466799	20.381564	0.000077	102.274436	3.6
575	2055.623649	20.463722	0.000077	79.540548	3.7
576	2049.065054	20.455009	0.000077	89.349860	4.6
577	2043.428174	20.448901	0.000077	156.951644	3.1
578	2000.746362	20.452219	0.000077	58.677221	3.9
579	2118.084723	20.446080	0.000077	101.697973	5.3
580	2008.248808	20.439078	0.000077	107.214648	5.6
581	2029.990168	20.429468	0.000077	84.180429	5.4
582	1977.133936	20.429529	0.000077	59.363125	4.3
583	1978.639603	20.423527	0.000077	97.941845	4.3
584	1974.489154	20.416731	0.000077	69.276395	4.7
585	1966.257274	20.413330	0.000077	85.235173	4.7
586	2065.145341	20.406603	0.000077	102.391171	4.9
587	1978.254262	20.399059	0.000077	92.336400	4.8
588	1846.648562	20.405164	0.000077	134.178365	3.8
589	1953.322410	20.397625	0.000077	99.364953	3.7
590	1976.858495	20.434103	0.000077	140.602089	3.6
591	2048.945391	20.424650	0.000077	121.489256	2.8
592	1981.809820	20.497372	0.000077	74.317677	2.7
593	2020.897598	20.493248	0.000077	111.713638	2.8
594	1993.140897	20.496988	0.000077	165.922593	3.0
595	1983.274661	20.486693	0.000077	99.467393	2.6
596	2048.056634	20.573059	0.000077	67.248614	4.3
597	1918.043692	20.565883	0.000077	97.515205	4.2
598	2007.183518	20.563813	0.000077	103.212274	4.3
599	2008.096222	20.574637	0.000077	91.046787	3.8
600	2050.248769	20.567059	0.000077	122.011035	5.0
601	2023.763034	20.571508	0.000077	108.067104	3.2
602	2075.315341	20.595833	0.000077	90.575083	3.2
603	1952.545494	20.598182	0.000077	62.108865	3.0
604	1987.137932	20.595214	0.000077	173.872160	2.9
605	2008.378984	20.586441	0.000077	211.142717	2.7
606	2054.559664	21.468036	0.000075	80.902708	2.1
607	2044.517004	21.471712	0.000075	136.122569	2.0
608	1994.781608	21.464175	0.000075	144.058364	2.1
609	2027.168951	21.477184	0.000075	76.236257	1.9
610	1979.487115	21.471260	0.000075	146.291240	2.1
611	1970.252198	21.478698	0.000075	117.363663	2.3
612	1940.745159	21.591870	0.000075	71.752918	2.1
613	2086.458772	21.587142	0.000075	146.930861	2.1
614	1987.500975	21.580300	0.000075	138.753429	2.2
615	1991.754326	21.626095	0.000075	99.508868	1.8
616	1992.871848	21.616181	0.000075	61.961133	1.8
617	1904.507298	21.611568	0.000075	74.446855	2.4
618	2071.415338	21.606664	0.000075	63.620301	1.8
619	2010.778459	21.602024	0.000075	90.906971	6.5
620	1961.470018	21.597964	0.000075	152.389491	8.5
621	1972.423729	21.597839	0.000075	66.286178	2.3
622	1917.927114	21.601907	0.000075	96.172981	2.2
623	1917.763312	21.594546	0.000075	60.733380	3.1
624	1971.804886	21.589890	0.000075	87.794101	2.7
625	1994.255210	21.585696	0.000075	86.265874	5.3
626	1977.147801	21.584065	0.000075	84.715080	3.4
627	1985.498544	21.586556	0.000075	84.850609	3.4
628	1975.860457	21.586711	0.000075	69.666431	3.8
629	1952.401740	21.581445	0.000075	73.473907	2.4
630	2101.589984	21.577597	0.000075	89.102049	2.4
631	1969.845269	21.572241	0.000075	105.328090	2.4
632	1976.649100	21.563215	0.000075	155.121249	2.4
633	1990.347198	21.592653	0.000075	85.843555	2.1
634	2112.236823	21.585959	0.000075	64.777846	2.1
635	1863.141517	21.581526	0.000075	99.799664	2.1
636	2063.788729	21.575293	0.000075	164.104952	2.0
637	1980.844718	21.664236	0.000075	65.275194	2.0
638	1933.869664	21.660784	0.000075	136.423368	1.9
639	1965.290420	21.654649	0.000075	108.566300	1.8
640	1867.946900	21.701998	0.000075	103.089338	1.8
641	2000.154429	21.692249	0.000075	93.742968	1.8
642	1909.098646	21.682787	0.000075	124.426040	1.8
643	2008.317433	21.705801	0.000075	79.045823	1.9
644	2000.962626	21.696396	0.000075	85.206529	1.9
645	1931.818457	21.688756	0.000075	67.150671	2.1
646	1994.069676	21.682142	0.000075	111.520358	5.7
647	1988.176620	21.674132	0.000075	77.187537	2.3
648	2013.846244	21.666081	0.000075	106.955472	5.2
649	1897.080101	21.659832	0.000075	130.511812	7.7
650	1956.619868	21.692415	0.000075	87.276939	2.9
651	1940.848268	21.695228	0.000075	161.656802	2.8
652	1985.110602	21.685326	0.000075	123.603465	3.4
653	2016.651913	21.675009	0.000075	124.553877	3.3
654	2030.318042	21.745205	0.000075	125.919725	3.0
655	1972.665353	21.745169	0.000075	127.109111	2.5
656	1980.313667	21.748509	0.000075	179.536332	2.4
657	1921.770853	21.785000	0.000075	70.050746	4.2
658	1966.273386	21.776003	0.000075	84.902074	2.6
659	1959.056532	21.769190	0.000075	62.561463	2.6
660	1989.275482	21.764144	0.000075	70.502174	2.6
661	1999.572098	21.758234	0.000075	126.706992	5.9
662	2095.063425	21.750549	0.000075	209.591363	2.8
663	1959.477005	21.740163	0.000075	137.102584	2.2
664	1967.054654	22.303839	0.000074	87.974290	1.9
665	2004.642660	22.304201	0.000074	67.127832	3.9
666	1945.227440	22.296389	0.000074	188.101042	3.2
667	1985.651182	22.287105	0.000074	68.391313	2.3
668	2011.297223	22.277673	0.000074	82.166673	4.5
669	2023.928125	22.274656	0.000074	94.600578	1.8
670	2070.445921	22.266992	0.000074	138.044615	6.8
671	2129.986869	22.257006	0.000074	79.022668	3.8
672	1980.874118	22.252081	0.000074	116.586140	2.4
673	2010.451196	22.246355	0.000074	102.533175	2.7
674	1937.507058	22.237236	0.000074	101.430840	6.3
675	1977.494929	22.253040	0.000074	87.102918	2.6
676	1911.232890	22.258207	0.000074	106.074201	2.4
677	1921.310878	22.249616	0.000074	205.722055	1.9
678	1965.643054	22.402016	0.000074	142.741076	6.1
679	1972.377374	23.173730	0.000072	82.913360	2.3
680	1942.754696	23.196169	0.000072	113.020232	4.6
681	1911.825983	23.187427	0.000072	129.467037	2.3
682	1960.136039	23.209631	0.000072	106.274770	7.7
683	1993.074542	23.270139	0.000072	111.215691	4.6
684	1937.739626	23.263741	0.000072	66.393070	4.5
685	2019.241558	23.262359	0.000072	61.951890	4.6
686	1887.640741	23.255872	0.000072	124.222045	4.3
687	1901.427212	23.256768	0.000072	53.785731	4.8
688	1995.088986	23.251606	0.000072	78.845027	4.3
689	2098.121478	23.245421	0.000072	116.387655	4.1
690	1827.994622	23.241384	0.000072	149.840688	4.0
691	2001.820749	23.317367	0.000072	63.475246	4.1
692	1957.324146	23.315777	0.000072	159.267678	3.6
693	1949.036797	23.312108	0.000072	99.672935	3.6
694	1927.378169	23.397845	0.000072	65.212489	3.3
695	1873.928287	23.390004	0.000072	88.510765	2.9
696	1909.154267	23.383257	0.000072	59.112296	2.7
697	1969.307589	23.379393	0.000072	108.058690	5.5
698	1992.011045	23.372207	0.000072	122.795942	5.0
699	1928.564737	23.381792	0.000072	91.145919	4.2
700	1936.170351	23.386022	0.000072	106.189150	3.9
701	2026.907272	23.390135	0.000072	75.154410	4.0
702	1818.795672	23.382790	0.000072	70.822519	3.7
703	2048.408460	23.377649	0.000072	102.253502	3.1
704	1967.308134	23.378338	0.000072	84.580391	3.1
705	1969.769758	23.384574	0.000072	241.015371	3.0
706	2051.197426	23.374903	0.000072	99.196754	3.4
707	2082.205002	23.364743	0.000072	221.257172	2.8
708	1942.363509	23.427685	0.000072	94.130622	4.0
709	1835.924637	23.555546	0.000072	53.736237	5.0
710	1968.667321	23.549027	0.000072	72.112090	2.5
711	1950.239339	23.544427	0.000072	122.148302	2.2
712	1970.131245	23.538357	0.000072	66.943976	3.4
713	1932.630960	23.531786	0.000072	83.392812	4.0
714	1954.433586	23.528181	0.000072	61.534019	1.9
715	2005.209017	23.521644	0.000072	72.560127	2.1
716	1994.143958	23.515745	0.000072	107.649083	4.1
717	1905.760579	23.515654	0.000072	100.113884	6.1
718	1966.619889	23.505966	0.000072	109.120343	3.0
719	1944.943922	23.525688	0.000072	78.136281	2.9
720	2005.304065	23.518621	0.000072	65.246435	2.4
721	1887.829339	23.515803	0.000072	75.212317	2.3
722	1939.783285	23.508483	0.000072	117.075864	4.4
723	1931.620349	23.503317	0.000072	82.626292	5.4
724	1932.281114	23.498823	0.000072	224.972694	4.5
725	1912.698684	23.504930	0.000072	203.157806	4.4
726	1928.725001	24.415098	0.000071	197.429373	3.6
727	2012.550397	24.707727	0.000070	109.347703	3.6
728	1876.258299	24.847570	0.000070	122.100332	3.4
729	1934.154037	24.837897	0.000070	100.933176	3.0
730	1965.676307	24.830201	0.000070	70.255258	3.0
731	1930.385191	24.825895	0.000070	149.974797	2.9
732	1843.297008	24.817455	0.000070	234.520198	3.7
733	1917.314119	25.703102	0.000069	118.659065	4.8
734	1935.414978	25.692711	0.000069	91.892577	2.4
735	1808.108095	25.687166	0.000069	67.839625	3.3
736	1856.646220	25.682656	0.000069	135.622230	6.0
737	1982.387870	25.674439	0.000069	137.792423	4.1
738	2066.798866	25.719455	0.000069	78.271242	3.3
739	1923.002768	25.719066	0.000069	104.289954	3.5
740	1963.860573	25.711270	0.000069	69.902846	3.7
741	1963.182501	25.702887	0.000069	190.184285	3.5
742	1977.884617	25.709247	0.000069	99.465947	5.7
743	1976.183186	25.773837	0.000068	112.270021	4.0
744	1937.410227	25.764908	0.000068	144.916402	7.9
745	1951.142487	25.843573	0.000068	133.732494	4.8
746	1985.718650	25.836414	0.000068	53.956107	2.3
747	1977.543075	25.828643	0.000068	73.352147	5.0
748	1952.087597	25.823093	0.000068	88.908777	3.8
749	1946.375129	25.823286	0.000068	78.306481	3.7
750	1916.348160	25.825502	0.000068	81.111974	3.7
751	1772.478502	25.821980	0.000068	84.668830	2.8
752	1862.379788	25.814160	0.000068	82.325324	3.4
753	1950.439408	25.813491	0.000068	66.406133	3.3
754	1964.647799	25.807034	0.000068	62.416967	3.1
755	1989.405915	25.803080	0.000068	124.326593	4.5
756	1953.797097	25.795614	0.000068	87.542884	5.0
757	1993.875609	25.788262	0.000068	138.675429	4.0
758	1947.334144	25.786074	0.000068	110.769952	3.9
759	1936.479622	25.775980	0.000068	76.226304	3.3
760	2031.369273	25.781152	0.000068	92.625257	3.2
761	1873.840547	25.772671	0.000068	53.768876	3.3
762	1976.820553	25.766394	0.000068	73.593134	3.1
763	1976.384056	25.760172	0.000068	74.713069	2.5
764	1784.478346	25.752711	0.000068	57.814820	7.8
765	1922.502240	25.746181	0.000069	78.054773	2.3
766	1989.207486	25.742176	0.000069	170.422615	2.3
767	1855.044312	25.732856	0.000069	63.275441	2.4
768	2005.865923	25.736912	0.000069	151.064835	3.9
769	1915.668134	25.728404	0.000069	65.840854	2.5
770	1887.541842	25.720877	0.000069	90.566552	3.7
771	1988.438687	25.719161	0.000069	69.222153	2.6
772	1975.459762	25.712189	0.000069	86.698693	6.3
773	1958.979919	25.710340	0.000069	68.513133	4.0
774	1924.035868	25.702977	0.000069	101.725008	4.1
775	1931.488257	25.696882	0.000069	69.868156	3.3
776	2025.414554	25.694061	0.000069	132.062760	5.2
777	1972.575351	25.687733	0.000069	85.441893	4.9
778	1896.566594	25.707300	0.000069	86.487099	3.1
779	1970.121210	25.698611	0.000069	186.578561	3.0
780	1924.220290	25.691627	0.000069	78.492993	3.1
781	1926.572923	25.692496	0.000069	57.615255	3.3
782	1898.180512	25.686863	0.000069	100.157603	3.3
783	1809.099132	25.680705	0.000069	64.369717	3.3
784	1919.670270	25.676854	0.000069	111.219023	2.7
785	1869.297142	25.668624	0.000069	88.522649	2.5
786	1940.682686	25.661513	0.000069	63.623067	2.6
787	1953.265230	25.654658	0.000069	74.612128	2.5
788	1939.107596	25.649234	0.000069	60.175496	2.3
789	1934.153581	25.645412	0.000069	64.905604	2.2
790	1887.673806	25.640564	0.000069	68.211238	2.1
791	1865.776849	25.636582	0.000069	113.123505	2.9
792	1927.624040	25.642171	0.000069	60.510298	4.1
793	1983.197942	25.636661	0.000069	107.708585	4.0
794	1858.210788	25.630304	0.000069	97.297734	1.9
795	1965.494064	25.653049	0.000069	85.493641	2.2
796	1885.005133	25.646306	0.000069	64.270740	2.2
797	1944.527617	25.645199	0.000069	81.735752	2.3
798	1978.762011	25.643219	0.000069	65.765005	2.2
799	1982.715910	25.639643	0.000069	151.918921	2.2
800	1895.786857	25.633352	0.000069	62.661243	1.8
801	2017.480609	25.629950	0.000069	105.992958	4.7
802	1934.867049	25.627823	0.000069	55.482216	1.9
803	1887.539381	25.623745	0.000069	170.900775	2.2
804	1973.417574	25.617268	0.000069	99.023403	2.0
805	1897.986319	25.623834	0.000069	57.254237	1.9
806	1957.173257	25.623550	0.000069	66.065271	1.9
807	1980.640579	25.618529	0.000069	110.689602	2.1
808	1957.115342	25.621266	0.000069	61.967813	4.6
809	2039.372554	25.613579	0.000069	157.783505	3.6
810	1809.597018	25.605019	0.000069	117.371489	5.3
811	1989.052851	25.699328	0.000069	70.577225	4.2
812	1946.786460	25.694693	0.000069	145.679072	4.0
813	1982.088985	25.687660	0.000069	77.544380	3.5
814	1946.904023	25.704358	0.000069	60.487103	3.5
815	1934.600515	25.698232	0.000069	74.977395	3.8
816	1958.552002	25.691375	0.000069	74.938228	3.2
817	1952.824621	25.684701	0.000069	52.100205	2.6
818	1960.073814	25.678722	0.000069	58.440199	2.8
819	1913.369453	25.673534	0.000069	130.144168	2.4
820	1914.896619	25.675477	0.000069	71.599932	2.4
821	1915.825614	25.666568	0.000069	61.749069	2.3
822	1897.748285	25.660706	0.000069	74.913578	2.3
823	1939.652701	25.655200	0.000069	196.405900	5.1
824	2024.150088	25.646032	0.000069	112.386550	2.4
825	1917.123039	25.964918	0.000068	120.694266	2.4
826	1903.763764	25.962412	0.000068	92.520795	3.2
827	1938.924662	25.953324	0.000068	74.218182	5.3
828	1953.895290	25.947821	0.000068	63.404978	5.3
829	1932.679409	25.940885	0.000068	64.907994	4.1
830	1954.343135	25.934445	0.000068	53.007782	3.8
831	1904.544212	25.929354	0.000068	98.352694	3.6
832	1845.783972	25.924483	0.000068	141.180781	3.9
833	1930.035129	25.959537	0.000068	129.459685	6.6
834	1903.506628	25.949238	0.000068	65.814880	4.3
835	1879.512339	25.940570	0.000068	98.758750	4.1
836	1879.611322	25.939714	0.000068	68.682871	4.0
837	1873.991689	25.935998	0.000068	64.564949	3.6
838	1954.903963	25.931784	0.000068	74.686542	3.9
839	1989.940133	25.927796	0.000068	110.535907	3.0
840	1932.410002	25.921030	0.000068	77.925178	3.1
841	1922.445767	25.931829	0.000068	95.867295	3.4
842	2028.672173	25.931082	0.000068	80.748969	3.6
843	1938.456083	25.922248	0.000068	158.482717	2.6
844	2022.690174	25.954171	0.000068	173.723596	7.0
845	1856.248160	26.535966	0.000067	69.209665	2.4
846	1940.023414	26.559960	0.000067	92.752114	2.7
847	1931.093312	26.552321	0.000067	103.163046	2.7
848	1948.652868	26.565041	0.000067	127.805597	2.7
849	1997.459966	26.555082	0.000067	89.005100	2.5
850	1955.463883	26.550709	0.000067	57.700184	4.2
851	1887.526930	26.545997	0.000067	91.172383	4.5
852	1893.648787	26.540317	0.000067	164.137703	4.3
853	1901.623570	26.600973	0.000067	115.831381	4.7
854	1851.974675	26.590663	0.000067	250.208681	3.1
855	1954.004345	27.171571	0.000066	187.652907	2.9
856	1892.544504	27.161169	0.000066	106.992657	3.7
857	1953.014965	27.151050	0.000067	125.256803	2.9
858	1986.563088	27.176541	0.000066	117.461236	4.3
859	1934.587480	27.166492	0.000066	70.336423	4.7
860	2001.566827	27.167327	0.000066	100.897347	4.5
861	1957.250468	27.168811	0.000066	123.601890	5.3
862	1862.359124	27.218584	0.000066	95.907512	4.1
863	1889.071252	27.240879	0.000066	112.140214	4.6
864	1878.429169	27.237541	0.000066	66.588325	3.9
865	1990.877831	27.231208	0.000066	57.636709	3.9
866	1850.636979	27.225033	0.000066	91.266898	3.8
867	1872.004856	27.218494	0.000066	192.712150	5.7
868	1882.913453	27.208364	0.000066	80.600841	3.0
869	1874.922354	27.291731	0.000066	73.487456	2.4
870	1869.083746	27.291565	0.000066	70.149848	5.2
871	1892.738517	27.284554	0.000066	80.123351	3.0
872	1911.029330	27.276941	0.000066	142.918566	5.1
873	1927.937615	27.293700	0.000066	117.399762	3.0
874	1905.703909	27.283642	0.000066	68.120558	2.6
875	1922.416431	27.279325	0.000066	73.941873	2.2
876	1979.403023	27.277015	0.000066	83.709611	2.3
877	1932.188605	27.269313	0.000066	51.672347	4.9
878	1767.862042	27.264352	0.000066	79.605733	4.6
879	1934.805688	27.260826	0.000066	90.887165	2.0
880	2022.013275	27.255118	0.000066	84.068467	1.9
881	1937.898419	27.257282	0.000066	62.405802	4.7
882	1869.049526	27.253606	0.000066	93.511362	2.2
883	1960.197872	27.252355	0.000066	161.165007	5.6
884	1902.310620	27.305801	0.000066	104.633729	2.7
885	1963.369154	27.427595	0.000066	176.130589	2.9
886	1836.196330	27.568293	0.000066	79.110536	4.1
887	1918.899228	27.585515	0.000066	89.656718	4.3
888	1853.336472	27.577456	0.000066	71.137532	4.9
889	1945.975602	27.570058	0.000066	56.098454	3.4
890	1911.624518	27.566413	0.000066	97.570573	3.5
891	1900.156924	27.563181	0.000066	99.515548	3.3
892	1945.703154	27.556366	0.000066	115.609012	2.8
893	2017.439119	27.546851	0.000066	108.700672	4.3
894	1976.221468	27.542666	0.000066	70.508791	4.7
895	1947.842317	27.536282	0.000066	91.849719	4.4
896	2014.433380	27.529481	0.000066	58.930393	6.0
897	1933.582375	27.523398	0.000066	106.162666	4.0
898	1840.525222	27.520997	0.000066	99.062579	3.8
899	1884.512558	27.511328	0.000066	67.249880	3.6
900	1857.939647	27.506217	0.000066	52.525674	3.9
901	2039.468032	27.502615	0.000066	93.764294	4.9
902	1967.757001	27.498770	0.000066	76.648095	4.6
903	1888.755421	27.490416	0.000066	80.736169	4.3
904	1825.901806	27.484729	0.000066	78.482708	4.3
905	1846.506899	27.479586	0.000066	97.145188	4.4
906	1867.336115	27.487653	0.000066	62.700753	4.0
907	1987.193675	27.480645	0.000066	61.517761	4.0
908	1923.567369	27.476726	0.000066	90.798174	3.4
909	1939.403719	27.472938	0.000066	105.116407	3.0
910	1951.164464	27.465850	0.000066	56.553708	3.2
911	1946.426501	27.459789	0.000066	71.967349	5.2
912	1907.919072	27.453696	0.000066	119.103594	3.4
913	1891.304428	27.458141	0.000066	69.322261	3.3
914	1807.315514	27.451806	0.000066	155.479337	3.2
915	1952.134606	27.443973	0.000066	180.282270	3.2
916	1899.308156	28.046386	0.000065	105.365174	4.8
917	1873.582030	28.103148	0.000065	80.006768	4.9
918	1955.016503	28.095317	0.000065	127.120800	4.3
919	1951.301359	28.093903	0.000065	143.079639	4.0
920	1897.527054	28.083850	0.000065	61.850385	5.8
921	1891.922305	28.095797	0.000065	128.676908	4.2
922	1956.528740	28.087139	0.000065	186.707939	3.2
923	1865.399277	28.541435	0.000065	145.855458	6.1
924	1845.374370	28.533423	0.000065	54.531594	2.3
925	1975.198106	28.526136	0.000065	128.124029	3.1
926	1895.437723	28.519217	0.000065	137.507960	2.7
927	1884.016504	28.623791	0.000065	73.741967	2.9
928	1911.828725	28.636955	0.000065	58.468775	2.8
929	1885.124983	28.630984	0.000065	105.105292	2.7
930	1912.230998	28.623526	0.000065	82.755965	3.2
931	1999.957733	28.614399	0.000065	65.729904	3.1
932	1996.732181	28.610981	0.000065	103.845509	4.8
933	1896.140198	28.603437	0.000065	86.660223	2.3
934	1882.203451	28.594628	0.000065	87.172152	2.5
935	1933.346681	28.599025	0.000065	83.991140	4.6
936	1924.414441	28.593242	0.000065	58.862614	4.3
937	1854.171801	28.586753	0.000065	78.358258	4.3
938	1910.253840	28.580287	0.000065	72.075211	4.9
939	1979.190736	28.578623	0.000065	136.133655	3.5
940	1904.501895	28.585291	0.000065	93.683889	3.5
941	1722.887602	28.612835	0.000065	113.398808	3.1
942	1950.389975	28.619564	0.000065	93.983214	5.4
943	1975.432814	28.616041	0.000065	80.983288	3.3
944	1888.370519	28.622790	0.000065	110.112834	3.0
945	2003.079429	28.614469	0.000065	172.393409	3.0
946	1961.087980	28.831830	0.000064	153.092427	2.8
947	1981.971885	28.839734	0.000064	146.073669	2.9
948	1954.461389	29.271993	0.000064	57.578689	2.7
949	1895.489465	29.268462	0.000064	138.243396	7.6
950	1824.517805	29.266866	0.000064	119.321409	2.7
951	1986.888557	29.256852	0.000064	124.667044	5.1
952	1885.220701	29.313286	0.000064	64.660039	4.4
953	1939.956361	29.305046	0.000064	53.398481	4.5
954	1996.367841	29.300871	0.000064	119.554101	4.6
955	1928.747220	29.297342	0.000064	91.337174	4.2
956	1904.956824	29.288604	0.000064	99.934555	3.3
957	2031.661087	29.280812	0.000064	186.463089	3.2
958	1924.057549	29.274634	0.000064	126.353361	3.1
959	1984.915804	29.264329	0.000064	177.685926	2.7
960	1971.859774	29.446498	0.000063	123.921887	5.3
961	1940.471077	29.548720	0.000063	79.145974	2.8
962	2013.793828	29.554313	0.000063	93.021323	2.8
963	1993.239322	29.554470	0.000063	64.747391	6.9
964	1900.040545	29.546804	0.000063	122.511037	3.1
965	1937.704327	29.548955	0.000063	148.317681	3.1
966	1865.518490	29.642674	0.000063	68.669400	3.0
967	1872.347088	29.638054	0.000063	92.049924	5.2
968	1899.978579	29.635032	0.000063	72.613680	4.2
969	1941.019931	29.630322	0.000063	65.235461	3.3
970	1882.896443	29.627615	0.000063	121.327574	5.7
971	1925.043173	29.633657	0.000063	98.055131	5.1
972	1923.918809	29.627481	0.000063	73.183777	4.7
973	1886.365445	29.631127	0.000063	105.567146	4.8
974	1876.805397	29.623485	0.000063	120.745149	6.4
975	1937.852033	29.664478	0.000063	169.977869	4.5
976	1940.083302	29.654205	0.000063	61.810480	4.6
977	1794.398003	29.661591	0.000063	58.901760	4.6
978	1905.032296	29.657161	0.000063	158.273802	4.5
979	1758.585132	29.663430	0.000063	79.363422	3.9
980	1847.863139	29.661042	0.000063	74.776804	5.1
981	1885.944599	29.654123	0.000063	78.075235	4.8
982	1919.172465	29.646575	0.000063	75.078095	4.9
983	1875.256595	29.639925	0.000063	92.483352	4.8
984	1878.719524	29.635188	0.000063	106.953626	4.9
985	1869.181394	29.637316	0.000063	301.115702	4.4
986	1828.673874	29.715074	0.000063	56.137518	4.1
987	1890.219537	29.712080	0.000063	92.769447	7.1
988	1845.148699	29.706112	0.000063	68.053056	5.0
989	1895.366780	29.703782	0.000063	81.555844	3.9
990	1837.718485	29.697064	0.000063	74.299228	5.9
991	1921.927862	29.691717	0.000063	66.981035	4.9
992	1924.815555	29.688478	0.000063	90.624613	4.6
993	1846.990160	29.688182	0.000063	109.877641	4.2
994	1874.940535	29.689332	0.000063	112.372197	6.2
995	2040.318042	29.679608	0.000063	195.178299	4.0
996	1921.526224	30.043724	0.000063	104.624182	4.1
997	1920.582413	30.041412	0.000063	70.422504	4.6
998	1887.575835	30.049615	0.000063	59.911433	4.1
999	1829.503773	30.042956	0.000063	61.057231	7.8
1000	1924.878668	30.037759	0.000063	101.660688	4.0
1001	1873.612663	30.032277	0.000063	97.152778	4.3
1002	1957.334297	30.023124	0.000063	105.164805	5.1
1003	1941.557888	30.016549	0.000063	146.296453	5.3
1004	1884.886358	30.123556	0.000063	63.971333	5.0
1005	1878.683290	30.114755	0.000063	52.430574	3.4
1006	1877.059913	30.110868	0.000063	77.237452	3.1
1007	1868.069114	30.105815	0.000063	86.008072	4.9
1008	1862.959539	30.097791	0.000063	52.650450	4.7
1009	1865.805651	30.091793	0.000063	148.521319	4.6
1010	1934.726512	30.088700	0.000063	113.699363	4.5
1011	1953.337575	30.248719	0.000062	105.190948	4.2
1012	1948.956863	30.255044	0.000062	83.649937	4.2
1013	1895.253766	30.268200	0.000062	104.370529	4.3
1014	1945.133415	30.265637	0.000062	65.064976	3.7
1015	1879.910020	30.257527	0.000062	77.207920	3.6
1016	1771.185801	30.255467	0.000062	75.905299	3.0
1017	1934.150116	30.249823	0.000062	55.217153	3.4
1018	1930.910756	30.246753	0.000062	132.333449	5.3
1019	1816.844026	30.239729	0.000062	82.785445	5.3
1020	1863.371567	30.230129	0.000063	61.922083	4.7
1021	1859.966973	30.226594	0.000063	59.037624	2.3
1022	1897.070046	30.220539	0.000063	77.911670	2.3
1023	1867.560558	30.218552	0.000063	111.695190	2.3
1024	1875.715011	30.210735	0.000063	94.628068	2.8
1025	1862.092948	30.201127	0.000063	78.893894	5.5
1026	1890.458923	30.193428	0.000063	101.482905	3.0
1027	1861.196838	30.184806	0.000063	57.102565	3.4
1028	1821.795001	30.183047	0.000063	113.648979	3.4
1029	1905.644472	30.178131	0.000063	66.029661	3.1
1030	1802.194618	30.170045	0.000063	108.652494	4.5
1031	1914.956470	30.165899	0.000063	64.174134	4.5
1032	1920.479348	30.158167	0.000063	50.359743	4.3
1033	1847.735838	30.153948	0.000063	103.748933	4.3
1034	2045.852569	30.148905	0.000063	144.102561	3.3
1035	1857.190474	30.155200	0.000063	115.323140	3.3
1036	1831.918117	30.262119	0.000062	65.023681	3.2
1037	1896.524451	30.266217	0.000062	55.810065	4.2
1038	1883.076454	30.260602	0.000062	125.760310	2.5
1039	1950.008060	30.261199	0.000062	82.012411	2.4
1040	1849.270969	30.278800	0.000062	90.986817	3.0
1041	1765.186773	30.272203	0.000062	61.332835	4.5
1042	1843.792140	30.270726	0.000062	124.725723	3.4
1043	1875.886238	30.278208	0.000062	81.228809	3.3
1044	1846.437995	30.273136	0.000062	56.787674	3.4
1045	1723.770370	30.268644	0.000062	126.967387	10.2
1046	1910.380608	30.265861	0.000062	66.997914	2.6
1047	1800.016971	30.257910	0.000062	92.943975	2.1
1048	1941.478038	30.251390	0.000062	94.538585	2.4
1049	1814.607352	30.247670	0.000062	128.940872	3.8
1050	1867.114551	30.277896	0.000062	106.955721	2.5
1051	1846.995129	30.346852	0.000062	93.534130	5.2
1052	1913.015138	30.337299	0.000062	112.951639	2.5
1053	1835.170612	30.333089	0.000062	104.281193	4.2
1054	1890.223375	30.327971	0.000062	75.746157	2.6
1055	1874.100621	30.325939	0.000062	99.289691	2.5
1056	1953.428105	30.325193	0.000062	85.045209	2.8
1057	1888.184670	30.316463	0.000062	98.598583	2.6
1058	1853.050982	30.322358	0.000062	79.862625	3.9
1059	1934.742479	30.325490	0.000062	57.278149	3.1
1060	1885.773277	30.320671	0.000062	56.595541	3.9
1061	1869.034003	30.315869	0.000062	123.660263	2.6
1062	1791.206989	30.308696	0.000062	146.477990	2.6
1063	1856.552450	30.298803	0.000062	56.248664	2.6
1064	1882.711403	30.297967	0.000062	152.472615	4.3
1065	1908.746320	30.290333	0.000062	135.284516	4.5
1066	1850.436245	30.358493	0.000062	147.923348	7.2
1067	1817.515000	30.572364	0.000062	74.790386	4.6
1068	1887.908411	30.566909	0.000062	96.166647	4.6
1069	1948.756594	30.567047	0.000062	92.414505	3.9
1070	1873.045500	30.564405	0.000062	61.160895	5.2
1071	1869.697294	30.557334	0.000062	113.471592	4.5
1072	1856.615820	30.552949	0.000062	93.124804	3.9
1073	1864.413885	30.550822	0.000062	119.968398	3.8
1074	1982.735033	30.557013	0.000062	75.697527	3.8
1075	1822.859484	30.548932	0.000062	68.172869	3.9
1076	1925.099704	30.545588	0.000062	68.930055	2.9
1077	1843.300123	30.541074	0.000062	112.735236	6.4
1078	1880.397475	30.546831	0.000062	92.098430	3.9
1079	1848.072152	30.537298	0.000062	73.181180	4.2
1080	1822.286675	30.533545	0.000062	80.011143	3.5
1081	1924.801009	30.530422	0.000062	85.361503	4.7
1082	1804.114637	30.527015	0.000062	86.336841	4.6
1083	1831.094178	30.519634	0.000062	185.730732	4.5
1084	1977.911700	30.513905	0.000062	66.469010	4.6
1085	1911.624672	30.510110	0.000062	67.894267	4.6
1086	1869.321013	30.505044	0.000062	125.533241	3.6
1087	1887.529685	30.497771	0.000062	98.830328	3.5
1088	1916.166605	30.489002	0.000062	114.355939	3.5
1089	1895.652140	30.512699	0.000062	142.033295	3.6
1090	1899.721656	30.603473	0.000062	147.312390	2.1
1091	1814.169578	30.893751	0.000062	75.338905	4.4
1092	1867.345904	30.896979	0.000062	96.902166	3.3
1093	1853.805380	30.900129	0.000062	91.966574	1.9
1094	1947.672903	30.892956	0.000062	85.263816	5.3
1095	1871.231877	30.885145	0.000062	73.508032	1.9
1096	1841.072414	30.884706	0.000062	63.815032	1.9
1097	1861.987108	30.881689	0.000062	63.162981	4.6
1098	1893.805788	30.875766	0.000062	100.025805	3.1
1099	1803.152582	30.869935	0.000062	122.967120	2.1
1100	1918.484907	30.883739	0.000062	71.387260	2.1
1101	1817.292653	30.894527	0.000062	136.730842	2.1
1102	1852.681293	30.913997	0.000062	53.619972	2.1
1103	1952.310610	30.913051	0.000062	76.335267	5.6
1104	1947.404786	30.907222	0.000062	81.651732	4.6
1105	1853.326981	30.903646	0.000062	62.964538	4.5
1106	1874.169504	30.896415	0.000062	115.738027	4.4
1107	1947.091224	30.894285	0.000062	55.745209	3.4
1108	1798.718859	30.887158	0.000062	89.243329	4.9
1109	1864.291987	30.882535	0.000062	54.092482	3.5
1110	1875.421362	30.876167	0.000062	71.753071	3.8
1111	1867.711555	30.870576	0.000062	66.276463	3.8
1112	1854.384707	30.867376	0.000062	120.639763	3.5
1113	1834.949442	30.859464	0.000062	77.018439	3.4
1114	1819.650441	30.853959	0.000062	53.002854	3.4
1115	1934.477652	30.850232	0.000062	63.464337	3.3
1116	1897.029764	30.844573	0.000062	116.693045	3.4
1117	1827.090403	30.850198	0.000062	136.567322	3.2
1118	1847.720113	30.966721	0.000062	53.825099	2.8
1119	1856.078194	30.959820	0.000062	131.891428	3.8
1120	1856.979779	30.956956	0.000062	86.917989	3.9
1121	1770.388222	30.947242	0.000062	68.859479	3.9
1122	1925.494879	30.940299	0.000062	95.626365	2.9
1123	1833.338056	30.943695	0.000062	71.339666	2.9
1124	1839.211603	30.940466	0.000062	103.804828	2.9
1125	1844.971989	30.942047	0.000062	86.958883	2.9
1126	1965.670232	30.933095	0.000062	67.307058	3.0
1127	1876.376816	30.925946	0.000062	108.612103	2.7
1128	1952.251797	30.927668	0.000062	111.635671	2.8
1129	1862.272559	30.917898	0.000062	126.968518	2.3
1130	1784.102141	31.003675	0.000062	163.779729	2.3
1131	1838.851348	31.211981	0.000061	87.520514	3.3
1132	1946.000183	31.225345	0.000061	90.323919	4.8
1133	1972.601087	31.217135	0.000061	69.266313	2.1
1134	1800.152099	31.210132	0.000061	99.515078	2.2
1135	1898.098207	31.206459	0.000061	74.000469	2.8
1136	1824.304898	31.198287	0.000061	101.918034	2.4
1137	1868.788506	31.206857	0.000061	97.348703	2.4
1138	1877.581387	31.217060	0.000061	119.543319	5.9
1139	1796.029703	31.215325	0.000061	61.806277	5.2
1140	1908.265384	31.207026	0.000061	63.894973	4.6
1141	1976.048765	31.203135	0.000061	62.409287	2.1
1142	1791.055257	31.196769	0.000061	79.214548	5.2
1143	1794.383936	31.193779	0.000061	55.649813	4.1
1144	1787.569349	31.191702	0.000061	65.471012	5.4
1145	1830.049485	31.187703	0.000061	97.005532	4.5
1146	1935.817659	31.185576	0.000061	144.390117	3.4
1147	1874.827798	31.222339	0.000061	101.153821	3.1
1148	1912.253576	31.241027	0.000061	57.711309	2.9
1149	1873.679153	31.233916	0.000061	65.817559	5.0
1150	1824.377069	31.231254	0.000061	94.738580	3.1
1151	1886.278429	31.227537	0.000061	53.530241	4.3
1152	1905.263367	31.224662	0.000061	71.250516	3.2
1153	1924.858072	31.221740	0.000061	112.173286	3.1
1154	1953.626026	31.222538	0.000061	61.148176	2.9
1155	1864.976781	31.224417	0.000061	102.792767	5.2
1156	1835.559116	31.227301	0.000061	107.188835	2.8
1157	1829.816287	31.234986	0.000061	119.404140	4.4
1158	1869.568739	31.225746	0.000061	93.428693	4.3
1159	1882.447285	31.230777	0.000061	53.607004	4.3
1160	1823.429357	31.227302	0.000061	127.229106	5.1
1161	1824.355761	31.224326	0.000061	123.865606	3.5
1162	1835.171353	31.375749	0.000061	126.674533	3.5
1163	1791.825755	31.372019	0.000061	107.191120	3.3
1164	1802.546069	31.366227	0.000061	87.318043	3.0
1165	1775.758537	31.357291	0.000061	58.546859	4.5
1166	1852.751810	31.350905	0.000061	65.058012	2.8
1167	1823.989567	31.347204	0.000061	100.516879	3.7
1168	1833.885835	31.351131	0.000061	122.019552	2.7
1169	1827.188663	31.375734	0.000061	133.396906	2.7
1170	1800.742576	31.367420	0.000061	106.490042	2.9
1171	1917.771325	31.415581	0.000061	115.202185	4.1
1172	1833.470079	31.415295	0.000061	94.043761	4.5
1173	1757.763607	31.431190	0.000061	84.646185	4.6
1174	1813.049880	31.439425	0.000061	51.606079	4.4
1175	1895.106278	31.434372	0.000061	78.882459	4.5
1176	1887.153855	31.430460	0.000061	66.333327	5.4
1177	1883.533707	31.430509	0.000061	101.136084	3.4
1178	1878.969790	31.424035	0.000061	64.922244	3.2
1179	1869.356220	31.421802	0.000061	132.634048	4.1
1180	1806.160407	31.415663	0.000061	96.882453	4.2
1181	1891.591910	31.414092	0.000061	78.570330	3.9
1182	1769.247603	31.415686	0.000061	70.283048	3.4
1183	1807.779989	31.412878	0.000061	145.862940	3.1
1184	1886.524956	31.405878	0.000061	83.465825	3.2
1185	1848.337628	31.396392	0.000061	94.631743	2.8
1186	1910.910576	31.387609	0.000061	103.253516	3.0
1187	1823.987958	31.380075	0.000061	99.625716	2.8
1188	1793.554721	31.402873	0.000061	117.124256	2.8
1189	1836.538830	31.394477	0.000061	56.488024	2.9
1190	1766.194313	31.393691	0.000061	48.834684	2.8
1191	1928.673784	31.389260	0.000061	147.437248	2.6
1192	1912.571158	31.387859	0.000061	109.291825	2.4
1193	1816.758940	31.466049	0.000061	60.640403	4.0
1194	1952.226574	31.458169	0.000061	139.899707	8.7
1195	1840.614441	31.461730	0.000061	75.256911	2.6
1196	1779.519569	31.453254	0.000061	119.110833	2.8
1197	1789.096638	31.462196	0.000061	131.268139	3.1
1198	1859.241405	31.511199	0.000061	88.438581	3.1
1199	1876.955135	31.535866	0.000061	97.832638	4.2
1200	1907.495651	31.526634	0.000061	81.908403	2.5
1201	1853.368821	31.530778	0.000061	72.886504	2.4
1202	1824.029315	31.523125	0.000061	82.808518	2.4
1203	1836.125229	31.516910	0.000061	83.669550	2.8
1204	1842.333173	31.516485	0.000061	69.965875	2.8
1205	1842.758875	31.510815	0.000061	110.882296	3.7
1206	1864.616116	31.507495	0.000061	71.134677	3.7
1207	1836.698894	31.503325	0.000061	77.833663	4.0
1208	1751.313737	31.506505	0.000061	147.261480	4.8
1209	1872.750889	31.517631	0.000061	51.148314	3.6
1210	1868.302036	31.511853	0.000061	91.525090	3.5
1211	1827.630022	31.507322	0.000061	95.470611	3.6
1212	1789.199425	31.509119	0.000061	111.052400	3.6
1213	1850.541846	31.499446	0.000061	59.896327	3.5
1214	1887.642446	31.493336	0.000061	91.169907	3.2
1215	1850.034898	31.491648	0.000061	54.774954	6.0
1216	1818.117975	31.485124	0.000061	53.454457	2.8
1217	1862.117958	31.481501	0.000061	125.751989	3.9
1218	1914.041631	31.474615	0.000061	73.160603	4.8
1219	1868.054822	31.482218	0.000061	90.847121	3.3
1220	1816.305767	31.476538	0.000061	123.850313	4.5
1221	1693.305786	31.508404	0.000061	92.056919	4.6
1222	1805.050129	31.522131	0.000061	55.092099	8.0
1223	1957.641778	31.515375	0.000061	81.127271	4.3
1224	1773.530607	31.513936	0.000061	64.539037	4.8
1225	1880.335828	31.512991	0.000061	47.941480	3.7
1226	1921.249989	31.508307	0.000061	61.869329	6.5
1227	1856.383613	31.504029	0.000061	146.336046	3.8
1228	1833.669917	31.506458	0.000061	117.492797	4.3
1229	1964.736846	31.702126	0.000061	62.816456	6.6
1230	1803.384765	31.699693	0.000061	102.546553	4.2
1231	1844.305519	31.697735	0.000061	70.346245	4.2
1232	1850.183123	31.703838	0.000061	73.852053	4.2
1233	1854.214982	31.697097	0.000061	57.820349	4.1
1234	1881.790506	31.691553	0.000061	88.580262	3.2
1235	1796.398256	31.687825	0.000061	152.846419	3.1
1236	1724.388869	31.677818	0.000061	80.781724	3.1
1237	1878.672191	31.700402	0.000061	92.519404	7.1
1238	1879.877127	31.694547	0.000061	66.031954	4.6
1239	1860.372746	31.688941	0.000061	87.561201	4.4
1240	1828.350220	31.690519	0.000061	72.615740	4.4
1241	1722.710538	31.683736	0.000061	52.432906	4.2
1242	1827.104956	31.677743	0.000061	69.441943	6.9
1243	1815.355069	31.671707	0.000061	180.394937	3.2
1244	1831.967411	31.696049	0.000061	64.475929	3.1
1245	1934.556028	31.698225	0.000061	88.910126	4.6
1246	1830.329078	31.700366	0.000061	63.648393	3.3
1247	1774.011121	31.700755	0.000061	67.097460	4.6
1248	1765.820901	31.698738	0.000061	68.633953	3.9
1249	1926.916069	31.695592	0.000061	110.043157	4.2
1250	1798.123922	31.694050	0.000061	76.893391	3.8
1251	1901.877818	31.693598	0.000061	70.254312	3.6
1252	1728.843811	31.692106	0.000061	88.828256	4.6
1253	1780.018760	31.686279	0.000061	113.902530	4.8
1254	1833.762616	31.716064	0.000061	62.265549	4.5
1255	1850.899650	31.711268	0.000061	78.381129	5.1
1256	1870.201618	31.705841	0.000061	51.255107	2.2
1257	1828.595545	31.702253	0.000061	197.237758	3.1
1258	1829.788134	31.695168	0.000061	74.906719	3.3
1259	1925.456955	31.740640	0.000061	56.535531	3.0
1260	1844.650458	31.735398	0.000061	146.990384	3.0
1261	1903.467957	31.738613	0.000061	162.417726	2.6
1262	1943.404666	31.857036	0.000061	104.177599	2.6
1263	1828.955874	31.846965	0.000061	102.852435	2.6
1264	1828.813928	31.868770	0.000061	66.177644	6.1
1265	1909.333257	31.863734	0.000061	62.197991	4.7
1266	1787.142845	31.861943	0.000061	119.592652	4.4
1267	1892.236361	31.853645	0.000061	65.001064	2.8
1268	1777.104493	31.855076	0.000061	45.909578	2.7
1269	1854.822808	31.851578	0.000061	50.128783	4.8
1270	1835.674661	31.848085	0.000061	127.004380	3.1
1271	1867.135046	31.841612	0.000061	50.504181	3.2
1272	1819.963432	31.837009	0.000061	65.670703	3.0
1273	1802.615586	31.832684	0.000061	85.304620	2.9
1274	1924.850692	31.833788	0.000061	79.159933	2.9
1275	1816.590763	31.826283	0.000061	142.425527	5.3
1276	1836.246957	31.820557	0.000061	153.774542	3.4
1277	1707.032042	32.162761	0.000060	137.762232	3.5
1278	1867.915068	32.174972	0.000060	108.793063	3.8
1279	1904.370073	32.166408	0.000060	77.346785	4.3
1280	1852.540828	32.179585	0.000060	136.557072	3.4
1281	1830.996974	32.170733	0.000060	124.818719	3.3
1282	1823.871299	32.212004	0.000060	79.279846	3.4
1283	1911.742012	32.204809	0.000060	111.870854	4.6
1284	1752.163237	32.196644	0.000060	102.608419	4.1
1285	1890.430593	32.210544	0.000060	67.546807	5.4
1286	1809.498381	32.212983	0.000060	62.942926	3.2
1287	1816.465774	32.208968	0.000060	132.681888	3.1
1288	1802.225705	32.207182	0.000060	73.680451	4.9
1289	1811.433136	32.210393	0.000060	195.656021	3.1
1290	1873.657577	32.202402	0.000060	70.102441	3.0
1291	1843.631734	32.200044	0.000060	84.883198	3.1
1292	1799.540118	32.193288	0.000060	57.690503	4.6
1293	1805.204720	32.188071	0.000060	108.965672	4.4
1294	1740.801522	32.182494	0.000060	69.959109	4.6
1295	1870.268712	32.173919	0.000060	129.899033	5.9
1296	1794.747105	32.182611	0.000060	106.210696	4.7
1297	1796.549277	32.172536	0.000060	70.621836	4.7
1298	1883.257774	32.168923	0.000060	48.823617	4.7
1299	1908.677581	32.165910	0.000060	77.630632	5.2
1300	1847.622549	32.162265	0.000060	48.576452	5.0
1301	1816.132553	32.158400	0.000060	58.879838	4.7
1302	1791.780127	32.154233	0.000060	147.061493	4.7
1303	1779.158543	32.158073	0.000060	64.281163	4.4
1304	1858.627564	32.155815	0.000060	47.547043	3.4
1305	1839.306298	32.152347	0.000060	97.524614	3.5
1306	1770.300194	32.146664	0.000060	119.388440	4.3
1307	1801.027113	32.139831	0.000060	126.418300	4.2
1308	1798.854325	32.133469	0.000060	74.981328	4.1
1309	1822.424816	32.128908	0.000060	73.507648	3.1
1310	1906.060778	32.129362	0.000060	97.876835	3.6
1311	1709.978179	32.125504	0.000060	124.315367	4.6
1312	1814.213154	32.115825	0.000060	113.370554	4.4
1313	1727.450422	32.186885	0.000060	83.388591	3.1
1314	1816.713482	32.178989	0.000060	62.742826	3.6
1315	1885.438132	32.173829	0.000060	54.180635	3.6
1316	1739.241640	32.168664	0.000060	70.013346	3.4
1317	1806.477896	32.162530	0.000060	68.470437	2.7
1318	1884.209140	32.155281	0.000060	80.949786	2.7
1319	1782.884382	32.148408	0.000060	116.815036	2.7
1320	1954.817967	32.139855	0.000060	81.432003	4.1
1321	1752.448876	32.167448	0.000060	123.096130	2.4
1322	1908.475892	32.158217	0.000060	127.390343	2.4
1323	1811.455720	32.148169	0.000060	61.472770	2.4
1324	1794.691401	32.160811	0.000060	54.219327	4.9
1325	1812.021670	32.156357	0.000060	137.883244	2.4
1326	1753.170847	32.158762	0.000060	104.115468	2.6
1327	1769.463222	32.180099	0.000060	56.498372	2.9
1328	1786.398459	32.181942	0.000060	97.708751	7.2
1329	1756.142986	32.180220	0.000060	54.995593	4.6
1330	1769.907166	32.175387	0.000060	52.161185	4.7
1331	1785.338174	32.170880	0.000060	60.244135	2.2
1332	1871.476614	32.167183	0.000060	59.472251	2.2
1333	1855.985407	32.161286	0.000060	74.696986	2.7
1334	1771.005081	32.160165	0.000060	97.023159	2.2
1335	1795.338518	32.172612	0.000060	77.980395	2.1
1336	1877.708577	32.164685	0.000060	142.730746	3.7
1337	1865.395055	32.155558	0.000060	86.197656	2.6
1338	1805.318929	32.155761	0.000060	73.549035	2.6
1339	1750.298236	32.151110	0.000060	59.376177	2.7
1340	1815.319425	32.145614	0.000060	88.899633	4.4
1341	1847.954344	32.145147	0.000060	129.378042	3.6
1342	1814.189842	32.162616	0.000060	58.071116	7.0
1343	1894.216491	32.157256	0.000060	67.867331	4.5
1344	1876.607339	32.151411	0.000060	49.159609	4.5
1345	1839.931412	32.148416	0.000060	55.449590	4.0
1346	1840.918916	32.144113	0.000060	66.926389	3.1
1347	1826.901694	32.141703	0.000060	97.250892	3.2
1348	1847.093698	32.145126	0.000060	121.568287	3.3
1349	1770.101685	32.138140	0.000060	116.939501	4.3
1350	1813.201060	32.223625	0.000060	65.707851	1.8
1351	1831.842479	32.218460	0.000060	49.860765	4.7
1352	1860.378047	32.214706	0.000060	167.374334	1.9
1353	1799.628710	32.213002	0.000060	107.534586	1.8
1354	1754.775233	32.438914	0.000060	61.996695	3.3
1355	1866.878940	32.430873	0.000060	106.437674	3.8
1356	1855.717432	32.435301	0.000060	61.902515	2.2
1357	1810.908749	32.427975	0.000060	127.644068	2.3
1358	1838.668707	32.426329	0.000060	77.030484	2.3
1359	1812.929729	32.417391	0.000060	98.451339	2.4
1360	1828.849579	32.416110	0.000060	158.078036	3.0
1361	1759.441989	32.507251	0.000060	71.305580	2.7
1362	1842.615104	32.533993	0.000060	110.949546	3.0
1363	1725.208675	32.525503	0.000060	113.388926	2.5
1364	1819.888809	32.526956	0.000060	133.998987	3.5
1365	1796.294568	32.529104	0.000060	76.283163	2.4
1366	1740.355419	32.519564	0.000060	78.103505	2.7
1367	1757.882854	32.523631	0.000060	77.042964	4.6
1368	1760.885016	32.515903	0.000060	58.383689	6.0
1369	1818.056358	32.509036	0.000060	190.616121	4.3
1370	1773.872977	32.525076	0.000060	132.228816	3.4
1371	1778.638425	32.595596	0.000060	68.286260	3.6
1372	1840.309600	32.605103	0.000060	63.354013	3.7
1373	1818.947694	32.603141	0.000060	57.186360	3.7
1374	1723.523070	32.597292	0.000060	144.327168	3.3
1375	1749.528107	32.589172	0.000060	77.095166	3.0
1376	1724.495374	32.581927	0.000060	94.472907	3.2
1377	1770.427908	32.589013	0.000060	50.882162	5.4
1378	1893.152943	32.582639	0.000060	109.478151	2.7
1379	1738.370988	32.575942	0.000060	103.055439	4.3
1380	1820.267683	32.616065	0.000060	77.331767	3.0
1381	1800.545073	32.611556	0.000060	64.963349	3.1
1382	1889.361260	32.605519	0.000060	70.630977	3.2
1383	1699.972910	32.600845	0.000060	80.460138	4.1
1384	1916.871394	32.605487	0.000060	111.116990	4.0
1385	1860.648303	32.624981	0.000060	68.694797	3.2
1386	1827.232293	32.616351	0.000060	157.613512	3.0
1387	1817.411646	32.632541	0.000060	75.782844	3.0
1388	1913.618939	32.653164	0.000060	167.134197	4.5
1389	1817.219234	32.643528	0.000060	48.159289	3.0
1390	1803.981698	32.647382	0.000060	75.198914	3.0
1391	1829.377535	32.641525	0.000060	145.096288	4.5
1392	1720.532409	32.632063	0.000060	51.843638	3.1
1393	1706.567425	32.626595	0.000060	64.518260	3.0
1394	1780.678075	32.622959	0.000060	147.211542	2.7
1395	1818.830858	32.616156	0.000060	148.859826	4.3
1396	1762.177628	32.991883	0.000059	60.873536	2.7
1397	1810.309192	32.998144	0.000059	52.887231	3.1
1398	1781.120522	32.993924	0.000059	68.226837	3.0
1399	1757.990984	32.991723	0.000059	82.397143	2.9
1400	1827.668612	32.984768	0.000059	62.443223	2.2
1401	1828.917526	32.984752	0.000059	120.285330	2.0
1402	1770.876428	32.976426	0.000059	87.043578	2.0
1403	1754.600969	32.979706	0.000059	52.846455	2.0
1404	1782.694573	32.978158	0.000059	133.910964	2.0
1405	1754.798770	32.978570	0.000059	82.721218	1.9
1406	1814.133326	33.000343	0.000059	92.119659	3.9
1407	1812.187216	32.991696	0.000059	98.830248	1.8
1408	1750.654055	33.001914	0.000059	136.987743	2.3
1409	1885.945927	33.056294	0.000059	80.341848	8.2
1410	1849.183994	33.084815	0.000059	61.507401	4.7
1411	1917.793532	33.083863	0.000059	101.317020	2.9
1412	1755.137358	33.077140	0.000059	166.502687	3.0
1413	1778.392183	33.088658	0.000059	101.544860	5.0
1414	1746.835578	33.080543	0.000059	82.729217	2.4
1415	1780.445319	33.085958	0.000059	75.873953	2.3
1416	1739.347332	33.078459	0.000059	96.687708	2.5
1417	1785.126283	33.085251	0.000059	73.747372	4.9
1418	1859.853796	33.077283	0.000059	79.078972	1.9
1419	1742.540044	33.080944	0.000059	83.348920	1.9
1420	1885.745343	33.087888	0.000059	63.226465	4.1
1421	1777.507049	33.087431	0.000059	63.955320	4.8
1422	1718.411656	33.081049	0.000059	73.990390	2.2
1423	1701.100210	33.074960	0.000059	110.076047	2.4
1424	1780.926008	33.088464	0.000059	72.208608	2.5
1425	1777.910656	33.100830	0.000059	197.135796	3.9
1426	1855.588167	33.189537	0.000059	52.219387	7.9
1427	1773.051534	33.192647	0.000059	48.546183	2.4
1428	1818.884587	33.188980	0.000059	80.050202	5.7
1429	1762.878368	33.185546	0.000059	151.638613	2.7
1430	1793.328755	33.212370	0.000059	65.730731	2.9
1431	1828.713262	33.227312	0.000059	85.342990	3.4
1432	1737.420889	33.232742	0.000059	59.453382	3.2
1433	1764.388081	33.232425	0.000059	130.435967	3.6
1434	1717.851544	33.224694	0.000059	121.803441	1.9
1435	1750.280597	33.234039	0.000059	50.301373	1.8
1436	1792.178471	33.233629	0.000059	51.384305	2.5
1437	1781.545469	33.229298	0.000059	70.723813	3.8
1438	1734.189623	33.226971	0.000059	62.020202	1.9
1439	1781.620172	33.220898	0.000059	125.922534	4.6
1440	1878.155631	33.213807	0.000059	85.089510	4.3
1441	1815.994232	33.204298	0.000059	94.477062	4.3
1442	1771.004971	33.197456	0.000059	79.912997	4.8
1443	1778.893039	33.212649	0.000059	119.773213	3.6
1444	1701.831187	33.203602	0.000059	69.349332	2.9
1445	1713.734287	33.220788	0.000059	96.140860	2.9
1446	1770.869924	33.214280	0.000059	58.286463	2.9
1447	1777.260243	33.208778	0.000059	180.798145	2.9
1448	1756.413219	33.211427	0.000059	112.580561	3.5
1449	1751.866143	33.543962	0.000059	75.828686	2.7
1450	1762.407273	33.535694	0.000059	134.294912	5.6
1451	1729.160757	33.553064	0.000059	53.241355	2.6
1452	1803.820466	33.550050	0.000059	65.751383	2.8
1453	1741.076837	33.548073	0.000059	123.380616	2.7
1454	1736.168604	33.552054	0.000059	107.449900	2.7
1455	1757.345116	33.616101	0.000059	47.949466	4.0
1456	1730.753629	33.611248	0.000059	59.228962	6.6
1457	1766.759150	33.607281	0.000059	51.863369	5.3
1458	1820.959987	33.603249	0.000059	123.291739	4.5
1459	1766.787720	33.599603	0.000059	66.516272	4.5
1460	1832.103721	33.609234	0.000059	44.945347	4.6
1461	1798.858497	33.604776	0.000059	52.883805	4.5
1462	1796.924993	33.600679	0.000059	123.840580	2.8
1463	1824.126438	33.594116	0.000059	56.664235	2.9
1464	1778.573594	33.587225	0.000059	159.539187	2.8
1465	1797.730579	33.587950	0.000059	120.782019	5.1
1466	1728.462866	33.778348	0.000058	102.523225	2.9
1467	1788.290095	33.771316	0.000058	110.763368	3.2
1468	1810.949341	33.810492	0.000058	86.089572	3.0
1469	1778.859077	33.837014	0.000058	96.856008	6.8
1470	1796.460269	33.837482	0.000058	74.140771	3.7
1471	1777.187426	33.835939	0.000058	53.359467	4.0
1472	1785.393459	33.830986	0.000058	66.811914	3.5
1473	1705.229329	33.827012	0.000058	108.274391	4.0
1474	1853.657932	33.819204	0.000058	133.577139	4.2
1475	1684.594197	33.922205	0.000058	75.090274	3.3
1476	1813.062172	33.915525	0.000058	77.123036	3.3
1477	1751.316303	33.917933	0.000058	82.885979	3.8
1478	1843.421090	33.919024	0.000058	90.174919	3.9
1479	1767.514842	33.911272	0.000058	103.581635	4.0
1480	1761.432105	33.936438	0.000058	68.953458	4.6
1481	1696.869368	33.943198	0.000058	60.222758	4.4
1482	1684.484388	33.941242	0.000058	54.279830	4.2
1483	1649.490008	33.937975	0.000058	120.016746	4.2
1484	1785.868805	33.934022	0.000058	78.057980	3.4
1485	1749.203900	33.925272	0.000058	119.624990	2.8
1486	1854.915163	33.943639	0.000058	56.472391	4.9
1487	1744.154462	33.946104	0.000058	145.128141	2.7
1488	1765.190209	33.937741	0.000058	55.522445	2.7
1489	1807.700994	33.930293	0.000058	93.177856	4.8
1490	1764.189712	33.926787	0.000058	84.648071	5.4
1491	1829.184277	33.917919	0.000058	71.858651	4.5
1492	1705.679075	33.911908	0.000058	143.383329	3.8
1493	1789.346657	33.946360	0.000058	76.762217	3.7
1494	1742.232560	33.941692	0.000058	78.226981	3.7
1495	1857.462699	33.937135	0.000058	62.624200	3.0
1496	1764.455861	33.931131	0.000058	55.797430	2.8
1497	1738.750960	33.928195	0.000058	81.685070	3.3
1498	1889.892317	33.924097	0.000058	102.156729	2.5
1499	1821.392977	33.923717	0.000058	67.201697	4.2
1500	1803.973883	33.925818	0.000058	114.940644	2.5
1501	1754.307627	33.935542	0.000058	110.960386	2.7
1502	1751.102632	34.006893	0.000058	134.417055	4.0
1503	1753.272542	33.996878	0.000058	63.609022	2.3
1504	1802.683473	33.990282	0.000058	61.565221	5.7
1505	1804.662316	33.986381	0.000058	218.829933	3.9
1506	1737.177760	34.046621	0.000058	65.261244	2.5
1507	1798.199549	34.037513	0.000058	68.515789	3.0
1508	1875.792235	34.034600	0.000058	65.695589	3.0
1509	1835.712088	34.031113	0.000058	131.899804	3.0
1510	1776.898389	34.026254	0.000058	71.211517	2.6
1511	1744.686231	34.029320	0.000058	111.523073	2.4
1512	1733.357958	34.026769	0.000058	93.595388	2.4
1513	1721.392226	34.055175	0.000058	79.187925	6.6
1514	1749.667723	34.058687	0.000058	128.396385	4.2
1515	1802.477459	34.086584	0.000058	145.669366	4.2
1516	1800.450303	34.242103	0.000058	59.581798	4.2
1517	1764.967256	34.240642	0.000058	133.761654	4.1
1518	1870.853681	34.234177	0.000058	73.588403	3.2
1519	1721.631840	34.260017	0.000058	67.410303	3.3
1520	1782.264531	34.254704	0.000058	109.860862	4.0
1521	1831.116836	34.254583	0.000058	93.250569	5.0
1522	1801.545342	34.292806	0.000058	61.553391	2.5
1523	1876.912194	34.286139	0.000058	116.919444	2.7
1524	1734.981309	34.278760	0.000058	113.132404	4.4
1525	1737.124817	34.369036	0.000058	87.526971	4.1
1526	1785.537311	34.360188	0.000058	53.406973	3.4
1527	1830.606901	34.360350	0.000058	68.651866	3.5
1528	1849.417960	34.354696	0.000058	129.828857	4.9
1529	1708.244914	34.370936	0.000058	46.861545	3.1
1530	1757.036993	34.365602	0.000058	67.669911	3.9
1531	1733.915596	34.361634	0.000058	94.487081	4.2
1532	1865.872487	34.361324	0.000058	61.410759	3.0
1533	1820.589690	34.357968	0.000058	100.472194	4.0
1534	1698.398657	34.350940	0.000058	69.025728	3.9
1535	1719.086635	34.343580	0.000058	75.928411	3.9
1536	1802.741805	34.342201	0.000058	74.706422	3.6
1537	1685.589665	34.337375	0.000058	106.691421	4.8
1538	1722.736255	34.344406	0.000058	60.491132	2.9
1539	1808.767023	34.342407	0.000058	78.913023	5.1
1540	1738.967004	34.341900	0.000058	110.058633	3.7
1541	1785.308158	34.342698	0.000058	97.822682	3.5
1542	1685.293064	34.384061	0.000058	47.933696	4.6
1543	1734.040451	34.380650	0.000058	67.583179	4.5
1544	1691.132324	34.375393	0.000058	87.325845	4.5
1545	1784.010117	34.374011	0.000058	160.009044	5.4
1546	1771.774255	34.409366	0.000058	55.637881	4.4
1547	1781.636410	34.414005	0.000058	101.822338	4.5
1548	1722.701550	34.417309	0.000058	94.468516	3.8
1549	1729.210333	34.426677	0.000058	117.738924	4.5
1550	1891.674906	34.432023	0.000058	93.931727	3.4
1551	1779.233218	34.437310	0.000058	47.321511	4.3
1552	1768.728597	34.432729	0.000058	112.256140	3.0
1553	1751.926222	34.429165	0.000058	114.253760	3.0
1554	1725.184611	34.506860	0.000058	86.186925	3.6
1555	1754.529534	34.504577	0.000058	55.314121	2.7
1556	1709.867040	34.500689	0.000058	60.575406	5.3
1557	1749.667405	34.494999	0.000058	59.699326	5.2
1558	1727.406927	34.489178	0.000058	89.072384	5.5
1559	1768.832426	34.486622	0.000058	107.247383	3.6
1560	1821.645860	34.478555	0.000058	136.620450	2.9
1561	1826.913342	34.551452	0.000058	78.786292	3.4
1562	1721.205799	34.572593	0.000058	190.196397	3.4
1563	1782.784328	34.644805	0.000058	46.812632	3.3
1564	1751.023850	34.640849	0.000058	132.971006	3.3
1565	1896.361059	34.636721	0.000058	88.332603	2.6
1566	1812.584310	34.659408	0.000058	194.517593	3.5
1567	1777.796929	34.816298	0.000057	180.495442	3.6
1568	1807.825504	35.761440	0.000056	94.296743	5.3
1569	1735.238981	35.932626	0.000056	171.713246	4.9
1570	1754.119291	35.922479	0.000056	100.132343	4.6
1571	1773.491330	36.075763	0.000056	97.704609	3.2
1572	1703.513751	36.077602	0.000056	120.455849	3.8
1573	1716.156285	36.067802	0.000056	52.606138	4.7
1574	1699.825576	36.067382	0.000056	72.223820	4.5
1575	1673.581823	36.064313	0.000056	52.895753	4.7
1576	1755.504650	36.058514	0.000056	75.905790	4.0
1577	1796.268304	36.054768	0.000056	49.768423	5.0
1578	1813.709201	36.049911	0.000056	91.242081	4.0
1579	1779.219094	36.044733	0.000056	65.196484	4.2
1580	1763.476857	36.039077	0.000056	54.849933	5.7
1581	1787.212139	36.035921	0.000056	71.379514	4.7
1582	1742.267902	36.032259	0.000056	94.935724	5.6
1583	1801.258117	36.025480	0.000056	132.809162	4.9
1584	1838.750195	36.024019	0.000056	46.920376	4.4
1585	1874.314616	36.018944	0.000056	100.071518	3.5
1586	1747.588299	36.014268	0.000056	72.501922	3.4
1587	1871.630426	36.024119	0.000056	108.207523	3.3
1588	1788.218497	36.034229	0.000056	73.493491	4.9
1589	1751.398733	36.049621	0.000056	137.685253	4.7
1590	1724.154819	36.061902	0.000056	80.521431	4.4
1591	1747.657048	36.052434	0.000056	78.702393	6.1
1592	1729.566346	36.049002	0.000056	125.245948	3.5
1593	1778.141630	36.045236	0.000056	63.793014	4.3
1594	1732.848950	36.042990	0.000056	72.531317	5.3
1595	1707.048378	36.044384	0.000056	55.491992	5.0
1596	1760.442793	36.043742	0.000056	115.076652	3.5
1597	1724.327448	36.041587	0.000056	54.462846	4.2
1598	1705.640287	36.045345	0.000056	109.425667	5.1
1599	1736.513381	36.038651	0.000056	88.542168	4.4
1600	1754.038841	36.034059	0.000056	70.834975	4.3
1601	1819.135043	36.036530	0.000056	48.629269	4.3
1602	1717.630574	36.034505	0.000056	143.826941	4.5
1603	1789.772337	36.028159	0.000056	103.958370	3.6
1604	1732.966197	36.113952	0.000056	135.383568	3.2
1605	1714.261929	36.221466	0.000056	96.731101	4.2
1606	1813.251790	36.247027	0.000056	60.410849	4.3
1607	1654.885383	36.251594	0.000056	65.432662	5.0
1608	1781.548930	36.252345	0.000056	64.211201	4.5
1609	1707.994892	36.249202	0.000056	120.322436	5.5
1610	1765.431741	36.258694	0.000056	66.862539	4.5
1611	1764.430401	36.250962	0.000056	95.222959	3.7
1612	1755.046410	36.256649	0.000056	47.996508	5.4
1613	1708.569798	36.253116	0.000056	98.529971	5.3
1614	1748.235347	36.249021	0.000056	95.510341	3.4
1615	1724.181104	36.244668	0.000056	123.204599	3.4
1616	1669.773358	36.243471	0.000056	54.255736	3.3
1617	1685.995529	36.246580	0.000056	62.397570	6.6
1618	1785.068289	36.240797	0.000056	114.834775	2.9
1619	1768.371438	36.232636	0.000056	61.350640	5.3
1620	1758.937272	36.235687	0.000056	78.010763	3.3
1621	1829.134617	36.235678	0.000056	66.756397	2.7
1622	1811.225312	36.233425	0.000056	62.000626	2.9
1623	1799.752832	36.227181	0.000056	54.896689	4.8
1624	1745.588378	36.224335	0.000056	61.656876	2.9
1625	1808.476171	36.219711	0.000056	64.494680	4.6
1626	1861.398703	36.220952	0.000056	97.528963	3.0
1627	1825.072010	36.219933	0.000056	49.821418	2.9
1628	1692.150039	36.216810	0.000056	59.479099	3.2
1629	1706.020709	36.213344	0.000056	57.782617	2.9
1630	1706.197230	36.210955	0.000056	107.484895	2.9
1631	1858.339302	36.209747	0.000056	58.758944	5.2
1632	1657.378720	36.202119	0.000056	58.236034	4.8
1633	1847.921316	36.199078	0.000056	75.836195	4.6
1634	1719.144008	36.194374	0.000056	107.486844	4.7
1635	1739.013690	36.195126	0.000056	77.885101	4.3
1636	1703.765621	36.195234	0.000056	64.865428	4.3
1637	1776.931192	36.189894	0.000056	109.016722	3.3
1638	1742.732888	36.192452	0.000056	84.081917	3.1
1639	1762.715811	36.183238	0.000056	56.355345	3.9
1640	1679.829050	36.176479	0.000056	106.497456	2.5
1641	1710.427908	36.179334	0.000056	79.456317	2.8
1642	1754.166024	36.170814	0.000056	94.861948	2.9
1643	1764.285885	36.169836	0.000056	98.176328	2.7
1644	1768.191170	36.197840	0.000056	99.604224	4.5
1645	1767.100000	36.189208	0.000056	49.828292	4.5
1646	1765.496834	36.188738	0.000056	108.959665	3.7
1647	1688.895660	36.182200	0.000056	49.586110	2.5
1648	1808.926839	36.179772	0.000056	72.223177	2.4
1649	1776.129251	36.177825	0.000056	68.480770	4.3
1650	1762.374272	36.177810	0.000056	133.829040	2.5
1651	1677.161967	36.194968	0.000056	119.082962	4.9
1652	1684.461860	36.355250	0.000056	94.940208	3.5
1653	1596.710267	36.389163	0.000056	67.825030	2.3
1654	1750.535410	36.381276	0.000056	67.094088	2.1
1655	1695.985924	36.384025	0.000056	61.247669	4.3
1656	1730.950470	36.383059	0.000056	59.660234	2.4
1657	1719.556252	36.378473	0.000056	112.973890	5.4
1658	1726.448798	36.375424	0.000056	77.284133	4.3
1659	1724.805776	36.382929	0.000056	103.751518	4.3
1660	1695.499421	36.380628	0.000056	127.825562	4.0
1661	1696.168251	36.384766	0.000056	116.542354	3.8
1662	1778.065829	36.378142	0.000056	116.172360	3.8
1663	1677.723188	36.472158	0.000056	119.656914	3.4
1664	1718.204494	36.590685	0.000056	121.981387	3.4
1665	1796.024117	36.711930	0.000055	67.582909	3.8
1666	1660.683296	36.717034	0.000055	133.175289	2.3
1667	1721.621856	36.708129	0.000055	61.166685	2.3
1668	1736.106140	36.712007	0.000055	103.658090	3.2
1669	1623.057398	36.704650	0.000055	56.612128	2.7
1670	1743.124015	36.699962	0.000056	86.110542	3.9
1671	1732.250914	36.700896	0.000055	164.342056	2.7
1672	1774.367417	36.796474	0.000055	134.698774	2.7
1673	1704.316875	37.102144	0.000055	78.852957	3.6
1674	1688.280151	37.092836	0.000055	69.785794	5.2
1675	1770.650231	37.089016	0.000055	100.044633	3.7
1676	1697.444085	37.089506	0.000055	72.182561	2.8
1677	1749.776623	37.092036	0.000055	57.528501	6.3
1678	1715.090225	37.089141	0.000055	133.463892	3.3
1679	1705.889696	37.093964	0.000055	50.208033	3.3
1680	1666.041114	37.095351	0.000055	54.243281	3.7
1681	1759.955177	37.091398	0.000055	83.033448	3.8
1682	1663.081536	37.091205	0.000055	60.482779	5.5
1683	1656.000857	37.092685	0.000055	58.584182	4.7
1684	1702.623651	37.090519	0.000055	159.594517	4.6
1685	1682.055961	37.098309	0.000055	75.941234	4.2
1686	1753.483245	37.125566	0.000055	78.102332	4.2
1687	1768.699012	37.118034	0.000055	90.675349	6.9
1688	1758.343824	37.109534	0.000055	57.000977	4.1
1689	1765.027495	37.106516	0.000055	52.421279	3.6
1690	1686.061296	37.102463	0.000055	65.197246	4.8
1691	1718.892377	37.100335	0.000055	59.526634	4.4
1692	1721.336335	37.099685	0.000055	130.921332	3.5
1693	1609.846920	37.099953	0.000055	85.767642	3.3
1694	1682.613301	37.112116	0.000055	181.823581	2.8
1695	1636.522143	37.151688	0.000055	64.803930	2.8
1696	1737.670140	37.155353	0.000055	82.667159	2.9
1697	1702.716655	37.149166	0.000055	108.026717	3.9
1698	1685.890984	37.147425	0.000055	90.750645	2.3
1699	1724.705330	37.141241	0.000055	77.767087	3.6
1700	1769.890281	37.133215	0.000055	79.020381	2.1
1701	1668.426459	37.138207	0.000055	106.639411	1.9
1702	1797.531130	37.130263	0.000055	57.043021	3.5
1703	1724.784001	37.122806	0.000055	56.011691	4.0
1704	1690.516093	37.117195	0.000055	124.310676	2.2
1705	1692.311948	37.118834	0.000055	49.078334	2.9
1706	1711.703368	37.112510	0.000055	50.232690	3.5
1707	1702.239637	37.109300	0.000055	140.710627	3.4
1708	1728.149569	37.102163	0.000055	104.016009	3.3
1709	1727.704874	37.092038	0.000055	61.085067	2.8
1710	1628.702995	37.086297	0.000055	90.418803	5.9
1711	1719.649456	37.083277	0.000055	63.083097	4.3
1712	1734.904304	37.081499	0.000055	73.878959	3.7
1713	1576.512174	37.078411	0.000055	46.719338	3.7
1714	1797.691824	37.074453	0.000055	75.812130	3.8
1715	1735.790162	37.073157	0.000055	85.570693	4.9
1716	1692.197516	37.079992	0.000055	117.406303	3.5
1717	1735.447368	37.095487	0.000055	80.995068	2.8
1718	1688.741676	37.086251	0.000055	66.139951	4.5
1719	1658.917267	37.089468	0.000055	96.359583	4.5
1720	1695.575813	37.086419	0.000055	98.937066	4.6
1721	1787.094782	37.082294	0.000055	66.575580	4.4
1722	1720.641651	37.088212	0.000055	70.605488	4.7
1723	1795.876342	37.082608	0.000055	96.728024	4.9
1724	1769.320138	37.074512	0.000055	99.072178	3.3
1725	1709.668235	37.065472	0.000055	84.894327	3.5
1726	1785.035397	37.056707	0.000055	91.971658	3.4
1727	1698.777219	37.064760	0.000055	111.496651	4.6
1728	1819.839414	37.058795	0.000055	79.429112	3.5
1729	1808.114097	37.065053	0.000055	136.892077	4.4
1730	1816.092558	37.055718	0.000055	119.747667	3.8
1731	1759.626351	37.147930	0.000055	48.094019	3.2
1732	1662.832100	37.145033	0.000055	81.261347	4.4
1733	1753.371675	37.142261	0.000055	101.580083	3.9
1734	1694.399679	37.147914	0.000055	63.941200	3.9
1735	1707.180453	37.140092	0.000055	80.240721	4.3
1736	1760.120390	37.136128	0.000055	123.141183	4.1
1737	1721.082637	37.152098	0.000055	115.508823	4.0
1738	1643.251741	37.142025	0.000055	113.409300	5.1
1739	1691.271638	37.151201	0.000055	76.756931	3.0
1740	1677.954263	37.157898	0.000055	137.745633	2.6
1741	1776.854014	37.162854	0.000055	54.145297	2.7
1742	1718.858601	37.165367	0.000055	76.877621	2.5
1743	1644.603479	37.165374	0.000055	99.021041	3.4
1744	1679.052763	37.157665	0.000055	51.822800	4.7
1745	1672.050517	37.151527	0.000055	106.213002	4.7
1746	1673.463830	37.144711	0.000055	57.205316	4.7
1747	1758.584460	37.145627	0.000055	81.420702	3.6
1748	1800.949406	37.140151	0.000055	202.234652	2.4
1749	1746.810377	37.172691	0.000055	105.836098	4.1
1750	1671.321124	37.162388	0.000055	142.338558	2.5
1751	1740.425947	37.222869	0.000055	55.784018	2.6
1752	1754.896142	37.230112	0.000055	113.180556	3.8
1753	1740.931847	37.222372	0.000055	81.115387	4.1
1754	1602.192740	37.214272	0.000055	145.738081	4.2
1755	1718.705008	37.243969	0.000055	54.272035	2.6
1756	1688.395687	37.235784	0.000055	86.333284	2.8
1757	1714.876474	37.234359	0.000055	62.598515	5.4
1758	1652.198437	37.227749	0.000055	52.133036	3.4
1759	1732.046496	37.223088	0.000055	97.503681	2.7
1760	1754.485289	37.220371	0.000055	105.750732	3.9
1761	1780.245655	37.220191	0.000055	69.066528	3.3
1762	1683.732925	37.225521	0.000055	66.697067	4.8
1763	1728.440526	37.220368	0.000055	103.582519	3.3
1764	1688.384006	37.213673	0.000055	67.583587	5.0
1765	1641.224924	37.214306	0.000055	85.003327	5.6
1766	1700.619406	37.212196	0.000055	72.069881	4.7
1767	1738.335911	37.204203	0.000055	48.499866	5.1
1768	1709.365278	37.202607	0.000055	130.405731	6.0
1769	1736.447956	37.204445	0.000055	96.701024	4.8
1770	1732.359941	37.194633	0.000055	68.592857	4.9
1771	1721.152584	37.193381	0.000055	78.317205	4.7
1772	1670.787580	37.187661	0.000055	64.998120	3.8
1773	1686.596516	37.180400	0.000055	116.188045	3.0
1774	1727.542306	37.172523	0.000055	55.613451	3.9
1775	1708.312336	37.168928	0.000055	73.468264	4.4
1776	1667.141761	37.164464	0.000055	83.839047	4.4
1777	1686.463959	37.166952	0.000055	69.592045	4.3
1778	1756.267153	37.164044	0.000055	72.386916	4.4
1779	1628.688829	37.158337	0.000055	88.822169	3.4
1780	1708.601284	37.168639	0.000055	56.473397	4.0
1781	1725.509777	37.164702	0.000055	108.787008	4.0
1782	1666.897587	37.161909	0.000055	71.355536	4.2
1783	1659.742078	37.167326	0.000055	86.349018	3.1
1784	1651.597754	37.161953	0.000055	51.981307	5.6
1785	1745.227996	37.156276	0.000055	55.704416	3.2
1786	1720.039843	37.154967	0.000055	90.858549	5.3
1787	1640.240255	37.154088	0.000055	75.292784	3.6
1788	1669.834977	37.164128	0.000055	111.089689	4.4
1789	1630.945848	37.155306	0.000055	71.963617	3.7
1790	1692.910341	37.147978	0.000055	47.977561	3.1
1791	1668.479249	37.145929	0.000055	59.495476	3.1
1792	1757.051147	37.142408	0.000055	115.682400	3.0
1793	1631.585565	37.136201	0.000055	107.178088	2.8
1794	1683.163822	37.201885	0.000055	87.560145	3.7
1795	1581.129925	37.194702	0.000055	122.409919	3.0
1796	1628.595499	37.185116	0.000055	129.609201	2.5
1797	1720.827322	37.232755	0.000055	81.981658	2.8
1798	1701.865896	37.267869	0.000055	69.571017	3.8
1799	1664.154787	37.271938	0.000055	71.219555	2.3
1800	1696.302433	37.273701	0.000055	59.411511	5.3
1801	1625.979699	37.268783	0.000055	129.111779	2.6
1802	1547.352263	37.273281	0.000055	91.397333	2.7
1803	1734.336784	37.275926	0.000055	130.523662	3.2
1804	1792.759121	37.318958	0.000055	95.359842	4.7
1805	1622.147152	37.382610	0.000055	76.816054	4.5
1806	1634.280005	37.376701	0.000055	128.505614	4.6
1807	1574.893636	37.372870	0.000055	43.772528	4.1
1808	1706.389391	37.369595	0.000055	95.789075	5.6
1809	1609.106910	37.365782	0.000055	117.213006	5.7
1810	1642.388210	37.363771	0.000055	83.783962	4.3
1811	1650.835726	37.365561	0.000055	61.166086	3.8
1812	1548.495075	37.363788	0.000055	56.385247	3.8
1813	1670.476122	37.360904	0.000055	87.712735	3.8
1814	1678.212714	37.354368	0.000055	99.604052	2.9
1815	1706.368973	37.345122	0.000055	76.022842	2.9
1816	1782.255594	37.361354	0.000055	120.051246	3.0
1817	1647.884620	37.376360	0.000055	81.474333	2.5
1818	1641.712363	37.410329	0.000055	148.255329	2.5
1819	1662.812330	37.459463	0.000055	67.233207	2.5
1820	1746.789747	37.462387	0.000055	57.990890	3.9
1821	1673.764560	37.458622	0.000055	70.429380	2.3
1822	1705.804458	37.454562	0.000055	83.371870	2.2
1823	1661.871425	37.446879	0.000055	61.334756	5.5
1824	1723.471202	37.446634	0.000055	156.064549	4.1
1825	1723.882594	37.439318	0.000055	71.150448	4.3
1826	1758.662046	37.474978	0.000055	85.642760	4.4
1827	1742.169090	37.467877	0.000055	73.049702	4.3
1828	1650.564948	37.473924	0.000055	114.124123	3.6
1829	1681.700635	37.482827	0.000055	73.440277	3.0
1830	1681.305791	37.473783	0.000055	58.358345	3.3
1831	1654.631212	37.469126	0.000055	64.870382	3.1
1832	1710.696994	37.464606	0.000055	97.185409	2.7
1833	1679.011583	37.458467	0.000055	137.171372	2.7
1834	1612.772846	37.461604	0.000055	77.688865	4.1
1835	1656.341280	37.452495	0.000055	83.553227	5.8
1836	1705.723518	37.453026	0.000055	50.611380	5.5
1837	1596.280479	37.450115	0.000055	54.514280	8.0
1838	1668.027895	37.448227	0.000055	65.238342	5.0
1839	1607.562952	37.442884	0.000055	157.045084	4.7
1840	1679.345330	37.446042	0.000055	168.529656	1.9
1841	1655.594844	38.142957	0.000054	63.362140	4.6
1842	1690.826191	38.171119	0.000054	68.028173	1.8
1843	1691.919459	38.169981	0.000054	106.467593	1.8
1844	1676.514968	38.169360	0.000054	84.508615	2.2
1845	1731.149576	38.160742	0.000054	62.483867	6.0
1846	1754.940536	38.153438	0.000054	49.458032	2.4
1847	1679.518692	38.149508	0.000054	132.621582	3.8
1848	1729.643023	38.151257	0.000054	77.285702	2.8
1849	1658.936802	38.162322	0.000054	59.133485	4.3
1850	1635.190424	38.159682	0.000054	82.644227	4.4
1851	1609.809285	38.159673	0.000054	141.928214	3.1
1852	1667.247460	38.152106	0.000054	125.670640	4.6
1853	1651.158422	38.141857	0.000054	78.030491	6.1
1854	1616.525807	38.165628	0.000054	75.289727	4.3
1855	1575.452205	38.159799	0.000054	56.594771	4.4
1856	1685.137256	38.153807	0.000054	65.173259	5.3
1857	1575.273706	38.150826	0.000054	151.869193	4.7
1858	1655.364570	38.142018	0.000054	63.075779	4.6
1859	1623.518457	38.147308	0.000054	51.002758	4.7
1860	1600.489068	38.146223	0.000054	47.098401	4.1
1861	1664.500326	38.142473	0.000054	151.512944	3.9
1862	1675.242604	38.137168	0.000054	125.974092	3.5
1863	1744.259751	38.393523	0.000054	68.286224	3.0
1864	1628.290368	38.385637	0.000054	90.852202	2.9
1865	1586.621091	38.391931	0.000054	53.294091	4.8
1866	1587.351811	38.390427	0.000054	93.225167	3.1
1867	1616.796621	38.388952	0.000054	48.391834	2.8
1868	1632.283742	38.389724	0.000054	77.126203	2.7
1869	1709.724017	38.384742	0.000054	100.161651	2.7
1870	1657.840131	38.400953	0.000054	44.773935	2.5
1871	1683.562352	38.397112	0.000054	71.277870	6.3
1872	1605.259360	38.393791	0.000054	78.981519	2.6
1873	1669.555251	38.386230	0.000054	82.357648	2.6
1874	1630.865036	38.385985	0.000054	43.125394	4.1
1875	1635.165279	38.383278	0.000054	68.460648	3.1
1876	1664.846337	38.379250	0.000054	55.879812	5.2
1877	1626.158824	38.373311	0.000054	143.229984	4.3
1878	1684.226939	38.372150	0.000054	73.102074	4.2
1879	1606.730435	38.364175	0.000054	60.151228	4.2
1880	1687.425389	38.362009	0.000054	124.182727	3.4
1881	1657.867951	38.354307	0.000054	82.765082	4.7
1882	1614.855950	38.345657	0.000054	160.241444	4.6
1883	1642.380870	38.419416	0.000054	64.223645	5.3
1884	1631.954838	38.410612	0.000054	134.139499	7.4
1885	1734.687816	38.423773	0.000054	80.559090	4.6
1886	1644.814534	38.414218	0.000054	60.315099	4.4
1887	1712.987477	38.408552	0.000054	137.520474	4.8
1888	1656.204457	38.404361	0.000054	62.155410	4.8
1889	1631.465910	38.395653	0.000054	44.262861	4.7
1890	1594.414342	38.393157	0.000054	81.683758	4.5
1891	1716.952473	38.391241	0.000054	54.784048	4.8
1892	1684.302882	38.384985	0.000054	75.771702	4.0
1893	1725.906381	38.378975	0.000054	45.451193	4.4
1894	1679.376566	38.374641	0.000054	69.871126	4.1
1895	1624.592324	38.371956	0.000054	66.832271	4.1
1896	1584.999328	38.374450	0.000054	65.160654	3.2
1897	1692.100458	38.370178	0.000054	84.142832	3.6
1898	1642.695569	38.363974	0.000054	76.197803	4.9
1899	1634.450074	38.357223	0.000054	52.483649	4.4
1900	1660.986470	38.353425	0.000054	90.994251	4.2
1901	1642.601258	38.351786	0.000054	77.640498	4.3
1902	1648.087204	38.344113	0.000054	128.349419	4.0
1903	1692.858814	38.348147	0.000054	110.283278	3.2
1904	1579.368604	38.347999	0.000054	75.356257	3.1
1905	1688.309608	38.345238	0.000054	62.223809	4.5
1906	1659.021084	38.345884	0.000054	44.661122	3.0
1907	1634.460429	38.342704	0.000054	71.153839	3.2
1908	1646.924307	38.340200	0.000054	128.241751	3.8
1909	1596.867384	38.334092	0.000054	84.751328	3.4
1910	1748.866366	38.326059	0.000054	114.586447	5.4
1911	1645.964730	38.319757	0.000054	105.596092	2.3
1912	1630.062153	38.335260	0.000054	47.566197	2.3
1913	1652.862299	38.332826	0.000054	70.702562	2.4
1914	1713.153713	38.330396	0.000054	71.793336	5.9
1915	1679.039405	38.326009	0.000054	85.204119	2.8
1916	1670.923083	38.331216	0.000054	87.525556	4.9
1917	1682.794873	38.327096	0.000054	72.252228	3.5
1918	1624.916768	38.340200	0.000054	48.001572	3.0
1919	1549.069850	38.337895	0.000054	102.688825	3.0
1920	1655.910245	38.332355	0.000054	104.524329	2.6
1921	1621.157836	38.347218	0.000054	79.067911	3.8
1922	1528.919093	38.360334	0.000054	58.854962	2.6
1923	1566.190230	38.356016	0.000054	69.910762	2.5
1924	1732.121534	38.351630	0.000054	44.705886	2.5
1925	1628.477303	38.347699	0.000054	65.614070	2.5
1926	1605.129532	38.344420	0.000054	78.006300	5.9
1927	1627.477124	38.338480	0.000054	119.353559	2.3
1928	1616.562757	38.336409	0.000054	53.811939	2.5
1929	1612.234356	38.330158	0.000054	59.745214	3.0
1930	1651.864591	38.326996	0.000054	128.386820	3.7
1931	1581.471286	38.332500	0.000054	78.849199	2.7
1932	1689.777675	38.356649	0.000054	121.900661	2.7
1933	1700.468886	38.350786	0.000054	117.820632	4.2
1934	1699.871447	38.345010	0.000054	85.997710	4.7
1935	1558.278858	38.360982	0.000054	46.639714	5.2
1936	1592.313955	38.358552	0.000054	178.793227	3.8
1937	1646.489786	38.352315	0.000054	98.723709	5.4
1938	1584.440059	38.367839	0.000054	59.199519	4.6
1939	1589.224053	38.360564	0.000054	109.495803	4.8
1940	1596.243688	38.353319	0.000054	50.652500	4.1
1941	1587.968409	38.346271	0.000054	70.568279	4.4
1942	1625.999488	38.342431	0.000054	64.232694	4.5
1943	1700.451562	38.339563	0.000054	147.655617	3.7
1944	1607.369727	38.332521	0.000054	117.412406	3.3
1945	1678.092464	38.356033	0.000054	52.043848	3.2
1946	1523.496287	38.352235	0.000054	72.399335	3.2
1947	1587.802958	38.351405	0.000054	113.749422	3.3
1948	1589.568514	38.355545	0.000054	150.500977	3.2
1949	1633.471136	38.577630	0.000054	112.663517	4.6
1950	1687.489776	38.626440	0.000054	134.717698	2.5
1951	1657.945843	38.779858	0.000054	53.059805	2.4
1952	1683.867709	38.772759	0.000054	89.584719	2.5
1953	1678.928213	38.771933	0.000054	121.782914	2.6
1954	1582.845953	38.800264	0.000054	91.619113	4.5
1955	1646.312545	38.790498	0.000054	84.987552	3.6
1956	1640.728938	38.804165	0.000054	63.459859	3.6
1957	1602.153776	38.800004	0.000054	100.181829	2.5
1958	1539.175633	38.804804	0.000054	57.478478	2.6
1959	1609.170201	38.800453	0.000054	70.220186	2.6
1960	1633.636714	38.797621	0.000054	67.344229	3.2
1961	1746.522364	38.790607	0.000054	67.662815	3.2
1962	1626.954010	38.789302	0.000054	105.965641	2.5
1963	1610.939649	38.780781	0.000054	61.888111	3.4
1964	1700.851478	38.774335	0.000054	63.024950	4.0
1965	1646.756901	38.773590	0.000054	50.834794	2.9
1966	1678.281240	38.771127	0.000054	92.636157	2.8
1967	1667.685413	38.772204	0.000054	99.560167	3.1
1968	1634.400308	38.797198	0.000054	85.291952	3.1
1969	1590.903863	38.789311	0.000054	171.585280	3.8
1970	1620.561720	38.784620	0.000054	72.461386	3.8
1971	1608.580561	38.823209	0.000054	66.492499	3.6
1972	1663.391562	38.817208	0.000054	99.451765	5.2
1973	1608.335992	38.809737	0.000054	60.802124	6.5
1974	1631.353975	38.809945	0.000054	75.841297	4.6
1975	1713.328332	38.806049	0.000054	108.126321	4.3
1976	1629.808683	38.803049	0.000054	79.696375	3.5
1977	1589.573162	38.807479	0.000054	139.559599	3.5
1978	1684.043906	38.833547	0.000054	60.374949	3.5
1979	1569.682521	38.824974	0.000054	101.584657	3.6
1980	1685.930722	38.817186	0.000054	79.663362	3.3
1981	1536.169271	38.820357	0.000054	155.310489	4.3
1982	1636.748579	38.835628	0.000054	55.734691	2.7
1983	1571.891456	38.832420	0.000054	79.274230	2.7
1984	1627.838923	38.826436	0.000054	69.413850	2.6
1985	1537.435597	38.828348	0.000054	138.908228	2.7
1986	1631.846396	38.827244	0.000054	91.308233	2.7
1987	1683.162948	38.882738	0.000053	143.615954	2.3
1988	1632.076818	38.874770	0.000053	138.863955	2.1
1989	1638.063395	38.901200	0.000053	152.908618	2.1
1990	1668.343295	38.898046	0.000053	62.195473	2.0
1991	1661.729911	38.912748	0.000053	67.474886	2.0
1992	1509.156377	38.906954	0.000053	78.061000	1.9
1993	1599.305967	38.902797	0.000053	75.443281	1.9
1994	1609.898429	38.904188	0.000053	87.961110	2.2
1995	1603.944078	38.896638	0.000053	88.998985	3.3
1996	1702.493020	38.910616	0.000053	125.053828	2.9
1997	1642.136083	38.904347	0.000053	74.855501	3.2
1998	1619.633099	38.903279	0.000053	82.396097	4.5
1999	1636.158997	38.900062	0.000053	77.281305	2.1
