1:ItNr	2:Metric	3a:Time	3b:StepSize	4:||Gradient||	Time[ms]
0	39298.982026	0.000000	0.000167	9955.982723	239.3
1	24092.843659	0.000000	0.000167	9648.794602	2.5
2	10318.407107	0.000000	0.000167	6493.674417	2.5
3	4813.499670	0.000000	0.000167	3308.364679	2.4
4	3393.565134	0.000000	0.000167	1720.885304	2.5
5	3211.819176	0.000000	0.000167	1235.871530	2.6
6	2826.591047	0.000000	0.000167	577.571584	2.7
7	2838.497746	0.000000	0.000167	491.698280	2.6
8	2841.601938	0.000000	0.000167	505.991398	2.5
9	2715.443657	0.000000	0.000167	231.219933	1.8
10	2628.095519	0.000000	0.000167	309.084008	1.8
11	2637.773959	0.000000	0.000167	277.258785	1.8
12	2699.656441	0.000000	0.000167	218.050928	2.3
13	2614.020960	0.000000	0.000167	274.875615	2.1
14	2802.140452	0.000000	0.000167	227.621114	2.5
15	2811.471230	0.000000	0.000167	215.632431	2.2
16	2655.934562	0.000000	0.000167	209.848929	2.2
17	2649.346982	0.000000	0.000167	196.611236	2.2
18	2712.508164	0.000000	0.000167	221.960351	2.0
19	2673.331916	0.000000	0.000167	245.647266	2.1
20	2701.914421	0.000000	0.000167	204.168939	2.1
21	2592.931070	0.000000	0.000167	196.436111	2.0
22	2637.749253	0.000000	0.000167	190.628094	2.6
23	2470.663997	0.000000	0.000167	185.724590	2.0
24	2605.250128	0.000000	0.000167	272.697427	1.9
25	2541.162462	0.000000	0.000167	242.194024	1.9
26	2497.254398	0.003176	0.000167	179.308655	1.9
27	2554.495927	0.000000	0.000167	190.451825	2.0
28	2574.166223	0.000000	0.000167	210.529834	2.0
29	2473.974548	0.000000	0.000167	192.383313	2.0
30	2603.207052	0.000000	0.000167	210.950646	1.9
31	2633.206739	0.000000	0.000167	198.492997	2.2
32	2699.690847	0.000000	0.000167	180.965357	4.6
33	2618.321219	0.000000	0.000167	212.144766	4.7
34	2522.513257	0.000000	0.000167	221.737347	4.7
35	2478.077250	0.000000	0.000167	168.770368	2.8
36	2562.816631	0.000000	0.000167	292.808948	2.4
37	2623.242563	0.000000	0.000167	357.952111	2.4
38	2603.834618	0.212593	0.000165	226.404767	2.9
39	2531.848823	0.230325	0.000165	160.129296	2.9
40	2399.003882	0.220748	0.000165	233.116176	2.9
41	2541.924075	0.210454	0.000165	190.419786	2.4
42	2559.314902	0.205753	0.000165	172.644703	2.3
43	2536.416438	0.195072	0.000166	261.203664	4.7
44	2449.333408	0.184498	0.000166	236.582618	4.8
45	2543.249857	0.193315	0.000166	175.252702	4.7
46	2527.377988	0.184458	0.000166	158.544835	4.7
47	2491.733580	0.174345	0.000166	162.275669	4.5
48	2622.247166	0.164437	0.000166	184.420672	4.1
49	2526.421752	0.155593	0.000166	176.655219	4.1
50	2613.397413	0.146452	0.000166	179.644057	4.1
51	2598.762656	0.137353	0.000166	198.502975	3.8
52	2436.260602	0.128283	0.000166	188.980136	3.8
53	2547.908953	0.122331	0.000166	163.137589	3.4
54	2546.510662	0.112471	0.000166	200.873974	3.0
55	2466.000812	0.102187	0.000166	229.157208	2.7
56	2450.814905	0.095680	0.000166	174.828473	2.7
57	2472.154298	0.084875	0.000166	170.250950	4.1
58	2543.102133	0.074983	0.000167	268.472851	2.8
59	2558.913080	0.066299	0.000167	182.264340	2.9
60	2492.039436	0.060180	0.000167	172.530756	2.8
61	2417.827637	0.052032	0.000167	171.444063	4.8
62	2429.549385	0.044404	0.000167	145.438142	4.9
63	2530.278883	0.034822	0.000167	209.733755	4.8
64	2452.801532	0.027955	0.000167	159.600613	3.8
65	2524.631063	0.019413	0.000167	158.073129	4.7
66	2490.400049	0.010637	0.000167	164.847259	4.6
67	2371.724637	0.002313	0.000167	143.174802	3.9
68	2340.156365	0.000000	0.000167	259.317826	3.9
69	2395.017598	0.000000	0.000167	242.500923	3.5
70	2427.398044	0.030998	0.000167	204.122881	3.0
71	2380.495425	0.019360	0.000167	158.775498	3.0
72	2497.717180	0.015720	0.000167	144.411840	3.0
73	2296.267827	0.007085	0.000167	155.747330	3.0
74	2436.632863	0.000000	0.000167	211.400736	2.8
75	2396.824881	0.000000	0.000167	260.789826	2.7
76	2417.009848	0.009297	0.000167	204.619396	2.6
77	2311.825704	0.000000	0.000167	146.327318	2.5
78	2505.870291	0.000000	0.000167	159.925238	3.4
79	2318.232963	0.000000	0.000167	154.219137	3.4
80	2457.169200	0.000000	0.000167	157.209373	4.0
81	2428.702971	0.000000	0.000167	171.758495	3.9
82	2485.724563	0.000000	0.000167	177.178189	3.3
83	2444.909060	0.000000	0.000167	184.167659	3.6
84	2433.262097	0.000000	0.000167	178.487486	3.7
85	2353.332852	0.000000	0.000167	204.445361	3.5
86	2405.865586	0.000000	0.000167	211.617470	3.6
87	2325.969768	0.000000	0.000167	126.738643	3.6
88	2288.230446	0.000000	0.000167	152.051273	2.7
89	2257.879948	0.000000	0.000167	233.270408	2.8
90	2389.435649	0.000000	0.000167	195.289515	4.5
91	2396.583758	0.000000	0.000167	132.061892	3.2
92	2347.625958	0.000000	0.000167	132.140944	3.3
93	2304.791416	0.000000	0.000167	196.177543	3.3
94	2403.034367	0.000000	0.000167	177.153177	3.3
95	2469.169963	0.000000	0.000167	255.259749	3.6
96	2412.994214	0.000000	0.000167	207.819605	3.9
97	2376.031406	0.021402	0.000167	144.176874	3.2
98	2353.819071	0.014010	0.000167	163.064315	3.2
99	2342.273602	0.004677	0.000167	118.839134	4.8
100	2199.094114	0.000000	0.000167	138.608742	5.0
101	2383.152522	0.000000	0.000167	137.692968	4.8
102	2391.613537	0.000000	0.000167	274.711524	4.8
103	2404.895206	0.000000	0.000167	133.815039	4.6
104	2330.460770	0.000216	0.000167	219.331549	3.6
105	2350.897378	0.000000	0.000167	118.779869	3.7
106	2398.807744	0.000000	0.000167	128.402267	3.7
107	2261.159351	0.000000	0.000167	161.833909	3.8
108	2199.384933	0.000000	0.000167	188.037236	3.8
109	2348.449556	0.000000	0.000167	139.818088	3.0
110	2386.788976	0.000000	0.000167	116.158123	2.9
111	2310.344102	0.000000	0.000167	136.703493	3.0
112	2335.728768	0.000000	0.000167	154.210929	3.4
113	2411.179911	0.000000	0.000167	133.081779	3.4
114	2262.304159	0.000000	0.000167	124.946573	3.3
115	2313.773753	0.000000	0.000167	119.386023	3.0
116	2256.690880	0.000000	0.000167	116.464947	2.7
117	2394.087100	0.000000	0.000167	195.776811	2.2
118	2390.018658	0.000000	0.000167	115.388786	2.1
119	2208.371537	0.000000	0.000167	312.881258	2.2
120	2241.746047	0.000000	0.000167	235.154196	2.2
121	2300.192721	0.210558	0.000165	125.452392	2.1
122	2288.581790	0.201959	0.000166	133.906111	2.1
123	2386.239883	0.196745	0.000166	139.390019	2.0
124	2240.767551	0.188654	0.000166	110.229756	2.2
125	2275.336104	0.182459	0.000166	129.084450	6.2
126	2261.236490	0.176897	0.000166	209.130643	2.2
127	2334.689938	0.178481	0.000166	142.042958	2.7
128	2256.089903	0.168399	0.000166	119.496369	2.7
129	2308.722403	0.160493	0.000166	114.759770	2.6
130	2316.846582	0.154076	0.000166	176.590728	2.6
131	2259.401122	0.147089	0.000166	191.751214	2.1
132	2325.144107	0.150329	0.000166	156.854003	2.1
133	2290.574897	0.151574	0.000166	163.570409	2.3
134	2297.211921	0.142385	0.000166	174.062732	2.1
135	2266.964835	0.146779	0.000166	130.433240	2.0
136	2157.176612	0.138749	0.000166	120.212148	2.1
137	2282.465807	0.131708	0.000166	135.644578	2.5
138	2368.823076	0.129317	0.000166	125.674387	4.8
139	2208.008697	0.121755	0.000166	129.628634	4.9
140	2182.506157	0.115646	0.000166	129.417283	4.7
141	2292.479448	0.108146	0.000166	99.229804	3.5
142	2305.226406	0.102537	0.000166	161.746164	2.9
143	2293.007922	0.095646	0.000166	234.122146	3.0
144	2302.290800	0.104794	0.000166	214.783909	2.8
145	2307.323470	0.168414	0.000166	123.265532	2.9
146	2361.255442	0.171350	0.000166	134.807186	2.8
147	2166.300087	0.169542	0.000166	154.740376	2.5
148	2227.485967	0.173089	0.000166	167.573863	2.3
149	2295.787287	0.163483	0.000166	113.460696	2.4
150	2229.372545	0.161271	0.000166	142.142216	4.6
151	2267.153087	0.155576	0.000166	155.478655	4.5
152	2247.837987	0.155201	0.000166	128.127229	4.5
153	2272.791718	0.154235	0.000166	182.064599	3.6
154	2219.949963	0.159705	0.000166	175.552458	3.3
155	2189.832604	0.178150	0.000166	110.933173	3.4
156	2293.812416	0.174328	0.000166	137.251690	2.7
157	2276.977054	0.167882	0.000166	137.441810	2.8
158	2280.932632	0.165800	0.000166	149.108637	2.8
159	2181.685336	0.159410	0.000166	185.060014	2.8
160	2332.271987	0.156257	0.000166	159.115907	2.5
161	2173.411730	0.163338	0.000166	238.322329	2.5
162	2145.860921	0.156259	0.000166	122.535640	2.6
163	2204.693560	0.159105	0.000166	99.407207	2.6
164	2246.862486	0.156089	0.000166	109.783335	2.4
165	2209.267150	0.150460	0.000166	141.396589	2.3
166	2200.533895	0.147779	0.000166	96.450399	2.3
167	2106.989196	0.141427	0.000166	144.347618	2.3
168	2308.607312	0.135635	0.000166	142.357807	2.2
169	2196.083924	0.139397	0.000166	154.928478	2.3
170	2200.418808	0.130081	0.000166	123.815239	2.3
171	2143.597123	0.127429	0.000166	160.408985	2.2
172	2223.375223	0.126207	0.000166	126.929888	2.1
173	2216.050728	0.123871	0.000166	209.760991	2.1
174	2285.191811	0.132426	0.000166	123.481916	2.1
175	2225.853702	0.125024	0.000166	191.652852	2.0
176	2209.531047	0.127563	0.000166	196.047093	2.0
177	2177.126583	0.116461	0.000166	160.270188	2.2
178	2295.584356	0.131963	0.000166	145.957567	2.2
179	2189.783257	0.123503	0.000166	84.061830	2.2
180	2260.690802	0.118398	0.000166	217.575179	2.2
181	2148.539740	0.113627	0.000166	296.235682	2.2
182	2173.129786	0.333864	0.000164	133.641959	2.0
183	2124.155547	0.360921	0.000164	115.449685	2.0
184	2197.563031	0.353705	0.000164	209.808903	2.0
185	2210.143581	0.359184	0.000164	186.654109	2.0
186	2084.146692	0.391637	0.000164	140.597813	1.9
187	2177.897384	0.403813	0.000164	105.446731	2.0
188	2175.470845	0.396521	0.000164	112.318931	1.9
189	2156.695059	0.393369	0.000164	214.003367	1.9
190	2141.916061	0.384426	0.000164	86.185448	2.7
191	2156.656803	0.380542	0.000164	124.360287	2.0
192	2278.782737	0.375827	0.000164	189.111310	2.5
193	2318.513739	0.381574	0.000164	192.523991	2.0
194	2330.141212	0.370628	0.000164	89.128949	2.0
195	2072.346288	0.364075	0.000164	216.042953	2.3
196	2130.852410	0.361757	0.000164	243.707633	2.0
197	2149.813345	0.368819	0.000164	120.362406	2.0
198	2117.004135	0.362964	0.000164	175.190555	2.4
199	2180.494667	0.357968	0.000164	199.074236	1.9
200	2193.034606	0.347136	0.000164	290.934247	2.0
201	2149.773726	0.476023	0.000163	99.036805	2.1
202	2115.725423	0.483461	0.000163	110.147285	2.1
203	2194.657976	0.477344	0.000163	130.739843	2.0
204	2173.649970	0.474957	0.000163	93.136292	2.0
205	2129.280596	0.470534	0.000163	91.199447	1.9
206	2075.738736	0.466158	0.000163	176.805932	2.0
207	2176.671957	0.461486	0.000164	254.425856	2.0
208	2182.929180	0.474029	0.000163	241.197921	1.9
209	2150.230285	0.679833	0.000162	184.246526	2.0
210	2202.192961	0.735375	0.000161	167.092102	2.0
211	2177.074321	0.725054	0.000162	168.346342	2.0
212	2034.849594	0.740336	0.000161	161.941133	2.0
213	2195.276541	0.731096	0.000161	97.510907	2.0
214	2205.666873	0.732264	0.000161	245.110026	2.0
215	2101.900309	0.725471	0.000162	75.153874	2.0
216	2238.796103	0.721942	0.000162	171.680705	1.9
217	2121.749734	0.718417	0.000162	92.843769	1.9
218	2201.202841	0.712615	0.000162	100.922475	2.0
219	1964.608675	0.709383	0.000162	84.957918	2.0
220	2074.919849	0.706534	0.000162	91.853121	4.0
221	2184.862583	0.702124	0.000162	184.616860	2.0
222	2036.195239	0.699517	0.000162	203.290930	2.0
223	2072.372889	0.730403	0.000161	91.827619	4.8
224	2094.926465	0.723715	0.000162	101.935980	4.7
225	2182.498500	0.722631	0.000162	170.775662	3.9
226	2238.765710	0.729556	0.000162	213.949526	2.9
227	2143.246509	0.721837	0.000162	172.991003	2.9
228	2121.341834	0.743570	0.000161	76.819214	2.8
229	2237.446816	0.742005	0.000161	224.244157	2.7
230	2115.532301	0.738037	0.000161	113.773712	2.2
231	2138.318300	0.730370	0.000161	206.328858	5.4
232	2162.397834	0.725503	0.000162	150.258970	2.5
233	2138.873844	0.732006	0.000161	69.033097	2.8
234	2200.032861	0.728986	0.000162	94.850065	2.8
235	2082.624861	0.726004	0.000162	139.748309	2.8
236	2186.784118	0.726009	0.000162	130.408573	2.8
237	2108.735024	0.728065	0.000162	137.330871	2.6
238	2058.395143	0.731102	0.000161	195.498224	2.4
239	2048.677094	0.722919	0.000162	160.632714	2.5
240	2074.133992	0.747012	0.000161	86.046515	2.2
241	2109.736028	0.749209	0.000161	174.029965	2.3
242	2122.599447	0.746877	0.000161	108.837564	2.3
243	2072.323131	0.741085	0.000161	93.983697	2.3
244	2110.874462	0.738780	0.000161	92.912476	2.1
245	2070.168314	0.734916	0.000161	79.572186	2.1
246	2068.025511	0.733059	0.000161	100.393742	2.0
247	2117.018669	0.729306	0.000162	128.409884	2.1
248	2092.964228	0.728614	0.000162	78.249025	2.0
249	2069.497052	0.725945	0.000162	79.809828	1.9
250	2053.970872	0.722247	0.000162	81.953997	1.9
251	2115.888424	0.718503	0.000162	89.519635	2.0
252	2076.662778	0.714143	0.000162	191.154601	2.0
253	2038.375884	0.717883	0.000162	232.169273	1.9
254	2064.811758	0.766713	0.000161	153.564853	2.0
255	1964.676596	0.814094	0.000161	177.451604	1.9
256	2056.362540	0.815377	0.000161	103.925837	1.9
257	2086.753529	0.823970	0.000161	108.680837	1.9
258	2095.839236	0.818966	0.000161	83.653363	1.9
259	2004.662640	0.817341	0.000161	137.807855	1.9
260	2057.419677	0.812053	0.000161	115.654455	1.9
261	2187.808457	0.807444	0.000161	102.519159	1.9
262	2142.292039	0.801495	0.000161	89.718422	1.9
263	1955.824361	0.796634	0.000161	98.398755	1.9
264	2172.667678	0.794987	0.000161	116.602420	1.9
265	1929.292069	0.788730	0.000161	110.693694	1.9
266	2037.867178	0.790145	0.000161	65.050792	1.9
267	2028.271685	0.786880	0.000161	189.672013	1.9
268	2101.235321	0.785756	0.000161	136.555536	1.9
269	2092.991128	0.806238	0.000161	154.912759	2.0
270	2188.685061	0.797541	0.000161	102.619773	1.9
271	2015.300069	0.805054	0.000161	92.689667	1.9
272	2033.548698	0.802509	0.000161	108.248864	1.9
273	1964.644391	0.798080	0.000161	113.247866	2.0
274	2025.118489	0.800583	0.000161	91.289608	1.9
275	2098.026554	0.795025	0.000161	88.371898	1.9
276	2135.288181	0.790500	0.000161	76.013789	1.9
277	2032.038839	0.787603	0.000161	185.761474	2.0
278	2065.130374	0.787448	0.000161	115.033269	1.9
279	1968.797600	0.801801	0.000161	201.128416	1.9
280	1991.244594	0.792951	0.000161	186.474821	1.9
281	1994.841509	0.798108	0.000161	116.728861	2.0
282	2095.899485	0.789836	0.000161	169.625440	2.1
283	2063.112387	0.786959	0.000161	184.932853	2.0
284	2089.338247	0.786615	0.000161	143.964001	2.0
285	2132.162856	0.804241	0.000161	248.475589	2.0
286	2150.782967	0.797783	0.000161	182.391959	1.9
287	2090.675548	0.914527	0.000160	124.383919	1.9
288	1967.023143	0.918664	0.000160	62.628058	1.9
289	2049.587332	0.917334	0.000160	143.863320	1.9
290	2133.757527	0.915983	0.000160	264.337346	1.9
291	2021.989093	0.951640	0.000160	174.863867	1.9
292	2118.046226	0.940111	0.000160	140.132809	1.9
293	2038.302083	0.955799	0.000160	114.951629	1.9
294	2001.972765	0.950130	0.000160	131.568334	1.9
295	2029.712191	0.944853	0.000160	130.892574	2.0
296	2095.540945	0.956868	0.000160	126.076490	2.0
297	2152.852425	0.960534	0.000160	66.701201	1.9
298	2003.283349	0.958176	0.000160	78.122704	1.9
299	1999.447258	0.955022	0.000160	126.245018	2.1
300	2101.191931	0.954879	0.000160	157.750471	4.8
301	2123.391389	0.969927	0.000160	78.954897	3.6
302	2083.217716	0.967360	0.000160	69.597455	1.9
303	2099.387995	0.966353	0.000160	122.503613	2.2
304	2109.736497	0.965215	0.000160	113.898290	2.8
305	2044.095326	0.967768	0.000160	114.159588	2.4
306	2044.854592	0.974079	0.000160	146.320334	2.4
307	2119.318987	0.971363	0.000160	101.373659	2.3
308	2123.632159	0.971154	0.000160	73.450211	2.2
309	2012.790377	0.971925	0.000160	110.410747	2.3
310	1949.543280	0.972848	0.000160	168.320275	2.2
311	2069.598001	0.984933	0.000160	123.565274	2.4
312	2114.031326	0.998717	0.000160	109.208549	4.6
313	2095.964104	0.992699	0.000160	177.770276	4.8
314	2028.764142	1.005146	0.000159	199.360753	4.0
315	2047.534693	1.013887	0.000159	204.985515	4.8
316	2065.385616	1.093811	0.000159	243.651058	3.4
317	2003.266031	1.135987	0.000159	150.030662	3.1
318	2022.233327	1.210268	0.000158	84.616747	3.1
319	1984.607976	1.208742	0.000158	69.741172	3.0
320	1972.171330	1.208536	0.000158	139.341812	2.4
321	2050.236142	1.204331	0.000158	118.831686	2.4
322	1952.918381	1.200003	0.000158	137.594432	2.3
323	2005.756661	1.210984	0.000158	76.237779	2.4
324	2029.223707	1.205210	0.000158	215.943640	2.5
325	1982.504385	1.205082	0.000158	56.801520	2.5
326	2104.491479	1.207304	0.000158	138.459428	2.4
327	2146.920352	1.208187	0.000158	274.081253	2.5
328	2098.407260	1.270867	0.000158	236.745632	2.0
329	1996.349142	1.260115	0.000158	355.801341	2.0
330	2016.811246	1.645425	0.000155	170.567002	2.0
331	2109.809545	1.913751	0.000153	109.373834	1.9
332	2170.230655	1.905871	0.000153	112.225975	1.9
333	2014.080518	1.899793	0.000153	67.379273	2.0
334	1951.245658	1.900581	0.000153	111.564023	1.9
335	2153.164592	1.897544	0.000153	87.071217	1.9
336	1957.687822	1.893553	0.000153	125.821415	2.0
337	2012.920161	1.895973	0.000153	301.532363	1.9
338	2104.102813	1.893963	0.000153	312.964969	2.0
339	2056.031399	2.677846	0.000148	203.591810	1.9
340	2029.932548	2.889049	0.000147	97.829831	2.0
341	2098.530827	2.896228	0.000147	60.525361	2.0
342	2056.968109	2.892973	0.000147	255.256225	1.9
343	2043.916540	2.897709	0.000147	91.050589	1.9
344	1961.907011	2.912224	0.000147	143.664104	1.9
345	2147.584780	2.906228	0.000147	88.871785	1.9
346	2002.249126	2.913980	0.000147	71.117894	2.0
347	1950.824390	2.911185	0.000147	118.940024	1.9
348	2067.418554	2.909396	0.000147	134.603733	1.9
349	2123.632206	2.904016	0.000147	102.959807	1.9
350	2106.696770	2.898629	0.000147	70.617772	1.9
351	1992.450386	2.894175	0.000147	67.581846	1.9
352	1965.111620	2.893322	0.000147	257.948981	2.1
353	2005.534622	2.898917	0.000147	98.979634	4.7
354	1961.083981	2.919824	0.000147	105.090847	4.6
355	2056.652845	2.914059	0.000147	63.861826	3.7
356	2138.442089	2.914668	0.000147	112.503984	2.4
357	1953.369358	2.915333	0.000147	143.229064	2.4
358	1991.595020	2.925936	0.000147	67.105654	2.4
359	2058.128292	2.927927	0.000147	100.156790	2.6
360	1999.195673	2.928543	0.000147	164.360231	2.6
361	2063.575447	2.921837	0.000147	197.835907	2.6
362	1985.850970	2.940918	0.000147	163.976952	2.6
363	2040.404520	2.930586	0.000147	76.690594	2.8
364	1994.533630	2.935686	0.000147	139.246213	2.8
365	2018.461614	2.929987	0.000147	80.607308	3.0
366	1979.814725	2.935593	0.000147	169.297943	3.6
367	1996.305121	2.942372	0.000147	88.944582	4.9
368	2050.211603	2.936208	0.000147	63.185211	4.8
369	2076.775829	2.934621	0.000147	109.629018	4.1
370	1995.117422	2.932532	0.000147	92.263375	3.3
371	2062.943172	2.927216	0.000147	143.215551	4.9
372	2039.509698	2.935165	0.000147	65.498384	4.1
373	1953.785862	2.931050	0.000147	133.290315	3.4
374	2053.470184	2.928579	0.000147	103.712794	3.8
375	1954.852102	2.939052	0.000147	257.785922	3.7
376	2002.549816	2.937463	0.000147	68.732207	2.8
377	2114.995195	2.953472	0.000147	77.261315	2.8
378	1931.641492	2.954125	0.000147	89.004669	2.8
379	1994.392932	2.955467	0.000146	65.000218	3.0
380	1980.945790	2.956666	0.000146	62.892065	4.6
381	1964.384599	2.954081	0.000147	99.881634	4.5
382	2023.730345	2.954453	0.000146	106.946371	3.6
383	1973.272907	2.948636	0.000147	112.025200	3.7
384	2016.027351	2.949670	0.000147	87.291937	3.6
385	2096.245314	2.946355	0.000147	81.139155	2.9
386	2003.506039	2.948662	0.000147	180.923696	3.0
387	1957.209760	2.942832	0.000147	143.515605	3.0
388	1986.594065	2.967071	0.000146	187.003283	2.8
389	2036.569411	2.976679	0.000146	77.783735	2.8
390	2028.945281	2.969534	0.000146	79.821771	2.8
391	1997.073888	2.965787	0.000146	160.766881	2.9
392	2083.593158	2.975812	0.000146	49.003015	3.3
393	2061.122982	2.971838	0.000146	49.883394	2.5
394	1932.774532	2.970529	0.000146	129.541577	2.5
395	2064.872018	2.971172	0.000146	113.643948	2.4
396	2034.361436	2.983937	0.000146	107.354069	2.4
397	1915.645990	2.982006	0.000146	66.188945	3.4
398	1967.003067	2.980276	0.000146	129.329073	2.5
399	1882.376536	2.982549	0.000146	88.097754	4.5
400	1970.704942	2.979477	0.000146	106.345194	4.4
401	2006.532759	2.983200	0.000146	154.982372	3.6
402	1987.365465	3.000534	0.000146	45.108394	3.4
403	1991.965550	3.001887	0.000146	72.912176	3.3
404	2062.706708	2.999908	0.000146	94.377868	2.8
405	2042.865495	3.002634	0.000146	144.393904	2.8
406	1967.795821	3.008421	0.000146	63.288932	2.8
407	2055.017999	3.005842	0.000146	47.749078	2.7
408	2141.629520	3.004047	0.000146	161.105741	2.4
409	1935.883531	3.003742	0.000146	64.920672	2.5
410	2055.432872	3.010241	0.000146	193.589236	2.4
411	2070.881094	3.018670	0.000146	121.312041	2.4
412	1929.057776	3.032998	0.000146	208.658724	2.2
413	2039.653173	3.024260	0.000146	78.352683	2.2
414	2024.437502	3.017320	0.000146	100.554190	2.1
415	2069.749358	3.019489	0.000146	150.815209	2.2
416	1996.903223	3.024936	0.000146	88.802482	2.2
417	1956.986890	3.019221	0.000146	84.878386	2.1
418	1901.824840	3.021048	0.000146	91.561282	2.1
419	2019.011698	3.023168	0.000146	51.812501	2.1
420	1989.419642	3.020484	0.000146	102.074003	2.1
421	2076.604038	3.022375	0.000146	105.228936	2.1
422	1937.724400	3.019347	0.000146	86.288700	2.1
423	2099.919456	3.014507	0.000146	70.587955	2.0
424	1961.402269	3.016615	0.000146	143.577921	2.0
425	1960.796733	3.020698	0.000146	84.259671	2.0
426	2145.835147	3.020472	0.000146	50.594595	2.0
427	1944.479563	3.018169	0.000146	122.371120	2.0
428	2012.712225	3.018838	0.000146	51.256528	2.1
429	1908.940446	3.018808	0.000146	127.725781	2.0
430	1975.659643	3.017324	0.000146	82.606999	2.0
431	2130.987314	3.011759	0.000146	191.526673	2.0
432	2014.758439	3.014623	0.000146	117.757677	2.0
433	1952.735939	3.031241	0.000146	163.490574	2.0
434	1907.636945	3.043865	0.000146	51.551826	2.0
435	1986.841482	3.039498	0.000146	96.859837	2.1
436	2016.219022	3.041106	0.000146	72.745082	2.2
437	2102.875240	3.037724	0.000146	71.673342	2.2
438	2029.048247	3.035060	0.000146	94.142538	2.2
439	1969.751026	3.037556	0.000146	132.817638	2.2
440	2004.798310	3.034507	0.000146	192.267893	2.2
441	1964.905564	3.059991	0.000146	151.196652	2.8
442	1980.864271	3.105146	0.000146	49.720649	4.5
443	2065.286811	3.106841	0.000146	55.792847	4.3
444	1933.742518	3.105643	0.000146	90.884019	4.2
445	2027.683582	3.106114	0.000146	221.065706	4.2
446	2011.160779	3.126825	0.000145	203.970755	3.3
447	2005.092388	3.282509	0.000145	74.054074	3.3
448	2008.382749	3.275410	0.000145	84.528950	3.1
449	2057.812140	3.274980	0.000145	101.437837	2.7
450	1914.285695	3.273847	0.000145	93.513326	3.5
451	1986.478572	3.276365	0.000145	69.851473	2.6
452	2026.019630	3.276024	0.000145	143.055087	2.5
453	1979.445413	3.276783	0.000145	218.275700	2.5
454	2069.161794	3.337805	0.000144	203.840654	2.5
455	1949.387069	3.384684	0.000144	75.051251	2.5
456	1952.765238	3.396194	0.000144	181.526810	2.6
457	1995.025753	3.406656	0.000144	109.580802	2.2
458	2023.759811	3.430607	0.000144	52.673095	2.3
459	1935.695266	3.433804	0.000144	115.183458	2.2
460	1862.727236	3.437262	0.000144	40.617957	4.4
461	2026.115250	3.436508	0.000144	105.697729	2.7
462	1966.801863	3.436568	0.000144	63.443630	2.7
463	1910.601855	3.433240	0.000144	191.757431	2.6
464	2011.883952	3.440649	0.000144	74.455934	2.3
465	2009.270545	3.433855	0.000144	103.671749	2.0
466	1941.050150	3.437670	0.000144	204.157934	2.0
467	1942.022699	3.430540	0.000144	55.679600	1.9
468	2087.916845	3.425272	0.000144	89.108229	1.9
469	1898.630017	3.425293	0.000144	72.569203	2.1
470	1957.648501	3.427010	0.000144	155.430623	2.0
471	2049.109985	3.435035	0.000144	56.217442	2.0
472	1929.614285	3.439711	0.000144	97.401836	2.0
473	2001.555391	3.436758	0.000144	115.098676	2.0
474	1970.250670	3.443265	0.000144	31.666710	2.0
475	1978.009268	3.443234	0.000144	85.853370	1.9
476	2002.936191	3.443145	0.000144	43.773274	1.9
477	1985.501318	3.443827	0.000144	75.545127	2.0
478	2005.577855	3.441496	0.000144	97.427655	2.0
479	1981.408660	3.443720	0.000144	209.789835	2.0
480	1943.142462	3.468497	0.000143	42.574819	1.9
481	2091.070437	3.465484	0.000143	93.679741	2.0
482	2045.700724	3.466628	0.000143	62.744458	1.9
483	1960.971267	3.468746	0.000143	49.745491	1.9
484	2004.075448	3.469421	0.000143	79.234201	1.9
485	1941.533557	3.468097	0.000143	35.985161	2.0
486	1999.825619	3.467829	0.000143	59.113910	2.0
487	2104.582665	3.467976	0.000143	94.585094	2.0
488	1998.902212	3.470706	0.000143	105.143940	2.1
489	1932.073248	3.465050	0.000143	51.302610	2.1
490	2061.741225	3.467360	0.000143	113.628309	2.1
491	1921.506135	3.467586	0.000143	198.089777	2.1
492	2001.660933	3.501928	0.000143	96.102102	2.1
493	1991.553834	3.494234	0.000143	108.483832	2.2
494	2021.035864	3.496720	0.000143	43.674396	2.2
495	1882.490777	3.494552	0.000143	117.359383	2.2
496	2076.392102	3.494523	0.000143	102.833145	2.2
497	1968.268916	3.488981	0.000143	107.976593	2.2
498	2043.551900	3.497734	0.000143	64.447917	2.4
499	2035.833920	3.496705	0.000143	173.994547	2.3
500	1956.432535	3.500421	0.000143	35.392973	2.3
501	1961.919609	3.498316	0.000143	121.377254	2.3
502	2120.997844	3.498138	0.000143	92.593966	2.1
503	1984.466495	3.491851	0.000143	109.788858	2.1
504	1980.096324	3.500098	0.000143	132.832549	2.1
505	1996.675789	3.515434	0.000143	124.891841	2.1
506	1872.573465	3.517468	0.000143	74.349290	2.2
507	2057.985775	3.515576	0.000143	55.272430	4.6
508	1991.792652	3.514472	0.000143	243.899139	4.9
509	2070.371390	3.508464	0.000143	74.717801	4.4
510	2000.357313	3.524107	0.000143	156.970038	4.4
511	2036.963299	3.528443	0.000143	131.638103	2.6
512	1989.069534	3.526085	0.000143	170.661774	2.9
513	2017.943523	3.524599	0.000143	50.358385	2.9
514	1988.000653	3.520022	0.000143	199.468321	2.9
515	2017.061209	3.516290	0.000143	106.055940	4.5
516	1957.282771	3.524521	0.000143	78.750264	4.4
517	2043.397379	3.524123	0.000143	99.005248	3.6
518	2036.071813	3.527258	0.000143	102.330651	3.4
519	1959.395171	3.522288	0.000143	252.357733	3.2
520	1987.471605	3.540602	0.000143	63.579137	2.7
521	2029.485478	3.557725	0.000143	179.518409	3.8
522	2028.325116	3.552166	0.000143	181.530447	2.6
523	2004.312939	3.628367	0.000142	122.054097	2.6
524	1959.518500	3.662583	0.000142	41.958553	2.4
525	1995.218517	3.659928	0.000142	110.903825	2.9
526	2000.755628	3.660785	0.000142	105.906867	2.4
527	1919.523156	3.664963	0.000142	149.614252	2.3
528	1954.023293	3.680456	0.000142	81.264115	2.2
529	1922.983596	3.686910	0.000142	74.649286	2.2
530	1925.186369	3.683039	0.000142	50.959294	2.3
531	2030.401395	3.682390	0.000142	78.980200	2.3
532	1973.868573	3.684076	0.000142	50.659295	2.1
533	1964.697869	3.684900	0.000142	34.493816	2.1
534	1991.006418	3.684370	0.000142	49.201564	2.2
535	1933.180759	3.684236	0.000142	139.197293	5.2
536	1989.679921	3.689152	0.000142	71.401965	4.7
537	2041.658407	3.695847	0.000142	191.955666	4.7
538	1968.921832	3.689578	0.000142	138.223401	2.9
539	2063.253447	3.707064	0.000142	125.711286	2.4
540	1998.241406	3.706827	0.000142	38.718417	2.4
541	1965.271502	3.708414	0.000142	99.447330	3.6
542	1947.130232	3.708714	0.000142	241.608051	5.0
543	1953.425847	3.739680	0.000142	146.376463	4.6
544	1896.721009	3.803813	0.000141	54.034137	2.3
545	1974.419896	3.803208	0.000141	66.272466	2.2
546	2056.095050	3.801603	0.000141	65.753372	2.2
547	1964.040073	3.803343	0.000141	151.733664	2.2
548	1918.100675	3.809192	0.000141	67.549496	2.0
549	2105.779835	3.804689	0.000141	184.621056	2.0
550	1953.648883	3.802557	0.000141	162.308469	2.0
551	1949.690838	3.819540	0.000141	55.729440	2.1
552	1976.578676	3.820698	0.000141	179.322453	2.0
553	1942.518465	3.816069	0.000141	61.641698	2.1
554	1918.044827	3.812036	0.000141	89.249013	2.0
555	1947.833853	3.810774	0.000141	102.327226	2.0
556	1970.314963	3.813022	0.000141	53.354020	2.0
557	1976.515135	3.814745	0.000141	98.239063	2.0
558	1898.290075	3.816970	0.000141	111.843321	1.9
559	1927.681484	3.815334	0.000141	72.757647	1.9
560	2095.170764	3.819037	0.000141	123.366064	1.9
561	1938.101574	3.813716	0.000141	155.113859	2.0
562	1945.354161	3.833982	0.000141	78.606097	1.9
563	1977.688147	3.843413	0.000141	166.050607	2.0
564	1978.203413	3.836818	0.000141	102.075430	2.0
565	1925.821829	3.855994	0.000141	188.941786	2.0
566	1933.006666	3.858991	0.000141	167.539770	1.9
567	1917.407380	3.927141	0.000141	62.200902	1.9
568	1903.723767	3.921299	0.000141	29.903585	1.9
569	1954.669376	3.920653	0.000141	84.497157	1.9
570	2002.743507	3.920740	0.000141	285.043366	1.9
571	1964.102087	3.957461	0.000141	59.454268	2.0
572	1886.117597	3.956337	0.000141	71.415540	1.9
573	2066.462896	3.957224	0.000141	127.192436	1.9
574	1916.483789	3.960881	0.000141	75.532222	1.9
575	2036.154170	3.956494	0.000141	56.494875	1.9
576	1959.422547	3.957123	0.000141	145.486771	1.9
577	1957.432591	3.963627	0.000141	64.236276	2.0
578	1920.216547	3.963836	0.000141	27.038991	1.9
579	2070.501396	3.964158	0.000141	44.370079	1.9
580	1954.474786	3.964041	0.000141	41.238299	1.9
581	2032.170159	3.963266	0.000141	115.577959	2.0
582	1978.394983	3.961236	0.000141	70.378605	2.0
583	1998.296748	3.963615	0.000141	66.758559	2.0
584	1909.381256	3.965231	0.000141	103.859154	1.9
585	2010.637718	3.963042	0.000141	86.672682	2.0
586	1976.545735	3.963649	0.000141	139.439272	2.0
587	1923.539393	3.968585	0.000141	82.790037	1.9
588	1898.265684	3.979297	0.000140	103.685460	2.0
589	1979.992204	3.985373	0.000140	152.315926	2.0
590	2051.276924	3.984273	0.000140	259.414293	1.9
591	1977.738592	4.026178	0.000140	180.681518	1.9
592	1935.966233	4.214843	0.000139	49.056158	1.9
593	2065.906455	4.209786	0.000139	97.526569	1.9
594	1989.530818	4.209947	0.000139	135.333422	1.9
595	2009.115150	4.223807	0.000139	30.156583	1.9
596	1885.719471	4.222412	0.000139	140.733694	1.9
597	1948.509894	4.222331	0.000139	137.162624	1.9
598	1911.588063	4.242251	0.000139	108.883349	1.9
599	1898.742812	4.256879	0.000139	164.760577	1.9
600	2054.750028	4.248758	0.000139	175.227820	2.0
601	1951.084450	4.294507	0.000139	147.435896	2.0
602	2055.162294	4.341811	0.000138	162.949603	1.9
603	1978.486607	4.377369	0.000138	53.637496	2.1
604	1994.763920	4.383357	0.000138	246.103441	2.0
605	2068.097857	4.390246	0.000138	169.367833	2.1
606	2000.219088	4.457938	0.000138	42.203260	2.2
607	1946.109147	4.461489	0.000138	65.038991	2.0
608	1961.015773	4.459569	0.000138	73.734452	2.0
609	1944.377340	4.462048	0.000138	151.888602	1.9
610	1945.399022	4.455835	0.000138	75.510756	2.0
611	1952.722776	4.458192	0.000138	95.446520	1.9
612	1937.779241	4.458805	0.000138	85.171413	1.9
613	1945.879654	4.454317	0.000138	99.623791	1.9
614	1995.644955	4.461205	0.000138	102.738882	1.9
615	1966.480906	4.458133	0.000138	63.238517	1.9
616	2089.407541	4.457259	0.000138	141.891227	1.9
617	1958.742209	4.465023	0.000138	74.357551	1.9
618	1917.494213	4.458991	0.000138	36.923401	1.8
619	2027.803553	4.459722	0.000138	59.630154	2.1
620	1982.499260	4.460969	0.000138	134.448438	2.7
621	1912.850090	4.461058	0.000138	74.617149	2.0
622	1958.285458	4.455368	0.000138	113.358895	2.0
623	1927.318365	4.458091	0.000138	98.223669	2.0
624	1951.886576	4.469131	0.000138	125.751084	1.9
625	1975.596669	4.465555	0.000138	69.900134	2.1
626	1964.097613	4.470969	0.000138	66.915995	3.8
627	2060.540916	4.468488	0.000138	85.800687	2.1
628	2065.496242	4.468104	0.000138	182.220818	2.0
629	1979.208485	4.463835	0.000138	80.033170	4.4
630	2032.068846	4.480001	0.000138	38.639773	2.1
631	2068.563882	4.479126	0.000138	74.418650	2.1
632	1979.614912	4.478544	0.000138	70.298259	2.3
633	1986.332969	4.475339	0.000138	140.384518	4.4
634	2152.428978	4.484595	0.000138	140.676006	2.4
635	1919.208574	4.490123	0.000138	171.149589	2.9
636	1941.611829	4.497775	0.000138	61.525863	2.8
637	2036.081317	4.496167	0.000138	269.084686	2.8
638	2007.630331	4.507083	0.000138	129.999453	2.7
639	2025.932972	4.501085	0.000138	162.691401	2.2
640	1903.287712	4.495491	0.000138	138.222735	2.1
641	1987.884387	4.497325	0.000138	99.298751	2.2
642	1956.356596	4.513580	0.000138	50.900289	2.7
643	2005.831041	4.514868	0.000138	205.195019	2.8
644	1867.510426	4.524656	0.000137	71.283887	2.8
645	1983.260512	4.540189	0.000137	69.134328	2.9
646	2089.598063	4.536994	0.000137	136.289878	3.1
647	1958.719271	4.542917	0.000137	20.109352	1.9
648	2034.028062	4.541964	0.000137	118.794062	1.9
649	2028.319150	4.542654	0.000137	171.918563	2.0
650	1941.019323	4.534002	0.000137	156.725768	2.0
651	1931.687521	4.586156	0.000137	89.147292	2.0
652	1955.467012	4.597649	0.000137	158.375472	1.9
653	1919.075231	4.596329	0.000137	57.008196	2.0
654	1929.863767	4.595064	0.000137	51.206802	2.0
655	1951.203944	4.593543	0.000137	140.608616	1.9
656	1982.622877	4.595206	0.000137	101.346588	2.0
657	1999.636465	4.588271	0.000137	103.743267	1.9
658	1991.640092	4.597301	0.000137	132.472414	2.0
659	2096.711699	4.596848	0.000137	151.471885	2.0
660	1943.540766	4.613047	0.000137	155.608504	2.0
661	2017.089630	4.604978	0.000137	279.308206	1.9
662	1921.584142	4.757561	0.000136	83.616711	2.0
663	1929.522921	4.751874	0.000136	211.833061	1.9
664	2048.058998	4.754947	0.000136	133.726981	1.9
665	2012.729872	4.778151	0.000136	19.707473	1.9
666	2005.476098	4.778295	0.000136	137.892406	2.0
667	2011.166196	4.777225	0.000136	147.672980	2.0
668	1944.331087	4.807936	0.000136	214.588493	2.0
669	2050.141405	4.797290	0.000136	184.041947	1.9
670	2013.812177	4.884965	0.000136	150.124126	2.0
671	1912.118593	4.875193	0.000136	144.002264	1.9
672	2078.862632	4.880023	0.000136	22.892407	2.0
673	1958.803578	4.881027	0.000136	144.317937	1.9
674	1968.533583	4.881936	0.000136	58.836979	2.0
675	1964.805988	4.887536	0.000136	100.576573	1.9
676	1945.853364	4.886769	0.000136	44.580943	2.0
677	2025.404449	4.889006	0.000136	138.104637	1.9
678	1943.262263	4.885186	0.000136	109.525358	1.9
679	1946.417468	4.886786	0.000136	99.009574	2.0
680	1934.794809	4.898434	0.000136	136.626603	1.9
681	1958.975068	4.899465	0.000135	165.333245	2.0
682	1926.823568	4.926405	0.000135	161.173265	2.1
683	2056.736467	4.916370	0.000135	84.474550	2.0
684	2016.879704	4.922227	0.000135	74.708730	2.0
685	1931.422280	4.924104	0.000135	34.533893	2.1
686	1901.620891	4.924380	0.000135	63.539822	2.0
687	1932.780778	4.923620	0.000135	106.137423	2.0
688	1853.619335	4.919551	0.000135	102.451125	1.9
689	2034.612324	4.923838	0.000135	76.670626	2.0
690	2017.456986	4.923334	0.000135	111.525116	1.9
691	1943.932406	4.924836	0.000135	116.547171	2.0
692	2038.907810	4.939939	0.000135	108.568282	2.1
693	1938.307528	4.937531	0.000135	107.792273	2.1
694	1957.182121	4.936104	0.000135	77.610685	2.2
695	1964.766795	4.931186	0.000135	136.973982	2.6
696	1969.428990	4.939309	0.000135	93.834165	1.9
697	1941.024475	4.951126	0.000135	179.204976	1.9
698	1950.126449	4.969279	0.000135	189.136165	2.0
699	1981.806381	4.964072	0.000135	28.094689	1.9
700	1957.017010	4.965747	0.000135	145.245727	1.9
701	1977.306026	4.966178	0.000135	65.735039	2.0
702	1916.191241	4.967758	0.000135	83.164733	2.0
703	1952.395350	4.964631	0.000135	187.986819	1.9
704	1960.449975	4.969586	0.000135	36.275840	2.0
705	1974.891806	4.965521	0.000135	74.466725	2.0
706	1970.165993	4.966139	0.000135	80.015640	2.0
707	1953.129157	4.968192	0.000135	67.014966	3.6
708	1941.393099	4.971079	0.000135	118.017921	4.8
709	2063.485585	4.976164	0.000135	128.339235	4.7
710	2030.803873	4.987990	0.000135	64.259737	4.6
711	1993.129085	4.985867	0.000135	86.750990	4.4
712	1978.467386	4.985914	0.000135	63.657486	4.6
713	1952.250922	4.985144	0.000135	51.370514	3.6
714	2074.563579	4.983282	0.000135	48.651921	3.2
715	1979.631614	4.984373	0.000135	46.289490	3.3
716	2064.942528	4.983518	0.000135	54.763469	2.3
717	1885.948535	4.983383	0.000135	121.439031	2.1
718	1946.079905	4.988262	0.000135	42.599552	2.1
719	2000.387323	4.989125	0.000135	117.831537	2.0
720	1887.815782	4.989501	0.000135	50.003053	5.1
721	1870.751430	4.989836	0.000135	48.672469	4.6
722	2051.778944	4.991406	0.000135	226.657391	4.6
723	2065.319481	4.997142	0.000135	162.901715	2.6
724	1951.784115	5.088063	0.000135	62.356531	4.7
725	1933.346444	5.086119	0.000135	26.698103	4.4
726	1910.137138	5.085715	0.000135	130.381050	2.9
727	1988.212676	5.085940	0.000135	50.943539	2.9
728	1990.004872	5.086801	0.000135	31.399181	3.0
729	2050.758079	5.085883	0.000135	77.054436	3.2
730	1940.198302	5.085727	0.000135	88.057524	3.2
731	1971.260420	5.084404	0.000135	65.499579	3.1
732	1986.042615	5.081804	0.000135	69.656235	2.5
733	2057.864549	5.084384	0.000135	97.500811	2.5
734	1978.438361	5.081014	0.000135	149.545234	2.5
735	1966.851044	5.081065	0.000135	166.118999	2.5
736	1882.622771	5.121923	0.000134	63.597615	2.2
737	1974.748636	5.122121	0.000134	104.300667	2.1
738	1925.194686	5.125771	0.000134	92.155132	2.2
739	2011.581129	5.133690	0.000134	98.163768	2.1
740	1935.454997	5.128491	0.000134	116.910892	2.1
741	1940.657644	5.137980	0.000134	150.466148	2.1
742	1987.769513	5.160565	0.000134	146.076726	2.1
743	1959.685362	5.182910	0.000134	117.056680	2.0
744	1961.352207	5.204830	0.000134	84.394310	2.1
745	2008.843112	5.213406	0.000134	58.858513	2.1
746	2057.641750	5.214496	0.000134	70.123576	2.2
747	1977.616627	5.217282	0.000134	26.686612	2.2
748	2005.192440	5.217531	0.000134	134.159636	2.2
749	1926.145707	5.218674	0.000134	158.297525	2.1
750	1879.878654	5.250278	0.000134	61.816970	2.1
751	1914.534658	5.257477	0.000134	56.493336	2.0
752	2074.509726	5.259944	0.000134	108.823891	2.1
753	1955.918175	5.256918	0.000134	23.738319	2.0
754	2027.495006	5.257227	0.000134	152.260834	2.0
755	2070.215123	5.257937	0.000134	101.330100	2.0
756	2085.558474	5.273724	0.000134	229.498896	2.0
757	1880.224558	5.265480	0.000134	56.392057	1.9
758	2128.246671	5.278460	0.000134	32.867089	2.0
759	1959.527901	5.278923	0.000134	85.391692	2.0
760	1959.213901	5.278156	0.000134	107.785031	1.9
761	1982.466303	5.274557	0.000134	129.479607	2.0
762	1941.794576	5.276455	0.000134	86.496948	2.0
763	1987.056019	5.271001	0.000134	199.791189	2.0
764	1885.252701	5.292893	0.000133	85.158909	2.0
765	1963.677729	5.286518	0.000134	143.578933	1.9
766	1871.109943	5.283580	0.000134	106.645164	2.0
767	2018.577492	5.293528	0.000133	47.148466	2.0
768	1951.342731	5.293765	0.000133	148.817547	2.0
769	2040.926591	5.292397	0.000133	124.799558	1.9
770	1979.657318	5.315799	0.000133	36.343248	2.0
771	1958.876805	5.313561	0.000133	63.704720	2.0
772	1944.947535	5.312322	0.000133	28.708322	2.1
773	1915.836230	5.311214	0.000133	101.153686	2.1
774	1914.027154	5.312611	0.000133	69.506585	1.9
775	1998.474461	5.316834	0.000133	114.326407	2.0
776	1999.418059	5.321023	0.000133	125.084607	2.0
777	1868.390463	5.322805	0.000133	41.061623	2.0
778	2002.738424	5.321134	0.000133	72.701373	2.0
779	1930.014169	5.319312	0.000133	110.189344	2.0
780	2061.534545	5.326218	0.000133	98.226740	2.0
781	2008.703696	5.322256	0.000133	160.776148	2.0
782	2030.906879	5.323370	0.000133	62.213291	1.9
783	2016.290327	5.330923	0.000133	50.985157	1.9
784	1952.520438	5.329965	0.000133	82.208643	2.1
785	1954.566433	5.327862	0.000133	164.464637	2.1
786	2075.458967	5.342698	0.000133	90.969218	2.2
787	1965.578435	5.335462	0.000133	77.135270	2.1
788	1948.691655	5.341403	0.000133	84.588967	2.0
789	1956.838442	5.340062	0.000133	124.525564	1.9
790	1981.477802	5.350535	0.000133	111.992602	1.9
791	1978.752074	5.346899	0.000133	119.032332	4.9
792	1839.496312	5.344894	0.000133	35.503696	4.5
793	2022.806233	5.343290	0.000133	80.364131	4.3
794	2045.138598	5.343122	0.000133	79.461306	3.9
795	1951.883991	5.339700	0.000133	91.971997	3.0
796	1950.732898	5.340720	0.000133	74.166855	3.7
797	2018.816935	5.340329	0.000133	184.325365	3.1
798	1992.923289	5.343471	0.000133	87.581778	2.7
799	1970.247251	5.349761	0.000133	55.917328	2.7
800	1859.344040	5.348288	0.000133	121.814590	2.7
801	1962.882001	5.345000	0.000133	35.377599	2.4
802	1902.305226	5.347236	0.000133	79.796299	2.2
803	1990.346688	5.347700	0.000133	47.636456	2.3
804	1911.252497	5.349822	0.000133	121.765311	2.2
805	1981.040699	5.353344	0.000133	88.268689	2.2
806	2009.670917	5.360058	0.000133	38.942494	1.9
807	1984.712189	5.359445	0.000133	92.565032	1.9
808	1949.726178	5.361043	0.000133	104.472120	1.9
809	2036.886901	5.369654	0.000133	43.350502	1.9
810	1992.388025	5.367392	0.000133	97.614410	2.0
811	1896.127899	5.365067	0.000133	57.420916	1.9
812	1977.047196	5.362113	0.000133	87.085792	1.9
813	1959.734353	5.364281	0.000133	61.900796	2.2
814	1905.811804	5.363888	0.000133	69.114456	1.9
815	2065.485603	5.361973	0.000133	126.576219	1.9
816	2024.216838	5.365993	0.000133	25.440580	2.0
817	2017.511350	5.365630	0.000133	83.717569	1.9
818	1957.755925	5.364421	0.000133	170.820176	1.8
819	1974.965193	5.357307	0.000133	48.833166	1.8
820	1950.915468	5.362880	0.000133	94.867388	1.9
821	1968.484889	5.362006	0.000133	134.724838	2.1
822	2017.158831	5.377318	0.000133	140.698220	3.9
823	1991.703006	5.369854	0.000133	213.959705	1.9
824	1944.015971	5.374930	0.000133	148.518487	2.2
825	1884.229511	5.446794	0.000133	152.526976	2.3
826	1947.288137	5.437875	0.000133	80.775080	2.3
827	1953.185659	5.445959	0.000133	171.601932	2.4
828	1909.625400	5.458455	0.000133	211.092632	4.5
829	1869.454148	5.547706	0.000132	21.908372	4.4
830	1930.226721	5.548587	0.000132	67.651498	4.4
831	1950.844540	5.548904	0.000132	137.987501	3.3
832	1920.550684	5.557879	0.000132	148.195406	3.6
833	1987.454027	5.589136	0.000132	59.562632	3.2
834	2039.188300	5.586538	0.000132	123.760803	2.6
835	1957.464564	5.587828	0.000132	47.234246	2.6
836	1985.052024	5.592405	0.000132	75.762054	2.6
837	1909.686207	5.592716	0.000132	163.409085	2.6
838	1872.599743	5.585981	0.000132	130.930563	2.3
839	1968.973211	5.600093	0.000132	40.402223	2.3
840	1995.680995	5.600930	0.000132	97.828197	2.3
841	1920.666728	5.599775	0.000132	105.660643	2.3
842	1934.046800	5.609736	0.000132	65.111709	2.6
843	1943.505364	5.608014	0.000132	23.495744	2.5
844	1965.560433	5.608040	0.000132	129.324872	2.6
845	1947.645908	5.608312	0.000132	39.015680	2.6
846	2045.408088	5.611038	0.000132	58.582644	2.8
847	2037.118047	5.612365	0.000132	78.319819	2.6
848	1890.687654	5.609264	0.000132	159.589860	2.7
849	2094.449232	5.616603	0.000132	213.349296	2.7
850	1899.681845	5.607535	0.000132	96.671511	2.4
851	1951.797526	5.610635	0.000132	66.277072	2.4
852	1987.758182	5.615683	0.000132	243.315421	6.5
853	2072.089379	5.627294	0.000132	27.613338	2.4
854	2013.392886	5.630497	0.000132	102.252755	2.3
855	2030.823148	5.629550	0.000132	84.129306	2.3
856	2001.097962	5.634902	0.000132	56.825703	2.5
857	2003.030965	5.637213	0.000132	68.215724	2.8
858	2022.240616	5.639895	0.000132	129.828081	4.7
859	1955.402258	5.643744	0.000132	83.502645	4.5
860	1998.983172	5.655489	0.000132	34.603936	3.2
861	2011.308881	5.653704	0.000132	68.247094	3.2
862	1943.347619	5.652207	0.000132	21.984658	3.4
863	1962.024143	5.651720	0.000132	92.138355	3.4
864	1904.555236	5.651128	0.000132	102.313580	3.3
865	1932.638769	5.660468	0.000132	98.513520	2.6
866	1920.726013	5.669925	0.000132	105.095054	2.8
867	1937.100745	5.681324	0.000132	68.199290	2.6
868	1900.511158	5.687871	0.000131	64.317464	6.1
869	2044.318573	5.690470	0.000131	117.670904	4.8
870	1984.181352	5.694450	0.000131	157.993742	4.8
871	1965.855618	5.689095	0.000131	181.399752	4.9
872	2019.434557	5.751777	0.000131	233.114823	3.2
873	2020.037963	5.837971	0.000131	55.565748	3.6
874	1988.311519	5.845689	0.000131	125.457139	3.6
875	1991.539891	5.842908	0.000131	110.251091	4.1
876	1969.251888	5.854311	0.000131	47.633005	2.9
877	1918.737228	5.853212	0.000131	164.817003	4.8
878	1946.429204	5.861017	0.000131	159.081727	4.8
879	1983.193134	5.858138	0.000131	174.961070	4.0
880	1922.146169	5.863208	0.000131	127.925211	4.1
881	2042.691748	5.898510	0.000130	173.870455	4.2
882	1921.747542	5.889654	0.000131	181.413696	3.6
883	1929.059998	5.960792	0.000130	77.210390	3.1
884	2003.292955	5.953533	0.000130	67.087171	3.2
885	1951.650050	5.950304	0.000130	70.676004	3.0
886	1986.826963	5.948196	0.000130	74.117462	2.7
887	1984.218465	5.945064	0.000130	114.801759	2.6
888	2021.260342	5.953224	0.000130	72.983472	2.6
889	1994.243890	5.961103	0.000130	158.116765	2.4
890	1914.076212	5.956989	0.000130	206.209464	2.3
891	1915.263048	6.014619	0.000130	33.549337	2.3
892	1918.745108	6.015425	0.000130	118.170408	2.3
893	1912.017038	6.014425	0.000130	88.932487	2.2
894	1867.520142	6.009593	0.000130	178.951815	2.0
895	1988.167641	6.028014	0.000130	169.040910	2.1
896	1956.577377	6.091604	0.000130	117.123962	2.0
897	2026.679286	6.082889	0.000130	159.216864	2.1
898	2049.768330	6.097485	0.000130	210.473164	2.1
899	1967.808295	6.159791	0.000129	106.149565	2.0
900	1848.858085	6.173164	0.000129	36.870710	2.1
901	1888.613891	6.175672	0.000129	104.374784	2.0
902	2010.193286	6.176688	0.000129	123.825638	2.0
903	2034.541493	6.170918	0.000129	169.739298	2.0
904	1913.387298	6.190042	0.000129	198.588521	2.0
905	2025.355746	6.194357	0.000129	121.058179	2.0
906	1946.688600	6.188563	0.000129	81.078473	2.0
907	1996.128050	6.184648	0.000129	102.107524	2.0
908	1984.674318	6.192750	0.000129	128.841142	2.0
909	1883.622143	6.200810	0.000129	77.636638	2.0
910	1939.849488	6.211335	0.000129	67.499294	2.0
911	1908.878067	6.215572	0.000129	134.179291	2.0
912	1964.143211	6.224519	0.000129	160.303440	2.0
913	1970.979263	6.215549	0.000129	184.803680	2.0
914	1967.456939	6.277840	0.000129	56.261760	2.0
915	1982.967388	6.272096	0.000129	129.619514	2.0
916	1964.889824	6.276707	0.000129	63.101209	2.0
917	2016.132260	6.274659	0.000129	138.673989	2.1
918	1979.777029	6.271738	0.000129	18.790744	2.1
919	1939.911350	6.273114	0.000129	36.092285	1.9
920	1922.163713	6.273249	0.000129	161.357182	1.9
921	2007.925677	6.276682	0.000129	43.603542	1.9
922	1991.606999	6.283110	0.000129	52.737727	1.9
923	1950.062339	6.281448	0.000129	130.915623	1.9
924	1961.997844	6.287638	0.000129	129.840679	1.9
925	2016.439810	6.300087	0.000129	61.296369	1.9
926	1909.515234	6.299160	0.000129	143.793896	2.1
927	1966.079240	6.306505	0.000129	51.830624	3.7
928	1892.451873	6.312519	0.000128	61.894151	2.1
929	1993.950711	6.312788	0.000128	104.066055	2.1
930	1956.539206	6.312561	0.000128	26.724654	2.0
931	1902.512106	6.312610	0.000128	110.049789	2.0
932	1901.828399	6.313610	0.000128	41.928073	1.9
933	1990.838753	6.315038	0.000128	50.296467	1.9
934	1902.025720	6.314508	0.000128	158.736565	1.9
935	2000.926463	6.310178	0.000128	83.036006	1.9
936	2014.454093	6.323016	0.000128	84.296345	1.9
937	1990.658542	6.321679	0.000128	75.304030	1.9
938	1977.371311	6.320862	0.000128	186.209074	1.9
939	1846.832206	6.325090	0.000128	34.988621	1.9
940	1968.332895	6.327520	0.000128	166.310065	2.0
941	1957.266662	6.323883	0.000128	208.597821	1.9
942	2029.921817	6.416693	0.000128	134.465312	1.9
943	1924.142379	6.412132	0.000128	108.375284	1.9
944	2013.370709	6.428676	0.000128	107.142851	3.5
945	1896.840753	6.441338	0.000128	49.961559	2.5
946	1983.704126	6.440189	0.000128	135.716646	2.8
947	1968.179408	6.445973	0.000128	198.248118	2.6
948	1941.946272	6.465224	0.000128	60.432189	4.7
949	1977.984175	6.461790	0.000128	88.428816	4.5
950	1976.918035	6.459777	0.000128	83.843798	4.3
951	1909.242459	6.461709	0.000128	56.120005	4.4
952	1858.332525	6.461428	0.000128	44.342577	3.9
953	1963.056046	6.460173	0.000128	185.630058	4.1
954	1925.559385	6.461466	0.000128	78.151969	3.2
955	2014.750559	6.455987	0.000128	159.518106	3.1
956	1992.272913	6.451813	0.000128	203.740025	3.2
957	1894.334841	6.527425	0.000127	176.439084	2.6
958	1992.843451	6.516535	0.000128	164.093071	2.3
959	1926.365319	6.577725	0.000127	121.234969	2.2
960	1934.144019	6.570371	0.000127	215.010585	2.2
961	1905.062844	6.602091	0.000127	61.513104	2.4
962	1988.480844	6.596471	0.000127	97.496176	2.2
963	1962.508130	6.599845	0.000127	52.055313	2.0
964	1980.075316	6.601451	0.000127	73.577407	2.0
965	1911.976910	6.602281	0.000127	108.484806	2.0
966	1961.078715	6.609517	0.000127	134.283443	2.0
967	1916.274880	6.602890	0.000127	119.287831	1.9
968	2070.789365	6.619983	0.000127	124.882882	1.9
969	2090.984436	6.636585	0.000127	114.689828	1.8
970	2039.701293	6.651872	0.000127	37.547034	1.9
971	2021.627956	6.649244	0.000127	107.505965	1.8
972	1931.252655	6.651679	0.000127	125.267921	1.9
973	1850.715219	6.655363	0.000127	23.065982	2.0
974	1962.518488	6.653555	0.000127	67.563442	1.9
975	1990.883512	6.654029	0.000127	65.977252	1.9
976	1991.140022	6.654404	0.000127	86.514664	2.0
977	2015.021752	6.652694	0.000127	126.227711	1.9
978	2004.413539	6.646509	0.000127	119.678256	1.9
979	1928.406972	6.657921	0.000127	198.224606	1.9
980	1961.195848	6.687927	0.000127	180.467294	1.9
981	2029.660881	6.774409	0.000126	227.869822	2.0
982	1900.783962	6.876266	0.000126	109.308582	2.0
983	2064.979635	6.911934	0.000126	99.484962	1.9
984	1988.123275	6.923110	0.000126	57.572428	1.9
985	1890.974868	6.926254	0.000126	180.251645	1.9
986	1882.498206	6.926665	0.000126	84.566353	1.9
987	2022.193219	6.940441	0.000126	79.486939	1.9
988	1934.032149	6.940237	0.000126	101.691070	2.0
989	1882.211516	6.946038	0.000126	46.371095	1.9
990	2044.447771	6.943126	0.000126	222.303866	1.9
991	1930.588964	6.951252	0.000126	130.083887	1.9
992	2007.968609	7.015328	0.000125	89.233502	2.1
993	1967.383326	7.028796	0.000125	67.005012	4.7
994	1885.183166	7.031192	0.000125	58.197971	4.5
995	2015.124608	7.028763	0.000125	49.436346	4.7
996	1934.058878	7.027972	0.000125	154.254491	3.4
997	1993.814810	7.035016	0.000125	33.980275	2.4
998	1931.473935	7.033772	0.000125	139.747809	2.9
999	2002.908525	7.034401	0.000125	81.960084	2.9
1000	1947.508474	7.028420	0.000125	122.984995	2.9
1001	1974.676382	7.037504	0.000125	101.648896	2.5
1002	1858.079174	7.030694	0.000125	142.578851	2.3
1003	1973.939774	7.047599	0.000125	74.931905	2.3
1004	1907.204655	7.041909	0.000125	43.304584	2.3
1005	1961.170126	7.039951	0.000125	18.816189	2.3
1006	1924.423297	7.039636	0.000125	92.980649	2.1
1007	1991.502134	7.040489	0.000125	117.216542	2.0
1008	2000.389393	7.034296	0.000125	54.840808	2.0
1009	2019.594851	7.033638	0.000125	94.330711	2.0
1010	2010.731011	7.033921	0.000125	53.016038	2.1
1011	1957.493285	7.031278	0.000125	62.508250	2.0
1012	1930.067028	7.033069	0.000125	126.605427	2.1
1013	1967.721409	7.032260	0.000125	24.490525	2.7
1014	1984.276095	7.031920	0.000125	64.679338	4.6
1015	2003.333181	7.031446	0.000125	161.530294	2.1
1016	2082.841827	7.040035	0.000125	140.593477	2.1
1017	1968.328218	7.055960	0.000125	45.587472	2.1
1018	1920.781617	7.059988	0.000125	86.804753	2.1
1019	1947.535660	7.062926	0.000125	111.880121	2.3
1020	1935.053409	7.059671	0.000125	132.852959	2.2
1021	2016.619686	7.068804	0.000125	78.925678	2.3
1022	1932.385258	7.064851	0.000125	26.989982	2.3
1023	1936.935290	7.066341	0.000125	29.968669	2.1
1024	1921.695440	7.066071	0.000125	144.026449	2.1
1025	1955.146706	7.065523	0.000125	35.021615	2.1
1026	1905.044174	7.067568	0.000125	41.916287	2.1
1027	2072.425286	7.067800	0.000125	93.028639	2.1
1028	2012.972907	7.067624	0.000125	177.098239	2.2
1029	1926.274350	7.087197	0.000125	57.589841	2.3
1030	1926.140996	7.095860	0.000125	49.537129	2.3
1031	1988.445740	7.093904	0.000125	33.116339	2.3
1032	2014.678031	7.093185	0.000125	41.884720	2.0
1033	1869.278488	7.093916	0.000125	34.897454	2.0
1034	1957.270987	7.093579	0.000125	115.707004	2.0
1035	2003.310634	7.093289	0.000125	111.217264	2.0
1036	1927.265903	7.101639	0.000125	129.227634	2.0
1037	2008.232070	7.120045	0.000125	76.759961	2.0
1038	1875.933064	7.120339	0.000125	148.663517	2.0
1039	1914.993492	7.118191	0.000125	163.034499	1.9
1040	2006.358752	7.144086	0.000125	162.616525	2.0
1041	1892.843109	7.141887	0.000125	83.576944	1.9
1042	1937.223198	7.154133	0.000125	127.250884	4.6
1043	1972.137873	7.148252	0.000125	47.460596	4.5
1044	2018.117783	7.153854	0.000125	61.593866	4.4
1045	1968.377611	7.154045	0.000125	81.205559	4.3
1046	1952.967798	7.158401	0.000125	108.149315	4.0
1047	2005.566459	7.153315	0.000125	126.849489	3.2
1048	2062.181089	7.167156	0.000125	137.195201	3.3
1049	1937.838591	7.179027	0.000125	134.434614	2.9
1050	1975.368415	7.198595	0.000124	78.921415	2.5
1051	1851.613139	7.206202	0.000124	132.827244	2.4
1052	2043.316319	7.202042	0.000124	245.417751	2.4
1053	1962.676935	7.203039	0.000124	70.193397	2.4
1054	1961.973977	7.204778	0.000124	102.017879	2.3
1055	1929.220818	7.207733	0.000124	48.233023	2.3
1056	1984.479696	7.204411	0.000124	172.126010	2.2
1057	1933.237030	7.199327	0.000124	31.401685	2.3
1058	2027.013881	7.202698	0.000124	58.572373	1.9
1059	1909.086922	7.202219	0.000124	95.107126	1.9
1060	2002.816068	7.200179	0.000124	41.926016	1.9
1061	2009.501024	7.200559	0.000124	45.334670	2.0
1062	1860.573163	7.199921	0.000124	66.889201	1.9
1063	1911.882033	7.198034	0.000124	81.094618	1.9
1064	1873.560143	7.194428	0.000124	45.979036	2.0
1065	2025.741884	7.197072	0.000124	47.169046	1.9
1066	2018.451510	7.196630	0.000124	79.245252	2.0
1067	2023.102959	7.197298	0.000124	114.347304	2.0
1068	1920.550687	7.203013	0.000124	84.940910	1.9
1069	2033.905474	7.199164	0.000124	109.067390	1.9
1070	1932.899541	7.202162	0.000124	130.344872	1.9
1071	1941.962024	7.195747	0.000124	149.029562	2.0
1072	1942.685651	7.217365	0.000124	134.909967	1.9
1073	1946.144365	7.240229	0.000124	121.230621	1.9
1074	2003.480109	7.261670	0.000124	25.922264	2.1
1075	2023.972541	7.263227	0.000124	188.217750	2.0
1076	1998.728422	7.260151	0.000124	97.942284	2.0
1077	1991.389190	7.284563	0.000124	73.641810	2.0
1078	2021.682119	7.280481	0.000124	179.135966	2.0
1079	1991.572962	7.276773	0.000124	94.655869	2.0
1080	1953.233178	7.297744	0.000124	36.736572	1.9
1081	1993.297168	7.298071	0.000124	149.328130	1.9
1082	2016.303542	7.296714	0.000124	179.317054	1.9
1083	1952.111729	7.324681	0.000124	103.144123	1.9
1084	2055.796136	7.345301	0.000124	74.484235	1.9
1085	1985.494836	7.351832	0.000124	71.778811	1.9
1086	2046.830204	7.349860	0.000124	125.332372	1.9
1087	1915.561390	7.355575	0.000124	97.072934	1.9
1088	2007.886366	7.359593	0.000124	101.718931	1.9
1089	1917.746335	7.363119	0.000124	145.320774	2.0
1090	1953.869897	7.381875	0.000124	126.167017	1.9
1091	1934.099152	7.374290	0.000124	218.819567	1.9
1092	1910.777397	7.431601	0.000123	42.423000	1.9
1093	2013.820020	7.427876	0.000123	176.399266	1.9
1094	1893.215569	7.434850	0.000123	124.751158	1.9
1095	1962.834660	7.425682	0.000123	124.470357	1.9
1096	1907.899490	7.444379	0.000123	34.109588	1.9
1097	1887.019087	7.447233	0.000123	112.926171	1.9
1098	2021.529858	7.447098	0.000123	78.236544	3.6
1099	1854.786160	7.453785	0.000123	140.284028	2.0
1100	1921.979873	7.452972	0.000123	29.410732	2.0
1101	1953.497781	7.450879	0.000123	215.515245	2.0
1102	1938.514879	7.454412	0.000123	45.180370	2.0
1103	1966.035855	7.463583	0.000123	49.979479	2.0
1104	1919.290754	7.462918	0.000123	81.733623	2.1
1105	1947.360304	7.461512	0.000123	69.699928	2.2
1106	1957.010438	7.463703	0.000123	88.519313	2.1
1107	1934.574417	7.467150	0.000123	38.969672	2.1
1108	2100.853321	7.467416	0.000123	92.270174	2.0
1109	1881.968899	7.468122	0.000123	105.279581	1.9
1110	1908.575405	7.471868	0.000123	50.754529	2.7
1111	1956.580158	7.473426	0.000123	117.573441	2.1
1112	1895.373517	7.474589	0.000123	102.493688	2.0
1113	1948.691648	7.478778	0.000123	113.178532	2.1
1114	1967.683842	7.482738	0.000123	87.309729	2.2
1115	1971.687649	7.482699	0.000123	148.681021	2.2
1116	1868.224501	7.493585	0.000123	51.215778	3.9
1117	1989.714142	7.495280	0.000123	64.399625	2.1
1118	2022.995640	7.496162	0.000123	36.742007	2.1
1119	1973.383673	7.497804	0.000123	98.893685	2.1
1120	1939.542543	7.499815	0.000123	70.341090	2.8
1121	1938.140729	7.498355	0.000123	114.889070	2.5
1122	1860.500331	7.498183	0.000123	152.526660	2.5
1123	1982.754235	7.517551	0.000123	40.070076	2.5
1124	1989.353871	7.519835	0.000123	131.654239	2.4
1125	1908.372977	7.516632	0.000123	170.023639	2.9
1126	1899.759471	7.518441	0.000123	112.099258	3.2
1127	1933.046439	7.546657	0.000123	122.524716	3.2
1128	1920.438905	7.543672	0.000123	43.323322	3.0
1129	1876.057642	7.546273	0.000123	158.771542	4.6
1130	2000.235924	7.550869	0.000123	272.990540	2.0
1131	1873.601598	7.707174	0.000122	80.522472	2.0
1132	1993.213741	7.698005	0.000122	53.785538	2.2
1133	2019.270954	7.700885	0.000122	162.044197	2.1
1134	1981.434674	7.698054	0.000122	138.879674	2.1
1135	1906.106984	7.719060	0.000122	79.431010	2.1
1136	1981.749363	7.715743	0.000122	37.363997	2.1
1137	1965.509006	7.714051	0.000122	72.552314	2.2
1138	1970.479980	7.713152	0.000122	208.443263	2.2
1139	1913.305465	7.731610	0.000122	129.997631	2.1
1140	2002.337225	7.731987	0.000122	160.190759	2.2
1141	1907.048498	7.757220	0.000122	96.709924	2.3
1142	1934.137025	7.749749	0.000122	64.093876	2.2
1143	1956.623744	7.750747	0.000122	126.030117	2.3
1144	1964.271756	7.750543	0.000122	147.162614	2.3
1145	2036.958782	7.742413	0.000122	65.097748	2.2
1146	1991.589135	7.749910	0.000122	51.559840	2.1
1147	1830.788391	7.752426	0.000122	84.462882	2.1
1148	1952.021522	7.752266	0.000122	117.250958	2.2
1149	1958.114544	7.749489	0.000122	114.320502	2.1
1150	2041.964525	7.764576	0.000122	14.302942	2.3
1151	2003.944069	7.764693	0.000122	73.411633	1.9
1152	1903.606188	7.764549	0.000122	18.300881	1.9
1153	1972.703546	7.764854	0.000122	109.911423	1.9
1154	1965.780637	7.764610	0.000122	104.001578	1.9
1155	2024.910341	7.758454	0.000122	124.915502	2.0
1156	1987.750567	7.756470	0.000122	234.705357	1.9
1157	1902.371050	7.819019	0.000122	175.745550	1.9
1158	1899.297791	7.886771	0.000121	95.775361	1.9
1159	2029.670564	7.896204	0.000121	49.040810	1.9
1160	1929.448053	7.894329	0.000121	168.061810	2.0
1161	2019.607954	7.899145	0.000121	90.075194	1.9
1162	1924.610703	7.916382	0.000121	80.941190	2.0
1163	1974.542057	7.914225	0.000121	50.869778	1.9
1164	1993.989691	7.916686	0.000121	36.599566	2.0
1165	2003.149268	7.917674	0.000121	70.994304	1.9
1166	1935.792334	7.917445	0.000121	120.462021	1.9
1167	1901.820266	7.926042	0.000121	71.690024	1.9
1168	1988.397513	7.926607	0.000121	187.735690	1.9
1169	1974.105183	7.920188	0.000121	174.961934	1.9
1170	1948.459775	7.992080	0.000121	118.676144	2.1
1171	2055.150443	7.983727	0.000121	43.773865	4.6
1172	1947.941806	7.987820	0.000121	103.119964	4.3
1173	1951.883725	7.985136	0.000121	179.244323	4.5
1174	1953.949853	7.977329	0.000121	112.612999	4.5
1175	1865.911106	8.009555	0.000121	111.316874	3.7
1176	2028.652497	8.018268	0.000121	100.400188	3.4
1177	2001.095813	8.022287	0.000121	117.068635	3.4
1178	1916.663048	8.017784	0.000121	116.983714	2.8
1179	1957.440530	8.010858	0.000121	150.919733	2.8
1180	1963.150747	8.017461	0.000121	44.450555	2.8
1181	1995.689844	8.014875	0.000121	85.566260	2.8
1182	1992.017507	8.017573	0.000121	56.085936	2.4
1183	1870.364670	8.019051	0.000121	24.915680	2.4
1184	1923.783728	8.018089	0.000121	118.967691	2.3
1185	2009.478449	8.019551	0.000121	147.370213	2.4
1186	1886.655965	8.024533	0.000121	129.119596	2.1
1187	1920.627900	8.018302	0.000121	93.111446	2.1
1188	2013.456332	8.015629	0.000121	202.629757	2.2
1189	1996.642406	8.038009	0.000121	28.747911	2.1
1190	1997.396147	8.037001	0.000121	51.661804	2.2
1191	1975.388814	8.036890	0.000121	149.542057	2.2
1192	1909.978726	8.040767	0.000121	162.081311	2.3
1193	1833.744306	8.061316	0.000121	44.926754	2.4
1194	1971.701653	8.067133	0.000121	128.159850	3.8
1195	1883.920406	8.063487	0.000121	41.478862	2.1
1196	1934.071843	8.060664	0.000121	126.505532	2.0
1197	1982.004754	8.063547	0.000121	281.844260	2.1
1198	1845.621013	8.052589	0.000121	233.193492	2.0
1199	1989.074682	8.520971	0.000119	30.140142	2.2
1200	1999.399053	8.517136	0.000119	132.455875	2.8
1201	1974.422257	8.517001	0.000119	36.831209	1.9
1202	1907.142235	8.518349	0.000119	89.495776	2.0
1203	2046.215003	8.516902	0.000119	171.786292	2.3
1204	1999.976096	8.530569	0.000119	130.602635	2.8
1205	2050.353192	8.521889	0.000119	177.372562	2.8
1206	1983.469688	8.562090	0.000119	57.598745	2.8
1207	1946.945523	8.572987	0.000119	116.715800	2.6
1208	1862.979046	8.568767	0.000119	97.670718	2.5
1209	2075.970686	8.563009	0.000119	159.203586	2.0
1210	1955.667593	8.569178	0.000119	48.528161	1.9
1211	1859.744907	8.571934	0.000119	130.383840	2.0
1212	1981.161609	8.570005	0.000119	58.602632	2.0
1213	1957.839500	8.565927	0.000119	71.373529	2.4
1214	1934.994574	8.563067	0.000119	109.298974	2.5
1215	1966.317408	8.565583	0.000119	89.384102	4.6
1216	1948.837729	8.561454	0.000119	21.590380	2.6
1217	1965.945974	8.562462	0.000119	27.360066	1.9
1218	1954.795866	8.562264	0.000119	52.938405	2.1
1219	1877.061480	8.562604	0.000119	62.995587	4.7
1220	1970.258037	8.561558	0.000119	80.060386	3.0
1221	1895.491074	8.561194	0.000119	149.457133	1.9
1222	1891.209365	8.573902	0.000119	53.923099	2.2
1223	1848.968455	8.571979	0.000119	115.720967	2.3
1224	1869.540894	8.572327	0.000119	91.657820	2.4
1225	1980.183729	8.575024	0.000119	87.656613	2.3
1226	1965.088880	8.575420	0.000119	198.772181	2.3
1227	2007.220303	8.593743	0.000119	86.508098	2.2
1228	1922.806201	8.615420	0.000118	68.513021	2.1
1229	1806.828282	8.620938	0.000118	78.956828	2.2
1230	1939.719573	8.621138	0.000118	130.040934	2.2
1231	1987.764499	8.618942	0.000118	86.316858	2.2
1232	1991.446625	8.623306	0.000118	62.646073	2.0
1233	2038.401193	8.621451	0.000118	100.829825	4.3
1234	1921.579411	8.624587	0.000118	39.785908	4.4
1235	1910.468268	8.624307	0.000118	37.322246	4.3
1236	1987.784554	8.624640	0.000118	32.430146	4.3
1237	2034.944344	8.625318	0.000118	19.411976	3.2
1238	1981.572668	8.625233	0.000118	155.307085	3.2
1239	1934.751343	8.625078	0.000118	35.549078	3.2
1240	1999.989606	8.623825	0.000118	176.353027	2.6
1241	1954.233518	8.629270	0.000118	47.055190	2.6
1242	1977.968759	8.629423	0.000118	166.670087	2.5
1243	2070.607162	8.631881	0.000118	81.602562	2.6
1244	2048.394409	8.625425	0.000118	43.378313	2.9
1245	2070.782561	8.622958	0.000118	91.009622	2.8
1246	1972.997615	8.625910	0.000118	87.493229	2.8
1247	2009.419666	8.626498	0.000118	39.176084	2.6
1248	2047.384217	8.627509	0.000118	83.255759	2.2
1249	1956.624436	8.629472	0.000118	52.058042	2.3
1250	1913.725530	8.632181	0.000118	146.272193	2.3
1251	1823.045410	8.628664	0.000118	117.392532	2.2
1252	2014.727032	8.652964	0.000118	269.373690	2.1
1253	1954.673791	8.642735	0.000118	151.352568	2.1
1254	2035.062907	8.772674	0.000118	95.390209	2.2
1255	1919.270505	8.765350	0.000118	65.077377	2.2
1256	2030.971137	8.762153	0.000118	25.560243	2.1
1257	1907.094902	8.762037	0.000118	91.449774	1.9
1258	2057.735750	8.762246	0.000118	110.473046	2.0
1259	1947.017505	8.759379	0.000118	78.641841	2.0
1260	2044.451064	8.757256	0.000118	99.019426	1.9
1261	2013.293188	8.762887	0.000118	43.866631	2.0
1262	2003.186523	8.764285	0.000118	89.982708	2.0
1263	1931.048382	8.766302	0.000118	91.089843	2.1
1264	1928.524568	8.768875	0.000118	38.453954	2.1
1265	1932.036218	8.769942	0.000118	108.155550	2.0
1266	2038.547367	8.771420	0.000118	111.296478	2.0
1267	1935.619010	8.769738	0.000118	86.114140	1.9
1268	1955.552664	8.777805	0.000118	31.099718	1.9
1269	1897.286444	8.779287	0.000118	144.088589	1.9
1270	1989.476341	8.781909	0.000118	112.662878	1.9
1271	2029.178871	8.801613	0.000118	110.826829	1.9
1272	1935.104745	8.816550	0.000118	200.628696	1.9
1273	1900.543466	8.807390	0.000118	97.650478	1.9
1274	1905.261143	8.823652	0.000118	34.307297	2.0
1275	1915.343705	8.823978	0.000118	82.183524	1.9
1276	1938.241159	8.822455	0.000118	108.651365	2.0
1277	1999.612744	8.831364	0.000118	117.940683	1.9
1278	1977.943399	8.843619	0.000118	78.864672	1.9
1279	1980.948001	8.842803	0.000118	148.892302	2.0
1280	1980.373883	8.843303	0.000118	45.211357	1.9
1281	1993.868200	8.845327	0.000118	65.570508	2.0
1282	2034.953995	8.843441	0.000118	93.002869	2.3
1283	1984.770422	8.847345	0.000118	131.820489	2.4
1284	1935.561628	8.842164	0.000118	161.307775	2.2
1285	1962.550960	8.855661	0.000118	152.311271	2.2
1286	2025.065734	8.883335	0.000117	100.871680	2.2
1287	1997.858197	8.896146	0.000117	143.903650	2.5
1288	1947.504429	8.910214	0.000117	65.800722	2.0
1289	1915.496324	8.919946	0.000117	31.773497	2.0
1290	2002.531506	8.919752	0.000117	152.319299	2.1
1291	1946.375919	8.922873	0.000117	61.191399	2.0
1292	1866.779634	8.927217	0.000117	66.670903	2.0
1293	1932.219272	8.930026	0.000117	80.833947	2.0
1294	1924.226829	8.927009	0.000117	111.436949	1.9
1295	1950.843541	8.932491	0.000117	110.767575	2.0
1296	1958.790626	8.932583	0.000117	112.526258	2.1
1297	1983.222556	8.945344	0.000117	16.729097	2.5
1298	1885.374506	8.944666	0.000117	89.535480	4.6
1299	1872.647636	8.943841	0.000117	51.291474	4.4
1300	1978.469123	8.944873	0.000117	22.819869	4.5
1301	2066.735614	8.944603	0.000117	124.607836	3.6
1302	1913.449989	8.943049	0.000117	108.251965	3.2
1303	1981.169484	8.948536	0.000117	58.864454	3.3
1304	1972.429572	8.948626	0.000117	195.008702	4.7
1305	1970.672744	8.942746	0.000117	148.167749	4.4
1306	2041.287535	8.940703	0.000117	80.983385	3.8
1307	1908.018169	8.946315	0.000117	131.798923	4.6
1308	1878.768559	8.942008	0.000117	169.025275	4.4
1309	1986.573864	8.980109	0.000117	71.641184	3.3
1310	1904.284972	8.986762	0.000117	94.608535	3.3
1311	2051.133130	8.985451	0.000117	45.696187	3.2
1312	1968.069516	8.982563	0.000117	132.259125	2.5
1313	1986.832679	8.987889	0.000117	45.321917	2.5
1314	1875.770401	8.992203	0.000117	60.303965	2.5
1315	1912.403715	8.994334	0.000117	95.480218	2.5
1316	2041.217196	8.991003	0.000117	124.096987	2.2
1317	1894.210082	9.001026	0.000117	90.012938	2.2
1318	2004.891098	8.998306	0.000117	126.657779	2.2
1319	1917.729449	9.006458	0.000117	68.524701	2.2
1320	1952.675978	9.015132	0.000117	47.914852	2.3
1321	1844.212297	9.013605	0.000117	40.832385	2.3
1322	1928.901264	9.012837	0.000117	172.018964	2.4
1323	1886.207573	9.015626	0.000117	158.160761	2.3
1324	2008.212182	9.005518	0.000117	63.930658	2.1
1325	1909.646200	9.006006	0.000117	188.800620	2.0
1326	1932.060055	9.004193	0.000117	121.264677	2.1
1327	1912.511799	9.001684	0.000117	86.661389	2.2
1328	1907.162820	9.000991	0.000117	63.576613	2.1
1329	1971.981805	9.002892	0.000117	158.594734	2.0
1330	1858.403779	8.999638	0.000117	48.960530	2.0
1331	1913.315305	9.007093	0.000117	51.200480	2.1
1332	1977.765930	9.005511	0.000117	27.711385	2.0
1333	2021.330108	9.005595	0.000117	122.007129	2.0
1334	1963.674825	9.005346	0.000117	239.127131	1.9
1335	1898.922237	9.034492	0.000117	86.958157	2.0
1336	1912.554379	9.066823	0.000117	34.812328	2.0
1337	1952.285891	9.068303	0.000117	181.634565	1.9
1338	2008.841731	9.068144	0.000117	114.693709	2.1
1339	1864.154093	9.083627	0.000117	84.912520	4.7
1340	1883.796669	9.083721	0.000117	59.287371	4.4
1341	1937.443433	9.087776	0.000117	59.928745	4.4
1342	1885.529099	9.089428	0.000117	135.083976	4.4
1343	1899.373751	9.095605	0.000117	80.915727	4.1
1344	1947.276226	9.104383	0.000117	78.289965	3.2
1345	1970.694941	9.101095	0.000117	63.786016	2.9
1346	1956.365381	9.100634	0.000117	44.687995	2.9
1347	2009.416704	9.101933	0.000117	115.669830	3.3
1348	2016.012767	9.100104	0.000117	192.042512	3.3
1349	1917.813088	9.115260	0.000117	203.627574	3.3
1350	1921.924600	9.178417	0.000116	60.801205	2.8
1351	1941.640339	9.187614	0.000116	114.590580	4.6
1352	2008.231418	9.184771	0.000116	121.957413	4.5
1353	1909.513961	9.202401	0.000116	100.935244	4.2
1354	1948.707747	9.203286	0.000116	162.304955	4.2
1355	1941.264652	9.216992	0.000116	59.553937	3.2
1356	1908.699986	9.217196	0.000116	79.569340	4.0
1357	1981.784863	9.214167	0.000116	145.462381	3.2
1358	1990.442332	9.217995	0.000116	249.186344	3.4
1359	2033.444074	9.321378	0.000116	78.527159	3.8
1360	2005.311703	9.343919	0.000116	239.313283	3.3
1361	2009.441810	9.336268	0.000116	125.452887	2.9
1362	1973.646298	9.332505	0.000116	309.751812	4.9
1363	2036.566816	9.338116	0.000116	71.738484	5.8
1364	1947.799446	9.335014	0.000116	99.712829	4.9
1365	1924.052000	9.333970	0.000116	146.109077	3.6
1366	2021.891491	9.336352	0.000116	29.273565	3.6
1367	1921.264295	9.333694	0.000116	124.451869	3.6
1368	2088.178201	9.332078	0.000116	168.505643	3.0
1369	1990.351136	9.355977	0.000116	219.963373	2.9
1370	1959.468627	9.441244	0.000115	227.789862	2.9
1371	1926.970053	9.477421	0.000115	68.662897	2.5
1372	1932.662978	9.485259	0.000115	74.449309	2.5
1373	1988.615233	9.488569	0.000115	130.270572	2.5
1374	2026.312943	9.498892	0.000115	16.721573	2.5
1375	2053.952070	9.498879	0.000115	59.314104	2.6
1376	1928.492690	9.499014	0.000115	143.477235	2.6
1377	1966.511353	9.498488	0.000115	67.996774	2.6
1378	1980.664018	9.496217	0.000115	59.127578	2.8
1379	1996.020522	9.496329	0.000115	83.070832	4.4
1380	1919.138604	9.493693	0.000115	136.844753	4.4
1381	1929.581529	9.488518	0.000115	107.663419	3.4
1382	1984.607170	9.506543	0.000115	66.776354	3.2
1383	1894.366765	9.512821	0.000115	36.030415	3.2
1384	1941.580730	9.513204	0.000115	74.984207	2.8
1385	1878.489461	9.511904	0.000115	138.296804	2.6
1386	1986.740060	9.522310	0.000115	82.123398	2.7
1387	1894.985417	9.535092	0.000115	43.368913	2.7
1388	1976.093922	9.533849	0.000115	116.477258	2.6
1389	1875.284075	9.538274	0.000115	109.636101	2.7
1390	1956.958414	9.544956	0.000115	98.728307	2.6
1391	1994.363006	9.549320	0.000115	65.846168	2.7
1392	1970.734903	9.551335	0.000115	151.489961	2.7
1393	1933.469629	9.550062	0.000115	150.199818	2.8
1394	1948.713382	9.584338	0.000115	70.426294	2.8
1395	1834.510635	9.580171	0.000115	30.430947	2.4
1396	1963.242475	9.579847	0.000115	42.298129	2.1
1397	2014.447062	9.579217	0.000115	75.794087	2.2
1398	1870.360967	9.580164	0.000115	135.689369	2.1
1399	2005.607056	9.576970	0.000115	37.461505	2.2
1400	1958.094082	9.579430	0.000115	106.883731	2.2
1401	1992.537453	9.579121	0.000115	91.235344	4.5
1402	1892.686702	9.588621	0.000115	72.851225	4.4
1403	2009.101548	9.591743	0.000115	108.706301	4.6
1404	1991.014732	9.596519	0.000115	64.090917	2.5
1405	2013.362564	9.599068	0.000115	36.798651	2.5
1406	1897.956831	9.598204	0.000115	127.952548	3.0
1407	1921.336842	9.601003	0.000115	95.784524	3.6
1408	2076.482770	9.602649	0.000115	111.154637	3.6
1409	1980.623016	9.600786	0.000115	45.281341	2.9
1410	1943.443077	9.597463	0.000115	71.874895	2.9
1411	1967.447651	9.599714	0.000115	36.384777	3.1
1412	1978.519909	9.599724	0.000115	134.979403	2.1
1413	2055.273342	9.599838	0.000115	146.963833	2.0
1414	1991.106786	9.604617	0.000115	133.891145	2.9
1415	1889.936622	9.627586	0.000115	87.448830	2.1
1416	1856.796513	9.633805	0.000115	36.872915	2.2
1417	2018.741883	9.634639	0.000115	185.064980	2.1
1418	1849.202733	9.637885	0.000115	72.494038	2.2
1419	1927.088814	9.646713	0.000115	69.314942	2.2
1420	1911.309567	9.650048	0.000114	114.794889	2.2
1421	1902.068063	9.647511	0.000115	189.919220	2.2
1422	1983.203852	9.646781	0.000115	103.810780	2.2
1423	1961.707534	9.639501	0.000115	69.959248	2.1
1424	1898.267557	9.637290	0.000115	126.702224	4.3
1425	1996.180150	9.645884	0.000115	84.470091	2.5
1426	1922.004294	9.653627	0.000114	168.500719	3.3
1427	1987.099769	9.646763	0.000115	177.138731	3.3
1428	1849.466611	9.669312	0.000114	57.931380	3.2
1429	1950.661434	9.679214	0.000114	46.524562	3.2
1430	1911.629826	9.681287	0.000114	77.463492	3.2
1431	1917.766413	9.684230	0.000114	227.336441	3.7
1432	1970.826103	9.704438	0.000114	76.728895	2.5
1433	1896.059335	9.725229	0.000114	128.207011	2.5
1434	1955.555889	9.720898	0.000114	198.702214	2.5
1435	1979.354836	9.730192	0.000114	52.895803	3.0
1436	1950.519252	9.741065	0.000114	76.771598	2.3
1437	1895.447920	9.741890	0.000114	126.436925	4.6
1438	1810.241503	9.751366	0.000114	105.541790	2.4
1439	1910.003605	9.745144	0.000114	130.588707	2.7
1440	1979.067327	9.738861	0.000114	151.618554	2.2
1441	1993.084469	9.762591	0.000114	55.943201	2.3
1442	1922.644045	9.771225	0.000114	75.049763	2.4
1443	2056.916068	9.772535	0.000114	115.057768	4.6
1444	1912.635991	9.767774	0.000114	174.821568	2.2
1445	2054.874229	9.761802	0.000114	128.678651	2.3
1446	1902.539315	9.798889	0.000114	171.835573	2.7
1447	1986.380766	9.830688	0.000114	93.495599	4.9
1448	2025.528156	9.839530	0.000114	139.798760	4.8
1449	2024.164269	9.832707	0.000114	83.625625	4.6
1450	1948.282919	9.837886	0.000114	55.827073	4.5
1451	2002.006229	9.840196	0.000114	48.533415	4.6
1452	2020.532977	9.841813	0.000114	78.915021	4.2
1453	1982.133844	9.842742	0.000114	55.973714	3.5
1454	2069.911370	9.844939	0.000114	98.052738	3.5
1455	1968.776646	9.849221	0.000114	92.739260	3.0
1456	1839.003460	9.851882	0.000114	49.896426	2.8
1457	1942.553958	9.855299	0.000114	135.902247	2.8
1458	1980.656046	9.859366	0.000114	93.455325	2.9
1459	2019.111916	9.863972	0.000114	121.867936	2.3
1460	1974.347075	9.870082	0.000114	110.995465	2.5
1461	1804.230490	9.863609	0.000114	125.125858	2.6
1462	1964.870676	9.877841	0.000114	79.404319	2.3
1463	1958.664130	9.880789	0.000114	94.404546	2.1
1464	1966.686584	9.878901	0.000114	27.124607	2.2
1465	2009.470390	9.879911	0.000114	66.342941	2.1
1466	2039.675999	9.880264	0.000114	80.908924	2.2
1467	1914.623117	9.884233	0.000114	61.227125	2.2
1468	2039.369904	9.884404	0.000114	102.809776	2.4
1469	1928.786934	9.881469	0.000114	126.872913	2.3
1470	1971.076842	9.881815	0.000114	82.244345	2.3
1471	2019.572437	9.891340	0.000114	166.331899	2.3
1472	1976.841796	9.893039	0.000114	51.145367	2.1
1473	1992.979036	9.888970	0.000114	85.689729	2.1
1474	1905.539383	9.891248	0.000114	49.665287	2.1
1475	1964.447456	9.889635	0.000114	65.582192	2.1
1476	1991.415947	9.890839	0.000114	113.962601	2.1
1477	2044.404066	9.891736	0.000114	34.457764	2.1
1478	1934.505709	9.889234	0.000114	29.929425	2.1
1479	1999.349440	9.889638	0.000114	106.619646	2.4
1480	1935.488507	9.888844	0.000114	92.948642	2.0
1481	2009.077822	9.889486	0.000114	154.284522	2.1
1482	1958.691665	9.886075	0.000114	54.164660	2.0
1483	1895.085807	9.888298	0.000114	84.263146	2.0
1484	1892.396698	9.887026	0.000114	117.065433	2.0
1485	2036.263260	9.881470	0.000114	86.977260	2.0
1486	1972.265981	9.886305	0.000114	82.054541	1.9
1487	1889.721654	9.881779	0.000114	35.600728	2.0
1488	1976.164724	9.880908	0.000114	91.778034	2.0
1489	1951.741928	9.883044	0.000114	97.781902	2.0
1490	1983.205925	9.887103	0.000114	149.163735	2.6
1491	1982.172766	9.879733	0.000114	125.761501	4.5
1492	1951.579578	9.907575	0.000114	43.398027	4.5
1493	1983.254120	9.905418	0.000114	222.807311	3.7
1494	1867.366649	9.912474	0.000114	106.552149	3.3
1495	1963.520330	9.932184	0.000113	217.183457	3.1
1496	2014.819452	9.927305	0.000113	133.745718	2.9
1497	1929.411118	9.991495	0.000113	173.724483	4.8
1498	1961.272283	10.023544	0.000113	147.648160	4.6
1499	1988.988625	10.059581	0.000113	165.799659	3.2
1500	1914.822333	10.050473	0.000113	163.248341	3.2
1501	1935.897030	10.049528	0.000113	65.205001	4.7
1502	1847.789885	10.044472	0.000113	183.963992	4.8
1503	1932.263944	10.051011	0.000113	64.366888	4.2
1504	1919.182451	10.044966	0.000113	138.297403	3.6
1505	1930.362831	10.048939	0.000113	243.992148	3.5
1506	2013.975812	10.130504	0.000113	40.589694	2.9
1507	2061.674893	10.137961	0.000113	92.898415	3.4
1508	1984.262362	10.136366	0.000113	123.273130	4.5
1509	1964.014551	10.143196	0.000113	200.442595	4.5
1510	2034.600258	10.183513	0.000113	211.960497	4.4
1511	2050.187899	10.177045	0.000113	108.578386	3.7
1512	2083.867927	10.170629	0.000113	68.055707	3.5
1513	1959.122471	10.175426	0.000113	107.363331	3.3
1514	2007.678637	10.172911	0.000113	25.626676	3.1
1515	1909.552225	10.173796	0.000113	74.924584	4.9
1516	1962.638596	10.172732	0.000113	73.134219	4.8
1517	1948.708522	10.169561	0.000113	79.296333	5.0
1518	1910.877859	10.169076	0.000113	121.358266	4.9
1519	1997.539162	10.178489	0.000113	14.906411	4.9
1520	1870.512388	10.178114	0.000113	110.401162	4.5
1521	1989.250748	10.178542	0.000113	90.294089	4.7
1522	2025.395607	10.186979	0.000113	106.792751	4.6
1523	2017.887027	10.195382	0.000112	61.863788	3.5
1524	1920.527066	10.201675	0.000112	28.676542	3.4
1525	1988.466777	10.202269	0.000112	65.443475	3.3
1526	1931.880585	10.203054	0.000112	143.061215	2.9
1527	1953.690479	10.197671	0.000112	246.812525	2.9
1528	2010.499100	10.297301	0.000112	155.387307	2.8
1529	1870.297482	10.417328	0.000112	92.774476	2.5
1530	1960.562055	10.424198	0.000112	136.792067	2.4
1531	1990.496038	10.426657	0.000112	143.211858	2.3
1532	1999.702718	10.418571	0.000112	129.201711	2.3
1533	2011.248395	10.434810	0.000112	91.234963	2.2
1534	1829.710090	10.444995	0.000112	191.898839	2.3
1535	1961.430956	10.457481	0.000112	82.681862	4.8
1536	1919.178593	10.468669	0.000112	66.112787	3.6
1537	1999.518426	10.469941	0.000112	107.920248	2.4
1538	2014.945856	10.470965	0.000112	171.746314	4.0
1539	1936.164968	10.490330	0.000111	243.942377	4.0
1540	2088.908705	10.627026	0.000111	46.307610	3.3
1541	1967.681882	10.620908	0.000111	191.704477	3.3
1542	1849.790131	10.628695	0.000111	76.256859	2.6
1543	1933.276697	10.626724	0.000111	104.266522	2.2
1544	1977.103259	10.628798	0.000111	86.930858	2.2
1545	2023.619610	10.631847	0.000111	32.133388	2.1
1546	1894.194744	10.632594	0.000111	69.976456	2.1
1547	1920.098007	10.632074	0.000111	63.485675	2.2
1548	1985.287839	10.631041	0.000111	38.262449	2.1
1549	1923.860695	10.632504	0.000111	38.647240	2.0
1550	1908.618450	10.632707	0.000111	100.532005	2.0
1551	1898.073001	10.633349	0.000111	49.818629	2.0
1552	1954.130130	10.630032	0.000111	84.792743	2.0
1553	2004.493161	10.630537	0.000111	34.313070	2.7
1554	1878.629254	10.630201	0.000111	149.573970	2.0
1555	1912.050975	10.629958	0.000111	21.007300	2.1
1556	1997.744426	10.630195	0.000111	93.855997	2.0
1557	1879.104443	10.628894	0.000111	41.957768	2.0
1558	1908.959998	10.626525	0.000111	104.596087	2.1
1559	1881.456417	10.629428	0.000111	87.817467	2.0
1560	1917.125651	10.634067	0.000111	176.112000	2.0
1561	1970.144808	10.644648	0.000111	81.100955	2.0
1562	2020.276194	10.640682	0.000111	162.756999	2.0
1563	2005.925240	10.651579	0.000111	96.520277	4.7
1564	2004.064272	10.671402	0.000111	162.829838	4.9
1565	1902.084384	10.686183	0.000111	48.862342	4.9
1566	1809.516272	10.693905	0.000111	37.490884	4.0
1567	1849.198485	10.694586	0.000111	58.318942	3.1
1568	1973.868857	10.693079	0.000111	51.272674	1.9
1569	1892.432328	10.695387	0.000111	163.115390	2.0
1570	1870.143249	10.698522	0.000111	90.365295	2.1
1571	1949.762130	10.715587	0.000111	236.430971	2.3
1572	1898.871254	10.706895	0.000111	113.788815	2.2
1573	1919.939629	10.730257	0.000111	189.467988	2.3
1574	1923.370545	10.722846	0.000111	140.662477	2.3
1575	1903.548433	10.715005	0.000111	156.767872	2.0
1576	1968.796510	10.739149	0.000111	35.385466	2.0
1577	1969.931711	10.737026	0.000111	43.524159	2.0
1578	2025.407142	10.738099	0.000111	131.908902	2.0
1579	1953.433533	10.734762	0.000111	85.718455	2.0
1580	1964.542820	10.745511	0.000111	60.457045	2.0
1581	1945.032776	10.745258	0.000111	88.014589	2.0
1582	1966.706290	10.749330	0.000111	80.366699	2.1
1583	1957.559160	10.754869	0.000111	96.090026	4.4
1584	1991.481031	10.756826	0.000111	35.162486	2.0
1585	1932.612601	10.757911	0.000111	149.236779	2.0
1586	1892.343184	10.754868	0.000111	62.790985	1.9
1587	1949.543969	10.750180	0.000111	63.140712	1.9
1588	1942.331733	10.753686	0.000111	44.052682	2.0
1589	1944.124206	10.752179	0.000111	113.976567	2.0
1590	1979.658728	10.749577	0.000111	81.492350	1.9
1591	2064.274543	10.757599	0.000111	114.950294	2.0
1592	1996.888091	10.755912	0.000111	115.210835	1.9
1593	1915.234102	10.760755	0.000110	140.114061	2.0
1594	2071.735483	10.773856	0.000110	154.324746	2.0
1595	2002.229480	10.767512	0.000110	153.305925	1.9
1596	1988.934678	10.784655	0.000110	9.660463	1.9
1597	1971.833292	10.784741	0.000110	99.942299	1.9
1598	1992.937179	10.784443	0.000110	36.460943	2.0
1599	1967.619542	10.786318	0.000110	195.754271	1.9
1600	1977.744379	10.785777	0.000110	130.441054	1.9
1601	1972.815886	10.779265	0.000110	112.847352	1.9
1602	2015.953912	10.786458	0.000110	89.046897	1.9
1603	1917.671456	10.791009	0.000110	112.615122	1.9
1604	1991.260001	10.800659	0.000110	46.167399	1.9
1605	1864.754839	10.800954	0.000110	90.236140	2.1
1606	1941.926696	10.804211	0.000110	120.423987	4.6
1607	1909.509794	10.798747	0.000110	106.921400	4.5
1608	1981.043062	10.810117	0.000110	98.695188	4.6
1609	2086.144616	10.807601	0.000110	48.913293	3.6
1610	1932.970162	10.809499	0.000110	109.132341	2.9
1611	1943.653839	10.807586	0.000110	191.628579	2.9
1612	1937.911798	10.800579	0.000110	237.431887	2.9
1613	1921.317909	10.942089	0.000110	60.695174	2.3
1614	1862.713016	10.955544	0.000110	72.369136	2.3
1615	2030.416157	10.958132	0.000110	139.660930	2.2
1616	1986.498171	10.954750	0.000110	234.719868	2.2
1617	1842.314835	11.031510	0.000110	136.460957	2.3
1618	2025.809873	11.055201	0.000109	44.463441	2.0
1619	2006.944201	11.051825	0.000109	136.640274	4.0
1620	1914.928376	11.056858	0.000109	122.871769	2.3
1621	1928.750115	11.079305	0.000109	67.281594	3.4
1622	2002.363560	11.085470	0.000109	67.485288	2.2
1623	1880.614604	11.088761	0.000109	153.611899	2.3
1624	1991.208555	11.098505	0.000109	220.813433	2.2
1625	1897.215638	11.188972	0.000109	43.916119	2.3
1626	1933.240928	11.191457	0.000109	65.947461	2.4
1627	2012.982567	11.191977	0.000109	84.014271	2.3
1628	2006.837349	11.197058	0.000109	22.624357	2.3
1629	1967.155613	11.198266	0.000109	40.595829	2.5
1630	1914.604492	11.198129	0.000109	21.119931	3.2
1631	1833.263725	11.198553	0.000109	65.513551	2.7
1632	1974.703983	11.198258	0.000109	106.947165	2.7
1633	1999.018112	11.196793	0.000109	187.491559	2.5
1634	1946.936045	11.192816	0.000109	63.697156	3.1
1635	2012.334514	11.201905	0.000109	96.473561	2.4
1636	2016.638662	11.204602	0.000109	67.321480	2.7
1637	1864.721782	11.209389	0.000109	87.382923	2.3
1638	1979.605303	11.210734	0.000109	170.228461	2.2
1639	1894.826645	11.229993	0.000109	78.094695	2.9
1640	1993.755537	11.228942	0.000109	116.618649	2.8
1641	1964.269784	11.234342	0.000109	178.474434	2.5
1642	1926.201888	11.245080	0.000109	41.892785	3.8
1643	1965.608305	11.240502	0.000109	60.003704	4.6
1644	1996.774938	11.241506	0.000109	174.017542	2.0
1645	1932.617749	11.235511	0.000109	143.713809	2.0
1646	1967.898106	11.280956	0.000109	162.583961	2.0
1647	1863.330115	11.319223	0.000109	95.221754	2.0
1648	1955.935847	11.325991	0.000109	125.231255	2.1
1649	1962.820219	11.320630	0.000109	79.482525	2.2
1650	1963.962241	11.326662	0.000109	165.967706	2.3
1651	1950.178485	11.331110	0.000109	114.817426	3.3
1652	1952.802933	11.349328	0.000108	199.670857	1.9
1653	1952.347636	11.340454	0.000109	77.659760	1.9
1654	1916.178855	11.357916	0.000108	31.993072	1.9
1655	1934.196282	11.358560	0.000108	82.635084	1.9
1656	1925.028148	11.358107	0.000108	49.850108	2.1
1657	1968.272111	11.355463	0.000108	45.646122	4.0
1658	1969.806425	11.357049	0.000108	78.415952	2.3
1659	2014.626960	11.356553	0.000108	33.835971	4.5
1660	1913.181964	11.357861	0.000108	53.754581	4.4
1661	2002.698968	11.356731	0.000108	153.427435	4.4
1662	1964.623923	11.355448	0.000108	100.272315	3.5
1663	1888.751331	11.358393	0.000108	70.879846	3.2
1664	1896.481540	11.359192	0.000108	62.627662	3.3
1665	1954.668474	11.357037	0.000108	42.154862	2.9
1666	1929.591163	11.359040	0.000108	138.310156	2.8
1667	1968.979731	11.359710	0.000108	99.631424	2.8
1668	1954.747445	11.357069	0.000108	38.180164	2.7
1669	1916.189747	11.358368	0.000108	92.384887	2.4
1670	1917.422899	11.357284	0.000108	102.673458	2.4
1671	1913.060455	11.355390	0.000108	125.829658	2.5
1672	1819.486069	11.368112	0.000108	29.758713	2.3
1673	1942.723812	11.365961	0.000108	156.254693	2.1
1674	1989.018727	11.363003	0.000108	101.861789	2.1
1675	1912.576987	11.376911	0.000108	28.389237	2.1
1676	1956.129381	11.377340	0.000108	70.062003	2.1
1677	1916.054979	11.376257	0.000108	60.142608	2.2
1678	2010.661594	11.375901	0.000108	99.202633	1.9
1679	2036.142972	11.372673	0.000108	122.217472	2.0
1680	1958.917311	11.380794	0.000108	190.030956	2.0
1681	1960.085674	11.397395	0.000108	68.070567	1.9
1682	1969.816427	11.408699	0.000108	104.624974	2.0
1683	1973.369733	11.415040	0.000108	179.507478	2.3
1684	1895.921977	11.406489	0.000108	96.628992	4.7
1685	1982.370221	11.420243	0.000108	165.774307	2.5
1686	2046.120356	11.412648	0.000108	46.858819	2.5
1687	1936.149588	11.409788	0.000108	67.477402	2.5
1688	1917.958108	11.412212	0.000108	67.608114	2.5
1689	1950.818364	11.411225	0.000108	134.507932	2.5
1690	1890.329800	11.410661	0.000108	198.729585	2.9
1691	1977.074775	11.464750	0.000108	167.555833	2.9
1692	1937.155496	11.550864	0.000108	126.737394	2.9
1693	1977.388088	11.582162	0.000108	170.640202	4.7
1694	1928.882848	11.573667	0.000108	96.635359	4.8
1695	1983.045780	11.573343	0.000108	69.146733	3.7
1696	1917.495192	11.571097	0.000108	89.909939	3.6
1697	1849.215380	11.567584	0.000108	166.585207	3.5
1698	2006.823194	11.560765	0.000108	125.808140	2.7
1699	1929.939792	11.575686	0.000108	108.225911	2.6
1700	1943.949951	11.571071	0.000108	87.719860	3.3
1701	1979.908772	11.570697	0.000108	88.432746	4.6
1702	1949.520195	11.572392	0.000108	150.336735	4.5
1703	1858.102420	11.566603	0.000108	133.423822	4.4
1704	1927.142598	11.598204	0.000108	105.253755	3.4
1705	1983.192387	11.615423	0.000108	215.949527	3.4
1706	1941.221038	11.649478	0.000107	110.688801	3.2
1707	1976.941328	11.691109	0.000107	165.523161	4.2
1708	1934.308907	11.718208	0.000107	154.620031	2.8
1709	1925.797401	11.766133	0.000107	54.157411	2.6
1710	1987.741568	11.761244	0.000107	76.124885	2.5
1711	1938.626154	11.763214	0.000107	157.355446	2.6
1712	1995.257970	11.773606	0.000107	47.390384	2.5
1713	1928.256742	11.780551	0.000107	112.028288	2.5
1714	1989.465252	11.784322	0.000107	77.120985	2.4
1715	1969.894534	11.792858	0.000107	177.384132	2.5
1716	2037.015737	11.790448	0.000107	31.623166	2.6
1717	2083.609402	11.787471	0.000107	66.129005	2.6
1718	1864.457581	11.788950	0.000107	32.623076	4.7
1719	1965.993991	11.789035	0.000107	140.417236	4.4
1720	2025.059241	11.786950	0.000107	152.414605	2.8
1721	2031.314477	11.816046	0.000107	102.059443	2.7
1722	1952.626815	11.837041	0.000107	160.141621	2.7
1723	1889.395414	11.830269	0.000107	129.614632	2.8
1724	1954.987903	11.859077	0.000107	64.158585	2.8
1725	2055.771685	11.866410	0.000107	198.259106	2.8
1726	1916.385040	11.879117	0.000107	116.818204	2.7
1727	1919.178414	11.908029	0.000107	60.625988	2.5
1728	1800.082654	11.912057	0.000107	70.596380	2.6
1729	1919.753587	11.912058	0.000107	131.939464	2.4
1730	1979.112035	11.908461	0.000107	109.774320	2.4
1731	1926.430343	11.922909	0.000107	148.619780	2.4
1732	2010.335559	11.915177	0.000107	121.987812	2.5
1733	1924.795025	11.932634	0.000107	50.913366	2.5
1734	2003.605248	11.938247	0.000107	56.856206	2.6
1735	1851.605000	11.938964	0.000107	34.681486	4.7
1736	1994.051027	11.939202	0.000107	147.376164	4.7
1737	1995.934976	11.937933	0.000107	72.895192	4.7
1738	2056.795303	11.947598	0.000107	117.021098	4.5
1739	1940.985371	11.952387	0.000106	67.851242	4.4
1740	1987.745855	11.959721	0.000106	71.125812	4.3
1741	2006.912466	11.963711	0.000106	69.323049	3.9
1742	1937.868765	11.960624	0.000106	98.198216	3.2
1743	1933.198737	11.960983	0.000106	96.493456	3.2
1744	1957.528622	11.957936	0.000106	68.698869	3.3
1745	2020.773090	11.953646	0.000106	24.813482	2.4
1746	1951.504645	11.953523	0.000106	81.874856	2.5
1747	1978.995415	11.953840	0.000106	121.798793	2.5
1748	1924.013660	11.948415	0.000107	123.083016	2.6
1749	1996.426386	11.967960	0.000106	24.464385	2.3
1750	1922.866858	11.969581	0.000106	74.207239	2.2
1751	1969.953248	11.969655	0.000106	69.846822	2.2
1752	2022.198528	11.968642	0.000106	142.526471	2.2
1753	2008.969007	11.976101	0.000106	151.470098	2.3
1754	1946.319904	12.008190	0.000106	111.840274	2.4
1755	1959.698225	12.028993	0.000106	75.746138	2.4
1756	1907.708830	12.026325	0.000106	50.850179	2.3
1757	1969.504910	12.025992	0.000106	130.470395	2.2
1758	2065.316510	12.022126	0.000106	47.801700	2.2
1759	1928.856848	12.026315	0.000106	63.199964	2.2
1760	1927.979356	12.024468	0.000106	40.019913	2.2
1761	1965.693079	12.024676	0.000106	86.998489	4.4
1762	1899.257497	12.024791	0.000106	83.567109	2.5
1763	1923.349637	12.027427	0.000106	156.932810	2.2
1764	1950.271865	12.026155	0.000106	111.493050	2.3
1765	1965.605893	12.050254	0.000106	42.244564	2.4
1766	1931.017176	12.047683	0.000106	48.912369	2.4
1767	1973.264771	12.048248	0.000106	133.218059	2.4
1768	1851.347815	12.044806	0.000106	78.087005	2.4
1769	2076.658677	12.043363	0.000106	49.775167	2.1
1770	1981.351251	12.046307	0.000106	82.424857	2.2
1771	1934.784561	12.046999	0.000106	133.121193	2.2
1772	1947.979778	12.057623	0.000106	52.696333	2.2
1773	1883.779800	12.061896	0.000106	23.834425	2.1
1774	1867.573399	12.062416	0.000106	96.140068	2.1
1775	1959.085214	12.061220	0.000106	63.347132	2.1
1776	1942.339478	12.064916	0.000106	109.241202	2.2
1777	1906.200372	12.071106	0.000106	109.291168	2.2
1778	1949.732127	12.076269	0.000106	78.806824	2.1
1779	1955.019398	12.077543	0.000106	42.296517	2.1
1780	1986.333426	12.075378	0.000106	67.020422	2.1
1781	1928.180662	12.077228	0.000106	100.308987	2.4
1782	2030.688617	12.076133	0.000106	92.407554	2.1
1783	1998.137784	12.085432	0.000106	38.231216	2.1
1784	1982.598017	12.084467	0.000106	93.657010	2.1
1785	1956.805391	12.086936	0.000106	31.747916	3.1
1786	1962.015575	12.087635	0.000106	95.468931	3.1
1787	1998.456598	12.085925	0.000106	91.946375	6.8
1788	1974.102420	12.082188	0.000106	33.185979	4.8
1789	2006.367642	12.082846	0.000106	28.397377	4.8
1790	1946.948623	12.082693	0.000106	124.034914	3.4
1791	1924.745256	12.083027	0.000106	66.640227	2.7
1792	2033.061590	12.078979	0.000106	111.792255	2.7
1793	1882.671582	12.080340	0.000106	10.382030	2.8
1794	1944.386574	12.080028	0.000106	28.136925	2.7
1795	1955.316848	12.080049	0.000106	49.190474	2.5
1796	1987.337673	12.079172	0.000106	119.275622	3.2
1797	1875.694672	12.075980	0.000106	139.799259	3.3
1798	1917.710509	12.099342	0.000106	63.677625	2.4
1799	1995.382935	12.106062	0.000106	70.446862	2.4
1800	1956.205492	12.109707	0.000106	80.864656	2.4
1801	2025.257536	12.106638	0.000106	154.587499	2.4
1802	1898.097658	12.099934	0.000106	144.280963	2.2
1803	1934.798723	12.138061	0.000106	260.509326	1.9
1804	1959.134141	12.241392	0.000106	48.767471	2.0
1805	1990.165043	12.241385	0.000106	47.030619	2.0
1806	2026.976411	12.240298	0.000106	35.449407	2.0
1807	1976.257515	12.239869	0.000106	144.381362	2.0
1808	1988.829853	12.244398	0.000106	33.825019	2.0
1809	2010.467695	12.241411	0.000106	57.945682	2.0
1810	2049.409859	12.242115	0.000106	50.407045	2.0
1811	1922.844394	12.244327	0.000106	225.158703	2.0
1812	2002.088285	12.239582	0.000106	109.681432	2.0
1813	2042.535197	12.262308	0.000106	203.589660	2.0
1814	1926.747330	12.268612	0.000105	58.569663	1.9
1815	1919.378031	12.262926	0.000106	196.887985	1.9
1816	1945.669409	12.275937	0.000105	127.905303	1.9
1817	1957.095306	12.266223	0.000105	27.329846	2.0
1818	1908.092224	12.265353	0.000105	124.443136	2.0
1819	1960.813452	12.265026	0.000105	124.375338	2.0
1820	1952.603434	12.272041	0.000105	127.650059	2.0
1821	1980.393664	12.267003	0.000105	104.551782	2.0
1822	1895.147792	12.261783	0.000106	28.446891	1.9
1823	2053.098950	12.260181	0.000106	101.175884	2.0
1824	1933.151817	12.260251	0.000106	30.076005	2.0
1825	1981.761404	12.259054	0.000106	134.397927	2.0
1826	1915.698129	12.261297	0.000106	97.497110	1.9
1827	1893.572149	12.261703	0.000106	36.395291	1.9
1828	1916.220836	12.260827	0.000106	119.606701	2.1
1829	1958.586084	12.263076	0.000106	163.437206	3.8
1830	1971.503418	12.271248	0.000105	68.548179	2.0
1831	1953.762225	12.275424	0.000105	152.196151	2.1
1832	1991.973791	12.286354	0.000105	64.362216	2.2
1833	1935.574809	12.281944	0.000105	102.482156	2.3
1834	2047.374675	12.288187	0.000105	78.601847	2.3
1835	1979.345432	12.283196	0.000105	125.183578	2.3
1836	1877.862452	12.293232	0.000105	81.264208	1.9
1837	1971.115537	12.304235	0.000105	61.463263	1.9
1838	1928.956661	12.301078	0.000105	87.184739	2.0
1839	1972.211037	12.304920	0.000105	212.837848	1.9
1840	1931.818439	12.327930	0.000105	59.992074	1.9
1841	1937.406695	12.327202	0.000105	228.254309	1.9
1842	2106.178958	12.325883	0.000105	73.217364	1.9
1843	1923.077285	12.340490	0.000105	123.019602	1.9
1844	1914.572747	12.341602	0.000105	21.976038	2.0
1845	1883.125061	12.342157	0.000105	69.713267	2.0
1846	1943.858898	12.342031	0.000105	94.112572	2.1
1847	1997.541012	12.347378	0.000105	50.409415	1.9
1848	1992.587517	12.349501	0.000105	114.741885	2.0
1849	2016.391997	12.354513	0.000105	94.641380	2.0
1850	1945.397714	12.362257	0.000105	38.093885	1.9
1851	1948.641389	12.362644	0.000105	33.020794	1.9
1852	1934.507850	12.361887	0.000105	69.116116	1.9
1853	1888.268316	12.362665	0.000105	45.058216	1.9
1854	1924.589237	12.362967	0.000105	128.659381	1.9
1855	1973.675885	12.365490	0.000105	140.049045	1.9
1856	1897.435490	12.369547	0.000105	95.699716	1.9
1857	1896.819899	12.370344	0.000105	145.970715	1.9
1858	1974.411862	12.385625	0.000105	128.671167	1.9
1859	1934.597853	12.378626	0.000105	254.046017	1.9
1860	1936.355094	12.392974	0.000105	126.187920	1.9
1861	2011.913888	12.468382	0.000105	47.907979	5.0
1862	1886.555490	12.471961	0.000105	149.028542	2.6
1863	1923.156668	12.477782	0.000105	200.695176	2.6
1864	1992.394781	12.534204	0.000105	101.756711	2.9
1865	1935.749068	12.552490	0.000105	287.648571	4.6
1866	1967.488314	12.542161	0.000105	59.367624	4.7
1867	1988.505532	12.561053	0.000105	19.428059	4.8
1868	1958.809069	12.561156	0.000105	88.969500	4.8
1869	1877.408036	12.561065	0.000105	159.230304	3.6
1870	1898.343980	12.569093	0.000105	65.004094	3.4
1871	1927.608538	12.580326	0.000105	132.309577	3.1
1872	1969.705687	12.577026	0.000105	152.830837	2.1
1873	1919.995626	12.569417	0.000105	192.212079	2.1
1874	2037.574425	12.578654	0.000105	70.289071	2.4
1875	2090.630198	12.578107	0.000105	87.596091	2.1
1876	1956.323353	12.574781	0.000105	106.995735	1.9
1877	1969.273326	12.583533	0.000104	73.249619	1.9
1878	1956.319968	12.579343	0.000105	129.831898	3.0
1879	1966.092022	12.574138	0.000105	160.595851	2.2
1880	1885.757827	12.590196	0.000104	77.061140	2.2
1881	2008.603017	12.584164	0.000104	165.828985	2.2
1882	1950.991981	12.596967	0.000104	43.783075	2.2
1883	1986.113591	12.602663	0.000104	43.665332	2.9
1884	1932.797216	12.601382	0.000104	232.277970	2.2
1885	1933.083982	12.596261	0.000104	83.091918	2.2
1886	2027.338090	12.595969	0.000104	246.399369	2.1
1887	1892.341061	12.594737	0.000104	64.244302	2.1
1888	1926.012013	12.615625	0.000104	71.656244	2.4
1889	1944.516528	12.614027	0.000104	148.701977	4.7
1890	1919.149256	12.620373	0.000104	194.258394	4.5
1891	1869.821991	12.666859	0.000104	127.338107	4.4
1892	1948.907698	12.676555	0.000104	104.829290	4.3
1893	1811.151485	12.692542	0.000104	198.708239	3.9
1894	1870.383654	12.683669	0.000104	189.721496	3.3
1895	1959.136809	12.799819	0.000104	153.269658	3.2
1896	1999.212788	12.792750	0.000104	194.464935	3.0
1897	1964.504945	12.813757	0.000104	69.487440	2.6
1898	1911.744947	12.810960	0.000104	39.446751	2.5
1899	2062.506951	12.812562	0.000104	90.140014	2.5
1900	1908.103403	12.811509	0.000104	106.458769	2.4
1901	1907.079802	12.821757	0.000104	142.772570	2.4
1902	2007.716437	12.817345	0.000104	66.727971	4.3
1903	1941.321910	12.824934	0.000104	63.489008	4.3
1904	1986.262705	12.827970	0.000104	39.009725	4.2
1905	1968.010035	12.827591	0.000104	75.583307	4.2
1906	1983.828925	12.828673	0.000104	93.583432	3.3
1907	1858.515800	12.831950	0.000104	90.463487	4.6
1908	1916.812914	12.830110	0.000104	100.947507	3.8
1909	1965.276599	12.839178	0.000104	47.052027	4.0
1910	1918.423460	12.840548	0.000104	117.453494	4.0
1911	1932.497914	12.838686	0.000104	65.261794	3.0
1912	1947.361450	12.846052	0.000104	28.047873	3.0
1913	1906.005907	12.845972	0.000104	86.365297	3.0
1914	1879.061729	12.846531	0.000104	98.348381	2.4
1915	1903.634023	12.854190	0.000104	53.692449	2.4
1916	2057.389317	12.851661	0.000104	137.588199	2.4
1917	1974.871423	12.848845	0.000104	9.064084	2.5
1918	1900.903065	12.848507	0.000104	37.986396	4.1
1919	2021.028682	12.848487	0.000104	106.340139	4.5
1920	1950.841453	12.845963	0.000104	107.512549	4.4
1921	1987.615266	12.839717	0.000104	81.993268	4.3
1922	2067.395389	12.840449	0.000104	182.717186	4.2
1923	2106.733631	12.839006	0.000104	88.132170	3.2
1924	1928.958933	12.844335	0.000104	23.926558	3.2
1925	2072.889831	12.843607	0.000104	67.755552	3.4
1926	1969.604948	12.844581	0.000104	85.818514	3.0
1927	2004.851700	12.841092	0.000104	25.612183	2.9
1928	1924.235645	12.841002	0.000104	41.902949	3.0
1929	2015.538576	12.841193	0.000104	174.453911	2.9
1930	1937.386463	12.837594	0.000104	87.644451	5.2
1931	1968.110784	12.830025	0.000104	53.913179	5.4
1932	1989.956251	12.830864	0.000104	82.769160	4.7
1933	1902.561628	12.828248	0.000104	137.220991	4.5
1934	1969.215478	12.825080	0.000104	120.592498	4.2
1935	1890.320416	12.832158	0.000104	47.419260	4.3
1936	1943.497599	12.834243	0.000104	49.529143	5.0
1937	1883.961660	12.834446	0.000104	90.789406	5.3
1938	2037.140505	12.831892	0.000104	200.862943	4.6
1939	1958.818984	12.858060	0.000104	60.366792	4.3
1940	1955.656110	12.867147	0.000104	64.818827	5.0
1941	1877.395278	12.866640	0.000104	52.318093	4.8
1942	1955.370271	12.867739	0.000104	127.562861	3.6
1943	1998.990918	12.866085	0.000104	79.348974	3.6
1944	1921.522722	12.877171	0.000104	163.394467	3.5
1945	1865.732276	12.892907	0.000104	139.048943	2.9
1946	1919.147557	12.931840	0.000103	174.868864	2.8
1947	1919.534806	12.926443	0.000103	82.390579	2.7
1948	1971.669785	12.938848	0.000103	101.669482	2.6
1949	1989.555343	12.946674	0.000103	35.351272	2.6
1950	2011.721212	12.949768	0.000103	50.727592	2.5
1951	1931.171075	12.948776	0.000103	44.634933	2.5
1952	2050.742521	12.947428	0.000103	166.727822	2.5
1953	1983.705305	12.952380	0.000103	192.058419	2.4
1954	1954.700891	13.027033	0.000103	107.088186	2.4
1955	1943.752562	13.056899	0.000103	94.621658	2.5
1956	1998.259082	13.055717	0.000103	127.455464	2.3
1957	2001.968697	13.053840	0.000103	90.205592	2.1
1958	1983.080895	13.066860	0.000103	125.670541	2.1
1959	1889.462877	13.064925	0.000103	49.040941	2.1
1960	1909.174847	13.067787	0.000103	138.789956	2.2
1961	2008.768202	13.067210	0.000103	169.256672	2.1
1962	1951.553237	13.058728	0.000103	97.329056	2.1
1963	1958.975116	13.079855	0.000103	203.875228	2.1
1964	1955.555946	13.071701	0.000103	46.556659	2.1
1965	1949.599174	13.080821	0.000103	161.173723	2.1
1966	1937.759993	13.087584	0.000103	51.730534	2.1
1967	1993.955030	13.095434	0.000103	172.248735	2.0
1968	1991.566992	13.102524	0.000103	54.167227	2.0
1969	1973.170579	13.104492	0.000103	95.633649	2.1
1970	1889.858541	13.105240	0.000103	91.859157	2.0
1971	1938.148634	13.106515	0.000103	108.104834	2.1
1972	1939.263512	13.101769	0.000103	91.532963	2.1
1973	1988.422626	13.100829	0.000103	61.543444	2.1
1974	1985.476287	13.105456	0.000103	19.311589	2.0
1975	1928.888081	13.104774	0.000103	84.273562	2.0
1976	1881.634885	13.105338	0.000103	55.302196	2.0
1977	1848.410266	13.107320	0.000103	104.137767	2.0
1978	1913.478215	13.106487	0.000103	213.146909	2.0
1979	1845.299002	13.140500	0.000103	80.455634	2.0
1980	1980.426382	13.138582	0.000103	226.725908	2.0
1981	1892.623872	13.136831	0.000103	65.750737	2.0
1982	1952.578485	13.149542	0.000103	151.262242	2.9
1983	1904.018645	13.147981	0.000103	121.946792	2.3
1984	1947.834759	13.140006	0.000103	76.176142	2.0
1985	1903.566814	13.140769	0.000103	63.340404	2.0
1986	1990.559991	13.141411	0.000103	112.858875	2.1
1987	1979.499897	13.143531	0.000103	91.542824	2.0
1988	1843.864164	13.154664	0.000103	77.333397	2.0
1989	1820.171007	13.158127	0.000103	63.359398	2.1
1990	1903.757188	13.160346	0.000103	51.412101	2.0
1991	1929.771396	13.161062	0.000103	99.886208	2.0
1992	1949.198548	13.158301	0.000103	42.003395	1.9
1993	1938.087571	13.160093	0.000103	94.797070	2.0
1994	1924.556817	13.162362	0.000103	39.751964	3.4
1995	1949.312528	13.162799	0.000103	113.891598	2.6
1996	2036.502460	13.160083	0.000103	46.490348	2.6
1997	1995.507706	13.162757	0.000103	123.268519	2.5
1998	1987.216318	13.165308	0.000103	130.142115	4.2
1999	1944.581473	13.178460	0.000103	66.389436	4.4
