0.000000000000000000e+00 0.000000000000000000e+00 0.000000000000000000e+00
-1.072833203335336744e-01 -9.026593629613140213e-02 7.745328779172269695e-02
-2.145666406670673487e-01 -1.805318725922628043e-01 1.549065755834453939e-01
-3.218499610006010370e-01 -2.707978088883942203e-01 2.323598633751681186e-01
-4.329332102070558297e-01 -3.492855912142558417e-01 3.207037015902345911e-01
-5.466987621473372583e-01 -4.194593825022799316e-01 4.167349871629555391e-01
-6.604643140876187424e-01 -4.896331737903041326e-01 5.127662727356765426e-01
-7.755274329148358348e-01 -5.564853254836110708e-01 6.115708694880532814e-01
-8.968188727993446907e-01 -6.073936071222757471e-01 7.236873599027779935e-01
-1.018110312683853547e+00 -6.583018887609403125e-01 8.358038503175028167e-01
-1.139401752568362181e+00 -7.092101703996049888e-01 9.479203407322274177e-01
-1.267117916293613256e+00 -7.461330258926817116e-01 1.070427990198323576e+00
-1.396878310331827855e+00 -7.786059730667078682e-01 1.196241917544401456e+00
-1.526638704370042232e+00 -8.110789202407339138e-01 1.322055844890479115e+00
-1.659609936420387788e+00 -8.374823434651246234e-01 1.451805873632779909e+00
-1.798681760693782383e+00 -8.523536711852082171e-01 1.589034495027905614e+00
-1.937753584967176756e+00 -8.672249989052916996e-01 1.726263116423030652e+00
-2.076825409240571130e+00 -8.820963266253751822e-01 1.863491737818155913e+00
-2.225257217551676270e+00 -8.813594528052379751e-01 2.009320302567324745e+00
-2.374382358013721994e+00 -8.794664159080473054e-01 2.155785900157533241e+00
-2.523507498475768163e+00 -8.775733790108566357e-01 2.302251497747741737e+00
-2.678164334807190183e+00 -8.674440128267884020e-01 2.452422759149743392e+00
-2.837984087283362378e+00 -8.496274059749675533e-01 2.606052640109417950e+00
-2.997803839759534128e+00 -8.318107991231467047e-01 2.759682521069092065e+00
-3.158785866481733429e+00 -8.124342713610487321e-01 2.913849982950027950e+00
-3.329840936669497875e+00 -7.795384290432149088e-01 3.072676479481893708e+00
-3.500896006857262321e+00 -7.466425867253810855e-01 3.231502976013759021e+00
-3.671951077045026324e+00 -7.137467444075472622e-01 3.390329472545624334e+00
-3.851058170185246432e+00 -6.710361702611463697e-01 3.551455260665944191e+00
-4.033788673654072454e+00 -6.239089667918900073e-01 3.713615730001069259e+00
-4.216519177122897588e+00 -5.767817633226338669e-01 3.875776199336193439e+00
-4.402564151963454187e+00 -5.259635399883137996e-01 4.038371525240330939e+00
-4.597309614154806212e+00 -4.654563895082009517e-01 4.202108349638128182e+00
-4.792055076346157350e+00 -4.049492390280879928e-01 4.365845174035925425e+00
-4.986800538537509375e+00 -3.444420885479750893e-01 4.529581998433723555e+00
-5.192109702484022371e+00 -2.731375302710368769e-01 4.693253100719820381e+00
-5.399109058711363929e+00 -2.001053867466061342e-01 4.856913687468047414e+00
-5.606108414938702822e+00 -1.270732432221758079e-01 5.020574274216273558e+00
-5.818662912886003014e+00 -4.881128968831581483e-02 5.183506948228806088e+00
-6.038054508334792736e+00 3.588735308791918266e-02 5.345543729643561726e+00
-6.257446103783582458e+00 1.205859958641541663e-01 5.507580511058317363e+00
-6.477266319724748200e+00 2.056572064208483097e-01 5.669511556335520730e+00
-6.709087909452447818e+00 3.011603148304012878e-01 5.828481989761252535e+00
-6.940909499180145659e+00 3.966634232399537385e-01 5.987452423186983452e+00
-7.172731088907843500e+00 4.921665316495061893e-01 6.146422856612715258e+00
-7.412228846420044981e+00 5.938386076245560918e-01 6.302659856207677436e+00
-7.656417595356109551e+00 6.992806082229656717e-01 6.457226424017170174e+00
-7.900606344292173233e+00 8.047226088213750295e-01 6.611792991826662913e+00
-8.147320003713030445e+00 9.120411154029068879e-01 6.765193416557170103e+00
-8.403712486658914571e+00 1.026552894919737557e+00 6.914123626151559066e+00
-8.660104969604798697e+00 1.141064674436568449e+00 7.063053835745948916e+00
-8.916497452550682823e+00 1.255576453953399119e+00 7.211984045340337879e+00
-9.182359367555717355e+00 1.376589402225619096e+00 7.355549841380607745e+00
-9.450691569184877849e+00 1.499298307564462807e+00 7.497716225189368977e+00
-9.719023770814034791e+00 1.622007212903305184e+00 7.639882608998128433e+00
-9.991746532633399625e+00 1.747493023824767233e+00 7.779095580682548139e+00
-1.027165384749128130e+01 1.877522862063239151e+00 7.913475696163500217e+00
-1.055156116234916652e+01 2.007552700301712623e+00 8.047855811644453183e+00
-1.083146847720705175e+01 2.137582538540186317e+00 8.182235927125407926e+00
-1.112210260910261717e+01 2.273831466579887550e+00 8.308212483862702058e+00
-1.141311984160667592e+01 2.410302504969634274e+00 8.433888913502011420e+00
-1.170413707411073112e+01 2.546773543359379222e+00 8.559565343141317229e+00
-1.200097175871720268e+01 2.686311024550197768e+00 8.679991522669102011e+00
-1.230253312315687886e+01 2.828339990516884672e+00 8.796151873981273184e+00
-1.260409448759655859e+01 2.970368956483573797e+00 8.912312225293446133e+00
-1.290701830115307480e+01 3.113042214198764146e+00 9.027062446152614328e+00
-1.321845742168981630e+01 3.259742295342087814e+00 9.132999351680501476e+00
-1.352989654222656135e+01 3.406442376485413703e+00 9.238936257208388625e+00
-1.384133566276330285e+01 3.553142457628737372e+00 9.344873162736275773e+00
-1.415937225201524363e+01 3.702580332632667393e+00 9.442970704385720282e+00
-1.447992216268249166e+01 3.853061176726349402e+00 9.538081821700517438e+00
-1.480047207334974502e+01 4.003542020820033187e+00 9.633192939015314593e+00
-1.512358022906263777e+01 4.154918790364853010e+00 9.724789989070735885e+00
-1.545237337376583575e+01 4.308286505356640816e+00 9.808578000771985828e+00
-1.578116651846903551e+01 4.461654220348430400e+00 9.892366012473235770e+00
-1.610995966317223349e+01 4.615021935340218207e+00 9.976154024174483936e+00
-1.644527530039778540e+01 4.770173285315348011e+00 1.004943857561272225e+01
-1.678134353291437364e+01 4.925530439327017618e+00 1.012151118932830407e+01
-1.711741176543096188e+01 5.080887593338684560e+00 1.019358380304388589e+01
-1.745647616761926102e+01 5.236770214330336515e+00 1.025986202660042856e+01
-1.779875075159867137e+01 5.393215835657681367e+00 1.031993197498657189e+01
-1.814102533557808528e+01 5.549661456985028885e+00 1.038000192337271521e+01
-1.848364730059101291e+01 5.706119764918137882e+00 1.043923153329883391e+01
-1.883095890955640783e+01 5.862749342029054844e+00 1.048711657401462460e+01
-1.917827051852180276e+01 6.019378919139972695e+00 1.053500161473041352e+01
-1.952558212748719413e+01 6.176008496250888768e+00 1.058288665544620244e+01
-1.986683527403281246e+01 6.335822957527442512e+00 1.062177792970960688e+01
-2.020489975614696831e+01 6.497313673628013930e+00 1.065593564268228199e+01
-2.054296423826112772e+01 6.658804389728586237e+00 1.069009335565495888e+01
-2.088291084358257166e+01 6.820248252923599708e+00 1.072061684237684531e+01
-2.122877269326977867e+01 6.981544864129717531e+00 1.073971847516768108e+01
-2.157463454295698213e+01 7.142841475335835355e+00 1.075882010795851862e+01
-2.192049639264418559e+01 7.304138086541952291e+00 1.077792174074935438e+01
-2.227823242091752221e+01 7.466465338592429113e+00 1.078577641695691014e+01
-2.263844223639629760e+01 7.629007307485479394e+00 1.079128797720961330e+01
-2.299865205187507655e+01 7.791549276378530564e+00 1.079679953746231824e+01
-2.336454409945008592e+01 7.954083089462888445e+00 1.079722698874825682e+01
-2.373848597582808395e+01 8.116605348484926097e+00 1.079045195233127608e+01
-2.411242785220608909e+01 8.279127607506964637e+00 1.078367691591429711e+01
-2.448636972858408711e+01 8.441649866529003177e+00 1.077690187949731637e+01
