0.000000000000000000e+00 0.000000000000000000e+00 0.000000000000000000e+00
-1.220810196898831634e-01 -1.027164102680115793e-01 8.813649990092582709e-02
-2.441620393797663269e-01 -2.054328205360231585e-01 1.762729998018516542e-01
-3.662430590696494903e-01 -3.081492308040347794e-01 2.644094997027774951e-01
-4.957004112775559856e-01 -3.880021657179932859e-01 3.736864798372530605e-01
-6.251577634854624810e-01 -4.678551006319517924e-01 4.829634599717286259e-01
-7.546151156933689208e-01 -5.477080355459102989e-01 5.922404401062042467e-01
-8.926364093550513967e-01 -6.056381491347355706e-01 7.198212740264082754e-01
-1.030657703016733873e+00 -6.635682627235608422e-01 8.474021079466123041e-01
-1.168678996678416127e+00 -7.214983763123861138e-01 9.749829418668163328e-01
-1.316337376101212042e+00 -7.584503506828296215e-01 1.118150514364077308e+00
-1.463995755524007736e+00 -7.954023250532730183e-01 1.261318086861338283e+00
-1.611654134946803651e+00 -8.323542994237165260e-01 1.404485659358599037e+00
-1.769908279809631724e+00 -8.492768447603632476e-01 1.560642366463396824e+00
-1.928162424672459796e+00 -8.661993900970100801e-01 1.716799073568194611e+00
-2.086416569535288090e+00 -8.831219354336568017e-01 1.872955780672992177e+00
-2.256110694888651125e+00 -8.809677899989226679e-01 2.039623529654953860e+00
-2.425804820242014159e+00 -8.788136445641884231e-01 2.206291278636915987e+00
-2.595498945595377194e+00 -8.766594991294542893e-01 2.372959027618877670e+00
-2.777362801861366304e+00 -8.563854292635891818e-01 2.547779236986782880e+00
-2.959226658127354970e+00 -8.361113593977241853e-01 2.722599446354688535e+00
-3.141090514393344080e+00 -8.158372895318590778e-01 2.897419655722593745e+00
-3.335739387365627806e+00 -7.784040896529447195e-01 3.078153255224371776e+00
-3.530388260337911532e+00 -7.409708897740303613e-01 3.258886854726149807e+00
-3.725037133310195259e+00 -7.035376898951160030e-01 3.439620454227927837e+00
-3.932971844154030450e+00 -6.499101824990660692e-01 3.624147884850655199e+00
-4.140906554997866529e+00 -5.962826751030158023e-01 3.808675315473383005e+00
-4.348841265841702608e+00 -5.426551677069655355e-01 3.993202746096111255e+00
-4.570448171093929979e+00 -4.738022033675268752e-01 4.179523960066018340e+00
-4.792055076346157350e+00 -4.049492390280881593e-01 4.365845174035925425e+00
-5.013661981598385609e+00 -3.360962746886491104e-01 4.552166388005833397e+00
-5.249212973167428409e+00 -2.529907320574004137e-01 4.738400848788297814e+00
-5.484763964736469433e+00 -1.698851894261520779e-01 4.924635309570762232e+00
-5.720314956305511345e+00 -8.677964679490379751e-02 5.110869770353225761e+00
-5.969967461471376247e+00 9.601567398743252046e-03 5.295256452652775891e+00
-6.219619966637241149e+00 1.059827815923903016e-01 5.479643134952326911e+00
-6.469272471803105162e+00 2.023639957860368099e-01 5.664029817251876153e+00
-6.733069453217381373e+00 3.110399467348374802e-01 5.844927207012189818e+00
-6.996866434631659359e+00 4.197158976836387057e-01 6.025824596772505259e+00
-7.260663416045936458e+00 5.283918486324399311e-01 6.206721986532819813e+00
-7.538533371731802823e+00 6.483775734513197442e-01 6.382608080936725159e+00
-7.816403327417669189e+00 7.683632982701994463e-01 6.558494175340631394e+00
-8.094273283103536443e+00 8.883490230890798145e-01 6.734380269744537628e+00
-8.386030246455751680e+00 1.018655530815129051e+00 6.903852577214015795e+00
-8.677787209807963364e+00 1.148962038541177622e+00 7.073324884683493075e+00
-8.969544173160176825e+00 1.279268546267226192e+00 7.242797192152970354e+00
-9.274887712945082185e+00 1.418902817859703180e+00 7.404572732349146591e+00
-9.580231252729989322e+00 1.558537089452180391e+00 7.566348272545321940e+00
-9.885574792514892906e+00 1.698171361044656713e+00 7.728123812741497289e+00
-1.020409001287041484e+01 1.846136349384987607e+00 7.881039116564649838e+00
-1.052260523322593500e+01 1.994101337725318501e+00 8.033954420387802386e+00
-1.084112045358146048e+01 2.142066326065650728e+00 8.186869724210957600e+00
-1.117227799401711152e+01 2.297360955957430395e+00 8.329880833800514139e+00
-1.150343553445276079e+01 2.452655585849210063e+00 8.472891943390070679e+00
-1.183459307488841539e+01 2.607950215740991062e+00 8.615903052979628995e+00
-1.217774911028529061e+01 2.769569383909980420e+00 8.748085521714168422e+00
-1.252090514568216406e+01 2.931188552078970222e+00 8.880267990448709625e+00
-1.286406118107903929e+01 3.092807720247959580e+00 9.012450459183249052e+00
-1.321845742168981452e+01 3.259742295342087370e+00 9.132999351680499700e+00
-1.357285366230059509e+01 3.426676870436216937e+00 9.253548244177753901e+00
-1.392724990291137033e+01 3.593611445530344728e+00 9.374097136675004549e+00
-1.429201359436031105e+01 3.764848268119707964e+00 9.482327028791843304e+00
-1.465677728580925532e+01 3.936085090709072531e+00 9.590556920908682059e+00
-1.502154097725819604e+01 4.107321913298435767e+00 9.698786813025520814e+00
-1.539568490054114669e+01 4.281843795875299286e+00 9.794131791857976665e+00
-1.576982882382409912e+01 4.456365678452161916e+00 9.889476770690434293e+00
-1.614397274710704977e+01 4.630887561029025434e+00 9.984821749522890144e+00
-1.652639521859144622e+01 4.807673288007821455e+00 1.006683541340613885e+01
-1.690881769007584268e+01 4.984459014986616587e+00 1.014884907728938757e+01
-1.729124016156023558e+01 5.161244741965410832e+00 1.023086274117263628e+01
-1.768072503298508735e+01 5.339269069682737623e+00 1.029921819968100749e+01
-1.807020990440993558e+01 5.517293397400061750e+00 1.036757365818937693e+01
-1.845969477583478380e+01 5.695317725117386765e+00 1.043592911669774637e+01
-1.885491143431264405e+01 5.873551381829808626e+00 1.049041899061571392e+01
-1.925012809279050074e+01 6.051785038542229600e+00 1.054490886453367970e+01
-1.964534475126836455e+01 6.230018695254653238e+00 1.059939873845164726e+01
-2.003003881712240641e+01 6.413783992886338048e+00 1.063826786011020964e+01
-2.041473288297644473e+01 6.597549290518023746e+00 1.067713698176877024e+01
-2.079942694883049015e+01 6.781314588149710332e+00 1.071600610342733262e+01
-2.119299388123317129e+01 6.964859007798050783e+00 1.073774244418931900e+01
-2.158656081363585244e+01 7.148403427446391234e+00 1.075947878495130539e+01
-2.198012774603853359e+01 7.331947847094731685e+00 1.078121512571329177e+01
-2.239002167399714338e+01 7.516909397904065315e+00 1.078748690117326525e+01
-2.279991560195575317e+01 7.701870948713400722e+00 1.079375867663324051e+01
-2.320980952991436297e+01 7.886832499522734352e+00 1.080003045209321400e+01
-2.363532959613760198e+01 8.071771621858156109e+00 1.079232092789458086e+01
-2.406084966236084810e+01 8.256710744193581419e+00 1.078461140369594951e+01
-2.448636972858408711e+01 8.441649866529003177e+00 1.077690187949731637e+01
-2.491823990789216126e+01 8.621915955908361795e+00 1.075640278997107124e+01
-2.535011008720023185e+01 8.802182045287718637e+00 1.073590370044482434e+01
-2.578198026650830599e+01 8.982448134667077255e+00 1.071540461091857921e+01
-2.621211068168628344e+01 9.153915969383326967e+00 1.068428856897385515e+01
-2.664224109686425734e+01 9.325383804099574903e+00 1.065317252702913109e+01
-2.707237151204223125e+01 9.496851638815822838e+00 1.062205648508440703e+01
-2.749328285785128756e+01 9.656105893269661067e+00 1.058217649381127323e+01
-2.791419420366033322e+01 9.815360147723497519e+00 1.054229650253814121e+01
-2.833510554946938953e+01 9.974614402177335748e+00 1.050241651126500741e+01
-2.873790048194718594e+01 1.011940706483622598e+01 1.045124523037868514e+01
-2.914069541442497879e+01 1.026419972749511267e+01 1.040007394949236641e+01
-2.954349034690277520e+01 1.040899239015400290e+01 1.034890266860604413e+01
