0.000000000000000000e+00 0.000000000000000000e+00 0.000000000000000000e+00
-2.710342576107929377e-02 -1.332557725145791690e-02 8.565828177670249677e-02
-5.420685152215858754e-02 -2.665115450291583379e-02 1.713165635534049935e-01
-8.131027728323787784e-02 -3.997673175437375243e-02 2.569748453301075042e-01
-1.075092029574027941e-01 -5.315192007816996189e-02 3.417561467099094474e-01
-1.120001265456227052e-01 -6.271777413808526935e-02 4.054899185640989945e-01
-1.164910501338426163e-01 -7.228362819800059069e-02 4.692236904182885415e-01
-1.209819737220625413e-01 -8.184948225791591203e-02 5.329574622724780886e-01
-1.237796487981503296e-01 -9.119241280231800417e-02 5.949277264049049885e-01
-1.071049659847189278e-01 -9.797172291831818258e-02 6.366176517370620846e-01
-9.043028317128752602e-02 -1.047510330343183749e-01 6.783075770692190698e-01
-7.375560035785608259e-02 -1.115303431503185672e-01 7.199975024013761660e-01
-5.470728912510822162e-02 -1.180837001530649633e-01 7.590345836136526136e-01
-1.825236948403975712e-02 -1.229800676586168956e-01 7.786174746134716385e-01
1.820255015702877677e-02 -1.278764351641688557e-01 7.982003656132906633e-01
5.465746979809724126e-02 -1.327728026697208019e-01 8.177832566131096881e-01
9.406541239129351251e-02 -1.375013431046900880e-01 8.338278958763798432e-01
1.489767254831607379e-01 -1.413487914191005335e-01 8.312967135227690152e-01
2.038880385750277968e-01 -1.451962397335109511e-01 8.287655311691581872e-01
2.587993516668950500e-01 -1.490436880479213688e-01 8.262343488155473592e-01
3.171494800129910918e-01 -1.528342416251328162e-01 8.192901737448751165e-01
3.892548693760034539e-01 -1.563972162535483268e-01 7.946940278059568818e-01
4.613602587390158716e-01 -1.599601908819638374e-01 7.700978818670385362e-01
5.334656481020280117e-01 -1.635231655103793480e-01 7.455017359281203015e-01
6.094094259343225684e-01 -1.671846346759928437e-01 7.156352607824888468e-01
6.975081005860104266e-01 -1.711580032093998893e-01 6.690794098155992131e-01
7.856067752376980629e-01 -1.751313717428069072e-01 6.225235588487098015e-01
8.737054498893859211e-01 -1.791047402762139529e-01 5.759677078818201679e-01
9.659632502820231226e-01 -1.833681002125299719e-01 5.233083335641325329e-01
1.068915945437100667e+00 -1.883771523277548154e-01 4.549541849158215689e-01
1.171868640592178323e+00 -1.933862044429796867e-01 3.866000362675103830e-01
1.274821335747255757e+00 -1.983952565582045302e-01 3.182458876191994745e-01
1.382182441115225036e+00 -2.039135551836642746e-01 2.429859016762778989e-01
1.498911418185588262e+00 -2.105140026433731104e-01 1.530510114823093737e-01
1.615640395255951489e+00 -2.171144501030819740e-01 6.311612128834084845e-02
1.732369372326314050e+00 -2.237148975627907821e-01 -2.681876890562706617e-02
1.853691974425448752e+00 -2.310632555319760140e-01 -1.244241922830403024e-01
1.983181021020176793e+00 -2.397412321846748295e-01 -2.356661190976883646e-01
2.112670067614904834e+00 -2.484192088373736451e-01 -3.469080459123364268e-01
2.242159114209632875e+00 -2.570971854900724884e-01 -4.581499727269844890e-01
2.376370314136611039e+00 -2.667727961937053638e-01 -5.777827727042268435e-01
2.517664744061966609e+00 -2.779448579737395786e-01 -7.100018824253624405e-01
2.658959173987322178e+00 -2.891169197537737934e-01 -8.422209921464981486e-01
2.800253603912677747e+00 -3.002889815338080082e-01 -9.744401018676338566e-01
2.946349412105026211e+00 -3.127111110987515485e-01 -1.115719330966125744e+00
3.098556065364456824e+00 -3.267242360263069023e-01 -1.268529621090343618e+00
3.250762718623886549e+00 -3.407373609538621451e-01 -1.421339911214560603e+00
3.402969371883317606e+00 -3.547504858814174988e-01 -1.574150201338778698e+00
3.560014708119404681e+00 -3.702604731706751751e-01 -1.736632025436018800e+00
3.722301950913537105e+00 -3.873920613517769507e-01 -1.909591344670699797e+00
3.884589193707669530e+00 -4.045236495328787818e-01 -2.082550663905380794e+00
4.046876436501801066e+00 -4.216552377139805019e-01 -2.255509983140060015e+00
4.214005129900841418e+00 -4.405164943266967059e-01 -2.438687681469627666e+00
4.385602854627490110e+00 -4.609743679532107841e-01 -2.631297729732936741e+00
4.557200579354137915e+00 -4.814322415797249177e-01 -2.823907777996245816e+00
4.728798304080786608e+00 -5.018901152062390514e-01 -3.016517826259554891e+00
4.905213093102839927e+00 -5.242881254776983191e-01 -3.219821791411110468e+00
5.085412718356996820e+00 -5.482105288273284582e-01 -3.431528119832000456e+00
5.265612343611155488e+00 -5.721329321769588194e-01 -3.643234448252891777e+00
5.445811968865313268e+00 -5.960553355265892916e-01 -3.854940776673783098e+00
5.630784501311285162e+00 -6.220976565282168025e-01 -4.077738514593066910e+00
5.818938971885132538e+00 -6.495532559645088577e-01 -4.307930525511276976e+00
6.007093442458979915e+00 -6.770088554008011350e-01 -4.538122536429487930e+00
6.195247913032828180e+00 -7.044644548370934123e-01 -4.768314547347699772e+00
6.388118746044469276e+00 -7.341807163764553223e-01 -5.009910677336532281e+00
6.583642532927369118e+00 -7.651686003487939702e-01 -5.257921624302589692e+00
6.779166319810269847e+00 -7.961564843211326181e-01 -5.505932571268646214e+00
6.974690106693169689e+00 -8.271443682934713770e-01 -5.753943518234703625e+00
7.174868706753073866e+00 -8.604862729142741529e-01 -6.013579772950986779e+00
7.377237807131567848e+00 -8.949359519578835576e-01 -6.278686760726199800e+00
7.579606907510059166e+00 -9.293856310014926292e-01 -6.543793748501409269e+00
7.781976007888553148e+00 -9.638353100451020339e-01 -6.808900736276622290e+00
7.988940750820160197e+00 -1.000676633027193008e+00 -7.085755961734336417e+00
8.197692688077976797e+00 -1.038448039763137709e+00 -7.367179946290801418e+00
8.406444625335794285e+00 -1.076219446499082411e+00 -7.648603930847266419e+00
8.615196562593611773e+00 -1.113990853235027334e+00 -7.930027915403731420e+00
8.828494733561209173e+00 -1.154127442594394370e+00 -8.223218070972940552e+00
9.043228557279263669e+00 -1.195010931729578729e+00 -8.520123859493541119e+00
9.257962380997318164e+00 -1.235894420864763310e+00 -8.817029648014143461e+00
9.472696204715372659e+00 -1.276777909999947891e+00 -9.113935436534745804e+00
9.691943998224086698e+00 -1.319927686488718610e+00 -9.422513594941587911e+00
9.912320284180468732e+00 -1.363644034815886474e+00 -9.734009845819995732e+00
1.013269657013685077e+01 -1.407360383143054561e+00 -1.004550609669840355e+01
1.035307285609323458e+01 -1.451076731470222647e+00 -1.035700234757681137e+01
1.057795537598904545e+01 -1.496879688576666645e+00 -1.067995869490351524e+01
1.080369622615903502e+01 -1.543080094974401462e+00 -1.100509791774418034e+01
1.102943707632902459e+01 -1.589280501372136278e+00 -1.133023714058484721e+01
1.125517792649901239e+01 -1.635480907769871095e+00 -1.165537636342551231e+01
1.148544918596874354e+01 -1.683499111718397945e+00 -1.199163819911038154e+01
1.171633822852480122e+01 -1.731765197151124092e+00 -1.232941675472855181e+01
1.194722727108086069e+01 -1.780031282583849794e+00 -1.266719531034672208e+01
1.217811631363691660e+01 -1.828297368016575275e+00 -1.300497386596488880e+01
1.241359923520822761e+01 -1.878014957767735194e+00 -1.335340560280230449e+01
1.264948162451999814e+01 -1.927858765285715759e+00 -1.370276370322400261e+01
1.288536401383176688e+01 -1.977702572803696324e+00 -1.405212180364570074e+01
1.312124640314353741e+01 -2.027546380321676445e+00 -1.440147990406739886e+01
1.336183281870258455e+01 -2.078369567562774023e+00 -1.476088306819182527e+01
1.360261523535526962e+01 -2.129233562292335069e+00 -1.512070477663719892e+01
1.384339765200795469e+01 -2.180097557021895671e+00 -1.548052648508257434e+01
1.408418006866063621e+01 -2.230961551751455829e+00 -1.584034819352794266e+01
