1:ItNr	2:Metric	3a:Time	3b:StepSize	4:||Gradient||	Time[ms]
0	110948.232673	0.000000	0.000155	11220.042151	281.3
1	93380.050805	0.000000	0.000155	10062.284727	4.5
2	79623.812281	0.000000	0.000155	8938.336370	2.0
3	69838.280353	0.000000	0.000155	8236.681948	1.9
4	59081.499730	0.000000	0.000155	7818.887380	4.5
5	49569.635939	0.000000	0.000155	7269.474314	4.0
6	41029.881599	0.000000	0.000155	6655.112183	3.1
7	35137.314427	0.000000	0.000155	6430.172502	2.5
8	28458.424535	0.000000	0.000155	5486.228457	2.2
9	23730.991776	0.000000	0.000155	4915.662718	4.2
10	20468.397101	0.000000	0.000155	4348.813359	3.4
11	18009.380953	0.000000	0.000155	3631.411201	3.0
12	15727.167911	0.000000	0.000155	3084.967619	4.6
13	14318.424265	0.000000	0.000155	2433.490277	4.0
14	14125.298411	0.000000	0.000155	2177.118311	2.9
15	12604.998051	0.000000	0.000155	1469.629885	6.0
16	12630.236935	0.000000	0.000155	1314.382981	6.3
17	12457.082659	0.000000	0.000155	1053.813838	3.8
18	12325.865753	0.000000	0.000155	879.727202	3.7
19	12316.360949	0.000000	0.000155	725.880909	5.8
20	12317.481374	0.000000	0.000155	789.212582	3.2
21	12645.383765	0.000000	0.000155	609.332687	3.2
22	12036.249308	0.000000	0.000155	529.781826	5.0
23	12450.687765	0.000000	0.000155	440.487701	3.7
24	12163.278530	0.000000	0.000155	406.822224	3.9
25	12053.506579	0.000000	0.000155	518.634774	4.4
26	11761.310798	0.000000	0.000155	505.327582	4.3
27	11154.248610	0.000000	0.000155	367.735265	3.5
28	12389.659089	0.000000	0.000155	397.227460	4.0
29	11784.323608	0.000000	0.000155	323.512445	4.5
30	11887.798986	0.000000	0.000155	283.786028	3.9
31	12056.540647	0.000000	0.000155	325.630897	2.7
32	11724.041541	0.000000	0.000155	252.196641	5.4
33	11377.473491	0.000000	0.000155	228.392525	2.8
34	12085.481033	0.000000	0.000155	327.555799	5.0
35	11953.383045	0.000000	0.000155	283.575308	3.3
36	12375.412387	0.000000	0.000155	282.350942	4.7
37	11467.280514	0.000000	0.000155	268.212390	4.0
38	11356.395081	0.000000	0.000155	281.504888	4.5
39	11617.989733	0.000000	0.000155	253.778226	5.3
40	12029.197142	0.000000	0.000155	385.829553	4.8
41	12083.310280	0.000000	0.000155	284.764766	5.0
42	11999.361723	0.000000	0.000155	306.415849	5.3
43	11254.393965	0.000000	0.000155	297.763341	4.5
44	11773.068845	0.000000	0.000155	232.068000	4.4
45	12352.290152	0.000000	0.000155	240.961477	4.5
46	12194.182382	0.000000	0.000155	319.866756	5.3
47	10657.368651	0.000000	0.000155	289.320852	5.3
48	12100.896107	0.000000	0.000155	248.406522	4.4
49	11558.992116	0.000000	0.000155	269.597915	4.9
50	11391.687298	0.000000	0.000155	257.834591	3.9
51	11865.706663	0.000000	0.000155	228.271060	4.1
52	11635.125400	0.000000	0.000155	220.200838	3.7
53	11974.726916	0.000000	0.000155	248.946282	5.1
54	11693.631895	0.000000	0.000155	215.655427	3.3
55	11629.420608	0.000000	0.000155	232.535110	3.3
56	11696.801408	0.000000	0.000155	260.780032	4.0
57	11877.172722	0.000000	0.000155	193.082737	5.8
58	11573.505575	0.000000	0.000155	215.457980	4.5
59	11881.498216	0.000000	0.000155	244.501994	4.5
60	11288.834749	0.000000	0.000155	211.851209	4.6
61	11472.311863	0.000000	0.000155	270.887100	4.0
62	11301.220808	0.000000	0.000155	224.437029	4.1
63	11744.467232	0.000000	0.000155	274.346426	4.1
64	12030.010279	0.000000	0.000155	236.138249	3.1
65	11642.460207	0.000000	0.000155	278.419427	3.4
66	11603.789543	0.000000	0.000155	252.349573	6.3
67	11233.681820	0.000000	0.000155	196.405204	3.6
68	12191.024090	0.000000	0.000155	290.586848	3.2
69	11905.420469	0.000000	0.000155	217.426704	3.3
70	11540.490277	0.000000	0.000155	231.538736	6.6
71	11882.918480	0.000000	0.000155	188.343155	2.8
72	11272.695912	0.000000	0.000155	183.657639	2.8
73	11652.347042	0.000000	0.000155	202.681617	2.9
74	11340.027393	0.000000	0.000155	256.675730	3.6
75	12312.665751	0.000000	0.000155	224.051755	3.1
76	11582.891082	0.000000	0.000155	208.866980	6.8
77	11889.798964	0.000000	0.000155	232.578196	5.2
78	12019.768160	0.000000	0.000155	299.976286	4.7
79	12294.080408	0.000000	0.000155	215.820070	5.4
80	11888.297981	0.000000	0.000155	280.458077	2.5
81	11705.462035	0.000000	0.000155	321.927254	3.3
82	11985.530974	0.013979	0.000155	230.181737	4.7
83	12105.815264	0.008231	0.000155	287.329583	4.6
84	11658.292812	0.000000	0.000155	241.195120	3.3
85	12123.338486	0.000000	0.000155	216.654891	3.2
86	11269.848832	0.000000	0.000155	214.975514	3.4
87	11496.664031	0.000000	0.000155	246.029974	5.5
88	11674.783098	0.000000	0.000155	202.357766	4.4
89	11861.590128	0.000000	0.000155	282.105139	6.6
90	11390.613379	0.000000	0.000155	206.406268	3.6
91	11434.918785	0.000000	0.000155	250.290772	3.5
92	11288.485052	0.000000	0.000155	192.928431	5.7
93	11221.721780	0.000000	0.000155	214.984224	3.9
94	11191.892258	0.000000	0.000155	214.770685	4.0
95	10994.896768	0.000000	0.000155	210.435028	4.1
96	11761.684571	0.000000	0.000155	248.108403	3.3
97	11327.501395	0.000000	0.000155	249.982352	3.3
98	11930.574620	0.000000	0.000155	205.007437	5.3
99	11189.266110	0.000000	0.000155	191.686446	3.1
100	11737.370855	0.000000	0.000155	256.663093	3.3
101	11404.128036	0.000000	0.000155	188.804522	3.5
102	11702.429885	0.000000	0.000155	204.296512	5.9
103	11887.559045	0.000000	0.000155	204.718788	3.9
104	11865.182293	0.000000	0.000155	222.774937	4.6
105	12290.649317	0.000000	0.000155	227.304033	4.2
106	11710.108561	0.000000	0.000155	234.704478	4.5
107	10890.105554	0.000000	0.000155	199.776689	4.3
108	11329.000690	0.000000	0.000155	239.079535	4.4
109	11330.554805	0.000000	0.000155	225.012756	4.2
110	11633.719403	0.000000	0.000155	216.878758	5.7
111	11147.570145	0.000000	0.000155	183.289266	5.1
112	11522.319400	0.000000	0.000155	255.823875	7.5
113	11695.120426	0.000000	0.000155	195.556529	4.2
114	11567.208219	0.000000	0.000155	215.572351	4.1
115	10908.911471	0.000000	0.000155	197.705821	5.1
116	11467.854285	0.000000	0.000155	181.017912	5.0
117	11549.758294	0.000000	0.000155	282.632779	5.9
118	11307.655911	0.000000	0.000155	239.424060	5.2
119	11454.047624	0.000000	0.000155	232.787103	5.2
120	11452.563607	0.000000	0.000155	238.934587	5.0
121	11645.579396	0.000000	0.000155	233.860735	4.0
122	11123.257092	0.000000	0.000155	213.564827	5.4
123	11133.744198	0.000000	0.000155	194.688685	5.5
124	11391.575628	0.000000	0.000155	239.658975	5.7
125	11287.968100	0.000000	0.000155	193.112925	5.7
126	10932.956890	0.000000	0.000155	221.542003	5.5
127	11276.740777	0.000000	0.000155	244.924654	5.6
128	11466.646522	0.000000	0.000155	239.762218	5.1
129	11366.673112	0.000000	0.000155	222.213208	5.1
130	11525.273996	0.000000	0.000155	271.004645	6.6
131	11250.257836	0.000000	0.000155	201.947247	4.3
132	11405.675181	0.000000	0.000155	206.160235	5.4
133	11440.575895	0.000000	0.000155	248.849938	5.2
134	11157.156318	0.000000	0.000155	250.419746	3.5
135	11033.692741	0.000000	0.000155	231.255210	3.2
136	10521.702422	0.000000	0.000155	239.537043	3.6
137	11679.625356	0.000000	0.000155	228.487565	4.7
138	11718.164223	0.000000	0.000155	270.592784	3.3
139	12196.475905	0.000000	0.000155	195.775892	5.8
140	11083.894902	0.000000	0.000155	181.019549	4.3
141	11497.280668	0.000000	0.000155	183.393066	4.3
142	11164.985218	0.000000	0.000155	187.226313	3.5
143	11462.991677	0.000000	0.000155	246.608046	3.5
144	11084.384226	0.000000	0.000155	221.704687	5.1
145	11411.109210	0.000000	0.000155	220.513815	4.0
146	10727.083023	0.000000	0.000155	210.853788	3.7
147	11135.247358	0.000000	0.000155	233.470026	4.1
148	11425.764635	0.000000	0.000155	308.030011	4.2
149	11322.913679	0.002842	0.000155	201.668989	3.9
150	11701.021666	0.000000	0.000155	226.046347	3.9
151	10423.016723	0.000000	0.000155	192.111289	3.8
152	11422.296673	0.000000	0.000155	242.347890	3.2
153	10985.330974	0.000000	0.000155	197.603619	3.2
154	10857.226397	0.000000	0.000155	249.181127	7.6
155	11645.375360	0.000000	0.000155	233.981277	3.2
156	11198.932273	0.000000	0.000155	194.689368	3.6
157	11693.918711	0.000000	0.000155	195.705227	3.6
158	10269.039917	0.000000	0.000155	159.005893	6.2
159	11800.766327	0.000000	0.000155	201.215255	3.6
160	11498.388884	0.000000	0.000155	193.242770	3.3
161	11468.683424	0.000000	0.000155	185.914056	2.9
162	11239.162798	0.000000	0.000155	214.764920	2.8
163	10902.739588	0.000000	0.000155	214.652032	4.1
164	10843.121288	0.000000	0.000155	177.984558	4.7
165	10717.892782	0.000000	0.000155	179.642803	4.8
166	10913.953452	0.000000	0.000155	223.561559	6.6
167	10994.634775	0.000000	0.000155	273.496783	4.1
168	11263.275316	0.000026	0.000155	179.218030	4.0
169	10792.362548	0.000000	0.000155	234.819355	3.6
170	10883.959569	0.000000	0.000155	208.547155	3.7
171	11143.048445	0.000000	0.000155	194.829766	3.6
172	11308.419686	0.000000	0.000155	185.923378	5.1
173	11816.810124	0.000000	0.000155	197.114402	3.5
174	11453.237286	0.000000	0.000155	256.507294	3.6
175	11060.532979	0.000000	0.000155	184.681369	3.5
176	10620.850671	0.000000	0.000155	198.232785	5.2
177	10753.077715	0.000000	0.000155	186.997357	4.8
178	11556.143689	0.000000	0.000155	216.232229	5.0
179	11524.379899	0.000000	0.000155	190.630918	4.1
180	11164.360408	0.000000	0.000155	176.270443	3.6
181	11249.255679	0.000000	0.000155	209.367110	3.8
182	11735.508193	0.000000	0.000155	198.915806	6.3
183	10898.807759	0.000000	0.000155	198.541817	6.3
184	11292.978545	0.000000	0.000155	217.402914	4.2
185	11205.788922	0.000000	0.000155	306.297967	4.4
186	10588.646823	0.000000	0.000155	159.031172	3.9
187	10887.919054	0.000000	0.000155	201.847208	5.4
188	11430.892519	0.000000	0.000155	180.533885	4.3
189	11083.493911	0.000000	0.000155	224.484280	5.2
190	10778.017529	0.000000	0.000155	233.579982	3.4
191	10792.094720	0.000000	0.000155	244.915722	5.3
192	11063.805270	0.000000	0.000155	219.480302	3.2
193	11302.732203	0.000000	0.000155	184.339862	3.5
194	10781.214878	0.000000	0.000155	270.542510	3.6
195	10909.381666	0.000000	0.000155	189.767026	4.9
196	11477.168574	0.000000	0.000155	278.838904	4.5
197	10867.249095	0.000000	0.000155	198.486109	3.6
198	10868.004395	0.000000	0.000155	259.394177	4.3
199	11104.265563	0.000000	0.000155	190.411986	4.4
200	10267.395215	0.000000	0.000155	162.731087	4.0
201	10524.758076	0.000000	0.000155	186.411514	4.9
202	10755.931912	0.000000	0.000155	172.840465	3.8
203	11496.853153	0.000000	0.000155	196.763891	3.7
204	11277.861920	0.000000	0.000155	177.123351	3.7
205	11254.251013	0.000000	0.000155	189.099467	3.5
206	10253.138186	0.000000	0.000155	188.179731	3.2
207	10891.376600	0.000000	0.000155	178.634021	4.1
208	10747.866558	0.000000	0.000155	186.583146	6.0
209	11348.413335	0.000000	0.000155	202.359969	3.2
210	11280.038422	0.000000	0.000155	251.182739	3.4
211	10748.992286	0.000000	0.000155	237.558820	4.1
212	10969.134708	0.001592	0.000155	204.345808	3.7
213	10654.123963	0.000000	0.000155	219.553510	3.7
214	10692.477629	0.000000	0.000155	166.539389	5.0
215	11055.930081	0.000000	0.000155	194.810015	4.1
216	10843.419576	0.000000	0.000155	219.051642	4.2
217	10783.510443	0.000000	0.000155	173.160306	3.7
218	11383.620583	0.000000	0.000155	266.483481	3.1
219	11315.223666	0.000000	0.000155	260.372872	5.4
220	11086.562566	0.009430	0.000155	186.703665	3.3
221	11365.297748	0.000658	0.000155	211.442761	3.2
222	10980.261829	0.000000	0.000155	229.621543	3.5
223	10818.500064	0.000000	0.000155	222.331664	6.1
224	11081.703124	0.000000	0.000155	210.702043	4.1
225	11789.641453	0.000000	0.000155	198.932661	4.1
226	11117.095717	0.000000	0.000155	175.288446	3.9
227	10993.645339	0.000000	0.000155	218.891329	3.9
228	10532.553697	0.000000	0.000155	234.034130	5.2
229	10931.172137	0.000000	0.000155	210.880388	6.0
230	11074.214190	0.000000	0.000155	216.474585	3.1
231	10424.782641	0.000000	0.000155	177.073388	4.1
232	10767.331693	0.000000	0.000155	236.004737	3.0
233	10647.578328	0.000000	0.000155	202.973989	3.3
234	11338.825805	0.000000	0.000155	300.099512	3.2
235	10462.111274	0.000953	0.000155	203.704123	5.0
236	10191.456554	0.000000	0.000155	176.617238	2.8
237	11028.950123	0.000000	0.000155	166.998760	5.2
238	10855.016791	0.000000	0.000155	208.149980	3.5
239	10834.596532	0.000000	0.000155	208.170928	6.2
240	10481.160994	0.000000	0.000155	172.168670	4.6
241	11299.640144	0.000000	0.000155	183.006806	4.7
242	11185.374796	0.000000	0.000155	215.547682	4.3
243	10616.811868	0.000000	0.000155	178.499052	4.8
244	10501.074199	0.000000	0.000155	164.173274	5.9
245	10467.765742	0.000000	0.000155	183.223869	4.7
246	10667.782555	0.000000	0.000155	186.241357	5.1
247	10584.141821	0.000000	0.000155	177.734712	4.3
248	10690.182509	0.000000	0.000155	171.646378	4.9
249	10025.407998	0.000000	0.000155	185.978904	5.1
250	10683.005857	0.000000	0.000155	246.343901	5.1
251	10901.346805	0.000000	0.000155	200.285464	3.5
252	10213.319419	0.000000	0.000155	194.539671	4.5
253	11156.944566	0.000000	0.000155	204.458460	3.6
254	10540.540217	0.000000	0.000155	223.154217	3.5
255	10675.177887	0.000000	0.000155	229.232232	2.9
256	10356.084270	0.000000	0.000155	173.606608	4.7
257	10230.885432	0.000000	0.000155	283.236480	5.0
258	10770.174104	0.000000	0.000155	223.183166	5.0
259	10709.639995	0.000000	0.000155	247.413380	4.9
260	10599.047664	0.000000	0.000155	173.038735	4.0
261	10592.000978	0.000000	0.000155	169.827792	4.8
262	10050.327362	0.000000	0.000155	242.224641	3.1
263	9871.132693	0.000000	0.000155	150.494130	4.8
264	10945.876621	0.000000	0.000155	192.141581	3.2
265	11089.375533	0.000000	0.000155	185.322935	3.2
266	10446.199710	0.000000	0.000155	195.678516	3.9
267	10715.750096	0.000000	0.000155	181.505514	4.4
268	10338.001448	0.000000	0.000155	217.555573	4.3
269	10931.489611	0.000000	0.000155	167.513315	5.7
270	10709.254315	0.000000	0.000155	182.707240	4.6
271	10392.472701	0.000000	0.000155	194.580862	5.5
272	10741.227533	0.000000	0.000155	179.156588	7.9
273	10482.021903	0.000000	0.000155	189.870984	5.3
274	10513.448106	0.000000	0.000155	286.571213	5.2
275	10119.281178	0.000000	0.000155	193.452613	5.5
276	10038.791114	0.000000	0.000155	213.673428	6.6
277	10019.228751	0.000000	0.000155	184.168118	5.6
278	10587.840716	0.000000	0.000155	173.599691	5.2
279	10967.435193	0.000000	0.000155	184.038406	5.3
280	10649.808456	0.000000	0.000155	149.961498	5.3
281	10034.914672	0.000000	0.000155	186.312756	5.1
282	10164.876833	0.000000	0.000155	157.430344	4.4
283	11058.842640	0.000000	0.000155	196.069950	3.8
284	10338.351985	0.000000	0.000155	187.362461	4.4
285	11053.540909	0.000000	0.000155	212.176209	3.9
286	11092.245979	0.000000	0.000155	217.298839	4.4
287	10811.500755	0.000000	0.000155	197.160556	3.4
288	10477.258379	0.000000	0.000155	228.743314	4.9
289	10600.940557	0.000000	0.000155	162.556418	5.9
290	10752.670774	0.000000	0.000155	334.441638	4.9
291	10761.657758	0.000000	0.000155	211.275096	5.4
292	10854.642511	0.000000	0.000155	177.551049	5.1
293	10097.540817	0.000000	0.000155	163.259050	5.2
294	10963.321894	0.000000	0.000155	178.674189	5.1
295	10551.768506	0.000000	0.000155	197.860998	6.2
296	10467.702479	0.000000	0.000155	190.654729	5.0
297	9840.657122	0.000000	0.000155	191.112368	4.8
298	10957.804060	0.000000	0.000155	197.532376	3.9
299	10632.199496	0.000000	0.000155	160.586783	3.6
300	10717.281778	0.000000	0.000155	206.746092	3.5
301	10467.111266	0.000000	0.000155	162.051079	2.9
302	10579.129550	0.000000	0.000155	173.327447	2.9
303	10517.324071	0.000000	0.000155	195.435500	4.3
304	10541.665605	0.000000	0.000155	195.661234	3.8
305	10613.367693	0.000000	0.000155	189.240649	5.0
306	10922.788257	0.000000	0.000155	154.720313	4.8
307	10683.794653	0.000000	0.000155	242.813947	3.2
308	10878.154822	0.000000	0.000155	211.590209	5.2
309	10514.132615	0.000000	0.000155	162.155805	5.6
310	10901.598452	0.000000	0.000155	206.415403	5.6
311	10997.021699	0.000000	0.000155	289.626670	5.1
312	10311.600740	0.000000	0.000155	160.832008	4.9
313	11057.938012	0.000000	0.000155	160.607846	5.1
314	10539.271928	0.000000	0.000155	161.844944	4.7
315	10442.319936	0.000000	0.000155	157.817427	5.0
316	10631.487451	0.000000	0.000155	173.432150	4.7
317	10718.493657	0.000000	0.000155	171.841003	4.3
318	10280.900461	0.000000	0.000155	181.721228	4.0
319	10420.173326	0.000000	0.000155	183.914838	3.4
320	10604.739773	0.000000	0.000155	230.768086	5.7
321	10471.734678	0.000000	0.000155	194.591471	4.9
322	10339.945220	0.000000	0.000155	195.796990	4.9
323	10190.774882	0.000000	0.000155	164.290370	4.9
324	10727.294911	0.000000	0.000155	198.237173	6.2
325	10873.935304	0.000000	0.000155	191.952993	6.6
326	10141.083036	0.000000	0.000155	215.868110	4.6
327	10243.642787	0.000000	0.000155	249.287079	5.9
328	10782.040680	0.002744	0.000155	231.601298	5.1
329	10329.097802	0.010734	0.000155	218.909904	5.8
330	10235.157985	0.013562	0.000155	160.055134	5.2
331	10232.627898	0.008229	0.000155	163.500234	4.8
332	10734.594806	0.001147	0.000155	194.311127	5.3
333	10494.496167	0.000000	0.000155	165.004700	5.9
334	10202.247013	0.000000	0.000155	177.769039	5.2
335	10602.958117	0.000000	0.000155	155.577823	6.3
336	10441.427075	0.000000	0.000155	175.619742	4.5
337	10874.492039	0.000000	0.000155	221.347866	5.0
338	11297.296855	0.000000	0.000155	195.565020	5.4
339	10657.521226	0.000000	0.000155	244.126600	5.6
340	10514.652492	0.000000	0.000155	197.046438	4.6
341	10283.009271	0.000000	0.000155	208.771882	4.9
342	10715.483393	0.000000	0.000155	183.539936	4.3
343	10304.723624	0.000000	0.000155	161.553697	4.1
344	10580.555590	0.000000	0.000155	196.511108	3.4
345	10364.539560	0.000000	0.000155	144.665397	4.9
346	10302.618392	0.000000	0.000155	155.552932	6.2
347	10667.389317	0.000000	0.000155	161.245137	4.0
348	10649.514477	0.000000	0.000155	170.765631	4.9
349	10777.906042	0.000000	0.000155	241.512031	4.8
350	9992.799490	0.000000	0.000155	202.608060	5.0
351	10112.231580	0.001416	0.000155	252.315683	4.7
352	10434.335128	0.000000	0.000155	155.836155	4.0
353	10457.926174	0.000000	0.000155	160.910339	4.5
354	10290.924088	0.000000	0.000155	142.950864	5.1
355	10240.409537	0.000000	0.000155	172.143399	4.9
356	10428.872667	0.000000	0.000155	210.470060	5.8
357	10657.792186	0.000000	0.000155	204.231579	5.2
358	10892.826367	0.000000	0.000155	203.207650	5.6
359	9684.983989	0.000000	0.000155	203.288567	4.4
360	10234.817106	0.000000	0.000155	165.643597	4.6
361	9773.086712	0.000000	0.000155	179.458530	5.1
362	9789.030798	0.000000	0.000155	176.551458	6.9
363	10044.260117	0.000000	0.000155	259.834138	4.6
364	10048.439857	0.000000	0.000155	196.882840	4.9
365	10741.142522	0.000616	0.000155	188.827127	5.9
366	10141.522875	0.000000	0.000155	168.573118	3.9
367	10402.923168	0.000000	0.000155	152.388883	4.0
368	10491.377130	0.000000	0.000155	170.383586	4.6
369	10569.241963	0.000000	0.000155	237.805752	4.6
370	10689.878757	0.000000	0.000155	158.733562	4.4
371	10250.793716	0.000000	0.000155	181.333685	3.6
372	10293.587581	0.000000	0.000155	208.406371	4.5
373	10607.090573	0.000000	0.000155	138.544643	3.9
374	10472.292073	0.000000	0.000155	149.473441	3.1
375	10109.268549	0.000000	0.000155	138.845349	6.3
376	10516.126234	0.000000	0.000155	143.905949	3.9
377	10022.067831	0.000000	0.000155	179.522395	3.3
378	10163.204958	0.000000	0.000155	160.807927	4.2
379	10375.058894	0.000000	0.000155	165.345277	5.4
380	10298.996255	0.000000	0.000155	215.100498	5.8
381	10568.093314	0.000000	0.000155	150.505039	5.5
382	10596.817212	0.000000	0.000155	196.702612	5.9
383	10343.273724	0.000000	0.000155	140.549770	5.2
384	10844.837494	0.000000	0.000155	162.964779	4.9
385	10272.675336	0.000000	0.000155	154.159077	5.1
386	10377.855281	0.000000	0.000155	143.454762	5.3
387	10324.840174	0.000000	0.000155	162.386958	5.9
388	10186.405403	0.000000	0.000155	188.446639	5.8
389	9820.433236	0.000000	0.000155	161.113719	6.1
390	9809.988800	0.000000	0.000155	169.025686	4.1
391	9858.419707	0.000000	0.000155	138.691523	5.4
392	10581.243418	0.000000	0.000155	238.748406	5.1
393	10255.438647	0.000000	0.000155	161.319190	5.1
394	10361.764816	0.000000	0.000155	180.742581	6.0
395	10559.311075	0.000000	0.000155	211.183092	5.3
396	9963.124724	0.000000	0.000155	151.778844	5.0
397	10091.454932	0.000000	0.000155	172.790377	2.8
398	9849.602467	0.000000	0.000155	184.286912	4.0
399	10021.501597	0.000000	0.000155	186.696307	5.0
400	10064.569727	0.000000	0.000155	143.569937	4.7
401	10265.197462	0.000000	0.000155	192.104452	4.1
402	10480.656822	0.000000	0.000155	147.058501	4.0
403	10189.942531	0.000000	0.000155	199.298883	4.2
404	10224.302790	0.000000	0.000155	203.312078	5.2
405	10110.630492	0.000000	0.000155	144.591470	5.1
406	10481.893680	0.000000	0.000155	231.287639	4.6
407	9828.737516	0.000000	0.000155	160.825863	4.5
408	10608.133660	0.000000	0.000155	169.054627	6.3
409	10479.579729	0.000000	0.000155	164.956338	4.1
410	10174.814642	0.000000	0.000155	164.737843	3.7
411	10711.502668	0.000000	0.000155	180.770035	3.7
412	10130.225062	0.000000	0.000155	207.301352	3.8
413	9978.965994	0.000000	0.000155	216.949541	5.1
414	10304.315556	0.000000	0.000155	140.948160	3.4
415	10175.207361	0.000000	0.000155	209.188150	3.5
416	10109.433808	0.000000	0.000155	141.797247	3.5
417	10446.403649	0.000000	0.000155	186.423053	3.6
418	10273.166947	0.000000	0.000155	195.137826	4.0
419	10816.989890	0.000000	0.000155	161.949811	3.9
420	10073.733169	0.000000	0.000155	189.729548	3.6
421	10383.673953	0.000000	0.000155	190.805343	5.9
422	10410.560771	0.000000	0.000155	148.820910	2.7
423	10140.426157	0.000000	0.000155	159.601994	2.6
424	10625.574181	0.000000	0.000155	161.032549	3.1
425	10407.981612	0.000000	0.000155	133.459479	2.8
426	10334.652451	0.000000	0.000155	200.090029	5.0
427	9311.767446	0.000000	0.000155	304.843207	2.9
428	9964.092555	0.000000	0.000155	121.978167	5.0
429	10238.226399	0.000000	0.000155	132.419380	5.0
430	10278.846923	0.000000	0.000155	216.539927	4.4
431	9959.575186	0.000000	0.000155	222.091638	3.1
432	10257.705740	0.000000	0.000155	213.419450	2.8
433	9909.580672	0.006493	0.000155	204.683978	4.3
434	10623.664124	0.002368	0.000155	203.319137	4.7
435	10147.761705	0.000000	0.000155	142.117647	5.8
436	9852.506821	0.000000	0.000155	166.406059	5.2
437	10688.213414	0.000000	0.000155	188.340334	4.8
438	10369.447169	0.000000	0.000155	151.587342	4.0
439	10081.126677	0.000000	0.000155	138.576301	6.4
440	10049.056721	0.000000	0.000155	169.412039	3.1
441	10186.903979	0.000000	0.000155	165.174849	3.9
442	9821.860242	0.000000	0.000155	183.002221	4.3
443	10494.573202	0.000000	0.000155	244.062611	3.4
444	10858.911238	0.004720	0.000155	173.825652	4.6
445	9894.772280	0.005387	0.000155	192.416467	3.6
446	10191.356537	0.000000	0.000155	142.543400	3.9
447	9668.294599	0.000000	0.000155	185.067629	4.2
448	10134.585221	0.000000	0.000155	130.440378	4.5
449	9995.580843	0.000000	0.000155	177.602075	3.6
450	10229.549842	0.000000	0.000155	157.513536	3.7
451	9918.124136	0.000000	0.000155	189.092799	2.6
452	10060.440165	0.000000	0.000155	145.629289	6.1
453	10238.652721	0.000000	0.000155	177.026652	3.0
454	10446.128531	0.000000	0.000155	185.140604	4.4
455	10256.228757	0.000000	0.000155	171.678996	4.7
456	9832.813777	0.000000	0.000155	228.787082	3.4
457	10183.025335	0.000000	0.000155	157.553597	2.8
458	10488.452987	0.000000	0.000155	183.284855	2.9
459	9770.381853	0.000000	0.000155	159.204778	4.0
460	9998.014155	0.000000	0.000155	171.534990	4.0
461	10533.294427	0.000000	0.000155	142.433947	5.3
462	9737.828248	0.000000	0.000155	139.998693	3.8
463	9744.211299	0.000000	0.000155	155.581254	3.5
464	10252.560153	0.000000	0.000155	155.861688	3.3
465	10477.096030	0.000000	0.000155	254.540381	3.3
466	9464.999286	0.000000	0.000155	120.233116	2.8
467	9967.461140	0.000000	0.000155	159.022865	3.3
468	10162.935625	0.000000	0.000155	155.238228	2.7
469	9722.413437	0.000000	0.000155	173.944181	3.8
470	9775.539485	0.000000	0.000155	147.754380	5.0
471	10906.798025	0.000000	0.000155	269.414619	9.4
472	10146.748606	0.000000	0.000155	145.123645	4.7
473	10068.904600	0.000000	0.000155	123.597185	4.6
474	9798.027350	0.000000	0.000155	199.743453	4.2
475	10138.332410	0.000000	0.000155	123.144637	4.4
476	10397.021660	0.000000	0.000155	176.442827	5.2
477	10575.666992	0.000000	0.000155	199.912115	7.3
478	10504.212400	0.000000	0.000155	142.133201	4.6
479	9752.390498	0.000000	0.000155	152.238862	5.0
480	9929.963709	0.000000	0.000155	114.316908	4.2
481	10302.265114	0.000000	0.000155	237.620984	4.2
482	10407.697248	0.000000	0.000155	150.209746	3.8
483	9952.147197	0.000000	0.000155	158.712212	3.6
484	9745.251481	0.000000	0.000155	125.989008	3.7
485	10000.488010	0.000000	0.000155	163.858414	4.2
486	9984.143115	0.000000	0.000155	123.392903	5.0
487	9844.383259	0.000000	0.000155	127.593409	5.1
488	10182.389415	0.000000	0.000155	187.940081	5.0
489	10497.638629	0.000000	0.000155	194.652641	4.8
490	10119.782063	0.000000	0.000155	175.838621	2.4
491	10065.450320	0.000000	0.000155	151.507565	2.7
492	10393.741096	0.000000	0.000155	163.653776	3.9
493	10298.148353	0.000000	0.000155	276.837507	3.9
494	9639.566264	0.000000	0.000155	210.207015	4.6
495	9516.212733	0.007730	0.000155	201.024966	4.6
496	9574.026214	0.000959	0.000155	116.574975	4.5
497	9992.589459	0.000000	0.000155	191.019423	5.0
498	9667.121948	0.000000	0.000155	160.762960	3.7
499	10038.107102	0.000000	0.000155	174.004703	4.0
500	10035.338008	0.000000	0.000155	160.129172	3.9
501	9444.170073	0.000000	0.000155	129.354720	4.4
502	10189.173498	0.000000	0.000155	229.062503	3.4
503	10291.824821	0.000000	0.000155	194.729011	3.2
504	9740.654414	0.000000	0.000155	158.574234	3.4
505	10691.138524	0.000000	0.000155	178.987472	4.6
506	10112.317259	0.000000	0.000155	147.906931	3.0
507	10124.990273	0.000000	0.000155	148.687013	7.3
508	9884.973801	0.000000	0.000155	199.793682	4.1
509	10046.603496	0.000000	0.000155	143.895066	5.0
510	10307.628731	0.000000	0.000155	163.966073	4.4
511	10284.943958	0.000000	0.000155	230.926845	5.1
512	10419.773527	0.000000	0.000155	141.097380	4.9
513	10157.705720	0.000000	0.000155	304.621762	4.4
514	9809.521962	0.000000	0.000155	110.962425	4.3
515	9899.581599	0.000000	0.000155	185.320430	4.9
516	10021.607375	0.000000	0.000155	133.590323	4.8
517	10031.540527	0.000000	0.000155	168.279601	4.7
518	9890.202491	0.000000	0.000155	163.933046	3.9
519	10270.518767	0.000000	0.000155	227.114238	4.7
520	10016.224347	0.000000	0.000155	175.094554	4.5
521	9653.171083	0.000000	0.000155	125.198500	4.4
522	10404.229790	0.000000	0.000155	193.031740	4.8
523	9804.716267	0.000000	0.000155	222.948623	4.7
524	9588.128724	0.000500	0.000155	167.838202	5.0
525	10113.344245	0.000000	0.000155	181.579830	4.9
526	9716.348315	0.000000	0.000155	114.498086	4.1
527	10021.610300	0.000000	0.000155	133.161792	3.9
528	9428.804706	0.000000	0.000155	247.761637	3.7
529	9796.027836	0.000000	0.000155	158.565694	3.8
530	10127.848104	0.000000	0.000155	174.317988	3.4
531	9733.620393	0.000000	0.000155	135.402130	4.9
532	9612.263735	0.000000	0.000155	173.914431	5.2
533	10205.310564	0.000000	0.000155	125.306311	5.2
534	9735.463570	0.000000	0.000155	176.505660	5.0
535	10150.626525	0.000000	0.000155	129.690007	5.0
536	9977.162133	0.000000	0.000155	136.538148	5.2
537	10122.717945	0.000000	0.000155	155.098033	4.0
538	10131.164066	0.000000	0.000155	248.820358	4.1
539	9914.624012	0.000000	0.000155	178.923533	3.7
540	9990.801832	0.009510	0.000155	147.468791	4.5
541	9727.299447	0.004366	0.000155	153.286701	3.7
542	9630.263325	0.000000	0.000155	169.105045	3.5
543	9736.094172	0.000000	0.000155	128.947527	3.1
544	9518.698041	0.000000	0.000155	155.494643	3.0
545	9420.731462	0.000000	0.000155	211.078346	3.8
546	9561.766275	0.000000	0.000155	137.721934	3.8
547	9496.282026	0.000000	0.000155	177.515143	4.1
548	10026.708082	0.000000	0.000155	195.187096	3.4
549	10209.679781	0.000000	0.000155	159.997121	4.5
550	9536.963366	0.000000	0.000155	148.801996	4.0
551	10052.253707	0.000000	0.000155	200.481025	3.9
552	9583.076681	0.000000	0.000155	177.033285	3.9
553	9988.174855	0.000000	0.000155	139.522308	3.8
554	9620.055834	0.000000	0.000155	110.533068	2.4
555	9330.833984	0.000000	0.000155	144.161477	3.0
556	9883.542983	0.000000	0.000155	175.667916	3.4
557	9752.479325	0.000000	0.000155	163.447881	3.4
558	9561.658609	0.003646	0.000155	129.484433	4.6
559	9558.678635	0.000000	0.000155	191.547778	4.7
560	9800.590313	0.000000	0.000155	184.464135	4.4
561	9776.151935	0.006576	0.000155	158.391471	3.2
562	9362.552475	0.003711	0.000155	153.100193	4.7
563	10522.575724	0.000657	0.000155	251.593350	3.6
564	10225.045805	0.002877	0.000155	154.974285	3.8
565	9670.582372	0.000000	0.000155	257.404185	6.6
566	9578.708630	0.007697	0.000155	134.967511	7.2
567	9639.879197	0.000327	0.000155	136.977627	4.3
568	10008.547146	0.000000	0.000155	161.388381	4.8
569	10211.992061	0.000000	0.000155	224.011401	4.7
570	9864.806503	0.000000	0.000155	214.590361	3.7
571	9493.630379	0.000000	0.000155	142.516829	4.9
572	9627.554388	0.000000	0.000155	200.109533	6.4
573	9424.894121	0.000000	0.000155	113.353651	5.5
574	9628.530979	0.000000	0.000155	206.945586	5.3
575	9723.819829	0.000000	0.000155	122.310084	5.3
576	9103.290054	0.000000	0.000155	156.997461	4.9
577	9728.058703	0.000000	0.000155	147.517070	7.3
578	10121.472692	0.001352	0.000155	215.581902	5.1
579	9812.440067	0.000000	0.000155	146.992097	5.2
580	9485.779997	0.001342	0.000155	141.763983	3.9
581	10462.147250	0.000000	0.000155	121.694876	3.6
582	10447.627220	0.000000	0.000155	209.855606	3.5
583	9567.440319	0.000000	0.000155	173.597131	5.5
584	9814.141006	0.000000	0.000155	123.181914	4.3
585	9778.708595	0.000000	0.000155	118.431231	3.7
586	9914.478082	0.000000	0.000155	132.102215	3.1
587	9377.443635	0.000000	0.000155	212.629071	5.0
588	9935.699345	0.000000	0.000155	165.685683	3.9
589	9720.848983	0.001042	0.000155	112.537662	4.1
590	9763.313965	0.000000	0.000155	125.113621	5.2
591	9820.083970	0.000000	0.000155	125.032405	4.2
592	9726.348837	0.000000	0.000155	130.648233	3.3
593	9666.488790	0.000000	0.000155	150.343778	4.5
594	9347.807029	0.000000	0.000155	123.696226	4.1
595	9756.628099	0.000000	0.000155	137.722086	4.4
596	9846.769887	0.000000	0.000155	167.437730	4.4
597	9888.805864	0.000000	0.000155	139.473760	3.4
598	9944.271256	0.000000	0.000155	109.110300	3.1
599	10157.164872	0.000000	0.000155	182.887099	5.0
600	10403.582873	0.000000	0.000155	166.017002	4.7
601	9839.909306	0.000000	0.000155	123.390555	3.3
602	9405.574146	0.000000	0.000155	179.825415	4.7
603	9929.864734	0.000000	0.000155	261.907521	5.2
604	9901.741330	0.014287	0.000155	143.140392	3.4
605	9782.301215	0.009809	0.000155	252.168582	4.5
606	9846.720025	0.009415	0.000155	144.899992	3.8
607	9758.198550	0.009227	0.000155	154.504739	5.1
608	9519.080206	0.007499	0.000155	183.855115	3.7
609	9780.203571	0.002999	0.000155	166.485306	5.1
610	9635.753340	0.000000	0.000155	151.337733	4.8
611	10270.930626	0.000000	0.000155	172.524089	4.9
612	10215.625121	0.000000	0.000155	130.923317	4.8
613	9978.300385	0.000000	0.000155	160.723891	4.7
614	10089.894807	0.000000	0.000155	133.726026	4.8
615	9684.350854	0.000000	0.000155	149.596155	4.2
616	9960.475816	0.000000	0.000155	159.452360	3.8
617	9779.110185	0.000000	0.000155	130.985740	3.6
618	9463.947662	0.000000	0.000155	115.437170	3.1
619	9664.536915	0.000000	0.000155	284.902885	8.3
620	9799.087545	0.000000	0.000155	138.104925	3.9
621	9454.503959	0.003288	0.000155	152.266638	6.7
622	9668.531201	0.000000	0.000155	164.649325	5.1
623	9699.186956	0.001300	0.000155	168.375894	5.1
624	9890.462289	0.000000	0.000155	148.142637	4.9
625	9531.101938	0.000000	0.000155	169.166421	5.0
626	9583.730565	0.000000	0.000155	106.433847	4.2
627	9171.610229	0.000000	0.000155	153.418793	4.0
628	9645.210886	0.000000	0.000155	144.408941	3.5
629	10013.743830	0.000000	0.000155	220.886040	3.7
630	9915.050027	0.000000	0.000155	195.019851	5.1
631	9242.423122	0.000000	0.000155	256.918358	5.7
632	9772.591820	0.008102	0.000155	142.316832	4.1
633	9767.813465	0.007968	0.000155	146.102727	4.1
634	9608.507587	0.001451	0.000155	121.494738	4.1
635	9796.814505	0.000000	0.000155	154.975283	3.9
636	9449.478051	0.000000	0.000155	111.767428	5.8
637	9590.129119	0.000000	0.000155	139.118529	5.6
638	9657.922545	0.000000	0.000155	177.878933	3.3
639	9992.358961	0.000000	0.000155	158.414773	3.8
640	9932.956857	0.000000	0.000155	193.701871	3.8
641	9445.120675	0.004153	0.000155	137.347031	3.9
642	9323.944496	0.000000	0.000155	131.122375	3.1
643	9942.010115	0.000000	0.000155	133.644633	3.3
644	9998.491904	0.000000	0.000155	118.650246	3.2
645	9407.923025	0.000000	0.000155	131.354625	3.0
646	10148.807472	0.000000	0.000155	204.222826	5.4
647	9687.077741	0.000000	0.000155	107.043352	3.0
648	9986.166559	0.000000	0.000155	127.403864	5.3
649	9619.493860	0.000000	0.000155	116.761353	3.8
650	9454.066587	0.000000	0.000155	147.446613	5.4
651	10092.582432	0.000000	0.000155	171.110766	5.8
652	9754.625426	0.000000	0.000155	97.131826	3.7
653	9814.438730	0.000000	0.000155	220.437331	3.9
654	10042.244330	0.000000	0.000155	161.425755	4.1
655	9557.456415	0.000000	0.000155	199.127661	4.1
656	9329.964539	0.003064	0.000155	167.127667	3.8
657	10053.617448	0.005477	0.000155	136.799858	4.4
658	9676.051980	0.000000	0.000155	135.927943	3.3
659	9994.866952	0.000000	0.000155	155.537383	3.5
660	9118.510851	0.000000	0.000155	129.703771	5.1
661	9609.166538	0.000000	0.000155	121.866350	5.2
662	9956.962540	0.000000	0.000155	154.865545	4.8
663	9567.731433	0.000000	0.000155	146.626878	6.2
664	9504.996510	0.000000	0.000155	120.676307	3.3
665	9478.806184	0.000000	0.000155	168.231056	4.8
666	9489.112267	0.000000	0.000155	154.056462	3.8
667	9516.346999	0.000000	0.000155	173.349482	3.9
668	9845.773658	0.000000	0.000155	156.822244	3.1
669	9422.005330	0.002149	0.000155	143.231297	6.8
670	9576.093368	0.000000	0.000155	157.720424	4.2
671	9670.974374	0.000096	0.000155	186.233164	4.2
672	9834.396764	0.000000	0.000155	120.479984	5.4
673	9684.730739	0.000000	0.000155	105.224067	3.6
674	9596.274577	0.000000	0.000155	114.843707	4.8
675	10461.723425	0.000000	0.000155	252.011881	3.8
676	9837.489984	0.002354	0.000155	102.491952	2.5
677	9543.941313	0.000000	0.000155	233.485776	5.8
678	9862.519590	0.000000	0.000155	104.474587	3.3
679	9506.890073	0.000000	0.000155	120.190375	3.5
680	9658.118455	0.000000	0.000155	150.498744	5.2
681	9401.810866	0.000000	0.000155	132.777374	5.0
682	9588.307571	0.000000	0.000155	111.817412	5.1
683	9369.883841	0.000000	0.000155	106.472457	4.3
684	9576.328742	0.000000	0.000155	111.072023	4.3
685	9860.816664	0.000000	0.000155	120.302904	5.1
686	9784.368095	0.000000	0.000155	187.173631	5.8
687	9367.773327	0.001250	0.000155	113.814049	5.0
688	9787.269908	0.000000	0.000155	134.499419	5.1
689	10070.596108	0.000000	0.000155	136.420492	4.9
690	9480.029750	0.000000	0.000155	118.270195	5.0
691	9242.639680	0.000000	0.000155	99.969612	3.5
692	9504.140272	0.000000	0.000155	96.071289	6.0
693	9525.454369	0.000000	0.000155	101.418868	4.3
694	9444.310820	0.000000	0.000155	115.966543	4.3
695	9364.534186	0.000000	0.000155	133.196390	5.1
696	9688.007069	0.000000	0.000155	109.269668	5.0
697	9814.389516	0.000000	0.000155	180.018520	5.2
698	9731.619163	0.000000	0.000155	159.020933	4.0
699	8964.236890	0.000000	0.000155	136.067484	4.1
700	9137.765266	0.000000	0.000155	123.785880	3.9
701	9866.565003	0.000600	0.000155	174.598413	5.2
702	9951.460344	0.000000	0.000155	186.508298	4.8
703	9475.195614	0.003575	0.000155	110.567550	5.9
704	9767.260583	0.000703	0.000155	183.115254	5.8
705	9717.822941	0.000000	0.000155	131.200588	4.5
706	9640.554209	0.000000	0.000155	167.169268	4.3
707	9597.310300	0.000000	0.000155	240.015468	5.4
708	9430.347305	0.005355	0.000155	122.476137	3.9
709	9922.809855	0.000000	0.000155	154.791166	4.4
710	9929.152269	0.000000	0.000155	107.918451	5.7
711	9994.135914	0.000000	0.000155	116.209541	5.8
712	9802.759009	0.000000	0.000155	227.103809	5.2
713	9881.726073	0.001205	0.000155	115.410042	4.6
714	9347.904852	0.000000	0.000155	103.610023	4.7
715	9339.625966	0.000000	0.000155	99.008383	4.2
716	9530.068345	0.000000	0.000155	205.834499	3.9
717	9411.861018	0.000000	0.000155	109.094999	3.4
718	9404.268055	0.000000	0.000155	150.104486	5.5
719	9673.791149	0.000000	0.000155	172.952310	4.0
720	9365.135442	0.000000	0.000155	100.812034	3.6
721	9443.585737	0.000000	0.000155	92.041611	3.6
722	10149.923974	0.000000	0.000155	103.597260	3.8
723	9877.651242	0.000000	0.000155	102.059098	4.9
724	9532.121357	0.000000	0.000155	139.261671	4.0
725	9535.286514	0.000000	0.000155	173.146097	4.3
726	9569.646036	0.000000	0.000155	212.571848	4.8
727	9511.124439	0.000000	0.000155	140.475051	3.8
728	9305.975253	0.000000	0.000155	141.085715	5.2
729	9670.448946	0.000000	0.000155	174.969016	5.5
730	9208.107864	0.000712	0.000155	117.864505	5.4
731	9778.239735	0.000000	0.000155	126.182883	5.3
732	9117.830285	0.000000	0.000155	92.241163	5.2
733	9534.896717	0.000000	0.000155	127.322456	5.2
734	10938.531011	0.000000	0.000155	213.660936	3.8
735	9776.476658	0.000000	0.000155	179.577856	3.6
736	9737.265454	0.010902	0.000155	140.920784	3.5
737	9523.509724	0.003503	0.000155	137.234560	4.9
738	9628.155410	0.000000	0.000155	130.813003	4.9
739	9540.897632	0.000000	0.000155	136.615271	4.1
740	9593.984916	0.000000	0.000155	148.544225	4.2
741	9650.016965	0.000000	0.000155	126.556330	3.1
742	9374.481021	0.000000	0.000155	138.852016	5.5
743	9501.911706	0.000000	0.000155	175.108697	3.4
744	9480.388308	0.000000	0.000155	158.214937	3.9
745	10089.118921	0.000717	0.000155	144.896084	4.0
746	9869.019804	0.000000	0.000155	145.682906	4.6
747	9205.829158	0.000000	0.000155	104.029777	3.7
748	9339.855040	0.000000	0.000155	135.693784	3.4
749	9990.010605	0.000000	0.000155	130.752246	3.1
750	10386.846009	0.000000	0.000155	138.938149	3.1
751	10049.079619	0.000000	0.000155	229.490313	4.9
752	9725.969245	0.000000	0.000155	157.830348	4.9
753	9235.380456	0.006196	0.000155	147.515207	4.9
754	9520.118216	0.000000	0.000155	103.219098	4.0
755	9511.920624	0.000019	0.000155	143.084788	4.6
756	9674.044380	0.000000	0.000155	212.623923	4.3
757	9920.746502	0.000318	0.000155	108.565829	4.1
758	9411.663479	0.000000	0.000155	185.603512	6.1
759	9801.488448	0.000038	0.000155	153.175546	4.6
760	9469.756207	0.006369	0.000155	162.885673	4.7
761	9130.325973	0.004568	0.000155	128.905673	5.2
762	9442.117938	0.002236	0.000155	113.397491	6.1
763	9732.257334	0.000000	0.000155	130.377246	4.6
764	9395.621390	0.000000	0.000155	119.816544	3.4
765	9136.184335	0.000000	0.000155	243.638008	3.4
766	10198.175312	0.000000	0.000155	133.110434	3.6
767	9684.659140	0.000000	0.000155	127.634714	5.4
768	9463.559645	0.000000	0.000155	103.172371	4.9
769	9693.526307	0.000000	0.000155	243.079530	4.9
770	9861.073690	0.000000	0.000155	195.119668	3.9
771	10116.000197	0.010374	0.000155	168.785181	4.5
772	9543.558692	0.014192	0.000155	167.458354	5.0
773	9565.422403	0.009967	0.000155	187.447607	3.9
774	9476.863816	0.014335	0.000155	94.290063	4.9
775	9900.496045	0.010708	0.000155	111.265224	4.9
776	9506.028894	0.007854	0.000155	168.863489	4.5
777	9585.511456	0.006272	0.000155	110.947686	4.8
778	9478.687704	0.001382	0.000155	174.603405	4.9
779	9681.642356	0.000183	0.000155	121.485469	4.5
780	9424.541996	0.000000	0.000155	106.266932	4.3
781	9477.924910	0.000000	0.000155	117.165004	4.6
782	9466.156148	0.000000	0.000155	107.557508	6.8
783	9758.378031	0.000000	0.000155	152.875268	4.6
784	9747.270262	0.000000	0.000155	166.169776	4.8
785	9455.450786	0.000000	0.000155	124.998832	4.8
786	9492.164944	0.000000	0.000155	134.355210	4.1
787	9572.915055	0.000000	0.000155	142.551322	4.6
788	9388.796806	0.000000	0.000155	183.368790	7.0
789	9951.285250	0.000000	0.000155	169.314793	4.6
790	9559.429967	0.007524	0.000155	104.360533	4.2
791	9568.169373	0.005804	0.000155	180.965614	4.7
792	9831.103169	0.006476	0.000155	120.088930	3.8
793	9592.392591	0.004811	0.000155	290.184144	3.0
794	9670.623415	0.011050	0.000155	119.417833	3.0
795	9554.591769	0.013205	0.000155	111.504750	3.7
796	9121.366990	0.008930	0.000155	83.661159	5.3
797	9175.253984	0.007158	0.000155	132.175656	5.1
798	9464.602551	0.003680	0.000155	91.923858	3.8
799	9350.093730	0.000575	0.000155	170.266566	4.6
800	9959.450403	0.000000	0.000155	130.477463	4.1
801	9399.614091	0.000000	0.000155	167.120125	3.6
802	9157.655123	0.000000	0.000155	130.481293	3.4
803	9514.088262	0.001961	0.000155	164.577081	3.1
804	9392.749022	0.000000	0.000155	129.648592	5.2
805	9209.986136	0.000000	0.000155	195.242987	5.8
806	9371.817382	0.000000	0.000155	137.002948	4.3
807	9494.333797	0.000000	0.000155	112.959514	3.2
808	9698.521769	0.000000	0.000155	93.402636	3.6
809	9409.801622	0.000000	0.000155	135.236331	4.9
810	10111.071302	0.000000	0.000155	188.876766	3.2
811	9657.058159	0.000000	0.000155	90.228204	5.0
812	9923.360902	0.000000	0.000155	157.829742	4.6
813	9391.164386	0.000000	0.000155	110.650895	3.8
814	9551.984337	0.000000	0.000155	206.135732	5.6
815	9815.076757	0.001765	0.000155	214.739335	6.1
816	9625.702495	0.002565	0.000155	101.784666	4.1
817	9253.122179	0.004668	0.000155	119.532482	4.3
818	9377.555116	0.002420	0.000155	133.137338	4.7
819	9193.291543	0.003131	0.000155	174.720007	4.7
820	9318.330941	0.006361	0.000155	77.812441	4.4
821	9492.517402	0.002350	0.000155	127.431331	5.6
822	9380.905192	0.000175	0.000155	87.913157	2.6
823	9625.758841	0.000000	0.000155	128.181510	4.3
824	9354.836181	0.000000	0.000155	115.248145	7.4
825	9551.330689	0.000000	0.000155	196.178131	4.7
826	9564.023479	0.003170	0.000155	147.424786	4.7
827	9516.713215	0.008973	0.000155	130.935975	4.7
828	9615.035428	0.009571	0.000155	91.460501	3.9
829	9785.223351	0.005193	0.000155	162.615330	3.5
830	9456.106143	0.005778	0.000155	133.463701	3.5
831	10255.630401	0.002084	0.000155	197.212833	3.2
832	9113.484427	0.000176	0.000155	180.477718	2.8
833	9461.103604	0.010415	0.000155	185.727705	2.9
834	9392.601152	0.014928	0.000155	78.939361	3.0
835	9155.744184	0.012095	0.000155	137.223022	7.1
836	9814.018209	0.009137	0.000155	99.715857	3.0
837	9464.079911	0.004464	0.000155	92.680999	7.0
838	9786.558914	0.001820	0.000155	108.028831	3.8
839	9504.592497	0.000000	0.000155	130.368104	4.4
840	9625.258823	0.001154	0.000155	116.106289	4.3
841	9652.629571	0.001325	0.000155	181.386528	3.5
842	9720.824486	0.000825	0.000155	129.004920	3.4
843	9675.823150	0.000000	0.000155	197.651856	6.8
844	9357.182194	0.000000	0.000155	126.574487	3.1
845	9214.482932	0.002243	0.000155	117.378328	5.0
846	9769.949603	0.000000	0.000155	96.364061	4.8
847	9109.457201	0.000000	0.000155	86.866772	3.2
848	9568.172575	0.000000	0.000155	105.834299	2.8
849	9617.568561	0.000000	0.000155	216.370603	5.7
850	9260.279913	0.001903	0.000155	131.751641	2.9
851	9219.270924	0.007811	0.000155	199.392248	3.2
852	9548.084300	0.000704	0.000155	111.776575	3.3
853	8995.501103	0.000249	0.000155	223.775970	3.9
854	9517.117907	0.000000	0.000155	100.853939	4.0
855	9274.825299	0.002559	0.000155	177.301633	5.1
856	9446.244303	0.000000	0.000155	177.382721	4.4
857	9864.305332	0.011675	0.000155	140.034244	2.6
858	9956.081938	0.010737	0.000155	116.659905	2.6
859	9335.785291	0.009543	0.000155	97.353649	5.1
860	9477.401146	0.005434	0.000155	240.458204	4.8
861	9306.346094	0.008962	0.000155	165.774185	4.6
862	9406.561324	0.000000	0.000155	187.584044	3.8
863	9323.392130	0.008558	0.000155	112.971370	2.3
864	9241.937133	0.012280	0.000155	115.321484	3.0
865	8957.675808	0.008151	0.000155	162.792357	4.0
866	9449.310379	0.006945	0.000155	161.213069	4.0
867	9266.758700	0.009860	0.000155	142.172415	5.0
868	9254.334723	0.010170	0.000155	201.454856	3.2
869	9176.690959	0.002681	0.000155	138.300756	4.1
870	9598.469870	0.002441	0.000155	86.815132	5.9
871	9379.215023	0.000000	0.000155	179.639928	4.4
872	9638.340408	0.000000	0.000155	123.721023	4.1
873	9249.029774	0.000000	0.000155	100.812612	3.6
874	9216.553571	0.000000	0.000155	117.017783	3.5
875	9939.815428	0.000124	0.000155	120.047139	3.5
876	9463.845259	0.000000	0.000155	113.340341	2.8
877	9150.967176	0.000000	0.000155	158.508419	2.1
878	9937.885713	0.000000	0.000155	132.269673	2.4
879	9861.114875	0.000000	0.000155	132.350660	4.2
880	9679.228932	0.000000	0.000155	98.311511	4.4
881	9198.309834	0.000000	0.000155	294.083127	4.3
882	9600.759472	0.000000	0.000155	261.316854	3.5
883	9612.398571	0.063327	0.000154	130.481692	3.2
884	9058.375966	0.064483	0.000154	157.489022	3.4
885	8907.864628	0.062843	0.000154	103.906226	8.6
886	9214.158722	0.065237	0.000154	114.119627	7.7
887	9085.122966	0.061553	0.000154	175.381757	4.4
888	9260.389695	0.061600	0.000154	119.328675	4.5
889	9695.163461	0.061783	0.000154	102.289780	4.4
890	9313.509907	0.061568	0.000154	159.106590	4.5
891	9334.635768	0.061732	0.000154	233.672899	4.7
892	9768.027006	0.054142	0.000154	123.498823	4.9
893	9300.685252	0.057035	0.000154	94.197543	4.6
894	9296.555086	0.055770	0.000154	133.600064	3.7
895	9651.361362	0.054519	0.000154	134.338127	4.3
896	8903.855198	0.049685	0.000154	140.603915	4.6
897	9597.241318	0.051258	0.000154	176.298675	3.4
898	9614.403043	0.055945	0.000154	93.972128	3.1
899	9284.291228	0.053724	0.000154	96.625504	4.8
900	9449.125284	0.050435	0.000154	136.294307	2.7
901	9212.729723	0.048320	0.000154	144.899023	5.4
902	9799.577730	0.043144	0.000155	116.776599	5.0
903	9307.170440	0.043922	0.000155	85.717426	4.5
904	9225.883711	0.041019	0.000155	90.649782	3.0
905	9518.529001	0.038770	0.000155	186.256606	2.9
906	9409.325688	0.038404	0.000155	105.031801	3.0
907	9491.675994	0.036199	0.000155	92.934152	3.0
908	9526.300207	0.033981	0.000155	89.701635	3.0
909	9460.810997	0.031657	0.000155	88.690478	3.0
910	9321.512884	0.028529	0.000155	83.022220	3.0
911	9645.272516	0.027115	0.000155	196.714288	2.9
912	9417.042696	0.023385	0.000155	171.957895	2.7
913	9461.420482	0.025087	0.000155	157.963962	2.7
914	9471.721296	0.026554	0.000155	89.642272	2.7
915	9438.228687	0.026669	0.000155	96.390130	3.1
916	9535.419978	0.023581	0.000155	132.811012	2.7
917	10174.171028	0.020973	0.000155	145.333833	3.0
918	9229.850535	0.015697	0.000155	92.342180	2.9
919	9051.077901	0.015568	0.000155	137.294270	2.6
920	9146.522674	0.016498	0.000155	192.111875	2.6
921	9291.340624	0.010777	0.000155	170.363996	2.7
922	9581.862647	0.012403	0.000155	151.720457	2.7
923	9526.593239	0.017870	0.000155	164.406146	2.7
924	9291.149140	0.013806	0.000155	73.369072	2.8
925	9237.256936	0.011161	0.000155	126.960839	2.4
926	9066.705823	0.009162	0.000155	97.014757	2.3
927	9202.976105	0.008492	0.000155	183.136074	2.4
928	8963.327532	0.006729	0.000155	122.897388	2.4
929	9579.538404	0.002052	0.000155	191.270849	2.5
930	9737.688034	0.000000	0.000155	197.763188	2.4
931	9494.871465	0.004649	0.000155	112.124784	2.4
932	9250.378131	0.005734	0.000155	244.399078	2.4
933	9551.662766	0.015203	0.000155	152.818621	2.7
934	10476.671374	0.014121	0.000155	242.907278	2.7
935	9154.030701	0.025433	0.000155	128.614330	2.6
936	9265.086654	0.022038	0.000155	64.347793	2.7
937	9027.312364	0.021221	0.000155	180.078010	2.6
938	9568.767855	0.020272	0.000155	106.058773	2.5
939	9345.755307	0.021675	0.000155	98.218722	2.6
940	9623.101783	0.022005	0.000155	141.791810	2.6
941	9673.262534	0.022515	0.000155	137.567615	2.5
942	9380.133942	0.020665	0.000155	87.108867	2.6
943	9425.843833	0.019655	0.000155	161.065425	2.5
944	9411.734038	0.017259	0.000155	90.207464	2.5
945	8846.316044	0.012928	0.000155	93.010218	2.4
946	9482.421325	0.009727	0.000155	165.310705	2.5
947	9177.151932	0.004776	0.000155	167.869484	2.4
948	9442.484042	0.013627	0.000155	130.790043	3.7
949	9164.625969	0.008205	0.000155	121.182663	2.4
950	9588.806223	0.002870	0.000155	126.722396	2.2
951	9240.116722	0.001500	0.000155	231.847862	3.3
952	8734.908900	0.000000	0.000155	107.907512	2.7
953	9470.448425	0.005888	0.000155	185.528622	2.7
954	9831.434645	0.000047	0.000155	135.782828	2.7
955	9256.483284	0.000000	0.000155	149.833583	2.7
956	9400.458207	0.000453	0.000155	111.970367	5.0
957	9678.484507	0.000000	0.000155	89.513515	2.8
958	9485.170801	0.000000	0.000155	224.555592	2.7
959	8951.500667	0.000000	0.000155	113.864716	3.0
960	9403.451434	0.000000	0.000155	92.810023	2.9
961	9124.427745	0.000000	0.000155	74.590583	4.0
962	9537.108196	0.000000	0.000155	170.722319	2.5
963	9622.542089	0.000924	0.000155	157.366092	2.4
964	9621.179281	0.001303	0.000155	86.084187	2.6
965	9044.321873	0.000000	0.000155	148.211807	4.0
966	9155.624847	0.000000	0.000155	79.718544	4.5
967	9642.749606	0.000000	0.000155	73.921010	3.1
968	9291.837023	0.000000	0.000155	83.997168	3.1
969	9397.170486	0.000000	0.000155	135.595100	3.6
970	9287.190665	0.000000	0.000155	181.318840	3.3
971	9116.226007	0.003773	0.000155	90.959865	2.7
972	8894.746832	0.000000	0.000155	103.634162	2.8
973	9279.452309	0.000000	0.000155	91.109008	2.6
974	9504.875188	0.000000	0.000155	141.482889	2.7
975	9262.602481	0.001221	0.000155	135.441919	4.4
976	8864.155202	0.000000	0.000155	89.623017	4.4
977	9105.745410	0.000000	0.000155	73.077089	3.7
978	8928.000482	0.000000	0.000155	110.445770	3.0
979	8994.257815	0.000000	0.000155	101.462453	3.0
980	9568.853036	0.000000	0.000155	135.612454	3.2
981	9347.947722	0.001450	0.000155	127.237260	3.4
982	9393.722524	0.001243	0.000155	87.097266	3.2
983	8833.219089	0.000300	0.000155	134.530077	3.1
984	9336.441551	0.000000	0.000155	137.235720	4.0
985	9748.664637	0.000000	0.000155	110.511005	3.2
986	9309.946189	0.001237	0.000155	194.122703	4.1
987	9572.102021	0.000000	0.000155	180.653681	3.6
988	9540.692876	0.005640	0.000155	76.738396	4.7
989	9351.417191	0.002789	0.000155	100.186709	4.7
990	9430.851949	0.000157	0.000155	111.152128	4.8
991	9637.938418	0.000000	0.000155	122.563728	5.0
992	9772.508554	0.000000	0.000155	124.387357	4.3
993	9668.249241	0.000000	0.000155	114.273998	5.0
994	9197.284078	0.000000	0.000155	95.353350	4.4
995	9511.170984	0.000000	0.000155	174.032287	3.5
996	9273.306185	0.000000	0.000155	99.020353	3.5
997	9424.234144	0.000000	0.000155	86.732496	3.5
998	9279.457920	0.000000	0.000155	171.705411	3.3
999	9002.305445	0.001126	0.000155	148.470557	3.2
1000	9671.525300	0.000000	0.000155	152.507486	3.2
1001	8704.484270	0.006485	0.000155	83.928996	3.3
1002	9010.898043	0.003050	0.000155	126.951265	3.2
1003	9317.916052	0.000000	0.000155	145.060402	3.3
1004	9430.228735	0.000000	0.000155	75.717832	3.5
1005	9192.643316	0.000000	0.000155	125.167610	3.5
1006	9689.915493	0.000000	0.000155	117.831023	3.5
1007	9411.185324	0.000062	0.000155	158.962961	3.5
1008	9070.247805	0.000000	0.000155	115.614124	3.4
1009	9142.863021	0.000000	0.000155	127.254723	3.5
1010	9394.634488	0.000000	0.000155	209.378003	3.7
1011	8879.816574	0.005418	0.000155	107.045368	3.7
1012	8905.653102	0.006880	0.000155	145.869522	3.5
1013	9586.264288	0.008863	0.000155	80.735507	3.4
1014	9201.017225	0.006389	0.000155	128.542502	3.5
1015	8953.270006	0.004658	0.000155	106.240884	4.9
1016	9384.102494	0.002941	0.000155	72.418476	4.9
1017	9256.431248	0.001944	0.000155	135.569611	4.7
1018	9139.824299	0.000000	0.000155	81.749561	3.9
1019	9615.850533	0.000000	0.000155	107.418860	3.9
1020	9478.391251	0.000113	0.000155	151.745740	5.0
1021	9220.572938	0.002294	0.000155	93.603575	5.2
1022	9529.145705	0.004850	0.000155	125.927887	5.2
1023	9547.113869	0.004510	0.000155	129.335368	4.7
1024	8921.937477	0.000655	0.000155	143.360563	4.0
1025	9635.702770	0.000000	0.000155	86.799676	4.1
1026	9594.712086	0.000000	0.000155	94.851432	3.6
1027	9554.125822	0.000000	0.000155	115.726408	5.3
1028	9442.643295	0.000000	0.000155	91.635085	4.0
1029	9317.304487	0.000000	0.000155	93.883247	5.1
1030	9360.608880	0.000000	0.000155	136.554095	5.5
1031	9547.992801	0.001765	0.000155	122.458899	5.2
1032	9366.896965	0.006818	0.000155	91.546032	4.9
1033	10031.249433	0.004660	0.000155	105.821357	4.9
1034	8862.730534	0.001846	0.000155	160.068766	4.0
1035	9015.636801	0.000000	0.000155	122.448779	3.8
1036	9675.471864	0.006343	0.000155	94.636934	4.3
1037	9603.072057	0.007867	0.000155	139.640592	3.3
1038	9553.873084	0.005120	0.000155	144.309292	5.3
1039	9079.648427	0.000000	0.000155	140.323987	3.5
1040	9040.228246	0.000000	0.000155	79.937493	3.6
1041	9466.081403	0.000043	0.000155	95.060837	3.3
1042	9618.220293	0.000000	0.000155	92.099055	3.0
1043	9238.526081	0.000000	0.000155	98.716139	3.1
1044	9173.516230	0.000000	0.000155	107.972379	3.0
1045	9064.392054	0.000209	0.000155	138.686596	2.9
1046	9336.407837	0.000000	0.000155	112.287158	2.9
1047	9291.136963	0.000000	0.000155	193.594067	2.8
1048	9345.046897	0.000000	0.000155	169.927411	2.8
1049	9215.675612	0.000000	0.000155	130.284392	3.6
1050	9621.615724	0.003196	0.000155	194.818012	4.4
1051	9150.679758	0.000000	0.000155	160.590796	4.2
1052	9378.098184	0.000000	0.000155	59.304217	4.0
1053	8898.565359	0.000000	0.000155	95.497139	4.0
1054	9279.917571	0.000000	0.000155	121.973635	3.2
1055	9488.125241	0.000000	0.000155	217.702096	3.4
1056	9243.971578	0.000000	0.000155	139.375248	3.2
1057	9688.078933	0.011867	0.000155	141.481607	3.3
1058	9371.582508	0.017710	0.000155	138.927509	3.5
1059	9321.094913	0.021675	0.000155	174.669177	3.9
1060	8896.949471	0.031683	0.000155	114.713069	4.1
1061	9479.220140	0.034217	0.000155	123.845156	4.5
1062	9758.913112	0.031899	0.000155	108.848634	2.6
1063	9168.460855	0.030015	0.000155	125.027750	2.7
1064	8839.071005	0.029334	0.000155	145.379904	3.4
1065	9230.504693	0.027566	0.000155	130.488722	2.8
1066	9253.644787	0.023493	0.000155	142.643877	2.7
1067	9041.544363	0.028459	0.000155	134.761853	2.6
1068	9242.346491	0.024545	0.000155	148.667893	2.7
1069	9429.657839	0.022466	0.000155	99.568715	2.5
1070	9804.717499	0.024648	0.000155	124.413215	3.4
1071	9179.911697	0.020399	0.000155	189.926998	3.0
1072	9426.929521	0.025485	0.000155	86.350762	2.6
1073	8925.560409	0.024068	0.000155	140.410518	2.3
1074	9612.766516	0.022304	0.000155	79.137604	2.3
1075	9485.813639	0.020563	0.000155	112.775227	2.3
1076	9167.938244	0.019861	0.000155	123.732908	2.8
1077	9620.978116	0.018530	0.000155	128.171347	3.9
1078	9451.880937	0.013510	0.000155	101.568756	2.6
1079	9176.779751	0.014388	0.000155	120.004215	2.7
1080	9256.983666	0.010613	0.000155	178.101720	3.0
1081	9183.521732	0.004245	0.000155	214.832045	3.1
1082	9331.819607	0.024452	0.000155	116.302296	2.9
1083	9399.663262	0.025480	0.000155	104.156010	4.0
1084	8999.917311	0.024354	0.000155	93.735826	5.1
1085	9199.247114	0.024133	0.000155	116.787812	4.7
1086	9065.788937	0.022467	0.000155	94.585276	3.6
1087	9097.964481	0.019558	0.000155	122.665886	2.8
1088	8926.390414	0.020723	0.000155	195.934649	2.2
1089	9530.759009	0.017310	0.000155	173.171730	2.4
1090	9620.122003	0.008610	0.000155	149.866757	2.5
1091	9106.228172	0.012484	0.000155	84.981159	2.4
1092	9778.532734	0.009348	0.000155	146.410644	2.3
1093	9340.154582	0.011068	0.000155	99.814288	3.3
1094	9186.782872	0.006501	0.000155	191.835319	2.2
1095	9089.856732	0.006636	0.000155	245.839576	2.1
1096	8891.996400	0.000000	0.000155	109.870812	2.2
1097	9169.789480	0.000000	0.000155	125.800277	2.2
1098	9446.954422	0.000000	0.000155	180.327258	2.3
1099	9096.787619	0.000000	0.000155	107.040055	2.2
1100	9271.983930	0.000000	0.000155	139.404241	2.2
1101	9485.392923	0.000000	0.000155	143.976136	2.9
1102	9183.575538	0.000000	0.000155	87.336101	2.6
1103	8937.795446	0.000000	0.000155	95.624045	2.8
1104	9588.104935	0.000000	0.000155	91.995862	4.4
1105	9127.699914	0.000000	0.000155	127.406439	2.4
1106	8743.876112	0.001124	0.000155	147.978566	2.5
1107	9051.914996	0.000000	0.000155	117.044478	2.4
1108	9344.892526	0.003367	0.000155	89.979720	4.7
1109	9605.445218	0.000000	0.000155	138.394536	4.6
1110	9171.774806	0.000707	0.000155	105.096684	4.7
1111	9317.070115	0.000000	0.000155	203.177276	3.7
1112	9420.207617	0.001963	0.000155	106.795136	4.0
1113	8999.330464	0.004135	0.000155	85.930415	4.3
1114	9099.052159	0.002418	0.000155	141.413645	4.3
1115	9202.176781	0.004406	0.000155	261.038482	3.4
1116	8854.807467	0.000000	0.000155	73.766244	3.5
1117	9383.698583	0.000000	0.000155	136.932424	4.8
1118	9429.453479	0.001823	0.000155	102.070173	4.8
1119	9233.623562	0.000753	0.000155	112.106675	4.5
1120	9121.233918	0.000000	0.000155	108.124413	4.0
1121	9362.796355	0.000000	0.000155	71.355475	4.1
1122	9369.732425	0.000187	0.000155	106.158361	4.0
1123	9050.811330	0.000000	0.000155	86.183197	4.1
1124	8944.078430	0.000000	0.000155	116.547221	3.8
1125	9344.896669	0.000151	0.000155	129.947922	3.7
1126	9323.689505	0.000000	0.000155	145.995876	3.7
1127	9646.379819	0.005386	0.000155	81.934904	3.1
1128	9002.852656	0.005182	0.000155	63.159806	3.0
1129	9300.733344	0.003453	0.000155	95.771344	3.0
1130	9113.994254	0.001978	0.000155	115.192189	2.9
1131	8995.692003	0.000000	0.000155	88.497124	2.9
1132	9301.076659	0.000000	0.000155	146.238552	2.9
1133	9338.845450	0.002151	0.000155	147.255638	3.2
1134	9398.416882	0.002020	0.000155	136.058950	3.0
1135	9529.707258	0.004750	0.000155	73.069357	3.6
1136	9519.465854	0.003951	0.000155	135.082647	3.0
1137	9484.657373	0.001584	0.000155	66.319664	3.1
1138	9474.129485	0.000020	0.000155	78.149026	3.5
1139	9154.558688	0.000000	0.000155	77.751853	3.9
1140	9087.832202	0.000000	0.000155	90.380442	3.4
1141	9326.554398	0.000000	0.000155	80.378109	3.4
1142	9018.408470	0.000000	0.000155	155.411010	3.7
1143	8675.292765	0.000608	0.000155	115.008090	2.5
1144	9058.698951	0.000000	0.000155	111.390322	2.3
1145	8822.575196	0.000000	0.000155	187.368418	2.5
1146	9236.694230	0.002226	0.000155	151.256518	3.0
1147	9146.514396	0.005825	0.000155	146.579766	3.2
1148	9514.003664	0.008066	0.000155	110.015129	3.1
1149	9169.729378	0.004549	0.000155	91.708564	3.6
1150	8857.202334	0.000715	0.000155	119.323099	2.7
1151	8469.524606	0.000465	0.000155	117.869987	2.3
1152	9208.985515	0.000000	0.000155	109.112289	2.3
1153	9485.966573	0.002874	0.000155	310.104972	2.9
1154	9416.808504	0.000000	0.000155	194.422516	2.8
1155	9311.358035	0.017480	0.000155	93.922432	4.8
1156	9558.179004	0.012927	0.000155	193.033600	5.6
1157	9170.810402	0.012260	0.000155	70.580524	4.7
1158	8990.110011	0.009448	0.000155	144.872373	3.4
1159	9315.261788	0.009548	0.000155	126.931031	3.5
1160	9710.084144	0.013105	0.000155	95.862592	3.5
1161	9225.135543	0.008772	0.000155	106.012591	2.8
1162	8975.152671	0.008676	0.000155	75.657960	3.0
1163	9045.009328	0.007348	0.000155	106.616150	3.4
1164	9488.143748	0.007168	0.000155	88.924759	3.5
1165	9233.504476	0.003734	0.000155	95.399118	3.3
1166	9435.235480	0.003653	0.000155	203.718093	2.7
1167	9071.064522	0.003640	0.000155	207.793290	2.5
1168	9129.751112	0.025696	0.000155	128.784692	2.4
1169	8865.472179	0.036009	0.000155	166.442914	2.4
1170	9283.808883	0.040456	0.000155	130.514960	2.3
1171	9199.188289	0.049351	0.000154	72.289405	2.6
1172	9473.087503	0.046124	0.000154	95.631273	2.4
1173	9128.582977	0.044598	0.000155	143.449112	4.4
1174	9441.223287	0.045039	0.000154	84.659833	2.4
1175	8990.201951	0.044893	0.000155	128.312900	2.8
1176	9691.570364	0.045923	0.000154	147.501572	2.7
1177	9260.266330	0.051812	0.000154	57.735823	2.7
1178	9505.477480	0.050169	0.000154	129.372877	2.7
1179	9154.845680	0.048147	0.000154	65.962632	2.7
1180	8826.075567	0.046730	0.000154	125.061405	2.7
1181	9192.920144	0.046771	0.000154	61.668105	2.7
1182	8860.685459	0.044131	0.000155	237.989331	2.8
1183	9305.081010	0.041621	0.000155	315.735373	2.8
1184	9540.585211	0.120370	0.000154	77.690036	2.8
1185	9220.732808	0.125004	0.000154	130.596378	2.8
1186	9611.728329	0.124712	0.000154	141.090140	2.6
1187	8944.959603	0.121540	0.000154	111.048160	2.7
1188	8964.321829	0.117702	0.000154	220.514854	2.7
1189	9481.422664	0.115407	0.000154	96.525241	2.6
1190	9169.271704	0.115919	0.000154	70.034407	2.7
1191	9366.268327	0.115076	0.000154	158.961144	2.7
1192	9295.055630	0.114988	0.000154	126.615627	2.7
1193	9271.361572	0.113915	0.000154	105.521400	2.6
1194	9046.309267	0.111989	0.000154	194.618494	2.8
1195	8995.074595	0.107362	0.000154	168.495917	4.1
1196	9227.717834	0.123153	0.000154	209.875126	3.0
1197	9180.153287	0.115056	0.000154	134.382092	3.1
1198	9364.002709	0.128664	0.000154	142.069810	3.1
1199	9032.747576	0.129723	0.000154	106.615964	3.2
1200	9666.063430	0.129408	0.000154	162.505015	4.4
1201	9143.600392	0.126620	0.000154	100.492624	3.4
1202	8952.757502	0.123516	0.000154	83.362880	3.4
1203	8889.258231	0.124117	0.000154	116.813823	4.4
1204	9101.479027	0.126490	0.000154	65.381308	3.4
1205	9208.669367	0.125877	0.000154	64.971385	3.5
1206	8847.932698	0.125343	0.000154	73.173064	3.5
1207	9334.601922	0.124218	0.000154	141.475071	3.6
1208	9031.193180	0.120689	0.000154	59.888144	4.1
1209	8791.989852	0.119636	0.000154	101.425665	3.2
1210	8902.944749	0.118276	0.000154	137.157236	3.2
1211	9589.751323	0.122246	0.000154	192.787181	3.6
1212	8864.490680	0.120211	0.000154	72.989546	3.6
1213	9250.947617	0.120957	0.000154	90.408820	3.4
1214	9540.678779	0.118753	0.000154	173.818186	3.0
1215	9293.761015	0.121854	0.000154	111.005514	4.0
1216	8703.891937	0.119379	0.000154	116.598186	3.0
1217	9393.482445	0.119708	0.000154	98.774834	3.3
1218	9675.294673	0.119709	0.000154	160.881574	3.3
1219	9301.438892	0.115031	0.000154	106.722462	3.2
1220	9583.573334	0.111161	0.000154	171.198606	4.4
1221	9152.230283	0.110369	0.000154	99.251843	3.2
1222	9004.972199	0.109331	0.000154	127.094539	3.7
1223	8876.574040	0.108758	0.000154	62.564637	3.8
1224	9484.622149	0.109361	0.000154	137.879189	4.0
1225	8769.197519	0.106564	0.000154	135.976387	3.1
1226	9156.339640	0.113175	0.000154	138.067221	3.1
1227	9243.198814	0.107063	0.000154	94.122781	3.2
1228	9513.977192	0.109259	0.000154	85.047247	3.0
1229	9130.861783	0.109754	0.000154	73.640903	2.9
1230	9340.099986	0.107976	0.000154	231.269395	3.0
1231	8512.616396	0.110254	0.000154	155.095802	3.3
1232	9560.503527	0.101096	0.000154	149.452968	3.3
1233	8786.426500	0.096990	0.000154	134.277578	3.3
1234	9283.252932	0.099066	0.000154	123.517425	3.3
1235	9239.036586	0.094131	0.000154	141.377680	4.1
1236	9275.491589	0.090161	0.000154	99.845339	3.2
1237	9356.114155	0.085174	0.000154	166.736692	3.3
1238	9168.592234	0.085266	0.000154	88.841523	3.5
1239	8791.701264	0.090656	0.000154	182.984329	3.3
1240	8954.159823	0.086539	0.000154	165.418847	3.1
1241	9068.965781	0.097186	0.000154	79.368621	3.3
1242	9130.147148	0.096100	0.000154	98.038229	4.8
1243	9298.983743	0.094448	0.000154	182.692110	4.7
1244	8830.573950	0.099659	0.000154	118.459940	3.7
1245	9323.955211	0.108706	0.000154	87.779430	4.3
1246	9150.226579	0.109688	0.000154	129.352454	4.5
1247	9227.421070	0.108202	0.000154	91.418426	4.2
1248	8948.183934	0.108400	0.000154	80.966978	4.0
1249	8930.073763	0.109319	0.000154	214.100646	2.9
1250	8994.741743	0.109561	0.000154	173.946731	2.5
1251	8776.275264	0.117410	0.000154	58.505497	2.5
1252	9048.547965	0.116453	0.000154	107.065166	2.6
1253	8800.126257	0.116914	0.000154	61.462181	2.6
1254	9050.842915	0.114599	0.000154	195.113032	2.5
1255	9192.189891	0.112569	0.000154	64.568931	2.5
1256	9168.529564	0.110293	0.000154	151.964749	2.5
1257	8814.713375	0.109629	0.000154	89.138907	2.5
1258	9216.070116	0.111117	0.000154	113.260307	2.5
1259	9421.895004	0.114003	0.000154	75.358658	2.5
1260	9147.092569	0.111813	0.000154	70.310746	5.0
1261	9185.612797	0.110057	0.000154	101.240261	2.7
1262	9277.921513	0.109712	0.000154	101.713386	2.5
1263	9294.265605	0.109581	0.000154	90.112965	2.6
1264	8958.193344	0.109347	0.000154	120.194209	5.0
1265	9454.364932	0.105458	0.000154	73.228529	4.9
1266	8897.532110	0.105640	0.000154	113.761909	4.3
1267	8626.517812	0.105535	0.000154	230.838835	4.7
1268	9149.071134	0.115428	0.000154	83.592745	4.8
1269	9032.354493	0.123984	0.000154	140.173603	5.0
1270	8985.447336	0.120772	0.000154	93.553449	4.2
1271	9072.984058	0.117968	0.000154	124.855448	3.3
1272	9126.902860	0.118754	0.000154	128.766203	3.6
1273	9332.529484	0.116746	0.000154	89.610992	3.2
1274	9085.303501	0.114059	0.000154	179.182665	3.0
1275	9559.891431	0.114058	0.000154	140.530768	2.9
1276	9225.989505	0.115262	0.000154	96.962603	6.4
1277	9281.799267	0.110799	0.000154	89.905468	3.7
1278	9230.640293	0.109541	0.000154	136.985622	3.5
1279	9017.598931	0.105816	0.000154	160.752134	4.9
1280	9194.281253	0.099343	0.000154	118.270124	4.7
1281	8809.194235	0.093815	0.000154	201.584204	2.8
1282	9090.186660	0.105574	0.000154	172.268900	8.6
1283	9311.953759	0.127956	0.000154	155.224541	3.1
1284	9191.367735	0.141491	0.000154	89.324792	2.6
1285	8854.537813	0.138953	0.000154	124.215810	4.8
1286	9319.682574	0.137623	0.000154	184.280368	4.5
1287	8935.086388	0.148089	0.000154	128.687187	4.5
1288	8719.309031	0.142382	0.000154	176.681363	3.8
1289	9606.198449	0.141008	0.000154	105.762514	3.8
1290	8991.928618	0.143149	0.000154	121.922288	3.5
1291	9294.245826	0.139001	0.000154	99.500704	3.5
1292	8764.723777	0.139698	0.000154	96.232551	3.5
1293	9150.065110	0.139216	0.000154	82.813313	3.3
1294	9211.302148	0.136225	0.000154	59.884720	3.2
1295	9108.673912	0.134521	0.000154	110.212141	3.2
1296	9306.528342	0.133494	0.000154	51.949874	3.3
1297	9630.590526	0.131956	0.000154	191.684285	3.3
1298	8925.807740	0.130955	0.000154	90.131896	3.3
1299	8966.690669	0.135575	0.000154	75.211651	3.4
1300	9568.035507	0.136999	0.000154	171.535467	3.7
1301	9201.487263	0.133730	0.000154	88.665864	4.9
1302	8894.792557	0.128430	0.000154	135.873664	4.7
1303	9221.140948	0.128390	0.000154	95.774432	4.7
1304	9520.600027	0.126208	0.000154	124.163747	3.8
1305	9125.783745	0.126394	0.000154	160.473162	3.8
1306	9331.480903	0.133188	0.000154	102.503376	3.7
1307	9008.910524	0.127921	0.000154	80.429597	3.5
1308	9202.466796	0.125577	0.000154	127.833386	3.4
1309	9428.517005	0.122333	0.000154	96.849155	3.3
1310	8887.244949	0.119880	0.000154	106.720659	3.1
1311	9221.243467	0.119385	0.000154	150.023189	3.1
1312	8769.626374	0.120958	0.000154	112.427634	3.2
1313	9359.195431	0.118620	0.000154	142.190450	3.1
1314	9289.222759	0.115090	0.000154	255.455725	3.1
1315	9199.893809	0.105856	0.000154	57.515116	3.3
1316	8996.787064	0.106251	0.000154	91.652005	3.1
1317	8904.803494	0.104942	0.000154	165.700666	3.2
1318	9290.203088	0.109097	0.000154	133.711372	4.1
1319	8884.131743	0.103414	0.000154	148.682264	3.4
1320	9072.044386	0.105755	0.000154	102.976796	3.2
1321	9320.222416	0.111972	0.000154	166.222432	3.2
1322	9401.145994	0.110648	0.000154	91.176857	3.0
1323	9206.782205	0.113926	0.000154	153.754504	3.1
1324	9033.061628	0.118989	0.000154	126.528877	3.1
1325	9204.409493	0.113235	0.000154	164.973101	3.2
1326	8707.266993	0.108139	0.000154	119.372465	3.1
1327	8939.071246	0.101709	0.000154	236.656507	3.4
1328	9285.168736	0.093529	0.000154	128.621297	7.9
1329	9249.412922	0.090293	0.000154	108.677538	4.7
1330	8939.281175	0.092715	0.000154	94.829221	4.6
1331	9289.994681	0.092162	0.000154	83.440964	5.2
1332	9689.115150	0.090078	0.000154	122.354707	3.2
1333	9135.222294	0.086985	0.000154	94.268873	3.2
1334	8925.626008	0.083930	0.000154	77.996707	3.5
1335	9071.668570	0.082330	0.000154	136.282046	3.3
1336	9349.534221	0.081943	0.000154	199.405297	3.3
1337	8736.945540	0.077424	0.000154	64.248649	3.2
1338	9100.051870	0.078906	0.000154	59.412053	3.2
1339	9187.756047	0.078122	0.000154	152.068914	3.2
1340	8926.440034	0.077005	0.000154	77.283250	3.2
1341	8937.867313	0.078298	0.000154	142.787746	3.5
1342	9154.401818	0.077463	0.000154	124.413276	3.2
1343	8892.101834	0.080882	0.000154	165.094573	3.1
1344	9018.712780	0.079072	0.000154	134.253951	3.1
1345	9105.630383	0.083685	0.000154	79.354078	3.1
1346	9047.295863	0.086595	0.000154	93.873950	3.2
1347	9506.521091	0.086565	0.000154	182.899624	3.5
1348	9027.223205	0.082878	0.000154	185.726205	3.3
1349	9218.418882	0.105724	0.000154	168.057010	3.3
1350	9174.610574	0.120535	0.000154	85.211826	3.2
1351	9033.965110	0.121928	0.000154	113.042634	3.2
1352	9152.891933	0.122092	0.000154	57.590443	3.2
1353	9073.090990	0.121072	0.000154	106.614597	3.5
1354	8919.513074	0.120325	0.000154	262.373832	3.4
1355	9294.572654	0.129651	0.000154	69.513967	3.4
1356	9084.679382	0.126150	0.000154	162.878533	3.3
1357	9395.411970	0.125087	0.000154	64.286849	3.3
1358	9585.011555	0.122694	0.000154	235.718841	3.4
1359	9077.831945	0.121994	0.000154	158.062812	3.4
1360	9299.595830	0.144669	0.000154	100.767580	3.4
1361	9030.297787	0.149038	0.000154	158.331106	3.5
1362	9346.826275	0.154077	0.000154	88.994061	3.5
1363	8925.459470	0.149699	0.000154	101.283352	3.5
1364	8953.274409	0.147493	0.000154	133.501926	3.5
1365	9186.950603	0.150392	0.000154	118.722654	3.4
1366	9487.096777	0.147776	0.000154	67.449760	3.5
1367	9268.865856	0.148631	0.000154	91.123157	3.6
1368	8877.726325	0.147326	0.000154	163.620445	3.6
1369	9303.123559	0.146029	0.000154	91.030434	3.5
1370	9535.406308	0.147926	0.000154	105.006130	3.3
1371	9270.657483	0.145906	0.000154	134.330035	3.4
1372	8708.443193	0.143242	0.000154	120.562019	3.3
1373	9310.399469	0.138668	0.000154	204.840857	3.1
1374	9441.720547	0.140412	0.000154	119.009901	3.0
1375	9397.376693	0.147327	0.000154	70.693758	3.0
1376	9079.738766	0.145521	0.000154	171.622998	3.0
1377	8939.274844	0.143350	0.000154	128.125424	2.9
1378	9088.593051	0.141769	0.000154	97.341511	3.0
1379	9266.411405	0.141816	0.000154	46.186484	3.0
1380	8932.352786	0.141021	0.000154	72.111814	2.8
1381	9266.297084	0.140491	0.000154	106.393783	2.7
1382	9455.028561	0.142401	0.000154	169.017993	2.8
1383	8899.913827	0.138665	0.000154	65.845047	2.9
1384	9544.767744	0.137673	0.000154	71.567244	2.8
1385	8846.783454	0.135791	0.000154	129.183341	2.8
1386	9310.000928	0.138102	0.000154	106.266746	2.8
1387	9448.454191	0.138864	0.000154	78.362003	3.0
1388	8871.527567	0.135774	0.000154	119.040916	2.9
1389	9046.527747	0.138431	0.000154	97.841587	2.8
1390	8882.849862	0.139647	0.000154	120.908808	3.0
1391	8855.832183	0.137163	0.000154	105.579826	5.0
1392	9218.136794	0.135393	0.000154	99.471988	5.1
1393	9707.765260	0.137135	0.000154	85.736140	4.7
1394	9596.175390	0.135053	0.000154	89.451191	2.4
1395	9153.439603	0.133925	0.000154	114.971687	2.3
1396	8956.419024	0.136034	0.000154	118.508416	2.6
1397	8854.069047	0.139918	0.000154	73.355161	4.8
1398	9241.993500	0.137402	0.000154	86.910089	4.7
1399	9087.287579	0.135255	0.000154	201.680101	2.8
1400	8899.934746	0.138979	0.000154	152.381558	2.9
1401	9126.554551	0.144096	0.000154	144.252067	3.1
1402	8913.866822	0.140096	0.000154	239.405899	3.2
1403	8500.049721	0.153440	0.000154	141.085204	3.1
1404	9155.308826	0.176489	0.000154	48.614343	2.6
1405	8975.998686	0.176920	0.000154	67.608839	2.6
1406	9181.534338	0.175818	0.000154	116.851591	2.5
1407	9121.702338	0.174356	0.000154	68.471492	2.6
1408	9442.080140	0.173085	0.000154	86.551195	2.6
1409	9195.796964	0.173222	0.000154	114.634949	2.5
1410	9191.378170	0.170051	0.000154	96.964643	2.6
1411	9101.381437	0.166151	0.000154	86.344444	2.5
1412	9198.884356	0.165305	0.000154	100.962111	2.6
1413	9236.746258	0.166971	0.000154	111.770063	2.5
1414	9254.704896	0.165408	0.000154	87.040460	2.7
1415	8914.990229	0.168066	0.000154	162.388743	4.9
1416	9014.834817	0.163062	0.000154	147.233444	4.3
1417	9404.477952	0.157571	0.000154	148.567770	3.0
1418	9344.476408	0.163474	0.000154	149.283506	3.5
1419	8856.587016	0.158321	0.000154	144.878823	3.4
1420	9284.286861	0.153214	0.000154	54.930305	3.5
1421	9102.041232	0.153144	0.000154	68.600078	2.9
1422	9273.545132	0.152927	0.000154	135.450898	2.8
1423	9212.969902	0.150515	0.000154	106.084957	2.8
1424	9345.318012	0.146202	0.000154	102.734413	3.0
1425	9056.055960	0.144279	0.000154	98.725787	3.0
1426	9304.457146	0.145956	0.000154	142.629096	3.0
1427	9150.729684	0.143513	0.000154	64.123624	3.0
1428	9229.664731	0.144225	0.000154	143.285321	3.2
1429	9673.048711	0.141888	0.000154	141.574149	3.3
1430	9230.759138	0.139710	0.000154	73.642168	3.2
1431	9409.813636	0.138480	0.000154	109.259737	3.0
1432	8787.915399	0.139731	0.000154	80.161852	3.0
1433	9357.459896	0.139447	0.000154	109.902018	3.1
1434	9280.509670	0.142446	0.000154	119.209333	3.4
1435	8603.436295	0.138785	0.000154	113.120312	4.6
1436	9155.242822	0.142267	0.000154	213.141068	3.5
1437	8906.019575	0.147201	0.000154	222.082492	3.4
1438	8862.243424	0.172917	0.000154	131.203534	3.5
1439	9326.615444	0.181172	0.000154	112.758972	4.9
1440	9254.834647	0.183535	0.000153	110.841358	4.9
1441	9313.556856	0.186091	0.000153	130.553790	4.4
1442	9297.635286	0.188713	0.000153	122.890295	4.2
1443	9344.977301	0.191420	0.000153	153.494340	4.1
1444	9211.066844	0.197698	0.000153	77.306020	4.0
1445	9117.647961	0.196613	0.000153	93.801846	4.3
1446	9004.938503	0.195382	0.000153	137.508539	7.1
1447	9099.008046	0.200278	0.000153	123.359811	5.3
1448	9565.624101	0.200539	0.000153	164.497794	4.9
1449	8905.593562	0.203183	0.000153	84.183758	5.5
1450	9141.436605	0.199257	0.000153	131.379301	5.6
1451	9219.916333	0.202565	0.000153	89.125808	5.3
1452	9340.845411	0.199800	0.000153	97.359303	4.9
1453	9381.322300	0.200998	0.000153	90.374133	4.4
1454	8733.814352	0.200259	0.000153	88.224380	3.8
1455	9027.473038	0.197601	0.000153	147.684005	3.8
1456	9327.136017	0.201061	0.000153	107.229617	3.6
1457	9235.083310	0.196467	0.000153	89.462163	3.6
1458	8891.011933	0.198069	0.000153	141.338067	3.5
1459	8919.652072	0.195535	0.000153	65.689104	3.3
1460	8956.084114	0.192103	0.000153	54.194277	3.3
1461	9091.122560	0.192748	0.000153	169.619131	4.5
1462	9079.768943	0.194956	0.000153	94.275444	3.9
1463	9035.058061	0.198400	0.000153	112.970530	4.8
1464	8992.087006	0.197944	0.000153	128.799406	4.4
1465	9222.695081	0.196792	0.000153	134.134851	4.4
1466	9355.319042	0.199646	0.000153	231.125521	4.3
1467	9174.162712	0.191102	0.000153	56.960316	4.4
1468	9444.097746	0.189885	0.000153	92.357468	4.0
1469	9291.634550	0.189827	0.000153	57.776379	4.1
1470	9770.203012	0.187696	0.000153	86.152454	3.9
1471	9006.208722	0.186475	0.000153	68.799760	3.5
1472	9300.193602	0.184553	0.000153	62.678916	3.6
1473	8931.063841	0.183954	0.000153	76.318547	3.5
1474	9296.126728	0.183978	0.000153	78.379566	3.2
1475	9344.540975	0.184900	0.000153	159.962776	3.2
1476	9011.886984	0.188555	0.000153	128.958590	3.1
1477	9026.888657	0.199858	0.000153	70.600550	3.3
1478	9239.842051	0.199270	0.000153	79.966508	3.2
1479	9426.565350	0.198657	0.000153	82.782045	3.2
1480	9218.560558	0.196478	0.000153	70.988019	3.4
1481	9433.172229	0.197835	0.000153	132.885210	3.4
1482	9325.739364	0.200026	0.000153	74.866325	3.4
1483	9288.368829	0.201052	0.000153	126.467948	3.6
1484	8971.125335	0.202878	0.000153	146.867863	3.7
1485	8873.333481	0.207115	0.000153	140.016202	3.8
1486	8906.685840	0.207345	0.000153	146.502140	3.3
1487	8788.628108	0.217080	0.000153	95.208878	3.3
1488	9344.994292	0.213788	0.000153	125.563995	3.2
1489	8813.955834	0.210358	0.000153	165.565675	3.1
1490	9093.174442	0.204624	0.000153	97.719427	3.1
1491	8964.733642	0.207588	0.000153	125.479059	3.2
1492	9162.179966	0.207936	0.000153	72.174948	5.1
1493	9360.935071	0.208765	0.000153	187.536826	5.1
1494	8990.355852	0.210488	0.000153	213.418162	4.4
1495	8728.682614	0.204371	0.000153	267.794301	4.8
1496	8626.677724	0.234632	0.000153	50.009368	3.8
1497	9258.279297	0.231364	0.000153	102.241413	3.7
1498	9245.072272	0.231189	0.000153	145.564346	2.9
1499	8823.200851	0.226368	0.000153	131.054668	2.6
1500	9043.463603	0.222511	0.000153	58.812353	2.6
1501	9271.092704	0.225199	0.000153	117.022255	3.1
1502	9302.336337	0.226239	0.000153	125.593883	2.7
1503	8947.071502	0.221085	0.000153	176.780070	2.8
1504	8912.381560	0.225055	0.000153	149.283004	2.7
1505	8771.643185	0.236324	0.000153	72.831004	3.0
1506	9264.667583	0.232936	0.000153	145.273808	4.9
1507	8396.677838	0.235282	0.000153	117.498201	3.5
1508	9325.954721	0.239817	0.000153	169.874015	4.7
1509	9712.339786	0.233232	0.000153	135.856241	2.4
1510	8779.392514	0.240711	0.000153	99.007996	2.5
1511	9165.693232	0.236875	0.000153	101.034627	4.7
1512	8888.426578	0.237401	0.000153	140.605847	4.5
1513	9435.781306	0.234066	0.000153	95.140296	2.6
1514	9357.155629	0.239020	0.000153	86.340039	2.8
1515	9063.669207	0.240864	0.000153	67.652633	2.8
1516	8659.775385	0.241532	0.000153	93.617152	2.8
1517	9209.663168	0.241311	0.000153	119.345295	2.7
1518	8855.089075	0.237640	0.000153	101.199890	2.6
1519	9197.132393	0.236122	0.000153	164.427416	2.6
1520	9368.341236	0.234013	0.000153	173.414654	2.6
1521	9357.634430	0.233801	0.000153	99.215096	2.6
1522	8875.781378	0.228733	0.000153	107.307462	2.7
1523	9430.944408	0.226820	0.000153	101.480058	2.6
1524	9025.706695	0.226384	0.000153	139.526311	2.6
1525	9338.524888	0.221649	0.000153	56.142056	2.7
1526	8657.991176	0.218994	0.000153	98.224018	2.7
1527	9137.688879	0.217166	0.000153	186.491730	2.8
1528	8752.605095	0.225215	0.000153	125.572855	4.8
1529	9301.997606	0.218311	0.000153	77.830929	4.8
1530	8775.925914	0.214809	0.000153	114.051167	5.0
1531	9346.089433	0.211601	0.000153	83.773417	3.8
1532	8752.296046	0.211322	0.000153	98.126360	3.6
1533	9377.073136	0.211432	0.000153	91.134220	4.0
1534	8796.848384	0.212672	0.000153	116.009532	3.9
1535	9020.615960	0.212469	0.000153	88.445347	3.9
1536	9227.743965	0.212889	0.000153	76.138834	3.6
1537	8975.448734	0.210751	0.000153	120.638494	3.5
1538	9389.563540	0.212934	0.000153	220.381987	3.5
1539	9510.098859	0.205192	0.000153	116.506572	3.5
1540	9206.059694	0.216667	0.000153	45.858613	3.5
1541	9218.952292	0.214692	0.000153	152.692491	3.4
1542	8735.930455	0.215756	0.000153	195.717525	3.4
1543	9047.364929	0.213881	0.000153	124.576770	3.6
1544	8821.805357	0.211315	0.000153	62.614885	3.4
1545	9050.676256	0.210335	0.000153	72.780432	3.2
1546	9143.487875	0.209174	0.000153	120.829017	3.2
1547	9217.697116	0.211394	0.000153	154.389747	3.1
1548	9113.872052	0.208965	0.000153	85.197672	3.0
1549	8853.356136	0.207883	0.000153	130.528589	3.0
1550	9019.464934	0.203983	0.000153	142.700833	3.1
1551	9305.127737	0.210536	0.000153	161.163131	3.3
1552	8840.573237	0.208587	0.000153	153.572860	3.9
1553	8841.340784	0.216561	0.000153	36.036929	3.5
1554	9037.637140	0.216960	0.000153	154.032079	3.3
1555	9064.939224	0.216297	0.000153	81.271645	3.0
1556	9023.591601	0.215816	0.000153	162.611508	3.7
1557	9370.256526	0.211544	0.000153	122.503075	2.4
1558	9206.592682	0.214662	0.000153	52.584980	2.4
1559	9226.157957	0.214325	0.000153	126.766066	2.5
1560	8690.002416	0.213949	0.000153	55.980853	2.6
1561	8826.260228	0.214803	0.000153	77.622333	2.5
1562	8980.340939	0.213945	0.000153	134.711182	3.3
1563	9249.213758	0.210316	0.000153	97.924278	2.5
1564	9228.017260	0.206993	0.000153	109.363693	2.6
1565	9425.944492	0.209752	0.000153	104.863246	2.6
1566	8968.747309	0.211237	0.000153	198.242882	2.8
1567	8948.991266	0.220219	0.000153	69.759197	2.7
1568	8956.597912	0.222933	0.000153	71.654416	2.7
1569	8827.929393	0.224023	0.000153	59.921101	2.7
1570	9371.432202	0.223761	0.000153	51.096830	3.8
1571	9293.333717	0.223002	0.000153	140.036290	3.4
1572	8670.516435	0.222959	0.000153	87.775645	3.0
1573	9356.011762	0.228092	0.000153	122.801196	2.8
1574	8904.273872	0.228862	0.000153	126.914241	2.8
1575	9188.058318	0.232450	0.000153	106.576926	2.7
1576	8993.314216	0.237534	0.000153	186.360189	2.7
1577	8754.942812	0.233624	0.000153	92.704338	2.7
1578	8978.162261	0.241120	0.000153	164.039197	2.9
1579	9358.865342	0.239191	0.000153	111.352942	2.9
1580	9452.506650	0.236795	0.000153	156.013373	2.9
1581	8821.505384	0.240837	0.000153	47.987114	3.0
1582	8954.350500	0.240997	0.000153	178.214895	3.0
1583	8982.713264	0.240969	0.000153	94.868742	3.1
1584	8960.061192	0.247420	0.000153	96.864697	3.0
1585	8601.174334	0.248416	0.000153	105.557883	3.0
1586	9351.399448	0.246498	0.000153	41.745120	2.9
1587	8588.300833	0.247194	0.000153	69.281993	3.0
1588	9043.658503	0.247767	0.000153	109.346506	2.8
1589	9205.336863	0.244980	0.000153	159.440667	2.8
1590	8629.914137	0.239914	0.000153	87.782998	2.8
1591	8942.709732	0.241241	0.000153	137.803535	2.8
1592	8767.278522	0.242466	0.000153	100.637340	2.8
1593	9238.802993	0.243813	0.000153	143.162453	2.8
1594	9016.022251	0.242473	0.000153	93.592996	2.8
1595	9007.365150	0.239148	0.000153	121.401417	3.0
1596	9057.812789	0.241753	0.000153	128.126608	3.0
1597	8970.156570	0.238720	0.000153	58.898411	3.0
1598	8934.386169	0.241159	0.000153	139.509521	3.3
1599	9112.705589	0.238332	0.000153	63.690422	3.4
1600	9360.368967	0.239137	0.000153	92.126879	3.4
1601	8930.194919	0.239955	0.000153	128.670643	3.3
1602	9007.550474	0.236295	0.000153	107.597560	3.2
1603	9060.253723	0.240745	0.000153	155.977693	3.3
1604	9066.751659	0.234882	0.000153	232.482251	3.1
1605	8831.850780	0.251690	0.000153	114.254971	3.1
1606	9133.648784	0.251452	0.000153	65.695268	3.0
1607	9401.126911	0.253187	0.000153	136.665720	3.0
1608	9229.469242	0.254863	0.000153	118.677345	3.1
1609	8499.184498	0.257591	0.000153	77.451860	3.1
1610	8821.173634	0.256486	0.000153	64.705386	3.1
1611	9214.829002	0.256921	0.000153	130.941390	3.8
1612	8729.855578	0.253994	0.000153	101.218128	3.7
1613	9621.161315	0.251542	0.000153	83.060974	3.5
1614	8972.338945	0.254425	0.000153	96.009126	3.2
1615	8928.453579	0.251433	0.000153	74.079739	2.5
1616	8884.081022	0.251103	0.000153	57.601898	2.6
1617	8886.357414	0.250993	0.000153	51.020217	3.8
1618	8899.234025	0.251008	0.000153	36.224237	2.4
1619	9194.263193	0.250497	0.000153	188.905452	2.3
1620	9052.643609	0.251500	0.000153	139.507790	2.5
1621	9128.168950	0.249388	0.000153	118.726765	2.5
1622	9863.572555	0.253885	0.000153	58.052687	5.5
1623	9057.720894	0.252595	0.000153	150.467115	5.0
1624	9230.840642	0.250777	0.000153	101.969371	4.7
1625	9111.964060	0.256811	0.000153	267.225212	4.6
1626	8427.025142	0.249042	0.000153	60.972298	3.9
1627	8764.313996	0.244429	0.000153	205.730642	2.4
1628	9009.234618	0.250453	0.000153	93.661029	2.5
1629	8798.147163	0.255297	0.000153	57.646723	2.7
1630	9256.846512	0.256064	0.000153	93.363703	2.9
1631	8998.679903	0.255442	0.000153	226.107465	4.6
1632	9667.245751	0.249444	0.000153	125.854269	4.7
1633	8640.712798	0.259247	0.000153	108.361979	4.4
1634	9172.485404	0.256079	0.000153	82.560136	3.3
1635	8914.057118	0.253202	0.000153	60.404152	3.3
1636	9245.339092	0.253380	0.000153	112.621490	3.5
1637	9006.824456	0.252142	0.000153	84.526115	3.7
1638	9012.554940	0.255014	0.000153	83.573408	3.6
1639	8956.989764	0.256741	0.000153	142.538468	3.4
1640	8517.256891	0.260294	0.000153	36.244825	3.0
1641	8981.375080	0.259575	0.000153	120.663230	2.4
1642	9182.161973	0.259644	0.000153	74.863290	2.5
1643	9396.801543	0.262123	0.000153	98.583312	2.2
1644	9099.776295	0.262694	0.000153	69.949310	2.3
1645	9396.293254	0.263130	0.000153	108.777338	2.4
1646	9083.287247	0.264117	0.000153	79.234774	2.3
1647	9050.929085	0.264489	0.000153	45.897631	2.3
1648	8958.661454	0.263964	0.000153	149.883544	2.3
1649	8987.149823	0.262553	0.000153	115.141591	2.3
1650	8774.467482	0.267105	0.000153	168.960665	2.3
1651	9475.718356	0.260976	0.000153	55.046817	2.4
1652	9543.766448	0.260430	0.000153	78.530024	2.5
1653	8936.619712	0.259765	0.000153	78.292678	2.7
1654	9456.004825	0.257236	0.000153	55.231586	2.5
1655	9051.145021	0.255607	0.000153	45.375644	2.4
1656	9291.373097	0.255062	0.000153	84.951475	2.5
1657	9107.692700	0.255233	0.000153	78.730182	2.4
1658	9056.242922	0.256524	0.000153	90.624583	2.5
1659	8873.318470	0.257751	0.000153	119.330094	2.6
1660	8739.711190	0.261509	0.000153	130.032828	4.7
1661	9408.794839	0.256012	0.000153	294.080922	4.7
1662	9347.409374	0.283697	0.000153	174.237489	4.8
1663	9311.828988	0.280186	0.000153	128.390329	3.4
1664	9054.392929	0.290615	0.000153	73.942977	3.3
1665	9013.478625	0.288049	0.000153	133.762487	3.4
1666	8772.180508	0.285621	0.000153	165.963870	3.5
1667	9250.967278	0.299379	0.000153	123.235828	4.6
1668	9383.263150	0.298814	0.000153	165.119421	4.5
1669	9297.894081	0.297438	0.000153	125.347348	4.0
1670	8988.366088	0.294503	0.000153	38.007925	3.6
1671	9080.093539	0.293775	0.000153	166.561248	3.6
1672	8759.737923	0.292752	0.000153	36.413345	3.3
1673	9004.770353	0.290484	0.000153	180.108301	3.1
1674	8803.000594	0.289281	0.000153	149.490433	3.2
1675	9306.585293	0.281950	0.000153	199.534493	3.3
1676	8928.673983	0.296440	0.000153	78.382807	3.2
1677	9258.111852	0.299274	0.000153	208.982507	3.3
1678	9148.635787	0.295113	0.000153	97.954421	3.3
1679	8688.810102	0.304644	0.000153	111.957598	3.5
1680	8903.152664	0.305440	0.000153	196.278168	3.5
1681	8887.081593	0.304674	0.000153	59.939270	3.7
1682	9028.513291	0.308545	0.000153	86.446123	3.8
1683	8676.082683	0.310065	0.000153	126.935155	3.6
1684	9132.940097	0.314428	0.000153	97.922685	3.5
1685	9366.112815	0.313259	0.000153	85.803888	3.6
1686	8659.952498	0.311689	0.000153	149.662217	3.4
1687	9263.530606	0.313682	0.000153	100.225145	4.9
1688	8765.095633	0.308856	0.000153	163.922071	5.2
1689	9235.120640	0.316009	0.000153	75.662133	4.0
1690	8942.214109	0.317643	0.000153	25.068930	4.1
1691	9347.865105	0.317641	0.000153	87.254406	5.0
1692	9259.680456	0.316984	0.000153	119.787889	5.0
1693	9076.373144	0.320119	0.000153	171.345821	4.1
1694	9350.037413	0.314758	0.000153	163.314560	5.0
1695	9516.883968	0.332648	0.000152	77.852794	5.1
1696	8850.578203	0.329293	0.000152	97.406829	4.8
1697	9194.026800	0.330555	0.000152	82.631164	4.2
1698	8769.785800	0.333208	0.000152	32.591052	3.9
1699	8730.954325	0.332488	0.000152	123.598769	4.1
1700	8850.185330	0.331402	0.000152	163.608344	3.2
1701	8938.453424	0.341454	0.000152	49.879276	3.2
1702	8801.720202	0.342374	0.000152	110.046693	3.2
1703	8880.888395	0.341303	0.000152	132.458531	3.0
1704	9070.937727	0.342675	0.000152	108.556823	2.9
1705	9093.353263	0.343943	0.000152	110.801230	2.9
1706	9233.471157	0.339867	0.000152	99.246312	3.0
1707	8961.230258	0.341122	0.000152	72.537115	3.0
1708	8752.933159	0.341106	0.000152	125.412462	3.0
1709	9226.243154	0.338791	0.000152	122.792256	3.0
1710	9254.105876	0.344091	0.000152	151.941487	2.9
1711	8874.496686	0.339752	0.000152	116.167132	2.8
1712	9188.426991	0.348609	0.000152	78.916394	2.8
1713	9349.031789	0.350894	0.000152	111.338039	2.8
1714	8854.484543	0.347988	0.000152	60.575581	2.8
1715	8874.857608	0.346304	0.000152	56.278585	2.8
1716	8364.421078	0.346084	0.000152	248.411584	2.8
1717	8672.315506	0.344296	0.000152	57.559413	2.8
1718	8815.660389	0.342637	0.000152	106.495140	2.8
1719	9566.622736	0.343836	0.000152	167.343034	2.7
1720	9261.281848	0.349618	0.000152	118.811238	2.9
1721	8650.649494	0.344055	0.000152	91.318400	2.9
1722	9184.660384	0.341364	0.000152	157.526370	2.8
1723	9089.538380	0.348470	0.000152	107.646379	2.8
1724	9094.797278	0.344408	0.000152	142.914550	3.1
1725	8781.953870	0.348847	0.000152	61.630544	4.7
1726	9350.700327	0.345929	0.000152	71.061601	4.5
1727	9155.014083	0.344293	0.000152	44.337360	4.4
1728	9245.439875	0.344371	0.000152	93.529243	4.5
1729	8946.727607	0.344731	0.000152	146.849838	4.9
1730	9004.511179	0.344703	0.000152	112.026839	4.0
1731	8818.271474	0.339617	0.000152	97.032139	4.7
1732	9259.573552	0.335611	0.000152	109.076506	4.7
1733	9402.561289	0.332245	0.000152	47.037674	3.7
1734	8871.486471	0.331088	0.000152	128.874653	3.9
1735	9362.610877	0.329801	0.000152	51.569237	5.2
1736	9021.363725	0.331461	0.000152	145.256771	5.2
1737	8755.617453	0.333158	0.000152	95.328618	4.4
1738	8702.561572	0.334616	0.000152	116.120276	4.1
1739	9315.036232	0.330557	0.000152	86.817979	4.2
1740	9131.748197	0.331663	0.000152	89.869474	3.4
1741	9090.292626	0.333432	0.000152	144.161367	3.6
1742	8578.164325	0.338005	0.000152	87.406958	4.9
1743	8985.309803	0.341713	0.000152	117.624173	4.0
1744	9127.199911	0.338142	0.000152	36.322696	3.2
1745	9343.106071	0.337857	0.000152	177.485198	3.8
1746	9518.010656	0.338702	0.000152	101.182544	3.8
1747	9227.956918	0.335348	0.000152	83.055971	3.6
1748	9240.545130	0.335091	0.000152	72.306733	3.1
1749	9009.142964	0.332846	0.000152	54.318746	3.2
1750	8724.290135	0.331964	0.000152	112.461654	4.1
1751	9271.123144	0.330147	0.000152	67.712808	4.2
1752	9180.774567	0.332162	0.000152	98.955268	4.2
1753	8930.904916	0.330760	0.000152	76.349889	3.4
1754	8911.250560	0.331894	0.000152	127.327682	3.4
1755	9007.890889	0.335748	0.000152	70.746742	3.3
1756	9387.165326	0.338948	0.000152	107.512626	3.1
1757	8906.494161	0.340643	0.000152	96.893453	3.1
1758	8846.275304	0.342651	0.000152	115.245142	3.1
1759	8743.065166	0.338997	0.000152	43.694777	2.9
1760	9084.927135	0.338028	0.000152	87.901865	2.9
1761	9488.557128	0.336488	0.000152	137.680285	2.8
1762	8959.686433	0.340106	0.000152	126.925410	2.9
1763	9089.081790	0.347269	0.000152	121.147101	2.9
1764	9256.618807	0.345575	0.000152	184.489991	2.9
1765	8918.074414	0.352223	0.000152	39.833371	4.5
1766	9188.463119	0.350706	0.000152	91.826082	3.1
1767	8992.369184	0.351078	0.000152	82.752987	3.1
1768	9460.183110	0.354336	0.000152	76.766692	3.2
1769	8787.808656	0.355329	0.000152	61.980492	3.3
1770	9485.498593	0.355148	0.000152	72.231694	3.3
1771	9203.011839	0.356001	0.000152	82.596026	3.4
1772	9115.228799	0.353746	0.000152	62.896439	4.6
1773	8855.961639	0.352607	0.000152	41.753521	4.6
1774	9562.250467	0.352483	0.000152	96.562479	4.0
1775	8620.834281	0.351866	0.000152	82.268562	3.9
1776	9278.299743	0.354043	0.000152	217.683589	3.9
1777	9039.831572	0.353636	0.000152	129.057544	3.7
1778	9102.771354	0.349931	0.000152	80.786731	5.1
1779	9042.628693	0.352698	0.000152	147.908594	5.1
1780	8804.475700	0.356915	0.000152	118.230059	5.2
1781	8717.195134	0.360026	0.000152	157.792095	5.0
1782	8769.552068	0.356325	0.000152	116.504881	5.0
1783	9122.391561	0.350251	0.000152	75.267938	4.9
1784	8575.253560	0.349541	0.000152	78.466122	4.9
1785	8909.147952	0.351141	0.000152	51.823529	4.1
1786	8711.490794	0.350140	0.000152	55.187072	4.0
1787	9082.133330	0.349059	0.000152	88.008776	3.9
1788	9142.845831	0.347604	0.000152	181.819913	3.9
1789	9443.747009	0.352553	0.000152	77.752763	4.8
1790	9034.375823	0.348798	0.000152	64.563670	5.2
1791	9256.826118	0.348896	0.000152	159.443442	5.1
1792	9041.005708	0.345897	0.000152	99.046188	5.0
1793	9120.387699	0.351632	0.000152	153.629943	5.2
1794	8539.893260	0.357833	0.000152	50.374865	5.0
1795	8700.303555	0.360792	0.000152	146.393008	5.0
1796	8875.945272	0.362416	0.000152	55.492521	4.9
1797	9182.436085	0.364691	0.000152	73.380321	4.4
1798	9134.438089	0.363459	0.000152	229.792834	3.8
1799	8494.416565	0.368047	0.000152	91.450185	4.0
1800	9485.100986	0.364113	0.000152	94.626354	4.5
1801	9140.114542	0.361722	0.000152	113.606292	3.4
1802	9255.680684	0.363852	0.000152	90.663773	3.4
1803	8715.864936	0.367563	0.000152	84.041363	3.5
1804	9526.785182	0.369155	0.000152	125.125862	3.5
1805	9077.452667	0.372719	0.000152	144.400089	3.4
1806	9152.667358	0.367950	0.000152	101.067548	2.9
1807	9132.635958	0.369787	0.000152	56.142250	2.9
1808	9409.497398	0.369492	0.000152	63.579570	2.8
1809	9141.674410	0.368907	0.000152	30.816672	3.0
1810	9029.605588	0.368796	0.000152	120.759316	2.9
1811	9110.290512	0.367762	0.000152	140.272699	2.9
1812	8875.797534	0.369746	0.000152	171.512070	2.9
1813	8815.659559	0.376135	0.000152	102.859875	3.0
1814	9219.800487	0.371787	0.000152	114.154715	3.0
1815	8808.648058	0.374723	0.000152	84.134977	3.0
1816	9188.856907	0.378003	0.000152	136.183408	2.9
1817	8941.192509	0.378764	0.000152	138.869372	3.0
1818	8953.287209	0.381157	0.000152	110.912481	2.9
1819	9375.866886	0.379885	0.000152	94.953479	2.9
1820	9375.076180	0.382961	0.000152	89.164822	2.9
1821	8906.930748	0.380757	0.000152	92.941440	2.8
1822	8915.938987	0.380797	0.000152	65.146648	2.8
1823	8834.016582	0.381164	0.000152	90.621751	3.0
1824	8906.708900	0.382191	0.000152	252.549399	3.0
1825	9331.106201	0.381965	0.000152	113.496987	3.0
1826	9503.861985	0.389029	0.000152	238.686150	2.7
1827	8925.553980	0.401096	0.000152	100.996949	2.5
1828	8641.964773	0.414258	0.000152	183.383793	2.5
1829	8875.421594	0.409930	0.000152	103.180505	2.5
1830	9199.368709	0.404423	0.000152	129.356369	2.5
1831	9044.591027	0.408133	0.000152	118.972054	2.6
1832	9040.892106	0.410876	0.000152	56.424194	2.6
1833	9130.309527	0.409351	0.000152	128.783467	2.5
1834	9120.110225	0.410150	0.000152	105.985032	2.8
1835	9149.546453	0.415233	0.000152	113.446615	2.8
1836	9064.047988	0.416139	0.000152	99.540389	2.8
1837	9287.315152	0.413818	0.000152	291.212767	2.9
1838	9121.983896	0.415519	0.000152	91.716816	5.5
1839	9225.972698	0.432503	0.000152	65.896207	3.1
1840	9172.980309	0.432356	0.000152	178.318884	3.5
1841	9591.649261	0.433855	0.000152	156.888678	3.5
1842	9457.040932	0.426229	0.000152	115.756207	3.4
1843	9204.617131	0.429787	0.000152	95.272320	3.7
1844	9206.417938	0.431027	0.000152	189.428324	5.0
1845	9054.082721	0.437750	0.000152	114.833251	4.4
1846	8717.423051	0.438503	0.000152	90.659118	2.4
1847	8645.967721	0.438548	0.000152	57.473623	2.3
1848	9167.397647	0.438349	0.000152	73.253116	2.4
1849	9201.279210	0.436593	0.000152	83.599692	4.3
1850	8995.367936	0.438428	0.000152	88.197691	5.1
1851	8949.519565	0.437569	0.000152	89.779704	4.9
1852	8763.891269	0.439888	0.000152	108.508544	2.3
1853	9094.272218	0.439336	0.000152	148.221321	2.3
1854	9111.420152	0.440913	0.000152	158.252664	2.3
1855	8914.194830	0.435195	0.000152	87.666636	2.6
1856	9228.215832	0.440808	0.000152	134.552508	4.8
1857	9193.558103	0.438091	0.000152	221.177228	4.8
1858	9133.627664	0.458835	0.000152	116.347781	4.7
1859	9010.232097	0.460416	0.000152	90.401836	3.6
1860	8820.891637	0.460079	0.000152	140.146265	3.4
1861	8969.348466	0.457749	0.000152	159.304924	3.7
1862	8553.432511	0.461501	0.000152	103.808993	3.0
1863	9124.094886	0.467308	0.000151	91.082548	2.9
1864	9175.288434	0.469325	0.000151	108.049339	3.3
1865	9415.837778	0.468491	0.000151	160.251702	4.7
1866	8875.829023	0.468424	0.000151	92.372473	4.6
1867	8977.903755	0.472546	0.000151	127.734003	4.1
1868	8759.935084	0.472622	0.000151	71.381513	4.5
1869	8858.678587	0.475554	0.000151	83.439067	4.6
1870	9010.042663	0.477683	0.000151	99.205167	4.7
1871	9032.550196	0.477296	0.000151	135.913242	4.4
1872	9402.006707	0.474843	0.000151	164.620538	3.6
1873	8854.020576	0.477932	0.000151	122.380633	3.6
1874	8989.130163	0.476999	0.000151	122.632069	3.5
1875	8565.199193	0.476845	0.000151	109.937585	3.4
1876	8822.615360	0.475028	0.000151	66.270011	3.4
1877	8871.383350	0.474380	0.000151	78.028794	3.2
1878	9033.839462	0.473417	0.000151	60.316033	3.2
1879	8684.716225	0.472635	0.000151	56.600643	3.2
1880	9374.173800	0.473109	0.000151	142.903032	3.1
1881	8906.740752	0.474625	0.000151	100.906784	3.2
1882	9002.839189	0.474688	0.000151	68.169926	3.2
1883	9262.299465	0.477278	0.000151	145.327616	3.1
1884	8859.541219	0.473987	0.000151	116.473822	3.1
1885	8786.777836	0.475690	0.000151	111.655316	3.0
1886	9090.001657	0.477948	0.000151	119.951489	3.0
1887	9020.085088	0.475112	0.000151	178.107892	3.1
1888	8817.732115	0.470456	0.000151	134.722442	3.2
1889	9196.458003	0.482722	0.000151	127.970506	4.6
1890	9029.505105	0.477213	0.000151	131.451249	4.6
1891	8708.562050	0.484039	0.000151	60.961770	4.6
1892	9005.849334	0.484999	0.000151	88.167953	3.6
1893	8791.191486	0.483353	0.000151	199.742143	3.7
1894	9266.981839	0.487391	0.000151	131.002012	3.7
1895	8838.813949	0.502466	0.000151	123.320291	5.1
1896	9116.400907	0.497131	0.000151	122.397334	4.7
1897	9489.035956	0.503718	0.000151	128.127445	4.8
1898	8953.757487	0.509561	0.000151	151.674884	4.7
1899	8970.160425	0.517503	0.000151	51.258686	4.3
1900	9396.457481	0.515742	0.000151	146.128073	5.3
1901	9434.372818	0.515669	0.000151	89.944146	5.4
1902	8899.343026	0.520863	0.000151	65.562785	5.1
1903	8817.477277	0.520808	0.000151	122.127747	5.4
1904	9069.252974	0.521728	0.000151	131.799610	6.4
1905	9268.471629	0.528040	0.000151	40.148478	5.2
1906	9081.207162	0.527742	0.000151	136.364676	4.9
1907	8892.729782	0.526213	0.000151	131.542155	4.3
1908	9168.340940	0.523357	0.000151	100.334642	4.4
1909	9232.327831	0.520885	0.000151	99.824757	4.0
1910	9112.423921	0.518221	0.000151	73.107978	3.9
1911	8966.129695	0.518314	0.000151	95.605958	3.7
1912	9312.409008	0.519190	0.000151	105.921122	3.7
1913	9125.701214	0.519062	0.000151	80.442600	3.5
1914	9120.854468	0.517657	0.000151	30.654331	3.3
1915	8862.385668	0.517242	0.000151	157.941486	3.3
1916	8888.229682	0.516959	0.000151	38.444853	3.2
1917	8883.538605	0.516339	0.000151	101.170302	3.1
1918	9184.057244	0.515788	0.000151	167.407671	3.1
1919	9066.699686	0.522907	0.000151	142.570914	3.0
1920	9098.006632	0.528459	0.000151	113.401996	3.1
1921	8983.223658	0.525322	0.000151	245.810944	3.1
1922	8921.393117	0.538897	0.000151	160.216712	3.0
1923	8869.642254	0.529064	0.000151	77.828258	3.3
1924	9046.822025	0.529417	0.000151	92.578344	3.4
1925	9086.076538	0.531838	0.000151	103.304774	3.4
1926	9280.862472	0.533568	0.000151	75.671870	2.7
1927	8721.526355	0.533334	0.000151	156.171678	2.6
1928	8784.954962	0.538160	0.000151	121.070253	2.6
1929	9227.400648	0.532606	0.000151	221.357964	2.8
1930	9250.344553	0.525037	0.000151	65.482933	4.7
1931	9252.880517	0.521887	0.000151	156.207422	4.4
1932	9078.147818	0.519458	0.000151	77.440769	3.2
1933	8766.889130	0.524867	0.000151	139.025121	3.2
1934	8768.699840	0.527346	0.000151	92.702643	3.2
1935	8461.112602	0.532571	0.000151	72.412199	3.2
1936	9315.063261	0.535015	0.000151	233.593112	3.1
1937	9194.402359	0.531588	0.000151	60.758982	3.0
1938	9243.181122	0.531336	0.000151	40.714958	3.1
1939	9288.666916	0.530313	0.000151	84.534752	3.1
1940	9275.587552	0.530660	0.000151	136.182280	3.2
1941	9312.646147	0.532510	0.000151	81.795358	3.2
1942	8873.559884	0.535075	0.000151	117.261380	3.0
1943	9166.063172	0.531444	0.000151	150.788697	2.9
1944	9065.561434	0.536390	0.000151	97.966489	3.0
1945	9165.776374	0.537442	0.000151	217.774940	2.9
1946	9245.003123	0.548958	0.000151	171.490077	2.9
1947	8833.370526	0.564191	0.000151	88.160587	2.9
1948	8971.775736	0.563453	0.000151	98.108813	2.9
1949	9578.681547	0.564522	0.000151	111.008214	3.0
1950	8949.460906	0.565949	0.000151	93.975683	3.5
1951	9017.535140	0.566412	0.000151	56.894227	2.9
1952	9031.682669	0.564660	0.000151	120.950731	2.4
1953	8986.388361	0.566850	0.000151	148.116103	2.4
1954	9017.877866	0.575334	0.000151	147.975242	2.4
1955	9032.518211	0.576403	0.000151	127.764703	2.4
1956	9134.619988	0.572608	0.000151	116.676182	2.3
1957	8694.824156	0.572912	0.000151	58.948686	2.2
1958	9080.461163	0.571237	0.000151	73.650248	2.3
1959	9152.464210	0.569440	0.000151	201.152818	2.4
1960	9078.803819	0.574394	0.000151	68.423371	5.3
1961	8983.422697	0.569384	0.000151	77.583450	2.5
1962	8989.310687	0.567503	0.000151	127.877823	2.7
1963	8938.144900	0.572283	0.000151	102.209282	4.8
1964	9009.634225	0.572488	0.000151	83.480079	4.7
1965	9334.275470	0.572234	0.000151	100.784887	4.9
1966	8709.759139	0.573251	0.000151	113.315556	3.6
1967	8841.718322	0.572007	0.000151	129.222650	3.5
1968	9302.281514	0.572563	0.000151	43.882129	5.2
1969	9068.839327	0.573689	0.000151	125.419634	4.2
1970	8760.170879	0.571838	0.000151	154.085366	4.6
1971	9337.980019	0.569795	0.000151	102.951468	4.6
1972	8755.350363	0.575928	0.000151	82.195031	3.6
1973	9328.869442	0.575783	0.000151	170.450515	3.8
1974	9176.846030	0.580321	0.000151	100.309211	4.2
1975	8920.909570	0.589217	0.000151	48.685693	3.8
1976	8902.978465	0.587841	0.000151	58.736249	3.8
1977	9179.594594	0.587987	0.000151	140.035218	3.5
1978	9202.773416	0.586737	0.000151	101.462910	3.5
1979	9132.438670	0.585355	0.000151	111.943228	3.6
1980	8671.663766	0.585325	0.000151	200.161250	3.0
1981	8948.274186	0.587927	0.000151	53.358082	3.0
1982	8963.488947	0.588723	0.000151	64.607606	2.9
1983	9018.489354	0.588575	0.000151	182.202024	2.8
1984	8964.529333	0.584918	0.000151	106.193700	2.8
1985	8653.870155	0.584393	0.000151	74.000741	2.8
1986	8796.022074	0.582732	0.000151	148.916681	2.8
1987	9012.385236	0.583841	0.000151	105.989755	2.9
1988	9314.685029	0.582944	0.000151	87.377962	2.8
1989	9025.920353	0.581456	0.000151	74.991461	2.9
1990	8670.658221	0.581854	0.000151	104.413968	4.9
1991	8970.391124	0.578846	0.000151	52.206827	5.0
1992	8927.440850	0.577862	0.000151	45.210851	4.4
1993	8919.803260	0.577929	0.000151	89.797836	3.7
1994	8966.327834	0.578557	0.000151	38.864156	3.5
1995	8757.898139	0.579031	0.000151	117.784567	4.1
1996	9011.558783	0.579659	0.000151	146.018943	4.2
1997	8904.066056	0.576590	0.000151	196.402301	4.6
1998	9300.448532	0.592065	0.000151	82.750285	4.2
1999	9202.126295	0.592037	0.000151	188.042803	4.1
