LANDMARKS1
0.000000000000000000e+00 1.717379663333333326e+02 -8.074587666666666053e+00 -1.746743199999999874e+01 0.000000000000000000e+00 9.230000000000000000e+02
1.000000000000000000e+00 6.889815566666666768e+01 3.668066333333333429e+00 -4.354698333333333693e+01 0.000000000000000000e+00 6.970000000000000000e+02
2.000000000000000000e+00 1.191389806666666686e+02 -3.158835999999999800e+01 1.249565000000000259e+00 0.000000000000000000e+00 2.760000000000000000e+02
3.000000000000000000e+00 1.670258723333333535e+02 2.127967533333333350e+01 -2.516144066666666745e+01 0.000000000000000000e+00 2.320000000000000000e+02
4.000000000000000000e+00 1.123189726666666530e+02 4.281429366666666425e+01 -3.377396766666667105e+01 0.000000000000000000e+00 1.220000000000000000e+02
5.000000000000000000e+00 1.179322453333333414e+02 -3.395179033333333507e+01 -3.296243800000000590e+01 0.000000000000000000e+00 1.166000000000000000e+03
6.000000000000000000e+00 1.226176383333333177e+02 -4.015420866666666200e+01 -8.772115999999998692e+00 0.000000000000000000e+00 8.190000000000000000e+02
7.000000000000000000e+00 1.506572936666666465e+02 -9.556281666666665231e+00 -4.265237266666667182e+01 0.000000000000000000e+00 7.080000000000000000e+02
8.000000000000000000e+00 1.008431676666666590e+02 1.349368666666666705e+01 -7.165501400000000842e+01 0.000000000000000000e+00 8.370000000000000000e+02
9.000000000000000000e+00 1.746832536666666726e+02 -4.586454333333333189e+00 -6.081266966666666463e+01 0.000000000000000000e+00 2.670000000000000000e+02
1.000000000000000000e+01 7.667618966666667291e+01 2.043743000000000531e+00 -7.546848933333332354e+01 0.000000000000000000e+00 5.770000000000000000e+02
1.100000000000000000e+01 1.259437080000000151e+02 -2.486596333333332964e+00 -9.720445066666665923e+01 0.000000000000000000e+00 3.100000000000000000e+02
1.200000000000000000e+01 1.453737546666666560e+02 -6.739320000000000199e+00 -5.512984399999999852e+01 0.000000000000000000e+00 8.190000000000000000e+02
1.300000000000000000e+01 9.243787733333333279e+01 9.275799999999995160e-01 -6.894014399999998943e+01 0.000000000000000000e+00 3.500000000000000000e+02
1.400000000000000000e+01 1.334406136666666498e+02 -3.902620366666666740e+01 -9.449943933333334201e+01 0.000000000000000000e+00 8.350000000000000000e+02
1.500000000000000000e+01 1.137626913333333363e+02 -7.463307433333334018e+01 -1.842290366666666657e+01 0.000000000000000000e+00 2.190000000000000000e+02
1.600000000000000000e+01 1.157842749999999938e+02 -4.218238233333332943e+01 -1.718195199999999900e+01 0.000000000000000000e+00 4.980000000000000000e+02
1.700000000000000000e+01 1.128405769999999961e+02 -4.462302566666667047e+01 3.811727666666666625e+00 0.000000000000000000e+00 5.880000000000000000e+02
1.800000000000000000e+01 1.136729866666666595e+02 -4.961116433333333475e+01 -5.055235566666666358e+01 0.000000000000000000e+00 1.092000000000000000e+03
1.900000000000000000e+01 1.411433086666666838e+02 -6.501364866666666842e+01 -1.901356433333333129e+01 0.000000000000000000e+00 6.770000000000000000e+02
2.000000000000000000e+01 9.172643666666665752e+01 -4.842671699999999646e+01 -2.424378733333333003e+01 0.000000000000000000e+00 4.620000000000000000e+02
2.100000000000000000e+01 1.215332993333333320e+02 -4.689779700000000418e+01 -9.108303666666666132e+00 0.000000000000000000e+00 1.121000000000000000e+03
2.200000000000000000e+01 1.396697553333333417e+02 -5.019145133333333320e+01 -3.226568566666666271e+01 0.000000000000000000e+00 2.980000000000000000e+02
2.300000000000000000e+01 9.456841400000000419e+01 -4.246249133333333958e+01 -4.945996199999999732e+01 0.000000000000000000e+00 3.610000000000000000e+02
