1:ItNr	2:Metric	3a:Time	3b:StepSize	4:||Gradient||	Time[ms]
0	213589.930931	0.000000	0.000028	69416.033010	205.3
1	104074.672419	0.000000	0.000028	45783.142046	3.9
2	55933.231089	0.000000	0.000028	27573.874097	5.1
3	35438.638615	0.000000	0.000028	16928.751140	4.0
4	31104.340173	0.000000	0.000028	13703.165984	3.9
5	24825.032387	0.000000	0.000028	9446.988754	3.9
6	23322.940080	0.000000	0.000028	7746.224065	4.7
7	22356.321289	0.000000	0.000028	7329.278720	5.3
8	20713.326961	0.000000	0.000028	5943.936506	3.1
9	19424.289204	0.000000	0.000028	5312.134050	4.7
10	18185.747616	0.000000	0.000028	4713.043291	4.8
11	17782.962885	0.000000	0.000028	4420.969691	4.5
12	17463.045244	0.000000	0.000028	4057.810896	3.9
13	17235.566801	0.000000	0.000028	3944.992843	4.2
14	16683.389436	0.000000	0.000028	3733.093628	3.9
15	16666.529019	0.000000	0.000028	3572.260453	4.1
16	16171.688830	0.000000	0.000028	3125.974674	3.9
17	14698.083074	0.000000	0.000028	2985.144251	3.0
18	15223.831371	0.000000	0.000028	2741.144118	2.9
19	15284.470672	0.000000	0.000028	2981.150043	4.3
20	15351.553316	0.000000	0.000028	2541.640543	3.2
21	14427.041593	0.000000	0.000028	2568.048982	4.2
22	14452.965719	0.000000	0.000028	2305.352790	3.1
23	15073.963259	0.000000	0.000028	2412.872472	3.0
24	13963.412983	0.000000	0.000028	1972.377138	4.8
25	14377.871306	0.000000	0.000028	1927.815210	4.6
26	14453.356774	0.000000	0.000028	2011.975324	4.6
27	14315.548459	0.000000	0.000028	1840.339466	5.4
28	14373.944433	0.000000	0.000028	1896.780119	5.1
29	14194.920284	0.000000	0.000028	1613.951415	5.4
30	13790.334181	0.000000	0.000028	1483.780552	3.9
31	13814.070555	0.000000	0.000028	1236.881275	3.2
32	13422.752176	0.000000	0.000028	1173.046426	3.9
33	13418.607390	0.000000	0.000028	1188.181958	3.9
34	13939.187985	0.000000	0.000028	1387.795541	3.4
35	13947.923331	0.000000	0.000028	967.191689	2.9
36	13479.447242	0.000000	0.000028	1270.668669	2.8
37	13126.331871	0.000000	0.000028	1258.429556	2.9
38	13630.304757	0.000000	0.000028	1088.281580	5.5
39	13275.481006	0.000000	0.000028	909.163763	2.7
40	13581.200254	0.000000	0.000028	986.244852	5.1
41	13263.130766	0.000000	0.000028	1019.181030	5.1
42	13043.041848	0.000000	0.000028	1302.692116	5.0
43	13758.498072	0.000000	0.000028	799.564617	4.1
44	13272.420043	0.000000	0.000028	745.975131	4.5
45	13362.746748	0.000000	0.000028	794.163136	4.9
46	13432.652760	0.000000	0.000028	860.772474	4.4
47	12999.398000	0.000000	0.000028	736.781754	3.6
48	12920.418506	0.000000	0.000028	678.171344	3.7
49	13366.941673	0.000000	0.000028	668.005086	3.6
50	13760.830751	0.000000	0.000028	714.573194	3.2
51	13031.653171	0.000000	0.000028	607.443614	3.2
52	13269.079310	0.000000	0.000028	613.402294	6.8
53	13090.495000	0.000000	0.000028	670.161986	3.0
54	13510.442627	0.000000	0.000028	504.191758	5.2
55	13075.900537	0.000000	0.000028	620.368149	5.6
56	13621.000686	0.000000	0.000028	552.692819	4.9
57	13091.182483	0.000000	0.000028	648.450127	5.5
58	13125.407118	0.000000	0.000028	695.170834	4.2
59	13100.723529	0.000000	0.000028	873.553067	3.4
60	12886.841527	0.000000	0.000028	635.009303	2.8
61	13811.159718	0.000000	0.000028	468.389939	6.4
62	13459.798357	0.000000	0.000028	479.764735	5.2
63	12913.116019	0.000000	0.000028	596.559037	4.5
64	13240.323207	0.000000	0.000028	551.082356	4.3
65	13007.814292	0.000000	0.000028	565.825049	4.2
66	13119.857697	0.000000	0.000028	437.293933	3.6
67	13422.377824	0.000000	0.000028	655.499678	3.2
68	13198.418681	0.000000	0.000028	597.087253	3.3
69	12515.499862	0.000000	0.000028	650.513042	4.7
70	13182.525147	0.000000	0.000028	522.343313	3.9
71	13166.955060	0.000000	0.000028	617.751496	3.8
72	12658.956748	0.000000	0.000028	483.845194	3.4
73	12968.610793	0.000000	0.000028	538.065940	2.8
74	13433.228572	0.000000	0.000028	494.292844	2.9
75	13043.524704	0.000000	0.000028	435.736906	3.0
76	12608.680927	0.000000	0.000028	434.206029	2.9
77	12750.958415	0.000000	0.000028	614.153484	2.9
78	13211.860057	0.000000	0.000028	836.390502	2.9
79	12596.538590	0.032927	0.000028	509.405384	3.1
80	13252.580455	0.022787	0.000028	694.246510	2.9
81	12965.561296	0.013099	0.000028	492.857793	3.0
82	12325.227256	0.002965	0.000028	494.770698	3.5
83	12919.859487	0.000000	0.000028	455.806480	4.1
84	12841.059733	0.000000	0.000028	524.939072	2.3
85	12949.209806	0.000000	0.000028	681.063825	4.2
86	12893.677765	0.000000	0.000028	453.036487	4.5
87	13057.651906	0.000000	0.000028	568.155118	4.7
88	12728.181016	0.000000	0.000028	517.579019	3.0
89	12928.986248	0.000000	0.000028	567.278179	2.9
90	12856.552458	0.000000	0.000028	447.196599	2.9
91	13147.315996	0.000000	0.000028	673.670727	3.2
92	13143.271927	0.000000	0.000028	500.891132	6.4
93	12689.855698	0.000000	0.000028	637.495185	5.1
94	12864.909275	0.000000	0.000028	541.694320	5.8
95	13323.583326	0.000000	0.000028	448.432030	5.1
96	12548.480674	0.000000	0.000028	432.667430	4.9
97	13244.184071	0.000000	0.000028	441.865320	5.0
98	12300.292711	0.000000	0.000028	478.373961	5.4
99	12896.023990	0.000000	0.000028	538.328839	5.7
100	12870.148376	0.000000	0.000028	452.841819	3.9
101	12886.787460	0.000000	0.000028	561.404337	4.2
102	12776.743334	0.000000	0.000028	487.302958	3.8
103	13008.864607	0.000000	0.000028	807.493785	4.2
104	12816.551860	0.000000	0.000028	491.440928	3.2
105	13085.783310	0.000000	0.000028	452.555256	3.9
106	13175.165167	0.000000	0.000028	667.509018	5.1
107	12618.259814	0.000000	0.000028	485.426759	3.3
108	13169.574101	0.000000	0.000028	560.311541	3.2
109	13154.901326	0.000000	0.000028	490.213025	2.9
110	13199.308358	0.000000	0.000028	518.293680	6.2
111	13019.167823	0.000000	0.000028	533.879041	4.0
112	12924.915021	0.000000	0.000028	443.465850	2.7
113	13019.695007	0.000000	0.000028	547.774969	4.5
114	12834.643594	0.000000	0.000028	476.291147	4.8
115	12980.570154	0.000000	0.000028	757.620026	5.3
116	13049.084081	0.000000	0.000028	555.017391	5.2
117	12754.576424	0.000000	0.000028	473.020153	5.0
118	12832.762879	0.000000	0.000028	443.994607	5.0
119	13151.411713	0.000000	0.000028	541.759235	6.0
120	12604.577648	0.000000	0.000028	430.665585	2.3
121	12380.269229	0.000000	0.000028	550.078587	2.3
122	12892.398046	0.000000	0.000028	736.617757	4.5
123	12391.152417	0.001792	0.000028	462.189769	2.5
124	12519.214894	0.000000	0.000028	498.200666	4.1
125	12738.172513	0.000000	0.000028	898.879278	5.3
126	12630.756374	0.000000	0.000028	560.219696	2.8
127	12863.626449	0.046851	0.000028	536.654059	2.8
128	12480.626172	0.036722	0.000028	481.565766	4.8
129	12975.595683	0.026668	0.000028	586.017272	3.1
130	13169.896719	0.016545	0.000028	532.947065	3.1
131	12883.342217	0.006413	0.000028	465.887722	3.2
132	12537.103200	0.000000	0.000028	494.219507	3.1
133	12615.596037	0.000000	0.000028	427.874951	4.4
134	12446.558693	0.000000	0.000028	492.496059	2.8
135	12880.279847	0.000000	0.000028	489.466343	2.7
136	12405.595292	0.000000	0.000028	530.285369	2.7
137	12940.757815	0.000000	0.000028	464.568916	3.0
138	12466.011737	0.000000	0.000028	519.318321	4.6
139	12776.601309	0.000000	0.000028	493.596146	5.2
140	12981.279473	0.000000	0.000028	569.845059	4.8
141	12670.562817	0.000000	0.000028	563.436978	4.8
142	13035.805871	0.000000	0.000028	466.785079	4.8
143	12522.896286	0.000000	0.000028	491.997819	4.5
144	12719.023414	0.000000	0.000028	454.713751	3.7
145	13032.033876	0.000000	0.000028	539.459642	3.6
146	12306.326304	0.000000	0.000028	429.066623	3.4
147	11994.155958	0.000000	0.000028	588.289593	3.2
148	12606.520375	0.000000	0.000028	611.490543	5.9
149	12505.323254	0.000000	0.000028	440.547525	2.8
150	13089.655016	0.000000	0.000028	502.060838	2.8
151	12224.425367	0.000000	0.000028	580.115638	3.8
152	12721.702460	0.000000	0.000028	969.811519	4.8
153	12717.754520	0.243913	0.000028	441.397254	4.7
154	12696.132697	0.233791	0.000028	487.444987	3.6
155	13088.582678	0.223849	0.000028	635.204977	3.7
156	12624.963098	0.213731	0.000028	544.646410	3.6
157	12480.355862	0.203597	0.000028	428.356674	3.6
158	12432.789646	0.193655	0.000028	505.619148	3.7
159	12183.961150	0.183794	0.000028	442.033646	4.7
160	12614.055461	0.174128	0.000028	902.198799	4.8
161	12306.479281	0.163998	0.000028	458.432344	3.9
162	12448.944272	0.160286	0.000028	447.809701	5.1
163	12175.445919	0.150416	0.000028	487.558549	4.9
164	12374.088347	0.140698	0.000028	523.685318	5.0
165	12938.698880	0.131861	0.000028	578.646747	3.7
166	12676.269868	0.121767	0.000028	495.980634	3.9
167	13002.194360	0.111645	0.000028	462.539313	3.8
168	12891.604646	0.101643	0.000028	494.674271	3.0
169	12678.337530	0.091547	0.000028	527.683744	7.2
170	12695.636387	0.082021	0.000028	456.118755	5.1
171	12599.912597	0.071999	0.000028	447.417394	2.9
172	12992.295164	0.061954	0.000028	524.213475	2.8
173	12542.537691	0.051951	0.000028	491.319191	3.0
174	12613.305627	0.041842	0.000028	678.988048	2.9
175	12281.715947	0.031741	0.000028	845.788863	3.1
176	12151.274204	0.602359	0.000028	431.345669	3.8
177	12327.100514	0.592601	0.000028	510.924068	2.4
178	12542.351122	0.582648	0.000028	469.257757	6.1
179	12489.406301	0.572643	0.000028	440.387410	2.5
180	12425.744899	0.562652	0.000028	476.022159	2.6
181	12183.382919	0.552686	0.000028	466.759344	4.7
182	13094.067829	0.542649	0.000028	626.244615	3.8
183	12270.750141	0.533288	0.000028	630.443062	2.7
184	12653.353322	0.539335	0.000028	506.249994	2.8
185	12658.277429	0.529715	0.000028	479.951386	3.2
186	12312.523002	0.519603	0.000028	545.396124	5.1
187	12541.541570	0.509659	0.000028	528.889753	3.5
188	12975.682410	0.499608	0.000028	450.528185	3.4
189	12363.234107	0.489796	0.000028	585.146897	3.4
190	12790.231961	0.479782	0.000028	471.611962	3.2
191	12382.081731	0.469671	0.000028	513.580836	3.9
192	12309.524422	0.459929	0.000028	657.507695	2.8
193	12563.876156	0.449795	0.000028	434.939559	3.5
194	12775.395246	0.439706	0.000028	590.380054	5.4
195	12827.033790	0.429619	0.000028	498.736726	4.3
196	12619.958796	0.419796	0.000028	533.352967	6.3
197	12078.224173	0.409728	0.000028	493.392804	4.6
198	12541.263048	0.399691	0.000028	1071.230923	4.5
199	12599.221914	0.392552	0.000028	457.701924	3.9
200	12577.578015	0.384142	0.000028	538.306722	3.8
201	12053.650217	0.374275	0.000028	461.182587	4.9
202	12017.704579	0.364453	0.000028	466.700115	4.8
203	12270.955985	0.354473	0.000028	431.729094	4.8
204	12097.190760	0.344616	0.000028	434.394865	3.9
205	12560.573597	0.334691	0.000028	482.253660	3.6
206	12629.643362	0.324683	0.000028	519.783315	3.5
207	11724.139339	0.314777	0.000028	463.289718	4.8
208	12208.541049	0.304731	0.000028	544.592705	3.2
209	12815.495238	0.294863	0.000028	477.372545	3.0
210	12570.459116	0.285248	0.000028	445.503095	4.5
211	12820.402267	0.275175	0.000028	553.348395	9.3
212	12693.634024	0.265073	0.000028	433.198388	3.9
213	11699.270074	0.255051	0.000028	487.096323	3.5
214	12069.426017	0.245084	0.000028	483.453791	3.2
215	12343.888755	0.234977	0.000028	543.658680	4.8
216	11960.729759	0.225800	0.000028	696.162932	3.5
217	12344.171753	0.222379	0.000028	537.453374	5.1
218	12470.269504	0.223936	0.000028	544.136019	3.4
219	11928.301696	0.215612	0.000028	430.983777	2.3
220	12074.679674	0.205517	0.000028	485.029508	4.5
221	12159.081645	0.195455	0.000028	699.737123	4.9
222	12169.816139	0.185336	0.000028	438.558005	5.6
223	12596.499754	0.175223	0.000028	483.411909	2.6
224	12418.386017	0.165324	0.000028	598.680151	4.5
225	12727.300331	0.155197	0.000028	614.595651	5.3
226	12239.479182	0.152923	0.000028	458.526981	5.1
227	12267.751333	0.142805	0.000028	432.226060	5.2
228	12291.568512	0.132768	0.000028	468.843437	4.0
229	11805.660239	0.122713	0.000028	529.605305	4.9
230	12126.112372	0.113561	0.000028	552.845201	4.4
231	12124.719570	0.103432	0.000028	822.989987	4.1
232	11932.742813	0.093290	0.000028	611.212973	3.9
233	12109.187979	0.399717	0.000028	552.122712	3.4
234	12371.448493	0.400455	0.000028	506.825030	3.2
235	12198.337805	0.390329	0.000028	431.997224	4.0
236	12101.217066	0.380375	0.000028	490.438624	3.2
237	12328.814297	0.370370	0.000028	499.654735	3.2
238	12570.825803	0.360569	0.000028	715.289687	3.3
239	12470.538123	0.352514	0.000028	547.464133	3.3
240	12336.928896	0.354055	0.000028	581.873972	4.7
241	12135.719403	0.343918	0.000028	877.290841	2.7
242	12160.828167	0.333776	0.000028	899.763744	2.6
243	11732.127897	1.330713	0.000027	593.170326	2.6
244	12111.942867	1.355861	0.000027	452.145918	2.8
245	12129.428324	1.345754	0.000027	472.817294	3.5
246	12329.139925	1.336050	0.000027	463.887119	2.8
247	11903.613304	1.325974	0.000027	547.912259	6.2
248	12295.607364	1.316718	0.000027	423.073158	5.0
249	12322.600829	1.306758	0.000027	427.731731	4.9
250	11641.648981	1.296751	0.000027	536.517130	4.7
251	11491.187335	1.286790	0.000027	552.869564	6.1
252	12533.240427	1.279095	0.000027	493.179390	3.0
253	11906.121908	1.269092	0.000027	504.030008	2.9
254	12404.976584	1.259399	0.000027	470.062290	3.0
255	12399.462890	1.249330	0.000027	460.708247	3.3
256	11858.668176	1.239365	0.000027	506.182760	5.8
257	11784.257181	1.229574	0.000027	481.327315	3.6
258	11787.657813	1.220099	0.000027	546.928096	5.0
259	12403.819839	1.209983	0.000027	484.260224	5.1
260	12335.846224	1.199872	0.000027	420.404041	5.9
261	12287.578326	1.189857	0.000027	471.986941	4.0
262	12084.698184	1.179864	0.000027	762.943739	4.2
263	11891.685455	1.170151	0.000027	788.540320	3.4
264	12330.904753	1.160008	0.000027	537.142710	2.9
265	12152.677583	1.159542	0.000027	552.337819	2.5
266	12125.778480	1.149410	0.000027	479.295933	3.9
267	12040.806897	1.139298	0.000027	540.432510	4.4
268	12333.739503	1.129455	0.000027	416.391429	3.3
269	12192.250762	1.119427	0.000027	503.276439	6.2
270	12021.938824	1.109488	0.000027	485.644012	5.1
271	11846.823910	1.099453	0.000027	429.466955	2.8
272	11623.772946	1.089658	0.000027	444.079297	5.6
273	11808.714200	1.079713	0.000027	509.737132	4.1
274	12165.986874	1.069649	0.000027	459.038475	2.4
275	11633.289064	1.059554	0.000027	425.318798	4.8
276	11943.234218	1.049634	0.000027	484.622124	2.8
277	12062.035707	1.039581	0.000027	448.059616	5.1
278	12274.205301	1.029643	0.000027	494.843037	4.2
279	12028.162032	1.019601	0.000027	733.800680	4.3
280	11898.838571	1.014919	0.000027	539.775572	4.9
281	12098.380527	1.026797	0.000027	492.427243	6.2
282	12529.519411	1.017599	0.000027	717.931671	3.5
283	11763.833988	1.008169	0.000027	518.285249	3.6
284	11554.022411	1.005283	0.000027	521.702111	3.3
285	12146.080924	0.997997	0.000027	471.567430	3.2
286	12018.696783	0.987892	0.000027	594.392739	5.3
287	11782.185666	0.978434	0.000027	438.219439	4.1
288	12099.909143	0.968361	0.000027	544.208956	2.9
289	11932.213023	0.958538	0.000027	434.047418	3.0
290	12069.364914	0.948482	0.000027	471.794342	4.4
291	11750.062581	0.938451	0.000027	443.056177	3.9
292	12075.420916	0.928620	0.000027	466.567466	3.3
293	12000.282840	0.918645	0.000027	449.237674	4.6
294	11683.758196	0.908579	0.000027	555.376580	3.3
295	12163.562700	0.898840	0.000027	461.274975	3.0
296	11913.217624	0.889689	0.000027	592.972305	3.0
297	12026.535479	0.879585	0.000027	422.809948	5.3
298	11878.225885	0.869579	0.000027	556.051842	3.0
299	11895.266237	0.859634	0.000027	431.205259	5.1
300	11392.536067	0.849685	0.000027	409.207159	3.0
301	11761.360501	0.839698	0.000027	450.320537	3.0
302	11085.540810	0.829711	0.000027	452.681012	4.5
303	12063.529453	0.819798	0.000027	552.855162	3.0
304	12102.659288	0.810150	0.000027	632.963974	3.4
305	11822.745963	0.800012	0.000027	628.717587	5.2
306	11606.191707	0.789871	0.000027	548.750210	6.4
307	11971.964297	0.783966	0.000027	452.287595	6.8
308	11669.558874	0.773876	0.000027	428.751229	6.5
309	11577.872032	0.763922	0.000027	732.673018	5.4
310	12127.969406	0.755124	0.000027	540.757032	5.2
311	11935.826227	0.744985	0.000027	493.857726	5.0
312	12126.311046	0.735816	0.000027	546.387669	4.8
313	11871.634165	0.726348	0.000027	497.162403	4.0
314	12030.284630	0.717286	0.000027	661.627116	5.4
315	11786.408456	0.711987	0.000027	660.011731	3.9
316	11657.206459	0.789976	0.000027	526.641577	4.2
317	11975.628384	0.779842	0.000027	472.278997	5.1
318	11535.312045	0.769775	0.000027	451.984254	5.5
319	11589.201167	0.759726	0.000027	573.260961	3.3
320	11909.877154	0.749982	0.000027	554.306568	3.1
321	11927.542908	0.739849	0.000027	606.675256	3.1
322	11566.575304	0.739471	0.000027	451.029322	3.5
323	12152.106184	0.729361	0.000027	596.800694	4.0
324	11709.555302	0.720233	0.000027	414.187940	2.8
325	11895.045799	0.710271	0.000027	532.285533	3.2
326	11590.175613	0.700239	0.000027	414.535617	5.4
327	11529.411514	0.690426	0.000027	619.638382	3.9
328	11623.779245	0.680517	0.000027	578.579017	3.8
329	11854.574553	0.686221	0.000027	469.629835	3.8
330	11735.658135	0.676106	0.000027	430.567126	3.2
331	12030.864679	0.666255	0.000027	452.743256	4.9
332	11825.989383	0.656310	0.000027	513.989833	4.4
333	11419.655077	0.646449	0.000027	411.597315	4.0
334	11686.355366	0.636428	0.000027	616.936551	5.2
335	12474.192993	0.626398	0.000027	489.600072	4.5
336	11910.238035	0.616298	0.000027	838.113342	4.3
337	12119.535802	0.606309	0.000028	463.520433	4.0
338	11700.759692	0.596237	0.000028	498.335642	5.8
339	11563.311287	0.586290	0.000028	582.701037	3.5
340	11892.118892	0.579223	0.000028	503.581891	4.9
341	11872.380542	0.570119	0.000028	443.570632	5.2
342	11895.091003	0.560293	0.000028	431.535026	5.2
343	11372.345741	0.550361	0.000028	420.173781	4.2
344	12079.457757	0.540512	0.000028	458.319536	5.1
345	11456.879018	0.530642	0.000028	403.790982	4.9
346	11913.413527	0.520649	0.000028	473.469709	5.0
347	11843.927932	0.510726	0.000028	498.340669	4.1
348	11507.460048	0.500806	0.000028	579.234215	3.7
349	11272.313668	0.491069	0.000028	599.498065	3.7
350	11367.914933	0.480933	0.000028	454.808709	3.6
351	11609.468865	0.473171	0.000028	462.671845	5.1
352	12170.751920	0.463118	0.000028	550.312831	5.0
353	11850.949132	0.454074	0.000028	618.536300	4.8
354	11711.196855	0.443938	0.000028	569.568049	3.6
355	11495.528047	0.438257	0.000028	627.721366	3.9
356	11997.633867	0.428116	0.000028	436.023517	4.2
357	11543.873985	0.418032	0.000028	657.090706	3.2
358	11477.919715	0.408324	0.000028	523.106809	4.8
359	11819.792823	0.398191	0.000028	430.773349	3.0
360	11836.121773	0.388177	0.000028	493.430663	3.0
361	11663.433094	0.378200	0.000028	419.275679	3.0
362	11356.206344	0.368213	0.000028	587.724165	4.8
363	11776.492408	0.358460	0.000028	457.591224	5.7
364	11426.823590	0.348355	0.000028	456.083450	4.1
365	11273.157788	0.338617	0.000028	443.985338	5.2
366	11432.091202	0.328647	0.000028	530.104265	4.0
367	11763.324075	0.318607	0.000028	482.274060	3.5
368	11367.448776	0.309161	0.000028	466.299313	4.0
369	11754.679449	0.299068	0.000028	575.569215	2.9
370	11378.181136	0.290776	0.000028	985.490365	2.8
371	11651.362409	0.280633	0.000028	481.458411	5.0
372	11774.734320	0.276579	0.000028	563.252054	3.6
373	11895.150528	0.266461	0.000028	422.571571	4.8
374	11521.698048	0.256428	0.000028	496.182317	3.5
375	11692.648717	0.246407	0.000028	485.641445	4.9
376	11674.220290	0.237017	0.000028	633.628545	4.8
377	11648.165184	0.228856	0.000028	437.205002	4.6
378	11758.400991	0.218875	0.000028	745.426823	4.8
379	11174.184370	0.208876	0.000028	399.926599	5.0
380	11576.408109	0.198976	0.000028	421.630548	4.2
381	11538.176206	0.189015	0.000028	637.512915	4.2
382	11598.439128	0.179049	0.000028	435.576032	3.4
383	11789.394520	0.169751	0.000028	611.773702	4.6
384	11968.657212	0.159647	0.000028	473.748543	3.4
385	11225.204706	0.150794	0.000028	431.942526	3.3
386	11669.464814	0.140756	0.000028	440.091639	5.1
387	12015.410096	0.130857	0.000028	438.846888	4.9
388	11718.823118	0.120858	0.000028	434.810769	5.2
389	11725.059363	0.110837	0.000028	505.799701	5.1
390	11444.679117	0.101059	0.000028	663.240742	4.4
391	11665.501601	0.094814	0.000028	619.204885	5.3
392	11437.479662	0.084672	0.000028	590.720410	3.8
393	11368.826971	0.092723	0.000028	620.627937	3.7
394	11778.491476	0.095861	0.000028	708.026336	3.7
395	11227.216042	0.096511	0.000028	523.043089	3.1
396	11228.080411	0.086391	0.000028	440.301956	3.1
397	11199.060442	0.076553	0.000028	682.116684	3.3
398	11685.076171	0.066428	0.000028	458.335719	2.9
399	11435.127468	0.056455	0.000028	453.723289	3.0
400	11724.630900	0.046749	0.000028	614.303956	4.1
401	11291.888146	0.037323	0.000028	417.209126	4.7
402	11391.892941	0.027245	0.000028	519.105970	4.8
403	11852.033828	0.017183	0.000028	446.727444	3.8
404	11499.149787	0.007419	0.000028	603.691069	3.6
405	11212.244158	0.000000	0.000028	452.166555	3.6
406	11542.095917	0.000000	0.000028	442.581678	3.1
407	11601.127562	0.000000	0.000028	540.401832	3.0
408	11668.635451	0.000000	0.000028	518.219656	4.5
409	11391.761236	0.000000	0.000028	466.781535	2.5
410	11503.603683	0.000000	0.000028	445.078008	2.6
411	11229.857122	0.000000	0.000028	518.596676	2.5
412	11344.289950	0.000000	0.000028	454.469277	5.8
413	11363.289144	0.000000	0.000028	557.896361	3.0
414	11702.415702	0.000000	0.000028	410.688885	5.5
415	11562.438367	0.000000	0.000028	497.918838	4.7
416	11319.843574	0.000000	0.000028	405.712584	4.6
417	11534.132461	0.000000	0.000028	486.108353	4.1
418	11213.726439	0.000000	0.000028	522.469000	6.0
419	11540.233244	0.000000	0.000028	432.028353	3.5
420	11504.534223	0.000000	0.000028	516.496079	5.6
421	11455.361880	0.000000	0.000028	648.489944	5.3
422	11380.430151	0.000000	0.000028	432.392360	4.4
423	11115.059452	0.000000	0.000028	399.907150	5.4
424	11277.832737	0.000000	0.000028	461.287072	5.3
425	11185.712772	0.000000	0.000028	539.088780	3.9
426	11181.394903	0.000000	0.000028	419.880720	4.2
427	11029.971836	0.000000	0.000028	535.444039	3.5
428	11390.573648	0.000000	0.000028	448.616413	3.3
429	10765.793349	0.000000	0.000028	464.281540	5.1
430	11307.051721	0.000000	0.000028	472.714152	5.1
431	10948.137167	0.000000	0.000028	494.196177	3.2
432	11158.665486	0.000000	0.000028	805.935968	3.4
433	11024.665909	0.010520	0.000028	507.332070	3.3
434	11903.657644	0.000379	0.000028	561.023785	3.2
435	11677.273274	0.000000	0.000028	476.012306	4.6
436	11452.317230	0.000000	0.000028	586.648977	2.9
437	10997.185673	0.000000	0.000028	667.133876	3.1
438	10749.754750	0.000000	0.000028	630.998388	3.1
439	11237.275703	0.120982	0.000028	464.328583	4.8
440	11411.762466	0.110867	0.000028	424.606212	3.3
441	11883.681647	0.100908	0.000028	532.645759	3.5
442	11625.527409	0.090883	0.000028	520.167035	5.1
443	11548.103202	0.081287	0.000028	446.207578	3.0
444	11460.517099	0.071210	0.000028	444.788750	2.9
445	10772.032746	0.061294	0.000028	411.375641	5.5
446	11313.559044	0.051487	0.000028	438.077586	4.6
447	11072.123968	0.041529	0.000028	414.154243	6.7
448	11369.205862	0.031526	0.000028	423.527969	7.5
449	11139.344554	0.021630	0.000028	502.699817	5.1
450	11214.812932	0.011583	0.000028	617.846354	4.5
451	11126.994361	0.007343	0.000028	491.300117	8.1
452	10887.866737	0.000000	0.000028	532.717608	4.3
453	10954.774537	0.000000	0.000028	419.572277	7.3
454	10942.094235	0.000000	0.000028	438.719411	5.1
455	11104.093869	0.000000	0.000028	526.561322	5.2
456	11368.537260	0.000000	0.000028	451.882760	4.0
457	11105.683912	0.000000	0.000028	724.001656	4.4
458	11297.266060	0.000000	0.000028	422.019773	3.6
459	11308.009898	0.000000	0.000028	418.827107	3.6
460	11112.864969	0.000000	0.000028	465.463183	3.5
461	11438.302482	0.000000	0.000028	465.337626	3.5
462	10718.197870	0.000000	0.000028	414.875656	3.3
463	10919.759186	0.000000	0.000028	432.225882	3.3
464	11122.508625	0.000000	0.000028	549.909243	3.9
465	11065.844348	0.000000	0.000028	477.625419	2.9
466	11020.722320	0.000000	0.000028	412.722380	2.8
467	11161.481390	0.000000	0.000028	562.590258	4.7
468	11346.394905	0.000000	0.000028	443.687445	2.8
469	11190.263926	0.000000	0.000028	429.817742	2.6
470	11063.887869	0.000000	0.000028	474.888296	4.6
471	11343.156491	0.000000	0.000028	453.140388	2.8
472	11540.107950	0.000000	0.000028	630.897807	3.7
473	11361.868491	0.000000	0.000028	438.459521	4.9
474	10870.484139	0.000000	0.000028	577.950160	3.3
475	11528.599029	0.000000	0.000028	494.915651	3.7
476	11052.738177	0.000000	0.000028	504.568546	3.9
477	11368.522078	0.000000	0.000028	552.195943	3.9
478	11104.875074	0.000000	0.000028	732.103650	5.2
479	11022.394131	0.000000	0.000028	504.207345	5.1
480	11093.435267	0.014047	0.000028	410.027234	4.5
481	10851.019551	0.004093	0.000028	470.958995	4.2
482	11121.960127	0.000000	0.000028	409.711270	2.9
483	10875.113400	0.000000	0.000028	616.204497	4.4
484	11162.369668	0.000000	0.000028	455.235699	4.7
485	11340.685399	0.000000	0.000028	506.355101	4.7
486	11000.500095	0.000000	0.000028	410.669773	5.0
487	11253.641280	0.000000	0.000028	452.248059	3.9
488	11080.538882	0.000000	0.000028	624.647518	3.9
489	10845.437039	0.000000	0.000028	440.552194	3.6
490	10937.651688	0.000000	0.000028	413.121323	3.5
491	11190.951870	0.000000	0.000028	406.204744	3.4
492	11190.794731	0.000000	0.000028	485.339598	2.9
493	11111.568834	0.000000	0.000028	632.727942	7.3
494	11079.149636	0.000000	0.000028	487.479799	3.2
495	10867.146443	0.000000	0.000028	446.739914	3.4
496	11088.814172	0.000000	0.000028	537.006108	3.1
497	10835.110298	0.000000	0.000028	410.576048	3.6
498	10933.763684	0.000000	0.000028	481.263225	4.1
499	10951.451188	0.000000	0.000028	469.638627	5.6
500	11086.551176	0.000000	0.000028	491.642925	2.2
501	11271.745283	0.000000	0.000028	487.323430	2.2
502	11019.436676	0.000000	0.000028	458.479468	3.7
503	10848.596659	0.000000	0.000028	481.391881	3.3
504	11378.217953	0.000000	0.000028	459.881013	4.6
505	11290.002197	0.000000	0.000028	520.552852	4.0
506	10948.958601	0.000000	0.000028	558.936843	3.2
507	10945.581051	0.000000	0.000028	498.249026	3.1
508	10682.801487	0.000000	0.000028	529.615859	4.7
509	10954.304565	0.000000	0.000028	435.631809	4.3
510	10804.910862	0.000000	0.000028	498.967932	3.7
511	10837.852137	0.000000	0.000028	423.965697	3.6
512	10712.548957	0.000000	0.000028	515.731777	3.3
513	11002.263419	0.000000	0.000028	528.504459	2.8
514	11205.721488	0.000000	0.000028	497.679986	3.0
515	10914.954099	0.000000	0.000028	454.995232	4.0
516	10823.506738	0.000000	0.000028	766.381617	2.2
517	10756.251376	0.000000	0.000028	572.853002	2.9
518	11246.820859	0.010020	0.000028	505.251580	4.0
519	10936.862331	0.000000	0.000028	612.060416	4.6
520	10780.530752	0.000000	0.000028	483.805532	3.6
521	11353.345858	0.000000	0.000028	486.793462	5.4
522	10681.820049	0.000000	0.000028	437.228286	5.0
523	10827.517401	0.000000	0.000028	519.616387	4.2
524	10858.045363	0.000000	0.000028	476.298869	4.0
525	10691.241140	0.000000	0.000028	400.571858	4.0
526	10967.558662	0.000000	0.000028	494.643941	3.1
527	10861.443601	0.000000	0.000028	767.733111	3.1
528	10876.142527	0.012085	0.000028	504.438614	3.4
529	10999.207741	0.001945	0.000028	695.615228	5.1
530	11191.700512	0.000633	0.000028	505.513628	6.3
531	10783.336594	0.000617	0.000028	422.809266	5.2
532	10843.244488	0.000000	0.000028	450.563911	5.0
533	11134.807924	0.000000	0.000028	471.728183	5.3
534	10939.830931	0.000000	0.000028	416.062335	5.3
535	10738.730335	0.000000	0.000028	416.306916	4.8
536	10900.030746	0.000000	0.000028	462.511723	4.8
537	10587.922209	0.000000	0.000028	539.768322	4.1
538	10882.065318	0.000000	0.000028	430.265927	4.2
539	10485.780079	0.000000	0.000028	586.165572	4.1
540	10917.264709	0.000000	0.000028	444.229621	4.3
541	10795.285053	0.000000	0.000028	744.689275	3.8
542	10431.659196	0.000000	0.000028	443.128274	3.6
543	11115.788054	0.000000	0.000028	455.878318	3.6
544	10866.627931	0.000000	0.000028	503.481042	2.8
545	10742.486007	0.000000	0.000028	402.965204	5.0
546	10919.223981	0.000000	0.000028	476.885902	3.0
547	11044.105818	0.000000	0.000028	604.678644	2.7
548	10644.010493	0.000000	0.000028	410.665888	3.2
549	10664.039411	0.000000	0.000028	561.217924	2.7
550	11026.831718	0.000000	0.000028	434.937003	5.1
551	10468.341333	0.000000	0.000028	413.730664	4.4
552	10635.343363	0.000000	0.000028	427.042946	2.4
553	10829.767277	0.000000	0.000028	407.446928	2.9
554	10844.832168	0.000000	0.000028	431.128588	3.6
555	10632.989993	0.000000	0.000028	601.276569	4.9
556	10792.093957	0.000000	0.000028	407.389423	3.1
557	11207.915280	0.000000	0.000028	564.684355	3.0
558	10820.381360	0.000000	0.000028	466.920149	5.5
559	10985.617375	0.000000	0.000028	638.263109	3.5
560	10299.123309	0.000000	0.000028	438.364752	3.2
561	10659.345905	0.000000	0.000028	508.971102	3.7
562	10525.205852	0.000000	0.000028	464.305507	3.7
563	10453.329594	0.000000	0.000028	551.444911	3.5
564	10627.079095	0.000000	0.000028	390.901741	2.8
565	10687.607865	0.000000	0.000028	457.606320	4.7
566	10712.147588	0.000000	0.000028	500.571727	3.0
567	11079.192125	0.000000	0.000028	724.427014	4.8
568	11016.081981	0.000000	0.000028	527.367839	5.0
569	10419.101129	0.000000	0.000028	670.972629	5.5
570	10708.040565	0.013098	0.000028	411.386029	3.5
571	10737.304450	0.003024	0.000028	423.723968	5.1
572	10893.662467	0.000000	0.000028	589.041579	5.3
573	10823.392669	0.000000	0.000028	657.186540	4.6
574	11224.901443	0.000000	0.000028	514.568845	4.8
575	10930.467325	0.000000	0.000028	459.821756	4.1
576	11014.508313	0.000000	0.000028	422.779157	7.2
577	10587.533925	0.000000	0.000028	443.811649	3.6
578	11264.854203	0.000000	0.000028	426.337506	3.6
579	10501.213008	0.000000	0.000028	543.508039	4.5
580	11135.768929	0.000000	0.000028	418.357842	3.7
581	10479.555345	0.000000	0.000028	554.820436	3.6
582	10646.792284	0.000000	0.000028	393.261599	4.9
583	10245.358375	0.000000	0.000028	430.785071	4.2
584	10434.117966	0.000000	0.000028	411.477630	5.7
585	10598.867823	0.000000	0.000028	457.675917	4.6
586	10800.378630	0.000000	0.000028	415.922529	4.2
587	10347.431736	0.000000	0.000028	387.894790	5.3
588	10840.231801	0.000000	0.000028	517.830283	4.1
589	10638.312800	0.000000	0.000028	531.744637	4.6
590	10863.552901	0.000000	0.000028	430.024191	3.6
591	10525.307881	0.000000	0.000028	513.590393	3.6
592	10348.059103	0.000000	0.000028	497.825032	3.6
593	10764.200400	0.000000	0.000028	469.964548	3.0
594	10787.043622	0.000000	0.000028	402.092690	5.0
595	10632.200728	0.000000	0.000028	389.265869	6.0
596	10540.971554	0.000000	0.000028	456.826861	3.6
597	10565.394612	0.000000	0.000028	432.007913	3.5
598	10755.647993	0.000000	0.000028	597.617068	4.8
599	10532.364195	0.000000	0.000028	460.909375	4.0
600	10896.681951	0.000000	0.000028	411.414010	3.2
601	10322.064450	0.000000	0.000028	577.325186	4.9
602	10569.613511	0.000000	0.000028	406.041867	4.2
603	10733.850083	0.000000	0.000028	495.788733	7.1
604	10399.145532	0.000000	0.000028	414.580060	5.5
605	10391.620177	0.000000	0.000028	606.723832	5.4
606	10755.231131	0.000000	0.000028	520.809633	4.2
607	10299.587427	0.000000	0.000028	468.903259	3.4
608	10363.470612	0.000000	0.000028	391.109228	3.6
609	10424.025706	0.000000	0.000028	402.396275	5.3
610	10548.926565	0.000000	0.000028	704.207489	4.6
611	11064.035971	0.000000	0.000028	466.977515	4.6
612	10168.042584	0.000000	0.000028	486.991360	4.7
613	10285.028764	0.000000	0.000028	395.569085	3.2
614	10314.893396	0.000000	0.000028	429.852731	3.2
615	10358.393199	0.000000	0.000028	451.873435	3.3
616	10666.719250	0.000000	0.000028	737.445195	3.1
617	10808.569103	0.000000	0.000028	704.506127	3.4
618	10583.541839	0.027681	0.000028	405.102375	5.1
619	10375.606734	0.017695	0.000028	453.571008	2.8
620	10549.586402	0.007899	0.000028	439.949923	3.0
621	10573.940420	0.000000	0.000028	593.732026	4.9
622	10319.518416	0.000000	0.000028	600.647610	4.8
623	10715.055045	0.000000	0.000028	515.052769	4.0
624	10329.109737	0.000000	0.000028	442.284256	4.4
625	10477.340827	0.000000	0.000028	447.444075	4.3
626	10511.446419	0.000000	0.000028	446.581804	3.4
627	10639.250276	0.000000	0.000028	409.790543	4.1
628	10188.860291	0.000000	0.000028	410.205176	6.3
629	10488.579107	0.000000	0.000028	428.254960	3.1
630	10356.811889	0.000000	0.000028	393.665996	3.0
631	10304.189343	0.000000	0.000028	424.830343	3.2
632	10710.845810	0.000000	0.000028	432.431692	5.7
633	10345.981237	0.000000	0.000028	433.123433	4.9
634	10704.281134	0.000000	0.000028	528.838189	4.6
635	10320.357417	0.000000	0.000028	457.702369	3.0
636	10575.976519	0.000000	0.000028	487.212592	3.8
637	10170.343475	0.000000	0.000028	556.792197	3.4
638	10392.363376	0.000000	0.000028	449.840319	3.2
639	10699.044951	0.000000	0.000028	567.913104	3.6
640	10744.603525	0.000000	0.000028	543.092352	3.3
641	10015.875738	0.000000	0.000028	394.697992	3.1
642	10589.422435	0.000000	0.000028	545.253700	5.1
643	10244.449395	0.000000	0.000028	415.777232	3.1
644	10486.311183	0.000000	0.000028	548.738741	3.1
645	10513.302831	0.000000	0.000028	778.862641	7.4
646	10435.714979	0.019278	0.000028	468.231039	5.1
647	10439.848854	0.019905	0.000028	484.797259	5.4
648	10634.722515	0.009809	0.000028	416.279028	5.3
649	10414.318383	0.000000	0.000028	390.878708	6.4
650	10495.120546	0.000000	0.000028	639.486988	4.0
651	10534.191757	0.000000	0.000028	429.379127	4.0
652	9890.928518	0.000000	0.000028	398.715605	4.9
653	10405.808102	0.000000	0.000028	466.656022	5.3
654	10655.636814	0.000000	0.000028	509.879352	7.1
655	10258.028865	0.000000	0.000028	496.500178	5.8
656	10348.104770	0.000000	0.000028	433.622100	5.5
657	10358.786441	0.000000	0.000028	473.007811	4.5
658	10217.546987	0.000000	0.000028	462.916841	6.4
659	10188.157223	0.000000	0.000028	479.947046	5.1
660	9752.891197	0.000000	0.000028	469.595580	6.0
661	9875.083817	0.000000	0.000028	383.616728	6.0
662	10396.361193	0.000000	0.000028	452.587153	4.9
663	10227.412729	0.000000	0.000028	549.602166	5.3
664	10327.831691	0.000000	0.000028	488.511657	5.0
665	10371.366940	0.000000	0.000028	385.201765	5.2
666	10130.725560	0.000000	0.000028	454.314896	4.1
667	10330.363893	0.000000	0.000028	465.325605	5.1
668	10509.980186	0.000000	0.000028	504.203341	4.0
669	10470.799114	0.000000	0.000028	576.611729	6.3
670	10500.703385	0.000000	0.000028	515.469991	5.6
671	10498.293574	0.000000	0.000028	566.650342	7.0
672	10076.317417	0.000000	0.000028	404.473882	5.2
673	10296.213223	0.000000	0.000028	538.246427	5.0
674	10592.616125	0.000000	0.000028	568.909314	4.3
675	10173.078723	0.000000	0.000028	461.473487	4.9
676	10360.583755	0.000000	0.000028	429.837837	4.0
677	10167.193601	0.000000	0.000028	432.423840	3.4
678	10385.020975	0.000000	0.000028	485.655743	3.2
679	10718.272430	0.000000	0.000028	456.210941	2.8
680	10039.251465	0.000000	0.000028	394.015411	2.8
681	10193.034248	0.000000	0.000028	388.977209	4.5
682	10480.553560	0.000000	0.000028	395.496591	4.5
683	10361.236154	0.000000	0.000028	493.475652	4.9
684	10141.838730	0.000000	0.000028	698.126598	2.5
685	10125.796558	0.000000	0.000028	428.022660	2.6
686	10364.542067	0.000000	0.000028	406.779220	4.6
687	10371.148733	0.000000	0.000028	519.001044	2.8
688	10588.835780	0.000000	0.000028	444.820878	3.9
689	10090.877260	0.000000	0.000028	393.332773	2.9
690	10070.869411	0.000000	0.000028	416.529508	6.1
691	10166.267405	0.000000	0.000028	514.531189	3.7
692	10339.193728	0.000000	0.000028	401.934738	4.0
693	10060.163170	0.000000	0.000028	411.799253	3.8
694	10346.575325	0.000000	0.000028	468.544931	6.2
695	10102.204769	0.000000	0.000028	423.798424	3.0
696	10217.872499	0.000000	0.000028	761.262331	2.4
697	9889.155441	0.000000	0.000028	380.297382	4.8
698	10119.189056	0.000000	0.000028	470.422575	5.1
699	9944.403712	0.000000	0.000028	388.149397	5.1
700	10087.694909	0.000000	0.000028	491.052415	5.0
701	10190.345096	0.000000	0.000028	524.099299	2.7
702	10441.585217	0.000000	0.000028	448.841463	2.8
703	9851.239399	0.000000	0.000028	470.909082	2.7
704	9876.468806	0.000000	0.000028	401.194801	3.6
705	9996.448224	0.000000	0.000028	385.327343	4.1
706	9845.496269	0.000000	0.000028	452.479582	6.1
707	10113.286528	0.000000	0.000028	610.173787	5.7
708	10078.989902	0.000000	0.000028	494.862983	2.4
709	10306.689596	0.000000	0.000028	553.258254	2.4
710	10307.118599	0.000000	0.000028	409.757683	3.6
711	10020.314772	0.000000	0.000028	394.166533	2.4
712	10008.263267	0.000000	0.000028	413.901417	5.4
713	10148.275472	0.000000	0.000028	473.816966	2.7
714	10134.419268	0.000000	0.000028	635.481411	3.9
715	10105.627594	0.000000	0.000028	518.178078	3.1
716	10236.652067	0.010976	0.000028	477.830049	3.5
717	10184.596389	0.002591	0.000028	502.619727	5.1
718	10180.829593	0.000000	0.000028	428.561711	5.1
719	9923.054019	0.000000	0.000028	430.586170	4.8
720	9951.667896	0.000000	0.000028	480.001552	4.3
721	10217.976183	0.000000	0.000028	410.549865	5.2
722	10396.086483	0.000000	0.000028	632.325994	2.9
723	10227.904187	0.000000	0.000028	396.229060	2.9
724	9984.382383	0.000000	0.000028	426.261833	2.9
725	10194.580358	0.000000	0.000028	459.239706	5.0
726	10319.024334	0.000000	0.000028	460.952765	2.6
727	10154.926496	0.000000	0.000028	424.633215	2.9
728	9939.751265	0.000000	0.000028	698.313396	3.3
729	9926.200883	0.000000	0.000028	839.436631	3.3
730	10304.691647	0.823731	0.000027	549.753623	4.1
731	10042.847422	1.031677	0.000027	425.810427	3.5
732	9996.132610	1.022599	0.000027	423.747760	3.7
733	9917.702792	1.013057	0.000027	398.189851	3.6
734	10004.016068	1.003273	0.000027	529.698819	3.5
735	10256.757819	0.993370	0.000027	441.495853	3.4
736	10064.122420	0.984349	0.000027	507.433894	3.2
737	10052.799002	0.974296	0.000027	488.703542	3.2
738	10100.496886	0.964184	0.000027	478.581203	3.1
739	10142.307709	0.954196	0.000027	431.844397	2.9
740	9748.816521	0.944320	0.000027	405.188917	4.2
741	10248.679722	0.934404	0.000027	498.043390	5.2
742	10217.951262	0.924937	0.000027	405.147521	4.0
743	10435.455026	0.915277	0.000027	429.148238	3.8
744	9830.521268	0.905312	0.000027	398.996738	3.9
745	10086.522692	0.895461	0.000027	403.542959	4.3
746	9919.628173	0.885857	0.000027	397.591634	3.8
747	10155.789186	0.875959	0.000027	449.841421	3.2
748	9940.414874	0.866226	0.000027	507.176919	3.3
749	9739.873286	0.858525	0.000027	470.085070	3.4
750	9668.322904	0.848416	0.000027	426.953660	4.4
751	9807.324959	0.838904	0.000027	409.620377	4.4
752	9846.240940	0.829528	0.000027	415.782852	5.3
753	10132.329143	0.819779	0.000027	725.057378	4.6
754	9742.658313	0.809664	0.000027	520.979468	4.8
755	10015.706576	0.859557	0.000027	478.620367	4.8
756	9601.381135	0.851879	0.000027	376.230948	4.3
757	10121.941644	0.842178	0.000027	473.927513	2.7
758	9849.901080	0.832246	0.000027	549.616360	4.9
759	9874.877830	0.822137	0.000027	469.148298	4.9
760	9806.676333	0.813622	0.000027	383.165303	4.8
761	10001.518851	0.803716	0.000027	533.056465	3.5
762	10011.209539	0.794116	0.000027	579.542036	3.7
763	9733.565714	0.793498	0.000027	434.282051	4.0
764	9885.380376	0.783395	0.000027	478.096361	2.8
765	10115.271931	0.774476	0.000027	549.294021	2.8
766	9765.771386	0.767564	0.000027	410.504603	2.9
767	9958.099663	0.758340	0.000027	606.517390	3.9
768	9911.064991	0.748269	0.000027	445.998092	3.4
769	10001.198123	0.740193	0.000027	398.795611	4.7
770	9850.144614	0.730290	0.000027	410.765027	4.9
771	9947.577520	0.720404	0.000027	544.510208	5.4
772	9751.620879	0.710392	0.000027	576.560573	3.8
773	9601.646070	0.707378	0.000027	392.954737	4.0
774	9785.944706	0.697441	0.000027	390.428967	3.7
775	10316.511139	0.687661	0.000027	406.672445	5.6
776	9620.104598	0.677850	0.000027	400.606348	3.8
777	9815.327119	0.667971	0.000027	424.031510	3.6
778	9881.557463	0.658031	0.000027	502.687843	3.6
779	10069.362679	0.648039	0.000027	463.118830	5.1
780	9690.309533	0.640680	0.000027	610.337221	5.3
781	9889.751749	0.630822	0.000027	402.773471	4.7
782	9971.117668	0.621217	0.000027	453.214763	4.8
783	10143.851790	0.611222	0.000028	518.450080	3.9
784	9795.850962	0.603135	0.000028	413.826389	4.1
785	9536.750865	0.593489	0.000028	416.293297	5.2
786	9772.001002	0.583536	0.000028	405.954890	4.4
787	10010.421290	0.574060	0.000028	407.697760	3.5
788	10149.164731	0.564111	0.000028	448.002810	6.0
789	10108.116982	0.554456	0.000028	422.177070	2.7
790	9583.715755	0.544456	0.000028	394.322265	4.8
791	9784.286088	0.534809	0.000028	408.011423	4.1
792	9450.076501	0.525303	0.000028	382.544336	3.9
793	9646.029605	0.515775	0.000028	427.401877	4.0
794	9869.695278	0.505859	0.000028	395.336395	4.2
795	9758.623374	0.496221	0.000028	396.666648	2.6
796	9795.868573	0.486359	0.000028	385.721977	2.7
797	9671.793913	0.476581	0.000028	641.978824	5.0
798	10144.045386	0.466693	0.000028	405.270717	4.9
799	9743.611815	0.457520	0.000028	698.363713	5.9
800	9695.276555	0.447463	0.000028	385.731321	3.6
801	9821.284566	0.437505	0.000028	436.532027	5.1
802	9803.398204	0.427678	0.000028	384.458007	4.9
803	9926.964590	0.417932	0.000028	416.667030	4.7
804	9447.881193	0.408311	0.000028	417.634964	3.3
805	9390.030269	0.398409	0.000028	420.030129	3.3
806	9844.183738	0.388462	0.000028	409.461438	3.3
807	9601.195277	0.378516	0.000028	454.424323	5.1
808	9537.145231	0.369073	0.000028	419.580753	3.6
809	9924.313238	0.359154	0.000028	424.462671	5.1
810	9518.471206	0.349184	0.000028	390.153310	4.3
811	9703.966958	0.339263	0.000028	402.752375	5.1
812	9760.617622	0.329366	0.000028	387.202884	4.5
813	9786.990359	0.319715	0.000028	514.760517	5.2
814	9942.426343	0.310059	0.000028	406.868473	5.0
815	9672.789237	0.300144	0.000028	404.668512	3.8
816	9748.665616	0.290485	0.000028	468.814477	5.4
817	9642.870357	0.281575	0.000028	491.227028	3.6
818	10083.309285	0.273305	0.000028	427.615224	2.6
819	9807.596335	0.263257	0.000028	454.417104	2.2
820	9614.378551	0.253871	0.000028	416.823354	3.6
821	9851.447494	0.244401	0.000028	461.227935	2.5
822	9407.669449	0.234669	0.000028	403.436905	2.5
823	9986.736843	0.224699	0.000028	483.987848	2.8
824	9580.055698	0.215670	0.000028	425.038153	2.5
825	9897.536419	0.205628	0.000028	404.503374	4.7
826	9920.253307	0.195730	0.000028	394.991670	2.6
827	9855.230598	0.185831	0.000028	426.475390	5.7
828	9953.376391	0.175987	0.000028	399.180744	3.1
829	9577.062871	0.166162	0.000028	432.490564	3.2
830	9559.003205	0.156200	0.000028	430.481975	3.6
831	9569.494223	0.146297	0.000028	540.067630	3.6
832	9578.585011	0.138907	0.000028	434.856128	3.9
833	10129.331771	0.129579	0.000028	410.419166	6.8
834	9561.913484	0.119630	0.000028	561.897496	3.6
835	9410.544409	0.110825	0.000028	398.978488	4.0
836	9488.909008	0.102143	0.000028	509.359195	4.1
837	9630.665424	0.093639	0.000028	404.494033	3.9
838	9880.437970	0.084111	0.000028	548.161615	5.2
839	9470.224481	0.074122	0.000028	397.618181	3.4
840	9108.841381	0.064062	0.000028	367.546606	3.8
841	9600.692128	0.054343	0.000028	469.338706	4.0
842	9955.174943	0.044641	0.000028	605.301123	4.7
843	9902.131302	0.042387	0.000028	424.045601	4.7
844	9529.474607	0.032951	0.000028	379.373927	3.6
845	10081.139832	0.023069	0.000028	461.878652	5.2
846	9680.762661	0.013113	0.000028	710.436865	3.6
847	9383.860092	0.002983	0.000028	529.267191	3.7
848	9471.474436	0.017643	0.000028	653.522934	5.1
849	9653.073630	0.058521	0.000028	586.764409	3.5
850	9715.922352	0.051219	0.000028	511.558226	3.5
851	10123.733326	0.042428	0.000028	405.678388	4.0
852	9403.384430	0.032812	0.000028	463.646786	3.6
853	9794.581529	0.022850	0.000028	414.063474	3.6
854	9456.966168	0.013348	0.000028	453.900149	3.8
855	9935.999577	0.003839	0.000028	399.027622	5.0
856	9489.804144	0.000000	0.000028	492.140668	2.6
857	9436.665692	0.000000	0.000028	608.583143	4.3
858	9326.045707	0.000000	0.000028	520.735512	5.2
859	9579.721142	0.000000	0.000028	640.629010	4.3
860	9619.112717	0.000000	0.000028	538.886660	4.7
861	9380.018169	0.000000	0.000028	505.741217	4.6
862	9419.086554	0.000000	0.000028	456.499169	4.4
863	9927.789780	0.000000	0.000028	473.821699	4.3
864	9512.983531	0.000000	0.000028	393.036767	4.0
865	9654.990650	0.000000	0.000028	610.016474	3.3
866	9339.333398	0.000000	0.000028	401.333416	3.1
867	9512.362222	0.000000	0.000028	464.870060	2.8
868	9476.212424	0.000000	0.000028	374.652896	2.8
869	9051.896816	0.000000	0.000028	381.960349	2.7
870	9400.575749	0.000000	0.000028	491.196243	2.4
871	9398.590758	0.000000	0.000028	590.291862	2.4
872	9396.879877	0.000000	0.000028	617.953459	2.4
873	9668.617858	0.026051	0.000028	455.056235	2.4
874	9838.931991	0.015971	0.000028	472.107148	7.2
875	9285.723523	0.006528	0.000028	394.903013	8.3
876	9440.998846	0.000000	0.000028	391.961343	4.9
877	9818.402333	0.000000	0.000028	407.401343	4.6
878	9445.136116	0.000000	0.000028	390.492287	4.2
879	9729.362907	0.000000	0.000028	585.332841	4.2
880	9100.590102	0.000000	0.000028	500.161546	3.8
881	9525.639231	0.003845	0.000028	461.834772	3.9
882	9402.997053	0.000000	0.000028	386.757072	3.0
883	9550.165279	0.000000	0.000028	385.966812	2.8
884	9316.367325	0.000000	0.000028	404.037646	3.0
885	9438.744327	0.000000	0.000028	449.339114	4.7
886	9441.712521	0.000000	0.000028	453.114876	2.9
887	9418.181097	0.000000	0.000028	437.808709	4.2
888	9476.754189	0.000000	0.000028	388.433790	2.8
889	9287.921627	0.000000	0.000028	683.220010	2.9
890	9442.285734	0.000000	0.000028	443.600489	3.7
891	9626.902516	0.000000	0.000028	425.213694	4.7
892	9336.584676	0.000000	0.000028	447.804237	5.2
893	9002.115311	0.000000	0.000028	491.982423	5.2
894	9593.661240	0.000000	0.000028	457.361345	5.0
895	9111.933214	0.000000	0.000028	461.554157	4.8
896	9673.023517	0.000000	0.000028	389.865719	2.5
897	9356.994572	0.000000	0.000028	384.513400	4.2
898	9370.963059	0.000000	0.000028	454.611424	4.9
899	9455.138433	0.000000	0.000028	376.305617	4.5
900	9737.072797	0.000000	0.000028	735.821839	4.5
901	9661.723278	0.000000	0.000028	442.865315	5.9
902	9468.290484	0.000000	0.000028	381.530205	3.2
903	9396.525610	0.000000	0.000028	443.891628	3.2
904	9177.752952	0.000000	0.000028	446.301819	5.5
905	9384.221952	0.000000	0.000028	877.752486	4.8
906	9320.517871	0.007872	0.000028	470.507602	2.6
907	9438.781911	0.067014	0.000028	389.862679	4.5
908	8774.200601	0.057074	0.000028	390.493026	4.3
909	9397.505246	0.047387	0.000028	492.743353	7.5
910	9320.097164	0.037766	0.000028	586.753350	4.5
911	9607.265315	0.037941	0.000028	491.304503	2.9
912	9232.602235	0.034698	0.000028	372.392181	2.8
913	9307.714145	0.024814	0.000028	379.345787	2.8
914	9251.833306	0.015044	0.000028	445.312310	4.0
915	9363.404643	0.005229	0.000028	370.216859	5.1
916	9350.146063	0.000000	0.000028	382.827392	5.1
917	9381.155245	0.000000	0.000028	384.118950	7.8
918	9335.830721	0.000000	0.000028	415.866363	2.2
919	9122.728128	0.000000	0.000028	437.691323	2.2
920	8939.534936	0.000000	0.000028	446.432591	2.2
921	9383.756902	0.000000	0.000028	505.359976	10.1
922	9121.780970	0.000000	0.000028	419.458444	3.1
923	9535.740821	0.000000	0.000028	415.639791	4.9
924	9262.131298	0.000000	0.000028	444.091282	5.1
925	9247.210516	0.000000	0.000028	725.391231	6.8
926	9204.158472	0.000000	0.000028	435.999607	3.2
927	9749.737596	0.004845	0.000028	534.831573	3.0
928	9204.444021	0.000000	0.000028	391.215779	3.1
929	8908.592623	0.000000	0.000028	498.765948	3.0
930	9208.484704	0.000000	0.000028	372.436900	2.7
931	9187.954932	0.000000	0.000028	391.939012	2.8
932	9057.055459	0.000000	0.000028	385.878210	2.8
933	9183.338536	0.000000	0.000028	421.081694	2.4
934	9297.434663	0.000000	0.000028	531.119414	2.3
935	9237.894837	0.000000	0.000028	461.045574	2.3
936	9013.398987	0.000000	0.000028	526.553284	2.3
937	9093.482076	0.000000	0.000028	628.194235	2.4
938	9343.980546	0.042591	0.000028	399.377678	2.4
939	8702.905603	0.033181	0.000028	400.678783	5.1
940	9441.088778	0.023789	0.000028	393.711800	2.8
941	9334.384239	0.013972	0.000028	442.276803	3.0
942	9484.386003	0.004391	0.000028	394.625668	4.9
943	9368.382792	0.000000	0.000028	524.844072	2.1
944	9342.752537	0.000000	0.000028	452.432381	2.0
945	9413.741185	0.000000	0.000028	545.319028	2.2
946	9318.059632	0.000000	0.000028	375.367517	3.0
947	9228.918875	0.000000	0.000028	468.041600	2.3
948	9173.170038	0.000000	0.000028	440.810616	2.3
949	9064.965127	0.000000	0.000028	439.268286	2.3
950	8983.548712	0.000000	0.000028	494.099925	5.0
951	9103.530958	0.000000	0.000028	401.227188	2.7
952	9491.699951	0.000000	0.000028	599.584504	2.7
953	9116.978324	0.000000	0.000028	425.262946	2.3
954	9149.598447	0.000000	0.000028	423.660713	4.4
955	9473.773643	0.000000	0.000028	689.302823	2.7
956	9747.793782	0.000000	0.000028	415.806944	5.0
957	8912.342614	0.000000	0.000028	511.485763	2.9
958	9196.544277	0.000000	0.000028	449.961873	2.8
959	9540.490906	0.000000	0.000028	408.434538	2.8
960	9078.885465	0.000000	0.000028	459.504805	2.6
961	9099.069475	0.000000	0.000028	551.104974	2.7
962	9028.460610	0.000000	0.000028	368.765191	2.9
963	8838.230148	0.000000	0.000028	353.273199	2.6
964	9234.231122	0.000000	0.000028	388.365352	2.5
965	9139.612118	0.000000	0.000028	559.269977	2.2
966	8963.269485	0.000000	0.000028	419.700076	2.2
967	9012.318147	0.000000	0.000028	399.424161	2.2
968	9090.800728	0.000000	0.000028	362.191768	2.3
969	9260.553396	0.000000	0.000028	446.485660	2.4
970	9240.834343	0.000000	0.000028	371.276884	2.3
971	9207.507735	0.000000	0.000028	570.277875	2.7
972	8868.381091	0.000000	0.000028	389.551401	7.0
973	9016.559062	0.000000	0.000028	468.566662	2.6
974	8710.878533	0.000000	0.000028	374.138249	3.1
975	9017.893823	0.000000	0.000028	454.727525	3.2
976	8986.874066	0.000000	0.000028	418.521153	3.0
977	8970.323088	0.000000	0.000028	399.303349	3.8
978	8897.015775	0.000000	0.000028	558.569570	5.6
979	8869.244853	0.000000	0.000028	399.502760	4.8
980	9209.382437	0.000000	0.000028	569.625674	4.8
981	8895.159625	0.000000	0.000028	497.240090	5.1
982	9309.549380	0.006120	0.000028	398.701357	4.6
983	9247.137684	0.000000	0.000028	375.345275	4.3
984	8780.254882	0.000000	0.000028	415.564058	5.0
985	9118.132225	0.000000	0.000028	426.571819	4.7
986	9480.161760	0.000000	0.000028	471.275604	3.6
987	8942.898619	0.000000	0.000028	444.079569	3.6
988	8935.499771	0.000000	0.000028	483.176097	3.3
989	9037.584372	0.000000	0.000028	453.624423	3.1
990	8818.721740	0.000000	0.000028	376.628842	3.0
991	8953.462849	0.000000	0.000028	409.440600	3.2
992	8827.818489	0.000000	0.000028	372.887314	4.8
993	9244.007952	0.000000	0.000028	432.607487	3.2
994	9184.301026	0.000000	0.000028	368.787918	2.8
995	8859.132770	0.000000	0.000028	390.270234	2.6
996	9117.442904	0.000000	0.000028	827.638148	2.6
997	8858.178990	0.000000	0.000028	382.162382	2.6
998	8816.068197	0.000000	0.000028	400.719201	2.6
999	8718.422629	0.000000	0.000028	357.289958	2.5
1000	8687.484186	0.000000	0.000028	709.436811	2.4
1001	8927.835993	0.000000	0.000028	377.018158	2.5
1002	8787.518910	0.000000	0.000028	412.717642	2.7
1003	9104.870234	0.000000	0.000028	467.715507	2.6
1004	8952.928972	0.000000	0.000028	366.834909	2.8
1005	9090.401654	0.000000	0.000028	509.110312	2.7
1006	8877.553335	0.000000	0.000028	389.483482	2.5
1007	8992.215286	0.000000	0.000028	384.199895	2.5
1008	8855.274657	0.000000	0.000028	596.349242	2.9
1009	8826.091432	0.000000	0.000028	429.900126	4.0
1010	9184.953909	0.000000	0.000028	396.770432	5.1
1011	8811.421090	0.000000	0.000028	373.997658	4.8
1012	9118.805232	0.000000	0.000028	410.191197	4.5
1013	8917.423066	0.000000	0.000028	377.883954	3.5
1014	8696.072707	0.000000	0.000028	399.874280	4.1
1015	8860.389722	0.000000	0.000028	386.046932	4.6
1016	8847.365241	0.000000	0.000028	361.918758	4.8
1017	8958.898032	0.000000	0.000028	372.638700	4.6
1018	8674.769590	0.000000	0.000028	427.332699	3.8
1019	8855.477245	0.000000	0.000028	388.637871	3.5
1020	8828.200137	0.000000	0.000028	561.834393	3.5
1021	8780.711699	0.000000	0.000028	415.815036	3.5
1022	9085.705751	0.000000	0.000028	476.146615	3.6
1023	9218.972737	0.000000	0.000028	483.489914	3.5
1024	9126.769147	0.000000	0.000028	452.740136	2.7
1025	9123.587282	0.000000	0.000028	491.220630	2.7
1026	8922.383740	0.000000	0.000028	452.529462	4.7
1027	8687.626836	0.000000	0.000028	363.663371	4.8
1028	8739.460300	0.000000	0.000028	407.005769	4.8
1029	8839.101358	0.000000	0.000028	827.200687	3.7
1030	8978.639535	0.005454	0.000028	371.637169	3.7
1031	8496.966489	0.000000	0.000028	467.686256	3.7
1032	8868.344721	0.000000	0.000028	397.858082	3.2
1033	8706.811412	0.000000	0.000028	451.706977	3.2
1034	8638.988674	0.000000	0.000028	362.882811	3.2
1035	8735.438968	0.000000	0.000028	393.112343	3.2
1036	9023.392039	0.000000	0.000028	364.487880	3.1
1037	8875.485256	0.000000	0.000028	365.648334	3.1
1038	9581.847878	0.000000	0.000028	497.792126	2.5
1039	8698.186905	0.000000	0.000028	633.002755	2.5
1040	8589.106169	0.000000	0.000028	463.048255	2.6
1041	8718.697712	0.000000	0.000028	436.156459	2.5
1042	8731.784971	0.000000	0.000028	408.560123	2.6
1043	8807.930488	0.000000	0.000028	401.288348	2.7
1044	8909.764337	0.000000	0.000028	372.368047	2.8
1045	8759.826311	0.000000	0.000028	414.501999	2.7
1046	9014.647233	0.000000	0.000028	491.879305	2.6
1047	8641.090804	0.000000	0.000028	460.108078	2.5
1048	8909.888682	0.000000	0.000028	507.747267	2.6
1049	8810.042629	0.000000	0.000028	860.473274	2.6
1050	8784.455035	0.201163	0.000028	425.541231	2.8
1051	9068.285968	0.191028	0.000028	621.987173	2.5
1052	9001.871622	0.186099	0.000028	476.268587	2.4
1053	8726.863384	0.176234	0.000028	368.181212	2.3
1054	8651.892202	0.166563	0.000028	382.691883	2.2
1055	8619.636821	0.156828	0.000028	378.704940	2.3
1056	8918.836896	0.147193	0.000028	448.167954	2.3
1057	8903.885301	0.138245	0.000028	395.516843	2.5
1058	8843.233899	0.128734	0.000028	472.086535	2.3
1059	8817.512786	0.119635	0.000028	375.975851	2.2
1060	8722.535625	0.110127	0.000028	544.138365	2.3
1061	8547.393228	0.101593	0.000028	472.524867	2.2
1062	8763.067567	0.093601	0.000028	376.523993	2.4
1063	8953.529373	0.084278	0.000028	384.895938	2.1
1064	8745.464734	0.074842	0.000028	381.776178	2.3
1065	9205.995842	0.065036	0.000028	538.305977	2.6
1066	8451.674468	0.056566	0.000028	514.193110	2.2
1067	8924.382704	0.046441	0.000028	377.589695	2.2
1068	8556.597943	0.036593	0.000028	367.509313	2.7
1069	8791.019709	0.027130	0.000028	643.379442	2.4
1070	8573.510728	0.017684	0.000028	535.571939	5.1
1071	8723.787049	0.007544	0.000028	395.296991	5.3
1072	8786.293608	0.000000	0.000028	385.485780	4.9
1073	8795.703119	0.000000	0.000028	444.903646	3.6
1074	8735.701897	0.000000	0.000028	412.246957	2.7
1075	8654.504077	0.000000	0.000028	373.193004	2.9
1076	8766.831509	0.000000	0.000028	551.776859	4.1
1077	8715.155706	0.000000	0.000028	439.201972	5.1
1078	8600.456028	0.000000	0.000028	350.992267	4.3
1079	8737.067482	0.000000	0.000028	443.035214	3.0
1080	8526.837255	0.000000	0.000028	362.700104	3.6
1081	8611.051471	0.000000	0.000028	418.053321	4.8
1082	8821.206754	0.000000	0.000028	366.589179	3.8
1083	8693.672945	0.000000	0.000028	438.777986	4.0
1084	8400.439014	0.000000	0.000028	391.956051	4.1
1085	8329.249349	0.000000	0.000028	359.835333	2.9
1086	8689.508709	0.000000	0.000028	419.837546	3.8
1087	8569.553127	0.000000	0.000028	470.492757	3.8
1088	8829.608316	0.000000	0.000028	375.425857	2.7
1089	8614.657249	0.000000	0.000028	385.732908	2.8
1090	8559.623255	0.000000	0.000028	411.038926	2.7
1091	8869.933112	0.000000	0.000028	405.418806	2.9
1092	8343.060636	0.000000	0.000028	354.230006	2.8
1093	8833.815180	0.000000	0.000028	460.293790	2.8
1094	8477.857069	0.000000	0.000028	490.057887	2.8
1095	8532.250658	0.000000	0.000028	448.778105	2.7
1096	8921.163457	0.000000	0.000028	418.274866	2.8
1097	8515.493593	0.000000	0.000028	381.931369	2.7
1098	8821.702342	0.000000	0.000028	362.643758	8.2
1099	8693.584528	0.000000	0.000028	692.397482	4.8
1100	8727.495890	0.000000	0.000028	360.265796	4.6
1101	8436.072840	0.000000	0.000028	451.859148	4.5
1102	8937.705992	0.000000	0.000028	582.155775	3.3
1103	8655.262729	0.000000	0.000028	624.462788	3.3
1104	8729.911861	0.000000	0.000028	368.823702	3.5
1105	8746.297314	0.000000	0.000028	449.017415	2.7
1106	8643.891980	0.000000	0.000028	435.502745	2.6
1107	8577.496465	0.000000	0.000028	462.497177	2.6
1108	8651.976656	0.000000	0.000028	404.384802	2.6
1109	8492.570465	0.000000	0.000028	377.009254	2.3
1110	8510.145754	0.000000	0.000028	380.244797	2.2
1111	8728.972104	0.000000	0.000028	364.038697	2.3
1112	8552.861606	0.000000	0.000028	667.923030	2.3
1113	8426.978489	0.000000	0.000028	350.152444	2.1
1114	8589.460400	0.000000	0.000028	483.456361	2.1
1115	8375.565287	0.000000	0.000028	346.774425	2.1
1116	8558.940951	0.000000	0.000028	405.439720	2.1
1117	8617.405351	0.000000	0.000028	375.242816	2.2
1118	8671.029137	0.000000	0.000028	371.038501	2.1
1119	8280.271325	0.000000	0.000028	364.375001	2.1
1120	8796.448297	0.000000	0.000028	501.592667	2.1
1121	8611.874759	0.000000	0.000028	800.702080	2.2
1122	8715.073436	0.022643	0.000028	436.385638	2.5
1123	8416.964606	0.037688	0.000028	398.265168	4.5
1124	8878.665155	0.028917	0.000028	387.133539	3.5
1125	8577.865929	0.019120	0.000028	502.241399	2.4
1126	8106.018916	0.009755	0.000028	372.588898	2.0
1127	8536.646981	0.000000	0.000028	436.378737	2.0
1128	8537.218060	0.000000	0.000028	405.257839	2.0
1129	8652.678198	0.000000	0.000028	383.307436	2.0
1130	8600.486998	0.000000	0.000028	373.342302	2.0
1131	8765.051343	0.000000	0.000028	386.175697	2.0
1132	8317.542200	0.000000	0.000028	364.819037	4.2
1133	8594.506170	0.000000	0.000028	422.995218	2.0
1134	8789.626157	0.000000	0.000028	432.475600	2.1
1135	8863.234743	0.000000	0.000028	415.276766	2.3
1136	8578.461191	0.000000	0.000028	364.131839	2.1
1137	8631.777633	0.000000	0.000028	397.174238	1.9
1138	8525.282410	0.000000	0.000028	379.020423	1.8
1139	8314.650205	0.000000	0.000028	852.538822	2.2
1140	8673.647555	0.000000	0.000028	366.959735	1.9
1141	8430.606496	0.000000	0.000028	348.105360	1.9
1142	8563.899003	0.000000	0.000028	717.286321	2.1
1143	8440.299956	0.000000	0.000028	389.540015	4.4
1144	9032.353745	0.000000	0.000028	508.121794	2.0
1145	8152.823709	0.000000	0.000028	342.496235	2.0
1146	8423.334674	0.000000	0.000028	533.349835	2.0
1147	8625.213274	0.000000	0.000028	362.862273	2.2
1148	8474.384202	0.000000	0.000028	404.247612	2.3
1149	8567.628223	0.000000	0.000028	549.876492	2.4
1150	8273.452190	0.000000	0.000028	659.000259	2.4
1151	8414.113544	0.060207	0.000028	384.554252	2.4
1152	8446.931763	0.050146	0.000028	385.760693	3.5
1153	8440.649255	0.040642	0.000028	372.436827	5.0
1154	8691.240047	0.030897	0.000028	539.320224	4.8
1155	8424.217299	0.020921	0.000028	524.511617	4.5
1156	8109.919254	0.036244	0.000028	371.707297	4.1
1157	8703.924194	0.028427	0.000028	543.592099	3.5
1158	8475.320429	0.018551	0.000028	533.461356	3.4
1159	8436.987708	0.008453	0.000028	398.289197	3.5
1160	8658.575956	0.000000	0.000028	397.998225	3.7
1161	8076.041828	0.000000	0.000028	446.094474	3.5
1162	8563.991135	0.000000	0.000028	376.474400	3.0
1163	8427.477592	0.000000	0.000028	608.331863	3.0
1164	8439.648044	0.000000	0.000028	342.868329	2.9
1165	8902.632197	0.000000	0.000028	549.723511	4.6
1166	8479.335756	0.000000	0.000028	402.719577	4.7
1167	8314.750114	0.000000	0.000028	371.370360	3.9
1168	8312.897794	0.000000	0.000028	402.322995	3.5
1169	8668.315440	0.000000	0.000028	468.696045	3.4
1170	8562.440285	0.000000	0.000028	405.900365	3.0
1171	8647.173543	0.000000	0.000028	419.736075	3.0
1172	8515.680434	0.000000	0.000028	399.044246	2.9
1173	8411.836242	0.000000	0.000028	382.312206	3.0
1174	8589.882618	0.000000	0.000028	472.780481	2.7
1175	8462.792154	0.000000	0.000028	354.438213	2.6
1176	8288.382831	0.000000	0.000028	443.029775	2.6
1177	8404.327356	0.000000	0.000028	422.477139	2.5
1178	8434.070002	0.000000	0.000028	362.963760	2.4
1179	8251.138835	0.000000	0.000028	365.711076	2.3
1180	8523.699473	0.000000	0.000028	411.593985	2.4
1181	8024.085048	0.000000	0.000028	381.645910	2.4
1182	8458.159555	0.000000	0.000028	425.107025	2.2
1183	8428.603199	0.000000	0.000028	514.188313	2.3
1184	8517.191401	0.000000	0.000028	385.100140	2.2
1185	8484.389450	0.000000	0.000028	431.373706	2.3
1186	8552.130579	0.000000	0.000028	508.907455	2.4
1187	8294.057040	0.000000	0.000028	358.144483	2.4
1188	8144.363328	0.000000	0.000028	396.670305	2.5
1189	8375.309003	0.000000	0.000028	351.834914	2.4
1190	8103.851347	0.000000	0.000028	427.978886	2.3
1191	8535.577414	0.000000	0.000028	495.115377	2.3
1192	8225.098203	0.000000	0.000028	354.744398	2.3
1193	8090.370526	0.000000	0.000028	403.660150	2.3
1194	8364.519436	0.000000	0.000028	517.870205	2.5
1195	8164.840770	0.000000	0.000028	785.194948	2.4
1196	8348.001724	0.189171	0.000028	404.133170	2.5
1197	8550.201440	0.179323	0.000028	365.734072	5.1
1198	8588.207148	0.169553	0.000028	533.537949	4.6
1199	8563.108753	0.160093	0.000028	489.101961	3.0
1200	8230.082169	0.149971	0.000028	566.596703	3.9
1201	8045.577355	0.154784	0.000028	489.348275	4.0
1202	8347.388912	0.144685	0.000028	403.110725	3.8
1203	8392.461336	0.135633	0.000028	353.799769	4.9
1204	8286.011468	0.125998	0.000028	381.910414	4.9
1205	8082.481413	0.116283	0.000028	502.061078	4.8
1206	8078.158264	0.108751	0.000028	385.536412	4.7
1207	8085.595408	0.098854	0.000028	477.126685	3.8
1208	8346.737634	0.090439	0.000028	350.712553	3.6
1209	8303.913742	0.080823	0.000028	342.616071	3.4
1210	8449.809550	0.071312	0.000028	395.789206	2.8
1211	8173.790027	0.061922	0.000028	443.250338	2.9
1212	8022.407067	0.052517	0.000028	388.302602	5.1
1213	8020.317042	0.044875	0.000028	343.755857	5.7
1214	8060.558505	0.035215	0.000028	444.145787	5.0
1215	8124.275240	0.025670	0.000028	367.699966	4.9
1216	8474.666945	0.016677	0.000028	365.603335	4.3
1217	8103.542786	0.007005	0.000028	433.574867	3.7
1218	8352.331951	0.000000	0.000028	638.172307	3.8
1219	8063.868151	0.000000	0.000028	393.026887	3.4
1220	8237.033291	0.000000	0.000028	501.228527	5.0
1221	8331.859802	0.000000	0.000028	347.026322	3.6
1222	8298.839223	0.000000	0.000028	365.162701	3.6
1223	8236.103967	0.000000	0.000028	339.709179	5.3
1224	8207.840530	0.000000	0.000028	380.377074	5.1
1225	8291.209218	0.000000	0.000028	392.412342	4.2
1226	8345.637756	0.000000	0.000028	380.535020	4.8
1227	8403.946776	0.000000	0.000028	426.743724	4.6
1228	8375.896151	0.000000	0.000028	351.065863	4.0
1229	8036.289612	0.000000	0.000028	386.002354	3.6
1230	8351.435159	0.000000	0.000028	379.158464	3.6
1231	7965.011868	0.000000	0.000028	361.553102	2.9
1232	8313.364722	0.000000	0.000028	407.052045	3.0
1233	8373.781627	0.000000	0.000028	369.901671	2.9
1234	8085.982481	0.000000	0.000028	367.663612	2.8
1235	7959.543558	0.000000	0.000028	397.953201	2.8
1236	8217.922261	0.000000	0.000028	396.440666	2.6
1237	8364.580840	0.000000	0.000028	483.613256	2.6
1238	8197.255291	0.000000	0.000028	344.735609	2.4
1239	8438.029342	0.000000	0.000028	373.384038	2.5
1240	8257.063820	0.000000	0.000028	351.751837	2.4
1241	8277.452032	0.000000	0.000028	496.571641	2.5
1242	7967.463893	0.000000	0.000028	385.978020	2.5
1243	7923.923245	0.000000	0.000028	369.866850	2.5
1244	8222.239711	0.000000	0.000028	400.410704	2.4
1245	8105.715184	0.000000	0.000028	468.703293	2.4
1246	7996.723040	0.000000	0.000028	388.315765	2.5
1247	7934.998533	0.000000	0.000028	419.718257	2.3
1248	8205.818593	0.000000	0.000028	507.364102	2.3
1249	8181.335217	0.000000	0.000028	409.147590	2.4
1250	8201.340439	0.000000	0.000028	404.663925	2.5
1251	8002.033071	0.000000	0.000028	367.715844	2.5
1252	8522.710585	0.000000	0.000028	511.734078	2.7
1253	8117.842231	0.000000	0.000028	377.209402	4.2
1254	7952.840009	0.000000	0.000028	405.915934	2.6
1255	7863.404528	0.000000	0.000028	396.648821	2.6
1256	8033.887196	0.000000	0.000028	473.226466	2.7
1257	8289.807079	0.000000	0.000028	421.944772	2.9
1258	8286.197406	0.000000	0.000028	416.546414	3.0
1259	7831.138301	0.000000	0.000028	418.097335	3.0
1260	8557.604357	0.000000	0.000028	425.287815	3.0
1261	7945.795102	0.000000	0.000028	514.383814	3.2
1262	8015.419489	0.000000	0.000028	375.784077	3.2
1263	7895.435971	0.000000	0.000028	484.016013	3.1
1264	7875.596217	0.000000	0.000028	328.874011	2.6
1265	7982.199870	0.000000	0.000028	387.501542	2.6
1266	7683.835719	0.000000	0.000028	351.069411	2.4
1267	7965.149888	0.000000	0.000028	416.664755	2.6
1268	7992.154766	0.000000	0.000028	329.782234	2.2
1269	8101.664376	0.000000	0.000028	380.131265	2.9
1270	7963.952045	0.000000	0.000028	453.954285	2.3
1271	8067.005866	0.000000	0.000028	458.693382	2.5
1272	8062.437079	0.000000	0.000028	428.142216	5.0
1273	7971.072930	0.000000	0.000028	367.092334	4.9
1274	8147.294116	0.000000	0.000028	399.467169	4.3
1275	8073.975762	0.000000	0.000028	393.227123	2.6
1276	7899.399008	0.000000	0.000028	341.859169	2.8
1277	8032.046854	0.000000	0.000028	382.132743	3.1
1278	8072.859125	0.000000	0.000028	422.445869	3.1
1279	7988.451658	0.000000	0.000028	474.875834	3.4
1280	7992.889290	0.000000	0.000028	384.843553	2.5
1281	8237.493930	0.000000	0.000028	359.466286	2.5
1282	7925.501552	0.000000	0.000028	553.169506	2.5
1283	7880.557364	0.000000	0.000028	460.994749	2.7
1284	8050.787543	0.000000	0.000028	437.459650	2.5
1285	7857.523493	0.000000	0.000028	378.597319	3.4
1286	7622.496084	0.000000	0.000028	331.535569	3.3
1287	8130.989296	0.000000	0.000028	378.344095	2.6
1288	7762.253512	0.000000	0.000028	502.377921	2.5
1289	7964.585400	0.000000	0.000028	497.618966	2.5
1290	7989.533166	0.007665	0.000028	345.653499	2.5
1291	8082.645141	0.000000	0.000028	366.725358	2.1
1292	7652.535810	0.000000	0.000028	326.434354	2.1
1293	8180.160308	0.000000	0.000028	459.981270	2.1
1294	8057.026983	0.000000	0.000028	418.518175	2.1
1295	7856.269421	0.000000	0.000028	538.881385	2.1
1296	8093.715606	0.000000	0.000028	456.600974	2.2
1297	8135.956949	0.000000	0.000028	383.997177	2.1
1298	8216.408349	0.000000	0.000028	351.393918	2.1
1299	8197.962784	0.000000	0.000028	474.473559	2.1
1300	7666.763586	0.000000	0.000028	369.762299	2.2
1301	7876.646539	0.000000	0.000028	537.517691	2.3
1302	8304.841775	0.000000	0.000028	512.767698	2.3
1303	8115.041656	0.000000	0.000028	368.513423	2.2
1304	7659.709865	0.000000	0.000028	1032.078423	2.3
1305	8023.498576	0.000000	0.000028	426.895381	2.2
1306	8021.458412	0.021768	0.000028	479.390024	2.2
1307	8073.889164	0.011766	0.000028	401.622622	2.2
1308	8201.716847	0.001752	0.000028	405.383666	2.3
1309	7996.407166	0.000000	0.000028	367.122857	2.3
1310	8236.753986	0.000000	0.000028	506.855604	2.4
1311	8047.380285	0.000000	0.000028	359.855003	2.4
1312	7770.802208	0.000000	0.000028	392.156424	2.4
1313	7957.681948	0.000000	0.000028	389.089576	2.4
1314	7834.257292	0.000000	0.000028	339.854353	2.3
1315	7772.764030	0.000000	0.000028	364.663401	2.4
1316	8118.211678	0.000000	0.000028	389.786154	2.3
1317	7949.182978	0.000000	0.000028	438.849777	2.3
1318	8211.430244	0.000000	0.000028	355.116083	2.3
1319	7818.556323	0.000000	0.000028	417.355144	2.4
1320	7933.851688	0.000000	0.000028	400.359236	2.5
1321	7904.256008	0.000000	0.000028	418.207467	2.4
1322	7696.400010	0.000000	0.000028	345.337131	2.7
1323	7644.878481	0.000000	0.000028	335.647549	5.1
1324	7869.364157	0.000000	0.000028	384.341894	4.6
1325	7869.868003	0.000000	0.000028	419.598284	4.3
1326	7620.129238	0.000000	0.000028	398.522305	3.8
1327	7674.701048	0.000000	0.000028	346.187368	2.7
1328	7755.954744	0.000000	0.000028	361.068494	2.7
1329	7931.949719	0.000000	0.000028	368.493887	2.7
1330	8007.777926	0.000000	0.000028	353.681533	2.6
1331	7941.035019	0.000000	0.000028	439.288374	2.1
1332	7796.021920	0.000000	0.000028	400.246556	2.1
1333	7608.011626	0.000000	0.000028	439.567906	2.1
1334	7882.765560	0.000000	0.000028	464.578453	2.1
1335	7630.418945	0.000000	0.000028	359.586014	2.4
1336	7787.964789	0.000000	0.000028	458.428288	3.0
1337	7823.510309	0.000000	0.000028	338.711498	2.9
1338	7922.779519	0.000000	0.000028	460.175776	2.9
1339	8085.282369	0.000000	0.000028	497.437115	2.7
1340	7815.739064	0.000000	0.000028	338.693543	2.4
1341	8065.658865	0.000000	0.000028	399.670016	2.2
1342	8040.128550	0.000000	0.000028	459.592895	2.2
1343	7776.814777	0.000000	0.000028	381.958349	2.1
1344	7690.885836	0.000000	0.000028	518.184518	2.2
1345	7961.761671	0.000000	0.000028	445.899833	2.4
1346	7758.631325	0.000000	0.000028	347.883687	5.1
1347	7845.551733	0.000000	0.000028	438.930031	5.1
1348	7685.560129	0.000000	0.000028	365.814874	4.7
1349	7625.141376	0.000000	0.000028	338.327672	3.3
1350	8074.955333	0.000000	0.000028	389.111981	3.3
1351	7666.068849	0.000000	0.000028	573.937223	3.3
1352	7765.170369	0.000000	0.000028	348.323099	3.7
1353	7901.539019	0.000000	0.000028	528.579138	3.7
1354	7908.955008	0.000000	0.000028	358.243576	3.4
1355	7977.217783	0.000000	0.000028	567.696283	2.7
1356	8017.634805	0.000000	0.000028	335.895337	2.8
1357	7771.637852	0.000000	0.000028	439.351278	2.8
1358	7858.546775	0.000000	0.000028	365.241478	2.4
1359	7839.681359	0.000000	0.000028	439.688563	2.4
1360	7783.035801	0.000000	0.000028	336.764822	2.4
1361	7926.016372	0.000000	0.000028	350.924878	2.5
1362	7689.211936	0.000000	0.000028	347.299146	2.5
1363	7787.663404	0.000000	0.000028	470.576205	2.5
1364	7704.552605	0.000000	0.000028	591.513450	2.6
1365	7630.229385	0.000000	0.000028	382.809556	2.6
1366	7386.882506	0.000000	0.000028	631.108337	2.7
1367	7661.214838	0.000856	0.000028	341.253237	2.7
1368	7757.331847	0.000000	0.000028	391.784897	2.7
1369	8055.855927	0.000000	0.000028	430.274891	2.8
1370	7708.498047	0.000000	0.000028	440.225401	2.9
1371	7878.493331	0.000000	0.000028	457.030426	2.9
1372	7802.503524	0.000000	0.000028	353.488931	3.0
1373	7761.411106	0.000000	0.000028	371.904272	2.3
1374	7388.740320	0.000000	0.000028	659.886467	2.3
1375	7724.235535	0.000000	0.000028	348.168046	2.3
1376	7746.624728	0.000000	0.000028	426.551694	2.4
1377	7881.585639	0.000000	0.000028	431.663546	2.5
1378	7739.930662	0.000000	0.000028	544.717790	2.5
1379	7549.248741	0.000000	0.000028	644.561481	2.5
1380	7755.615122	0.200805	0.000028	365.376279	2.5
1381	7807.499863	0.193962	0.000028	492.384293	2.7
1382	7562.328085	0.186059	0.000028	340.588899	2.7
1383	7770.983055	0.176296	0.000028	425.846586	2.7
1384	7733.017764	0.167313	0.000028	396.193259	2.6
1385	7570.022047	0.157950	0.000028	391.622160	2.5
1386	7840.351422	0.148206	0.000028	367.798102	2.6
1387	7667.246518	0.138414	0.000028	405.510400	2.6
1388	7937.075362	0.129811	0.000028	402.004709	2.7
1389	7542.978122	0.120062	0.000028	350.787468	4.9
1390	7653.961174	0.110338	0.000028	363.650191	3.6
1391	7927.666335	0.101108	0.000028	354.772619	3.0
1392	7543.335201	0.091677	0.000028	468.485900	2.9
1393	7535.967284	0.082528	0.000028	379.042176	2.9
1394	7591.940686	0.073108	0.000028	381.277383	3.0
1395	7887.102193	0.064759	0.000028	554.616304	3.1
1396	7448.836159	0.054963	0.000028	337.785536	3.1
1397	7302.672615	0.046145	0.000028	352.248304	3.0
1398	7541.139287	0.036746	0.000028	360.805198	2.6
1399	7730.529510	0.028238	0.000028	417.365592	2.6
1400	7858.350650	0.019516	0.000028	371.212797	2.5
1401	7552.872227	0.009706	0.000028	353.640330	5.1
1402	7591.113726	0.000050	0.000028	538.529145	3.1
1403	7445.743290	0.000000	0.000028	438.675102	2.7
1404	7453.853917	0.002968	0.000028	335.538222	2.9
1405	7695.803697	0.000000	0.000028	368.340143	3.0
1406	7750.540332	0.000000	0.000028	391.854669	3.0
1407	7524.569840	0.000000	0.000028	564.720744	3.7
1408	7805.131931	0.000000	0.000028	374.563648	3.9
1409	7552.349540	0.000000	0.000028	334.916752	3.9
1410	7752.459829	0.000000	0.000028	359.881075	3.0
1411	7579.710322	0.000000	0.000028	396.844048	2.8
1412	7572.829790	0.000000	0.000028	378.896466	5.2
1413	7727.674694	0.000000	0.000028	393.804584	4.7
1414	7862.473297	0.000000	0.000028	371.831992	4.8
1415	7593.783005	0.000000	0.000028	346.487439	4.1
1416	7759.423753	0.000000	0.000028	374.254947	3.9
1417	7838.758733	0.000000	0.000028	361.792441	4.7
1418	7424.531680	0.000000	0.000028	345.747326	5.2
1419	7647.864004	0.000000	0.000028	372.153494	5.3
1420	7660.563585	0.000000	0.000028	382.415149	5.2
1421	7630.092437	0.000000	0.000028	586.156970	5.1
1422	7683.837445	0.000000	0.000028	429.001921	5.0
1423	7807.498339	0.001075	0.000028	353.264376	4.2
1424	7630.052334	0.000000	0.000028	415.930024	4.3
1425	7616.769253	0.000000	0.000028	539.618452	4.9
1426	7539.663224	0.001190	0.000028	368.265796	5.0
1427	7715.153503	0.000000	0.000028	413.319314	4.7
1428	7460.480895	0.000000	0.000028	525.412941	3.8
1429	7470.721841	0.000000	0.000028	411.258707	3.8
1430	7559.959176	0.000000	0.000028	379.128025	3.4
1431	7509.003168	0.000000	0.000028	328.740595	3.3
1432	7552.404291	0.000000	0.000028	367.015892	3.3
1433	7695.898420	0.000000	0.000028	388.694945	2.9
1434	7468.651741	0.000000	0.000028	339.677403	2.9
1435	7704.468197	0.000000	0.000028	396.754468	2.7
1436	7558.519112	0.000000	0.000028	364.812855	2.7
1437	7585.814559	0.000000	0.000028	329.075532	2.5
1438	7760.480688	0.000000	0.000028	355.409132	2.5
1439	7399.963409	0.000000	0.000028	323.584720	2.5
1440	7563.722703	0.000000	0.000028	361.760793	2.5
1441	7671.353942	0.000000	0.000028	395.099591	2.3
1442	7332.239282	0.000000	0.000028	419.407522	2.3
1443	7334.092881	0.000000	0.000028	328.071470	2.3
1444	7612.032119	0.000000	0.000028	450.973338	2.4
1445	7691.122665	0.000000	0.000028	389.152782	2.5
1446	7517.403952	0.000000	0.000028	368.344212	2.5
1447	7524.482150	0.000000	0.000028	607.283137	2.6
1448	7629.965398	0.000000	0.000028	405.648256	2.6
1449	7332.967263	0.000000	0.000028	347.450011	2.6
1450	7376.088042	0.000000	0.000028	351.342059	2.8
1451	7228.477851	0.000000	0.000028	388.129700	2.8
1452	7407.868537	0.000000	0.000028	374.629080	2.7
1453	7583.639249	0.000000	0.000028	448.702342	2.8
1454	7607.205786	0.000000	0.000028	422.807416	2.7
1455	7551.567033	0.000000	0.000028	350.814147	2.7
1456	7410.756959	0.000000	0.000028	372.816427	3.0
1457	7839.430946	0.000000	0.000028	360.326321	2.9
1458	7386.802250	0.000000	0.000028	351.535302	2.9
1459	7370.491236	0.000000	0.000028	316.618746	2.8
1460	7295.934687	0.000000	0.000028	343.480448	2.8
1461	7475.664861	0.000000	0.000028	331.321924	2.8
1462	7520.009757	0.000000	0.000028	444.589202	2.8
1463	7452.671472	0.000000	0.000028	394.711846	2.6
1464	7344.536765	0.000000	0.000028	464.285012	3.1
1465	7315.706484	0.000000	0.000028	365.366986	5.4
1466	7243.639235	0.000000	0.000028	342.475241	4.5
1467	7173.952815	0.000000	0.000028	308.871427	4.4
1468	7336.691109	0.000000	0.000028	358.907187	4.2
1469	7443.460290	0.000000	0.000028	361.198801	4.2
1470	7414.784212	0.000000	0.000028	405.750154	3.6
1471	7340.251447	0.000000	0.000028	363.323982	3.2
1472	7597.480703	0.000000	0.000028	361.688675	3.3
1473	7189.300210	0.000000	0.000028	421.192063	2.9
1474	7628.147356	0.000000	0.000028	347.971818	2.8
1475	7566.213816	0.000000	0.000028	375.881920	2.8
1476	7463.622562	0.000000	0.000028	316.805950	2.8
1477	7639.620618	0.000000	0.000028	343.962062	3.1
1478	7118.914899	0.000000	0.000028	391.716656	3.2
1479	7624.689708	0.000000	0.000028	367.012847	3.1
1480	7331.060750	0.000000	0.000028	463.123878	3.3
1481	7426.125903	0.000000	0.000028	347.191920	3.3
1482	7309.216430	0.000000	0.000028	344.195961	3.2
1483	7417.586275	0.000000	0.000028	380.546662	3.0
1484	7337.036990	0.000000	0.000028	394.275814	3.0
1485	7133.091097	0.000000	0.000028	385.665452	3.0
1486	7554.185184	0.000000	0.000028	374.850801	2.9
1487	7273.368301	0.000000	0.000028	349.021734	2.9
1488	7309.779395	0.000000	0.000028	331.432011	5.1
1489	7639.883077	0.000000	0.000028	360.589881	4.8
1490	7558.755225	0.000000	0.000028	749.078578	4.8
1491	7221.666942	0.000000	0.000028	344.831985	3.8
1492	7543.341500	0.000000	0.000028	354.127311	3.6
1493	7260.766147	0.000000	0.000028	465.633140	3.6
1494	7040.541167	0.000000	0.000028	326.085736	2.9
1495	7243.114716	0.000000	0.000028	323.945943	2.9
1496	7375.142335	0.000000	0.000028	331.842652	2.9
1497	7417.092262	0.000000	0.000028	476.109832	2.8
1498	7423.900102	0.000000	0.000028	341.936871	2.7
1499	7372.862076	0.000000	0.000028	364.807060	2.7
1500	7453.386848	0.000000	0.000028	348.856100	2.7
1501	7276.355073	0.000000	0.000028	363.452912	2.5
1502	7248.846231	0.000000	0.000028	353.927605	2.4
1503	7371.605601	0.000000	0.000028	341.858781	2.4
1504	7528.991437	0.000000	0.000028	368.612439	2.4
1505	7586.904435	0.000000	0.000028	390.100947	2.3
1506	7321.924352	0.000000	0.000028	439.117349	2.3
1507	7434.409528	0.000000	0.000028	328.201227	2.3
1508	7676.431194	0.000000	0.000028	345.211322	2.3
1509	7290.788371	0.000000	0.000028	337.904655	2.2
1510	7272.475370	0.000000	0.000028	375.202680	2.3
1511	7550.384747	0.000000	0.000028	352.078630	2.2
1512	7690.733932	0.000000	0.000028	363.723121	2.2
1513	7463.886600	0.000000	0.000028	411.469190	2.2
1514	7432.842651	0.000000	0.000028	596.863455	2.3
1515	7039.947283	0.002630	0.000028	341.017284	2.4
1516	7484.287617	0.000000	0.000028	533.817963	2.3
1517	7329.943843	0.000000	0.000028	326.784504	2.4
1518	7438.736858	0.000000	0.000028	329.429733	2.6
1519	7476.033846	0.000000	0.000028	495.236287	2.6
1520	7475.194639	0.000000	0.000028	408.758843	2.5
1521	7081.535183	0.000000	0.000028	472.857255	2.6
1522	7316.658855	0.000000	0.000028	393.538040	2.6
1523	7111.211162	0.000000	0.000028	395.261579	5.4
1524	6990.727529	0.000000	0.000028	418.045997	2.6
1525	7565.730823	0.000000	0.000028	470.744295	3.5
1526	7412.215467	0.000000	0.000028	382.146244	5.1
1527	7386.545726	0.000000	0.000028	412.515239	4.8
1528	7458.470725	0.000000	0.000028	332.889102	2.4
1529	7386.670230	0.000000	0.000028	419.124207	2.4
1530	7271.397442	0.000000	0.000028	358.980505	4.4
1531	7262.203048	0.000000	0.000028	398.413166	2.3
1532	7234.487851	0.000000	0.000028	366.677601	4.5
1533	7190.106895	0.000000	0.000028	341.026272	4.8
1534	7204.879885	0.000000	0.000028	319.897289	4.9
1535	7120.261608	0.000000	0.000028	340.059954	4.0
1536	7317.872511	0.000000	0.000028	419.366332	3.6
1537	7236.135402	0.000000	0.000028	447.255378	3.7
1538	7222.516775	0.000000	0.000028	384.154715	3.3
1539	7385.299964	0.000000	0.000028	397.704333	3.4
1540	7176.405244	0.000000	0.000028	401.662558	3.3
1541	7241.132429	0.000000	0.000028	460.266121	2.7
1542	6925.340980	0.000000	0.000028	364.057257	2.7
1543	7284.516160	0.000000	0.000028	338.076606	2.7
1544	7111.325958	0.000000	0.000028	329.957940	2.5
1545	7408.455386	0.000000	0.000028	388.392548	2.5
1546	7277.385279	0.000000	0.000028	318.358811	2.4
1547	7018.842296	0.000000	0.000028	395.439622	2.6
1548	7066.801415	0.000000	0.000028	338.462325	2.6
1549	7346.895375	0.000000	0.000028	364.848388	2.6
1550	7211.354181	0.000000	0.000028	392.052425	2.6
1551	7000.068216	0.000000	0.000028	477.878627	3.3
1552	7287.009647	0.000000	0.000028	386.792453	2.7
1553	7375.576408	0.000000	0.000028	460.731540	2.6
1554	7091.329243	0.000000	0.000028	511.716241	2.6
1555	7231.412298	0.010315	0.000028	332.923937	2.6
1556	7235.413424	0.000714	0.000028	470.295503	3.5
1557	7366.614199	0.000000	0.000028	382.440429	3.5
1558	7206.776696	0.000000	0.000028	344.692199	3.5
1559	7197.583339	0.000000	0.000028	487.219858	3.2
1560	7131.481434	0.000000	0.000028	344.516190	3.1
1561	7319.217542	0.000000	0.000028	354.479000	5.0
1562	7177.113679	0.000000	0.000028	547.425475	5.2
1563	7296.882251	0.000000	0.000028	476.429011	4.5
1564	7035.799271	0.020297	0.000028	360.064904	4.1
1565	7059.697173	0.013247	0.000028	327.219846	3.9
1566	7591.814624	0.004182	0.000028	474.484735	4.1
1567	7114.422480	0.000000	0.000028	408.791704	4.1
1568	7094.092046	0.000000	0.000028	477.761898	3.8
1569	7133.329037	0.000679	0.000028	459.418190	3.6
1570	7121.412533	0.013575	0.000028	334.579334	3.6
1571	6955.282160	0.006380	0.000028	373.696877	3.2
1572	7279.081555	0.000000	0.000028	306.622546	3.1
1573	7260.805807	0.000000	0.000028	338.393195	3.1
1574	7241.042927	0.000000	0.000028	325.664682	2.9
1575	7140.697886	0.000000	0.000028	447.117886	2.8
1576	7192.471515	0.000000	0.000028	353.100679	2.7
1577	7172.867034	0.000000	0.000028	356.886578	2.7
1578	7133.510082	0.000000	0.000028	519.705023	2.5
1579	7101.475304	0.000000	0.000028	438.386838	2.5
1580	7057.588788	0.000000	0.000028	474.844686	2.5
1581	7116.755740	0.007221	0.000028	308.460809	2.4
1582	7185.652377	0.000000	0.000028	319.520675	2.3
1583	7111.563521	0.000000	0.000028	340.617409	2.4
1584	6914.645253	0.000000	0.000028	555.738888	2.4
1585	7245.630646	0.000000	0.000028	382.365052	2.3
1586	7020.244370	0.000766	0.000028	492.873795	2.3
1587	7047.713411	0.000000	0.000028	313.741948	2.3
1588	7423.070886	0.000000	0.000028	346.731953	2.3
1589	7060.277265	0.000000	0.000028	420.038947	2.3
1590	7367.430528	0.000000	0.000028	375.648762	2.2
1591	7298.764582	0.000000	0.000028	318.791792	2.2
1592	7140.045601	0.000000	0.000028	415.673176	2.2
1593	6889.224183	0.000000	0.000028	313.568215	2.2
1594	7134.538681	0.000000	0.000028	449.248131	2.2
1595	7254.093887	0.000000	0.000028	371.370040	2.5
1596	7439.261706	0.000000	0.000028	348.973921	2.4
1597	7023.668956	0.000000	0.000028	343.377699	2.4
1598	7306.788339	0.000000	0.000028	373.602874	2.4
1599	6924.507615	0.000000	0.000028	362.792416	2.4
1600	7399.775990	0.000000	0.000028	465.118209	3.2
1601	7048.317681	0.000000	0.000028	325.212220	2.5
1602	7117.213743	0.000000	0.000028	311.837983	2.4
1603	7274.556063	0.000000	0.000028	392.937921	2.3
1604	6906.740988	0.000000	0.000028	437.140743	3.2
1605	6894.208957	0.000000	0.000028	372.920381	2.4
1606	6985.080151	0.000000	0.000028	330.870562	2.4
1607	7116.128257	0.000000	0.000028	342.915385	2.5
1608	7089.371093	0.000000	0.000028	372.039781	2.9
1609	7030.610172	0.000000	0.000028	529.164295	2.3
1610	7184.166663	0.000000	0.000028	438.649943	2.3
1611	7245.502233	0.000920	0.000028	389.682712	2.1
1612	7155.715578	0.000000	0.000028	340.329854	2.4
1613	6857.687097	0.000000	0.000028	325.269667	4.8
1614	6903.094664	0.000000	0.000028	326.875931	4.6
1615	7018.802686	0.000000	0.000028	362.595892	4.8
1616	7042.095920	0.000000	0.000028	423.021401	3.8
1617	7163.489775	0.000000	0.000028	354.637793	3.2
1618	7154.868824	0.000000	0.000028	356.521910	3.3
1619	7002.538297	0.000000	0.000028	324.431732	3.6
1620	7152.255472	0.000000	0.000028	424.587799	3.0
1621	7046.839664	0.000000	0.000028	363.409989	3.2
1622	6936.634914	0.000000	0.000028	367.209108	3.0
1623	7304.994093	0.000000	0.000028	379.923834	2.8
1624	6874.280046	0.000000	0.000028	357.915845	2.7
1625	7404.860891	0.000000	0.000028	357.732113	2.8
1626	6973.602283	0.000000	0.000028	349.753402	2.8
1627	6952.570955	0.000000	0.000028	320.850352	2.5
1628	6800.022214	0.000000	0.000028	323.646338	2.6
1629	7087.861166	0.000000	0.000028	355.397347	2.6
1630	6845.020865	0.000000	0.000028	332.908928	2.4
1631	7061.091744	0.000000	0.000028	357.769223	2.4
1632	7074.168833	0.000000	0.000028	390.897164	2.4
1633	7028.040873	0.000000	0.000028	517.359765	2.4
1634	7072.021297	0.000000	0.000028	332.406883	2.2
1635	7124.626605	0.000000	0.000028	380.627002	2.3
1636	7054.078832	0.000000	0.000028	427.083052	2.3
1637	6884.010036	0.000000	0.000028	338.456552	2.3
1638	7021.726640	0.000000	0.000028	367.059415	2.4
1639	7135.578232	0.000000	0.000028	414.286483	2.4
1640	6987.668933	0.000000	0.000028	397.433216	2.4
1641	6879.993136	0.000000	0.000028	318.147258	2.4
1642	6819.452560	0.000000	0.000028	309.047300	2.4
1643	6829.196439	0.000000	0.000028	322.745376	2.2
1644	6865.190578	0.000000	0.000028	330.995251	2.3
1645	6962.977788	0.000000	0.000028	385.412795	2.2
1646	7009.314893	0.000000	0.000028	579.396816	2.3
1647	6963.644088	0.000000	0.000028	349.142016	2.4
1648	7048.394778	0.000000	0.000028	350.548346	2.3
1649	6890.834086	0.000000	0.000028	353.145548	6.2
1650	6879.791273	0.000000	0.000028	430.845566	2.8
1651	7124.398905	0.000000	0.000028	315.783098	2.5
1652	6863.323914	0.000000	0.000028	353.674219	2.1
1653	6737.645704	0.000000	0.000028	309.094275	2.2
1654	7007.270782	0.000000	0.000028	488.958913	2.3
1655	6753.644874	0.000000	0.000028	337.415138	2.1
1656	7075.177468	0.000000	0.000028	346.097531	2.1
1657	6924.516073	0.000000	0.000028	372.546940	2.1
1658	6844.009984	0.000000	0.000028	321.970470	2.2
1659	7017.970593	0.000000	0.000028	412.987274	3.4
1660	6888.743412	0.000000	0.000028	321.299468	2.2
1661	6904.811210	0.000000	0.000028	396.228120	2.2
1662	6869.010099	0.000000	0.000028	574.971659	2.5
1663	6891.649449	0.007514	0.000028	371.015609	2.6
1664	6605.032232	0.000000	0.000028	298.107874	2.5
1665	7040.353487	0.000000	0.000028	327.211527	2.5
1666	6977.342225	0.000000	0.000028	332.549954	2.8
1667	6784.688853	0.000000	0.000028	389.611205	2.8
1668	6800.225200	0.000000	0.000028	319.121874	2.8
1669	6747.291941	0.000000	0.000028	455.962063	2.8
1670	6887.167295	0.000000	0.000028	319.804207	2.7
1671	6827.654691	0.000000	0.000028	401.935406	2.6
1672	6818.480764	0.000000	0.000028	416.037811	2.6
1673	6867.484610	0.000000	0.000028	374.062658	2.6
1674	6764.724321	0.000000	0.000028	307.742129	2.8
1675	7127.518078	0.000000	0.000028	333.193996	2.5
1676	7238.100201	0.000000	0.000028	616.808550	2.5
1677	7045.115874	0.000000	0.000028	585.185586	2.5
1678	7024.250647	0.299261	0.000028	435.286383	4.0
1679	6985.045727	0.326393	0.000028	304.593943	2.8
1680	6715.878710	0.317506	0.000028	317.405641	2.8
1681	6939.151552	0.308563	0.000028	416.333670	3.1
1682	6677.074805	0.299441	0.000028	312.150544	3.2
1683	6945.102580	0.291319	0.000028	321.307425	3.0
1684	6792.214955	0.282479	0.000028	331.073052	2.4
1685	6908.610752	0.273760	0.000028	377.883135	2.5
1686	6659.001606	0.265937	0.000028	314.223867	5.0
1687	6790.543911	0.256503	0.000028	349.004556	5.1
1688	6792.612927	0.248498	0.000028	442.027646	5.0
1689	7046.117445	0.239101	0.000028	325.644916	4.0
1690	6791.365716	0.229683	0.000028	388.690796	4.1
1691	7062.259937	0.220212	0.000028	318.378869	3.3
1692	7028.744473	0.211098	0.000028	538.752607	3.5
1693	6859.660102	0.202063	0.000028	333.045179	3.2
1694	6655.983207	0.195986	0.000028	370.713665	3.0
1695	6882.711881	0.186524	0.000028	362.058563	2.8
1696	6872.990859	0.179478	0.000028	343.872169	2.8
1697	6733.102363	0.171257	0.000028	308.882322	2.7
1698	6664.904548	0.162532	0.000028	303.617821	2.5
1699	6765.818785	0.153655	0.000028	353.593895	2.5
1700	6694.410625	0.144973	0.000028	461.254553	2.5
1701	7126.931804	0.135073	0.000028	544.231239	3.8
1702	6980.639545	0.124960	0.000028	353.568185	4.7
1703	6591.164297	0.115115	0.000028	722.228351	3.1
1704	6815.981684	0.115668	0.000028	332.923100	3.3
1705	6894.560547	0.110574	0.000028	384.040527	3.5
1706	6917.432250	0.101151	0.000028	349.442874	3.5
1707	6729.452780	0.091443	0.000028	303.264086	4.7
1708	7097.509970	0.082493	0.000028	495.548289	4.8
1709	6848.203710	0.073553	0.000028	345.283873	3.9
1710	6785.448850	0.064885	0.000028	327.148276	3.8
1711	6736.874418	0.056395	0.000028	305.004745	3.7
1712	6741.808560	0.047276	0.000028	369.518415	3.2
1713	6840.241720	0.038360	0.000028	673.521524	3.2
1714	7023.848929	0.043116	0.000028	348.450379	3.1
1715	6777.734502	0.047264	0.000028	427.584928	2.9
1716	6904.949837	0.041401	0.000028	308.355605	2.9
1717	6983.900236	0.032145	0.000028	315.756490	2.9
1718	6621.636205	0.022994	0.000028	386.821614	2.7
1719	6736.853725	0.014534	0.000028	341.036043	2.7
1720	7003.360666	0.005093	0.000028	345.932361	2.7
1721	6758.590109	0.000000	0.000028	330.911916	2.7
1722	6596.782529	0.000000	0.000028	360.245868	2.6
1723	6634.171513	0.000000	0.000028	563.200029	2.5
1724	6838.178461	0.000000	0.000028	434.087930	2.4
1725	6645.629812	0.000000	0.000028	315.386243	3.5
1726	6770.570967	0.000000	0.000028	387.820276	2.5
1727	6936.009829	0.000000	0.000028	310.146766	2.6
1728	7073.551336	0.000000	0.000028	340.495865	4.8
1729	6768.642437	0.000000	0.000028	322.644218	4.6
1730	6729.729406	0.000000	0.000028	324.490529	4.7
1731	6712.476323	0.000000	0.000028	376.165690	3.5
1732	6868.691235	0.000000	0.000028	299.585391	3.6
1733	6567.616366	0.000000	0.000028	315.653247	3.5
1734	6749.163208	0.000000	0.000028	454.713031	3.0
1735	6749.530073	0.000000	0.000028	384.684575	3.1
1736	6725.130268	0.000000	0.000028	337.828433	3.0
1737	6981.727180	0.000000	0.000028	415.960266	2.8
1738	6779.106916	0.000000	0.000028	316.755508	2.9
1739	6602.091504	0.000000	0.000028	342.193165	2.9
1740	6883.178887	0.000000	0.000028	335.126630	2.7
1741	7099.527086	0.000000	0.000028	575.983933	2.6
1742	6724.671710	0.000000	0.000028	315.824141	2.6
1743	6788.364400	0.000000	0.000028	309.653314	2.7
1744	6654.573595	0.000000	0.000028	357.575909	2.5
1745	7010.773918	0.000000	0.000028	364.685420	2.5
1746	6628.431674	0.000000	0.000028	297.755909	2.6
1747	6427.470599	0.000000	0.000028	348.395832	2.5
1748	6840.835874	0.000000	0.000028	352.240347	2.4
1749	6596.074173	0.000000	0.000028	297.723968	2.3
1750	6798.309851	0.000000	0.000028	322.052749	2.3
1751	6514.026682	0.000000	0.000028	522.808276	2.3
1752	6410.514334	0.000000	0.000028	479.747424	3.0
1753	6676.717800	0.048618	0.000028	348.070451	2.6
1754	6741.112918	0.038746	0.000028	402.923299	2.5
1755	6739.441829	0.030977	0.000028	305.266363	2.5
1756	6731.497550	0.021638	0.000028	326.179130	3.7
1757	6618.447444	0.012535	0.000028	351.246431	5.4
1758	6770.832718	0.003104	0.000028	401.831625	5.2
1759	6371.604826	0.000000	0.000028	382.238763	4.6
1760	6265.323013	0.000000	0.000028	385.927233	2.2
1761	7066.964984	0.000000	0.000028	388.130584	2.1
1762	6586.840775	0.000000	0.000028	335.354784	2.4
1763	6989.729790	0.000000	0.000028	314.176558	4.8
1764	6678.812546	0.000000	0.000028	339.487728	5.0
1765	6712.148632	0.000000	0.000028	441.751198	5.0
1766	6669.936941	0.000000	0.000028	367.422778	4.0
1767	6452.975928	0.000000	0.000028	301.061501	5.0
1768	6936.350830	0.000000	0.000028	546.890310	4.9
1769	6640.003088	0.000000	0.000028	336.135644	4.9
1770	6640.163653	0.000000	0.000028	311.868312	4.6
1771	6592.977475	0.000000	0.000028	335.893203	5.0
1772	6352.335642	0.000000	0.000028	350.770405	5.0
1773	6733.050308	0.000000	0.000028	354.068495	4.9
1774	6621.962736	0.000000	0.000028	330.964025	5.0
1775	6483.540640	0.000000	0.000028	393.997949	4.9
1776	6742.102014	0.000000	0.000028	389.849693	4.5
1777	6851.071694	0.000000	0.000028	462.745388	3.8
1778	6740.218621	0.000000	0.000028	350.223906	3.7
1779	6780.654791	0.000000	0.000028	539.981891	3.4
1780	6647.078926	0.000000	0.000028	366.365445	3.2
1781	6832.376044	0.000000	0.000028	336.412881	3.3
1782	6706.500204	0.000000	0.000028	550.372766	3.4
1783	6709.146230	0.000000	0.000028	427.890828	3.5
1784	6653.540228	0.000000	0.000028	351.171433	3.4
1785	6696.473679	0.000000	0.000028	363.276372	4.8
1786	6608.722413	0.000000	0.000028	399.363955	4.8
1787	6305.370724	0.000000	0.000028	349.536410	3.9
1788	6555.056882	0.000000	0.000028	288.916921	3.8
1789	6767.881891	0.000000	0.000028	348.782256	3.7
1790	6688.867521	0.000000	0.000028	643.154540	2.9
1791	6672.413020	0.000000	0.000028	432.175073	3.0
1792	6722.623575	0.000000	0.000028	326.137852	2.9
1793	6632.516997	0.000000	0.000028	384.632333	3.4
1794	6657.218530	0.000000	0.000028	567.664705	3.3
1795	6643.827312	0.003607	0.000028	336.103679	5.4
1796	6547.160317	0.001334	0.000028	299.522873	5.1
1797	6633.351529	0.000000	0.000028	300.353955	3.8
1798	6408.755161	0.000000	0.000028	594.790478	4.6
1799	6685.822137	0.000000	0.000028	303.201174	4.7
1800	6676.374701	0.000000	0.000028	390.689117	4.8
1801	6589.880229	0.000000	0.000028	329.560883	3.6
1802	6670.870726	0.000000	0.000028	354.730147	5.2
1803	6845.838021	0.000000	0.000028	466.785849	5.0
1804	6679.457231	0.000000	0.000028	457.160567	5.4
1805	6543.800218	0.016390	0.000028	310.509774	5.5
1806	6698.966106	0.010275	0.000028	407.709358	5.3
1807	6490.808936	0.000972	0.000028	327.156686	5.3
1808	6328.350442	0.000000	0.000028	387.452005	4.9
1809	6589.415190	0.000000	0.000028	417.439105	4.7
1810	6480.046798	0.000000	0.000028	284.332242	4.4
1811	6618.491283	0.000000	0.000028	311.978898	4.4
1812	6447.822624	0.000000	0.000028	308.719445	3.8
1813	6647.892094	0.000000	0.000028	383.089846	3.5
1814	6611.676692	0.000000	0.000028	395.964905	5.2
1815	6558.435640	0.000000	0.000028	451.827505	5.2
1816	6782.813960	0.001595	0.000028	419.741280	5.3
1817	6655.273886	0.000000	0.000028	334.434757	5.4
1818	6552.127868	0.000000	0.000028	326.332232	5.1
1819	6740.762532	0.000000	0.000028	316.118334	5.1
1820	6596.824948	0.000000	0.000028	343.442959	4.7
1821	6801.608566	0.000000	0.000028	480.446672	3.8
1822	6488.442043	0.000000	0.000028	368.878445	3.8
1823	6559.266992	0.000000	0.000028	437.968153	3.5
1824	6359.451345	0.000000	0.000028	603.348383	3.4
1825	6616.973015	0.057343	0.000028	374.101497	3.3
1826	6536.394772	0.054984	0.000028	335.517287	3.1
1827	6678.044097	0.046350	0.000028	491.482025	2.9
1828	6428.219482	0.036494	0.000028	590.836249	2.8
1829	6297.280856	0.154597	0.000028	537.378362	2.9
1830	6526.929732	0.144459	0.000028	334.470022	3.1
1831	6419.234511	0.139236	0.000028	366.257260	3.0
1832	6492.237897	0.130188	0.000028	393.565903	3.2
1833	6640.734769	0.125211	0.000028	508.854054	5.0
1834	6365.918868	0.136113	0.000028	349.153140	5.1
1835	6428.393481	0.133663	0.000028	446.194936	5.1
1836	6569.386850	0.123937	0.000028	523.353520	4.7
1837	6516.820694	0.157249	0.000028	311.477695	4.9
1838	6788.424538	0.152067	0.000028	310.871361	4.7
1839	6506.007008	0.143695	0.000028	332.773928	3.7
1840	6668.671951	0.135043	0.000028	407.947506	3.7
1841	6402.290539	0.127366	0.000028	356.968967	3.7
1842	6819.459482	0.122493	0.000028	329.974875	3.1
1843	6509.780815	0.113698	0.000028	344.077304	3.2
1844	6370.527777	0.104798	0.000028	293.131023	3.2
1845	6506.121050	0.095865	0.000028	335.366876	2.7
1846	6486.642912	0.087523	0.000028	408.461557	2.9
1847	6752.981119	0.077937	0.000028	358.210519	5.5
1848	6444.695890	0.068135	0.000028	295.431641	5.2
1849	6223.316555	0.059287	0.000028	384.681264	5.4
1850	6548.567049	0.050552	0.000028	434.881245	4.3
1851	6492.610206	0.040593	0.000028	377.728479	4.6
1852	6252.902532	0.035378	0.000028	391.915420	3.7
1853	6374.121879	0.025535	0.000028	559.858834	3.9
1854	6330.673291	0.050501	0.000028	298.916908	3.5
1855	6661.690811	0.041628	0.000028	418.501629	3.0
1856	6374.576889	0.033464	0.000028	300.258943	3.2
1857	6730.397327	0.024290	0.000028	537.963357	2.9
1858	6557.894885	0.014998	0.000028	454.860535	2.8
1859	6454.707283	0.033349	0.000028	454.672596	2.8
1860	6485.154835	0.023290	0.000028	374.615482	2.8
1861	6417.440065	0.015026	0.000028	299.885469	3.0
1862	6555.047069	0.006476	0.000028	443.290010	3.0
1863	6748.442298	0.000000	0.000028	452.540505	2.9
1864	6491.433990	0.000000	0.000028	539.718505	3.1
1865	6496.252080	0.023474	0.000028	365.762002	3.2
1866	6183.693493	0.013841	0.000028	458.357773	3.2
1867	6414.592094	0.006518	0.000028	295.834737	3.1
1868	6494.738014	0.000000	0.000028	395.976122	2.7
1869	6563.653116	0.000000	0.000028	293.085252	2.6
1870	6623.335443	0.000000	0.000028	315.327221	2.5
1871	6399.120327	0.000000	0.000028	440.989247	2.5
1872	6392.182247	0.000000	0.000028	359.122759	2.4
1873	6440.688868	0.000000	0.000028	296.168847	2.5
1874	6160.620317	0.000000	0.000028	408.966218	2.4
1875	6674.555244	0.000000	0.000028	369.563665	2.5
1876	6416.371373	0.000000	0.000028	332.748196	2.6
1877	6436.534382	0.000000	0.000028	408.583663	2.7
1878	6429.349522	0.000000	0.000028	301.985083	2.5
1879	6472.636651	0.000000	0.000028	841.587878	2.5
1880	6511.849577	0.000000	0.000028	368.379633	2.4
1881	6576.270102	0.000000	0.000028	417.505389	2.4
1882	6538.846409	0.000000	0.000028	360.162891	2.4
1883	6370.738668	0.000000	0.000028	386.158626	2.5
1884	6350.050736	0.000000	0.000028	317.395375	5.0
1885	6391.545935	0.000000	0.000028	288.010521	4.9
1886	6523.914830	0.000000	0.000028	344.883146	4.9
1887	6392.885715	0.000000	0.000028	333.481765	3.3
1888	6477.443140	0.000000	0.000028	355.297371	3.4
1889	6390.670503	0.000000	0.000028	385.016752	3.9
1890	6268.391652	0.000000	0.000028	348.450118	3.6
1891	6388.783172	0.000000	0.000028	342.678839	2.7
1892	6520.409024	0.000000	0.000028	400.572763	2.8
1893	6400.535305	0.000000	0.000028	328.369440	2.7
1894	6412.417000	0.000000	0.000028	338.219071	2.6
1895	6287.333834	0.000000	0.000028	279.971308	2.4
1896	6154.257951	0.000000	0.000028	272.935403	3.3
1897	6342.934240	0.000000	0.000028	316.500826	2.4
1898	6469.816753	0.000000	0.000028	305.955565	2.3
1899	6502.128212	0.000000	0.000028	287.951386	2.3
1900	6152.797050	0.000000	0.000028	324.649736	2.3
1901	6324.742986	0.000000	0.000028	438.887366	2.3
1902	6358.416136	0.000000	0.000028	324.247490	2.4
1903	6189.617016	0.000000	0.000028	311.178676	2.6
1904	6266.685694	0.000000	0.000028	317.971952	2.5
1905	6141.863066	0.000000	0.000028	283.055984	2.5
1906	6051.955983	0.000000	0.000028	385.534217	2.5
1907	6292.430059	0.000000	0.000028	287.557293	2.5
1908	6399.831772	0.000000	0.000028	293.445044	2.6
1909	6344.022742	0.000000	0.000028	298.456322	2.5
1910	6296.504502	0.000000	0.000028	337.219525	2.4
1911	6442.516405	0.000000	0.000028	334.072885	2.4
1912	6456.689965	0.000000	0.000028	403.630255	2.5
1913	6379.100507	0.000000	0.000028	330.282435	2.3
1914	6192.013966	0.000000	0.000028	431.351903	2.5
1915	6402.766993	0.000000	0.000028	326.816223	2.6
1916	6211.901625	0.000000	0.000028	417.571576	2.7
1917	6250.995606	0.000000	0.000028	306.893023	2.7
1918	6358.557447	0.000000	0.000028	331.976082	2.6
1919	6310.282985	0.000000	0.000028	349.579394	2.5
1920	6368.772264	0.000000	0.000028	325.558305	2.9
1921	6242.936876	0.000000	0.000028	348.658487	2.7
1922	6324.506276	0.000000	0.000028	297.451485	2.1
1923	6117.793493	0.000000	0.000028	378.821079	2.3
1924	6361.065593	0.000000	0.000028	305.791525	2.1
1925	6220.914251	0.000000	0.000028	375.812050	4.6
1926	6244.775951	0.000000	0.000028	288.883916	5.1
1927	6380.399108	0.000000	0.000028	564.257825	5.0
1928	6522.750056	0.000000	0.000028	286.160865	4.9
1929	6529.323843	0.000000	0.000028	311.991122	4.7
1930	6411.067441	0.000000	0.000028	290.400587	3.6
1931	6453.155534	0.000000	0.000028	307.781173	3.6
1932	6281.655688	0.000000	0.000028	317.610618	4.6
1933	6368.398872	0.000000	0.000028	333.021205	4.6
1934	6172.475253	0.000000	0.000028	336.043962	4.2
1935	6499.214376	0.000000	0.000028	337.287938	3.4
1936	6400.291134	0.000000	0.000028	302.061074	3.4
1937	6079.942060	0.000000	0.000028	283.083979	3.3
1938	6443.199869	0.000000	0.000028	443.718616	3.1
1939	6435.473920	0.000000	0.000028	287.134678	3.0
1940	6452.135170	0.000000	0.000028	412.558938	3.1
1941	6219.234912	0.000000	0.000028	282.885872	2.8
1942	6102.911737	0.000000	0.000028	501.627098	2.7
1943	6214.563841	0.000000	0.000028	327.064525	2.7
1944	6129.332162	0.000000	0.000028	365.595258	2.7
1945	6278.450089	0.000000	0.000028	373.737348	2.8
1946	6184.482911	0.000000	0.000028	335.429151	2.8
1947	6302.116824	0.000000	0.000028	345.294040	2.7
1948	6255.412935	0.000000	0.000028	300.726163	2.8
1949	6091.220671	0.000000	0.000028	309.980703	2.8
1950	6332.176426	0.000000	0.000028	294.311322	2.8
1951	6367.509194	0.000000	0.000028	388.893983	2.8
1952	6131.617495	0.000000	0.000028	304.415343	2.9
1953	6284.275924	0.000000	0.000028	305.447532	2.8
1954	6098.706507	0.000000	0.000028	467.125811	2.9
1955	6249.863321	0.000000	0.000028	432.644989	3.0
1956	6273.312445	0.011427	0.000028	290.728871	4.9
1957	6310.938662	0.003000	0.000028	306.955104	3.3
1958	6025.519902	0.000000	0.000028	283.955560	4.8
1959	6127.887272	0.000000	0.000028	376.143656	4.9
1960	6133.499743	0.000000	0.000028	334.599732	5.2
1961	6292.702181	0.000000	0.000028	384.160158	4.5
1962	6162.814161	0.000000	0.000028	359.154293	5.1
1963	6200.041208	0.000000	0.000028	395.450855	4.9
1964	6294.806129	0.000000	0.000028	321.962488	3.7
1965	6288.933000	0.000000	0.000028	366.132096	3.7
1966	6044.845845	0.000000	0.000028	425.970475	3.6
1967	6242.654772	0.000620	0.000028	339.447555	3.5
1968	6229.992812	0.000000	0.000028	294.524398	3.7
1969	6210.411210	0.000000	0.000028	336.713205	3.7
1970	6014.743005	0.000000	0.000028	304.483230	5.2
1971	6247.056541	0.000000	0.000028	366.537882	3.6
1972	6190.376470	0.000000	0.000028	300.221265	3.0
1973	6017.167354	0.000000	0.000028	435.632128	3.0
1974	6150.665707	0.000000	0.000028	337.911614	3.0
1975	6113.893608	0.000000	0.000028	388.017594	2.7
1976	6294.098304	0.000000	0.000028	513.651433	2.7
1977	6415.477844	0.017692	0.000028	454.445080	2.8
1978	6179.601987	0.055983	0.000028	297.207632	5.3
1979	6077.194161	0.050037	0.000028	597.973461	3.4
1980	6211.753229	0.040325	0.000028	319.038921	2.5
1981	6121.017008	0.040933	0.000028	330.745128	2.9
1982	5972.264428	0.031748	0.000028	276.211079	3.2
1983	6392.343512	0.023975	0.000028	375.055182	2.9
1984	6177.291908	0.015062	0.000028	279.796255	2.9
1985	6140.977864	0.007202	0.000028	294.806455	2.7
1986	6262.149533	0.000000	0.000028	363.567911	2.9
1987	6181.335946	0.000000	0.000028	299.619698	4.0
1988	6132.356226	0.000000	0.000028	378.044974	2.8
1989	6052.502364	0.000000	0.000028	323.736318	2.8
1990	6225.876294	0.000000	0.000028	326.383065	2.9
1991	6088.313997	0.000000	0.000028	435.404069	3.1
1992	6318.602552	0.000000	0.000028	349.553935	4.2
1993	6259.382469	0.000000	0.000028	278.677561	3.0
1994	6290.184313	0.000000	0.000028	322.374283	3.2
1995	6233.248435	0.000000	0.000028	409.516534	3.2
1996	6314.643948	0.000000	0.000028	279.319172	3.3
1997	6162.040324	0.000000	0.000028	296.849228	2.6
1998	5903.269176	0.000000	0.000028	313.596686	2.6
1999	6083.405592	0.000000	0.000028	295.972830	2.6
