1:ItNr	2:Metric	3a:Time	3b:StepSize	4:||Gradient||	Time[ms]
0	211591.129961	0.000000	0.000059	30284.470949	248.0
1	176653.913140	0.000000	0.000059	27622.137584	1.6
2	130829.274031	0.000000	0.000059	25141.012080	1.9
3	94404.391034	0.000000	0.000059	21724.690587	2.4
4	73522.517179	0.000000	0.000059	20552.100320	2.0
5	49820.799874	0.000000	0.000059	17111.203025	2.1
6	33223.656837	0.000000	0.000059	12897.372897	1.9
7	23818.527117	0.000000	0.000059	10527.452221	1.9
8	18110.222813	0.000000	0.000059	8049.338056	2.3
9	15222.693592	0.000000	0.000059	6516.823642	2.4
10	13062.428958	0.000000	0.000059	5193.344527	2.5
11	11266.407814	0.000000	0.000059	3919.967921	2.5
12	10612.151729	0.000000	0.000059	3205.624132	3.1
13	9630.421963	0.000000	0.000059	2485.206826	3.1
14	9717.315568	0.000000	0.000059	2110.053245	3.1
15	9107.409357	0.000000	0.000059	1668.504860	2.8
16	9341.807339	0.000000	0.000059	1320.398049	3.2
17	9073.879728	0.000000	0.000059	1151.786366	3.8
18	9155.908291	0.000000	0.000059	1123.319294	4.0
19	9176.108424	0.000000	0.000059	921.335326	4.0
20	8991.480367	0.000000	0.000059	883.235603	4.0
21	8865.610205	0.000000	0.000059	892.147640	3.2
22	9114.796642	0.000000	0.000059	686.256572	3.1
23	8335.717745	0.000000	0.000059	632.741233	3.3
24	8612.524060	0.000000	0.000059	621.134751	3.4
25	9113.884369	0.000000	0.000059	620.024791	3.4
26	8391.645863	0.000000	0.000059	664.537901	3.2
27	8583.643376	0.000000	0.000059	394.528694	3.4
28	8454.655679	0.000000	0.000059	478.158554	3.3
29	8760.871664	0.000000	0.000059	550.809696	3.3
30	8417.310757	0.000000	0.000059	373.518072	3.6
31	8948.527091	0.000000	0.000059	398.908354	3.7
32	8831.809782	0.000000	0.000059	421.150926	3.8
33	8434.199186	0.000000	0.000059	398.555932	4.1
34	8277.757076	0.000000	0.000059	430.323758	4.0
35	8731.571779	0.000000	0.000059	470.779246	3.3
36	8474.704219	0.000000	0.000059	509.658235	3.3
37	8366.657709	0.000000	0.000059	456.871244	3.2
38	8277.222602	0.000000	0.000059	377.526156	3.2
39	8285.332752	0.000000	0.000059	500.101663	3.2
40	8489.119786	0.000000	0.000059	416.809039	3.2
41	8634.216430	0.000000	0.000059	452.197591	3.3
42	8416.163922	0.000000	0.000059	363.511687	3.4
43	8248.909210	0.000000	0.000059	356.458188	3.3
44	8616.180635	0.000000	0.000059	392.614089	3.3
45	8995.163646	0.000000	0.000059	455.420821	3.3
46	8762.951814	0.000000	0.000059	411.707536	3.4
47	8390.564971	0.000000	0.000059	412.519565	3.5
48	8423.079190	0.000000	0.000059	407.579168	3.4
49	8501.945708	0.000000	0.000059	340.707685	3.5
50	8274.698808	0.000000	0.000059	473.320671	3.4
51	8770.631039	0.000000	0.000059	389.656262	3.4
52	8254.960777	0.000000	0.000059	346.026539	3.3
53	8692.860476	0.000000	0.000059	457.292709	3.7
54	8924.395799	0.000000	0.000059	459.864481	5.6
55	8440.303918	0.000000	0.000059	376.504507	5.3
56	8228.414789	0.000000	0.000059	368.809479	4.5
57	8098.205611	0.000000	0.000059	337.015774	5.2
58	8364.369646	0.000000	0.000059	377.170975	5.1
59	8568.282177	0.000000	0.000059	446.192765	4.1
60	8476.861827	0.000000	0.000059	355.469182	4.4
61	8276.530994	0.000000	0.000059	351.052374	5.2
62	8604.597385	0.000000	0.000059	420.378778	4.2
63	8132.620675	0.000000	0.000059	377.382347	4.4
64	8709.464149	0.000000	0.000059	422.876044	4.3
65	8586.906640	0.000000	0.000059	357.435746	4.3
66	8397.556879	0.000000	0.000059	420.801198	4.5
67	8109.643020	0.000000	0.000059	374.574571	4.5
68	8231.363440	0.000000	0.000059	540.273894	4.2
69	8212.239607	0.000000	0.000059	373.885493	4.1
70	8702.047429	0.000000	0.000059	375.883607	3.9
71	8599.794093	0.000000	0.000059	395.479292	3.8
72	8230.599810	0.000000	0.000059	436.259504	3.8
73	8371.087446	0.000000	0.000059	376.802524	3.6
74	8662.706844	0.000000	0.000059	370.812581	3.6
75	8251.151089	0.000000	0.000059	362.468193	3.7
76	8640.002603	0.000000	0.000059	380.685187	3.9
77	8339.176766	0.000000	0.000059	366.210881	3.9
78	8348.945706	0.000000	0.000059	462.783095	3.8
79	8398.602318	0.000000	0.000059	377.650063	3.7
80	8590.083284	0.000000	0.000059	379.903726	3.8
81	8453.973558	0.000000	0.000059	448.764831	3.8
82	8183.341993	0.000000	0.000059	394.439330	3.8
83	8443.821940	0.000000	0.000059	405.653301	3.7
84	8305.358692	0.000000	0.000059	393.870514	3.6
85	8437.508192	0.000000	0.000059	406.056271	3.5
86	8688.217861	0.000000	0.000059	433.548468	3.4
87	8090.227998	0.000000	0.000059	351.816883	3.4
88	8155.999145	0.000000	0.000059	364.793945	3.3
89	8380.505515	0.000000	0.000059	355.866923	3.4
90	8096.438968	0.000000	0.000059	473.603158	3.6
91	7893.547450	0.000000	0.000059	370.969990	3.7
92	8303.798737	0.000000	0.000059	387.406398	3.7
93	8250.987194	0.000000	0.000059	372.276745	3.7
94	8031.651985	0.000000	0.000059	424.958653	3.6
95	8083.956140	0.000000	0.000059	460.245953	3.4
96	8610.202585	0.000000	0.000059	429.327436	3.5
97	8331.894403	0.000000	0.000059	403.292039	5.5
98	7831.489878	0.000000	0.000059	382.810005	5.5
99	7840.050099	0.000000	0.000059	328.225848	5.2
100	8064.662759	0.000000	0.000059	348.575182	5.0
101	8171.139789	0.000000	0.000059	360.369072	5.0
102	8737.252402	0.000000	0.000059	577.317044	5.8
103	8492.645248	0.000000	0.000059	346.649319	5.7
104	8386.109032	0.000000	0.000059	367.071463	5.4
105	7935.422238	0.000000	0.000059	385.096951	5.3
106	8261.314536	0.000000	0.000059	394.831128	5.3
107	8096.899555	0.000000	0.000059	352.178240	4.8
108	7670.696843	0.000000	0.000059	340.560383	5.0
109	8111.365574	0.000000	0.000059	364.070705	4.2
110	8148.788396	0.000000	0.000059	417.260164	5.0
111	8114.174226	0.000000	0.000059	352.584763	4.0
112	8405.076878	0.000000	0.000059	385.927170	4.1
113	8254.266915	0.000000	0.000059	430.165591	4.0
114	8185.325802	0.000000	0.000059	345.789036	4.1
115	8230.448698	0.000000	0.000059	374.325709	4.2
116	7908.033046	0.000000	0.000059	341.364695	4.4
117	8214.070349	0.000000	0.000059	395.875112	4.5
118	8240.641595	0.000000	0.000059	341.095638	3.5
119	8013.369372	0.000000	0.000059	391.522050	5.4
120	7954.549325	0.000000	0.000059	349.045942	5.2
121	7949.074664	0.000000	0.000059	330.855938	5.9
122	7881.009397	0.000000	0.000059	324.542061	5.6
123	8037.319690	0.000000	0.000059	330.478905	5.5
124	7975.055839	0.000000	0.000059	333.002100	5.5
125	7827.844781	0.000000	0.000059	370.114284	5.4
126	8068.809332	0.000000	0.000059	385.866653	5.5
127	7832.682563	0.000000	0.000059	353.971835	5.2
128	8335.691555	0.000000	0.000059	392.644632	5.4
129	7910.644935	0.000000	0.000059	343.088834	4.3
130	7955.714797	0.000000	0.000059	324.618377	4.4
131	7664.829372	0.000000	0.000059	372.337241	4.3
132	7797.275004	0.000000	0.000059	400.464320	3.6
133	8128.603291	0.000000	0.000059	322.597704	3.6
134	7754.433213	0.000000	0.000059	322.051033	3.5
135	8033.699056	0.000000	0.000059	311.611132	3.8
136	7698.779150	0.000000	0.000059	307.486350	3.4
137	7877.422330	0.000000	0.000059	374.647536	3.4
138	7803.516515	0.000000	0.000059	340.215982	3.4
139	8169.394814	0.000000	0.000059	331.024492	3.4
140	7821.516167	0.000000	0.000059	310.301814	3.4
141	7633.290614	0.000000	0.000059	388.641013	3.3
142	7832.746262	0.000000	0.000059	360.188480	3.4
143	7964.458686	0.000000	0.000059	425.667877	3.3
144	7964.466732	0.000000	0.000059	357.627551	3.2
145	7554.442319	0.000000	0.000059	385.128789	3.2
146	7797.348954	0.000000	0.000059	474.680946	3.5
147	7973.968451	0.000000	0.000059	312.789097	3.6
148	7501.793236	0.000000	0.000059	367.369640	3.7
149	7970.579351	0.000000	0.000059	356.008938	3.6
150	7969.064574	0.000000	0.000059	352.676243	3.6
151	7867.714950	0.000000	0.000059	319.834078	3.5
152	8053.826033	0.000000	0.000059	620.371187	3.2
153	7517.605782	0.000000	0.000059	333.769305	3.7
154	7757.124106	0.000000	0.000059	337.776675	3.2
155	7666.035338	0.000000	0.000059	314.916037	3.4
156	7788.862227	0.000000	0.000059	332.208632	3.3
157	8104.440031	0.000000	0.000059	349.617841	3.4
158	7652.130512	0.000000	0.000059	318.492201	3.1
159	7654.444238	0.000000	0.000059	443.128669	3.0
160	7463.645270	0.000000	0.000059	392.284576	3.3
161	7952.140075	0.000000	0.000059	414.409095	5.2
162	7138.125060	0.000000	0.000059	324.950007	5.0
163	7466.528884	0.000000	0.000059	310.730330	3.7
164	7683.814445	0.000000	0.000059	347.141302	3.6
165	7852.333540	0.000000	0.000059	423.611276	3.6
166	7831.961149	0.000000	0.000059	309.096003	3.8
167	7609.541613	0.000000	0.000059	425.625266	3.8
168	7741.576090	0.000000	0.000059	359.325952	3.8
169	7858.288685	0.000000	0.000059	307.853005	4.1
170	7900.843455	0.000000	0.000059	352.992383	3.8
171	7548.776668	0.000000	0.000059	323.475429	3.2
172	8362.160339	0.000000	0.000059	370.722593	3.2
173	7470.185080	0.000000	0.000059	313.165642	3.1
174	7926.488393	0.000000	0.000059	307.989039	3.1
175	7753.902802	0.000000	0.000059	317.852381	3.0
176	8012.489809	0.000000	0.000059	321.484272	3.1
177	7563.780200	0.000000	0.000059	298.492882	3.1
178	7466.213069	0.000000	0.000059	313.192600	3.5
179	7607.374043	0.000000	0.000059	313.435630	4.8
180	7765.858268	0.000000	0.000059	333.050813	4.4
181	7614.457347	0.000000	0.000059	302.854253	4.2
182	7482.806553	0.000000	0.000059	313.058970	6.3
183	7326.124041	0.000000	0.000059	413.372797	5.9
184	7542.114474	0.000000	0.000059	335.737182	5.7
185	7714.622437	0.000000	0.000059	324.427576	5.4
186	7334.949178	0.000000	0.000059	290.042451	4.4
187	7514.542606	0.000000	0.000059	304.707591	4.2
188	7772.367132	0.000000	0.000059	333.396651	4.8
189	7407.244319	0.000000	0.000059	433.573816	4.7
190	7547.571645	0.000000	0.000059	379.680715	3.7
191	7522.466871	0.000000	0.000059	297.305337	3.8
192	7578.463057	0.000000	0.000059	406.571359	3.7
193	7943.010379	0.000000	0.000059	325.720273	3.5
194	7373.209797	0.000000	0.000059	325.156647	3.5
195	7693.621358	0.000000	0.000059	383.396750	3.3
196	7662.167358	0.000000	0.000059	309.535117	3.1
197	7475.982834	0.000000	0.000059	358.179866	3.0
198	7408.398864	0.000000	0.000059	354.846199	3.0
199	7334.409769	0.000000	0.000059	372.134363	3.3
200	7491.868967	0.000000	0.000059	328.755837	5.2
201	7045.003262	0.000000	0.000059	286.581658	5.6
202	7517.173064	0.000000	0.000059	436.048932	4.2
203	7504.600737	0.000000	0.000059	306.136604	4.4
204	7460.892409	0.000000	0.000059	313.363704	3.2
205	7577.556166	0.000000	0.000059	331.845388	3.4
206	7464.305997	0.000000	0.000059	319.470808	3.8
207	7701.857743	0.000000	0.000059	443.660539	5.3
208	7650.078232	0.000000	0.000059	334.575944	3.5
209	7549.490017	0.000000	0.000059	374.147782	2.4
210	7309.596243	0.000000	0.000059	315.633338	4.3
211	7337.073153	0.000000	0.000059	323.102894	4.5
212	7439.206801	0.000000	0.000059	283.043599	4.6
213	7339.293716	0.000000	0.000059	332.157190	3.7
214	7459.840626	0.000000	0.000059	395.068138	4.3
215	7118.459276	0.000000	0.000059	272.826871	4.5
216	7557.848363	0.000000	0.000059	328.580373	4.5
217	7652.772320	0.000000	0.000059	330.244507	4.2
218	7354.956264	0.000000	0.000059	392.077478	4.5
219	7295.568333	0.000000	0.000059	348.686148	4.5
220	7228.928337	0.000000	0.000059	332.680664	3.6
221	7639.310026	0.000000	0.000059	312.116280	3.5
222	7687.989508	0.000000	0.000059	305.555325	3.5
223	7412.858437	0.000000	0.000059	334.131761	3.2
224	7418.974245	0.000000	0.000059	371.484356	3.2
225	7632.761607	0.000000	0.000059	436.843401	3.2
226	7603.319756	0.000000	0.000059	346.434132	3.1
227	7326.613968	0.000000	0.000059	370.475051	3.2
228	7045.238944	0.000000	0.000059	304.789285	3.2
229	7722.967179	0.000000	0.000059	307.852787	3.3
230	7246.163912	0.000000	0.000059	554.123150	3.4
231	7477.686321	0.000000	0.000059	407.259225	3.4
232	7560.010286	0.012146	0.000059	304.233964	3.5
233	7439.538068	0.003183	0.000059	336.898442	3.4
234	7480.590136	0.000000	0.000059	321.871867	3.5
235	7398.742029	0.000000	0.000059	305.411387	3.7
236	7261.047641	0.000000	0.000059	298.007684	3.8
237	7644.581266	0.000000	0.000059	313.890688	3.7
238	7367.070655	0.000000	0.000059	303.008990	3.4
239	7395.151019	0.000000	0.000059	349.252069	3.5
240	7556.166580	0.000000	0.000059	301.398708	3.4
241	7250.909265	0.000000	0.000059	271.162656	3.5
242	7346.132172	0.000000	0.000059	287.805371	3.5
243	7134.000370	0.000000	0.000059	279.568209	3.6
244	7309.200431	0.000000	0.000059	273.608778	3.8
245	7461.038736	0.000000	0.000059	275.715793	3.9
246	7100.966034	0.000000	0.000059	423.926102	3.1
247	7417.994418	0.000000	0.000059	342.202426	3.0
248	7387.595177	0.000000	0.000059	271.154185	3.1
249	7674.178433	0.000000	0.000059	297.437819	3.1
250	7480.830145	0.000000	0.000059	278.233109	3.0
251	7381.408567	0.000000	0.000059	381.780651	3.1
252	7557.466583	0.000000	0.000059	286.449983	3.0
253	7306.317801	0.000000	0.000059	348.863712	3.4
254	7143.578576	0.000000	0.000059	314.685191	3.4
255	7190.754531	0.000000	0.000059	321.192168	4.0
256	7111.105451	0.000000	0.000059	281.321696	3.9
257	7658.062380	0.000000	0.000059	345.796172	4.0
258	7128.282534	0.000000	0.000059	305.542506	2.8
259	7253.778689	0.000000	0.000059	301.570795	2.6
260	7312.959460	0.000000	0.000059	286.150775	2.6
261	7165.012611	0.000000	0.000059	273.049837	3.6
262	7134.193146	0.000000	0.000059	393.751045	2.7
263	7245.770916	0.000000	0.000059	279.562735	2.6
264	7366.910065	0.000000	0.000059	315.671771	2.6
265	7170.504160	0.000000	0.000059	277.257182	2.8
266	7344.109236	0.000000	0.000059	321.777837	2.6
267	7449.479760	0.000000	0.000059	295.763607	2.8
268	7215.668908	0.000000	0.000059	275.247898	2.6
269	7549.431951	0.000000	0.000059	455.985656	3.7
270	7207.083325	0.000000	0.000059	292.801358	2.8
271	7357.399502	0.000000	0.000059	271.611291	2.9
272	7058.641710	0.000000	0.000059	296.986456	3.5
273	6932.639163	0.000000	0.000059	269.977283	5.4
274	7153.887578	0.000000	0.000059	285.724156	5.1
275	7302.050732	0.000000	0.000059	334.772484	5.5
276	7358.307139	0.000000	0.000059	293.875869	5.4
277	6830.598228	0.000000	0.000059	268.215617	5.6
278	7238.358613	0.000000	0.000059	290.673779	4.3
279	7335.413743	0.000000	0.000059	386.577178	4.3
280	6742.837271	0.000000	0.000059	434.681379	4.0
281	7147.961257	0.000000	0.000059	311.095554	4.3
282	7036.554718	0.000000	0.000059	311.237142	4.5
283	7151.759802	0.000000	0.000059	309.676225	4.7
284	7273.478830	0.000000	0.000059	261.064346	4.7
285	6766.729454	0.000000	0.000059	321.583497	5.5
286	7384.972515	0.000000	0.000059	327.378775	5.7
287	7460.310924	0.000000	0.000059	280.120851	5.5
288	7068.922816	0.000000	0.000059	278.418700	5.7
289	6910.531741	0.000000	0.000059	279.782572	5.4
290	7130.659738	0.000000	0.000059	281.326737	5.1
291	7053.285300	0.000000	0.000059	305.970808	5.2
292	7189.227136	0.000000	0.000059	325.468843	4.2
293	6954.520890	0.000000	0.000059	293.783512	4.1
294	7074.760579	0.000000	0.000059	280.204249	4.0
295	6554.441434	0.000000	0.000059	301.834925	3.8
296	7343.215226	0.000000	0.000059	432.301731	3.7
297	7410.057355	0.000000	0.000059	284.514309	3.5
298	7063.166620	0.000000	0.000059	271.136155	3.4
299	7301.957326	0.000000	0.000059	317.294702	3.4
300	7064.694863	0.000000	0.000059	271.190701	3.2
301	7203.752663	0.000000	0.000059	272.098873	3.2
302	6888.723006	0.000000	0.000059	266.698704	3.2
303	7337.420497	0.000000	0.000059	279.729205	5.8
304	7083.555533	0.000000	0.000059	333.902804	4.1
305	7052.445386	0.000000	0.000059	519.134715	5.7
306	6943.663778	0.004833	0.000059	322.596303	5.1
307	6855.473554	0.011526	0.000059	262.066684	5.2
308	7189.474436	0.004954	0.000059	304.126925	5.2
309	6828.490190	0.000000	0.000059	260.155573	4.4
310	7078.341508	0.000000	0.000059	264.173025	5.5
311	7111.096663	0.000000	0.000059	269.547426	4.2
312	6973.957388	0.000000	0.000059	320.344676	4.4
313	7133.883064	0.000000	0.000059	257.700003	4.0
314	7153.596380	0.000000	0.000059	424.058746	3.7
315	6909.235951	0.000000	0.000059	381.168990	3.8
316	7005.613639	0.001167	0.000059	342.195088	4.0
317	7121.732240	0.000938	0.000059	257.152356	3.9
318	6819.932113	0.000000	0.000059	316.633923	4.0
319	7170.428666	0.000000	0.000059	263.681374	3.9
320	7063.575653	0.000000	0.000059	330.075357	4.0
321	6989.539802	0.000000	0.000059	262.974397	3.1
322	6841.190461	0.000000	0.000059	324.339418	3.4
323	6839.060515	0.000000	0.000059	305.979866	5.5
324	6964.956764	0.000000	0.000059	254.672872	5.6
325	7056.251935	0.000000	0.000059	313.079211	4.6
326	6733.364525	0.000000	0.000059	311.979580	4.7
327	6767.649573	0.000000	0.000059	249.961795	4.2
328	6963.305747	0.000000	0.000059	267.233870	5.0
329	6576.588109	0.000000	0.000059	278.808136	3.0
330	7224.437531	0.000000	0.000059	309.402651	3.6
331	6854.977495	0.000000	0.000059	355.774624	3.6
332	6967.086203	0.000000	0.000059	269.380384	3.7
333	7017.408728	0.000000	0.000059	312.369514	3.1
334	6785.237652	0.000000	0.000059	344.526792	3.0
335	7050.357165	0.000000	0.000059	272.064586	3.0
336	6970.755126	0.000000	0.000059	300.860852	3.0
337	7076.565047	0.000000	0.000059	336.428456	3.0
338	7222.682219	0.000000	0.000059	277.076845	3.1
339	6856.805962	0.000000	0.000059	278.530614	3.2
340	6697.543448	0.000000	0.000059	288.911714	3.1
341	6999.513618	0.000000	0.000059	237.066079	3.1
342	7220.836661	0.000000	0.000059	358.810042	3.1
343	6881.331243	0.000000	0.000059	296.397904	3.5
344	6714.606922	0.000000	0.000059	351.914550	3.4
345	7352.726816	0.000000	0.000059	372.558932	3.4
346	6591.842531	0.000588	0.000059	260.350131	3.4
347	7053.492204	0.000000	0.000059	271.708887	3.3
348	6771.145680	0.000000	0.000059	272.833207	3.3
349	6852.130053	0.000000	0.000059	310.876549	3.2
350	7158.864015	0.000000	0.000059	262.301216	3.2
351	6901.639804	0.000000	0.000059	334.216538	3.2
352	6684.300902	0.000000	0.000059	267.337976	3.2
353	7108.450957	0.000000	0.000059	292.463125	3.2
354	6763.774405	0.000000	0.000059	287.062414	3.2
355	7264.255713	0.000000	0.000059	270.710141	3.1
356	6988.777744	0.000000	0.000059	279.599064	3.1
357	6910.647596	0.000000	0.000059	292.819033	3.1
358	6736.374060	0.000000	0.000059	248.624893	3.3
359	7064.315775	0.000000	0.000059	230.700953	3.3
360	7089.238251	0.000000	0.000059	441.283041	3.3
361	7361.009438	0.000000	0.000059	371.062078	3.2
362	6971.259065	0.000000	0.000059	286.519451	3.1
363	6963.421461	0.000000	0.000059	249.507644	3.9
364	6875.710958	0.000000	0.000059	250.994938	5.4
365	6517.321553	0.000000	0.000059	371.795155	5.5
366	6949.025364	0.000000	0.000059	338.584797	4.8
367	6834.160930	0.001484	0.000059	306.746987	4.4
368	7326.300464	0.000000	0.000059	434.321754	4.6
369	6814.164059	0.000000	0.000059	358.530466	4.7
370	6846.478686	0.002979	0.000059	306.891069	5.9
371	6502.256387	0.000000	0.000059	426.968555	5.5
372	6896.960527	0.000000	0.000059	317.989907	4.4
373	6429.733899	0.000000	0.000059	253.655971	4.5
374	6679.172728	0.000000	0.000059	253.149058	4.8
375	6592.495435	0.000000	0.000059	345.777616	4.8
376	7086.632563	0.000000	0.000059	482.805288	3.9
377	6849.858052	0.001718	0.000059	253.662336	4.2
378	6547.724140	0.000000	0.000059	255.503577	4.1
379	6655.068145	0.000000	0.000059	280.029933	5.7
380	6543.350388	0.000000	0.000059	288.532812	5.6
381	6590.484387	0.000000	0.000059	221.026876	5.6
382	6650.760698	0.000000	0.000059	267.737157	5.5
383	6676.039562	0.000000	0.000059	292.395012	5.5
384	6514.069595	0.000000	0.000059	307.072577	5.4
385	6607.577684	0.000000	0.000059	339.526803	5.4
386	6735.272465	0.000000	0.000059	249.626929	4.3
387	6646.507270	0.000000	0.000059	358.893649	4.2
388	6803.210550	0.000000	0.000059	420.455061	3.9
389	6702.460381	0.007252	0.000059	302.053549	3.8
390	7347.696889	0.010352	0.000059	240.013557	4.0
391	6858.198790	0.004931	0.000059	293.132553	5.4
392	6900.195756	0.000000	0.000059	258.914048	5.2
393	6620.460084	0.000000	0.000059	311.683456	4.1
394	6820.411005	0.000000	0.000059	270.072109	4.1
395	7007.331459	0.000000	0.000059	243.651173	3.9
396	6970.420361	0.000000	0.000059	284.143456	3.9
397	6844.497243	0.000000	0.000059	292.051580	3.9
398	6479.502449	0.000000	0.000059	254.346175	3.9
399	6508.640406	0.000000	0.000059	279.294625	3.8
400	6673.297021	0.000000	0.000059	238.520025	3.7
401	6765.368032	0.000000	0.000059	233.782158	3.6
402	6718.701330	0.000000	0.000059	245.925386	3.6
403	6606.579343	0.000000	0.000059	221.715588	5.5
404	6915.734802	0.000000	0.000059	319.261910	5.6
405	6687.211315	0.000000	0.000059	338.869355	5.4
406	6752.209913	0.000000	0.000059	278.745771	3.9
407	6678.288514	0.000000	0.000059	281.720799	4.6
408	7021.268921	0.000000	0.000059	351.879260	4.7
409	6283.634707	0.000000	0.000059	225.507106	3.8
410	6928.989153	0.000000	0.000059	328.326513	3.9
411	6694.837529	0.000000	0.000059	272.076065	3.9
412	6831.690947	0.000000	0.000059	283.314825	3.7
413	6788.257541	0.000000	0.000059	249.592673	3.8
414	6947.035199	0.000000	0.000059	277.268707	4.1
415	6679.110650	0.000000	0.000059	321.700059	5.1
416	6683.098205	0.000000	0.000059	312.044467	4.9
417	6543.508501	0.000000	0.000059	266.700850	5.0
418	6568.065775	0.000000	0.000059	314.238998	2.7
419	6792.525049	0.000000	0.000059	285.238208	2.7
420	6800.116468	0.000000	0.000059	279.481021	2.8
421	7091.616649	0.000000	0.000059	250.371907	2.8
422	6718.992198	0.000000	0.000059	315.958321	3.0
423	6774.547487	0.000000	0.000059	295.744932	4.1
424	6582.869589	0.000000	0.000059	282.917501	5.5
425	6877.694651	0.000000	0.000059	262.227912	4.1
426	6969.031376	0.000000	0.000059	262.256134	4.1
427	6455.935759	0.000000	0.000059	254.517687	4.3
428	6896.246928	0.000000	0.000059	244.023279	4.3
429	6844.372427	0.000000	0.000059	303.084734	4.6
430	6724.435859	0.000000	0.000059	378.526600	4.8
431	6948.527168	0.000000	0.000059	297.100941	5.2
432	6677.463294	0.000000	0.000059	359.056086	5.6
433	6612.544187	0.000000	0.000059	242.928173	5.3
434	6698.195660	0.000000	0.000059	258.434308	5.3
435	6769.762930	0.000000	0.000059	270.831696	4.1
436	6691.243120	0.000000	0.000059	330.340894	4.1
437	6620.947565	0.000000	0.000059	233.605876	4.0
438	6998.592027	0.000000	0.000059	405.195508	3.7
439	6710.448575	0.000000	0.000059	334.796087	3.7
440	6454.589523	0.005881	0.000059	317.120998	3.4
441	7081.880844	0.006989	0.000059	332.922085	3.4
442	6738.895305	0.008042	0.000059	212.626821	3.3
443	6864.113089	0.003146	0.000059	255.708769	3.3
444	6887.155449	0.000000	0.000059	237.808650	3.2
445	6560.057680	0.000000	0.000059	247.746838	3.2
446	6638.888105	0.000000	0.000059	272.745672	3.2
447	6648.151682	0.000000	0.000059	233.667206	3.2
448	6874.781178	0.000000	0.000059	232.798120	3.2
449	6294.188666	0.000000	0.000059	231.196929	3.4
450	6397.254743	0.000000	0.000059	276.458508	3.3
451	6785.925877	0.000000	0.000059	261.739220	3.4
452	6894.172322	0.000000	0.000059	334.220906	3.4
453	6666.874597	0.000000	0.000059	280.382076	3.3
454	6869.737940	0.000000	0.000059	244.757751	3.4
455	6677.873089	0.000000	0.000059	352.775444	3.3
456	6673.067693	0.000000	0.000059	267.668148	3.2
457	6724.644582	0.000000	0.000059	299.493561	3.2
458	6911.439876	0.000000	0.000059	315.838892	3.2
459	6321.167668	0.000000	0.000059	215.232972	3.1
460	6723.184902	0.000000	0.000059	206.821132	5.9
461	6560.906728	0.000000	0.000059	286.622002	3.7
462	6533.936591	0.000000	0.000059	224.055494	5.1
463	6604.081561	0.000000	0.000059	300.759093	4.0
464	6430.920180	0.000000	0.000059	323.413115	4.2
465	6778.949972	0.000000	0.000059	276.977688	3.9
466	6744.135077	0.000000	0.000059	284.876282	3.5
467	7013.845699	0.000000	0.000059	332.268477	3.4
468	6697.443931	0.000000	0.000059	237.338834	3.2
469	6554.707577	0.000000	0.000059	233.250320	3.2
470	6604.553289	0.000000	0.000059	361.672340	3.2
471	6547.291655	0.000000	0.000059	285.644929	3.3
472	6071.964272	0.000000	0.000059	235.241754	3.4
473	6532.205588	0.000000	0.000059	257.268639	3.4
474	6562.445584	0.000000	0.000059	269.440650	3.5
475	6696.402797	0.000000	0.000059	259.708995	3.4
476	6608.027310	0.000000	0.000059	248.835683	3.5
477	6493.168760	0.000000	0.000059	236.918629	3.5
478	6597.080022	0.000000	0.000059	231.818091	3.4
479	6557.857525	0.000000	0.000059	353.025647	3.4
480	6722.316850	0.000000	0.000059	211.811174	3.6
481	6697.490454	0.000000	0.000059	252.678223	4.9
482	6722.926644	0.000000	0.000059	317.090292	3.6
483	6678.649771	0.000000	0.000059	267.971262	4.0
484	6724.668909	0.000000	0.000059	246.234664	4.0
485	6601.524665	0.000000	0.000059	248.734825	3.8
486	6379.298434	0.000000	0.000059	235.127013	3.8
487	6707.408134	0.000000	0.000059	227.443892	3.7
488	6897.179233	0.000000	0.000059	411.938439	3.4
489	6769.542525	0.000000	0.000059	239.682074	3.4
490	6781.576791	0.000000	0.000059	323.844634	3.5
491	6686.852257	0.000000	0.000059	308.437839	3.7
492	6569.340283	0.001251	0.000059	286.374520	3.8
493	6389.809847	0.000000	0.000059	367.021615	3.7
494	6588.314717	0.000000	0.000059	228.402852	3.7
495	6456.130396	0.000000	0.000059	245.949752	3.7
496	6827.803405	0.000000	0.000059	262.388775	3.4
497	6442.949908	0.000000	0.000059	244.808133	3.3
498	6616.021676	0.000000	0.000059	316.166487	3.4
499	6551.414195	0.000000	0.000059	226.645427	3.6
500	6558.130822	0.000000	0.000059	222.382864	5.5
501	6340.170869	0.000000	0.000059	313.089720	5.2
502	6755.124244	0.000000	0.000059	272.489470	5.1
503	6459.731764	0.000000	0.000059	300.228352	4.0
504	6429.837625	0.000000	0.000059	269.820123	5.2
505	6550.817511	0.000000	0.000059	248.655066	5.7
506	6225.046142	0.000000	0.000059	259.119234	5.6
507	6286.558789	0.000000	0.000059	293.746466	4.4
508	6641.675477	0.000000	0.000059	245.522953	4.9
509	7000.599800	0.000000	0.000059	340.265666	5.2
510	6472.579582	0.000000	0.000059	220.475203	5.2
511	6773.458467	0.000000	0.000059	399.841934	4.1
512	6506.558375	0.000000	0.000059	260.146836	4.2
513	6599.831996	0.000000	0.000059	265.583915	3.8
514	6362.640743	0.000000	0.000059	213.915313	3.9
515	6688.098705	0.000000	0.000059	268.337153	5.4
516	6467.846792	0.000000	0.000059	248.712135	4.2
517	6638.800413	0.000000	0.000059	249.121573	4.2
518	6518.353949	0.000000	0.000059	224.646362	3.6
519	6558.358897	0.000000	0.000059	263.349598	3.4
520	6105.507448	0.000000	0.000059	295.175741	3.4
521	6531.447829	0.000000	0.000059	228.334593	3.2
522	6025.514022	0.000000	0.000059	316.113037	3.1
523	6275.178574	0.000000	0.000059	188.568664	3.3
524	6437.040289	0.000000	0.000059	243.677894	3.3
525	6499.932342	0.000000	0.000059	202.604899	3.2
526	6332.574174	0.000000	0.000059	286.811450	3.2
527	6124.894897	0.000000	0.000059	296.118509	3.7
528	6181.989379	0.000000	0.000059	191.558987	3.9
529	6456.218060	0.000000	0.000059	252.518582	4.1
530	6349.880256	0.000000	0.000059	392.988902	5.0
531	6679.057746	0.000000	0.000059	224.086603	4.8
532	6506.472591	0.000000	0.000059	240.742020	3.6
533	6385.627535	0.000000	0.000059	234.729432	3.6
534	6541.649400	0.000000	0.000059	330.431851	3.7
535	6392.743103	0.000000	0.000059	221.000659	3.9
536	6343.843023	0.000000	0.000059	260.926832	3.8
537	6754.548492	0.000000	0.000059	311.673393	5.3
538	6267.080475	0.001048	0.000059	257.242616	5.3
539	6448.467600	0.000000	0.000059	252.004743	3.8
540	6571.191846	0.000000	0.000059	306.005634	3.8
541	6311.063833	0.000000	0.000059	200.411421	3.7
542	6225.479639	0.000000	0.000059	363.916298	3.7
543	6469.721764	0.000000	0.000059	206.949764	3.6
544	6291.323293	0.000000	0.000059	279.676445	3.5
545	6430.222601	0.000000	0.000059	247.786537	3.5
546	6365.352843	0.000000	0.000059	259.939488	3.4
547	6214.126944	0.000000	0.000059	231.598583	3.2
548	6073.521319	0.000000	0.000059	244.941140	3.2
549	6446.111570	0.000000	0.000059	279.793303	3.2
550	6488.559724	0.000000	0.000059	228.748750	3.2
551	6372.027858	0.000000	0.000059	203.163958	3.1
552	6424.569016	0.000000	0.000059	233.455288	3.1
553	6754.920655	0.000000	0.000059	306.859348	3.1
554	6228.746920	0.000000	0.000059	292.318548	3.2
555	6619.721105	0.000000	0.000059	211.431335	3.2
556	6418.441425	0.000000	0.000059	212.666784	3.2
557	6328.579573	0.000000	0.000059	201.871615	3.1
558	6154.135584	0.000000	0.000059	189.166806	3.1
559	6312.388359	0.000000	0.000059	254.028411	3.1
560	6549.574556	0.000000	0.000059	223.798838	3.2
561	6302.876541	0.000000	0.000059	319.015917	3.2
562	5891.490958	0.000000	0.000059	217.742497	3.2
563	6569.532870	0.000000	0.000059	294.215124	3.5
564	6343.354879	0.000000	0.000059	249.787653	3.7
565	6466.272355	0.000000	0.000059	275.401254	3.5
566	6176.075948	0.000000	0.000059	202.915920	3.2
567	6439.440953	0.000000	0.000059	225.578238	3.2
568	6378.629922	0.000000	0.000059	309.395602	3.3
569	6448.665000	0.000000	0.000059	207.920410	3.4
570	6100.821607	0.000000	0.000059	277.477308	3.5
571	6487.217126	0.000000	0.000059	228.489451	3.5
572	6445.750870	0.000000	0.000059	261.477007	2.8
573	6579.179144	0.000000	0.000059	301.188977	2.7
574	6497.959753	0.000000	0.000059	237.487445	5.3
575	6767.019006	0.000000	0.000059	294.533093	3.8
576	6268.502948	0.000000	0.000059	322.585576	5.8
577	6177.765293	0.000000	0.000059	301.361874	5.3
578	6345.439492	0.000000	0.000059	245.975808	5.2
579	6507.866741	0.000000	0.000059	197.628343	5.5
580	6227.036801	0.000000	0.000059	165.324927	5.1
581	6427.027529	0.000000	0.000059	260.522082	4.9
582	6180.000191	0.000000	0.000059	243.981074	4.2
583	6336.378715	0.000000	0.000059	196.303712	3.6
584	6313.926360	0.000000	0.000059	216.868430	3.6
585	6555.706263	0.000000	0.000059	229.961789	3.2
586	6287.047224	0.000000	0.000059	215.208530	3.2
587	6344.192656	0.000000	0.000059	268.713898	2.8
588	6573.950532	0.000000	0.000059	242.685872	3.0
589	6168.432211	0.000000	0.000059	396.674010	3.2
590	6251.522668	0.000000	0.000059	240.025186	3.2
591	6322.763475	0.003117	0.000059	195.048596	3.3
592	5906.390918	0.000000	0.000059	392.904298	3.4
593	6352.988051	0.000000	0.000059	204.356593	3.4
594	6510.236980	0.000564	0.000059	362.095751	3.5
595	6416.330157	0.000000	0.000059	265.715217	4.6
596	6274.736483	0.000000	0.000059	199.871619	3.4
597	6289.631633	0.000000	0.000059	180.233012	3.9
598	6523.885519	0.000000	0.000059	253.595123	3.9
599	6406.101953	0.000000	0.000059	217.166666	4.0
600	6299.652575	0.000000	0.000059	259.788453	3.7
601	6171.972387	0.000000	0.000059	266.608034	5.5
602	6406.238763	0.000000	0.000059	212.115927	5.6
603	6066.201551	0.000000	0.000059	328.925655	5.5
604	6372.285873	0.000000	0.000059	243.251669	5.2
605	6221.855055	0.000000	0.000059	234.080028	5.3
606	6422.728922	0.000000	0.000059	178.664258	4.1
607	6290.118214	0.000000	0.000059	211.845285	5.9
608	6263.422675	0.000000	0.000059	252.302147	3.8
609	6343.414982	0.000000	0.000059	176.735695	4.0
610	6163.934651	0.000000	0.000059	220.973921	4.9
611	6444.506274	0.000000	0.000059	189.060931	5.6
612	6286.974973	0.000000	0.000059	229.740163	5.8
613	6255.478305	0.000000	0.000059	366.185321	5.8
614	6381.778587	0.001531	0.000059	229.215297	5.9
615	5922.640877	0.000000	0.000059	204.178654	5.5
616	6258.863034	0.000000	0.000059	196.552387	5.5
617	6086.355787	0.000000	0.000059	209.330698	4.9
618	6204.628750	0.000000	0.000059	277.422766	4.8
619	6290.037933	0.000000	0.000059	205.956344	5.0
620	6097.611649	0.000000	0.000059	220.493440	4.4
621	6218.317063	0.000000	0.000059	310.061261	5.7
622	6136.633794	0.000000	0.000059	216.404103	5.6
623	5990.162040	0.000000	0.000059	202.439529	6.2
624	6204.372203	0.000000	0.000059	204.889789	5.5
625	6636.051127	0.000000	0.000059	368.197041	5.5
626	6596.546479	0.000000	0.000059	260.502435	5.2
627	6560.523209	0.003593	0.000059	320.565975	4.7
628	6561.265826	0.004546	0.000059	229.414754	4.7
629	6405.870207	0.003530	0.000059	250.921604	4.2
630	6617.283035	0.000000	0.000059	305.797457	4.1
631	6052.203508	0.000930	0.000059	290.640905	3.8
632	6298.455370	0.004207	0.000059	271.248012	3.8
633	6325.637152	0.000000	0.000059	207.914166	3.8
634	6358.862247	0.000000	0.000059	245.543437	3.8
635	6013.494256	0.000000	0.000059	184.054548	3.9
636	5904.323042	0.000000	0.000059	173.742625	3.9
637	6123.363506	0.000000	0.000059	241.564583	4.3
638	6226.325343	0.000000	0.000059	299.189076	5.8
639	6101.941127	0.000000	0.000059	194.699483	5.2
640	6479.536922	0.000000	0.000059	192.553650	4.5
641	6431.465493	0.000000	0.000059	368.777958	4.9
642	6306.838357	0.000000	0.000059	223.921359	4.9
643	5918.035388	0.000054	0.000059	266.677235	4.7
644	5833.479698	0.000000	0.000059	308.752309	4.7
645	6163.788964	0.000000	0.000059	196.157196	4.1
646	6242.633225	0.000000	0.000059	322.219381	4.2
647	6323.330793	0.000000	0.000059	351.445649	3.9
648	6264.260443	0.004519	0.000059	176.442946	3.8
649	6489.110745	0.000643	0.000059	192.035886	3.8
650	6311.243318	0.000000	0.000059	240.189511	3.7
651	6179.686066	0.000000	0.000059	223.938759	3.6
652	5952.831762	0.000000	0.000059	177.826674	3.5
653	5665.076770	0.000000	0.000059	190.190612	3.4
654	6453.472366	0.000000	0.000059	422.300318	3.3
655	6212.431321	0.002666	0.000059	237.672859	3.2
656	6422.321807	0.008307	0.000059	210.479341	3.2
657	6154.483061	0.004921	0.000059	253.024753	3.3
658	6489.443106	0.003293	0.000059	363.001141	3.4
659	6562.829593	0.006693	0.000059	207.242075	3.4
660	6176.434844	0.005751	0.000059	233.209587	3.4
661	6011.511067	0.002532	0.000059	290.296152	3.3
662	5918.659337	0.003898	0.000059	176.294614	3.2
663	6095.536672	0.000076	0.000059	189.347468	3.2
664	6022.897240	0.000000	0.000059	177.317849	3.4
665	6367.969805	0.000000	0.000059	246.603450	5.2
666	6005.611503	0.000000	0.000059	320.061328	5.1
667	6311.864021	0.002030	0.000059	187.935694	5.1
668	5949.476107	0.000000	0.000059	220.607240	4.5
669	6217.585206	0.000000	0.000059	173.959042	4.9
670	6114.318448	0.000000	0.000059	266.256514	4.9
671	6167.996273	0.000000	0.000059	188.646065	3.9
672	6246.619741	0.000000	0.000059	215.775815	5.2
673	5894.285545	0.000000	0.000059	208.074464	5.3
674	6288.053732	0.000000	0.000059	207.163597	3.8
675	6598.879819	0.000000	0.000059	366.723235	3.4
676	6004.910312	0.000966	0.000059	239.358136	3.5
677	6225.269512	0.000000	0.000059	226.139087	5.4
678	6180.377064	0.000134	0.000059	166.677232	4.4
679	6349.380810	0.000000	0.000059	274.119060	4.1
680	6222.020538	0.000000	0.000059	274.865271	4.4
681	6010.992799	0.000000	0.000059	264.365740	4.2
682	6145.492322	0.000000	0.000059	228.496598	4.0
683	6288.416650	0.000000	0.000059	215.323921	4.0
684	6537.526415	0.000000	0.000059	169.225688	3.9
685	6019.027204	0.000000	0.000059	230.116966	3.8
686	6276.711966	0.000000	0.000059	238.978171	5.3
687	6151.299348	0.000000	0.000059	256.123144	5.2
688	5850.358244	0.000000	0.000059	203.325885	5.3
689	5999.717688	0.000000	0.000059	237.108645	4.2
690	6090.215185	0.000000	0.000059	152.130860	4.1
691	6208.163850	0.000000	0.000059	227.049808	3.8
692	6296.783426	0.000000	0.000059	203.874465	5.5
693	6013.609345	0.000000	0.000059	215.774939	5.2
694	5915.950248	0.000000	0.000059	260.159179	4.7
695	6145.197832	0.000000	0.000059	210.381697	4.9
696	5776.281312	0.000000	0.000059	285.740478	5.7
697	6002.124194	0.000000	0.000059	184.770375	5.9
698	6360.303915	0.000000	0.000059	211.738933	6.1
699	6215.605234	0.000000	0.000059	298.088956	5.5
700	5987.613443	0.000000	0.000059	257.870268	5.0
701	6282.821353	0.002525	0.000059	187.891270	4.3
702	6149.435660	0.000000	0.000059	170.715348	5.9
703	5894.338736	0.000000	0.000059	172.664722	5.8
704	6594.679452	0.000000	0.000059	290.981214	5.0
705	6061.266300	0.000000	0.000059	194.190549	4.7
706	5924.784161	0.000000	0.000059	185.375938	4.6
707	6085.261127	0.000000	0.000059	183.390763	4.6
708	5836.813022	0.000000	0.000059	170.737278	4.4
709	5913.963963	0.000000	0.000059	216.625409	5.5
710	6072.122045	0.000000	0.000059	170.372558	5.8
711	6196.276385	0.000000	0.000059	189.221187	5.3
712	6154.177628	0.000000	0.000059	174.137580	5.5
713	6425.750119	0.000000	0.000059	274.810833	5.5
714	6034.757423	0.000000	0.000059	295.208428	5.6
715	6142.796356	0.004319	0.000059	178.384594	5.8
716	6203.441295	0.001869	0.000059	191.386780	5.9
717	6137.103807	0.000000	0.000059	252.474438	6.0
718	5705.790631	0.000000	0.000059	191.289659	5.4
719	6014.342651	0.000000	0.000059	197.701315	5.3
720	5894.013092	0.000000	0.000059	237.138585	5.5
721	5703.306389	0.000000	0.000059	202.481502	5.4
722	6370.075359	0.000000	0.000059	402.321716	5.5
723	5996.348837	0.000000	0.000059	176.216460	4.4
724	6124.386848	0.000000	0.000059	181.576541	4.3
725	5849.231338	0.000000	0.000059	176.559476	4.0
726	6066.286880	0.000000	0.000059	331.703967	3.8
727	6187.292479	0.000097	0.000059	174.302130	5.5
728	5990.951228	0.000000	0.000059	233.741798	5.3
729	6359.029073	0.000000	0.000059	192.501320	5.4
730	5850.611562	0.000000	0.000059	216.800435	4.8
731	6137.788603	0.000000	0.000059	233.944218	5.8
732	6083.496194	0.000000	0.000059	188.231484	5.5
733	5913.725751	0.000000	0.000059	185.957780	5.5
734	6070.625417	0.000000	0.000059	193.568199	5.6
735	6186.357380	0.000000	0.000059	352.880993	4.5
736	5998.983516	0.000000	0.000059	219.808276	5.3
737	6210.719614	0.002014	0.000059	243.113046	3.8
738	5878.902615	0.000911	0.000059	203.795070	3.7
739	6006.816693	0.000000	0.000059	193.466186	3.7
740	5662.460984	0.000000	0.000059	240.181503	3.4
741	6119.167518	0.000000	0.000059	240.142659	3.2
742	6058.646123	0.000520	0.000059	201.812028	3.6
743	6154.632151	0.000000	0.000059	194.212253	3.6
744	6138.632704	0.000000	0.000059	216.689139	3.5
745	6159.521464	0.000000	0.000059	209.406315	4.0
746	6359.311097	0.000000	0.000059	155.752720	3.6
747	5808.568612	0.000000	0.000059	224.220253	3.2
748	6187.701568	0.000000	0.000059	161.049160	3.1
749	6012.484410	0.000000	0.000059	181.302181	3.3
750	5853.805287	0.000000	0.000059	251.768423	2.9
751	5835.127408	0.000000	0.000059	192.735020	2.9
752	6008.459437	0.000000	0.000059	209.731171	3.3
753	6089.292681	0.000000	0.000059	202.607488	3.0
754	6122.699684	0.000000	0.000059	198.060109	2.9
755	6342.795925	0.000000	0.000059	274.580441	2.8
756	6295.987435	0.000000	0.000059	220.063954	4.2
757	6017.802948	0.001118	0.000059	178.442909	2.7
758	5999.021240	0.000000	0.000059	246.081568	3.0
759	6083.823110	0.000000	0.000059	222.434357	3.2
760	5987.785697	0.000000	0.000059	296.712283	5.5
761	6120.869338	0.000000	0.000059	200.841847	3.6
762	6153.904723	0.000000	0.000059	244.627799	4.0
763	6434.454290	0.000000	0.000059	170.672496	3.5
764	5964.666525	0.000000	0.000059	161.376666	3.5
765	5918.819192	0.000000	0.000059	202.660394	3.6
766	6031.806322	0.000000	0.000059	218.454154	3.3
767	6008.610427	0.000000	0.000059	259.110382	3.3
768	6125.117550	0.002675	0.000059	186.737907	3.4
769	5978.259580	0.000540	0.000059	200.928393	3.2
770	5908.488058	0.000000	0.000059	243.881856	3.3
771	6160.396430	0.000000	0.000059	299.459250	3.2
772	6309.420196	0.003756	0.000059	170.270178	3.4
773	5936.390512	0.000000	0.000059	186.347588	3.3
774	6208.802639	0.000000	0.000059	206.497845	3.3
775	6262.290715	0.000000	0.000059	178.876669	3.4
776	6019.979385	0.000000	0.000059	190.660783	3.4
777	5788.657575	0.000000	0.000059	167.704054	3.4
778	6258.230322	0.000000	0.000059	329.728947	3.6
779	6070.927271	0.001110	0.000059	231.104496	3.5
780	6125.021115	0.002551	0.000059	182.562713	3.5
781	5873.766341	0.000000	0.000059	245.898478	3.3
782	6204.018414	0.000000	0.000059	284.809576	3.3
783	6461.354658	0.000000	0.000059	177.457553	3.3
784	6327.307640	0.000000	0.000059	157.484845	3.5
785	5683.017127	0.000000	0.000059	330.675251	3.6
786	5974.297812	0.000000	0.000059	358.749158	3.6
787	5895.893017	0.000000	0.000059	246.088374	3.5
788	6039.544405	0.001353	0.000059	202.891179	3.4
789	5695.437432	0.000000	0.000059	261.839442	3.5
790	6047.055661	0.000000	0.000059	173.334042	3.4
791	6260.480813	0.000000	0.000059	227.952418	3.4
792	5859.212086	0.000000	0.000059	212.913461	3.4
793	6099.035482	0.000000	0.000059	142.625126	3.6
794	5877.341527	0.000000	0.000059	271.283067	3.6
795	5877.632955	0.000000	0.000059	281.499977	3.5
796	6085.317184	0.003743	0.000059	140.395398	3.6
797	6086.956226	0.002129	0.000059	272.569943	5.2
798	5912.239516	0.000000	0.000059	187.466383	5.3
799	6041.631244	0.000664	0.000059	201.143427	5.0
800	5940.085539	0.000000	0.000059	207.898346	4.6
801	5860.896426	0.000000	0.000059	176.671925	4.6
802	5877.307634	0.000000	0.000059	149.856524	3.8
803	6186.448832	0.000000	0.000059	272.856111	3.6
804	5742.006432	0.000000	0.000059	216.539891	3.6
805	6160.661490	0.002104	0.000059	167.603179	3.4
806	5971.075589	0.001558	0.000059	164.570641	3.6
807	5895.341356	0.000000	0.000059	200.998200	3.5
808	6103.310587	0.000000	0.000059	232.434962	3.7
809	5955.282243	0.000113	0.000059	151.323947	3.6
810	6143.514250	0.000000	0.000059	210.774056	3.7
811	6065.868187	0.000000	0.000059	182.724268	4.2
812	5794.568209	0.000000	0.000059	349.585152	3.6
813	6107.467218	0.002048	0.000059	154.791688	3.4
814	5662.168906	0.001744	0.000059	211.116435	3.3
815	6170.151270	0.000016	0.000059	186.970681	3.3
816	5928.725899	0.000000	0.000059	233.563446	3.5
817	5954.835530	0.000000	0.000059	213.104757	3.2
818	5789.507217	0.000000	0.000059	183.878347	4.2
819	5894.281672	0.000000	0.000059	137.947664	3.6
820	6013.582175	0.000000	0.000059	222.435738	5.5
821	5732.879757	0.000000	0.000059	163.823949	4.9
822	5876.734253	0.000000	0.000059	219.786128	3.5
823	5823.726858	0.000000	0.000059	177.164666	4.2
824	6011.586968	0.000000	0.000059	243.316219	4.3
825	5880.377303	0.000462	0.000059	182.403857	4.9
826	5969.158799	0.000000	0.000059	165.012936	4.3
827	5980.202308	0.000000	0.000059	195.440108	4.3
828	6280.709030	0.000000	0.000059	226.622305	4.2
829	5718.977261	0.000769	0.000059	176.914997	4.1
830	5665.105331	0.001308	0.000059	148.679304	3.7
831	6099.299359	0.000000	0.000059	123.968603	3.8
832	5805.284382	0.000000	0.000059	143.407185	3.8
833	5826.884088	0.000000	0.000059	177.525048	3.5
834	5792.050249	0.000000	0.000059	131.737553	3.5
835	5584.717361	0.000000	0.000059	306.272542	3.4
836	5769.349888	0.000000	0.000059	234.803979	3.4
837	5880.143879	0.006892	0.000059	164.874565	3.4
838	5870.742340	0.006261	0.000059	156.564431	3.2
839	6117.070436	0.004374	0.000059	256.426009	3.2
840	5843.966074	0.001875	0.000059	216.182136	3.3
841	6019.156159	0.002802	0.000059	198.690215	3.1
842	6038.836139	0.002761	0.000059	254.729267	3.2
843	5861.116757	0.000000	0.000059	188.155891	5.4
844	5698.392516	0.000000	0.000059	166.259193	5.7
845	6200.955564	0.000000	0.000059	216.889753	5.6
846	6078.412036	0.000000	0.000059	303.543391	4.7
847	6020.286166	0.004474	0.000059	124.011039	4.5
848	5853.794439	0.001682	0.000059	280.221139	3.7
849	6104.252561	0.000000	0.000059	197.968572	4.0
850	5466.334648	0.000000	0.000059	262.935775	3.5
851	6119.103677	0.000707	0.000059	217.399864	3.4
852	5764.778986	0.001618	0.000059	320.850675	3.5
853	5887.925242	0.007956	0.000059	153.358966	3.4
854	6053.276667	0.005388	0.000059	148.852433	3.4
855	6008.428072	0.003244	0.000059	240.007401	3.3
856	6096.063025	0.000802	0.000059	150.931321	3.3
857	6089.532840	0.000122	0.000059	264.236731	3.2
858	6207.122293	0.000000	0.000059	148.458797	3.2
859	5794.138464	0.000000	0.000059	130.278752	3.0
860	5974.222185	0.000000	0.000059	130.684757	3.8
861	6109.759278	0.000000	0.000059	183.270559	3.1
862	5986.892004	0.000000	0.000059	222.011724	3.3
863	5874.399883	0.000000	0.000059	152.141439	4.5
864	5578.823454	0.000000	0.000059	249.305846	3.4
865	5548.217611	0.000000	0.000059	173.989728	2.8
866	5636.004600	0.000000	0.000059	174.658304	2.7
867	6054.145063	0.000000	0.000059	251.258830	2.7
868	6081.851981	0.000433	0.000059	272.149728	2.7
869	5906.542049	0.004356	0.000059	167.150872	2.7
870	5707.232770	0.000000	0.000059	208.232817	2.6
871	5984.873151	0.000000	0.000059	157.291468	3.3
872	5776.257350	0.000000	0.000059	365.594826	2.9
873	5982.530602	0.000000	0.000059	134.265806	2.9
874	5847.700964	0.000892	0.000059	163.227371	2.9
875	5563.041979	0.000000	0.000059	160.263459	3.0
876	5875.700274	0.000046	0.000059	313.493833	2.9
877	5802.835516	0.000000	0.000059	156.973485	2.9
878	6049.999145	0.000000	0.000059	168.693848	2.9
879	5987.858602	0.000000	0.000059	152.725998	3.0
880	5851.101789	0.000000	0.000059	149.539650	3.3
881	6152.661358	0.000000	0.000059	224.274074	3.1
882	5835.204733	0.000000	0.000059	192.750732	3.1
883	5516.689800	0.000000	0.000059	227.059071	3.3
884	6030.794789	0.000000	0.000059	180.335278	3.2
885	5900.163982	0.000000	0.000059	287.059639	3.3
886	5876.258865	0.000000	0.000059	161.756335	3.5
887	5785.280590	0.000153	0.000059	169.411059	3.4
888	5871.049044	0.000000	0.000059	312.101398	3.5
889	5905.950467	0.000000	0.000059	207.413887	5.4
890	6012.473063	0.000000	0.000059	390.436240	5.3
891	5930.426652	0.000000	0.000059	161.171045	4.6
892	5920.513990	0.000000	0.000059	223.863986	4.6
893	5982.322070	0.000000	0.000059	314.668924	4.7
894	5972.132967	0.000000	0.000059	196.557833	4.6
895	5869.072693	0.000000	0.000059	238.172907	5.1
896	6016.596038	0.001016	0.000059	316.766248	3.6
897	6020.196131	0.000000	0.000059	155.552082	3.8
898	6001.556308	0.000000	0.000059	198.417963	3.8
899	5755.601689	0.000000	0.000059	139.553180	3.8
900	5366.809091	0.000000	0.000059	293.246794	3.6
901	5893.675884	0.000000	0.000059	307.992368	3.7
902	5796.074806	0.000000	0.000059	150.262997	3.8
903	6040.939513	0.000000	0.000059	255.860048	3.9
904	5534.139492	0.000000	0.000059	170.444683	3.8
905	6061.714381	0.000000	0.000059	176.327761	3.1
906	6047.580597	0.000000	0.000059	313.859100	3.1
907	5619.303947	0.000000	0.000059	299.245797	3.1
908	5897.895153	0.012766	0.000059	212.654008	3.3
909	5616.914623	0.010224	0.000059	143.840860	3.3
910	5924.437034	0.007858	0.000059	145.721236	3.2
911	6121.066661	0.005954	0.000059	234.609382	3.6
912	6002.817885	0.003936	0.000059	190.049917	4.1
913	5926.713313	0.000000	0.000059	138.705834	5.4
914	6099.933221	0.000000	0.000059	179.554571	4.5
915	5564.992745	0.000000	0.000059	186.761792	3.0
916	5742.867173	0.000570	0.000059	258.597526	2.6
917	5869.830919	0.003201	0.000059	238.287029	2.6
918	6172.906929	0.005557	0.000059	194.026743	3.2
919	5733.876891	0.006976	0.000059	216.999407	5.4
920	5809.323886	0.007812	0.000059	138.153840	7.8
921	5712.361080	0.004945	0.000059	206.668189	3.7
922	5849.815527	0.002768	0.000059	163.971135	2.5
923	6056.184702	0.002613	0.000059	253.666643	2.6
924	5952.279776	0.000469	0.000059	160.692069	3.1
925	5859.662399	0.000000	0.000059	144.124465	3.1
926	5677.698164	0.000000	0.000059	248.919707	3.1
927	5802.262239	0.000000	0.000059	153.167036	5.2
928	5573.641044	0.000678	0.000059	169.617463	4.9
929	5730.381909	0.000000	0.000059	150.197854	4.7
930	5582.467421	0.000000	0.000059	297.274459	4.7
931	5792.689785	0.000000	0.000059	131.420886	3.8
932	5651.765903	0.000000	0.000059	230.861212	3.7
933	5744.881455	0.000000	0.000059	127.280874	3.9
934	6221.278254	0.000000	0.000059	388.983901	3.5
935	5705.849503	0.000000	0.000059	200.096086	3.4
936	5778.073162	0.009098	0.000059	265.695853	3.5
937	5894.990836	0.011067	0.000059	182.363581	3.5
938	5638.133791	0.012322	0.000059	242.162530	3.4
939	5609.935155	0.008073	0.000059	134.585907	3.4
940	5874.219305	0.004824	0.000059	169.643589	3.4
941	5815.698719	0.004043	0.000059	111.496036	3.3
942	5960.962586	0.002723	0.000059	151.848996	3.6
943	5744.599555	0.000995	0.000059	224.882133	3.6
944	5837.841265	0.001276	0.000059	216.170236	3.7
945	5743.303893	0.000000	0.000059	164.904750	3.0
946	5673.387249	0.000000	0.000059	167.102295	3.0
947	5982.813604	0.000000	0.000059	185.846043	3.0
948	5746.403152	0.000000	0.000059	133.721570	3.0
949	5801.803588	0.000000	0.000059	134.382151	3.0
950	5791.752214	0.000000	0.000059	156.995619	5.2
951	5729.976295	0.000000	0.000059	183.887154	3.5
952	5708.941110	0.000000	0.000059	159.575707	5.5
953	5615.463781	0.000462	0.000059	250.867644	4.0
954	5757.174412	0.001989	0.000059	182.224319	3.9
955	5813.323331	0.000000	0.000059	161.590232	3.9
956	5709.174860	0.000000	0.000059	167.093877	3.8
957	5777.577596	0.000000	0.000059	331.121641	3.8
958	5688.970357	0.000000	0.000059	257.289546	5.1
959	5788.508743	0.013450	0.000059	142.300338	5.1
960	6148.981098	0.012362	0.000059	310.342754	4.3
961	5665.253611	0.009522	0.000059	220.708585	4.0
962	5708.332132	0.015508	0.000059	223.184041	5.3
963	5998.728525	0.011693	0.000059	181.441548	4.2
964	5760.209823	0.013484	0.000059	154.501711	3.8
965	5559.244099	0.010357	0.000059	133.940084	4.1
966	5959.364841	0.008449	0.000059	185.590908	4.0
967	5714.642413	0.006667	0.000059	135.203798	3.8
968	6046.685409	0.005135	0.000059	239.553482	3.4
969	6128.428757	0.002398	0.000059	212.167657	3.3
970	6012.729232	0.000000	0.000059	218.028271	3.4
971	6119.268530	0.000000	0.000059	496.115494	3.6
972	5900.669232	0.017433	0.000059	179.954234	3.2
973	5585.733750	0.013124	0.000059	214.512120	3.0
974	6021.373268	0.010660	0.000059	260.338684	3.6
975	5686.265541	0.015405	0.000059	291.073114	4.1
976	5837.336813	0.017668	0.000059	134.713350	3.6
977	5798.038269	0.016951	0.000059	249.875567	3.4
978	5794.424796	0.014338	0.000059	151.048943	2.6
979	5761.136740	0.015512	0.000059	301.354113	2.6
980	5926.072747	0.017017	0.000059	130.437143	2.9
981	6127.142575	0.018138	0.000059	224.616864	5.3
982	5573.353236	0.014917	0.000059	144.659249	5.0
983	5783.275182	0.011723	0.000059	177.946687	3.0
984	6059.309387	0.010268	0.000059	184.955684	3.1
985	5694.668477	0.009068	0.000059	150.150108	3.7
986	5734.104523	0.006736	0.000059	241.075978	3.6
987	6144.746722	0.006996	0.000059	501.920727	3.5
988	5852.465022	0.031361	0.000059	123.397593	3.5
989	5570.696205	0.028764	0.000059	318.936603	3.6
990	5820.508384	0.027715	0.000059	141.117773	3.5
991	5513.558148	0.023482	0.000059	137.675556	3.5
992	5721.391506	0.021060	0.000059	115.789501	3.5
993	5838.196740	0.019494	0.000059	181.958160	3.7
994	5861.827924	0.017109	0.000059	154.186218	3.6
995	5963.577895	0.016398	0.000059	133.533550	3.6
996	5774.323575	0.014964	0.000059	137.263059	3.4
997	5995.800624	0.013493	0.000059	179.944236	3.4
998	5789.106346	0.012648	0.000059	132.117737	3.4
999	5627.992043	0.011834	0.000059	130.397471	3.5
1000	5733.585726	0.009755	0.000059	153.314257	3.4
1001	5736.230484	0.008456	0.000059	226.290472	3.5
1002	5646.389244	0.008286	0.000059	134.886846	3.6
1003	5881.030223	0.007822	0.000059	193.300448	3.6
1004	5778.076306	0.006334	0.000059	110.597787	3.5
1005	5565.994264	0.004315	0.000059	121.460370	3.4
1006	5750.423752	0.002751	0.000059	122.843269	3.4
1007	5802.571690	0.000768	0.000059	163.594596	3.5
1008	5728.618312	0.000000	0.000059	159.811516	3.6
1009	5680.882401	0.000000	0.000059	140.715735	3.6
1010	5947.607751	0.000000	0.000059	117.533313	3.9
1011	5863.638934	0.000000	0.000059	126.036414	4.4
1012	5820.873610	0.000000	0.000059	175.624836	4.6
1013	5697.604379	0.000000	0.000059	140.295293	5.3
1014	5793.822468	0.000000	0.000059	186.547462	3.1
1015	5696.026223	0.000000	0.000059	213.105481	3.1
1016	6070.544054	0.002056	0.000059	143.065343	4.2
1017	5738.182192	0.000000	0.000059	126.448181	6.0
1018	5538.827570	0.000000	0.000059	161.907340	4.0
1019	5495.128710	0.000000	0.000059	206.787951	3.1
1020	5876.013848	0.000000	0.000059	154.035100	2.8
1021	5746.453282	0.001005	0.000059	110.520423	5.3
1022	5751.968113	0.000548	0.000059	233.819407	4.3
1023	5670.904048	0.000584	0.000059	154.518347	3.1
1024	6079.717540	0.001991	0.000059	210.162685	3.1
1025	5970.777591	0.002050	0.000059	182.703791	4.0
1026	5622.170830	0.000000	0.000059	112.985280	3.7
1027	5779.956013	0.000000	0.000059	255.943791	3.5
1028	5725.646402	0.000000	0.000059	117.810826	3.4
1029	5807.586847	0.000000	0.000059	256.084297	3.5
1030	5806.451289	0.000000	0.000059	142.317005	3.6
1031	5917.145710	0.000000	0.000059	207.385494	3.5
1032	5809.372038	0.000000	0.000059	173.850955	3.4
1033	5629.662819	0.000000	0.000059	118.092439	2.9
1034	5794.969240	0.000000	0.000059	101.160180	2.8
1035	5987.975661	0.000000	0.000059	222.353013	2.8
1036	5878.723629	0.000000	0.000059	139.587013	2.7
1037	5556.989937	0.000000	0.000059	198.522801	2.7
1038	5348.320769	0.000289	0.000059	295.876344	2.8
1039	5728.484182	0.000000	0.000059	132.842931	2.8
1040	5727.360126	0.000828	0.000059	367.363050	2.8
1041	5648.312027	0.002454	0.000059	127.687261	3.0
1042	5781.403985	0.002872	0.000059	187.550832	2.9
1043	5921.507814	0.000261	0.000059	113.888795	3.0
1044	5558.275167	0.000000	0.000059	269.699063	3.0
1045	5795.822602	0.000000	0.000059	263.915074	3.0
1046	5531.051332	0.004720	0.000059	207.859928	3.0
1047	5708.740438	0.005640	0.000059	176.650153	3.3
1048	5945.525738	0.002571	0.000059	215.549510	3.4
1049	5626.065001	0.005531	0.000059	114.950641	3.3
1050	5777.374885	0.003665	0.000059	193.953096	3.5
1051	5685.401110	0.001131	0.000059	183.325088	3.6
1052	5810.311372	0.002869	0.000059	121.156882	3.5
1053	5824.910693	0.000680	0.000059	149.391896	3.4
1054	5747.723405	0.000000	0.000059	108.253569	3.5
1055	5784.804090	0.000000	0.000059	126.840510	3.5
1056	5788.876759	0.000000	0.000059	295.866332	5.4
1057	5438.436880	0.000919	0.000059	252.703562	5.4
1058	5856.828499	0.010125	0.000059	234.116721	5.3
1059	5822.885706	0.015948	0.000059	218.379469	5.6
1060	5746.459291	0.011219	0.000059	243.597384	5.4
1061	5776.114762	0.016286	0.000059	146.095565	4.9
1062	5580.826910	0.015263	0.000059	203.197370	5.1
1063	5702.743146	0.013231	0.000059	163.940192	4.4
1064	5629.255212	0.009458	0.000059	124.728380	9.6
1065	5770.623564	0.008491	0.000059	107.215612	5.9
1066	5784.689679	0.006882	0.000059	148.363069	5.8
1067	5788.392880	0.005821	0.000059	149.641942	5.9
1068	5563.756483	0.005014	0.000059	140.606420	5.3
1069	6085.123946	0.003820	0.000059	244.143108	5.2
1070	5659.758800	0.004866	0.000059	164.624778	6.1
1071	5630.858814	0.007782	0.000059	246.105269	5.8
1072	5604.778975	0.004212	0.000059	102.668608	4.5
1073	5737.034954	0.002849	0.000059	227.335333	4.5
1074	6101.076581	0.001797	0.000059	358.873339	4.1
1075	5590.560451	0.013705	0.000059	215.322280	5.3
1076	5777.045920	0.021671	0.000059	114.191792	5.5
1077	5633.480628	0.020981	0.000059	190.460155	5.7
1078	5894.016990	0.019102	0.000059	196.850991	4.5
1079	5645.941672	0.017776	0.000059	118.184330	4.5
1080	5885.456752	0.016193	0.000059	155.737983	3.6
1081	5992.927746	0.014932	0.000059	408.545026	4.3
1082	6019.538100	0.009279	0.000059	138.264759	4.1
1083	5894.620237	0.005931	0.000059	152.270447	3.8
1084	5649.054467	0.004825	0.000059	232.863804	4.0
1085	5660.314348	0.001386	0.000059	183.497337	3.6
1086	5683.061271	0.000000	0.000059	149.128417	3.6
1087	5693.909882	0.000000	0.000059	101.753819	3.6
1088	5783.410000	0.000000	0.000059	245.620893	3.6
1089	5762.836244	0.000000	0.000059	188.120343	3.4
1090	5788.462207	0.004925	0.000059	203.661456	3.4
1091	5806.256189	0.003324	0.000059	119.445703	3.3
1092	5581.274703	0.001391	0.000059	112.711551	3.2
1093	5420.682715	0.000109	0.000059	203.141872	3.2
1094	5615.987392	0.000000	0.000059	147.085594	3.6
1095	5612.739168	0.000869	0.000059	157.230780	3.6
1096	5759.008264	0.000000	0.000059	343.708955	3.5
1097	5464.670075	0.004215	0.000059	125.154697	3.5
1098	5474.303435	0.003857	0.000059	181.109692	3.6
1099	5532.782854	0.001089	0.000059	106.946493	5.5
1100	5793.766915	0.000819	0.000059	182.041672	5.4
1101	5507.801564	0.000348	0.000059	167.861419	5.2
1102	5566.535310	0.000000	0.000059	174.491910	5.1
1103	5510.431524	0.000315	0.000059	111.974146	5.7
1104	5796.526398	0.000000	0.000059	102.789109	5.5
1105	5549.031196	0.000000	0.000059	130.487785	4.6
1106	5977.653305	0.000000	0.000059	166.485017	5.4
1107	5644.995534	0.000000	0.000059	116.090773	5.3
1108	5945.157067	0.000000	0.000059	187.452700	5.9
1109	5431.398918	0.000000	0.000059	291.194349	5.5
1110	5449.079086	0.000000	0.000059	181.029942	5.6
1111	5610.080326	0.002356	0.000059	141.526589	5.5
1112	5643.486198	0.000000	0.000059	96.827327	5.5
1113	5665.306660	0.000000	0.000059	216.459704	5.3
1114	5534.906819	0.000000	0.000059	158.461269	4.3
1115	6044.103079	0.001545	0.000059	106.555404	4.2
1116	5707.107040	0.000084	0.000059	146.521507	4.2
1117	5508.873997	0.000000	0.000059	145.784128	4.0
1118	5569.879598	0.000000	0.000059	200.263855	4.0
1119	5685.470841	0.000000	0.000059	109.077334	3.8
1120	5612.122025	0.000000	0.000059	254.472518	4.9
1121	5828.846493	0.000000	0.000059	112.934527	4.6
1122	5258.845452	0.000000	0.000059	163.055569	4.4
1123	5878.935141	0.000000	0.000059	229.235285	4.3
1124	5694.462162	0.001569	0.000059	140.301647	4.1
1125	5761.023935	0.000000	0.000059	291.947261	4.1
1126	5813.831336	0.001937	0.000059	238.366508	3.8
1127	5612.316591	0.001749	0.000059	154.701388	5.2
1128	5698.536295	0.004191	0.000059	219.478930	4.2
1129	5375.785547	0.000545	0.000059	157.612181	4.1
1130	5848.759385	0.000525	0.000059	152.406987	3.9
1131	5476.719804	0.000000	0.000059	230.924984	3.7
1132	5761.798729	0.000000	0.000059	110.361580	3.9
1133	5628.145569	0.000000	0.000059	123.322612	3.4
1134	5493.968970	0.000000	0.000059	209.073106	3.4
1135	5602.848252	0.000000	0.000059	169.638744	3.6
1136	5861.848438	0.000000	0.000059	111.322943	3.4
1137	5715.415173	0.000000	0.000059	195.311279	5.4
1138	5615.531812	0.000000	0.000059	148.022904	5.8
1139	5730.760421	0.001242	0.000059	131.903740	5.2
1140	5617.739753	0.000879	0.000059	98.679392	5.3
1141	5592.254534	0.000000	0.000059	145.604023	5.8
1142	5756.813723	0.000000	0.000059	112.930674	5.7
1143	5779.905648	0.000000	0.000059	222.739749	5.5
1144	5603.154250	0.000066	0.000059	172.219135	5.7
1145	5661.970346	0.000000	0.000059	183.640268	5.6
1146	6025.376699	0.000000	0.000059	176.382434	5.7
1147	5509.153217	0.000000	0.000059	95.338473	5.8
1148	5497.913789	0.000000	0.000059	208.224527	5.7
1149	5789.649071	0.000000	0.000059	182.783837	5.9
1150	5622.555133	0.000000	0.000059	142.786978	5.3
1151	5726.022021	0.000000	0.000059	173.340646	5.0
1152	5742.184552	0.000000	0.000059	189.949009	4.6
1153	5524.760449	0.000000	0.000059	175.422833	3.9
1154	5946.438492	0.000000	0.000059	124.845215	4.0
1155	5739.681539	0.000000	0.000059	205.426794	3.6
1156	5502.186180	0.000592	0.000059	135.187080	5.1
1157	5638.507425	0.000000	0.000059	254.825094	4.3
1158	5613.443586	0.002262	0.000059	137.968456	4.3
1159	5712.005320	0.004207	0.000059	160.062666	4.9
1160	5924.953564	0.001701	0.000059	127.990937	3.3
1161	5786.725540	0.001119	0.000059	143.031919	3.4
1162	6116.284423	0.000000	0.000059	148.233772	3.2
1163	5621.884814	0.000000	0.000059	216.599477	5.7
1164	5678.371718	0.000000	0.000059	192.367749	5.4
1165	5878.644114	0.000000	0.000059	286.813814	4.7
1166	5469.750925	0.006256	0.000059	126.786816	2.7
1167	5673.007017	0.003334	0.000059	180.419862	2.6
1168	5832.962962	0.001378	0.000059	168.661150	6.3
1169	5572.297425	0.000000	0.000059	201.681795	5.7
1170	5778.312639	0.002539	0.000059	110.451932	5.1
1171	5777.100834	0.002437	0.000059	155.166986	2.6
1172	5659.542488	0.000533	0.000059	175.319174	2.5
1173	5555.084596	0.000416	0.000059	250.412564	2.6
1174	5737.751065	0.000000	0.000059	143.011706	2.7
1175	5389.627721	0.003420	0.000059	139.304395	2.8
1176	5821.599605	0.003889	0.000059	119.368201	2.8
1177	5737.745579	0.003189	0.000059	251.434681	2.7
1178	5624.398637	0.001953	0.000059	123.500934	3.1
1179	5758.046628	0.000393	0.000059	115.512806	3.1
1180	5812.951766	0.000000	0.000059	131.638991	3.1
1181	5537.633027	0.000000	0.000059	121.854449	3.2
1182	5635.355036	0.000000	0.000059	124.614973	3.2
1183	5638.485499	0.000000	0.000059	116.196726	3.3
1184	5423.610092	0.000000	0.000059	196.199397	3.3
1185	5836.178264	0.000000	0.000059	170.024748	3.4
1186	5771.048142	0.000000	0.000059	190.644165	3.4
1187	5528.133395	0.000000	0.000059	200.608556	3.4
1188	5778.275180	0.000000	0.000059	239.219706	3.7
1189	5540.656776	0.001006	0.000059	103.486786	3.7
1190	5413.734343	0.000000	0.000059	182.657424	3.8
1191	5652.609628	0.000000	0.000059	166.718204	3.7
1192	5559.452723	0.000000	0.000059	103.414033	3.7
1193	5415.165895	0.000000	0.000059	219.505032	3.5
1194	5594.918035	0.000000	0.000059	339.555217	3.4
1195	5617.398383	0.012381	0.000059	254.346466	3.4
1196	5850.167322	0.008289	0.000059	268.331516	3.3
1197	5607.050761	0.017579	0.000059	272.531193	3.2
1198	5445.145065	0.011077	0.000059	175.779673	3.2
1199	5596.913767	0.016092	0.000059	106.733681	3.2
1200	5751.819069	0.014999	0.000059	104.991511	3.3
1201	5417.928702	0.014223	0.000059	167.005533	3.2
1202	5711.771737	0.013558	0.000059	269.046350	3.4
1203	5756.560736	0.016769	0.000059	202.539887	3.5
1204	5321.143913	0.015210	0.000059	238.937664	5.3
1205	5733.284906	0.010093	0.000059	142.945247	5.2
1206	5458.952173	0.012864	0.000059	104.883221	4.9
1207	5603.012059	0.012085	0.000059	228.780234	4.1
1208	5615.874086	0.009944	0.000059	95.624095	4.2
1209	5703.251168	0.009194	0.000059	206.536878	3.8
1210	5472.448400	0.008471	0.000059	169.046343	3.7
1211	5509.916463	0.005171	0.000059	223.317181	3.8
1212	5667.902440	0.000947	0.000059	163.222856	4.0
1213	5548.720291	0.003397	0.000059	120.425105	4.0
1214	5830.545111	0.003396	0.000059	123.629570	3.9
1215	5788.161487	0.002493	0.000059	145.203303	5.6
1216	5663.397479	0.001203	0.000059	160.893122	5.6
1217	5717.918209	0.000000	0.000059	279.063420	3.0
1218	5593.501354	0.000000	0.000059	188.339971	3.0
1219	5455.314563	0.000000	0.000059	202.271877	3.0
1220	5808.374132	0.000000	0.000059	117.730019	5.3
1221	5568.226714	0.000000	0.000059	166.502958	3.7
1222	5535.721895	0.000326	0.000059	160.959649	3.8
1223	5550.213517	0.000000	0.000059	110.740546	3.4
1224	5493.367588	0.000000	0.000059	163.891716	5.0
1225	5596.515512	0.000222	0.000059	116.593383	5.0
1226	5621.121122	0.000244	0.000059	138.636730	3.7
1227	5887.153511	0.000000	0.000059	153.750732	3.8
1228	5597.987810	0.000000	0.000059	213.679139	3.8
1229	5503.345475	0.000000	0.000059	120.641557	4.9
1230	5579.099149	0.001013	0.000059	212.586055	3.4
1231	5747.053589	0.000000	0.000059	152.401430	4.2
1232	5802.942414	0.001690	0.000059	183.978854	4.2
1233	5903.023020	0.003224	0.000059	212.450950	4.0
1234	5455.168839	0.006081	0.000059	123.047301	3.5
1235	5599.622742	0.005840	0.000059	101.220282	5.4
1236	5638.955462	0.004981	0.000059	176.981155	5.6
1237	5703.740476	0.004580	0.000059	184.974232	5.1
1238	5778.898655	0.003883	0.000059	180.449986	4.4
1239	5793.310843	0.000523	0.000059	153.088973	5.4
1240	5601.488785	0.000000	0.000059	153.128913	5.3
1241	5807.921180	0.000000	0.000059	109.954080	5.0
1242	5858.638719	0.000000	0.000059	166.482134	4.3
1243	5657.778852	0.000000	0.000059	140.318574	4.4
1244	5972.680740	0.000000	0.000059	224.171813	3.7
1245	5880.609700	0.001519	0.000059	206.947451	3.7
1246	5616.311877	0.003217	0.000059	109.182551	3.7
1247	5593.062993	0.003966	0.000059	156.976169	3.7
1248	5841.292311	0.004160	0.000059	212.076773	4.8
1249	5431.013861	0.002599	0.000059	144.429529	4.0
1250	5907.852937	0.004961	0.000059	198.761148	4.3
1251	5528.131584	0.003305	0.000059	177.244016	8.5
1252	5657.216606	0.003659	0.000059	152.985129	4.0
1253	5311.386416	0.002567	0.000059	188.732111	4.6
1254	5689.604538	0.001012	0.000059	133.646335	4.9
1255	5440.554873	0.000000	0.000059	191.956607	5.4
1256	5767.041971	0.000000	0.000059	97.536057	5.2
1257	5458.933626	0.000000	0.000059	277.450786	5.2
1258	5941.285339	0.000000	0.000059	111.401960	5.1
1259	5584.405351	0.000000	0.000059	137.453920	4.2
1260	5584.811269	0.000000	0.000059	110.954683	5.2
1261	5655.377881	0.000000	0.000059	137.914627	5.0
1262	5383.481112	0.000442	0.000059	138.220952	4.7
1263	5809.406099	0.000000	0.000059	222.830596	5.2
1264	5361.830372	0.000000	0.000059	124.163422	5.0
1265	5747.797022	0.001328	0.000059	132.077688	5.2
1266	5521.789116	0.000000	0.000059	317.139177	5.2
1267	5586.807747	0.000000	0.000059	109.305367	4.0
1268	5519.683410	0.000000	0.000059	227.907026	4.2
1269	5437.494369	0.000000	0.000059	154.339662	3.9
1270	5563.367586	0.002980	0.000059	196.882052	3.8
1271	5851.888269	0.001446	0.000059	153.711587	3.9
1272	5592.150808	0.002460	0.000059	201.083234	3.5
1273	5525.189508	0.000000	0.000059	164.383614	3.5
1274	5538.426098	0.000000	0.000059	222.460305	4.9
1275	5546.339232	0.004180	0.000059	109.518922	3.4
1276	5573.087133	0.004259	0.000059	196.931729	3.4
1277	5839.283408	0.001658	0.000059	161.063603	3.6
1278	5795.120977	0.004291	0.000059	186.707952	3.6
1279	5616.990175	0.004807	0.000059	173.850235	3.6
1280	5543.048466	0.007119	0.000059	145.192134	4.1
1281	5812.325097	0.008654	0.000059	173.232513	4.0
1282	5691.880465	0.007817	0.000059	130.967408	3.9
1283	5671.284088	0.005229	0.000059	159.855951	4.0
1284	5821.056445	0.003093	0.000059	331.091919	3.9
1285	5821.896392	0.008532	0.000059	229.427151	3.5
1286	5577.540085	0.006977	0.000059	178.291478	3.5
1287	5603.608533	0.004118	0.000059	94.070146	3.6
1288	5607.397512	0.002821	0.000059	137.669090	5.5
1289	5546.179608	0.002182	0.000059	117.891031	5.5
1290	5653.047935	0.001312	0.000059	169.277832	5.3
1291	5447.619438	0.000000	0.000059	141.373690	5.4
1292	5412.853233	0.001566	0.000059	118.515781	5.2
1293	5528.539390	0.000000	0.000059	190.575149	4.9
1294	5720.108918	0.001572	0.000059	259.773299	4.9
1295	5893.012242	0.005592	0.000059	271.718578	4.6
1296	5644.111015	0.002490	0.000059	212.196462	4.3
1297	5888.726399	0.010018	0.000059	264.118625	5.6
1298	5605.980054	0.016897	0.000059	147.317482	5.4
1299	5541.350857	0.017552	0.000059	100.578613	5.5
1300	5589.945009	0.016225	0.000059	167.702390	5.7
1301	5490.219407	0.015131	0.000059	206.140529	5.8
1302	5646.293800	0.013519	0.000059	102.381017	5.9
1303	5736.681403	0.011380	0.000059	212.087547	5.7
1304	5499.551925	0.011607	0.000059	175.874741	5.6
1305	5171.170618	0.014849	0.000059	221.162013	7.4
1306	5547.495411	0.011075	0.000059	262.703952	5.5
1307	5494.617249	0.010379	0.000059	88.863714	5.4
1308	5624.076592	0.010872	0.000059	207.836849	4.4
1309	5441.364810	0.009258	0.000059	227.098365	5.4
1310	5686.190884	0.009755	0.000059	104.225472	3.7
1311	5844.405947	0.008227	0.000059	108.834426	3.5
1312	5659.571525	0.007770	0.000059	197.417814	3.6
1313	5773.048546	0.005615	0.000059	215.900048	3.5
1314	5527.926339	0.001116	0.000059	200.315347	3.6
1315	5276.363079	0.004630	0.000059	151.482706	5.6
1316	5353.241607	0.005498	0.000059	219.906723	5.6
1317	5324.844543	0.001749	0.000059	110.412214	4.2
1318	5578.985251	0.002198	0.000059	200.916463	4.1
1319	5433.994819	0.002678	0.000059	207.469264	4.2
1320	5643.315122	0.000000	0.000059	170.431009	5.5
1321	5661.424319	0.003437	0.000059	242.026698	5.6
1322	5529.238394	0.008140	0.000059	148.878100	5.8
1323	5500.721635	0.004614	0.000059	157.250265	5.7
1324	5523.879875	0.005069	0.000059	103.863863	5.5
1325	5556.428942	0.005544	0.000059	118.318315	5.4
1326	5586.256656	0.004989	0.000059	116.092400	5.4
1327	5834.974005	0.004456	0.000059	179.789819	4.4
1328	5451.240285	0.002228	0.000059	139.705087	4.3
1329	5717.484865	0.004325	0.000059	148.027270	3.9
1330	5361.187877	0.001726	0.000059	131.910833	3.7
1331	5564.886559	0.000000	0.000059	89.613431	3.9
1332	5400.808940	0.000000	0.000059	113.400240	3.8
1333	5684.160515	0.000000	0.000059	131.359147	3.8
1334	5448.825208	0.000000	0.000059	124.100034	3.8
1335	5433.160892	0.000000	0.000059	163.183498	3.8
1336	5550.256440	0.000000	0.000059	170.594483	3.7
1337	5649.577487	0.000343	0.000059	121.286595	3.8
1338	5879.917650	0.000000	0.000059	223.739545	4.0
1339	5423.146096	0.000000	0.000059	209.368457	3.5
1340	5362.351967	0.005799	0.000059	110.760183	3.5
1341	5554.914256	0.005012	0.000059	99.773971	3.5
1342	5801.404802	0.004700	0.000059	97.039053	5.3
1343	5543.829893	0.003950	0.000059	137.969092	5.3
1344	5577.161628	0.002532	0.000059	138.013430	5.2
1345	5735.531155	0.000076	0.000059	217.527989	5.5
1346	5926.872311	0.000000	0.000059	184.907683	4.2
1347	5636.868996	0.000000	0.000059	196.812716	5.6
1348	5739.478525	0.000000	0.000059	212.300397	5.7
1349	5599.114697	0.000000	0.000059	149.648365	6.4
1350	5517.892673	0.002866	0.000059	95.356662	5.3
1351	5569.023268	0.002876	0.000059	222.640554	5.2
1352	5777.340146	0.000366	0.000059	229.013393	4.7
1353	5898.490611	0.007108	0.000059	140.522507	4.4
1354	5433.777990	0.006598	0.000059	183.453556	3.9
1355	5701.942953	0.008374	0.000059	163.259614	5.5
1356	5532.196415	0.009360	0.000059	159.215767	5.4
1357	5620.276850	0.006840	0.000059	292.696443	5.3
1358	5745.276823	0.006441	0.000059	208.318472	4.3
1359	5468.739392	0.016012	0.000059	154.341414	4.3
1360	5563.923333	0.015190	0.000059	314.397538	3.7
1361	5618.638222	0.013619	0.000059	196.378031	3.7
1362	5404.287558	0.007642	0.000059	112.689610	3.6
1363	5649.629440	0.004910	0.000059	241.015795	3.4
1364	5732.699457	0.006757	0.000059	124.571830	3.6
1365	5821.501510	0.005509	0.000059	306.256611	3.7
1366	5916.964400	0.007571	0.000059	210.153122	3.7
1367	5622.638235	0.015810	0.000059	184.094020	3.8
1368	6007.439355	0.013720	0.000059	107.018409	3.1
1369	5562.925980	0.011489	0.000059	82.250617	3.1
1370	5485.193310	0.010726	0.000059	211.871180	3.1
1371	5512.334172	0.009243	0.000059	81.548877	3.0
1372	5642.270776	0.009234	0.000059	105.497325	3.0
1373	5658.005563	0.008483	0.000059	122.924805	3.0
1374	5582.892940	0.007974	0.000059	140.823069	3.0
1375	5506.165438	0.005742	0.000059	223.343803	3.2
1376	5840.055055	0.005079	0.000059	177.858789	3.3
1377	5658.179629	0.009025	0.000059	250.087108	3.2
1378	5658.168258	0.004539	0.000059	143.429526	3.3
1379	5667.452794	0.005090	0.000059	113.606877	3.3
1380	5459.351222	0.003374	0.000059	100.309237	3.3
1381	5436.056801	0.002498	0.000059	120.564471	3.5
1382	5631.523389	0.001210	0.000059	135.851826	3.5
1383	5537.248614	0.000828	0.000059	171.562584	3.6
1384	5481.226347	0.001750	0.000059	120.807018	3.7
1385	5304.305118	0.001043	0.000059	107.866429	3.6
1386	5669.711040	0.000000	0.000059	120.763958	3.5
1387	5734.784349	0.000000	0.000059	171.751635	3.6
1388	5815.079295	0.000000	0.000059	82.177671	3.5
1389	5771.599191	0.000000	0.000059	92.882538	3.3
1390	5520.011754	0.000000	0.000059	210.623217	3.2
1391	5825.713749	0.001150	0.000059	138.850368	3.3
1392	5339.034624	0.003432	0.000059	289.018708	3.5
1393	5565.225582	0.007656	0.000059	82.212458	3.5
1394	5933.920905	0.006442	0.000059	106.766347	3.6
1395	5301.133547	0.005869	0.000059	98.202228	4.6
1396	5736.753114	0.005696	0.000059	110.971680	3.4
1397	5550.230338	0.004405	0.000059	125.095155	3.4
1398	5681.213032	0.004013	0.000059	315.157671	3.8
1399	5690.701592	0.000430	0.000059	214.485035	4.2
1400	5336.695908	0.000000	0.000059	145.521208	5.6
1401	5813.898200	0.000000	0.000059	205.446171	5.6
1402	5336.204512	0.001042	0.000059	116.443596	4.8
1403	5723.003361	0.001513	0.000059	110.807008	4.8
1404	5771.339656	0.000000	0.000059	93.611467	4.4
1405	5811.572313	0.000000	0.000059	149.934737	4.5
1406	5430.832851	0.000000	0.000059	73.295237	4.1
1407	5699.833183	0.000000	0.000059	158.887190	4.2
1408	5549.009919	0.000000	0.000059	135.641756	4.2
1409	5640.646288	0.000595	0.000059	105.699804	3.8
1410	5737.738746	0.000306	0.000059	257.608451	3.6
1411	5436.064829	0.000000	0.000059	116.614611	3.4
1412	5662.818113	0.000000	0.000059	204.779515	3.4
1413	5860.752738	0.000886	0.000059	178.065990	3.3
1414	5852.570932	0.000000	0.000059	103.697927	3.4
1415	5643.391767	0.000000	0.000059	174.893801	5.4
1416	5452.875884	0.000000	0.000059	176.799796	5.6
1417	5798.922042	0.002488	0.000059	241.347956	5.5
1418	5633.417879	0.000000	0.000059	227.875888	5.2
1419	5445.781259	0.008970	0.000059	269.043242	4.6
1420	5569.234891	0.018820	0.000059	89.108605	4.9
1421	5639.867762	0.018397	0.000059	197.455635	4.9
1422	5501.452342	0.016894	0.000059	138.926636	4.2
1423	5801.833809	0.014169	0.000059	146.892713	3.8
1424	5369.719652	0.011898	0.000059	109.505485	3.9
1425	5706.611405	0.010055	0.000059	103.889974	3.4
1426	5334.943354	0.008913	0.000059	140.413037	3.3
1427	5600.032197	0.007234	0.000059	277.375516	3.5
1428	5427.771375	0.010647	0.000059	86.928073	3.6
1429	5747.088773	0.010024	0.000059	111.885067	3.6
1430	5195.905346	0.009681	0.000059	137.050410	3.5
1431	5436.882360	0.008896	0.000059	117.250194	3.5
1432	5649.272040	0.006935	0.000059	187.324243	3.5
1433	5456.616976	0.008080	0.000059	214.345747	3.4
1434	5489.605984	0.006753	0.000059	192.172626	3.4
1435	5527.106796	0.004950	0.000059	122.881665	3.6
1436	5431.280431	0.006656	0.000059	166.607419	3.5
1437	5699.285015	0.004383	0.000059	180.413316	3.5
1438	5314.332411	0.001754	0.000059	225.768641	3.5
1439	5387.929827	0.006732	0.000059	108.842086	3.4
1440	5611.100036	0.004630	0.000059	86.377611	3.4
1441	5572.862335	0.004027	0.000059	116.595172	3.7
1442	5445.248676	0.003292	0.000059	245.080861	5.6
1443	5556.297994	0.003441	0.000059	121.944444	5.5
1444	5354.045689	0.001769	0.000059	96.849935	4.9
1445	5345.856437	0.000753	0.000059	223.693480	5.0
1446	5437.431796	0.000000	0.000059	255.924760	4.1
1447	5612.318124	0.009721	0.000059	96.089351	4.3
1448	5550.682266	0.007304	0.000059	207.440621	3.9
1449	5726.520320	0.007587	0.000059	113.660970	3.5
1450	5722.884129	0.005931	0.000059	96.421430	3.5
1451	5426.834481	0.004497	0.000059	233.728059	2.9
1452	5699.318691	0.004959	0.000059	83.875520	2.8
1453	5698.157807	0.003105	0.000059	165.439879	3.0
1454	5529.728445	0.002756	0.000059	84.710095	3.1
1455	5716.462738	0.001528	0.000059	159.336094	3.6
1456	5342.452493	0.000911	0.000059	125.716894	3.0
1457	5533.594893	0.000472	0.000059	160.041380	2.8
1458	5444.678237	0.000000	0.000059	141.722490	2.5
1459	5607.744894	0.000000	0.000059	91.331995	2.6
1460	5685.623588	0.000000	0.000059	176.032412	3.0
1461	5379.868463	0.000133	0.000059	148.289674	2.9
1462	5507.131788	0.001676	0.000059	74.681034	2.7
1463	5648.159060	0.000711	0.000059	266.860684	3.3
1464	5489.808944	0.000164	0.000059	90.871304	3.5
1465	5443.786763	0.000417	0.000059	222.676505	3.4
1466	5494.387514	0.000000	0.000059	208.312698	2.7
1467	5427.698869	0.005581	0.000059	112.669838	2.4
1468	5561.074187	0.006896	0.000059	144.488149	2.4
1469	5212.119608	0.007805	0.000059	299.839928	2.5
1470	5609.878510	0.003321	0.000059	148.872955	2.4
1471	5946.052012	0.007244	0.000059	120.566628	2.5
1472	5324.955274	0.005269	0.000059	89.899807	2.5
1473	5487.711718	0.005143	0.000059	150.974021	2.5
1474	5530.315801	0.003463	0.000059	76.333782	2.5
1475	5738.992954	0.002514	0.000059	124.571488	2.5
1476	5555.958457	0.001886	0.000059	115.871862	2.7
1477	5496.498328	0.002250	0.000059	149.680740	3.7
1478	5593.792707	0.003174	0.000059	97.576838	5.0
1479	5870.028735	0.003250	0.000059	157.612638	4.0
1480	5575.874737	0.003585	0.000059	119.744286	3.8
1481	5550.174049	0.004548	0.000059	126.569604	4.0
1482	5479.441830	0.002696	0.000059	215.703518	4.0
1483	5601.552176	0.004745	0.000059	146.428763	4.1
1484	5289.659378	0.002603	0.000059	149.455712	3.5
1485	5654.293961	0.000000	0.000059	106.798893	3.6
1486	5506.118658	0.000387	0.000059	119.622518	3.5
1487	5299.935129	0.000000	0.000059	134.811517	3.4
1488	5475.013102	0.000470	0.000059	188.522123	3.4
1489	5520.752732	0.002299	0.000059	115.544485	3.4
1490	5624.871644	0.003796	0.000059	90.219999	3.3
1491	5655.174292	0.002483	0.000059	118.157256	3.3
1492	5655.006952	0.002090	0.000059	94.247787	3.6
1493	5592.488821	0.000875	0.000059	166.486049	3.8
1494	5480.793048	0.000000	0.000059	135.843852	3.7
1495	5600.057164	0.000000	0.000059	141.284282	3.7
1496	5570.675879	0.000000	0.000059	105.740155	3.8
1497	5262.083964	0.000000	0.000059	137.663008	3.6
1498	5750.740554	0.000000	0.000059	234.355250	3.4
1499	5404.967612	0.003730	0.000059	89.532917	3.4
1500	5452.592377	0.004663	0.000059	178.968887	3.4
1501	5374.274890	0.002872	0.000059	137.336748	3.5
1502	5357.812492	0.004335	0.000059	112.118454	3.7
1503	5223.199348	0.002416	0.000059	229.610436	4.0
1504	5474.463738	0.002512	0.000059	99.761447	3.7
1505	5549.270670	0.003761	0.000059	170.705140	3.8
1506	6034.611155	0.003540	0.000059	286.631290	4.0
1507	5507.074383	0.005153	0.000059	168.668852	3.7
1508	5697.440625	0.007911	0.000059	153.370514	4.2
1509	5628.660787	0.006466	0.000059	183.159638	2.9
1510	5591.816690	0.007529	0.000059	176.459573	3.0
1511	5647.124530	0.006916	0.000059	109.264812	2.9
1512	5873.404830	0.008139	0.000059	123.830295	3.0
1513	5458.786909	0.008445	0.000059	114.150998	3.1
1514	5724.956359	0.006866	0.000059	113.514811	3.1
1515	5449.958340	0.005448	0.000059	249.249617	3.2
1516	5646.412856	0.004373	0.000059	172.221436	3.5
1517	5861.985011	0.001794	0.000059	231.434325	3.2
1518	5440.830482	0.004207	0.000059	223.975218	3.5
1519	5525.690304	0.011191	0.000059	118.989397	3.8
1520	5392.761800	0.013535	0.000059	197.450654	5.7
1521	5765.770928	0.012266	0.000059	171.868008	5.6
1522	5459.182872	0.015889	0.000059	201.631190	4.9
1523	5697.218980	0.016708	0.000059	124.595839	5.1
1524	5429.416051	0.016359	0.000059	87.310449	4.1
1525	5849.878021	0.016086	0.000059	99.469093	3.0
1526	5511.467016	0.015792	0.000059	159.140340	3.1
1527	5304.571196	0.015904	0.000059	218.198114	3.3
1528	5484.876113	0.018753	0.000059	114.288755	3.4
1529	5385.517492	0.020427	0.000059	86.755578	3.3
1530	5462.335679	0.019549	0.000059	103.870301	3.4
1531	5549.810314	0.018722	0.000059	325.066326	3.7
1532	5426.625306	0.016011	0.000059	103.124240	3.7
1533	5430.199590	0.015218	0.000059	119.758844	3.4
1534	5512.776368	0.014116	0.000059	174.196248	3.0
1535	5618.932268	0.011739	0.000059	166.018729	3.0
1536	5532.954569	0.009621	0.000059	158.547233	2.9
1537	5503.777107	0.007748	0.000059	81.124612	3.0
1538	5378.128733	0.006827	0.000059	277.235873	3.0
1539	5397.616590	0.006438	0.000059	139.444331	2.9
1540	5647.182626	0.007193	0.000059	96.609006	3.0
1541	5710.942314	0.006636	0.000059	87.743384	3.1
1542	5497.142774	0.006186	0.000059	119.724567	3.0
1543	5466.187914	0.004927	0.000059	97.333864	3.2
1544	5738.213508	0.004676	0.000059	170.010224	3.2
1545	5613.242064	0.005049	0.000059	225.439291	3.2
1546	5341.217063	0.008799	0.000059	99.436279	3.5
1547	5755.328265	0.006777	0.000059	241.674336	3.7
1548	5346.539444	0.006672	0.000059	100.467180	3.7
1549	5540.813571	0.006837	0.000059	85.351771	3.4
1550	5463.173022	0.006067	0.000059	199.345988	3.3
1551	5298.039083	0.005999	0.000059	75.794853	3.4
1552	5606.581806	0.006042	0.000059	267.687979	3.5
1553	5555.183236	0.004516	0.000059	128.767819	3.8
1554	5438.484578	0.008782	0.000059	174.135735	3.5
1555	5426.939654	0.007123	0.000059	153.864614	3.5
1556	5895.356302	0.007829	0.000059	117.230894	3.6
1557	5672.492668	0.005730	0.000059	197.767092	3.5
1558	5560.365678	0.002904	0.000059	105.842407	3.4
1559	5322.417501	0.001121	0.000059	146.024029	3.4
1560	5517.455587	0.002125	0.000059	149.674708	3.5
1561	5659.528008	0.000000	0.000059	80.980962	5.1
1562	5664.840434	0.000000	0.000059	137.101679	5.0
1563	5612.331414	0.000000	0.000059	106.176102	2.7
1564	5487.873459	0.000341	0.000059	190.049753	2.7
1565	5504.365660	0.000931	0.000059	86.994968	2.6
1566	5457.256382	0.000772	0.000059	119.252258	5.6
1567	5487.224097	0.000000	0.000059	69.151891	5.6
1568	5354.702281	0.000000	0.000059	76.718544	5.4
1569	5424.884171	0.000000	0.000059	112.099497	4.9
1570	5297.395633	0.000000	0.000059	90.418747	2.8
1571	5913.595269	0.000000	0.000059	323.813664	2.9
1572	5478.147260	0.000000	0.000059	79.483617	5.5
1573	5315.400925	0.000000	0.000059	221.477259	5.5
1574	5074.591962	0.000000	0.000059	321.465466	4.6
1575	5575.837892	0.000000	0.000059	110.617243	4.6
1576	5778.887792	0.000196	0.000059	143.668476	4.1
1577	5801.771257	0.000000	0.000059	94.124592	3.5
1578	5642.388604	0.000000	0.000059	248.576512	3.6
1579	5600.700158	0.001753	0.000059	101.087930	3.0
1580	5543.375551	0.000819	0.000059	122.917746	2.9
1581	5492.633030	0.000747	0.000059	107.857771	2.9
1582	5692.771399	0.000836	0.000059	117.059460	2.9
1583	5525.184093	0.000775	0.000059	143.704626	2.5
1584	5394.291842	0.001028	0.000059	94.031402	2.5
1585	5538.032462	0.000000	0.000059	172.174249	2.6
1586	5412.842827	0.001071	0.000059	289.890831	4.4
1587	5266.741471	0.000000	0.000059	139.233847	2.8
1588	5514.060355	0.000000	0.000059	92.035798	2.7
1589	5316.423971	0.000000	0.000059	179.464155	2.7
1590	5647.459433	0.000000	0.000059	100.657540	3.2
1591	5785.605337	0.001286	0.000059	334.146157	3.2
1592	5381.309437	0.000000	0.000059	193.095171	3.2
1593	5512.776532	0.000000	0.000059	151.600429	3.2
1594	5598.696314	0.003064	0.000059	82.029418	3.2
1595	5570.119201	0.001677	0.000059	333.822924	3.2
1596	5833.425256	0.000000	0.000059	149.736190	3.1
1597	5750.953620	0.000000	0.000059	192.205272	3.0
1598	5361.463077	0.000000	0.000059	107.405751	3.2
1599	5493.580224	0.000995	0.000059	178.567498	3.2
1600	5313.451694	0.000000	0.000059	199.984554	3.2
1601	5542.347412	0.000000	0.000059	115.863453	3.3
1602	5522.781204	0.000000	0.000059	82.427112	3.3
1603	5575.082516	0.000000	0.000059	200.502811	3.4
1604	5387.600318	0.000403	0.000059	99.380947	3.6
1605	5205.006740	0.000000	0.000059	80.331851	3.7
1606	5207.563340	0.000000	0.000059	78.531769	3.7
1607	5486.118778	0.000000	0.000059	286.832212	3.6
1608	5733.811535	0.000000	0.000059	84.219824	3.4
1609	5805.583923	0.000000	0.000059	73.129043	3.5
1610	5461.400602	0.000000	0.000059	144.041531	3.5
1611	5317.962418	0.000000	0.000059	202.852231	3.2
1612	5416.233715	0.001210	0.000059	150.307380	3.1
1613	5505.462496	0.003287	0.000059	102.037643	3.1
1614	5514.368450	0.001416	0.000059	131.536960	3.3
1615	5591.249088	0.002141	0.000059	153.026720	3.0
1616	5590.376732	0.000000	0.000059	166.606633	3.1
1617	5585.357183	0.000000	0.000059	84.178603	3.2
1618	5533.670010	0.000000	0.000059	80.139779	3.2
1619	5414.382993	0.000000	0.000059	141.495593	3.1
1620	5399.344477	0.000000	0.000059	191.216425	3.2
1621	5366.882583	0.002838	0.000059	228.657825	4.5
1622	5338.457948	0.005617	0.000059	179.344356	3.2
1623	5549.608806	0.007483	0.000059	119.870124	3.6
1624	5542.318870	0.008496	0.000059	155.617061	3.8
1625	5464.517365	0.009803	0.000059	78.984812	5.2
1626	5227.682485	0.008294	0.000059	113.807747	5.2
1627	5243.305714	0.008496	0.000059	233.830175	4.9
1628	5485.357478	0.007721	0.000059	143.157232	4.0
1629	5611.598018	0.005884	0.000059	177.104521	4.9
1630	5262.942606	0.002866	0.000059	176.735437	5.6
1631	5307.707078	0.005301	0.000059	79.780230	5.3
1632	5748.986664	0.004488	0.000059	194.399867	3.8
1633	5677.370535	0.003440	0.000059	133.740021	3.0
1634	5315.637231	0.000363	0.000059	184.086937	3.0
1635	5555.294994	0.001807	0.000059	107.446302	3.6
1636	5536.263109	0.000000	0.000059	75.071612	3.7
1637	5292.644397	0.000000	0.000059	220.414440	3.4
1638	5655.460744	0.000284	0.000059	154.520903	3.0
1639	5489.808679	0.000900	0.000059	113.044702	2.6
1640	5736.860835	0.000000	0.000059	143.368656	2.7
1641	5493.878166	0.000670	0.000059	200.657017	5.0
1642	5433.062677	0.003616	0.000059	123.976721	4.9
1643	5706.033701	0.000473	0.000059	89.629418	4.5
1644	5717.309520	0.000278	0.000059	161.815507	4.6
1645	5349.556080	0.000000	0.000059	102.326376	3.5
1646	5385.715801	0.000000	0.000059	237.271869	3.5
1647	5416.583867	0.001836	0.000059	111.045753	3.5
1648	5320.343794	0.003699	0.000059	171.940292	3.5
1649	5413.385447	0.005095	0.000059	160.696836	5.5
1650	5570.774299	0.003824	0.000059	111.820047	5.2
1651	5204.625884	0.005260	0.000059	148.284199	5.6
1652	5606.060347	0.005941	0.000059	208.803291	5.6
1653	5480.209859	0.009427	0.000059	175.475597	5.3
1654	5490.338343	0.013855	0.000059	213.103891	5.3
1655	5667.124298	0.014088	0.000059	83.165967	5.1
1656	5557.391117	0.012978	0.000059	145.155460	4.2
1657	5601.398227	0.013042	0.000059	136.026693	4.0
1658	5555.929932	0.010703	0.000059	208.364072	3.6
1659	5502.097698	0.007688	0.000059	249.660018	3.7
1660	5381.938021	0.016440	0.000059	134.071614	3.7
1661	5487.325528	0.012591	0.000059	170.685769	3.5
1662	5676.832423	0.011110	0.000059	108.691225	3.5
1663	5359.474444	0.012079	0.000059	165.989870	5.4
1664	5323.908804	0.013078	0.000059	164.013633	5.2
1665	5694.147027	0.016496	0.000059	148.430038	5.7
1666	5450.206504	0.013671	0.000059	108.201861	5.0
1667	5905.414255	0.012457	0.000059	261.227906	5.0
1668	5313.778028	0.015136	0.000059	103.459861	5.0
1669	5402.800552	0.015867	0.000059	72.883972	4.0
1670	5504.680158	0.015266	0.000059	145.916118	4.1
1671	5326.158516	0.014899	0.000059	147.541422	3.8
1672	5353.513054	0.014580	0.000059	131.145126	3.7
1673	5507.370378	0.015270	0.000059	99.374280	3.9
1674	5333.605217	0.015291	0.000059	225.146179	4.4
1675	5634.877920	0.015711	0.000059	207.899421	4.3
1676	5476.044129	0.022369	0.000059	86.715928	4.2
1677	5453.473439	0.021762	0.000059	204.628258	2.9
1678	5467.778737	0.021056	0.000059	168.185964	2.9
1679	5537.422471	0.019072	0.000059	240.265354	3.1
1680	5528.128686	0.020136	0.000059	214.992863	3.5
1681	5485.869753	0.023386	0.000059	160.230182	3.5
1682	5254.261789	0.020129	0.000059	214.749840	4.2
1683	5600.316970	0.024684	0.000059	117.945097	2.8
1684	5384.162132	0.027492	0.000059	122.355154	2.7
1685	5518.142054	0.025748	0.000059	221.195241	2.6
1686	5376.264996	0.025775	0.000059	137.094753	2.8
1687	5589.699015	0.027539	0.000059	187.856235	2.8
1688	5740.636181	0.024557	0.000059	225.189572	2.7
1689	5265.221734	0.020228	0.000059	161.995983	2.9
1690	5339.699500	0.025040	0.000059	108.142965	3.0
1691	5526.096423	0.026351	0.000059	105.009135	3.0
1692	5633.245939	0.026347	0.000059	112.899033	3.0
1693	5509.887700	0.024894	0.000059	155.896428	3.1
1694	5490.595212	0.024073	0.000059	68.643808	3.1
1695	5338.271601	0.023202	0.000059	180.366997	3.1
1696	5465.760324	0.023434	0.000059	156.122395	3.3
1697	5296.034287	0.025861	0.000059	137.640514	3.3
1698	5357.629766	0.023174	0.000059	227.929258	3.2
1699	5573.059356	0.023369	0.000059	70.859070	3.2
1700	5562.001023	0.022453	0.000059	105.202650	3.1
1701	5634.748931	0.022196	0.000059	102.314064	3.2
1702	5746.246577	0.022628	0.000059	225.955460	3.3
1703	5149.440403	0.023959	0.000059	107.561560	3.3
1704	5211.018735	0.026235	0.000059	187.802034	3.3
1705	5276.379167	0.023771	0.000059	97.841536	3.4
1706	5442.618489	0.021981	0.000059	76.358408	5.3
1707	5294.382033	0.021811	0.000059	241.969230	4.9
1708	5272.945592	0.021201	0.000059	272.978471	3.9
1709	5442.973190	0.024870	0.000059	120.261797	4.0
1710	5481.158944	0.027894	0.000059	156.210292	4.0
1711	5490.439796	0.025465	0.000059	274.408837	4.0
1712	5352.347607	0.028154	0.000059	112.737227	4.0
1713	5367.893940	0.031709	0.000059	86.200321	4.1
1714	5542.106606	0.030768	0.000059	227.629008	4.1
1715	5494.847237	0.032129	0.000059	82.352094	3.8
1716	5398.568347	0.032109	0.000059	183.232653	3.2
1717	5659.930431	0.030947	0.000059	113.252373	3.2
1718	5491.234784	0.032475	0.000059	146.516239	3.2
1719	5778.498298	0.031966	0.000059	232.463484	3.2
1720	5628.407473	0.029423	0.000059	141.648364	3.4
1721	5660.200871	0.032157	0.000059	187.779259	4.7
1722	5367.419734	0.032044	0.000059	106.972605	5.6
1723	5446.387995	0.032174	0.000059	66.255583	5.4
1724	5660.537017	0.031363	0.000059	61.891022	2.9
1725	5742.352782	0.030812	0.000059	169.702708	2.9
1726	5413.994355	0.030255	0.000059	221.700934	5.4
1727	5356.599124	0.034315	0.000059	220.917281	5.5
1728	5404.153633	0.042153	0.000059	143.899983	5.5
1729	5440.783377	0.045642	0.000059	77.665780	4.1
1730	5508.832857	0.045589	0.000059	122.055619	2.6
1731	5318.272514	0.045554	0.000059	79.572821	4.3
1732	5380.617858	0.044774	0.000059	124.128524	5.1
1733	5349.869656	0.044222	0.000059	90.358127	5.1
1734	5865.808360	0.042754	0.000059	94.944073	4.7
1735	5454.713482	0.042288	0.000059	180.922225	4.4
1736	5374.608046	0.042287	0.000059	154.294311	4.6
1737	5206.411946	0.044434	0.000059	105.732491	4.2
1738	5755.406887	0.042332	0.000059	216.216661	4.0
1739	5385.435664	0.041011	0.000059	111.443161	4.0
1740	5531.713659	0.041878	0.000059	70.065505	4.0
1741	5381.313304	0.041639	0.000059	255.287925	3.2
1742	5373.723168	0.039685	0.000059	114.671800	3.2
1743	5275.659625	0.037520	0.000059	163.782149	3.3
1744	5344.954089	0.035560	0.000059	140.744133	3.3
1745	5511.642553	0.034265	0.000059	182.049498	3.2
1746	5783.592968	0.037295	0.000059	187.037305	3.2
1747	5453.233160	0.033297	0.000059	273.338730	3.3
1748	5432.186382	0.035579	0.000059	152.058193	3.3
1749	5532.547747	0.033453	0.000059	99.817767	3.4
1750	5422.868057	0.034119	0.000059	144.969798	3.5
1751	5450.800344	0.032392	0.000059	100.997345	3.6
1752	5411.530645	0.031431	0.000059	159.884484	3.7
1753	5680.810404	0.032513	0.000059	116.774587	5.4
1754	5462.895183	0.031642	0.000059	70.159254	5.5
1755	5457.640151	0.031639	0.000059	118.464429	5.5
1756	5403.126058	0.031293	0.000059	123.925040	5.2
1757	5525.018155	0.029440	0.000059	111.142601	4.9
1758	5463.897479	0.030416	0.000059	192.816620	4.9
1759	5174.296844	0.027905	0.000059	147.841044	4.4
1760	5544.897653	0.028189	0.000059	321.719269	4.6
1761	5288.205049	0.029091	0.000059	110.952410	6.1
1762	5355.338318	0.033563	0.000059	73.905226	5.5
1763	5728.052344	0.033449	0.000059	199.250238	3.2
1764	5366.083508	0.032419	0.000059	96.948927	3.3
1765	5481.982626	0.033546	0.000059	171.306335	5.5
1766	5520.027477	0.031471	0.000059	150.157977	5.5
1767	5578.034223	0.032421	0.000059	144.233262	5.5
1768	5662.551036	0.030553	0.000059	234.239003	5.6
1769	5791.541577	0.027240	0.000059	193.256036	5.1
1770	5480.636084	0.032176	0.000059	272.666323	4.4
1771	5456.003431	0.027223	0.000059	168.073166	5.1
1772	5631.882916	0.022261	0.000059	93.372998	5.6
1773	5293.870298	0.022007	0.000059	236.451558	5.3
1774	5245.120748	0.021375	0.000059	142.167928	5.4
1775	5425.593750	0.020217	0.000059	93.305904	6.0
1776	5280.853992	0.019676	0.000059	171.617783	5.0
1777	5276.206312	0.018038	0.000059	213.670510	5.6
1778	5471.401486	0.021837	0.000059	188.509393	5.6
1779	5477.603849	0.017607	0.000059	188.790313	5.4
1780	5576.975090	0.014498	0.000059	80.847515	4.2
1781	5213.509447	0.014035	0.000059	101.286054	4.4
1782	5554.489511	0.012948	0.000059	135.914091	3.9
1783	5385.378969	0.013067	0.000059	68.875552	3.8
1784	5374.226004	0.012142	0.000059	105.789395	3.9
1785	5487.918030	0.011576	0.000059	248.593165	3.4
1786	5442.309501	0.008584	0.000059	150.321618	3.5
1787	5079.305781	0.005231	0.000059	301.045551	5.6
1788	5713.283696	0.012132	0.000059	77.308766	5.6
1789	5403.740312	0.012399	0.000059	154.360421	5.3
1790	5600.257340	0.012671	0.000059	197.665091	4.2
1791	5583.261583	0.014630	0.000059	95.854874	4.7
1792	5589.488261	0.012522	0.000059	192.653124	5.4
1793	5390.424257	0.012682	0.000059	81.441777	5.4
1794	5613.813242	0.012108	0.000059	176.414246	5.3
1795	5408.273230	0.012868	0.000059	202.941769	4.1
1796	5622.535300	0.009425	0.000059	244.756486	4.2
1797	5537.414858	0.005695	0.000059	141.570828	3.9
1798	5519.525720	0.006339	0.000059	161.010417	3.4
1799	5380.554511	0.007844	0.000059	134.301653	3.4
1800	5330.479439	0.009101	0.000059	269.646837	3.3
1801	5199.296732	0.005009	0.000059	161.779345	3.2
1802	5697.654361	0.001605	0.000059	65.388757	3.1
1803	5396.364078	0.001507	0.000059	378.154962	3.3
1804	5654.137199	0.001397	0.000059	280.622330	3.5
1805	5386.574613	0.026067	0.000059	137.781423	3.4
1806	5438.892164	0.031006	0.000059	224.818888	3.4
1807	5244.177640	0.027435	0.000059	98.120721	3.3
1808	5463.396586	0.026666	0.000059	106.283514	3.3
1809	5584.870958	0.027345	0.000059	273.161683	3.5
1810	5420.579689	0.028634	0.000059	65.725969	3.6
1811	5669.718098	0.028601	0.000059	251.535430	3.7
1812	5479.716232	0.028656	0.000059	176.395834	3.6
1813	5433.789034	0.024967	0.000059	109.550536	3.7
1814	5527.467333	0.023087	0.000059	142.815863	3.8
1815	5225.750800	0.021519	0.000059	254.756797	3.1
1816	5450.640085	0.024728	0.000059	113.096517	3.0
1817	5585.192408	0.026162	0.000059	121.516780	3.0
1818	5280.911013	0.024830	0.000059	145.992852	3.0
1819	5396.820348	0.022452	0.000059	230.945381	3.1
1820	5513.252908	0.025901	0.000059	76.945706	3.2
1821	5307.527849	0.026333	0.000059	164.970679	3.1
1822	5325.019253	0.026375	0.000059	98.623387	7.7
1823	5315.981080	0.024453	0.000059	175.982641	2.9
1824	5301.469847	0.022290	0.000059	194.143109	2.7
1825	5213.864809	0.018323	0.000059	197.284329	2.6
1826	5308.067585	0.023802	0.000059	162.738749	4.7
1827	5417.131474	0.020507	0.000059	260.974435	5.2
1828	5366.497483	0.015947	0.000059	148.806880	5.0
1829	5282.880070	0.016400	0.000059	98.468235	5.2
1830	5483.096124	0.017255	0.000059	95.967098	5.4
1831	5658.181265	0.016551	0.000059	109.572207	4.5
1832	5755.304415	0.015518	0.000059	242.226840	3.0
1833	5506.346297	0.012385	0.000059	186.830163	3.6
1834	5466.555656	0.011749	0.000059	107.878747	3.5
1835	5569.999622	0.013307	0.000059	163.405684	3.5
1836	5552.391922	0.014751	0.000059	113.384584	3.6
1837	5436.601959	0.014407	0.000059	74.893648	3.5
1838	5139.738653	0.014587	0.000059	122.524558	3.8
1839	5359.754946	0.013573	0.000059	95.874724	3.9
1840	5378.619156	0.012462	0.000059	194.295757	4.0
1841	5248.496866	0.012184	0.000059	154.070088	3.8
1842	5624.196574	0.009279	0.000059	117.133642	3.9
1843	5407.463666	0.009057	0.000059	171.978669	3.7
1844	5179.504860	0.007611	0.000059	89.729543	3.6
1845	5390.307759	0.007078	0.000059	256.591325	3.6
1846	5471.535625	0.009128	0.000059	102.578009	3.5
1847	5551.587846	0.010932	0.000059	178.886564	3.4
1848	5407.830950	0.012687	0.000059	202.940600	3.5
1849	5770.812053	0.015411	0.000059	118.465126	3.4
1850	5064.219044	0.017409	0.000059	171.988922	3.4
1851	5518.837450	0.017883	0.000059	241.425975	3.3
1852	5543.212018	0.022847	0.000059	193.516876	3.3
1853	5402.153417	0.017698	0.000059	100.481135	3.3
1854	5681.034832	0.018605	0.000059	143.244889	3.3
1855	5472.737522	0.018849	0.000059	152.475066	3.6
1856	5191.454007	0.020447	0.000059	153.485080	3.6
1857	5520.681682	0.017458	0.000059	98.730368	3.7
1858	5380.266783	0.017456	0.000059	101.051088	3.4
1859	5312.033024	0.016504	0.000059	186.890530	3.5
1860	5472.969361	0.015637	0.000059	84.968185	3.7
1861	5646.658387	0.016305	0.000059	186.816521	3.3
1862	5449.248063	0.015630	0.000059	132.578252	3.3
1863	5550.020644	0.015279	0.000059	84.400800	3.3
1864	5525.294253	0.014088	0.000059	115.758186	3.5
1865	5319.161601	0.014553	0.000059	413.179859	3.4
1866	5513.250186	0.014905	0.000059	252.730743	3.5
1867	5321.457915	0.039151	0.000059	327.405290	4.7
1868	5507.722299	0.058633	0.000059	143.989800	6.0
1869	5491.269682	0.065579	0.000059	71.271748	5.3
1870	5392.345809	0.065284	0.000059	103.122877	5.0
1871	5633.978969	0.064481	0.000059	268.709444	5.0
1872	5459.720122	0.066940	0.000059	189.080535	4.8
1873	5441.294167	0.062081	0.000059	138.171441	3.8
1874	5687.843265	0.064175	0.000059	170.302025	4.1
1875	5640.147956	0.061351	0.000059	129.485262	3.4
1876	5512.325236	0.058583	0.000059	69.373447	3.4
1877	5680.450360	0.058401	0.000059	134.252721	3.8
1878	5486.466229	0.057455	0.000059	144.056515	5.5
1879	5058.389702	0.055144	0.000059	157.478905	4.9
1880	5523.571659	0.055098	0.000059	134.633584	5.0
1881	5453.458818	0.054582	0.000059	286.985451	5.2
1882	5563.861980	0.058018	0.000059	89.030888	5.3
1883	5459.339417	0.059043	0.000059	90.359836	5.3
1884	5216.082964	0.058982	0.000059	303.285207	4.1
1885	5469.828958	0.061723	0.000059	175.531138	4.1
1886	5843.665336	0.056283	0.000059	194.031517	5.1
1887	5326.227287	0.061140	0.000059	259.843579	5.5
1888	5541.866034	0.056796	0.000059	161.219652	5.3
1889	5401.983206	0.063351	0.000059	77.590215	4.9
1890	5326.359863	0.064028	0.000059	183.066923	5.0
1891	5012.322451	0.064727	0.000059	66.532517	5.7
1892	5097.785063	0.064292	0.000059	286.795508	5.4
1893	5238.445654	0.063518	0.000059	112.967659	5.5
1894	5287.752861	0.062714	0.000059	318.964198	5.4
1895	5345.293767	0.060135	0.000059	176.382834	5.3
1896	5466.294850	0.056746	0.000059	80.789252	5.4
1897	5594.539299	0.057694	0.000059	152.616342	4.7
1898	5470.154406	0.058373	0.000059	107.632943	4.1
1899	5491.464547	0.056284	0.000059	294.322088	4.2
1900	5585.812473	0.059535	0.000059	228.544553	3.6
1901	5484.932540	0.073424	0.000059	159.899826	3.6
1902	5448.397137	0.075915	0.000059	150.472241	3.6
1903	5439.964731	0.073644	0.000059	161.069545	3.5
1904	5214.704040	0.075718	0.000059	312.815972	3.4
1905	5531.050760	0.083915	0.000059	78.141867	3.3
1906	5256.473608	0.082877	0.000059	151.482172	3.3
1907	5347.300092	0.083303	0.000059	195.589943	3.2
1908	5463.696559	0.084034	0.000059	175.273399	3.3
1909	5593.590683	0.079940	0.000059	108.011521	3.3
1910	5455.954432	0.079966	0.000059	240.215645	3.3
1911	5596.802214	0.081189	0.000059	130.821924	3.0
1912	5627.681526	0.081927	0.000059	135.482422	2.7
1913	5113.334770	0.079743	0.000059	299.586699	9.4
1914	5142.819948	0.079217	0.000059	63.109864	2.9
1915	5357.429372	0.078931	0.000059	141.662745	3.0
1916	5646.519319	0.077952	0.000059	201.309275	4.1
1917	5462.759602	0.078684	0.000059	154.669074	4.2
1918	5414.667482	0.076714	0.000059	106.772460	4.0
1919	5630.020808	0.076061	0.000059	124.739901	3.9
1920	5484.990643	0.076526	0.000059	70.263592	3.8
1921	5383.989583	0.076270	0.000059	118.996023	3.2
1922	5492.948196	0.075973	0.000059	93.853178	3.0
1923	5624.641555	0.075384	0.000059	221.808903	3.0
1924	5366.012888	0.077286	0.000059	62.242833	3.4
1925	5636.189866	0.076593	0.000059	142.775560	3.2
1926	5251.854033	0.076628	0.000059	69.340235	3.1
1927	5511.275059	0.076864	0.000059	130.591819	3.2
1928	5153.814575	0.076078	0.000059	247.993453	3.3
1929	5307.407402	0.080311	0.000059	135.393611	3.2
1930	5340.601609	0.080550	0.000059	165.716387	3.2
1931	5258.910184	0.078658	0.000059	120.514889	4.2
1932	5428.673536	0.079099	0.000059	92.677135	3.8
1933	5301.296857	0.079865	0.000059	140.158688	3.4
1934	5411.886042	0.078432	0.000059	128.627552	3.4
1935	5646.883419	0.079627	0.000059	242.353437	3.5
1936	5390.086672	0.076073	0.000059	81.595867	3.3
1937	5647.962041	0.077482	0.000059	173.286509	3.3
1938	5436.016637	0.077649	0.000059	336.365439	3.4
1939	5345.410881	0.081845	0.000059	133.130076	3.6
1940	5672.662388	0.087914	0.000059	92.287194	3.6
1941	5382.085660	0.087547	0.000059	63.611969	3.5
1942	5308.431401	0.087067	0.000059	135.358429	3.5
1943	5516.987413	0.086671	0.000059	169.208948	3.6
1944	5356.241979	0.083847	0.000059	157.137321	5.6
1945	5195.965110	0.085303	0.000059	60.124709	5.6
1946	5601.440051	0.085366	0.000059	199.008859	5.5
1947	5451.312686	0.085315	0.000059	127.282563	5.1
1948	5216.547963	0.082290	0.000059	231.226884	5.3
1949	5396.483364	0.085089	0.000059	105.883367	5.2
1950	5388.097938	0.082109	0.000059	261.636416	4.2
1951	5440.450409	0.085400	0.000059	94.940837	4.2
1952	5454.749950	0.087946	0.000059	145.567948	4.0
1953	5110.264589	0.086417	0.000059	172.060013	4.0
1954	5539.404132	0.083320	0.000059	119.577419	3.9
1955	5545.997547	0.083048	0.000059	348.498295	3.5
1956	5449.638963	0.081179	0.000059	141.896606	3.5
1957	5169.503244	0.087318	0.000059	129.859833	3.6
1958	5312.998361	0.086250	0.000059	148.606922	3.7
1959	5279.051270	0.087933	0.000059	102.057891	3.9
1960	5271.721956	0.088151	0.000059	107.382095	3.9
1961	5374.746551	0.086621	0.000059	99.022217	3.8
1962	5432.954611	0.085488	0.000059	121.771386	3.8
1963	5267.510740	0.084903	0.000059	93.954455	3.9
1964	5206.375462	0.083729	0.000059	90.438910	3.9
1965	5162.324853	0.083742	0.000059	141.125884	4.0
1966	5569.766326	0.084249	0.000059	120.712085	3.7
1967	5299.753673	0.083291	0.000059	72.866762	3.8
1968	5519.842341	0.083084	0.000059	81.039321	3.5
1969	5435.198517	0.082302	0.000059	183.305900	3.5
1970	5412.193206	0.082810	0.000059	182.917424	3.3
1971	5238.159282	0.085019	0.000059	159.943039	3.4
1972	5330.207977	0.088723	0.000059	103.311175	4.4
1973	5373.372073	0.086547	0.000059	60.542869	3.9
1974	5726.042438	0.086696	0.000059	95.185607	3.6
1975	5343.292697	0.086117	0.000059	87.664830	3.1
1976	5434.284328	0.085084	0.000059	143.154015	3.0
1977	5095.835700	0.084600	0.000059	130.269884	2.7
1978	5348.083100	0.086406	0.000059	168.037192	2.7
1979	5534.732331	0.088569	0.000059	213.819023	2.7
1980	5370.619788	0.084518	0.000059	65.584141	2.5
1981	4988.877503	0.083143	0.000059	90.781421	2.8
1982	5432.234307	0.082892	0.000059	103.995536	5.5
1983	5303.338046	0.081673	0.000059	159.031359	5.0
1984	5496.658293	0.081506	0.000059	133.027983	5.0
1985	5421.281035	0.082523	0.000059	157.193202	4.4
1986	5389.131925	0.085131	0.000059	152.115579	3.5
1987	5330.061965	0.082576	0.000059	149.982006	3.7
1988	5587.355781	0.084957	0.000059	124.381155	4.1
1989	5421.589952	0.082777	0.000059	222.466254	3.9
1990	5481.074364	0.080490	0.000059	202.000388	3.2
1991	5627.113833	0.086488	0.000059	109.802768	3.3
1992	5551.392531	0.086169	0.000059	94.339291	3.3
1993	5450.416468	0.085572	0.000059	180.290480	3.2
1994	5443.669110	0.084912	0.000059	299.506018	3.2
1995	5483.561694	0.085770	0.000059	157.873545	3.2
1996	5402.478659	0.089993	0.000059	77.452285	3.3
1997	5584.357570	0.090123	0.000059	131.921098	3.3
1998	5126.264155	0.090405	0.000059	180.378695	3.3
1999	5380.605282	0.087369	0.000059	146.520002	3.1
